3 35 70
6 243 254
9 187 283
15 185 223
18 49 105
21 123 289
24 123 174
27 11 224
30 102 214
33 3 123
36 8 102
39 4 250
42 33 39
45 38 250
48 38 178
51 6 38
54 45 72
57 45 50
60 45 221
63 63 81
66 11 95
69 15 116
72 15 279
75 25 33
78 206 221
81 183 206
84 195 254
87 198 250
90 95 110
93 35 273
96 45 131
99 32 33
105 9 113
108 91 279
111 9 164
114 12 254
117 204 273
120 152 165
123 289 299
126 68 196
129 240 273
132 118 265
135 118 258
138 50 176
141 176 218
144 80 209
147 41 80
150 223 228
153 41 260
156 174 245
159 46 228
162 46 295
165 6 44
168 32 91
171 16 73
174 247 265
177 146 183
180 11 86
183 67 87
186 152 194
189 68 222
192 13 286
195 18 174
198 109 151
201 47 198
204 12 78
207 228 276
210 67 96
213 173 222
216 73 210
219 124 258
222 10 109
225 15 145
228 9 237
231 130 146
234 182 218
237 161 176
240 25 248
243 152 230
246 95 288
249 124 130
255 44 66
258 17 86
261 194 195
267 62 88
270 135 178
273 84 126
276 126 290
279 26 173
282 48 262
285 2 237
288 248 291
291 168 291
294 13 275
297 148 210
300 51 275
303 47 89
306 12 177
309 76 177
312 22 288
315 22 166
318 2 127
321 127 236
324 100 236
327 100 271
330 37 295
333 2 53
336 53 235
339 170 234
342 234 242
345 58 235
351 83 238
354 61 66
357 10 268
360 84 115
363 37 173
369 139 238
372 43 139
375 43 55
378 55 239
381 10 244
384 4 108
387 60 189
390 68 296
393 244 285
396 85 96
399 30 240
402 242 284
405 179 284
408 17 287
411 28 286
414 43 202
417 210 294
420 154 202
423 20 129
426 153 285
429 82 153
432 82 94
435 100 150
438 150 172
441 64 148
444 127 297
447 14 164
450 159 283
453 20 232
456 129 264
459 5 233
462 34 233
465 24 175
468 19 115
471 114 175
474 28 136
477 101 136
480 34 205
483 90 205
486 75 205
489 114 190
492 75 280
495 101 117
498 48 158
501 90 277
504 158 257
507 98 159
510 111 154
513 111 188
516 137 280
519 134 137
522 134 270
525 229 270
528 65 229
531 200 284
534 106 200
537 106 142
540 142 163
543 7 163
546 7 217
549 140 217
552 122 140
555 217 253
558 85 121
561 79 253
564 179 269
567 132 269
570 125 132
573 42 125
576 42 157
579 157 293
582 133 226
585 181 264
588 197 287
591 197 227
594 21 121
597 21 180
600 180 251
603 234 256
606 216 253
609 79 274
612 122 144
615 52 190
618 52 249
621 105 193
624 121 201
627 201 207
630 169 238
633 1 159
636 1 191
639 162 191
642 156 162
645 92 156
648 0 21
651 0 241
654 119 241
657 97 119
660 88 220
663 97 252
666 5 27
669 105 266
672 88 149
675 59 149
678 149 160
681 104 249
684 167 257
687 167 231
690 160 208
693 40 208
696 104 203
699 40 298
702 226 278
705 99 278
708 99 103
711 103 138
714 143 249
717 203 263
720 23 263
723 23 246
726 215 246
729 215 259
732 141 215
735 141 219
738 77 298
741 211 220
744 211 261
747 255 261
750 147 261
753 74 147
756 74 184
759 184 192
762 192 213
765 255 292
768 120 292
771 120 128
774 169 225
777 225 281
780 71 281
783 93 281
786 57 93
789 167 267
792 107 167
795 138 272
798 171 272
801 56 272
804 171 212
807 186 212
810 69 186
813 54 212
816 54 112
