50
1 2 5 17
0 3 18 5
1 3 3 11
1 2 6 12
0 2 2 11
1 17 2 0
0 15 2 4
0 7 3 2
0 11 6 0
0 11 4 5
0 5 4 2
0 4 7 6
0 1 10 0
0 3 7 11
0 13 2 11
0 4 12 10
0 10 5 5
0 2 18 11
1 9 10 1
0 5 15 4
1 4 18 18
0 12 18 0
0 4 8 18
1 8 18 6
0 6 1 11
1 0 6 13
0 9 5 3
0 8 19 13
1 2 3 11
1 5 7 17
1 6 3 3
0 17 18 9
0 9 10 11
1 10 4 2
0 17 3 5
0 4 6 5
1 4 6 2
0 16 18 3
0 5 12 3
1 12 16 14
1 4 8 12
0 6 10 7
0 6 19 15
1 5 5 16
0 18 15 16
1 17 14 5
0 2 6 11
1 2 4 3
0 1 18 0
0 16 4 19
10
19 0 0
6 4 1
19 4 2
0 14 3
1 19 4
9 19 5
3 18 6
0 16 7
12 6 8
19 14 9
