33 33
39 39
95 95
36 36
68 68
74 74
19 95
55 55
70 70
29 29
30 30
8 8
48 48
85 85
76 76
53 53
47 47
35 35
0 0
42 42
28 28
46 95
56 56
62 62
98 98
63 63
13 13
60 60
83 83
77 77
6 6
92 92
23 23
14 14
64 64
88 88
32 32
72 72
51 51
65 65
1 1
96 96
26 26
24 24
73 73
78 78
44 44
66 66
9 9
45 45
57 57
11 11
49 49
61 61
97 97
94 94
20 20
89 89
87 87
17 17
84 84
50 50
4 4
38 38
22 95
31 31
90 90
71 71
86 86
27 27
18 18
25 25
10 10
37 37
21 21
2 2
52 52
79 79
41 41
5 5
82 82
43 43
7 7
81 81
93 93
75 75
58 58
16 16
15 15
91 91
54 54
67 95
80 80
99 99
3 3
40 40
69 69
59 59
12 12
34 34
