V 4 0 4 9
V 0 18 6 1
H 0 18 20 2
V 13 13 4 7
H 12 11 5 8
H 0 9 3 10
H 0 3 20 2
V 0 0 2 5
H 2 18 1 2
V 2 19 2 1
H 5 15 15 2
V 18 5 2 14
V 1 1 4 2
H 0 0 5 2
V 3 1 10 18
H 3 0 1 2
H 6 0 14 4
H 10 14 5 6
V 2 2 6 14
H 7 0 13 4
H 8 0 3 6
V 9 0 2 1
H 1 1 3 8
V 2 1 2 18
V 1 4 2 1
V 12 0 8 5
V 14 0 6 2
V 11 0 2 8
H 10 0 3 8
V 5 7 8 11
H 12 17 1 2
H 10 12 1 8
V 8 2 6 15
H 13 12 1 8
V 6 14 8 4
H 13 15 1 4
V 3 2 8 12
H 5 1 8 2
V 0 7 6 4
H 0 9 2 2
V 14 13 4 3
H 15 14 1 6
V 15 17 2 1
V 3 12 2 5
H 4 8 3 12
V 0 10 12 2
H 1 7 5 4
H 5 16 5 4
V 7 15 8 3
V 1 14 2 4
H 2 4 10 14
H 2 2 18 6
H 2 1 1 4
V 1 9 12 1
H 12 4 8 10
H 13 6 1 12
H 3 9 3 2
V 2 2 2 8
H 3 2 2 10
H 2 3 18 6
V 1 5 2 3
H 13 0 1 10
V 1 6 2 1
H 2 5 1 4
V 2 3 2 5
H 0 6 3 2
H 10 1 7 6
V 12 1 2 16
H 16 0 2 4
V 15 0 2 2
V 2 5 8 2
H 2 5 8 2
V 0 6 4 1
H 0 5 1 2
V 12 3 4 11
H 15 1 2 6
V 14 4 6 5
H 16 4 4 2
V 12 12 8 1
H 16 12 4 2
V 17 0 2 20
H 18 13 1 4
V 0 12 4 1
H 3 7 15 8
V 11 1 2 15
V 6 1 6 15
H 8 0 1 2
H 6 1 5 4
V 0 3 8 1
H 2 2 1 2
V 7 2 12 4
V 15 3 2 2
H 16 0 2 8
V 17 1 2 2
H 17 0 2 2
V 18 3 2 2
H 19 2 1 2
H 15 4 4 6
V 18 6 2 5
H 6 2 2 4
V 2 4 10 1
H 15 6 2 6
V 13 6 6 2
H 14 0 1 12
V 13 3 4 2
H 14 1 1 4
V 16 3 2 1
H 17 0 1 6
V 0 14 14 1
H 1 14 3 2
V 1 15 2 1
H 2 12 1 8
V 1 11 10 8
H 5 18 5 2
V 2 14 2 5
H 3 9 7 10
V 8 15 4 4
H 11 18 1 2
H 2 14 10 2
V 1 11 2 4
H 2 13 16 2
V 4 17 8 2
H 11 17 1 2
H 11 15 2 2
H 9 16 1 2
V 9 17 2 1
H 14 14 1 4
V 10 3 6 13
V 2 12 10 2
H 0 12 18 2
V 3 11 2 3
H 3 10 1 6
H 3 11 2 8
V 2 12 2 1
H 3 12 1 2
V 3 11 2 2
H 1 15 1 4
V 1 17 4 1
V 4 17 6 1
V 5 17 4 1
H 14 10 1 10
V 6 11 12 4
H 8 10 2 10
V 6 18 6 1
V 7 15 4 1
V 13 11 6 1
V 1 11 10 1
H 2 11 1 2
V 17 8 2 3
H 17 10 1 2
V 16 9 4 2
H 17 9 3 2
H 6 13 4 6
V 9 2 2 13
V 7 11 8 3
V 10 1 2 12
H 10 11 1 2
H 6 5 3 8
V 8 12 2 5
H 3 3 8 4
V 5 3 2 14
V 7 4 2 14
H 7 12 2 4
H 11 11 1 2
V 8 11 4 1
V 9 7 8 4
H 11 10 6 2
V 4 13 6 3
H 4 9 2 8
V 3 11 6 1
V 1 11 4 1
H 4 4 1 8
V 3 7 2 1
H 13 9 2 2
V 9 9 10 1
H 18 9 1 2
H 5 4 1 10
H 11 9 5 4
V 8 10 6 1
V 12 7 4 5
H 15 10 1 2
H 13 13 3 4
H 14 12 2 4
H 7 5 10 4
V 13 3 6 3
H 3 5 15 2
H 11 6 2 8
V 10 11 2 1
H 13 4 4 4
V 11 5 6 2
H 14 2 1 6
V 14 5 2 3
H 6 4 9 2
V 13 2 2 4
V 14 4 2 1
H 6 2 8 4
V 3 5 6 1
H 4 0 1 10
V 6 3 6 1
H 7 1 6 4
H 3 3 1 2
V 0 3 4 1
H 0 0 2 4
V 6 6 14 1
H 12 2 1 6
V 10 3 8 1
H 16 3 4 2
H 4 7 4 10
V 7 9 2 1
V 5 15 4 2
H 5 15 1 2
V 4 13 6 3
H 6 15 2 2
H 4 11 1 6
H 7 16 1 2
V 6 17 4 1
H 3 14 2 2
V 3 15 2 1
V 2 11 6 1
H 4 9 4 4
V 4 7 8 1
H 8 7 1 2
H 4 10 2 2
V 0 11 8 1
H 1 11 1 2
V 3 14 6 1
V 4 13 6 2
H 9 4 5 6
V 4 7 12 1
H 4 2 1 6
H 4 5 1 4
H 4 5 1 2
V 5 7 4 1
H 6 7 2 8
V 3 14 6 1
H 6 10 1 6
V 4 18 6 1
H 9 17 1 2
H 9 15 1 4
V 6 15 4 1
V 6 12 2 4
H 6 12 2 2
H 4 13 5 2
V 13 10 2 5
V 12 13 6 1
H 17 12 1 2
V 16 12 4 1
V 1 6 8 1
H 7 5 1 6
V 9 6 6 3
H 14 6 1 8
H 11 2 3 6
V 10 3 8 1
H 17 3 3 2
H 11 5 2 10
V 1 6 10 1
H 4 6 4 2
H 6 4 4 4
V 9 4 2 1
H 10 0 1 8
H 16 12 2 2
V 11 13 6 1
H 12 12 2 2
V 12 13 4 4
V 11 8 4 1
H 12 6 3 6
H 12 0 1 12
H 12 5 2 6
H 12 1 1 8
H 10 8 3 2
V 9 8 6 1
V 11 6 4 1
H 12 2 1 6
V 7 3 12 1
H 18 3 2 2
V 14 13 2 4
H 15 13 1 4
V 13 14 6 2
V 16 14 4 1
H 16 14 2 4
V 14 16 6 1
H 17 16 3 4
V 12 14 6 3
H 12 13 1 4
V 11 12 2 2
V 8 13 2 1
V 4 13 6 1
H 5 10 1 4
H 5 6 1 10
V 4 6 14 1
H 12 3 1 12
V 11 12 2 1
H 11 2 2 4
H 11 3 1 8
H 5 7 1 6
V 5 5 6 3
H 12 7 1 10
V 11 7 2 3
H 12 6 1 6
V 11 6 4 2
H 14 7 1 2
H 12 4 1 8
V 10 6 6 2
H 15 7 2 4
H 15 9 1 2
V 13 6 6 1
H 13 2 1 6
V 11 3 8 1
H 16 2 3 2
H 16 1 3 2
H 12 3 1 10
V 11 8 2 1
V 9 3 4 2
H 9 3 2 8
H 10 1 1 6
H 9 2 2 6
V 9 6 2 2
H 8 1 2 6
V 9 4 2 3
H 8 2 1 2
V 6 3 10 1
H 13 2 1 2
H 7 3 2 4
H 7 4 1 4
V 3 6 6 1
H 5 6 1 2
H 10 4 4 2
V 9 5 2 1
H 9 1 1 10
V 9 10 2 1
V 10 3 8 1
H 12 3 1 6
V 12 6 8 1
H 15 6 3 4
H 16 7 1 4
V 14 6 6 1
H 16 6 2 2
H 15 6 2 4
V 16 6 2 2
H 16 7 1 2
V 12 6 6 2
H 11 4 3 4
H 12 3 2 4
H 12 5 1 2
V 8 5 6 1
H 9 3 1 8
V 9 9 2 1
H 16 2 2 2
V 14 3 6 1
H 14 3 1 2
V 13 4 2 1
H 9 4 5 2
V 11 4 4 1
H 12 4 1 2
H 7 3 1 4
V 1 6 8 1
H 3 3 1 4
H 3 3 1 2
V 3 3 2 1
H 4 2 1 2
H 4 1 1 2
V 5 5 4 2
H 5 5 3 2
V 0 6 10 1
V 12 14 2 3
V 12 14 8 1
H 17 12 1 4
V 17 12 2 1
H 7 3 1 4
V 6 4 8 1
H 11 2 1 6
V 11 6 4 2
H 11 3 1 4
V 7 4 8 1
V 6 3 2 2
V 7 3 6 1
H 7 3 3 2
V 7 2 4 3
V 6 5 4 1
H 8 4 1 2
V 8 1 2 1
H 9 1 1 6
H 10 3 1 2
V 9 3 2 1
V 6 8 2 1
H 6 5 1 6
V 6 5 2 1
V 11 6 4 1
H 11 2 1 6
V 10 2 2 4
H 7 2 2 2
V 6 2 6 1
H 11 1 1 6
V 8 5 4 1
V 8 5 2 2
H 9 5 1 2
V 9 5 2 1
V 10 4 2 2
H 11 5 1 2
V 11 6 8 1
H 8 13 1 2
H 8 14 1 2
V 8 15 2 1
H 9 15 1 4
H 9 17 1 2
V 5 18 6 1
H 6 17 1 2
H 9 5 1 6
V 4 6 6 1
H 6 5 1 6
V 5 9 2 2
H 5 8 1 8
V 5 13 4 1
H 7 12 1 4
V 4 10 2 5
V 3 14 2 1
H 3 14 1 2
H 1 15 3 2
V 2 16 2 1
H 1 15 2 4
V 0 15 4 1
H 3 14 1 2
V 3 14 2 1
V 4 10 2 5
H 5 10 1 6
H 0 12 1 2
H 0 11 1 2
V 0 11 4 1
V 1 11 4 1
H 4 11 1 4
H 4 13 2 2
V 3 14 2 1
H 3 14 1 2
H 1 15 3 2
V 11 6 2 2
H 11 4 1 4
H 11 2 1 6
V 8 2 4 1
H 8 1 2 2
V 10 2 2 1
H 11 2 1 4
V 11 3 2 2
V 11 4 4 1
H 14 3 1 2
V 14 3 6 1
H 17 2 2 2
H 4 10 1 2
V 4 10 4 1
H 6 5 1 6
H 6 6 1 2
V 1 6 8 1
V 1 6 2 1
H 1 6 1 2
H 0 7 2 2
V 4 6 6 1
H 9 5 1 2
V 9 5 2 1
V 10 5 2 1
H 11 4 1 4
V 3 3 2 1
H 3 3 1 2
H 3 3 1 4
V 2 6 8 1
V 6 6 4 1
H 9 5 1 2
V 9 5 2 1
H 10 4 1 2
V 10 4 2 2
H 11 1 1 6
V 5 6 2 1
H 6 6 1 4
H 6 7 1 4
V 4 10 4 1
H 4 10 1 4
V 4 12 2 3
H 4 11 1 4
V 3 14 2 1
H 3 14 1 2
V 0 15 4 1
H 1 15 1 4
H 1 16 1 4
V 0 15 4 1
H 3 14 1 2
V 3 14 2 1
H 4 11 1 4
H 4 10 1 4
V 4 10 4 1
H 6 7 1 4
V 4 8 4 1
H 15 8 1 2
H 15 7 1 2
V 14 7 2 1
H 14 6 1 2
V 11 6 4 1
H 12 6 1 10
H 12 7 1 10
V 12 14 4 3
H 14 14 1 6
V 14 19 2 1
V 12 14 6 3
H 12 7 1 10
H 12 6 1 8
V 11 6 4 1
H 14 6 1 2
V 14 7 4 1
V 16 6 2 2
H 17 6 1 4
V 17 9 2 1
H 14 6 1 2
V 11 6 4 1
H 12 6 1 10
H 12 10 1 6
V 11 14 2 1
V 4 10 4 1
H 4 10 1 4
H 4 11 1 4
V 3 14 2 1
H 3 14 1 2
V 0 15 4 1
V 0 15 2 1
H 17 12 1 4
V 12 15 6 1
V 12 15 4 2
H 12 8 1 8
H 12 6 1 10
V 11 6 2 1
H 11 5 1 2
V 10 4 2 2
V 9 5 2 1
H 9 5 1 6
H 9 7 1 4
H 4 12 1 2
H 4 10 1 4
V 4 10 4 1
H 6 7 1 4
H 6 6 1 4
V 4 6 6 1
H 9 5 1 4
H 9 8 1 2
V 4 10 2 1
H 4 10 1 4
H 4 11 1 4
V 3 14 2 1
H 3 14 1 2
V 2 15 2 1
V 1 15 2 3
H 10 4 1 2
V 9 5 2 1
H 9 5 1 2
V 2 6 8 1
V 3 6 4 1
H 3 3 1 4
H 3 3 1 2
V 1 3 4 1
V 0 3 2 1
H 1 6 1 2
V 1 6 2 1
V 2 6 8 1
H 6 6 1 4
H 6 7 1 4
V 4 10 4 1
H 4 10 1 2
V 1 11 4 1
V 0 11 4 1
H 0 11 1 2
H 0 12 1 2
V 0 13 2 1
H 7 13 2 2
V 6 13 4 1
V 4 13 4 1
H 4 11 1 4
V 1 11 4 1
V 0 11 4 1
H 0 11 1 2
H 0 12 1 2
H 14 10 1 2
H 14 9 1 2
V 14 9 2 1
H 15 8 1 2
H 15 7 1 2
V 14 7 2 1
H 14 6 1 2
V 11 6 4 1
H 12 6 1 10
H 12 8 1 8
V 12 15 4 1
V 12 15 6 1
H 17 12 1 8
H 15 7 1 2
V 14 7 2 1
H 14 6 1 2
V 11 6 4 1
H 12 6 1 8
H 12 6 1 10
H 1 6 1 2
V 1 6 4 1
V 2 6 6 1
H 6 5 1 6
H 5 9 2 2
V 4 10 4 1
H 4 10 1 4
H 4 11 1 4
V 4 14 2 1
H 5 14 1 2
V 18 6 2 1
V 16 6 4 1
H 16 6 1 2
V 14 7 4 1
H 14 6 1 2
V 11 6 4 1
V 11 6 2 1
H 11 5 1 2
V 10 5 2 1
V 9 5 2 1
H 9 5 1 2
H 9 5 1 4
V 1 11 4 1
H 4 10 1 2
V 4 10 4 1
H 6 5 1 6
H 6 6 1 2
V 4 6 6 1
H 9 6 1 2
H 8 13 1 2
V 7 13 2 1
V 4 13 6 1
H 4 11 1 4
H 4 10 1 2
V 4 10 4 1
H 6 7 1 4
H 6 6 1 4
V 4 6 6 1
H 9 5 1 2
V 9 5 2 1
H 10 4 1 2
H 6 7 1 4
V 4 10 4 1
H 4 10 1 2
H 4 11 1 4
V 4 13 6 1
H 7 13 1 2
V 7 14 2 1
H 8 14 1 2
V 8 15 2 1
H 9 15 1 2
H 9 16 1 4
V 5 18 6 1
H 5 18 2 2
H 19 8 1 2
V 18 8 2 1
V 17 8 2 1
H 17 7 1 2
V 16 7 2 1
V 14 7 4 1
H 14 6 1 2
V 13 6 2 1
V 11 6 4 1
H 11 3 1 4
V 11 4 4 1
V 13 4 2 1
H 14 3 1 2
V 14 3 4 1
H 16 2 1 2
H 16 1 1 2
H 19 3 1 2
V 16 3 4 1
V 14 3 6 1
H 14 3 1 2
V 13 4 2 1
V 11 4 4 1
H 11 3 1 4
V 11 6 2 1
H 12 6 1 8
H 12 7 1 8
V 12 14 8 1
H 16 14 2 4
V 14 16 6 1
H 12 6 1 4
V 11 6 2 1
H 11 3 1 4
H 11 2 1 4
V 6 2 6 1
V 6 2 4 1
H 6 1 1 2
V 2 6 8 1
V 4 6 6 1
H 9 5 1 2
V 9 5 2 1
V 10 5 2 1
H 11 3 1 4
H 11 2 1 2
V 6 2 6 1
V 6 2 4 1
V 11 6 2 1
H 12 6 1 8
H 12 7 1 8
V 12 14 2 1
H 13 14 3 2
V 12 14 6 1
H 12 7 1 8
H 12 6 1 8
V 11 6 2 1
H 11 3 1 4
V 11 3 2 2
V 11 4 4 1
H 14 3 1 2
H 14 2 1 2
H 19 3 1 2
V 14 3 6 1
V 14 3 4 1
H 14 3 1 2
V 13 4 2 1
V 11 4 4 1
H 11 3 1 4
V 11 6 2 1
H 12 6 1 8
H 12 7 1 8
V 12 14 8 1
V 16 14 2 3
H 17 13 1 6
V 16 17 4 1
V 18 8 2 1
V 17 8 2 1
H 17 7 1 2
V 16 6 2 2
V 14 7 4 1
H 14 6 1 2
V 11 6 4 1
H 12 6 1 8
H 12 7 1 8
V 12 14 2 1
V 12 14 8 1
H 16 12 2 6
V 17 16 2 3
H 11 5 1 2
V 11 6 2 1
H 12 6 1 8
H 12 7 1 8
V 12 14 8 1
H 16 12 1 4
H 16 13 2 4
H 16 13 2 2
H 12 6 1 8
H 12 7 1 8
V 12 14 8 1
H 17 7 1 2
V 16 7 2 1
V 14 7 4 1
H 14 6 1 2
V 11 6 4 1
H 12 6 1 8
H 12 7 1 8
V 12 14 2 1
V 12 14 4 1
V 11 6 2 1
H 11 5 1 2
V 10 5 2 1
V 9 5 2 1
H 9 5 1 2
V 6 6 4 1
V 2 6 8 1
H 3 3 1 4
H 3 3 1 2
V 3 3 2 1
H 4 2 1 2
H 12 6 1 8
V 11 6 2 1
H 11 5 1 2
V 10 5 2 1
V 9 5 2 1
H 9 5 1 2
V 4 6 6 1
H 6 6 1 2
H 6 5 1 6
V 4 10 4 1
H 4 10 1 4
H 4 12 1 2
V 4 13 6 1
H 7 12 1 2
V 1 6 6 1
V 3 6 4 1
H 6 5 1 4
H 6 7 1 4
V 4 10 4 1
H 4 10 1 4
H 4 11 1 4
V 3 14 2 1
H 3 14 1 2
V 2 15 2 1
H 2 15 1 2
V 1 16 2 2
H 1 16 2 2
V 0 17 2 1
H 0 17 1 2
V 4 10 4 1
H 6 9 1 2
H 6 5 1 6
V 1 6 6 1
H 3 5 1 2
H 3 3 1 4
V 1 3 4 1
H 1 2 1 2
V 0 2 2 1
H 0 1 1 2
H 0 0 1 2
V 0 0 2 1
H 0 1 1 2
V 0 2 2 1
H 1 2 1 2
V 1 3 4 1
H 3 3 1 2
H 3 3 1 4
V 3 6 4 1
V 2 6 8 1
H 9 5 1 2
V 9 5 2 1
V 10 5 2 1
H 11 2 1 4
H 11 2 1 2
V 8 2 4 1
V 7 2 4 1
H 11 5 1 2
V 11 6 2 1
H 12 6 1 8
H 12 7 1 8
V 12 14 2 1
V 13 14 2 1
H 14 14 1 4
V 12 16 6 1
H 17 15 1 2
H 17 12 1 6
V 5 18 6 1
H 9 17 1 2
H 9 15 1 4
V 8 15 2 1
H 8 14 1 2
V 7 13 2 2
H 7 13 2 2
V 4 13 6 1
H 4 13 2 2
V 3 14 2 1
H 3 14 1 2
V 2 15 2 1
H 2 15 1 2
H 2 16 1 2
V 1 17 2 1
H 1 17 1 2
V 1 17 2 1
H 2 16 1 2
H 2 15 1 2
V 2 15 2 1
H 3 14 1 2
V 3 14 2 1
H 4 11 1 4
H 4 10 1 4
V 4 10 4 1
H 5 9 2 2
H 18 2 1 2
V 17 3 2 1
V 14 3 6 1
H 14 3 1 2
V 13 4 2 1
V 11 4 4 1
H 11 3 1 4
V 11 6 2 1
H 12 6 1 8
H 12 7 1 8
V 12 14 2 1
V 13 14 2 1
H 14 13 1 4
V 12 16 6 1
V 17 16 2 1
H 14 16 1 2
V 12 16 6 1
H 8 2 1 2
V 8 2 4 1
V 10 2 2 1
H 11 2 1 4
H 11 3 1 4
V 11 6 4 1
V 13 6 2 1
H 14 6 1 2
V 14 7 4 1
H 16 6 1 2
V 16 6 4 1
V 18 6 2 1
H 15 7 1 2
V 14 7 4 1
H 16 6 2 2
V 17 6 2 1
H 14 6 1 2
V 14 7 4 1
V 16 7 2 1
H 17 6 1 2
H 9 5 1 2
V 9 5 2 1
V 10 5 2 1
H 11 5 1 2
V 11 6 4 1
V 13 6 2 1
H 14 6 1 2
V 14 7 2 1
V 14 7 4 1
H 17 7 1 2
V 17 8 2 1
V 18 8 2 1
H 19 8 1 2
H 19 9 1 2
H 14 14 1 4
V 13 14 2 1
V 12 14 2 1
H 12 7 1 8
H 12 6 1 8
V 11 6 4 1
H 14 6 1 2
V 14 7 4 1
V 16 7 2 1
H 17 7 1 2
V 17 8 2 1
V 18 8 2 1
H 19 8 1 2
V 13 6 2 1
H 14 6 1 2
V 14 7 2 1
V 14 7 4 1
H 17 7 1 2
V 17 8 2 1
V 18 8 2 1
H 17 13 1 2
H 17 14 1 2
V 16 15 2 1
H 16 15 1 2
V 13 16 4 1
H 14 14 1 4
V 13 14 2 1
V 12 14 2 1
H 12 7 1 8
H 12 6 1 8
V 11 6 4 1
H 14 6 1 2
V 14 7 4 1
V 16 7 2 1
H 17 7 1 2
V 17 8 2 1
H 8 1 1 2
V 8 2 2 1
V 8 2 4 1
H 11 2 1 2
H 11 3 1 4
V 10 5 2 1
V 9 5 2 1
H 9 5 1 2
V 2 6 8 1
V 2 6 4 1
H 3 3 1 4
H 3 3 1 2
V 1 3 4 1
H 1 2 1 2
V 0 2 2 1
H 0 1 1 2
H 0 0 1 2
V 6 3 2 1
V 7 3 2 1
H 8 2 1 2
V 8 2 2 1
V 8 2 4 1
H 11 2 1 4
H 11 4 1 2
V 10 5 2 1
V 9 5 2 1
H 9 5 1 2
V 6 6 4 1
V 1 6 8 1
H 3 3 1 4
H 3 3 1 2
V 1 3 4 1
H 1 2 1 2
V 0 2 2 1
H 0 1 1 2
H 9 5 1 2
V 9 5 2 1
V 10 5 2 1
H 11 5 1 2
V 11 6 2 1
H 12 6 1 8
H 12 7 1 8
V 12 14 2 1
V 13 14 2 1
H 14 14 1 4
V 12 16 4 1
H 16 6 1 2
V 14 7 4 1
H 14 6 1 2
V 13 6 2 1
V 11 6 4 1
H 11 5 1 2
V 10 5 2 1
V 9 5 2 1
H 9 5 1 2
V 2 6 8 1
V 2 6 4 1
H 3 5 1 2
H 3 3 1 4
V 3 3 2 1
V 3 6 6 1
H 6 5 1 4
V 5 8 2 1
H 5 8 1 2
H 5 9 1 2
V 4 10 2 1
H 4 10 1 2
H 4 11 1 4
V 4 13 4 1
V 5 13 4 1
H 7 13 2 2
H 8 14 1 2
V 8 15 2 1
H 9 15 1 4
H 9 17 1 2
V 7 18 4 1
V 4 18 6 1
H 14 9 1 2
V 14 9 2 1
H 15 8 1 2
H 15 7 1 2
V 14 7 2 1
H 14 6 1 2
V 11 6 4 1
V 11 6 2 1
H 11 3 1 4
H 11 2 1 4
V 8 2 4 1
V 8 2 2 1
H 8 1 1 2
V 0 7 2 1
H 1 6 1 2
V 1 6 8 1
V 5 5 2 2
H 6 5 1 4
V 5 8 2 1
H 5 8 1 2
H 5 9 1 2
V 4 10 2 1
H 4 10 1 2
H 4 11 1 4
V 4 13 4 1
V 4 13 6 1
H 0 7 1 2
V 0 7 2 1
H 1 6 1 2
V 1 6 4 1
V 2 6 6 1
H 6 5 1 4
V 5 8 2 1
H 5 8 1 2
H 5 9 1 2
V 4 10 2 1
H 4 10 1 2
H 4 11 1 4
V 4 13 4 1
V 5 13 4 1
V 6 6 4 1
H 6 5 1 4
V 5 8 2 1
H 5 8 1 2
H 5 9 1 2
V 4 10 2 1
H 4 10 1 4
H 4 12 1 2
V 4 13 4 1
V 6 13 2 1
H 7 13 1 2
V 7 14 2 1
H 8 14 1 2
V 8 15 2 1
H 9 15 1 4
H 9 17 1 2
V 9 18 2 1
H 17 13 1 2
H 17 14 1 2
V 16 15 2 1
H 16 15 1 2
V 13 16 4 1
H 14 13 1 4
V 13 14 2 1
V 12 14 2 1
H 12 7 1 8
H 12 6 1 8
V 11 6 2 1
H 11 5 1 2
V 10 5 2 1
V 9 5 2 1
H 9 5 1 2
V 4 6 6 1
H 6 5 1 4
V 6 8 2 1
V 8 15 2 1
H 8 14 1 2
V 7 14 2 1
H 7 13 1 2
V 6 13 2 1
V 4 13 4 1
H 4 12 1 2
H 4 10 1 4
V 4 10 2 1
H 5 9 1 2
H 5 8 1 2
V 5 8 2 1
H 6 5 1 4
V 3 6 6 1
V 1 6 4 1
H 1 6 1 2
V 0 7 2 1
H 0 7 1 2
V 3 14 2 1
H 4 11 1 4
H 4 10 1 4
V 4 10 2 1
H 5 9 1 2
H 5 8 1 2
V 5 8 2 1
H 6 5 1 4
V 4 6 6 1
H 9 5 1 2
V 9 5 2 1
V 10 5 2 1
H 11 5 1 2
V 11 6 2 1
H 12 6 1 8
H 12 7 1 8
V 12 14 2 1
V 13 14 2 1
H 14 14 1 4
V 13 16 2 1
H 14 3 1 2
V 11 4 4 1
V 11 4 2 1
H 11 3 1 4
V 11 6 2 1
H 12 6 1 8
H 12 7 1 8
V 12 14 2 1
V 13 14 2 1
H 14 14 1 4
V 14 16 2 1
V 15 16 2 1
H 16 15 1 2
V 16 15 2 1
H 17 14 1 2
V 17 14 2 1
V 18 14 2 1
V 8 15 2 1
H 8 14 1 2
V 7 14 2 1
H 7 13 1 2
V 4 13 4 1
V 4 13 2 1
H 4 10 1 4
H 4 10 1 2
V 4 10 2 1
H 5 9 1 2
H 5 8 1 2
V 5 8 2 1
H 6 5 1 4
V 4 6 6 1
H 9 5 1 2
V 9 5 2 1
V 10 5 2 1
H 11 5 1 2
V 11 6 2 1
V 11 6 4 1
H 14 6 1 2
V 14 7 4 1
H 16 6 1 2
H 9 5 1 2
V 4 6 6 1
H 6 5 1 4
V 5 8 2 1
H 5 8 1 2
H 5 9 1 2
V 4 10 2 1
H 4 10 1 2
V 1 11 4 1
V 0 11 4 1
H 0 11 1 2
H 5 8 1 2
H 5 9 1 2
V 4 10 2 1
H 4 10 1 2
V 1 11 4 1
V 0 11 4 1
V 4 10 2 1
H 4 10 1 2
V 1 11 4 1
V 1 11 2 1
V 8 2 4 1
H 11 2 1 2
H 11 3 1 4
V 10 5 2 1
V 9 5 2 1
H 9 5 1 2
V 4 6 6 1
H 6 5 1 4
V 5 8 2 1
H 5 8 1 2
H 5 9 1 2
V 4 10 2 1
H 4 10 1 2
V 3 11 2 1
V 2 11 2 1
H 12 6 1 6
V 11 6 2 1
H 11 5 1 2
V 10 5 2 1
V 9 5 2 1
H 9 5 1 2
V 4 6 6 1
H 6 5 1 4
V 5 8 2 1
H 5 8 1 2
H 5 9 1 2
V 4 10 2 1
H 4 10 1 2
V 3 11 2 1
H 5 8 1 2
V 5 8 2 1
H 6 5 1 4
V 4 6 6 1
H 9 5 1 2
V 9 5 2 1
V 10 5 2 1
H 11 5 1 2
V 11 6 2 1
H 12 6 1 8
H 12 7 1 8
V 12 14 2 1
V 13 14 2 1
H 14 14 1 4
V 14 16 2 1
V 15 16 2 1
H 16 15 1 2
V 16 15 2 1
H 17 14 1 2
H 17 13 1 2
H 8 2 1 2
V 8 2 4 1
V 10 2 2 1
H 11 2 1 4
H 11 3 1 4
V 11 6 2 1
H 12 6 1 8
H 12 7 1 8
V 12 14 2 1
V 13 14 2 1
H 14 13 1 2
V 14 13 2 1
H 9 15 1 4
V 8 15 2 1
H 8 14 1 2
V 7 14 2 1
H 7 13 1 2
V 6 13 2 1
V 4 13 4 1
H 4 10 1 4
H 4 10 1 2
V 4 10 2 1
H 5 9 1 2
H 5 8 1 2
V 5 8 2 1
H 6 5 1 4
V 4 6 6 1
H 9 5 1 2
V 9 5 2 1
V 10 5 2 1
H 11 5 1 2
V 11 6 2 1
H 12 6 1 8
H 12 7 1 8
V 12 14 2 1
V 13 14 2 1
H 14 13 1 2
H 14 6 1 2
V 11 6 4 1
V 11 6 2 1
H 11 5 1 2
V 10 5 2 1
V 9 5 2 1
H 9 5 1 2
V 4 6 6 1
H 6 5 1 4
V 5 8 2 1
H 5 8 1 2
H 5 9 1 2
V 4 10 2 1
H 4 10 1 2
H 4 11 1 4
V 4 13 4 1
V 6 13 2 1
H 7 13 1 2
V 7 14 2 1
H 8 14 1 2
V 8 15 2 1
H 9 15 1 4
H 9 16 1 4
H 12 7 1 8
H 12 6 1 6
V 11 6 2 1
H 11 5 1 2
V 10 5 2 1
V 9 5 2 1
H 9 5 1 2
V 2 6 8 1
V 1 6 8 1
H 1 6 1 2
V 0 7 2 1
V 0 2 2 1
H 1 2 1 2
V 1 3 2 1
V 2 3 2 1
H 3 3 1 4
H 3 5 1 2
V 1 6 4 1
H 1 6 1 2
H 12 6 1 8
H 12 6 1 2
V 11 6 2 1
H 11 5 1 2
V 10 5 2 1
V 9 5 2 1
H 9 5 1 2
V 2 6 8 1
V 1 6 8 1
H 1 2 1 2
V 1 3 2 1
V 2 3 2 1
H 3 3 1 2
H 3 3 1 4
V 2 6 2 1
H 12 8 1 6
H 12 6 1 8
V 11 6 2 1
H 11 5 1 2
V 10 5 2 1
V 9 5 2 1
H 9 5 1 2
V 4 6 6 1
H 6 5 1 4
V 5 8 2 1
H 5 8 1 2
H 5 9 1 2
V 4 10 2 1
H 4 10 1 4
H 4 11 1 4
V 3 14 2 1
H 3 14 1 2
V 2 15 2 1
H 2 15 1 2
V 1 16 2 1
V 8 2 4 1
V 10 2 2 1
H 11 2 1 4
H 11 4 1 2
V 10 5 2 1
V 9 5 2 1
H 9 5 1 2
V 4 6 6 1
H 6 5 1 4
V 5 8 2 1
H 5 8 1 2
H 5 9 1 2
V 4 10 2 1
H 4 10 1 2
H 4 11 1 4
V 4 13 2 2
V 4 13 4 1
H 7 13 1 2
V 7 14 2 1
H 8 14 1 2
V 8 15 2 1
H 9 15 1 2
H 9 15 1 4
V 6 18 4 1
H 7 17 1 2
V 12 14 2 1
H 12 7 1 8
H 12 6 1 8
V 11 6 2 1
H 11 3 1 4
H 11 2 1 4
V 10 2 2 1
V 8 2 4 1
H 8 2 1 2
V 7 3 2 1
V 6 3 2 1
V 11 6 4 1
H 11 3 1 4
H 11 2 1 4
V 8 2 4 1
V 8 2 2 1
H 8 2 1 2
V 7 3 2 1
V 11 6 2 1
H 11 3 1 4
H 11 2 1 4
V 8 2 4 1
V 8 2 2 1
H 8 2 1 2
V 8 2 4 1
H 15 8 1 2
H 15 7 1 2
V 14 7 2 1
H 14 6 1 2
V 13 6 2 1
V 11 6 4 1
H 11 3 1 4
H 11 2 1 4
V 10 2 2 1
V 9 2 2 1
V 7 14 2 1
H 7 13 1 2
V 6 13 2 1
V 4 13 4 1
H 4 11 1 4
H 4 10 1 2
V 4 10 2 1
H 5 9 1 2
H 5 8 1 2
V 5 8 2 1
H 6 5 1 4
V 4 6 6 1
H 9 5 1 2
V 9 5 2 1
V 10 5 2 1
H 11 4 1 2
H 11 2 1 4
V 10 2 2 1
H 14 9 1 2
V 14 9 2 1
H 15 8 1 2
H 15 7 1 2
V 14 7 2 1
H 14 6 1 2
V 11 6 4 1
V 11 6 2 1
H 11 3 1 4
H 11 2 1 4
H 14 14 1 2
V 13 14 2 1
V 12 14 2 1
H 12 7 1 8
H 12 6 1 8
V 11 6 2 1
H 11 3 1 4
H 11 3 1 2
V 16 7 2 1
V 14 7 4 1
H 14 6 1 2
V 13 6 2 1
V 11 6 4 1
H 11 5 1 2
V 10 5 2 1
V 9 5 2 1
H 9 5 1 2
V 4 6 6 1
H 6 5 1 4
V 5 8 2 1
H 5 8 1 2
H 5 9 1 2
V 4 10 2 1
H 4 10 1 4
H 4 12 1 2
V 4 13 2 1
V 4 13 4 1
H 7 13 1 2
V 7 14 2 1
H 8 14 1 2
V 8 15 2 1
H 9 15 1 2
V 9 16 2 1
H 18 18 1 2
V 17 18 2 1
H 17 17 1 2
V 16 17 2 1
H 16 16 1 2
V 15 16 2 1
V 14 16 2 1
H 14 14 1 4
V 13 14 2 1
V 12 14 2 1
H 12 7 1 8
H 12 6 1 8
V 11 6 2 1
H 11 5 1 2
H 11 4 1 2
V 11 4 2 1
V 11 4 4 1
H 14 3 1 2
V 14 3 4 1
H 16 2 1 2
V 4 13 2 1
H 4 12 1 2
H 4 10 1 4
V 4 10 2 1
H 5 9 1 2
H 5 8 1 2
V 5 8 2 1
H 6 5 1 4
V 4 6 6 1
H 9 5 1 2
V 9 5 2 1
V 10 5 2 1
H 11 5 1 2
V 11 6 2 1
H 12 6 1 8
H 12 7 1 8
V 12 14 2 1
V 13 14 2 1
H 14 14 1 4
V 14 16 2 1
V 15 16 2 1
H 16 15 1 2
V 16 15 2 1
H 17 14 1 2
V 17 14 2 1
V 12 6 2 1
H 12 6 1 8
H 12 7 1 8
V 12 14 2 1
V 13 14 2 1
H 14 14 1 4
V 14 16 2 1
V 15 16 2 1
H 16 15 1 2
V 16 15 2 1
V 7 14 2 1
H 7 13 1 2
V 6 13 2 1
V 4 13 4 1
H 4 10 1 4
H 4 10 1 2
V 4 10 2 1
H 5 9 1 2
H 5 8 1 2
V 5 8 2 1
H 6 5 1 4
V 4 6 6 1
H 9 5 1 2
V 9 5 2 1
V 10 5 2 1
H 11 5 1 2
V 11 6 2 1
H 12 6 1 8
H 12 7 1 8
V 12 14 2 1
V 13 14 2 1
H 14 14 1 4
V 14 16 2 1
V 15 16 2 1
H 16 15 1 2
H 14 14 1 2
V 13 14 2 1
V 12 14 2 1
H 12 7 1 8
H 12 6 1 8
V 11 6 2 1
H 11 5 1 2
V 10 5 2 1
V 9 5 2 1
H 9 5 1 2
V 4 6 6 1
V 5 6 2 1
H 5 5 1 2
V 14 16 2 1
H 14 14 1 4
V 13 14 2 1
V 12 14 2 1
H 12 7 1 8
H 12 6 1 8
V 11 6 2 1
H 11 5 1 2
V 10 5 2 1
V 9 5 2 1
H 9 5 1 2
V 4 6 6 1
H 6 5 1 2
H 18 1 1 2
H 18 2 1 2
V 17 3 2 1
V 14 3 6 1
H 14 3 1 2
V 11 4 4 1
V 11 4 2 1
H 11 4 1 2
V 10 5 2 1
V 9 5 2 1
H 9 5 1 2
V 4 6 6 1
H 6 6 1 2
H 6 7 1 2
V 5 8 2 1
H 5 8 1 2
H 5 9 1 2
V 4 10 4 1
V 11 6 2 1
H 12 6 1 8
H 12 7 1 8
V 12 14 2 1
V 13 14 2 1
H 14 14 1 4
V 14 16 2 1
V 15 16 2 1
H 16 16 1 2
V 16 17 2 1
H 17 17 1 2
V 17 18 2 1
H 18 18 1 2
V 18 19 2 1
H 12 13 1 2
V 12 14 2 1
V 13 14 2 1
H 14 14 1 4
V 14 16 2 1
V 15 16 2 1
H 16 16 1 2
V 16 17 2 1
H 17 17 1 2
V 17 18 2 1
H 18 18 1 2
H 12 6 1 8
V 11 6 2 1
H 11 5 1 2
V 10 5 2 1
V 9 5 2 1
H 9 5 1 2
V 4 6 6 1
H 6 6 1 2
H 6 7 1 2
V 5 8 2 1
H 5 8 1 2
H 5 9 1 2
V 4 10 2 1
H 4 10 1 2
H 4 11 1 4
V 4 13 2 2
V 4 13 4 1
H 7 13 1 2
V 7 14 2 1
H 8 14 1 2
V 8 15 2 1
H 9 15 1 4
H 9 17 1 2
V 6 18 4 1
V 5 18 4 1
H 5 18 1 2
H 8 14 1 2
V 8 15 2 1
H 9 15 1 4
H 9 17 1 2
V 6 18 4 1
V 5 18 4 1
V 7 14 2 1
H 8 14 1 2
V 8 15 2 1
H 9 15 1 4
H 9 17 1 2
V 6 18 4 1
V 6 18 2 1
H 11 5 1 2
V 10 5 2 1
V 9 5 2 1
H 9 5 1 2
V 4 6 6 1
H 6 6 1 2
H 6 7 1 2
V 5 8 2 1
H 5 8 1 2
H 5 9 1 2
V 4 10 2 1
H 4 10 1 4
H 4 12 1 2
V 4 13 4 1
V 6 13 2 1
H 7 13 1 2
V 7 14 2 1
H 8 14 1 2
V 8 15 2 1
H 9 15 1 4
H 9 17 1 2
V 8 18 2 1
V 7 18 2 1
V 7 14 2 1
H 7 13 1 2
V 6 13 2 1
V 4 13 4 1
H 4 10 1 4
H 4 10 1 2
V 4 10 2 1
H 5 9 1 2
H 5 8 1 2
V 5 8 2 1
H 6 7 1 2
H 6 6 1 2
V 4 6 6 1
H 9 5 1 2
V 9 5 2 1
V 10 5 2 1
H 11 5 1 2
V 11 6 4 1
V 13 6 2 1
H 14 6 1 2
V 14 7 4 1
V 16 7 2 1
H 17 7 1 2
H 17 8 1 2
V 11 4 4 1
H 11 4 1 2
H 11 5 1 2
V 11 6 4 1
V 13 6 2 1
H 14 6 1 2
V 14 7 4 1
V 16 7 2 1
H 17 7 1 2
V 8 15 2 1
H 8 14 1 2
V 7 14 2 1
H 7 13 1 2
V 6 13 2 1
V 4 13 4 1
H 4 11 1 4
H 4 10 1 2
V 4 10 2 1
H 5 9 1 2
H 5 8 1 2
V 5 8 2 1
H 6 7 1 2
H 6 6 1 2
V 4 6 6 1
H 9 5 1 2
V 9 5 2 1
V 10 5 2 1
H 11 5 1 2
V 11 6 4 1
V 13 6 2 1
H 14 6 1 2
V 14 7 2 1
V 14 7 4 1
V 16 17 2 1
H 16 16 1 2
V 15 16 2 1
V 14 16 2 1
H 14 14 1 4
V 13 14 2 1
V 12 14 2 1
H 12 7 1 8
H 12 6 1 8
V 11 6 4 1
H 14 6 1 2
V 14 7 2 1
V 15 7 2 1
H 17 17 1 2
V 16 17 2 1
H 16 16 1 2
V 15 16 2 1
V 14 16 2 1
H 14 14 1 4
V 13 14 2 1
V 12 14 2 1
H 12 7 1 8
H 12 6 1 8
V 11 6 2 1
H 11 5 1 2
H 11 4 1 2
V 11 4 2 1
H 12 3 1 2
H 14 9 1 2
V 14 9 2 1
H 15 8 1 2
H 15 7 1 2
V 14 7 2 1
H 14 6 1 2
V 13 6 2 1
V 11 6 4 1
H 11 5 1 2
V 10 5 2 1
V 9 5 2 1
H 9 5 1 2
V 4 6 6 1
V 3 6 6 1
H 3 3 1 4
H 3 3 1 2
V 2 3 2 1
V 1 3 2 1
H 1 2 1 2
V 0 2 2 1
V 8 15 2 1
H 8 14 1 2
V 7 14 2 1
H 7 13 1 2
V 4 13 4 1
V 4 13 2 1
H 4 12 1 2
H 4 10 1 4
V 4 10 2 1
H 5 9 1 2
H 5 8 1 2
V 5 8 2 1
H 6 7 1 2
H 6 6 1 2
V 3 6 6 1
H 3 5 1 2
H 3 3 1 4
V 2 3 2 1
V 1 3 2 1
H 1 2 1 2
V 14 3 6 1
H 14 3 1 2
V 11 4 4 1
V 11 4 2 1
H 11 4 1 2
V 10 5 2 1
V 9 5 2 1
H 9 5 1 2
V 4 6 6 1
V 3 6 6 1
H 3 3 1 4
H 3 3 1 2
V 2 3 2 1
V 1 3 2 1
V 2 15 2 1
H 3 14 1 2
V 3 14 2 1
H 4 11 1 4
H 4 10 1 4
V 4 10 2 1
H 5 9 1 2
H 5 8 1 2
V 5 8 2 1
H 6 7 1 2
H 6 6 1 2
V 3 6 6 1
H 3 5 1 2
H 3 3 1 4
V 2 3 2 1
H 5 8 1 2
V 5 8 2 1
H 6 7 1 2
H 6 6 1 2
V 3 6 6 1
H 3 3 1 4
H 3 3 1 2
H 2 16 1 2
H 2 15 1 2
V 2 15 2 1
H 3 14 1 2
V 3 14 2 1
H 4 11 1 4
H 4 10 1 4
V 4 10 2 1
H 5 9 1 2
H 5 8 1 2
V 5 8 2 1
H 6 7 1 2
H 6 6 1 2
V 3 6 6 1
H 3 5 1 2
H 3 4 1 2
V 6 6 4 1
V 3 6 6 1
H 3 5 1 2
V 3 6 2 1
V 4 6 2 1
H 18 1 1 2
H 18 2 1 2
V 17 3 2 1
V 14 3 6 1
H 14 3 1 2
V 11 4 4 1
V 11 4 2 1
H 11 4 1 2
V 10 5 2 1
V 9 5 2 1
H 9 5 1 2
V 6 6 4 1
V 5 6 4 1
V 8 15 2 1
H 8 14 1 2
V 7 14 2 1
H 7 13 1 2
V 6 13 2 1
V 4 13 4 1
H 4 10 1 4
H 4 10 1 2
V 4 10 2 1
H 5 9 1 2
H 5 8 1 2
V 5 8 2 1
H 6 7 1 2
H 6 6 1 2
V 6 6 4 1
V 8 6 2 1
H 9 5 1 2
V 9 5 2 1
V 10 5 2 1
H 11 4 1 2
V 11 4 2 1
V 11 4 4 1
H 14 3 1 2
V 14 3 6 1
V 16 3 4 1
H 19 3 1 2
V 15 16 2 1
V 14 16 2 1
H 14 14 1 4
V 13 14 2 1
V 12 14 2 1
H 12 7 1 8
H 12 6 1 8
V 11 6 2 1
H 11 5 1 2
H 11 4 1 2
V 11 4 2 1
V 11 4 4 1
H 14 3 1 2
V 14 3 6 1
V 16 3 4 1
V 18 1 2 1
H 18 1 1 2
H 18 2 1 2
V 15 3 4 1
V 14 3 4 1
H 14 3 1 2
V 11 4 4 1
V 11 4 2 1
H 11 4 1 2
V 10 5 2 1
V 9 5 2 1
H 9 5 1 2
V 8 6 2 1
V 6 6 4 1
H 6 6 1 2
H 6 7 1 2
V 5 8 2 1
H 5 8 1 2
H 5 9 1 2
V 4 10 2 1
H 4 10 1 2
H 4 11 1 4
V 4 13 4 1
H 6 12 1 2
H 4 10 1 4
H 4 10 1 2
V 4 10 2 1
H 5 9 1 2
H 5 8 1 2
V 5 8 2 1
H 6 7 1 2
H 6 6 1 2
V 6 6 4 1
V 8 6 2 1
H 9 5 1 2
V 9 5 2 1
V 10 5 2 1
H 11 4 1 2
V 11 4 2 1
V 11 4 4 1
H 14 3 1 2
V 14 3 4 1
V 15 3 4 1
H 18 2 1 2
H 18 1 1 2
V 18 1 2 1
V 17 3 2 1
H 18 2 1 2
H 18 1 1 2
H 12 10 1 4
H 12 6 1 8
V 11 6 2 1
H 11 5 1 2
H 11 4 1 2
V 11 4 4 1
V 13 4 2 1
H 14 3 1 2
V 14 3 4 1
V 15 3 4 1
H 18 2 1 2
H 14 6 1 2
V 11 6 4 1
V 11 6 2 1
H 11 5 1 2
H 11 4 1 2
V 11 4 2 1
V 11 4 4 1
H 14 3 1 2
V 14 3 4 1
V 15 3 4 1
V 15 16 2 1
V 14 16 2 1
H 14 14 1 4
V 13 14 2 1
V 12 14 2 1
H 12 7 1 8
H 12 6 1 8
V 11 6 2 1
H 11 5 1 2
H 11 4 1 2
V 11 4 4 1
V 13 4 2 1
H 14 3 1 2
V 14 3 2 1
V 14 3 4 1
V 14 3 2 1
V 15 3 2 1
H 11 4 1 2
V 11 4 2 1
V 11 4 4 1
H 14 3 1 2
V 14 3 2 1
H 12 7 1 8
H 12 6 1 6
V 11 6 2 1
H 11 5 1 2
H 11 4 1 2
V 11 4 4 1
V 13 4 2 1
H 14 3 1 2
V 10 5 2 1
H 11 4 1 2
V 11 4 2 1
V 11 4 4 1
H 4 10 1 4
V 4 10 2 1
H 5 9 1 2
H 5 8 1 2
V 5 8 2 1
H 6 7 1 2
H 6 6 1 2
V 6 6 2 1
V 6 6 4 1
H 9 5 1 2
V 9 5 2 1
V 10 5 2 1
H 11 4 1 2
V 11 4 2 1
V 12 4 2 1
H 8 14 1 2
V 7 14 2 1
H 7 13 1 2
V 6 13 2 1
V 4 13 4 1
H 4 11 1 4
H 4 10 1 2
V 4 10 2 1
H 5 9 1 2
H 5 8 1 2
V 5 8 2 1
H 6 7 1 2
H 6 6 1 2
V 6 6 4 1
V 8 6 2 1
H 9 5 1 2
V 9 5 2 1
V 10 5 2 1
H 11 4 1 2
V 11 4 2 1
H 5 8 1 2
V 5 8 2 1
H 6 7 1 2
H 6 6 1 2
V 6 6 2 1
V 6 6 4 1
H 9 5 1 2
V 9 5 2 1
V 10 5 2 1
H 11 4 1 2
V 6 6 4 1
V 6 6 2 1
H 6 6 1 2
H 6 7 1 2
V 5 8 2 1
H 5 8 1 2
H 5 9 1 2
V 4 10 2 1
H 4 10 1 4
H 4 11 1 4
V 3 14 2 1
H 3 14 1 2
V 2 15 2 1
H 2 15 1 2
H 2 16 1 2
V 1 17 2 1
V 0 17 2 1
V 14 16 2 1
H 14 14 1 4
V 13 14 2 1
V 12 14 2 1
H 12 7 1 8
H 12 6 1 8
V 11 6 2 1
H 11 5 1 2
V 10 5 2 1
V 9 5 2 1
H 9 5 1 2
V 8 6 2 1
V 6 6 4 1
H 6 6 1 2
H 6 7 1 2
V 5 8 2 1
H 5 8 1 2
H 5 9 1 2
V 4 10 2 1
H 4 10 1 4
H 4 11 1 4
V 3 14 2 1
H 3 14 1 2
V 2 15 2 1
H 2 15 1 2
H 2 16 1 2
V 1 17 2 1
H 15 7 1 2
V 14 7 2 1
H 14 6 1 2
V 13 6 2 1
V 11 6 4 1
H 11 5 1 2
V 10 5 2 1
V 9 5 2 1
H 9 5 1 2
V 6 6 4 1
V 6 6 2 1
H 6 6 1 2
H 6 7 1 2
V 5 8 2 1
H 5 8 1 2
H 5 9 1 2
V 4 10 2 1
H 4 10 1 4
H 4 11 1 4
V 3 14 2 1
H 3 14 1 2
V 2 15 2 1
H 2 15 1 2
H 2 16 1 2
V 4 10 2 1
H 4 10 1 4
H 4 11 1 4
V 3 14 2 1
H 3 14 1 2
V 2 15 2 1
H 2 15 1 2
H 9 5 1 2
V 8 6 2 1
V 6 6 4 1
H 6 6 1 2
H 6 7 1 2
V 5 8 2 1
H 5 8 1 2
H 5 9 1 2
V 4 10 2 1
H 4 10 1 4
H 4 11 1 4
V 3 14 2 1
H 3 14 1 2
V 2 15 2 1
V 11 6 4 1
V 11 6 2 1
H 11 5 1 2
V 10 5 2 1
V 9 5 2 1
H 9 5 1 2
V 6 6 4 1
V 6 6 2 1
H 6 6 1 2
H 6 7 1 2
V 5 8 2 1
H 5 8 1 2
H 5 9 1 2
V 4 10 2 1
H 4 10 1 4
H 4 11 1 4
V 3 14 2 1
H 3 14 1 2
V 6 6 4 1
H 6 6 1 2
H 6 7 1 2
V 5 8 2 1
H 5 8 1 2
H 5 9 1 2
V 4 10 2 1
H 4 10 1 4
H 4 11 1 4
V 3 14 2 1
V 8 6 2 1
V 6 6 4 1
H 6 6 1 2
H 6 7 1 2
V 5 8 2 1
H 5 8 1 2
H 5 9 1 2
V 4 10 2 1
H 4 10 1 4
H 4 11 1 4
H 5 9 1 2
H 5 8 1 2
V 5 8 2 1
H 6 7 1 2
H 6 6 1 2
V 6 6 4 1
V 8 6 2 1
H 9 5 1 2
V 9 5 2 1
V 10 5 2 1
H 11 5 1 2
V 11 6 2 1
V 11 6 4 1
H 14 6 1 2
V 14 7 2 1
H 15 7 1 2
H 15 8 1 2
V 14 9 2 1
H 14 9 1 2
H 14 10 1 2
V 10 5 2 1
H 11 5 1 2
V 11 6 4 1
V 13 6 2 1
H 14 6 1 2
V 14 7 2 1
H 15 7 1 2
H 15 8 1 2
V 14 9 2 1
H 14 14 1 6
V 13 14 2 1
V 12 14 2 1
H 12 7 1 8
H 12 6 1 8
V 11 6 4 1
H 14 6 1 2
V 14 7 2 1
H 15 7 1 2
H 15 8 1 2
V 9 5 2 1
V 10 5 2 1
H 11 5 1 2
V 11 6 2 1
V 11 6 4 1
H 14 6 1 2
V 14 7 2 1
H 15 7 1 2
V 14 7 2 1
V 6 6 4 1
H 9 5 1 2
V 9 5 2 1
V 10 5 2 1
H 11 5 1 2
V 11 6 4 1
V 13 6 2 1
H 14 6 1 2
H 12 6 1 8
V 11 6 4 1
H 4 10 1 4
V 4 10 2 1
H 5 9 1 2
H 5 8 1 2
V 5 8 2 1
H 6 7 1 2
H 6 6 1 2
V 6 6 2 1
V 6 6 4 1
H 9 5 1 2
V 9 5 2 1
V 10 5 2 1
H 11 5 1 2
V 11 6 2 1
H 12 6 1 8
H 12 7 1 8
V 12 14 2 1
V 13 14 2 1
H 14 14 1 4
H 14 14 1 6
H 11 5 1 2
V 11 6 2 1
H 12 6 1 8
H 12 7 1 8
V 12 14 2 1
V 13 14 2 1
H 14 14 1 4
H 14 15 1 4
V 8 15 2 1
H 8 14 1 2
V 7 14 2 1
H 7 13 1 2
V 6 13 2 1
V 4 13 4 1
H 4 10 1 4
H 4 10 1 2
V 4 10 2 1
H 5 9 1 2
H 5 8 1 2
V 5 8 2 1
H 6 7 1 2
H 6 6 1 2
V 6 6 4 1
V 8 6 2 1
H 9 5 1 2
V 9 5 2 1
V 10 5 2 1
H 11 5 1 2
V 11 6 2 1
V 12 6 2 1
H 5 13 1 2
V 4 13 2 1
H 4 12 1 2
H 4 10 1 4
V 4 10 2 1
H 5 9 1 2
H 5 8 1 2
V 5 8 2 1
H 6 7 1 2
H 6 6 1 2
V 6 6 2 1
V 6 6 4 1
H 9 5 1 2
V 9 5 2 1
V 10 5 2 1
H 11 5 1 2
V 11 6 2 1
H 12 6 1 8
H 12 7 1 8
V 12 14 2 1
V 13 14 2 1
H 14 14 1 4
H 14 16 1 2
V 17 18 2 1
H 17 17 1 2
V 16 17 2 1
H 16 16 1 2
V 15 16 2 1
V 14 16 2 1
H 14 15 1 2
H 14 14 1 2
V 13 14 2 1
V 12 14 2 1
H 12 7 1 8
H 12 6 1 8
V 11 6 2 1
H 11 5 1 2
V 10 5 2 1
V 9 5 2 1
H 9 5 1 2
V 6 6 4 1
V 6 6 2 1
H 6 6 1 2
H 6 7 1 2
V 5 8 2 1
H 5 8 1 2
H 5 9 1 2
V 4 10 2 1
H 4 10 1 4
H 4 12 1 2
V 4 13 2 1
H 5 13 1 2
H 17 17 1 2
V 16 17 2 1
H 16 16 1 2
V 15 16 2 1
V 14 16 2 1
H 14 15 1 2
H 14 14 1 2
V 13 14 2 1
V 12 14 2 1
H 12 7 1 8
H 12 6 1 8
V 11 6 2 1
H 11 5 1 2
V 10 5 2 1
V 9 5 2 1
H 9 5 1 2
V 8 6 2 1
V 6 6 4 1
H 6 6 1 2
H 6 7 1 2
V 5 8 2 1
H 5 8 1 2
H 5 9 1 2
V 4 10 2 1
H 4 10 1 2
H 4 10 1 4
V 4 13 4 1
V 6 13 2 1
H 7 13 1 2
V 7 14 2 1
H 8 14 1 2
V 8 15 2 1
H 9 15 1 2
H 9 15 1 4
V 8 18 2 1
V 15 16 2 1
V 14 16 2 1
H 14 15 1 2
H 14 14 1 2
V 13 14 2 1
V 12 14 2 1
H 12 7 1 8
H 12 6 1 8
V 11 6 2 1
H 11 5 1 2
V 10 5 2 1
V 9 5 2 1
H 9 5 1 2
V 6 6 4 1
V 6 6 2 1
H 6 6 1 2
H 6 7 1 2
V 5 8 2 1
H 5 8 1 2
H 5 9 1 2
V 4 10 2 1
H 4 10 1 4
H 4 12 1 2
V 4 13 4 1
V 6 13 2 1
H 7 13 1 2
V 7 14 2 1
H 8 14 1 2
V 8 15 2 1
H 9 15 1 4
H 9 17 1 2
H 4 12 1 2
V 4 13 2 1
V 4 13 4 1
H 7 13 1 2
V 7 14 2 1
H 8 14 1 2
V 8 15 2 1
H 9 15 1 2
H 9 16 1 2
H 17 17 1 2
V 16 17 2 1
H 16 16 1 2
V 15 16 2 1
V 14 16 2 1
H 14 15 1 2
H 14 14 1 2
V 13 14 2 1
V 12 14 2 1
H 12 7 1 8
H 12 6 1 8
V 11 6 2 1
H 11 5 1 2
V 10 5 2 1
V 9 5 2 1
H 9 5 1 2
V 6 6 4 1
V 6 6 2 1
H 6 6 1 2
H 6 7 1 2
V 5 8 2 1
H 5 8 1 2
H 5 9 1 2
V 4 10 2 1
H 4 10 1 4
H 4 12 1 2
V 4 13 4 1
V 6 13 2 1
H 7 13 1 2
V 7 14 2 1
H 8 14 1 2
V 8 15 2 1
H 9 15 1 2
V 6 6 4 1
H 6 6 1 2
H 6 7 1 2
V 5 8 2 1
H 5 8 1 2
H 5 9 1 2
V 4 10 2 1
H 4 10 1 2
H 4 10 1 4
V 4 13 2 1
V 4 13 4 1
H 7 13 1 2
V 7 14 2 1
H 8 14 1 2
V 8 15 2 1
V 16 17 2 1
H 16 16 1 2
V 15 16 2 1
V 14 16 2 1
H 14 15 1 2
H 14 14 1 2
V 13 14 2 1
V 12 14 2 1
H 12 7 1 8
H 12 6 1 8
V 11 6 2 1
H 11 5 1 2
V 10 5 2 1
V 9 5 2 1
H 9 5 1 2
V 8 6 2 1
V 6 6 4 1
H 6 6 1 2
H 6 7 1 2
V 5 8 2 1
H 5 8 1 2
H 5 9 1 2
V 4 10 2 1
H 4 10 1 4
H 4 12 1 2
V 4 13 2 1
V 4 13 4 1
H 7 13 1 2
V 7 14 2 1
H 8 14 1 2
H 14 15 1 2
H 14 14 1 2
V 13 14 2 1
V 12 14 2 1
H 12 7 1 8
H 12 6 1 8
V 11 6 2 1
H 11 5 1 2
V 10 5 2 1
V 9 5 2 1
H 9 5 1 2
V 6 6 4 1
V 6 6 2 1
H 6 6 1 2
H 6 7 1 2
V 5 8 2 1
H 5 8 1 2
H 5 9 1 2
V 4 10 2 1
H 4 10 1 4
H 4 12 1 2
V 4 13 2 1
V 4 13 4 1
H 7 13 1 2
V 7 14 2 1
H 17 17 1 2
V 16 17 2 1
H 16 16 1 2
V 15 16 2 1
V 14 16 2 1
H 14 15 1 2
H 14 14 1 2
V 13 14 2 1
V 12 14 2 1
H 12 7 1 8
H 12 6 1 8
V 11 6 2 1
H 11 5 1 2
V 10 5 2 1
V 9 5 2 1
H 9 5 1 2
V 6 6 4 1
V 6 6 2 1
H 6 6 1 2
H 6 7 1 2
V 5 8 2 1
H 5 8 1 2
H 5 9 1 2
V 4 10 2 1
H 4 10 1 2
H 4 10 1 4
V 4 13 2 1
V 4 13 4 1
H 7 13 1 2
V 13 14 2 1
V 12 14 2 1
H 12 7 1 8
H 12 6 1 8
V 11 6 2 1
H 11 5 1 2
V 10 5 2 1
V 9 5 2 1
H 9 5 1 2
V 8 6 2 1
V 6 6 4 1
H 6 6 1 2
H 6 7 1 2
V 5 8 2 1
H 5 8 1 2
H 5 9 1 2
V 4 10 2 1
H 4 10 1 2
H 4 10 1 4
V 4 13 4 1
V 6 13 2 1
H 14 15 1 2
H 14 14 1 2
V 13 14 2 1
V 12 14 2 1
H 12 7 1 8
H 12 6 1 8
V 11 6 2 1
H 11 5 1 2
V 10 5 2 1
V 9 5 2 1
H 9 5 1 2
V 6 6 4 1
V 6 6 2 1
H 6 6 1 2
H 6 7 1 2
V 5 8 2 1
H 5 8 1 2
H 5 9 1 2
V 4 10 2 1
H 4 10 1 4
H 4 12 1 2
V 4 13 2 1
V 5 13 2 1
H 5 8 1 2
H 5 9 1 2
V 4 10 2 1
H 4 10 1 2
H 4 10 1 4
V 4 13 2 1
H 12 6 1 6
V 11 6 2 1
H 11 5 1 2
V 10 5 2 1
V 9 5 2 1
H 9 5 1 2
V 8 6 2 1
V 6 6 4 1
H 6 6 1 2
H 6 7 1 2
V 5 8 2 1
H 5 8 1 2
H 5 9 1 2
V 4 10 2 1
H 4 10 1 4
H 4 12 1 2
H 12 6 1 6
V 11 6 2 1
H 11 5 1 2
V 10 5 2 1
V 9 5 2 1
H 9 5 1 2
V 8 6 2 1
V 6 6 4 1
H 6 6 1 2
H 6 7 1 2
V 5 8 2 1
H 5 8 1 2
H 5 9 1 2
V 4 10 2 1
H 4 10 1 2
H 4 11 1 2
V 6 6 4 1
H 6 6 1 2
H 6 7 1 2
V 5 8 2 1
H 5 8 1 2
H 5 9 1 2
V 4 10 2 1
H 4 10 1 2
V 13 14 2 1
V 12 14 2 1
H 12 7 1 8
H 12 6 1 8
V 11 6 2 1
H 11 5 1 2
V 10 5 2 1
V 9 5 2 1
H 9 5 1 2
V 6 6 4 1
V 6 6 2 1
H 6 6 1 2
H 6 7 1 2
V 5 8 2 1
H 5 8 1 2
H 5 9 1 2
V 4 10 2 1
V 14 16 2 1
H 14 15 1 2
H 14 14 1 2
V 13 14 2 1
V 12 14 2 1
H 12 7 1 8
H 12 6 1 8
V 11 6 2 1
H 11 5 1 2
V 10 5 2 1
V 9 5 2 1
H 9 5 1 2
V 8 6 2 1
V 6 6 4 1
H 6 6 1 2
H 6 7 1 2
V 5 8 2 1
H 5 8 1 2
H 5 9 1 2
V 15 16 2 1
V 14 16 2 1
H 14 15 1 2
H 14 14 1 2
V 13 14 2 1
V 12 14 2 1
H 12 7 1 8
H 12 6 1 8
V 11 6 2 1
H 11 5 1 2
V 10 5 2 1
V 9 5 2 1
H 9 5 1 2
V 6 6 4 1
V 6 6 2 1
H 6 6 1 2
H 6 7 1 2
V 5 8 2 1
H 5 8 1 2
H 14 14 1 2
V 13 14 2 1
V 12 14 2 1
H 12 7 1 8
H 12 6 1 8
V 11 6 2 1
H 11 5 1 2
V 10 5 2 1
V 9 5 2 1
H 9 5 1 2
V 8 6 2 1
V 6 6 4 1
H 6 6 1 2
H 6 7 1 2
V 5 8 2 1
V 11 6 2 1
H 11 5 1 2
V 10 5 2 1
V 9 5 2 1
H 9 5 1 2
V 6 6 4 1
V 6 6 2 1
H 6 6 1 2
H 6 7 1 2
V 10 5 2 1
V 9 5 2 1
H 9 5 1 2
V 6 6 4 1
V 6 6 2 1
H 6 6 1 2
H 12 6 1 6
V 11 6 2 1
H 11 5 1 2
V 10 5 2 1
V 9 5 2 1
H 9 5 1 2
V 6 6 4 1
V 6 6 2 1
V 10 5 2 1
V 9 5 2 1
H 9 5 1 2
V 8 6 2 1
V 7 6 2 1
V 15 16 2 1
V 14 16 2 1
H 14 15 1 2
H 14 14 1 2
V 13 14 2 1
V 12 14 2 1
H 12 7 1 8
H 12 6 1 8
V 11 6 2 1
H 11 5 1 2
V 10 5 2 1
V 9 5 2 1
H 9 5 1 2
V 8 6 2 1
H 12 6 1 6
V 11 6 2 1
H 11 5 1 2
V 10 5 2 1
V 9 5 2 1
H 9 5 1 2
V 10 5 2 1
V 9 5 2 1
V 17 18 2 1
H 17 17 1 2
V 16 17 2 1
H 16 16 1 2
V 15 16 2 1
V 14 16 2 1
H 14 15 1 2
H 14 14 1 2
V 13 14 2 1
V 12 14 2 1
H 12 7 1 8
H 12 6 1 8
V 11 6 2 1
H 11 5 1 2
V 10 5 2 1
H 14 14 1 2
V 13 14 2 1
V 12 14 2 1
H 12 7 1 8
H 12 6 1 8
V 11 6 2 1
H 11 5 1 2
H 12 6 1 2
V 11 6 2 1
V 13 14 2 1
V 12 14 2 1
H 12 7 1 8
H 12 6 1 8
H 12 7 1 8
V 12 14 2 1
V 13 14 2 1
H 14 14 1 2
H 14 15 1 2
V 14 16 2 1
V 15 16 2 1
H 16 16 1 2
V 16 17 2 1
H 17 17 1 2
V 17 18 2 1
H 12 9 1 6
V 12 14 2 1
V 13 14 2 1
H 14 14 1 2
H 14 15 1 2
V 14 16 2 1
V 15 16 2 1
H 16 16 1 2
V 16 17 2 1
H 17 17 1 2
V 16 17 2 1
H 16 16 1 2
V 15 16 2 1
V 14 16 2 1
H 14 15 1 2
H 14 14 1 2
V 13 14 2 1
V 12 14 2 1
H 12 7 1 8
H 12 7 1 6
H 12 11 1 4
H 12 8 1 6
H 12 10 1 4
H 12 9 1 4
H 12 10 1 4
V 12 14 2 1
H 12 13 1 2
H 12 11 1 4
H 12 13 1 2
H 12 12 1 2
H 16 16 1 2
V 15 16 2 1
V 14 16 2 1
H 14 15 1 2
H 14 14 1 2
V 13 14 2 1
V 12 14 2 1
V 14 16 2 1
H 14 15 1 2
H 14 14 1 2
V 13 14 2 1
H 16 16 1 2
V 15 16 2 1
V 14 16 2 1
H 14 15 1 2
H 14 14 1 2
V 15 16 2 1
V 14 16 2 1
H 14 15 1 2
V 14 16 2 1
H 16 16 1 2
V 15 16 2 1
H 16 16 1 2
