600 933 600 1118 10
59 538
369 476
290 305
24 511
297 490
4 486
229 593
155 501
216 537
89 157
98 132
93 508
143 469
412 521
1 80
279 461
183 482
158 500
247 318
80 434
299 545
288 345
29 270
520 569
378 407
166 318
77 400
294 306
28 262
81 215
70 140
220 421
366 557
216 579
291 526
190 246
325 386
243 411
371 390
364 593
143 542
53 360
265 304
27 530
376 408
333 339
457 591
55 553
265 367
403 511
219 535
430 474
88 422
299 562
69 138
238 506
147 586
538 545
99 456
25 228
470 546
293 445
102 106
251 555
39 529
468 517
376 506
447 482
214 331
40 497
77 115
144 273
309 366
5 6
225 441
258 435
105 515
314 360
203 466
265 381
179 218
12 173
379 383
2 478
17 491
7 521
174 387
118 479
102 202
233 458
51 449
129 258
83 177
49 93
244 359
93 496
64 355
156 355
269 445
282 591
128 283
174 461
38 90
388 578
340 497
221 465
42 410
241 504
71 121
210 240
74 251
123 375
19 306
232 560
45 487
363 536
50 350
208 443
266 346
189 585
188 599
247 468
40 430
381 424
188 379
527 531
43 181
280 568
120 195
48 160
180 320
143 447
129 186
74 164
130 237
259 354
129 554
46 501
115 439
180 212
510 582
502 576
214 361
158 313
447 469
11 390
97 243
126 128
365 587
189 404
79 262
431 449
186 429
52 354
150 375
166 468
51 388
257 504
235 345
356 490
255 360
114 148
449 500
23 381
98 232
111 568
227 271
182 513
29 527
234 561
402 481
224 390
30 54
210 279
273 441
179 243
93 305
180 277
367 381
142 536
299 370
427 588
262 583
161 516
43 178
99 367
88 195
149 405
554 586
15 111
61 591
72 507
35 103
477 539
17 58
206 493
102 394
286 448
389 485
163 330
54 171
156 279
142 509
190 454
272 577
337 431
18 574
81 444
489 583
118 589
83 99
13 264
186 392
152 172
239 274
21 325
226 559
328 436
13 415
52 599
53 192
183 526
317 561
55 201
101 137
128 542
137 170
482 542
126 581
337 399
264 509
59 115
133 317
158 192
348 425
11 490
227 582
59 562
162 430
324 412
269 315
266 550
301 330
186 584
82 503
246 288
312 429
21 352
27 91
76 240
47 116
13 467
210 355
121 457
134 199
545 562
335 507
254 406
29 66
92 285
268 555
436 476
19 256
199 466
342 549
284 341
57 588
110 218
405 594
189 326
94 362
339 388
40 98
61 503
21 186
96 109
168 405
60 451
31 79
86 312
42 168
10 308
150 194
84 503
43 282
143 283
86 157
189 416
96 204
79 201
228 385
256 308
163 184
259 547
113 468
306 418
292 325
260 579
47 476
75 355
418 598
299 349
107 288
27 257
114 372
214 566
105 573
257 322
296 388
162 252
234 574
220 275
443 579
445 458
93 544
189 540
120 576
118 578
67 131
364 446
113 186
5 153
159 532
74 415
114 534
292 343
39 586
168 221
20 529
226 271
174 186
194 436
456 539
22 468
391 497
37 41
97 210
124 228
25 176
13 462
167 318
121 321
177 367
199 445
302 493
470 486
462 475
378 425
249 358
22 517
206 366
428 448
212 587
424 580
192 432
120 547
197 556
153 307
414 592
33 160
139 224
21 331
310 596
285 571
339 523
64 72
321 437
131 342
140 434
175 213
192 255
155 427
411 554
254 423
158 167
427 472
144 455
44 569
87 532
0 560
249 285
65 558
356 427
30 597
65 201
197 222
8 11
78 312
106 202
54 427
0 579
107 459
286 410
228 485
0 108
1 66
108 579
171 370
168 594
170 310
207 509
224 431
85 345
208 230
3 459
399 574
370 535
20 414
137 596
9 314
234 480
376 487
470 479
312 387
372 438
211 473
32 149
47 369
172 300
74 555
296 479
302 593
31 567
343 513
206 506
225 341
165 489
201 564
481 534
1 398
135 282
89 216
348 514
361 403
239 497
79 484
165 207
94 534
187 532
162 378
524 552
95 474
302 368
249 571
97 505
203 569
42 221
416 585
99 181
248 350
436 590
122 285
96 138
211 230
86 222
443 492
159 172
119 303
125 561
241 322
10 253
9 492
122 426
51 500
69 109
294 442
284 441
118 374
222 556
177 539
224 487
357 595
215 379
216 313
401 445
125 419
273 455
294 584
196 250
139 390
336 347
296 578
188 354
115 451
114 223
168 509
151 380
123 257
323 538
1 434
431 495
154 486
194 476
122 305
146 185
488 546
232 430
90 585
182 292
89 537
205 325
172 590
305 410
182 343
405 536
353 528
13 571
298 529
278 536
16 400
104 149
505 522
315 497
366 587
303 570
102 502
420 550
161 433
374 578
206 302
80 527
382 554
22 325
331 361
108 473
91 225
214 555
26 222
184 440
112 505
58 184
323 545
124 463
16 370
300 328
272 478
350 515
0 245
236 538
18 567
396 582
64 507
56 596
386 528
3 43
70 596
110 582
435 584
85 235
186 387
400 404
127 514
48 85
390 399
236 398
77 455
412 518
270 527
421 422
226 414
340 577
213 521
231 350
457 598
266 591
339 578
116 508
335 425
289 395
359 402
270 303
128 581
92 305
498 593
198 541
66 303
150 504
309 486
198 376
209 296
30 117
7 518
90 409
295 367
355 507
117 597
357 572
233 293
41 69
160 226
266 457
108 208
127 377
329 519
474 481
326 535
46 397
419 528
195 463
131 269
245 560
285 351
94 474
268 352
110 179
438 514
227 338
451 455
107 261
60 551
131 569
258 437
40 233
53 453
132 211
83 539
344 440
296 453
121 598
183 291
322 530
34 334
0 132
388 453
19 361
329 384
12 283
58 210
373 444
282 580
133 480
241 328
132 560
149 280
271 276
478 492
40 211
494 593
372 534
145 448
98 211
156 210
141 301
422 477
381 457
114 438
219 427
138 254
58 76
262 499
2 9
4 512
209 314
572 595
369 448
94 372
382 586
121 346
51 158
127 348
376 397
460 568
119 319
201 553
346 550
125 158
20 227
113 429
112 411
342 573
78 156
68 488
23 457
251 499
353 386
90 189
301 438
119 299
71 298
81 581
275 393
88 120
101 263
338 582
397 501
411 505
220 422
84 420
459 483
180 339
258 321
294 392
16 562
4 231
63 516
145 369
75 348
130 526
207 278
215 471
256 332
100 287
390 487
411 586
126 354
50 478
145 150
296 360
304 418
302 364
84 190
178 483
460 567
187 516
81 250
369 544
224 408
39 554
212 374
96 254
4 546
111 585
202 259
335 348
267 407
357 396
308 450
418 450
313 537
246 345
73 133
47 482
11 155
217 235
167 419
242 561
508 542
320 587
193 289
185 297
126 508
234 337
325 352
131 315
24 102
451 551
324 413
57 289
333 523
226 276
160 276
270 327
200 423
513 564
234 399
219 326
65 262
242 317
142 168
35 257
306 452
90 326
58 440
91 530
273 281
116 542
159 590
184 491
147 218
158 432
34 465
29 531
20 592
496 508
470 557
11 45
50 231
39 147
147 179
32 104
256 543
277 339
287 354
256 450
202 467
176 228
178 525
72 222
335 378
238 365
180 374
364 494
294 452
263 423
418 543
199 293
205 292
208 492
100 259
45 46
100 571
166 247
87 183
14 529
469 482
292 353
272 350
83 311
395 406
306 543
190 503
231 248
254 263
533 567
230 478
239 272
379 471
42 548
67 520
305 336
195 576
236 323
12 143
449 561
214 352
97 522
293 401
64 78
206 587
324 594
309 593
468 528
196 215
66 80
186 554
32 324
225 273
500 561
155 490
276 559
324 518
232 378
23 265
152 159
122 290
25 124
256 361
10 403
580 591
79 533
240 243
245 260
200 254
33 235
281 565
217 552
149 536
169 510
44 199
91 103
118 557
503 591
185 460
146 297
183 532
385 422
11 371
485 539
264 462
291 575
76 136
301 514
221 594
260 556
62 277
344 355
109 368
201 555
208 473
274 315
153 270
211 340
214 268
1 380
200 494
185 567
363 484
106 120
82 84
93 428
230 340
47 544
316 525
75 344
9 443
191 466
298 563
205 553
164 555
18 480
125 167
100 354
178 316
384 433
23 304
77 562
195 253
163 440
127 252
285 426
363 568
549 573
28 363
369 428
83 456
36 297
2 50
417 459
208 211
58 344
20 218
134 244
26 507
245 556
205 555
173 464
82 550
142 207
43 261
412 465
393 421
80 140
189 370
489 42 371 171 446 277 119 250 457 131 268 18 567 379 25 78 123 438 112 265 163 361 565 100 531 233 318 337 404 395 457 85 166 285 54 309 305 198 398 247 256 542 38 204 60 497 355 148 54 8 234 488 508 256 552 358 300 340 480 478 220 384 169 439 317 26 19 538 273 380 77 316 46 453 30 300 94 115 371 372 133 170 570 533 371 202 219 571 368 87 50 489 146 587 371 33 394 331 305 296 75 339 525 253 393 250 388 103 262 359 539 400 458 163 196 597 254 170 41 108 326 450 208 173 457 333 343 182 187 564 92 258 119 58 293 465 311 38 388 132 308 479 178 36 62 452 9 526 541 536 22 262 235 91 182 241 260 17 110 88 591 114 560 330 128 478 159 308 540 343 154 137 299 113 579 104 42 187 99 427 532 28 519 108 501 46 22 500 360 421 142 94 514 368 537 345 347 69 434 150 96 174 541 587 66 403 454 530 500 474 586 295 303 372 131 180 597 373 598 258 156 20 494 109 72 115 477 229 377 110 578 506 380 188 257 127 116 325 30 148 377 301 290 401 14 151 64 538 228 553 29 453 156 126 214 137 416 499 66 414 411 599 142 391 570 485 316 256 242 492 485 476 329 439 27 507 186 5 173 516 387 460 110 263 296 317 597 372 558 134 361 397 582 140 376 115 100 24 326 173 375 560 395 364 44 261 27 356 92 537 314 241 260 277 570 470 514 358 20 121 506 378 448 420 409 335 410 193 257 457 59 127 253 184 92 66 413 233 465 517 349 63 481 392 595 404 288 382 456 71 275 467 12 35 413 305 302 320 260 478 358 149 44 116 522 29 525 262 194 385 151 454 114 155 302 245 165 289 535 467 14 595 89 260 431 338 190 245 351 497 112 487 265 270 381 459 17 158 334 239 19 452 113 234 194 33 204 539 315 35 476 453 182 354 417 78 394 575 432 573 489 427 47 25 355 402 275 157 415 111 464 57 18 589 60 118 346 266 365 55 355 406 354 388 266 224 7 2 181 389 267 197 383 329 513 259 81 371 457 82 518 282 302 270 20 180 517 592 82 383 26 566 349 549 360 199 468 486 483 172 578 566 530 562 275 12 154 583 284 263 381 409 268 486 243 77 74 151 44 319 539 390 176 359 379 431 205 87 164 262 83 417 178 455 500 201 493 593 371 143 341 495 470 41 482 409 112 124 300 361 560 41 352 308 521 332 587 330 566 254 386 249 518 248 84 594 563 41 56 572 446 203 378 156 488 153 17 358 44 410 389 556 552 188 34 590 527 448 295 394 152 73 502 17 150 167 551 370 249 412 40 265 72 500 68 102 271 151 64 155 316 566 570 286 374 541 373 45 496 315
245 265
970 157
344 103
164 963
391 2
776 166
797 98
814 443
673 340
336 166
430 738
657 302
790 934
607 717
147 712
671 449
887 323
9 480
554 437
349 723
113 705
338 565
368 501
286 827
493 737
430 875
220 423
971 633
613 562
876 121
791 236
557 473
730 502
14 865
804 627
930 618
710 407
727 138
737 383
206 671
148 180
689 142
689 642
222 957
54 95
660 267
669 237
830 809
95 802
740 729
320 62
440 276
577 914
429 226
808 275
477 535
946 40
765 212
47 467
972 302
979 453
176 916
575 240
994 870
188 461
508 586
894 149
69 11
361 19
698 93
980 22
164 759
250 467
467 411
499 691
129 405
49 501
912 374
216 484
562 541
946 95
701 908
189 858
390 979
126 850
48 821
305 394
888 837
489 895
311 333
763 365
996 582
685 768
742 759
96 242
75 189
674 47
104 505
180 204
332 987
630 831
827 28
489 781
948 581
769 503
229 35
548 821
98 947
271 236
668 93
71 666
715 467
174 535
311 517
32 311
971 367
797 816
846 239
473 129
920 235
548 867
231 773
649 722
884 640
373 839
438 352
684 878
143 328
735 865
252 596
899 915
104 33
215 220
500 441
3 170
221 900
27 524
886 11
743 71
586 302
982 87
104 378
686 587
815 907
924 452
866 742
653 374
154 658
25 277
749 532
888 715
986 200
982 837
826 127
448 65
693 285
129 462
333 363
422 307
949 847
5 813
986 991
163 262
62 400
441 686
613 630
317 454
380 369
739 614
45 607
860 32
842 307
956 810
807 996
221 556
865 506
458 886
361 926
202 986
92 630
532 163
271 960
445 524
870 900
31 410
633 434
283 585
929 880
591 949
853 376
135 904
27 78
375 253
721 199
914 744
476 847
673 937
273 400
656 177
31 126
720 0
481 567
561 770
12 46
710 64
411 566
610 116
629 595
278 199
396 115
97 458
193 168
507 117
880 476
412 655
707 982
331 294
51 950
108 673
766 316
490 974
781 647
272 440
3 333
593 264
946 511
61 765
71 700
422 911
581 8
279 151
326 20
181 234
129 156
542 379
48 885
1000 240
958 930
609 183
195 67
73 526
995 728
478 363
116 596
2 229
260 298
104 881
379 400
281 5
668 801
633 948
487 639
124 257
419 792
748 28
351 231
341 754
935 660
245 638
586 851
292 308
131 939
587 598
815 64
656 666
329 869
228 826
229 355
416 620
86 83
850 95
40 730
262 74
961 484
150 52
533 979
0 731
569 203
657 559
151 494
698 519
989 532
238 928
785 877
906 577
651 765
843 654
660 842
84 909
724 169
683 682
862 953
418 498
65 158
301 657
299 946
414 159
673 411
199 733
906 274
994 798
61 370
602 62
851 179
300 797
716 707
303 691
806 195
359 786
517 29
905 38
361 959
287 481
380 315
356 138
155 85
241 986
500 387
334 416
890 220
550 129
265 710
962 704
962 251
802 502
386 537
790 349
845 61
977 757
902 988
25 380
367 649
383 756
537 241
866 579
210 381
807 711
559 317
20 705
480 188
234 141
939 546
145 21
487 480
95 415
79 849
176 809
776 717
130 359
875 275
291 41
686 735
373 594
449 450
642 873
166 430
723 311
29 577
698 830
35 233
374 173
373 686
83 321
654 528
624 28
578 158
525 84
324 905
644 119
824 770
859 344
624 383
71 288
749 997
502 156
876 669
670 207
137 296
182 309
614 975
998 130
268 862
185 609
578 981
961 962
444 947
412 447
252 518
458 217
371 882
612 345
223 88
318 589
539 910
452 799
774 128
14 631
702 224
924 187
582 364
883 363
103 139
35 173
396 722
884 407
734 581
776 69
238 321
601 214
728 348
753 663
147 616
818 532
764 427
94 770
539 695
822 386
12 983
304 752
412 374
141 781
499 935
469 921
792 3
289 899
176 339
617 747
734 282
775 754
283 549
148 227
545 282
391 287
940 994
965 119
267 665
929 781
222 697
49 338
936 346
56 430
914 526
325 633
307 245
728 950
68 122
637 60
838 887
846 719
484 260
337 807
954 394
336 673
407 203
207 928
894 442
413 999
260 805
142 127
101 998
639 471
194 509
616 664
418 847
841 992
837 588
5 111
527 742
360 456
829 858
415 80
649 976
773 264
245 191
110 214
555 667
888 789
457 990
300 128
435 117
528 414
68 220
854 829
131 988
612 522
392 905
473 7
624 262
373 50
583 654
700 374
2 435
314 196
567 71
669 6
527 345
715 796
174 120
548 24
522 645
463 314
706 256
508 817
160 875
951 736
123 554
615 151
186 404
765 834
649 627
59 635
460 744
426 5
521 479
100 346
260 37
980 903
336 499
787 459
920 951
39 24
841 475
146 524
495 223
65 986
283 994
871 982
915 74
435 412
192 700
991 675
912 113
894 877
600 487
53 258
804 310
711 548
351 335
1000 284
420 969
855 415
690 175
798 849
319 719
777 784
947 281
412 32
614 890
723 665
181 38
148 827
990 391
12 949
445 562
220 593
442 635
269 354
466 95
552 575
16 779
211 253
497 315
920 306
237 723
511 524
997 497
407 688
584 450
685 487
55 60
827 159
625 784
80 578
194 10
579 407
837 932
527 845
260 105
451 180
288 273
269 923
744 895
38 659
569 627
274 628
774 395
188 643
581 128
742 244
447 148
917 816
226 862
96 740
583 38
768 582
47 550
938 8
842 276
273 765
558 944
