991 1 990
4 394 20 780 780 780 13 1 13 20 11 1 4
23 434 760 761 762 781 933 567 771 932 38 148 23
144 21 779 661 740 782 934 707 894 931 871 870 144
123 380 778 990 989 936 935 785 893 930 832 831 869
1 20 690 887 988 889 890 891 892 929 928 927 868
4 22 917 918 987 973 953 954 955 956 925 926 867
121 916 688 885 986 972 971 970 969 968 967 966 512
16 846 915 914 985 950 951 910 909 908 959 901 965
424 572 979 978 984 807 808 131 118 907 960 305 964
903 25 945 946 983 750 305 132 749 906 961 305 963
486 6 980 981 982 314 809 313 66 905 962 132 66
24 499 814 813 812 811 810 312 145 796 25 10 10
2 6 307 526 589 588 307 16 2 795 108 19 2
1 0 0 0 R
2 0 0 0 U
3 0 0 0 L
4 0 0 0 D
5 0 4 0 U
6 0 3 0 U
7 0 6 0 D
8 0 3 0 R
9 0 1 0 D
10 0 2 0 L
11 0 4 0 L
12 0 5 0 R
13 0 4 0 R
14 0 1 0 L
15 0 13 0 L
16 0 1 0 U
17 0 8 0 U
18 0 8 0 R
19 0 2 0 R
20 0 14 0 D
21 0 5 0 L
22 0 11 0 D
23 0 4 0 D
24 0 2 0 U
25 0 10 0 U
26 0 12 0 U
27 0 5 0 U
28 0 2 0 D
29 0 7 0 D
30 0 17 0 R
31 0 18 0 R
32 0 19 0 R
33 0 1 0 R
34 0 33 0 D
35 0 20 0 D
36 0 22 0 U
37 0 35 0 U
38 0 23 0 U
39 0 34 0 U
40 0 28 0 U
41 0 40 0 D
42 0 39 0 D
43 0 38 0 D
44 0 37 0 D
45 0 43 0 U
46 0 42 0 U
47 0 41 0 U
48 0 3 0 L
49 0 8 0 D
50 0 47 0 D
51 0 46 0 D
52 0 32 0 L
53 0 18 0 L
54 0 31 0 L
55 0 30 0 L
56 0 29 0 L
57 0 56 0 D
58 0 55 0 R
59 0 54 0 R
60 0 53 0 R
61 0 52 0 R
62 0 51 0 R
63 0 45 0 L
64 0 3 0 D
65 0 25 0 L
66 0 24 0 D
67 0 23 0 L
68 0 36 0 U
69 0 44 0 U
70 0 63 0 U
71 0 62 0 U
72 0 50 0 U
73 0 48 0 L
74 0 49 0 D
75 0 72 0 D
76 0 71 0 D
77 0 61 0 L
78 0 60 0 L
79 0 59 0 L
80 0 58 0 L
81 0 16 0 D
82 0 15 0 R
83 0 14 0 R
84 0 20 0 R
85 0 69 0 R
86 0 70 0 U
87 0 76 0 U
88 0 75 0 U
89 0 74 0 U
90 0 13 0 U
91 0 90 0 D
92 0 89 0 D
93 0 88 0 D
94 0 87 0 D
95 0 77 0 L
96 0 78 0 L
97 0 79 0 L
98 0 80 0 L
99 0 57 0 L
100 0 99 0 R
101 0 98 0 R
102 0 97 0 R
103 0 96 0 R
104 0 95 0 R
105 0 94 0 R
106 0 93 0 U
107 0 73 0 L
108 0 16 0 R
109 0 43 0 L
110 0 92 0 D
111 0 106 0 D
112 0 105 0 D
113 0 104 0 L
114 0 103 0 L
115 0 102 0 L
116 0 101 0 L
117 0 81 0 D
118 0 48 0 D
119 0 11 0 R
120 0 6 0 R
121 0 13 0 R
122 0 26 0 R
123 0 33 0 R
124 0 123 0 L
125 0 122 0 L
126 0 68 0 U
127 0 85 0 U
128 0 86 0 U
129 0 112 0 U
130 0 111 0 U
131 0 107 0 L
132 0 24 0 R
133 0 110 0 R
134 0 91 0 L
135 0 109 0 D
136 0 133 0 D
137 0 130 0 D
138 0 129 0 D
139 0 128 0 L
140 0 127 0 D
141 0 126 0 D
142 0 125 0 D
143 0 124 0 R
144 0 23 0 D
145 0 24 0 L
146 0 121 0 U
147 0 120 0 L
148 0 9 0 U
149 0 147 0 U
150 0 146 0 R
151 0 142 0 R
152 0 141 0 U
153 0 140 0 U
154 0 139 0 U
155 0 138 0 U
156 0 137 0 U
157 0 19 0 L
158 0 136 0 L
159 0 156 0 D
160 0 155 0 D
161 0 154 0 D
162 0 153 0 D
163 0 152 0 D
164 0 151 0 D
165 0 143 0 R
166 0 144 0 L
167 0 145 0 L
168 0 164 0 U
169 0 150 0 L
170 0 149 0 L
171 0 119 0 L
172 0 118 0 L
173 0 65 0 L
174 0 25 0 U
175 0 26 0 U
176 0 27 0 U
177 0 5 0 D
178 0 41 0 D
179 0 100 0 D
180 0 116 0 R
181 0 117 0 D
182 0 35 0 D
183 0 64 0 D
184 0 172 0 D
185 0 148 0 U
186 0 170 0 U
187 0 64 0 R
188 0 169 0 D
189 0 64 0 U
190 0 188 0 U
191 0 186 0 L
192 0 190 0 R
193 0 168 0 R
194 0 163 0 U
195 0 162 0 U
196 0 161 0 U
197 0 160 0 U
198 0 159 0 U
199 0 131 0 L
200 0 134 0 R
201 0 135 0 D
202 0 158 0 D
203 0 198 0 D
204 0 197 0 D
205 0 113 0 L
206 0 114 0 L
207 0 115 0 L
208 0 180 0 L
209 0 179 0 L
210 0 176 0 D
211 0 175 0 D
212 0 6 0 L
213 0 21 0 D
214 0 22 0 D
215 0 173 0 R
216 0 184 0 R
217 0 171 0 R
218 0 191 0 R
219 0 192 0 R
220 0 189 0 D
221 0 220 0 U
222 0 219 0 U
223 0 218 0 L
224 0 217 0 L
225 0 216 0 L
226 0 215 0 L
227 0 174 0 U
228 0 211 0 U
229 0 210 0 U
230 0 6 0 U
231 0 177 0 R
232 0 178 0 D
233 0 209 0 D
234 0 208 0 R
235 0 207 0 R
236 0 206 0 R
237 0 205 0 R
238 0 204 0 R
239 0 203 0 U
240 0 202 0 U
241 0 201 0 U
242 0 19 0 U
243 0 200 0 R
244 0 241 0 D
245 0 240 0 D
246 0 239 0 D
247 0 238 0 D
248 0 237 0 L
249 0 236 0 L
250 0 83 0 D
251 0 223 0 D
252 0 185 0 D
253 0 13 0 D
254 0 253 0 U
255 0 252 0 U
256 0 251 0 U
257 0 222 0 R
258 0 193 0 R
259 0 194 0 U
260 0 33 0 L
261 0 247 0 L
262 0 246 0 U
263 0 243 0 L
264 0 244 0 D
265 0 245 0 D
266 0 262 0 D
267 0 261 0 D
268 0 196 0 D
269 0 195 0 L
270 0 84 0 L
271 0 250 0 L
272 0 82 0 L
273 0 224 0 D
274 0 16 0 L
275 0 66 0 U
276 0 226 0 U
277 0 227 0 U
278 0 228 0 U
279 0 229 0 U
280 0 233 0 U
281 0 232 0 U
282 0 231 0 U
283 0 281 0 R
284 0 280 0 D
285 0 234 0 R
286 0 235 0 R
287 0 249 0 R
288 0 286 0 L
289 0 9 0 D
290 0 272 0 D
291 0 271 0 R
292 0 270 0 R
293 0 269 0 R
294 0 187 0 U
295 0 260 0 U
296 0 83 0 L
297 0 259 0 L
298 0 187 0 L
299 0 297 0 R
300 0 293 0 U
301 0 268 0 U
302 0 267 0 U
303 0 266 0 U
304 0 199 0 L
305 0 132 0 U
306 0 32 0 U
307 0 33 0 U
308 0 108 0 R
309 0 213 0 L
310 0 263 0 L
311 0 306 0 L
312 0 242 0 L
313 0 10 0 R
314 0 25 0 R
315 0 264 0 R
316 0 265 0 D
317 0 303 0 D
318 0 302 0 D
319 0 248 0 L
320 0 292 0 D
321 0 298 0 D
322 0 257 0 D
323 0 221 0 D
324 0 322 0 U
325 0 256 0 L
326 0 273 0 L
327 0 225 0 L
328 0 276 0 L
329 0 277 0 U
330 0 278 0 U
331 0 279 0 U
332 0 66 0 R
333 0 282 0 R
334 0 283 0 D
335 0 284 0 D
336 0 285 0 R
337 0 288 0 R
338 0 289 0 D
339 0 290 0 D
340 0 7 0 R
341 0 321 0 R
342 0 299 0 R
343 0 300 0 U
344 0 301 0 U
345 0 318 0 U
346 0 317 0 U
347 0 304 0 L
348 0 131 0 R
349 0 347 0 R
350 0 346 0 R
351 0 345 0 D
352 0 319 0 L
353 0 287 0 L
354 0 337 0 L
355 0 336 0 L
356 0 335 0 L
357 0 230 0 L
358 0 332 0 U
359 0 38 0 R
360 0 333 0 D
361 0 334 0 D
362 0 356 0 D
363 0 331 0 D
364 0 330 0 D
365 0 212 0 L
366 0 23 0 R
367 0 275 0 R
368 0 328 0 U
369 0 329 0 U
370 0 364 0 U
371 0 363 0 U
372 0 361 0 R
373 0 362 0 D
374 0 355 0 R
375 0 354 0 R
376 0 353 0 R
377 0 352 0 R
378 0 351 0 R
379 0 350 0 U
380 0 123 0 R
381 0 157 0 U
382 0 73 0 U
383 0 308 0 L
384 0 310 0 D
385 0 315 0 D
386 0 316 0 D
387 0 379 0 D
388 0 378 0 D
389 0 295 0 R
390 0 83 0 R
391 0 294 0 L
392 0 344 0 L
393 0 20 0 L
394 0 9 0 L
395 0 338 0 L
396 0 181 0 L
397 0 182 0 D
398 0 183 0 D
399 0 327 0 D
400 0 366 0 U
401 0 214 0 U
402 0 213 0 U
403 0 365 0 R
404 0 370 0 R
405 0 397 0 R
406 0 339 0 R
407 0 395 0 U
408 0 396 0 L
409 0 371 0 L
410 0 404 0 D
411 0 403 0 L
412 0 8 0 L
413 0 402 0 R
414 0 369 0 R
415 0 398 0 R
416 0 214 0 R
417 0 340 0 R
418 0 341 0 R
419 0 342 0 R
420 0 343 0 U
421 0 392 0 U
422 0 388 0 U
423 0 387 0 U
424 0 380 0 R
425 0 385 0 L
426 0 386 0 D
427 0 423 0 D
428 0 422 0 D
429 0 421 0 D
430 0 420 0 D
431 0 419 0 D
432 0 258 0 D
433 0 165 0 R
434 0 40 0 L
435 0 67 0 L
436 0 38 0 L
437 0 323 0 U
438 0 324 0 U
439 0 325 0 L
440 0 326 0 L
441 0 399 0 L
442 0 415 0 U
443 0 405 0 U
444 0 408 0 U
445 0 407 0 R
446 0 394 0 R
447 0 393 0 R
448 0 429 0 R
449 0 428 0 U
450 0 427 0 U
451 0 424 0 R
452 0 380 0 L
453 0 451 0 L
454 0 450 0 L
455 0 449 0 D
456 0 377 0 L
457 0 376 0 L
458 0 375 0 L
459 0 374 0 L
460 0 373 0 L
461 0 357 0 L
462 0 358 0 R
463 0 360 0 R
464 0 372 0 D
465 0 460 0 D
466 0 459 0 R
467 0 458 0 R
468 0 466 0 L
469 0 465 0 L
470 0 461 0 L
471 0 40 0 R
472 0 359 0 R
473 0 463 0 D
474 0 464 0 D
475 0 469 0 D
476 0 409 0 D
477 0 410 0 D
478 0 411 0 L
479 0 412 0 L
480 0 400 0 R
481 0 367 0 R
482 0 368 0 U
483 0 414 0 U
484 0 477 0 U
485 0 476 0 U
486 0 24 0 U
487 0 472 0 D
488 0 473 0 D
489 0 474 0 D
490 0 475 0 D
491 0 468 0 R
492 0 467 0 R
493 0 457 0 R
494 0 456 0 R
495 0 455 0 R
496 0 454 0 U
497 0 453 0 R
498 0 452 0 R
499 0 253 0 L
500 0 309 0 L
501 0 382 0 L
502 0 384 0 L
503 0 425 0 D
504 0 426 0 D
505 0 496 0 D
506 0 495 0 D
507 0 448 0 D
508 0 430 0 D
509 0 431 0 D
510 0 432 0 D
511 0 167 0 D
512 0 73 0 D
513 0 512 0 U
514 0 511 0 U
515 0 510 0 U
516 0 509 0 U
517 0 508 0 U
518 0 507 0 U
519 0 506 0 U
520 0 505 0 U
521 0 497 0 R
522 0 498 0 R
523 0 16 0 U
524 0 21 0 U
525 0 500 0 U
526 0 307 0 L
527 0 383 0 L
528 0 502 0 D
529 0 503 0 D
530 0 504 0 D
531 0 520 0 D
532 0 519 0 D
533 0 494 0 L
534 0 493 0 L
535 0 492 0 L
536 0 491 0 L
537 0 490 0 L
538 0 536 0 R
539 0 535 0 R
540 0 534 0 R
541 0 533 0 R
542 0 532 0 R
543 0 531 0 U
544 0 521 0 R
545 0 381 0 U
546 0 212 0 U
547 0 501 0 U
548 0 528 0 L
549 0 529 0 D
550 0 530 0 D
551 0 543 0 D
552 0 542 0 D
553 0 541 0 L
554 0 540 0 L
555 0 539 0 L
556 0 538 0 L
557 0 537 0 L
558 0 485 0 D
559 0 484 0 D
560 0 478 0 L
561 0 479 0 L
562 0 19 0 D
563 0 562 0 U
564 0 480 0 R
565 0 481 0 R
566 0 289 0 R
567 0 9 0 R
568 0 255 0 R
569 0 439 0 U
570 0 438 0 R
571 0 515 0 R
572 0 433 0 R
573 0 436 0 U
574 0 437 0 U
575 0 570 0 U
576 0 569 0 L
577 0 568 0 D
578 0 576 0 U
579 0 575 0 R
580 0 571 0 R
581 0 516 0 U
582 0 517 0 U
583 0 518 0 U
584 0 552 0 U
585 0 551 0 U
586 0 349 0 L
587 0 348 0 L
588 0 307 0 R
589 0 527 0 R
590 0 548 0 D
591 0 549 0 D
592 0 550 0 D
593 0 585 0 D
594 0 584 0 D
595 0 553 0 L
596 0 554 0 L
597 0 446 0 D
598 0 447 0 R
599 0 583 0 R
600 0 582 0 D
601 0 581 0 D
602 0 580 0 D
603 0 572 0 R
604 0 166 0 L
605 0 514 0 L
606 0 574 0 L
607 0 579 0 U
608 0 578 0 L
609 0 440 0 L
610 0 441 0 L
611 0 482 0 L
612 0 401 0 L
613 0 49 0 U
614 0 561 0 U
615 0 560 0 R
616 0 559 0 R
617 0 558 0 U
618 0 617 0 R
619 0 444 0 R
620 0 445 0 R
621 0 597 0 R
622 0 598 0 R
623 0 599 0 R
624 0 391 0 R
625 0 212 0 R
626 0 74 0 R
627 0 600 0 L
628 0 320 0 L
629 0 291 0 L
630 0 406 0 L
631 0 443 0 L
632 0 616 0 L
633 0 615 0 L
634 0 413 0 D
635 0 612 0 D
636 0 564 0 D
637 0 563 0 L
638 0 636 0 R
639 0 565 0 R
640 0 611 0 U
641 0 483 0 U
642 0 632 0 U
643 0 618 0 U
644 0 557 0 U
645 0 489 0 U
646 0 488 0 U
647 0 487 0 U
648 0 646 0 D
649 0 645 0 D
650 0 644 0 D
651 0 556 0 R
652 0 555 0 R
653 0 596 0 R
654 0 595 0 R
655 0 594 0 R
656 0 623 0 D
657 0 627 0 D
658 0 601 0 D
659 0 602 0 D
660 0 603 0 R
661 0 604 0 L
662 0 605 0 L
663 0 606 0 L
664 0 607 0 U
665 0 608 0 L
666 0 609 0 L
667 0 610 0 L
668 0 640 0 L
669 0 667 0 R
670 0 666 0 R
671 0 665 0 R
672 0 664 0 R
673 0 659 0 R
674 0 658 0 U
675 0 657 0 U
676 0 656 0 U
677 0 655 0 U
678 0 593 0 U
679 0 592 0 U
680 0 591 0 U
681 0 590 0 U
682 0 680 0 D
683 0 679 0 D
684 0 678 0 D
685 0 677 0 D
686 0 389 0 R
687 0 390 0 R
688 0 625 0 D
689 0 274 0 D
690 0 296 0 D
691 0 296 0 L
692 0 674 0 L
693 0 675 0 U
694 0 676 0 U
695 0 685 0 U
696 0 684 0 U
697 0 544 0 R
698 0 696 0 L
699 0 695 0 D
700 0 654 0 L
701 0 653 0 L
702 0 652 0 L
703 0 620 0 D
704 0 630 0 D
705 0 416 0 D
706 0 670 0 D
707 0 567 0 D
708 0 577 0 R
709 0 671 0 U
710 0 672 0 R
711 0 673 0 R
712 0 692 0 U
713 0 693 0 U
714 0 694 0 U
715 0 699 0 U
716 0 698 0 U
717 0 586 0 L
718 0 587 0 L
719 0 717 0 R
720 0 716 0 R
721 0 715 0 D
722 0 700 0 L
723 0 701 0 L
724 0 702 0 L
725 0 651 0 L
726 0 650 0 L
727 0 643 0 D
728 0 642 0 D
729 0 633 0 L
730 0 614 0 L
731 0 365 0 L
732 0 214 0 D
733 0 635 0 R
734 0 668 0 R
735 0 669 0 R
736 0 706 0 R
737 0 709 0 R
738 0 710 0 R
739 0 711 0 R
740 0 662 0 D
741 0 739 0 U
742 0 712 0 U
743 0 713 0 U
744 0 714 0 U
745 0 721 0 U
746 0 720 0 U
747 0 719 0 L
748 0 718 0 L
749 0 145 0 U
750 0 305 0 R
751 0 683 0 R
752 0 746 0 D
753 0 745 0 D
754 0 744 0 D
755 0 743 0 D
756 0 742 0 D
757 0 741 0 D
758 0 660 0 R
759 0 451 0 R
760 0 118 0 D
761 0 435 0 L
762 0 513 0 L
763 0 573 0 L
764 0 663 0 U
765 0 738 0 U
766 0 737 0 L
767 0 736 0 L
768 0 735 0 L
769 0 734 0 L
770 0 639 0 D
771 0 22 0 R
772 0 254 0 R
773 0 708 0 U
774 0 766 0 U
775 0 765 0 R
776 0 757 0 R
777 0 758 0 R
778 0 759 0 R
779 0 760 0 D
780 0 11 0 L
781 0 763 0 U
782 0 764 0 U
783 0 775 0 U
784 0 774 0 L
785 0 767 0 L
786 0 768 0 L
787 0 769 0 L
788 0 641 0 U
789 0 728 0 U
790 0 727 0 U
791 0 726 0 U
792 0 649 0 U
793 0 648 0 U
794 0 647 0 U
795 0 123 0 U
796 0 45 0 D
797 0 794 0 D
798 0 793 0 D
799 0 792 0 D
800 0 791 0 D
801 0 725 0 R
802 0 724 0 R
803 0 723 0 R
804 0 722 0 R
805 0 753 0 R
806 0 752 0 U
807 0 747 0 L
808 0 748 0 L
809 0 17 0 U
810 0 295 0 U
811 0 311 0 R
812 0 681 0 R
813 0 547 0 R
814 0 525 0 R
815 0 524 0 D
816 0 523 0 D
817 0 522 0 D
818 0 697 0 L
819 0 806 0 L
820 0 805 0 D
821 0 804 0 L
822 0 803 0 L
823 0 802 0 L
824 0 801 0 L
825 0 800 0 L
826 0 790 0 D
827 0 789 0 D
828 0 729 0 L
829 0 730 0 L
830 0 613 0 D
831 0 119 0 D
832 0 733 0 R
833 0 787 0 R
834 0 788 0 U
835 0 827 0 U
836 0 826 0 U
837 0 167 0 R
838 0 470 0 R
839 0 825 0 R
840 0 824 0 R
841 0 823 0 R
842 0 822 0 R
843 0 821 0 R
844 0 820 0 R
845 0 686 0 R
846 0 687 0 R
847 0 846 0 L
848 0 845 0 L
849 0 844 0 L
850 0 819 0 U
851 0 818 0 R
852 0 817 0 R
853 0 816 0 L
854 0 545 0 L
855 0 751 0 L
856 0 850 0 D
857 0 849 0 D
858 0 843 0 L
859 0 842 0 L
860 0 841 0 L
861 0 840 0 L
862 0 839 0 L
863 0 836 0 D
864 0 835 0 D
865 0 828 0 L
866 0 829 0 L
867 0 731 0 L
868 0 732 0 D
869 0 144 0 D
870 0 637 0 U
871 0 638 0 R
872 0 770 0 R
873 0 833 0 U
874 0 834 0 U
875 0 864 0 U
876 0 863 0 U
877 0 347 0 L
878 0 877 0 R
879 0 876 0 R
880 0 619 0 R
881 0 703 0 R
882 0 621 0 R
883 0 622 0 R
884 0 754 0 R
885 0 624 0 R
886 0 270 0 D
887 0 691 0 D
888 0 756 0 L
889 0 418 0 L
890 0 417 0 L
891 0 705 0 L
892 0 442 0 L
893 0 786 0 D
894 0 566 0 D
895 0 872 0 L
896 0 873 0 U
897 0 874 0 U
898 0 875 0 U
899 0 879 0 U
900 0 878 0 L
901 0 837 0 U
902 0 174 0 L
903 0 486 0 U
904 0 471 0 R
905 0 797 0 R
906 0 798 0 D
907 0 799 0 D
908 0 862 0 D
909 0 861 0 R
910 0 860 0 R
911 0 859 0 R
912 0 858 0 R
913 0 857 0 R
914 0 848 0 R
915 0 847 0 R
916 0 626 0 D
917 0 689 0 L
918 0 886 0 L
919 0 755 0 L
920 0 628 0 L
921 0 629 0 L
922 0 704 0 L
923 0 631 0 L
924 0 898 0 L
925 0 865 0 L
926 0 866 0 L
927 0 830 0 D
928 0 634 0 R
929 0 897 0 R
930 0 896 0 D
931 0 895 0 D
932 0 689 0 D
933 0 772 0 U
934 0 773 0 U
935 0 784 0 U
936 0 783 0 R
937 0 776 0 R
938 0 888 0 U
939 0 919 0 U
940 0 884 0 U
941 0 913 0 U
942 0 856 0 U
943 0 851 0 R
944 0 852 0 R
945 0 853 0 L
946 0 854 0 L
947 0 855 0 L
948 0 942 0 D
949 0 941 0 D
950 0 912 0 L
951 0 911 0 L
952 0 882 0 D
953 0 921 0 D
954 0 922 0 L
955 0 923 0 L
956 0 924 0 L
957 0 899 0 U
958 0 900 0 L
959 0 838 0 U
960 0 367 0 U
961 0 462 0 U
962 0 904 0 U
963 0 486 0 D
964 0 903 0 D
965 0 902 0 D
966 0 304 0 R
967 0 958 0 R
968 0 957 0 R
969 0 880 0 R
970 0 881 0 R
971 0 952 0 R
972 0 883 0 R
973 0 920 0 D
974 0 939 0 R
975 0 940 0 U
976 0 949 0 U
977 0 948 0 U
978 0 943 0 R
979 0 944 0 R
980 0 815 0 L
981 0 546 0 L
982 0 682 0 L
983 0 947 0 D
984 0 977 0 D
985 0 976 0 D
986 0 975 0 D
987 0 974 0 D
988 0 938 0 D
989 0 937 0 D
990 0 777 0 R
