50 995 12713 800
36 17 35 33
36 41 25 21
34 34 4 23
13 11 18 18
27 27 8 35
34 26 16 26
34 25 27 41
0 41 19 35
31 25 27 22
33 30 44 1
6 46 2 26
17 1 17 25
5 46 15 14
20 20 21 24
6 40 30 19
32 45 23 22
19 18 10 22
11 43 23 21
3 36 16 28
39 34 5 20
37 34 21 4
36 27 1 33
48 18 37 7
42 31 10 38
15 17 10 32
38 33 17 8
22 16 3 22
29 28 41 21
10 29 16 31
26 41 19 42
3 46 23 21
41 40 17 43
41 29 8 39
25 16 4 35
21 28 3 44
49 29 11 18
15 13 25 34
3 44 40 18
20 23 37 21
32 27 10 26
22 44 25 23
14 41 13 37
37 18 33 33
4 28 32 41
5 41 39 20
37 29 35 24
16 48 3 48
17 31 5 30
1 41 23 27
16 47 23 27
26 35 44 26
22 46 12 30
41 32 21 28
38 34 22 11
47 35 6 37
38 26 4 39
1 44 10 23
12 49 11 31
41 32 48 7
33 37 14 24
14 48 15 33
30 34 16 20
35 20 6 39
41 29 8 26
9 16 12 23
39 37 14 27
31 27 48 20
32 42 22 36
31 35 13 42
48 33 15 26
33 29 22 28
20 42 17 27
39 29 13 22
39 36 46 21
0 1 24 40
28 26 5 18
45 4 23 31
6 44 19 39
35 0 7 36
20 35 28 40
15 3 22 17
4 33 15 24
1 39 12 18
6 29 6 15
14 9 13 40
32 37 11 24
44 32 21 30
13 48 32 10
39 37 7 29
29 34 15 17
32 37 40 6
19 20 44 14
32 38 35 19
12 42 30 27
14 13 4 26
36 34 20 31
34 30 48 22
3 42 19 27
4 40 29 28
39 38 31 27
40 16 11 13
40 34 15 19
32 47 16 43
3 42 20 26
44 30 1 14
23 25 48 15
29 39 27 23
13 5 43 2
14 19 47 2
1 32 31 7
17 41 41 6
2 42 17 22
37 37 1 28
43 11 5 20
33 48 2 22
22 17 39 7
46 18 12 6
32 21 20 32
4 36 12 37
31 32 18 17
0 36 24 30
8 36 14 39
32 24 18 6
37 41 17 29
4 35 10 23
42 39 34 4
1 31 44 6
26 30 29 35
13 15 43 21
2 48 28 13
46 24 23 33
36 36 7 13
32 39 4 20
45 28 5 33
31 31 27 49
43 4 30 33
6 35 33 23
2 37 46 21
10 46 16 44
1 29 11 20
27 10 3 23
34 40 6 39
8 43 3 31
36 32 6 34
15 46 19 10
38 28 21 32
32 19 16 23
6 47 22 45
37 42 12 25
11 34 12 29
39 25 18 18
17 12 24 13
3 42 13 31
2 43 26 36
31 35 17 28
46 33 5 23
9 33 8 41
41 32 33 13
42 13 5 4
47 41 20 31
34 16 22 37
6 24 13 24
2 37 16 25
31 13 23 41
13 19 18 20
7 32 38 0
18 32 48 10
0 42 17 30
25 42 23 19
6 29 25 25
16 45 12 22
15 20 13 44
8 25 14 43
3 38 3 27
30 26 16 33
39 41 18 36
29 21 14 37
33 29 38 12
45 31 22 27
45 32 14 42
22 33 8 29
31 39 10 23
28 24 19 28
37 20 32 4
6 43 18 23
5 39 19 19
33 36 12 37
32 33 3 9
11 15 14 36
37 26 11 35
11 49 22 38
34 34 13 29
39 29 46 16
9 17 7 34
40 37 11 40
16 22 20 39
38 40 3 23
3 43 12 37
20 30 15 20
37 27 29 15
3 37 5 27
45 26 15 31
47 42 34 28
14 11 3 25
26 43 16 6
36 34 7 19
43 16 4 25
13 48 13 11
35 32 10 39
1 35 33 35
28 47 9 11
19 37 20 13
0 38 22 24
20 12 29 4
0 35 34 23
15 43 35 34
46 39 36 13
46 38 3 35
1 19 21 46
20 9 21 17
28 2 33 23
15 20 32 31
36 38 26 46
30 28 45 0
42 30 22 27
43 31 0 22
16 18 8 11
34 35 17 26
2 38 19 29
42 26 14 18
19 26 9 38
5 37 28 24
41 39 8 26
23 31 30 29
25 33 25 21
28 11 17 26
11 1 33 40
12 30 21 34
28 35 13 20
43 36 15 44
47 28 9 11
46 38 21 24
42 27 18 31
41 39 0 26
45 37 18 20
31 36 24 32
16 41 4 20
4 33 19 28
4 44 12 30
41 25 14 21
0 43 32 22
13 46 0 38
3 37 12 25
42 32 47 14
13 49 38 10
30 26 21 30
3 43 34 48
35 28 47 37
4 32 20 42
41 24 6 36
49 41 2 38
11 44 6 3
29 38 28 20
36 35 24 31
41 26 11 30
34 24 19 22
36 37 13 28
47 25 19 43
43 25 11 31
7 43 40 38
29 35 35 21
2 29 9 31
4 27 14 41
2 44 37 14
42 28 36 16
40 31 20 24
17 47 15 19
38 15 21 21
5 22 18 48
13 31 17 22
25 41 17 13
33 32 3 42
11 23 21 33
21 16 30 31
27 33 22 38
46 37 24 27
34 30 23 28
44 38 1 35
26 35 4 13
42 32 17 26
36 38 34 45
34 26 42 8
37 41 25 40
5 36 19 16
37 23 20 27
9 45 21 29
43 32 13 23
36 29 13 31
18 19 22 46
31 48 24 13
34 28 13 29
6 36 19 29
5 38 26 1
18 48 34 16
15 45 10 27
29 36 24 1
12 33 32 34
41 35 35 33
0 42 10 33
6 40 20 26
32 45 25 23
37 47 9 38
44 31 21 38
49 18 7 35
20 47 11 20
0 47 28 31
42 21 7 28
3 28 18 32
11 34 24 35
13 42 27 27
4 37 28 30
36 32 27 27
32 34 10 18
35 43 37 10
20 12 2 25
13 24 8 16
8 49 26 45
30 38 1 19
14 16 18 48
1 34 11 43
12 11 12 24
15 46 12 37
5 25 4 16
37 32 20 21
19 39 4 33
7 37 10 28
32 48 29 41
4 42 5 46
15 39 19 8
48 8 15 26
18 49 18 39
33 32 9 35
31 44 3 38
3 23 8 24
27 35 6 34
42 33 21 35
16 39 39 12
14 48 8 23
37 38 29 44
36 39 17 25
6 33 2 30
9 48 34 34
8 19 8 27
40 34 12 11
27 45 7 41
40 39 15 24
12 48 6 20
33 39 4 39
31 34 5 33
20 29 23 27
10 48 27 25
9 14 3 28
13 49 20 40
44 1 23 16
19 14 27 41
1 39 5 33
32 13 17 30
35 37 12 26
17 45 22 27
33 23 42 24
27 36 22 25
4 31 40 2
43 22 41 41
45 36 19 39
43 28 23 27
47 21 25 31
25 34 27 23
0 35 15 19
9 49 40 20
45 21 20 32
30 38 39 49
42 22 36 5
17 23 21 47
42 19 16 46
38 12 8 26
36 38 1 43
17 18 27 29
42 29 1 38
40 38 45 24
40 33 9 31
28 30 28 12
5 45 34 14
17 18 12 34
34 24 31 43
3 31 22 35
32 40 20 16
17 13 32 4
40 35 10 18
42 45 30 40
27 31 22 29
43 31 20 8
0 42 36 16
29 31 9 38
34 7 5 35
12 17 21 17
5 34 10 20
16 47 37 20
13 36 11 8
37 34 46 2
13 16 11 38
30 30 13 32
37 36 9 24
34 42 17 38
31 29 46 5
4 34 10 12
39 33 28 30
25 12 24 30
22 33 18 27
31 27 3 8
0 41 15 32
47 26 15 45
18 31 3 35
42 37 0 29
41 32 12 21
38 35 17 36
6 38 20 26
35 38 12 20
20 36 39 36
14 12 7 15
31 33 13 49
3 41 0 23
40 29 35 8
34 47 34 6
35 27 16 33
2 46 12 31
30 38 33 33
7 36 11 35
33 37 10 27
36 33 39 2
28 15 10 40
23 21 28 3
6 48 22 37
17 12 22 40
13 15 16 28
4 35 18 28
8 14 15 19
1 31 36 39
35 25 20 26
31 16 26 21
38 35 7 45
3 49 17 32
2 42 42 15
39 25 32 40
2 49 16 24
44 28 13 1
25 19 44 23
27 45 23 23
47 45 19 28
15 46 34 27
20 7 22 23
16 11 32 25
43 29 13 26
7 49 22 30
34 38 44 13
36 35 25 26
6 43 34 26
41 33 26 43
18 43 15 5
27 42 4 42
47 38 26 27
1 38 24 33
18 14 24 35
16 46 26 25
34 37 11 21
26 43 33 20
28 39 17 22
2 47 20 37
12 43 27 40
41 26 18 30
31 30 20 30
29 23 3 45
8 15 38 17
30 30 3 15
1 42 9 37
1 38 3 43
27 37 14 25
19 24 0 32
15 36 22 26
8 44 4 43
34 32 46 13
6 48 28 27
45 36 17 24
16 44 10 21
27 38 6 34
30 24 23 34
5 38 4 34
9 20 19 15
25 36 22 17
26 15 34 38
37 31 0 29
27 15 27 3
8 42 17 31
36 41 19 18
43 29 11 22
36 13 15 35
20 16 25 29
14 11 8 7
37 29 30 14
3 34 5 44
14 15 19 39
33 26 20 20
36 16 47 26
38 34 24 26
38 35 14 26
18 23 3 32
40 27 13 25
18 21 40 13
16 16 18 40
35 25 35 36
38 36 36 41
38 47 24 38
12 17 21 40
11 45 3 30
14 1 22 30
36 30 47 5
39 33 22 1
0 39 13 23
12 26 16 45
13 41 18 37
7 37 4 26
16 38 9 22
1 46 2 40
36 26 25 26
17 18 25 20
45 28 11 38
13 42 10 26
21 33 34 13
30 42 20 25
3 33 32 26
8 37 48 2
39 39 18 28
37 43 25 33
22 32 14 34
4 38 19 31
40 32 12 30
28 40 5 19
7 37 11 17
11 18 33 42
36 41 21 29
6 33 3 11
22 12 8 36
40 18 24 28
6 39 17 25
35 33 17 25
40 20 0 35
30 28 23 20
33 27 11 39
46 32 10 20
3 38 22 12
4 34 13 30
38 37 26 24
1 14 33 20
41 20 23 16
23 28 20 35
42 31 0 16
33 37 41 22
9 40 16 43
0 43 12 40
1 40 17 11
37 37 9 25
2 34 31 42
12 38 14 27
13 17 9 14
13 26 15 22
27 29 15 25
21 4 31 26
2 41 29 15
36 33 27 17
42 19 24 36
6 38 32 12
37 40 21 28
6 43 43 24
30 25 10 23
14 48 5 37
0 34 23 33
36 34 15 27
28 26 19 22
17 13 19 26
19 22 4 30
18 37 4 30
22 28 29 31
14 16 12 34
49 29 31 42
29 34 13 36
6 44 5 34
4 35 25 31
47 30 15 33
33 38 29 28
13 44 47 0
4 47 23 11
27 40 2 30
1 41 24 16
19 19 4 36
35 33 30 49
33 35 8 26
45 29 31 1
38 27 23 16
38 37 28 31
49 33 39 26
31 35 8 34
13 38 6 19
30 24 15 31
22 37 17 20
34 26 26 49
35 39 13 47
18 16 19 23
17 46 21 43
49 18 7 29
5 35 26 10
11 48 6 34
11 38 3 37
8 46 26 27
3 37 39 33
7 44 18 21
35 32 29 23
17 10 7 39
49 43 26 8
42 25 9 31
42 27 7 42
1 37 18 7
9 46 0 6
0 39 19 43
37 38 5 24
44 38 20 25
26 42 19 23
40 27 28 24
46 10 42 49
26 28 16 21
3 29 24 26
23 33 31 34
8 43 18 42
37 39 27 33
40 32 9 21
14 18 31 29
29 22 10 22
27 49 14 25
12 45 25 27
13 43 15 21
29 34 14 49
43 34 17 31
22 33 40 5
0 34 9 14
37 30 32 41
11 36 14 49
2 38 14 19
24 27 7 37
20 18 17 15
1 31 44 17
36 32 2 20
13 26 18 40
2 42 19 31
35 16 2 35
3 40 8 41
9 38 20 27
41 23 20 27
23 17 20 37
12 42 7 36
3 41 3 24
28 25 9 22
15 11 2 38
42 29 7 34
34 29 20 26
30 38 35 13
41 32 28 5
43 32 11 21
38 31 19 27
4 31 28 28
47 26 22 28
48 13 37 32
44 37 26 14
21 33 25 40
32 37 46 4
8 39 21 34
12 17 21 33
30 33 14 26
12 30 25 28
40 41 9 38
27 37 21 41
0 42 22 24
44 28 16 36
4 41 45 24
5 46 9 31
30 35 16 33
4 45 10 39
34 33 30 10
14 41 43 12
15 19 11 12
3 37 19 38
27 42 26 29
0 38 14 31
42 27 11 39
4 31 5 45
46 47 9 38
11 46 22 29
3 34 17 12
43 33 15 36
8 18 46 2
14 15 25 18
0 32 5 32
40 43 0 18
37 10 18 48
41 38 32 27
2 48 24 26
39 39 24 17
36 40 47 5
5 35 25 33
37 25 8 45
37 29 24 12
4 40 41 10
33 35 5 37
39 32 24 31
4 44 19 28
32 42 6 29
15 18 1 30
31 29 17 26
5 47 18 42
26 39 26 22
1 36 33 49
14 23 24 25
9 48 25 25
20 34 32 44
11 43 1 41
45 46 5 18
11 26 16 23
9 43 16 29
36 34 18 35
41 45 15 30
0 0 7 38
43 28 14 26
14 20 29 12
16 17 26 37
19 17 7 43
44 43 10 41
10 46 30 36
36 35 18 34
12 48 32 32
28 34 35 21
36 31 14 37
35 25 7 32
29 20 34 32
31 34 26 41
13 15 1 9
9 42 19 19
7 24 22 25
38 21 5 41
37 24 20 28
43 44 34 46
44 31 40 21
37 45 21 28
16 46 41 6
1 45 6 15
44 29 36 10
39 35 13 23
0 36 30 41
34 25 16 24
35 35 3 41
6 45 18 30
31 42 13 34
35 21 20 5
1 30 15 23
40 28 14 14
48 41 0 32
40 28 22 32
37 26 32 39
40 26 14 1
0 33 0 12
36 25 11 38
8 43 38 5
45 36 26 27
47 23 40 11
21 35 33 19
21 16 18 33
22 19 14 28
13 45 11 25
9 33 5 34
4 36 13 45
37 37 13 21
37 35 15 15
4 46 27 30
9 49 35 9
27 33 22 46
21 43 14 29
11 16 18 21
23 8 31 35
12 38 20 15
22 32 13 21
16 49 11 7
3 42 24 31
1 37 23 1
33 34 24 21
4 42 11 34
36 28 16 30
1 46 19 19
12 25 5 26
37 16 1 38
39 31 26 49
1 44 14 33
6 40 20 27
20 18 40 10
36 27 35 35
42 35 13 28
37 35 15 21
40 36 8 16
7 44 45 6
1 37 0 26
21 22 11 23
31 35 24 11
7 45 23 34
17 22 14 43
3 40 38 39
24 47 12 44
46 4 2 40
8 30 5 27
3 43 17 24
1 41 33 37
45 17 45 5
35 35 29 24
16 10 27 20
21 8 8 23
10 6 12 24
23 30 22 43
14 44 8 43
37 27 1 24
39 27 17 19
1 30 17 24
12 11 17 21
27 3 9 43
3 40 18 27
10 46 15 37
44 38 35 42
40 39 26 35
40 42 38 34
0 32 24 40
31 37 19 39
20 41 24 22
22 42 1 33
0 38 19 28
44 33 13 21
16 47 23 22
17 11 4 27
37 29 28 23
4 34 4 42
34 34 18 37
20 20 7 20
28 20 24 42
1 44 39 3
44 42 35 44
32 30 20 47
9 31 23 32
18 48 19 25
0 42 7 12
17 46 17 23
4 37 29 36
37 40 26 45
14 16 27 40
0 38 14 34
17 8 14 25
12 49 5 32
0 39 11 46
39 21 18 42
8 49 12 39
3 44 37 35
37 29 25 22
28 31 15 33
26 39 1 35
2 37 0 18
12 38 3 19
15 45 18 32
49 37 25 37
3 13 12 25
2 45 2 20
15 44 5 35
45 28 11 31
17 11 30 25
32 33 21 10
7 29 2 31
41 36 27 36
35 42 44 14
25 46 30 27
34 24 6 36
40 31 6 38
17 40 21 26
25 44 20 36
49 46 19 19
30 44 40 30
8 36 5 16
8 46 13 29
11 44 28 4
3 45 24 19
39 35 29 33
20 13 19 28
0 40 9 29
12 13 11 32
34 18 7 36
7 47 11 45
11 29 19 20
6 36 27 21
36 36 23 46
44 29 26 42
19 33 9 25
10 46 29 36
10 43 30 46
2 37 26 35
3 32 16 40
1 36 19 32
0 42 33 37
39 34 28 29
34 21 15 29
29 32 16 19
29 42 24 34
10 14 17 29
7 44 23 29
9 47 38 30
15 20 11 16
49 24 19 36
39 29 30 32
30 43 16 22
4 29 8 22
37 43 25 35
3 40 17 19
14 12 28 29
26 37 24 17
36 42 15 29
36 28 3 28
24 18 16 23
24 30 11 29
0 35 6 20
15 8 14 14
18 33 7 25
34 39 19 29
34 23 20 26
12 35 12 30
31 43 24 37
39 46 29 36
12 40 15 22
47 27 3 1
33 26 22 43
43 32 23 18
40 17 35 44
20 20 33 45
11 45 6 29
49 26 12 34
13 45 27 38
31 22 6 31
32 25 4 33
44 12 35 26
21 41 27 23
30 28 24 22
46 33 13 33
14 43 29 33
44 27 20 30
29 43 9 35
15 36 2 26
38 27 1 23
38 31 43 19
46 42 16 22
40 31 6 26
18 44 21 23
43 31 13 22
22 39 5 40
19 15 16 34
38 33 20 42
0 42 20 38
3 32 17 14
13 49 8 42
12 17 1 29
1 33 8 18
37 31 8 31
27 40 26 32
2 38 24 19
44 3 32 29
7 44 9 27
0 41 43 13
9 38 35 0
43 35 2 12
8 45 30 29
11 30 18 34
36 17 1 15
36 41 20 20
11 16 24 39
42 18 10 31
34 23 37 25
41 29 9 27
3 46 23 47
16 45 2 18
