50 87 11627 800
44 37 34 28
2 39 15 34
10 49 32 28
22 29 31 5
14 31 17 19
41 23 26 34
1 31 7 33
40 17 34 32
38 15 15 36
19 36 19 7
36 19 21 46
16 28 32 11
14 28 25 36
45 7 34 27
15 47 39 40
1 32 10 36
12 48 20 4
28 34 16 6
49 25 25 10
6 32 32 37
11 32 14 37
25 17 20 6
18 27 10 46
19 42 39 2
11 33 19 33
5 23 16 8
0 49 20 6
28 26 6 46
24 22 15 35
20 40 41 39
25 23 8 8
42 10 35 27
37 26 17 11
0 25 21 33
11 27 16 26
14 38 20 2
6 40 10 45
25 30 7 40
2 33 15 36
13 33 12 44
10 43 2 32
25 45 26 17
40 39 10 3
48 24 5 39
38 27 23 36
18 32 0 39
4 47 27 24
40 40 1 17
14 36 32 49
10 20 18 3
6 44 20 5
21 30 25 29
4 37 18 44
41 28 17 37
2 30 17 4
23 44 19 33
2 48 9 43
32 32 0 30
5 44 18 5
48 23 13 39
13 46 22 44
19 41 15 30
27 40 44 7
39 32 15 30
6 33 18 41
47 30 28 29
0 36 11 37
8 36 15 4
44 29 19 4
4 34 39 4
10 22 47 23
9 25 14 35
0 27 18 33
43 32 3 45
11 46 36 3
17 38 8 11
10 45 36 24
26 37 7 39
17 36 14 47
3 14 11 19
3 30 12 17
26 37 39 28
29 43 15 34
22 48 42 1
16 48 35 28
0 46 15 9
26 11 18 34
