50 614 12361 800
27 42 1 15
30 26 1 11
48 34 12 41
5 20 21 39
17 48 30 38
23 21 22 13
31 26 3 2
42 15 26 38
21 19 10 4
20 16 14 37
43 13 33 14
26 28 8 5
15 19 41 26
24 14 2 2
2 9 29 14
11 26 16 2
18 15 0 49
24 34 12 36
29 39 23 9
6 11 18 13
20 24 29 35
18 18 21 4
14 41 36 26
25 8 31 14
17 22 16 1
4 7 7 11
41 14 20 41
16 14 11 10
19 36 14 2
9 17 3 7
17 37 4 27
33 8 2 15
3 17 49 4
30 11 30 44
11 20 22 46
31 48 15 23
14 24 10 7
35 34 3 6
18 9 6 14
43 8 15 19
4 25 7 0
2 1 9 14
27 22 1 25
31 24 23 38
17 15 5 17
13 45 3 13
16 12 20 16
10 18 21 37
3 9 6 22
44 45 18 18
27 24 15 6
6 10 18 7
30 17 14 5
38 29 41 10
39 38 4 15
14 38 7 2
5 10 8 27
24 17 10 22
37 17 9 11
30 5 6 17
4 21 2 15
3 5 5 17
2 16 35 7
1 10 3 1
25 49 2 13
20 23 6 2
37 23 7 30
2 12 16 17
15 26 5 22
9 33 18 20
38 17 24 31
10 6 10 25
11 18 7 3
1 22 4 16
35 5 10 13
16 10 1 34
47 29 6 23
27 27 23 38
8 18 6 30
13 11 0 11
11 6 6 3
20 40 1 11
15 48 1 11
28 38 15 21
27 6 29 18
40 32 11 12
19 46 30 44
25 29 6 16
35 10 21 12
32 19 41 14
3 8 30 6
5 6 0 20
24 3 44 16
27 24 4 9
23 44 4 19
20 35 9 22
24 7 48 35
41 29 6 4
21 26 5 34
21 38 15 12
25 49 29 17
16 8 21 38
16 41 26 19
24 26 6 4
8 1 5 17
0 11 8 19
11 3 22 38
9 21 14 11
26 14 15 10
20 1 25 15
45 42 24 2
10 46 7 15
18 20 12 20
5 10 37 7
39 42 43 0
28 2 5 13
4 9 48 47
11 19 27 42
14 13 40 10
1 6 38 35
13 43 30 11
31 46 27 13
21 8 6 15
18 0 29 19
19 29 18 36
17 29 7 14
18 45 8 20
4 2 10 15
44 21 11 7
14 16 4 7
36 37 18 13
37 1 3 3
22 49 34 7
13 37 24 16
6 17 20 5
36 37 16 35
16 12 17 17
18 26 0 25
7 16 33 18
31 34 12 14
11 11 3 15
4 25 3 3
0 7 17 12
21 28 22 39
20 36 39 9
22 38 49 7
17 11 12 28
24 35 23 26
30 11 13 15
10 49 18 9
21 25 24 31
14 28 1 18
21 16 7 18
23 25 3 0
19 0 25 43
44 25 48 12
35 4 4 24
16 10 14 4
11 19 16 38
35 38 7 18
8 18 6 8
23 27 6 20
20 22 2 14
34 32 14 23
0 11 19 27
20 36 19 11
23 13 49 31
33 30 36 35
2 35 31 5
7 33 18 26
26 42 14 6
13 26 46 5
29 48 3 18
21 28 12 25
28 0 15 36
28 48 3 22
33 41 26 3
7 13 18 40
16 34 3 7
9 22 6 4
34 31 6 10
37 40 17 7
24 8 14 14
13 46 19 33
28 12 18 13
45 23 15 42
11 9 24 35
16 1 3 18
13 29 25 37
34 30 40 45
20 26 19 40
9 10 18 1
13 13 15 47
19 8 8 5
19 44 37 7
2 18 45 10
40 29 32 28
45 22 2 19
11 36 27 28
27 22 11 15
10 32 32 29
6 10 17 12
19 11 22 18
21 28 10 10
23 28 6 24
0 11 7 18
19 28 4 22
33 31 5 22
47 17 18 36
11 9 25 40
3 23 21 4
20 25 1 16
45 23 7 15
12 35 28 8
20 41 40 11
23 43 8 4
5 4 26 10
26 44 22 17
0 15 12 18
10 23 5 0
28 19 19 2
22 9 12 19
1 19 20 40
49 28 38 17
2 26 27 23
23 42 14 19
29 20 49 44
19 24 3 23
20 7 24 29
17 2 36 44
49 42 19 13
24 44 33 13
21 22 15 27
24 43 17 18
27 9 2 15
38 21 11 34
25 44 4 22
16 25 5 9
16 27 44 3
14 29 12 2
24 16 2 15
25 40 12 14
11 6 1 0
40 29 1 28
12 30 5 5
45 17 23 41
48 14 27 11
21 46 12 8
36 43 1 29
24 37 15 14
22 22 44 34
24 37 17 20
1 27 5 10
22 10 24 37
48 2 1 4
24 31 36 27
11 13 4 7
9 6 36 19
17 7 27 4
8 2 0 1
18 7 2 19
48 19 6 6
5 9 2 27
13 18 2 8
20 3 16 10
21 28 6 22
24 24 4 13
33 33 6 19
29 41 20 4
29 15 5 17
19 15 13 8
12 22 6 16
25 2 9 23
42 19 31 28
20 44 27 36
40 41 48 19
6 2 14 17
2 2 6 12
4 4 3 11
2 7 2 17
39 22 9 22
10 12 2 27
31 35 8 36
30 45 44 8
17 28 1 9
34 43 38 20
38 27 31 4
9 23 9 34
34 4 36 13
7 13 0 12
28 48 5 33
12 4 20 6
35 38 11 18
10 24 43 37
34 19 18 9
26 27 3 3
37 45 19 6
46 12 10 47
3 15 17 19
36 22 2 28
21 2 48 23
21 33 2 17
11 20 9 23
5 4 17 39
23 33 12 28
17 9 7 3
33 15 9 6
17 6 3 2
5 9 5 41
23 7 12 10
43 20 10 22
27 6 0 12
2 21 9 13
43 49 12 5
21 7 10 12
22 12 35 9
14 26 24 10
37 39 40 28
16 4 1 21
25 48 13 11
21 26 23 38
16 7 4 2
23 12 6 2
11 33 5 44
31 16 15 40
2 5 27 32
29 22 23 2
47 38 0 25
44 40 3 14
39 25 2 15
21 35 4 19
0 40 8 14
1 18 2 7
16 14 4 26
42 36 27 24
20 46 7 17
24 30 9 9
31 35 18 29
11 11 10 18
16 40 17 29
34 38 23 5
5 9 9 38
42 21 22 1
29 5 5 13
39 6 6 12
9 15 2 31
30 20 2 21
3 25 5 21
9 8 20 3
5 3 12 40
35 13 2 9
7 1 3 12
41 43 13 47
0 13 28 23
25 37 9 10
36 2 4 9
20 7 7 28
43 11 39 17
20 4 9 7
18 6 1 0
12 9 12 0
22 38 16 19
8 11 7 38
20 49 28 3
25 33 35 25
13 17 27 9
19 23 15 4
25 47 14 9
9 11 33 38
24 39 19 48
38 31 2 11
12 3 22 14
3 20 3 28
43 8 5 18
6 18 46 13
43 24 18 10
7 3 10 10
10 12 17 5
46 40 3 12
1 9 1 25
23 28 17 9
22 14 4 12
47 12 4 35
18 25 21 21
33 32 4 6
23 22 11 0
15 10 11 18
6 12 4 2
22 23 49 19
27 41 13 30
7 11 8 16
7 6 1 15
40 13 8 19
18 1 2 15
40 8 4 2
30 14 0 4
18 31 5 24
5 17 24 39
38 6 9 19
12 13 16 39
28 18 23 40
3 23 9 21
16 32 16 9
4 18 25 21
8 0 9 29
46 35 29 39
32 45 6 16
14 25 2 15
21 26 9 3
38 31 5 2
6 9 9 28
37 33 5 20
9 11 21 37
1 14 33 44
23 23 14 0
23 4 21 31
47 24 5 24
49 13 40 13
25 28 49 32
13 33 23 10
7 1 3 10
39 45 3 13
1 4 35 45
4 10 23 12
22 10 9 31
18 15 6 20
38 31 19 19
19 25 6 22
18 30 9 41
0 7 46 5
40 41 3 15
31 42 8 15
28 19 40 7
37 14 29 40
18 18 49 30
35 34 2 0
10 15 5 36
16 45 1 2
2 12 5 40
41 10 41 34
5 25 19 0
13 17 18 49
19 7 28 3
18 23 7 14
26 26 0 19
10 15 1 2
0 5 2 11
12 12 5 3
22 4 9 3
16 25 16 13
39 19 17 40
0 2 14 10
35 21 44 12
29 21 48 12
25 40 17 41
22 46 8 23
37 19 16 23
19 29 9 22
27 49 25 36
6 22 47 19
49 24 6 15
21 32 7 21
49 28 11 1
11 11 4 40
15 4 15 21
0 14 7 18
27 37 9 25
40 13 21 7
20 32 3 18
31 32 17 33
22 4 2 19
17 34 12 14
27 21 21 13
22 9 14 20
19 3 15 12
15 17 5 1
6 31 3 9
23 36 22 18
24 28 5 13
26 31 1 31
26 40 18 8
14 33 24 39
9 10 11 16
5 5 11 5
10 11 16 31
35 25 5 3
36 1 18 0
5 13 9 16
13 17 37 15
1 21 44 28
28 34 0 5
38 46 3 17
14 8 10 23
17 10 20 21
42 39 5 9
24 49 4 17
27 15 14 28
9 13 23 44
40 26 36 7
6 17 26 13
16 42 2 17
34 27 5 15
9 0 37 21
2 0 1 16
20 42 15 27
15 36 0 11
15 21 38 20
31 4 7 25
31 16 9 8
27 43 10 5
24 30 22 16
4 6 20 12
12 22 0 6
2 14 23 35
31 8 28 34
18 28 7 25
8 2 26 31
30 18 8 0
0 12 10 20
42 37 0 14
17 2 17 41
3 14 2 41
12 38 11 18
33 6 16 16
18 4 0 15
43 41 6 3
10 2 5 15
9 14 1 13
39 19 7 14
34 25 5 40
36 44 2 15
34 39 4 20
13 30 13 25
21 42 43 8
22 11 7 18
23 10 14 18
22 8 6 19
46 20 9 24
34 34 4 11
46 18 18 37
49 9 13 1
11 40 19 13
22 42 27 27
40 13 47 16
22 29 23 11
46 17 1 18
14 14 8 16
21 8 11 20
15 44 19 9
26 21 1 1
25 25 24 38
27 29 12 16
18 10 12 33
23 33 6 15
17 4 20 26
3 15 7 1
28 34 7 2
31 28 10 11
7 36 21 20
16 22 9 14
7 12 8 23
15 11 17 18
17 24 20 30
25 23 40 10
14 11 16 41
9 6 19 3
15 35 46 0
47 19 23 14
19 31 38 37
9 25 8 12
42 36 11 3
21 7 14 7
34 26 10 16
35 45 17 38
28 41 14 8
20 9 2 2
27 47 3 18
14 3 36 17
19 14 34 8
13 6 10 14
12 11 6 3
13 34 0 0
35 24 9 13
33 5 2 13
6 1 41 17
30 47 17 37
23 46 19 1
25 37 6 8
14 20 4 12
43 27 45 33
36 37 8 8
14 5 31 13
24 26 17 18
34 39 20 17
17 2 8 15
46 22 14 3
22 29 33 17
43 11 3 27
45 15 7 9
5 8 25 6
10 22 17 0
10 27 37 0
20 48 22 9
29 0 6 10
19 27 5 14
29 32 0 1
38 28 27 19
10 15 29 41
19 47 13 12
42 34 43 27
33 6 4 11
31 17 7 6
33 18 23 20
25 38 3 20
