50 112 18481 800
35 31 30 28
6 11 39 5
36 20 11 33
2 9 41 0
33 27 11 11
38 29 34 38
29 26 42 5
2 8 40 35
33 32 30 29
4 15 31 29
7 4 44 11
36 30 20 12
26 14 23 29
8 23 40 0
33 35 39 1
39 14 29 25
18 11 36 4
31 19 39 3
15 8 31 1
40 18 34 13
3 5 36 31
1 8 39 23
35 36 22 39
46 35 27 16
6 9 32 25
38 28 38 0
37 31 39 22
22 5 28 25
11 43 16 13
9 5 38 2
28 1 5 15
6 29 43 0
1 8 43 2
29 15 43 2
38 10 34 34
29 17 28 38
2 4 36 0
38 37 29 34
11 23 17 14
36 20 48 29
42 0 20 32
33 37 36 35
36 16 45 34
32 10 35 38
7 8 41 26
4 1 21 34
21 33 32 43
41 19 34 4
28 8 30 37
23 17 28 20
46 30 7 47
22 19 32 26
32 25 41 25
37 31 34 3
15 13 40 49
32 34 40 35
37 33 39 17
35 32 31 40
33 21 15 37
39 37 24 21
18 22 40 23
33 12 20 32
31 30 38 4
24 17 49 36
23 22 37 1
34 24 19 35
4 1 25 11
35 23 41 21
6 16 36 36
11 15 17 21
37 10 25 46
41 0 8 44
13 9 16 34
40 30 10 35
40 8 11 30
36 29 23 30
11 10 38 19
7 4 46 19
6 3 36 30
43 37 11 31
34 3 22 15
36 5 1 31
33 19 19 14
29 30 39 3
17 0 44 34
39 36 28 13
29 3 49 28
48 31 38 15
31 14 45 49
5 5 35 21
6 22 16 31
38 4 30 27
40 19 30 30
31 31 27 27
31 42 45 4
1 10 35 0
2 10 48 42
7 3 25 13
36 19 43 25
0 7 44 30
9 3 45 9
7 13 25 48
15 20 21 11
40 28 8 21
35 36 43 12
7 13 20 11
3 18 24 31
39 1 49 1
24 16 15 48
3 13 8 43
36 25 22 38
7 4 31 35
