50 1455 18730 800
24 36 15 34
40 18 47 18
45 33 13 41
16 30 39 24
8 12 34 21
31 36 39 10
46 41 12 26
39 33 26 35
1 29 12 27
37 47 15 31
2 4 10 33
44 37 42 20
31 43 41 16
34 37 41 17
22 33 44 15
13 26 41 20
2 45 44 16
21 25 3 27
39 2 30 23
10 31 36 31
46 32 34 12
30 15 46 16
20 32 46 14
37 36 43 21
29 27 9 33
39 40 35 28
31 0 30 7
25 24 28 20
28 21 26 33
29 10 45 16
38 32 44 3
37 38 31 24
44 6 42 17
42 27 43 17
10 29 27 31
27 27 10 29
27 19 35 23
46 39 35 15
39 34 48 10
1 23 39 18
5 11 1 24
33 36 4 32
43 37 29 33
8 36 11 28
46 18 32 18
13 31 38 25
27 27 42 23
37 35 42 12
7 20 36 27
25 4 32 17
4 1 36 17
31 44 39 22
8 8 39 28
20 41 46 12
4 42 45 33
23 27 38 12
18 4 29 28
43 6 17 34
4 45 42 34
38 41 29 7
10 25 34 28
46 12 31 38
47 34 0 27
37 48 32 6
38 21 43 16
35 9 3 25
41 40 5 27
46 31 27 32
23 23 39 27
9 22 25 23
45 15 4 37
32 39 42 10
33 7 45 36
24 34 48 8
5 15 38 31
20 15 39 6
1 15 37 31
39 18 35 11
36 29 0 33
19 15 47 48
48 5 31 28
26 45 1 28
38 38 25 11
17 9 22 19
21 8 27 35
6 34 15 40
3 0 24 26
44 42 44 21
23 31 39 14
11 31 43 14
21 14 47 11
41 26 43 19
44 36 41 16
9 11 7 29
9 28 48 21
2 18 4 35
42 33 33 21
11 8 38 15
15 40 26 34
5 10 27 36
14 31 27 25
41 16 5 42
25 11 3 29
37 39 36 24
11 21 11 28
34 10 41 22
23 33 27 35
41 37 19 23
31 0 37 22
36 43 18 34
11 16 9 34
33 44 36 25
27 14 29 27
25 11 37 17
43 3 26 0
24 44 3 41
14 17 16 43
6 20 49 17
39 48 36 44
27 37 8 34
34 4 42 9
4 34 36 18
35 5 32 32
20 44 45 22
38 7 7 29
2 0 30 23
29 38 35 13
35 1 18 18
41 37 33 34
20 21 28 13
1 22 5 29
23 31 34 7
28 0 11 34
26 39 42 46
32 42 41 11
22 19 19 46
11 30 27 31
9 49 24 37
46 35 35 7
10 4 44 12
26 38 47 16
8 41 41 40
25 15 38 19
34 45 29 17
40 18 36 7
27 17 13 37
18 25 32 27
6 3 36 40
30 39 41 7
36 37 2 37
7 26 37 7
14 45 42 21
35 39 28 5
23 21 39 20
17 1 23 38
7 29 33 29
23 8 38 25
15 15 14 27
43 35 41 15
12 13 13 35
32 49 43 7
43 34 36 15
11 26 6 20
21 38 31 31
40 37 40 11
4 9 0 35
36 41 44 25
16 16 4 31
43 37 13 16
9 5 44 11
26 34 41 6
29 22 41 13
13 8 26 30
42 44 38 19
46 30 31 26
41 44 3 31
16 47 31 20
3 23 44 7
41 40 3 20
19 29 39 19
29 18 49 11
15 32 46 3
38 36 48 32
45 5 37 15
33 35 5 28
12 15 40 17
33 4 28 30
26 19 34 31
44 10 30 28
42 2 19 37
41 11 38 20
32 5 48 18
24 22 6 34
15 27 14 32
18 9 38 21
9 48 38 44
42 13 7 22
25 17 27 22
43 41 23 12
33 10 28 42
27 4 45 19
37 2 28 34
16 12 25 33
32 31 40 17
21 22 41 12
23 12 42 14
5 23 22 30
46 10 39 17
20 9 26 35
1 12 41 14
5 14 22 8
29 11 48 45
45 37 44 42
18 27 39 22
37 41 6 34
6 14 18 32
46 38 45 14
35 5 45 19
40 43 36 20
26 10 28 29
13 28 49 11
31 38 19 6
23 26 36 29
31 45 24 36
16 15 35 13
47 19 36 29
17 16 11 31
2 13 3 42
24 4 34 18
45 0 28 31
13 8 37 33
25 22 40 16
11 18 27 25
34 14 49 23
24 49 40 34
30 23 39 33
23 45 26 8
39 11 37 16
44 8 17 19
43 35 41 24
3 31 41 49
13 23 38 43
29 43 3 44
2 21 41 35
47 32 34 33
28 39 2 26
19 26 12 26
42 32 15 7
26 39 16 33
43 24 2 47
19 7 43 22
5 47 31 28
15 37 41 16
20 41 9 18
4 37 33 30
20 28 23 32
25 38 14 37
22 22 3 30
25 2 44 16
39 34 35 17
22 42 26 32
3 28 34 23
12 10 49 13
33 10 26 33
42 34 41 2
21 33 7 32
4 46 38 13
22 19 32 18
36 29 48 49
23 49 5 24
23 32 5 18
10 32 1 37
30 15 7 40
0 24 35 30
31 32 26 3
17 24 5 35
21 16 35 37
44 34 2 27
5 44 25 28
25 19 19 21
24 17 22 30
44 32 44 14
8 15 2 16
38 42 29 27
43 28 0 35
15 25 34 23
10 3 24 34
3 30 23 36
39 36 27 29
25 31 32 29
15 33 44 14
6 41 9 13
33 29 35 3
36 36 13 16
10 25 35 28
30 40 6 41
27 10 16 4
41 3 5 28
8 43 46 2
33 5 43 15
1 40 37 15
41 37 35 22
24 28 2 34
42 10 26 34
44 36 30 28
44 17 30 30
8 22 4 11
39 41 10 25
26 29 17 28
19 11 7 23
41 37 5 16
24 3 42 16
30 37 41 22
14 16 0 30
26 45 43 3
40 11 8 34
42 35 34 25
15 31 43 20
12 34 7 32
32 18 31 32
19 4 26 34
24 32 27 24
22 18 0 29
24 25 14 11
29 37 6 28
38 35 49 9
25 12 47 22
46 38 23 39
34 41 37 27
22 14 17 23
23 8 38 19
15 28 29 40
6 28 4 18
15 31 41 14
30 21 7 34
7 8 1 35
12 20 35 43
36 17 10 30
42 40 44 15
37 46 32 18
16 17 46 13
32 23 27 42
7 12 36 33
20 12 44 19
39 38 41 22
41 43 44 12
47 7 29 26
37 27 2 3
32 4 44 20
20 34 40 13
16 38 36 48
29 45 15 29
10 41 44 18
18 30 30 28
40 36 5 34
35 47 44 25
27 48 0 23
11 33 43 22
2 46 8 20
21 15 4 28
42 38 38 32
31 41 6 34
22 14 27 36
12 25 34 33
7 30 30 35
7 21 45 8
24 42 39 12
22 24 49 34
44 1 25 2
10 17 33 30
29 16 32 31
41 40 38 6
25 16 23 32
9 18 32 26
42 36 8 35
8 31 46 23
32 25 37 13
42 16 7 22
35 37 4 32
35 27 36 22
28 45 27 18
46 1 1 20
24 17 36 21
37 39 35 29
41 11 37 24
41 38 49 29
25 15 47 19
31 32 12 22
36 3 32 9
43 37 44 20
16 30 30 24
28 37 8 20
13 44 47 21
48 8 30 32
36 32 37 20
29 45 41 16
40 49 6 37
0 29 11 32
32 30 30 27
41 35 49 0
39 41 49 27
41 24 34 37
35 47 7 33
24 24 34 36
27 30 32 18
10 19 6 45
29 24 10 7
24 33 7 36
9 23 47 13
8 23 24 17
17 29 45 5
24 24 30 34
32 47 42 21
42 29 30 31
3 36 38 5
8 19 47 4
3 43 36 21
31 24 27 28
37 34 24 34
34 26 46 16
4 24 40 13
10 6 37 6
24 26 24 47
17 23 32 2
24 38 35 28
44 2 17 47
21 9 40 11
22 4 10 23
1 29 28 41
1 12 38 23
31 35 13 37
32 20 9 20
32 48 44 7
13 17 15 39
26 31 44 17
45 45 7 38
34 12 2 20
45 0 9 20
10 27 44 17
37 1 36 32
20 45 6 30
36 40 36 18
28 17 47 20
47 3 10 28
8 48 26 30
28 15 25 27
43 44 6 46
10 21 5 20
38 39 2 23
22 34 35 24
6 2 9 23
20 21 4 45
3 12 27 39
22 3 13 28
32 12 45 17
42 37 13 25
18 12 9 32
25 33 30 25
6 32 3 27
30 6 43 45
33 34 31 15
41 39 0 29
18 7 10 35
26 19 31 28
4 31 29 13
33 17 24 26
25 33 0 40
3 27 33 26
31 18 29 32
34 27 9 39
21 26 23 34
41 37 21 35
19 16 4 6
19 20 8 29
45 46 32 48
20 20 26 40
2 46 28 7
37 39 31 3
30 31 48 10
31 6 37 20
21 15 43 23
37 7 29 34
41 21 7 27
22 6 44 39
21 19 5 20
36 44 33 31
46 20 37 14
7 2 36 23
14 20 29 37
7 6 47 36
47 1 22 29
20 22 35 22
33 35 40 21
43 37 18 24
23 32 35 26
44 11 34 29
36 13 40 4
19 9 26 31
2 9 28 26
14 25 1 49
1 29 31 29
13 33 17 24
9 2 37 27
6 25 48 32
31 36 41 15
37 20 36 39
14 12 8 27
26 30 45 23
2 12 45 42
43 18 22 32
28 34 5 27
16 35 3 24
17 27 19 6
29 13 29 25
3 5 14 39
36 45 3 29
31 14 20 25
13 14 11 25
15 39 39 14
22 17 31 19
41 44 26 37
28 45 0 26
5 17 25 31
5 19 44 48
1 42 34 34
21 43 5 15
34 4 23 31
43 41 28 35
34 36 6 24
39 43 22 35
35 17 14 21
43 1 45 39
17 25 25 34
17 25 32 35
14 9 41 16
40 8 26 34
41 19 39 12
22 12 11 20
39 38 37 42
24 47 45 7
19 12 48 9
40 46 35 25
37 45 31 9
39 33 36 19
26 2 44 43
5 18 28 31
24 4 3 21
46 42 17 40
46 38 5 43
20 16 8 37
0 10 44 14
34 0 35 21
32 36 49 26
24 41 16 29
49 6 13 29
28 22 32 24
32 13 14 36
15 35 2 28
17 25 10 20
43 39 45 17
18 20 31 13
31 2 34 29
43 5 6 30
13 15 4 7
28 31 44 23
46 41 43 12
43 41 28 34
37 5 48 25
21 14 37 18
10 25 43 41
44 41 19 22
19 23 43 14
12 15 46 18
0 0 30 31
36 40 48 43
31 42 28 32
47 4 8 41
28 33 8 17
48 40 33 30
30 14 15 13
44 35 45 13
3 27 37 14
13 20 45 21
13 7 28 10
48 35 26 19
13 4 22 32
30 45 17 31
25 32 35 12
40 25 0 27
43 8 7 26
43 8 40 16
42 2 43 30
45 39 15 29
12 16 0 38
4 23 11 37
13 42 33 24
30 37 48 12
35 42 0 36
47 11 4 26
42 4 32 17
6 36 2 22
10 3 42 17
18 44 44 19
24 38 10 30
34 29 36 13
35 46 15 30
23 42 46 29
29 37 0 29
27 26 1 34
32 11 6 30
32 42 15 34
40 0 49 16
30 11 25 22
49 21 13 37
15 22 33 26
26 8 37 8
14 19 5 39
2 11 29 20
13 12 30 40
32 10 28 37
49 3 12 12
34 45 7 25
21 0 13 29
15 17 44 43
44 37 24 33
16 41 20 23
41 36 32 24
32 13 36 28
26 25 42 23
49 23 45 24
42 46 34 17
8 33 46 14
29 11 25 18
17 10 9 26
5 5 30 16
32 40 32 26
21 46 37 45
41 39 9 21
48 32 1 26
44 39 44 16
5 28 46 48
34 41 47 24
35 9 39 47
44 38 38 16
37 36 36 15
38 45 9 46
41 37 19 5
30 22 28 34
32 9 4 34
35 10 19 22
34 40 37 19
14 31 41 25
3 18 39 12
49 20 48 12
38 41 14 25
35 10 17 30
6 21 13 46
14 26 7 20
23 33 28 25
30 43 4 29
44 12 36 35
38 40 36 26
19 27 30 26
38 5 43 18
34 37 39 20
11 9 6 24
44 37 34 29
33 36 44 24
35 43 45 21
10 20 31 34
40 40 27 36
23 17 34 33
30 36 36 12
31 2 30 24
22 40 29 27
9 45 29 12
45 35 38 23
30 41 32 19
22 40 39 10
41 38 12 43
47 7 42 27
3 8 35 5
14 47 48 22
22 3 22 31
31 41 13 37
33 27 7 24
5 14 39 14
14 40 43 10
29 6 47 9
49 35 19 35
13 2 35 32
34 11 37 14
30 33 37 17
19 49 41 33
21 36 26 38
14 20 2 28
29 42 16 43
43 8 6 19
26 12 7 24
46 34 4 45
13 22 45 42
47 34 41 21
39 34 7 43
36 39 10 46
20 48 2 27
9 24 35 20
8 45 31 27
39 44 45 27
13 47 11 26
28 49 18 42
41 39 29 27
23 42 6 31
26 32 14 26
20 4 39 17
13 18 36 25
10 31 5 20
17 42 38 25
47 2 44 21
6 28 34 25
20 34 33 20
46 36 26 35
40 38 15 26
26 31 27 36
29 17 2 15
46 0 12 30
47 37 39 23
21 3 39 26
14 23 30 46
25 47 40 17
1 49 33 30
37 44 34 5
18 32 34 26
1 37 25 35
28 35 48 23
11 28 36 20
8 1 30 25
40 41 36 28
24 12 26 29
13 39 33 27
30 5 44 19
36 43 49 46
0 26 22 1
32 26 13 32
45 32 27 27
18 1 41 37
48 30 35 28
32 13 42 20
44 26 37 30
30 11 36 24
41 49 37 30
43 39 1 32
7 14 0 46
40 24 36 27
34 46 12 46
29 40 5 31
7 26 32 33
24 1 21 48
1 45 2 23
23 47 43 20
47 37 19 44
26 21 38 24
36 36 37 22
11 33 20 37
27 43 7 29
26 33 12 36
23 38 10 27
6 40 41 17
44 36 29 33
38 39 40 15
28 46 17 40
35 36 36 29
36 20 31 27
43 35 29 34
41 43 24 40
22 26 26 7
27 34 4 17
31 24 27 14
13 37 44 26
16 21 4 23
9 32 3 24
11 3 33 22
42 10 29 30
42 33 37 29
34 45 38 8
44 36 8 27
27 42 41 17
41 40 31 31
35 3 9 31
0 21 14 28
44 40 31 30
19 3 14 38
35 30 37 24
34 37 35 25
2 24 31 23
40 13 24 15
33 28 37 23
29 22 8 31
16 33 43 0
46 10 27 36
7 40 34 23
40 42 0 23
17 1 4 31
3 23 32 31
29 19 3 31
27 7 27 38
10 7 24 3
26 21 45 40
44 30 33 30
0 35 42 19
6 40 37 28
3 37 43 20
26 44 46 19
44 47 5 39
39 17 33 24
44 37 41 13
7 33 40 19
45 37 20 39
13 13 40 9
25 33 29 30
1 31 48 24
33 37 5 32
29 44 30 25
17 24 41 18
35 47 25 18
28 22 43 14
19 22 36 29
33 40 6 40
21 49 42 13
17 3 37 38
28 40 7 35
30 31 24 33
6 9 5 21
44 38 33 6
48 40 45 25
16 48 38 27
38 43 32 30
43 27 33 30
8 0 5 30
39 48 0 20
5 49 35 23
34 9 30 28
6 9 11 28
16 31 35 13
19 30 33 18
3 18 30 28
7 46 43 19
8 35 36 24
27 31 26 35
35 41 12 32
6 10 32 27
29 38 12 32
36 40 32 29
33 10 41 16
23 14 22 37
29 16 1 29
33 32 7 43
41 2 48 20
29 17 39 8
20 10 36 11
7 16 13 29
24 33 7 36
40 27 49 19
41 36 26 39
7 22 36 35
37 37 34 30
28 45 42 21
29 6 35 17
48 14 8 33
33 18 27 23
7 27 48 23
41 41 13 25
5 7 38 16
13 7 34 23
39 39 3 21
22 15 45 20
14 30 29 28
12 14 43 36
40 10 26 29
47 35 30 45
28 22 44 28
12 10 1 37
42 32 4 19
36 20 0 31
4 35 25 9
36 29 44 18
38 7 40 14
30 42 39 24
39 10 6 27
19 9 41 14
15 3 12 27
37 35 39 31
48 19 22 32
36 23 8 37
3 3 9 38
11 29 47 9
40 5 41 21
25 16 34 39
45 36 11 28
40 35 40 14
7 22 39 20
13 22 17 34
18 26 31 11
30 33 30 27
34 37 28 28
23 37 26 34
20 37 43 21
26 5 9 40
46 35 9 26
20 41 37 31
28 0 47 7
38 45 30 5
46 24 7 29
10 7 9 32
17 17 43 28
41 15 31 29
9 48 44 27
43 34 41 18
23 26 43 15
29 45 37 15
39 39 28 27
31 10 8 31
38 41 31 12
8 15 30 36
16 43 40 14
11 38 27 7
36 27 41 23
37 40 46 18
44 49 10 20
42 34 45 44
37 5 34 26
30 39 3 26
13 12 33 31
23 33 42 42
4 39 32 24
9 29 38 14
20 0 3 49
26 1 16 37
14 27 4 39
46 1 34 27
29 28 32 18
10 25 42 14
35 10 32 22
15 1 26 31
15 34 44 22
34 10 46 17
25 30 40 18
25 19 11 18
27 21 38 4
42 17 48 4
45 38 30 24
23 23 38 14
47 35 4 35
41 3 42 22
18 26 39 17
11 15 47 3
17 29 24 33
18 32 7 18
41 4 39 23
24 6 36 47
35 31 45 16
39 30 32 23
11 20 27 15
17 18 32 4
48 0 42 20
45 0 29 32
30 24 17 25
8 13 30 31
36 33 34 20
35 48 43 21
34 35 39 14
2 36 26 26
20 27 40 20
16 8 23 26
26 16 44 21
18 20 41 0
33 41 4 23
24 25 30 24
31 23 35 30
47 44 25 28
4 21 38 19
45 34 45 39
24 35 4 26
14 13 32 22
39 35 1 39
36 35 28 27
5 11 0 18
16 49 45 24
32 20 49 11
37 45 7 32
8 49 43 31
11 35 23 36
31 36 38 31
38 12 48 29
28 22 8 34
49 6 39 16
14 25 19 30
36 40 6 29
35 13 3 22
26 43 10 41
48 8 41 11
6 7 11 15
49 19 10 24
22 16 30 23
30 37 27 1
4 15 39 13
5 26 43 6
35 41 33 5
11 43 6 41
11 38 9 23
30 27 9 31
45 36 28 32
41 35 30 20
14 27 9 28
44 30 10 23
14 5 49 4
19 20 30 19
1 12 27 36
23 8 39 19
42 14 24 39
43 38 35 8
15 37 38 12
32 14 21 31
40 43 47 42
24 8 33 25
44 20 49 25
18 48 33 25
23 7 41 16
49 34 40 14
41 43 25 22
46 26 5 27
41 38 9 25
12 42 39 13
12 39 0 20
45 0 37 29
9 26 39 19
23 23 34 29
49 10 26 35
39 26 43 14
39 7 4 17
20 36 1 36
39 46 3 25
29 16 18 24
36 10 36 16
44 41 3 37
46 7 33 26
14 4 27 12
4 12 30 31
39 1 31 36
17 40 36 11
6 43 43 26
39 24 36 31
45 37 10 26
20 28 12 30
9 36 31 33
19 41 8 43
47 11 12 19
30 42 6 34
26 28 5 36
42 10 6 21
44 4 7 25
19 41 26 35
34 15 18 17
3 27 5 30
12 22 43 18
45 41 11 30
24 38 4 11
10 16 12 36
14 43 21 16
16 33 32 31
24 38 9 37
16 11 37 32
30 7 40 17
41 40 2 34
32 41 37 8
8 47 12 23
0 24 44 13
18 4 35 15
17 36 24 7
9 13 48 31
11 46 34 26
39 35 0 20
25 12 4 23
45 16 12 22
35 31 25 36
21 43 7 28
40 49 47 19
48 11 2 12
27 3 36 26
11 30 7 25
48 16 26 34
40 46 40 16
34 40 10 33
44 32 11 39
19 28 31 14
24 26 4 43
36 43 46 10
19 5 14 20
10 20 31 27
28 13 2 39
17 38 32 3
0 32 16 22
30 24 38 34
20 31 41 30
6 33 5 40
25 35 44 15
3 40 21 11
0 16 40 15
19 38 30 29
14 48 8 43
10 3 35 30
26 33 10 38
10 25 16 23
28 13 37 14
44 38 4 26
16 31 10 34
18 33 3 34
22 13 48 35
31 38 38 23
3 49 37 21
10 44 30 18
40 41 36 12
20 34 4 24
35 20 49 49
26 45 12 25
30 38 39 17
15 30 10 28
25 14 8 38
8 17 43 26
14 1 36 20
19 17 39 27
30 25 5 28
32 42 13 32
26 39 13 21
43 35 2 29
45 36 35 27
6 3 7 27
22 9 38 22
12 44 45 21
45 6 48 14
43 2 12 46
25 21 38 15
35 31 49 15
49 10 31 8
33 21 34 34
3 17 9 35
40 44 2 44
34 39 31 8
33 40 26 24
33 15 27 16
25 37 29 33
28 24 36 38
44 40 43 20
27 19 37 18
31 4 37 25
32 17 37 14
18 13 36 30
8 8 26 32
14 5 0 32
12 7 22 34
5 24 37 18
43 38 35 46
34 8 10 40
34 20 44 19
16 38 3 29
44 40 31 28
24 21 42 12
32 29 33 36
20 47 6 34
11 13 37 23
38 11 43 11
3 13 44 8
43 40 7 25
18 23 33 34
27 16 12 36
49 1 6 27
43 36 28 39
45 41 3 32
43 17 15 46
20 17 25 34
45 7 37 18
32 20 7 32
7 23 7 39
14 30 38 25
24 11 2 29
39 44 13 47
36 10 33 13
17 15 34 19
40 49 38 20
18 41 26 36
44 36 8 33
40 37 43 25
48 39 41 7
41 19 7 31
28 23 8 37
11 18 33 4
38 36 31 44
24 7 3 22
30 35 0 10
24 1 30 29
18 31 42 18
30 43 39 26
3 20 24 17
32 4 5 38
25 29 36 30
19 33 27 35
31 11 1 37
20 28 43 35
21 28 42 17
40 32 10 37
36 17 23 33
46 14 29 34
41 38 47 15
1 47 28 32
13 14 31 29
47 20 37 19
9 34 32 28
42 37 5 24
23 22 39 19
22 0 12 20
14 23 34 7
8 24 43 13
41 8 30 30
38 44 37 7
35 33 40 16
23 43 37 36
46 38 43 21
36 32 29 14
42 38 17 29
22 3 2 28
43 39 19 16
34 42 39 6
34 8 32 27
0 24 8 38
21 32 44 29
26 27 32 12
29 17 34 9
37 14 12 49
33 5 26 48
24 33 41 26
46 42 6 33
41 36 32 28
1 29 5 20
36 43 25 35
9 33 38 1
30 20 1 27
10 11 28 45
32 24 44 10
37 31 41 13
20 30 31 9
9 10 33 10
8 20 44 15
22 8 38 20
39 39 15 24
33 44 35 7
10 16 13 36
43 20 4 32
26 18 8 34
35 29 40 16
19 19 30 12
33 42 4 28
0 24 27 31
12 40 27 26
19 30 16 26
20 16 6 28
30 4 9 30
47 24 38 24
25 49 36 16
30 43 12 35
35 8 3 21
13 8 10 33
25 16 1 22
14 30 40 26
40 34 42 46
29 21 33 29
32 36 47 19
27 9 35 7
20 17 14 30
31 15 33 30
49 10 8 29
27 33 7 21
22 47 43 21
17 24 24 4
31 11 33 14
18 2 29 25
29 3 5 24
26 7 37 8
2 33 11 23
7 17 7 26
38 15 25 8
22 6 13 28
21 34 36 15
25 37 40 25
27 21 19 35
29 1 4 28
29 45 35 12
17 14 36 13
42 42 12 33
28 27 40 18
35 44 46 6
45 19 6 33
39 2 26 20
10 23 2 40
22 13 45 10
31 35 5 40
1 15 28 10
35 41 29 25
29 42 13 46
27 21 39 20
42 38 27 21
33 45 35 23
35 28 36 32
48 8 3 19
23 1 32 31
4 9 43 11
35 35 40 26
40 46 23 16
6 31 30 28
28 31 37 17
26 36 47 20
38 36 46 23
14 28 3 29
42 44 40 21
13 11 30 26
29 40 47 12
18 38 12 31
10 48 12 24
40 0 27 34
6 2 0 5
17 25 1 17
6 33 1 36
36 46 3 36
13 13 33 19
29 39 46 9
47 38 8 28
21 6 3 19
35 13 41 12
26 30 33 43
4 41 33 18
49 10 18 21
47 10 34 9
19 18 8 43
27 8 24 33
30 27 43 28
49 15 37 27
49 0 40 21
42 19 5 45
3 40 34 15
8 29 37 28
13 49 33 36
38 7 38 1
22 40 48 28
20 14 10 20
33 43 40 23
34 15 17 30
39 23 28 27
14 9 11 20
7 47 36 2
26 35 3 26
25 16 47 10
6 4 30 30
27 1 27 19
3 27 10 44
15 1 49 40
11 9 45 19
39 29 42 40
14 36 8 37
33 42 36 19
15 30 39 22
45 33 30 31
11 21 47 44
26 29 37 30
37 47 48 42
40 35 49 29
47 39 41 17
21 20 33 24
16 14 5 25
9 20 0 28
42 1 36 11
40 6 19 15
25 7 5 33
49 33 43 19
7 40 7 28
43 35 34 16
2 41 28 28
40 40 27 36
45 42 23 35
0 11 46 39
15 2 30 28
39 12 7 28
32 39 12 29
23 17 4 30
43 40 37 34
4 6 44 16
20 33 29 22
37 35 32 24
12 15 46 31
40 41 33 27
19 35 33 10
34 45 3 21
21 37 32 10
25 24 7 38
25 43 10 26
15 19 30 27
41 36 7 37
38 16 13 33
31 39 31 19
42 36 35 25
31 38 45 6
17 6 32 28
31 20 28 31
16 15 28 9
31 46 43 14
20 17 39 42
30 42 7 37
29 43 12 39
42 38 26 35
30 27 30 38
43 42 33 44
33 4 45 2
38 34 48 14
39 36 6 19
6 6 24 35
36 43 31 24
7 47 29 26
30 45 6 21
44 35 30 15
14 17 33 30
36 32 39 27
40 45 33 17
44 36 47 19
40 47 29 13
17 40 30 39
26 31 38 22
14 14 10 22
22 24 44 27
2 42 36 19
40 2 42 12
15 41 46 48
5 15 8 31
7 12 35 30
10 34 36 17
39 29 32 17
31 12 6 21
40 2 25 42
31 41 40 18
29 38 9 33
41 33 46 28
21 6 44 8
8 42 28 22
13 43 18 23
32 28 12 47
39 39 36 19
32 45 32 29
14 49 5 18
43 38 33 21
