50 112 13436 800
3 20 28 19
38 44 12 30
39 3 14 36
6 36 8 32
21 45 8 19
8 36 28 19
40 8 20 38
29 11 15 46
0 7 14 29
31 20 8 39
32 43 13 29
34 23 6 29
14 32 2 23
21 46 25 6
16 46 22 33
7 24 17 22
5 12 1 34
30 34 9 17
30 42 22 6
17 12 9 23
13 16 1 27
29 18 15 24
8 45 0 35
10 29 5 18
46 12 25 35
22 35 11 14
18 39 8 25
5 30 17 39
17 42 2 22
12 2 44 10
35 37 26 43
10 46 13 39
11 31 7 30
36 12 27 12
21 20 22 16
39 11 9 5
36 3 17 40
4 10 19 2
18 39 3 33
18 29 0 18
39 12 22 17
8 2 25 32
38 31 15 25
10 34 26 10
0 28 23 21
40 11 2 30
17 39 15 11
38 11 10 18
40 6 6 36
25 34 14 42
26 25 19 25
6 43 13 23
20 16 28 2
12 30 30 19
35 6 20 31
21 34 10 42
33 26 9 47
20 47 22 16
26 36 38 9
5 15 32 21
5 34 3 21
37 5 9 27
30 32 7 3
5 37 14 44
33 32 4 17
28 27 14 40
27 21 13 14
39 8 29 25
20 29 33 37
18 43 4 6
33 42 9 29
23 39 18 32
41 12 18 26
27 32 21 17
9 31 15 35
15 38 47 5
41 47 20 22
6 46 33 14
31 47 35 7
14 38 16 16
1 10 14 9
18 35 7 34
42 7 4 31
17 14 8 39
27 30 29 15
21 14 12 33
27 30 17 15
29 49 46 5
9 21 6 13
23 47 22 10
16 36 26 25
4 22 18 39
10 37 0 29
27 48 2 26
44 8 41 12
25 21 16 38
15 34 15 43
0 8 7 10
21 36 12 28
21 37 0 26
34 14 28 22
39 12 8 32
35 26 10 19
17 27 19 38
23 37 31 7
37 15 16 4
25 32 10 40
48 47 16 26
32 12 38 17
39 35 26 18
23 43 5 22
25 26 3 26
