50 1083 13755 800
32 16 21 17
38 11 35 14
30 42 6 45
21 20 46 37
42 29 35 4
45 27 40 33
20 19 2 37
26 4 37 31
20 41 46 38
45 22 19 6
47 31 45 43
5 13 41 34
5 21 0 47
19 20 37 17
18 22 31 38
38 29 44 11
19 14 43 31
8 14 44 36
39 21 44 45
31 2 0 44
24 9 37 16
20 16 39 7
20 22 26 42
6 15 45 40
9 20 34 9
38 10 46 34
9 14 46 18
40 38 22 45
35 10 45 38
15 3 37 10
2 23 32 34
7 17 36 8
12 25 28 20
11 15 20 35
24 21 37 36
9 16 20 22
29 37 30 49
8 21 3 48
9 18 3 49
9 19 11 24
9 16 5 47
7 20 14 22
9 16 38 36
22 15 0 46
30 8 0 48
41 19 33 16
20 20 27 41
21 15 42 19
17 9 30 10
24 34 0 45
9 14 35 45
10 19 43 30
24 18 37 9
45 1 38 31
22 18 38 38
23 7 41 36
21 9 39 12
31 12 6 47
23 14 32 46
23 20 2 46
11 21 4 15
20 15 43 36
41 33 2 47
23 2 10 22
20 31 44 44
5 16 29 12
12 17 26 25
20 20 2 44
7 22 41 40
46 18 41 35
2 21 41 35
26 8 37 5
43 31 38 13
21 16 3 44
18 16 4 46
35 25 5 17
41 31 45 38
16 19 3 46
23 18 35 16
44 30 1 47
6 24 35 34
23 19 32 18
14 17 38 32
35 39 45 41
23 39 7 48
31 37 13 37
25 20 41 37
37 38 45 37
25 36 38 38
20 16 20 47
31 33 39 20
27 39 43 39
9 19 46 43
35 9 23 15
20 19 37 23
27 0 32 17
38 33 2 25
36 37 43 38
21 17 32 15
11 34 3 49
12 19 29 37
17 21 33 16
9 21 35 17
7 17 38 38
37 21 22 48
40 34 35 13
20 19 4 46
22 19 43 38
26 42 40 33
18 13 35 11
34 30 36 14
35 10 2 46
12 25 22 21
20 0 36 13
25 22 9 15
20 18 25 27
20 18 45 39
31 8 22 23
27 37 23 44
20 16 43 39
28 6 6 45
14 27 42 13
33 14 13 20
43 12 45 30
20 43 6 49
31 27 23 41
21 17 42 36
20 20 44 13
9 18 37 35
16 19 44 19
20 17 0 47
27 21 8 1
19 21 9 10
39 22 17 36
5 10 0 44
39 25 31 14
21 20 0 47
6 16 48 41
24 5 40 16
9 16 37 13
22 16 27 44
23 48 31 13
40 15 39 37
12 20 24 24
24 28 2 47
35 43 33 17
21 19 3 48
38 26 10 6
17 28 28 48
12 17 32 18
44 26 22 9
23 7 39 36
38 24 8 31
4 16 37 32
24 23 28 46
10 5 2 44
21 17 46 33
34 24 1 49
44 23 31 8
25 12 37 39
5 20 44 43
20 16 28 21
9 17 36 11
11 22 20 30
31 25 23 16
22 11 40 45
37 22 5 45
24 20 11 22
10 17 38 42
10 12 2 46
21 37 2 29
30 34 33 40
25 6 2 44
24 34 44 30
31 14 0 45
29 34 38 33
28 38 3 46
21 20 39 16
18 24 30 42
28 33 32 46
7 14 38 11
18 13 44 32
5 20 4 43
24 39 44 35
28 35 44 41
31 6 36 16
23 14 46 39
42 32 31 2
29 44 43 40
41 19 31 16
7 13 0 46
25 33 27 49
9 11 0 46
22 18 6 43
46 32 33 15
25 16 42 38
38 20 39 33
36 12 31 42
26 10 16 13
18 17 31 13
46 28 21 3
22 25 5 47
33 45 18 27
45 46 38 3
22 21 3 21
31 44 43 39
21 17 40 30
32 18 2 45
28 25 40 45
23 21 3 33
42 0 0 49
42 19 42 37
42 35 4 46
24 12 43 37
40 22 25 4
37 14 3 48
44 37 2 45
10 22 0 47
17 14 46 32
9 18 29 16
21 20 2 47
10 13 43 32
22 15 40 27
43 42 38 40
33 25 29 17
8 20 46 39
2 19 37 20
36 32 26 48
12 19 38 46
15 18 40 41
12 20 39 11
43 22 34 16
24 21 37 1
29 40 3 44
38 19 11 46
19 6 33 32
39 28 45 14
13 5 47 40
8 3 19 21
39 23 49 37
5 15 42 15
12 18 18 12
19 18 38 19
29 3 46 38
36 2 41 36
35 26 3 48
41 20 7 49
11 20 43 33
45 5 36 45
49 15 33 14
20 17 45 33
21 28 28 11
31 40 39 6
25 38 22 16
43 36 35 40
1 18 2 14
23 0 4 42
26 20 6 15
43 25 42 36
17 16 43 46
12 21 43 41
22 17 41 43
26 38 4 46
18 15 23 22
19 22 32 46
41 28 37 12
10 20 18 12
21 19 43 31
20 17 42 8
30 30 19 15
34 25 41 39
8 15 19 21
28 4 46 33
38 15 44 36
21 38 43 36
22 19 4 47
22 17 32 32
47 20 2 31
31 20 3 36
8 18 35 14
45 22 32 34
29 37 43 39
29 32 0 47
36 42 39 20
35 44 31 45
48 33 28 25
43 33 38 41
36 19 46 40
5 21 36 39
18 17 23 14
33 14 45 35
44 27 2 45
47 23 36 11
31 40 2 48
29 7 36 16
25 21 4 48
18 20 36 17
7 19 3 45
33 35 3 48
27 3 14 15
8 23 32 26
12 15 39 32
5 6 0 48
29 38 21 42
46 2 4 49
49 13 49 38
7 20 33 43
31 46 2 47
9 16 46 32
48 22 33 6
34 45 39 12
33 43 32 6
8 22 7 46
26 13 44 46
23 17 47 30
40 19 48 38
20 41 41 0
21 18 32 21
40 46 0 45
37 39 0 16
6 20 26 41
40 26 20 7
31 26 29 47
3 14 10 25
38 20 6 48
20 18 8 43
8 17 22 14
15 23 24 12
8 18 48 39
17 9 46 35
35 26 38 31
27 38 3 48
27 35 36 14
46 23 47 35
43 13 27 18
48 18 47 37
45 40 39 12
27 16 43 33
19 17 2 46
45 32 1 48
1 5 47 36
13 18 2 21
14 1 40 31
46 20 42 13
9 19 40 48
34 34 41 32
22 21 38 44
27 45 0 47
22 17 34 23
8 19 27 49
3 16 38 2
8 18 31 15
45 13 0 46
37 44 32 39
42 15 3 49
25 38 38 11
6 17 31 43
10 14 3 48
40 34 43 37
27 46 2 49
6 17 38 37
9 24 3 41
36 28 48 40
7 21 9 12
24 25 33 20
22 2 41 47
36 28 1 49
28 35 15 9
30 13 1 46
19 13 31 38
45 31 32 14
27 40 46 35
35 21 41 39
20 17 28 12
46 23 48 33
23 17 38 1
30 35 1 48
12 37 1 46
34 8 37 15
5 7 37 15
45 38 3 47
24 22 3 48
36 5 39 36
44 28 46 38
33 21 31 3
41 23 1 45
10 23 2 44
9 15 20 20
41 14 46 31
16 4 44 48
5 16 46 41
9 12 42 33
24 7 15 37
22 21 2 44
23 1 14 27
21 18 3 45
20 18 17 35
36 29 16 17
19 15 40 17
49 9 38 16
34 30 30 41
16 21 5 4
14 18 36 16
31 36 0 42
31 11 37 12
15 19 2 49
28 41 34 14
27 29 1 48
20 15 4 20
46 16 4 48
21 21 36 22
19 18 46 33
36 28 38 40
28 41 20 17
24 17 39 1
27 37 33 15
40 18 6 15
17 18 41 8
20 15 27 26
42 26 40 38
13 15 32 16
32 27 32 37
31 45 4 45
5 1 34 46
30 17 4 48
14 29 34 43
7 23 46 32
23 42 43 36
32 42 9 25
39 2 3 47
34 35 46 34
44 21 33 46
34 34 30 12
9 18 39 4
1 10 35 11
24 39 2 47
21 19 35 17
18 19 11 38
16 5 0 32
20 17 39 20
34 45 20 39
2 17 0 47
10 20 32 10
9 17 5 46
47 33 1 45
9 9 44 34
0 15 12 25
24 36 23 26
31 30 41 39
7 15 48 37
23 16 34 2
27 0 0 48
35 4 31 7
8 18 6 49
4 21 30 2
44 32 8 16
15 11 44 37
11 16 42 35
38 26 10 49
30 42 36 20
7 17 40 24
19 18 5 48
35 46 13 9
11 19 6 44
11 20 3 45
29 15 2 47
30 37 3 45
30 34 37 17
6 19 19 19
31 34 1 49
36 28 1 46
40 21 37 14
23 20 42 17
7 19 4 49
11 16 38 34
24 21 6 31
10 19 39 25
23 40 43 32
20 11 8 31
18 15 27 4
43 25 16 30
32 32 32 46
8 20 39 16
11 20 44 34
24 22 46 30
20 17 18 12
6 17 44 39
12 19 3 40
8 15 46 39
32 45 43 38
23 17 0 46
20 20 8 28
4 14 6 48
47 38 29 47
15 21 45 34
44 25 4 6
5 18 41 28
11 19 42 10
21 37 2 48
19 19 34 18
24 16 4 48
27 33 2 39
22 15 33 10
21 18 41 34
31 19 29 7
38 29 34 40
19 15 36 4
5 18 41 42
23 17 38 39
40 42 45 32
34 14 9 24
47 19 38 0
9 18 40 15
22 21 41 44
8 26 33 9
44 20 3 49
32 44 18 35
36 5 42 31
24 49 2 47
11 23 47 38
20 15 39 41
45 20 32 15
10 18 3 27
23 19 46 26
19 15 44 33
22 15 3 47
41 23 11 37
35 26 2 48
6 19 4 24
16 21 45 42
39 26 42 35
45 25 1 44
43 19 43 29
22 18 5 18
29 34 27 16
8 13 4 47
9 14 40 28
8 15 37 44
1 15 4 48
17 20 48 6
15 21 32 22
12 19 31 43
48 16 36 15
44 14 38 35
18 16 25 25
36 33 44 36
10 17 44 36
45 27 22 31
22 16 34 48
11 14 8 28
48 38 41 40
19 20 4 48
15 14 1 20
23 17 31 1
6 24 43 44
7 12 35 38
22 18 22 41
9 12 4 14
10 16 17 21
8 19 32 14
6 19 13 22
33 26 44 38
35 20 43 39
21 21 0 41
23 20 4 44
25 10 39 37
25 45 1 44
25 17 3 49
33 21 44 39
30 40 32 1
23 20 3 48
36 2 43 35
7 16 2 47
9 27 33 0
21 17 41 43
8 14 36 8
20 17 44 38
19 19 5 45
8 14 49 22
16 21 34 13
5 5 5 43
24 23 37 8
9 22 40 35
39 41 31 14
15 12 47 34
22 20 6 49
20 16 37 48
35 33 45 35
23 20 0 47
6 19 0 44
22 19 1 46
6 17 3 46
33 14 27 6
12 18 25 11
6 22 17 38
49 30 0 43
7 13 7 24
23 10 20 19
21 21 11 46
39 22 1 47
38 33 49 42
11 15 21 20
18 22 35 46
20 23 23 10
21 20 11 15
23 37 34 8
8 17 34 48
24 16 34 9
30 28 0 44
8 19 48 41
9 20 29 8
4 19 12 26
16 9 34 37
41 17 4 49
19 4 20 17
10 19 39 34
20 15 10 11
39 40 11 32
10 14 34 20
23 23 26 31
22 18 44 39
8 3 9 27
6 17 39 18
4 20 9 23
27 33 39 44
40 7 42 48
27 44 20 8
9 18 22 45
42 47 23 28
12 12 0 46
46 21 42 38
9 11 46 42
24 21 27 49
5 16 2 23
7 17 24 3
10 18 45 36
42 30 37 35
39 30 4 49
48 20 43 33
12 21 35 18
36 28 46 39
33 17 39 31
47 30 35 36
42 36 4 30
11 21 28 12
14 12 0 45
40 24 36 16
40 27 48 4
38 20 6 47
12 21 1 49
16 11 43 33
20 27 44 35
42 24 14 30
21 7 5 24
17 18 2 46
22 40 5 47
9 20 36 35
42 5 33 8
18 44 4 47
25 36 10 0
22 17 25 21
33 36 38 15
48 2 3 45
4 17 39 33
40 15 8 46
24 30 45 41
10 16 46 26
19 16 34 14
48 44 3 45
23 19 21 9
41 28 39 32
18 20 38 15
24 20 43 29
19 10 40 40
37 12 4 47
7 24 40 38
6 13 1 14
7 20 48 44
6 19 17 6
43 32 4 43
30 14 16 11
26 15 26 49
43 36 33 30
35 34 7 47
32 38 15 33
22 12 47 26
38 11 44 38
6 20 6 46
7 16 48 34
30 46 1 46
34 33 1 44
42 12 7 46
17 27 28 14
23 17 43 40
26 14 40 33
7 16 13 25
13 18 43 31
6 14 11 20
30 2 3 48
33 32 40 34
33 21 6 47
31 27 32 12
11 3 38 38
16 18 3 49
34 28 9 27
38 8 17 3
20 18 41 43
27 35 21 42
37 39 46 35
10 18 48 47
20 15 42 34
26 9 35 15
20 15 41 33
6 17 23 43
30 8 37 42
14 11 3 45
22 19 7 49
8 19 44 14
34 28 27 10
44 26 41 16
43 22 4 44
28 12 45 33
39 23 44 37
7 16 28 16
42 33 38 35
23 41 19 31
22 21 1 49
33 16 36 14
9 17 45 38
11 26 6 16
5 15 32 11
10 20 9 12
11 18 0 28
24 11 25 30
34 24 35 31
9 12 7 43
30 45 41 34
13 20 21 23
41 9 32 42
23 17 36 38
28 29 46 34
39 19 5 45
22 37 48 48
21 19 5 46
10 14 3 48
35 2 42 28
45 31 42 8
43 38 29 16
9 20 31 38
41 39 45 31
25 20 2 46
34 2 13 7
46 26 28 29
11 16 41 6
18 18 32 17
32 9 38 37
9 22 26 37
9 6 3 43
47 43 4 15
20 20 7 48
39 24 33 41
5 21 28 11
46 22 1 45
30 19 48 32
6 18 41 14
49 24 36 16
40 22 47 36
6 16 4 48
4 22 33 46
6 14 28 39
20 14 28 13
29 38 18 13
37 20 39 34
10 12 41 36
21 20 8 9
32 35 7 16
38 26 41 7
23 7 2 46
17 46 30 12
9 16 30 47
20 9 6 46
25 33 7 7
23 14 42 33
23 38 38 48
4 16 19 5
19 40 5 43
14 20 30 10
42 29 36 18
10 20 37 7
43 9 1 45
21 16 37 18
17 36 46 38
25 13 42 42
39 26 27 10
27 45 4 45
35 35 39 16
29 12 42 37
35 26 32 42
22 18 30 45
24 38 1 48
7 19 5 47
9 21 21 48
10 18 40 37
22 18 35 14
28 22 37 17
47 22 40 34
22 19 28 6
10 19 6 16
8 18 2 47
22 19 39 34
46 22 36 32
44 35 43 6
22 21 2 23
5 15 40 13
34 36 44 34
5 19 35 15
14 18 15 2
43 10 16 13
28 5 31 32
36 27 2 44
30 38 37 36
4 19 42 32
39 5 4 49
22 19 30 11
43 31 2 47
28 35 31 6
32 5 45 34
48 41 38 46
38 26 1 47
18 16 32 13
42 28 42 42
43 25 36 15
39 16 1 48
9 13 33 20
9 14 0 47
23 33 2 45
21 21 0 49
48 8 28 39
24 17 34 11
12 8 41 37
34 13 35 18
45 37 0 43
43 26 33 24
44 19 2 45
10 19 6 45
18 8 28 2
19 21 39 37
6 16 5 47
33 39 41 28
7 19 6 33
25 17 12 24
26 25 16 5
18 18 43 42
21 16 5 49
8 21 0 15
47 2 37 11
26 41 48 40
14 33 17 21
20 15 47 42
7 19 2 44
42 14 36 7
16 7 37 11
35 6 0 48
37 42 2 45
22 19 41 9
23 16 8 35
9 16 45 42
8 11 29 47
9 17 33 3
49 42 4 47
21 12 47 37
13 19 0 49
12 12 38 30
24 20 5 47
22 17 3 47
29 10 45 30
11 16 48 35
19 20 32 1
13 20 33 9
22 18 7 47
22 17 3 47
12 18 48 35
23 22 34 42
42 39 46 38
47 0 33 17
7 16 43 36
31 39 45 42
35 22 40 18
22 18 40 42
8 15 0 42
11 18 40 33
33 32 47 20
29 8 40 33
41 17 18 8
31 44 4 47
10 22 4 48
22 19 4 45
37 35 0 44
26 1 47 39
32 49 11 46
32 23 1 48
47 32 22 16
39 38 34 37
44 24 37 46
18 20 18 4
36 27 31 13
33 41 33 16
20 20 38 38
45 24 36 3
36 7 10 20
10 16 40 39
42 28 45 43
23 16 3 46
25 22 2 43
1 21 45 30
37 26 30 20
46 26 45 37
8 19 19 31
5 17 34 15
37 27 46 36
22 17 13 9
37 39 13 18
21 19 35 12
29 38 42 31
23 16 44 32
12 15 48 32
17 16 46 31
27 25 44 28
23 39 31 27
20 16 2 47
43 0 28 17
18 15 41 44
5 16 30 15
22 17 31 15
31 15 35 17
16 22 44 32
49 37 42 33
38 1 5 25
5 20 30 38
25 16 26 3
22 16 1 46
36 30 34 6
26 9 1 44
34 41 6 49
22 18 34 5
8 14 27 26
11 12 34 14
9 16 26 25
38 25 0 45
21 16 27 16
15 21 41 47
37 7 1 48
25 15 41 36
22 15 28 43
7 16 2 46
41 29 47 43
34 27 33 49
21 17 34 7
8 19 41 18
30 4 3 49
3 21 38 9
23 20 45 9
23 41 24 29
38 31 35 17
15 25 47 33
23 20 23 8
30 41 35 4
6 15 39 19
11 20 39 11
10 23 32 41
24 8 11 26
36 25 17 5
7 39 35 37
21 19 0 19
25 1 32 8
9 18 25 22
11 16 35 10
26 3 26 15
16 14 2 49
22 17 16 25
45 32 30 11
42 32 3 48
6 14 4 48
23 20 33 36
8 13 44 36
4 19 39 12
23 20 33 6
8 21 1 49
37 20 36 32
34 28 4 45
26 19 32 45
8 17 4 48
2 18 39 35
29 43 19 4
27 13 28 20
28 10 0 49
6 18 40 35
34 32 41 39
29 39 38 37
7 14 27 29
30 48 7 45
9 13 1 45
44 32 26 9
19 16 46 38
41 27 39 47
14 22 28 49
18 15 1 43
31 48 25 2
25 12 7 46
32 37 35 13
22 17 42 47
16 27 31 33
29 29 44 15
21 21 12 1
11 11 43 32
20 23 1 48
23 19 34 35
41 18 15 24
16 6 38 14
23 20 45 44
36 43 25 9
16 19 8 41
39 36 38 40
16 16 1 47
25 18 14 31
7 14 29 6
48 28 39 15
31 30 22 12
11 20 45 35
12 13 39 42
9 15 41 13
7 17 35 38
25 7 15 3
18 16 4 10
23 22 7 15
11 5 42 36
25 1 42 34
25 22 34 38
16 26 49 39
32 43 39 13
18 17 43 42
8 21 41 27
32 26 37 40
37 45 33 10
2 13 37 19
7 17 41 37
21 17 4 46
15 2 20 5
22 6 39 18
23 20 37 5
24 21 37 32
11 26 30 11
27 49 2 46
19 17 42 37
43 30 9 4
13 19 36 14
19 20 15 7
27 16 41 36
29 26 49 37
20 6 7 4
27 37 44 33
12 20 37 9
47 25 42 35
34 8 3 48
24 42 3 48
19 21 4 48
38 30 2 46
22 17 44 36
10 20 41 34
5 15 5 47
30 36 45 44
23 5 12 34
12 5 8 28
13 17 0 41
32 9 36 36
15 42 38 36
19 1 6 11
17 30 41 30
20 1 41 42
7 16 16 7
30 38 3 42
23 24 41 36
11 1 1 47
