50 115 16458 800
44 29 5 33
25 17 31 7
21 24 27 2
18 36 8 47
48 14 23 4
45 34 14 19
44 39 7 36
14 35 15 22
24 11 3 24
15 39 36 14
41 0 6 37
41 46 9 43
42 39 22 1
13 46 14 11
18 11 30 1
18 32 36 8
31 8 33 22
3 39 32 11
32 32 44 20
24 14 1 24
38 17 27 10
18 11 2 33
9 44 37 20
23 4 27 8
20 48 7 40
18 17 16 21
17 9 45 8
13 31 0 33
17 11 20 2
45 46 21 22
31 8 9 43
32 13 34 6
36 3 27 20
4 14 23 16
16 4 42 4
15 37 5 19
41 41 43 18
1 39 29 6
46 22 36 28
23 32 19 39
6 23 22 18
32 25 46 32
22 25 7 33
43 22 23 15
34 29 14 19
40 20 4 34
13 43 47 4
4 33 44 8
18 31 14 7
45 30 13 15
19 7 2 33
8 28 4 30
27 4 41 14
30 16 24 6
39 1 4 28
15 21 22 11
2 45 21 18
23 7 9 48
28 7 16 27
28 21 41 6
15 19 4 25
48 38 24 18
31 35 7 44
15 37 25 21
4 29 27 29
41 17 30 14
42 28 36 18
40 5 16 18
9 38 46 3
1 20 16 21
17 45 25 12
30 41 12 20
16 37 35 6
11 14 31 8
25 28 36 15
5 26 27 12
14 4 16 27
11 35 47 0
37 25 28 31
10 13 35 26
8 4 12 26
5 46 19 18
18 20 16 17
14 36 2 33
26 1 16 33
19 16 37 16
19 32 40 6
8 33 22 11
20 18 16 16
26 22 28 12
37 46 4 44
11 29 4 48
32 16 38 13
27 13 3 40
9 38 5 26
25 4 12 18
31 40 47 17
24 30 32 5
10 33 40 27
48 33 20 25
4 25 32 14
44 46 31 14
6 9 12 33
5 32 9 23
2 15 33 8
23 26 10 38
22 34 20 16
12 6 7 17
11 1 45 7
39 36 48 6
24 13 16 40
18 5 32 14
6 35 3 28
22 24 6 34
28 14 30 39
