50 579 14330 800
22 33 27 42
26 10 49 10
41 35 30 39
18 11 40 28
6 10 36 20
0 5 30 11
3 10 25 48
4 40 26 34
2 32 23 33
5 4 42 41
6 17 47 14
41 40 28 46
45 21 38 18
41 38 14 30
34 42 4 36
8 6 27 40
7 6 19 45
7 6 27 42
28 9 10 18
33 47 27 41
27 41 41 15
24 3 27 30
2 6 32 5
47 31 22 8
30 12 35 25
4 10 1 13
30 8 49 4
33 19 32 1
15 7 24 40
1 5 34 35
15 27 26 44
45 36 41 29
36 19 9 38
2 11 40 34
22 10 44 16
18 9 16 14
37 36 26 45
25 47 14 40
47 29 41 4
45 39 9 33
12 6 48 40
43 27 49 16
22 33 20 43
7 7 28 18
4 10 40 39
22 13 41 32
8 10 33 29
14 6 22 38
28 15 28 42
22 32 36 9
32 11 43 40
7 0 42 40
29 6 28 42
46 33 13 37
20 2 21 38
13 1 32 7
5 9 32 21
17 5 10 26
34 6 40 10
45 38 23 45
17 13 1 39
32 11 0 33
48 39 3 49
45 24 32 30
11 3 49 40
27 5 32 40
3 8 15 16
27 4 25 15
38 5 32 18
11 6 24 39
32 21 33 34
5 17 35 12
41 19 18 38
42 10 37 35
17 18 33 16
20 25 28 33
33 34 26 41
46 39 39 16
47 28 24 47
17 7 26 28
5 6 16 47
30 40 2 25
1 5 26 42
1 10 0 26
19 15 26 42
14 8 30 33
38 18 24 40
29 7 5 29
7 5 20 45
9 25 37 33
32 7 31 1
10 5 13 31
15 6 5 16
1 8 29 38
7 9 9 36
6 12 35 40
39 39 32 43
43 36 44 3
5 45 32 28
49 36 24 12
10 1 48 4
5 7 6 23
18 14 36 32
46 23 35 2
33 16 32 12
35 27 34 39
17 12 49 40
43 32 41 20
8 36 26 39
6 2 12 43
3 9 34 13
39 13 34 46
39 34 5 34
6 8 32 33
9 24 38 1
6 13 40 6
29 31 28 43
40 14 14 30
4 7 25 21
23 17 16 49
1 8 2 43
17 33 21 37
42 41 47 40
34 13 28 38
24 43 38 3
16 10 25 37
1 7 5 27
18 9 31 21
11 19 32 5
34 40 29 40
3 7 30 5
7 46 47 40
2 9 17 37
23 10 27 37
11 4 36 26
10 17 34 35
39 4 31 12
46 31 16 3
35 49 26 36
7 0 37 2
45 22 45 11
6 5 49 8
37 35 31 11
45 42 13 17
4 10 37 0
8 8 36 39
3 42 35 34
4 49 41 32
7 14 9 40
2 11 25 14
47 22 12 21
2 42 46 40
38 34 40 21
32 18 31 38
29 8 40 38
36 29 10 2
4 0 9 25
15 36 18 38
20 5 26 31
4 7 32 38
10 0 30 4
23 15 33 49
24 9 9 48
32 21 45 10
11 4 28 27
35 40 26 28
8 16 7 29
14 9 35 40
42 10 4 37
18 8 29 48
26 36 11 44
43 48 2 41
23 0 12 0
26 5 25 44
18 22 28 28
27 3 4 37
9 13 28 32
2 7 28 30
39 29 23 42
39 35 35 10
34 45 39 2
5 39 37 22
35 6 36 31
21 22 13 37
6 3 1 49
10 3 35 17
31 10 0 25
31 8 25 40
31 42 37 6
42 12 30 46
42 21 32 43
31 35 37 1
10 13 27 38
31 1 26 21
15 1 13 20
1 33 32 5
43 37 3 26
38 47 37 8
38 31 25 27
39 25 33 40
32 7 27 31
10 7 12 49
8 13 10 32
37 14 10 35
8 6 34 19
1 9 37 28
6 3 20 17
3 5 15 29
30 8 20 38
39 36 43 29
23 11 38 1
43 15 45 24
5 43 27 37
1 29 25 41
47 34 44 24
26 45 20 14
30 18 31 9
0 28 39 15
18 3 45 3
12 37 6 16
11 30 31 41
29 6 18 25
23 7 21 30
8 22 11 27
36 23 38 2
41 32 20 39
34 40 21 35
11 19 17 19
16 11 27 31
33 32 23 40
49 9 5 22
0 5 19 37
27 1 2 6
4 9 14 34
38 35 26 3
33 15 37 17
20 6 31 23
26 11 24 45
5 8 4 34
30 31 9 37
24 7 27 42
20 28 31 44
29 13 46 13
28 9 29 40
29 9 17 9
2 17 6 33
2 4 39 40
6 27 18 2
1 2 32 43
0 29 5 19
48 24 39 47
36 16 8 38
5 6 34 33
36 20 23 34
4 7 32 20
12 31 25 28
36 25 35 45
33 7 20 42
9 11 44 42
29 10 16 21
42 36 38 35
7 10 29 37
25 20 38 40
8 3 16 30
17 30 19 42
7 4 40 45
30 9 34 34
21 7 22 19
39 26 44 2
26 44 46 1
48 47 28 39
37 7 49 13
48 30 27 41
39 24 34 33
23 16 28 45
3 7 17 42
32 19 24 33
44 24 41 8
31 13 24 46
44 35 30 39
25 30 35 29
35 31 36 39
2 11 10 33
5 11 23 22
13 7 29 35
40 29 23 46
6 1 5 12
6 6 24 49
35 11 25 11
22 33 28 40
47 28 14 39
8 9 19 15
24 2 25 41
9 2 30 38
16 3 4 42
35 40 10 33
7 12 23 11
6 6 4 14
16 43 6 35
8 3 32 20
26 6 16 26
23 13 23 39
33 1 38 5
24 26 32 47
22 4 25 32
19 44 33 17
28 4 40 42
13 39 42 19
20 46 37 38
41 49 2 22
2 27 21 49
21 15 20 46
32 15 29 36
35 3 20 38
41 37 36 1
32 31 32 40
43 46 9 48
46 9 39 43
4 1 28 40
41 2 41 33
16 9 10 14
11 41 23 35
1 23 25 44
5 5 19 30
8 8 2 48
1 35 17 15
7 8 40 33
9 7 22 9
37 43 25 16
32 2 18 46
2 8 2 48
2 7 2 19
36 5 30 49
6 18 42 1
10 23 22 43
33 44 43 42
49 30 28 4
17 31 26 33
6 7 39 36
41 8 49 47
6 4 30 42
48 24 25 43
24 31 33 2
1 12 39 39
38 28 6 27
29 32 18 7
9 29 30 1
24 38 12 43
37 8 27 39
11 7 36 26
33 11 5 27
3 42 41 17
5 13 46 5
47 31 44 34
26 11 11 14
49 32 13 30
43 20 34 37
21 7 27 32
16 30 6 23
4 1 18 33
8 7 27 40
8 10 34 26
19 47 11 44
13 5 47 4
22 2 26 40
33 9 30 39
41 17 28 40
11 13 41 36
6 14 45 47
9 6 37 47
39 10 35 30
8 11 39 28
32 30 25 42
49 38 37 35
26 30 30 41
3 1 35 0
7 10 32 33
18 7 8 44
28 1 29 43
41 31 30 39
7 37 7 45
13 5 28 38
44 15 28 45
18 22 20 33
5 36 26 27
1 2 7 44
13 1 33 45
11 39 24 36
17 27 27 24
49 17 10 36
3 10 41 20
3 14 5 44
36 12 41 14
41 34 42 16
11 16 19 7
32 13 28 39
35 1 17 0
20 12 29 15
46 33 49 14
28 23 18 34
13 3 16 13
24 9 13 15
28 6 34 48
41 25 27 44
11 24 22 45
10 13 17 39
2 6 29 38
30 39 23 2
7 5 3 37
44 41 42 2
13 17 30 35
31 9 24 42
11 8 22 45
8 12 27 40
39 9 43 26
5 7 13 7
7 6 38 9
39 40 28 40
30 20 33 15
27 8 45 10
46 24 38 14
3 4 4 47
18 40 8 8
27 22 2 29
18 22 31 4
49 32 10 8
41 2 27 45
32 6 32 43
3 8 30 39
31 0 30 43
10 5 13 28
3 2 0 41
13 5 1 29
13 30 23 0
2 4 14 24
41 41 28 31
8 6 0 27
48 10 17 32
8 35 36 42
23 6 15 5
39 13 38 30
10 10 18 14
30 24 18 10
27 31 33 38
31 23 35 1
37 38 25 38
37 22 42 2
0 8 26 3
1 2 5 48
4 10 12 26
31 8 34 40
34 18 27 38
5 22 34 42
6 37 24 25
24 6 22 35
11 4 37 48
39 22 4 43
25 32 35 19
23 6 2 49
5 41 10 46
7 7 38 32
21 12 27 35
21 43 25 41
48 10 40 16
35 23 38 7
40 35 47 2
3 4 31 31
19 42 36 41
28 13 34 29
42 18 38 33
37 38 29 39
22 27 29 46
12 10 11 47
0 43 29 46
5 35 20 17
34 17 22 41
31 8 18 44
4 4 15 33
27 1 29 32
5 5 26 40
11 13 38 14
39 27 47 10
28 7 19 44
8 48 21 33
20 11 7 42
30 1 10 41
10 9 18 42
7 3 2 29
25 20 17 33
41 30 8 33
37 4 30 43
7 7 0 27
45 43 20 49
36 23 32 16
46 5 20 10
14 8 30 49
38 25 32 21
33 4 36 45
48 39 49 21
39 28 28 44
7 6 49 7
6 7 29 43
6 4 3 10
31 43 21 30
8 6 30 29
32 18 31 9
18 13 43 2
46 15 35 19
11 20 45 41
28 20 45 46
40 33 25 46
39 1 43 36
1 8 30 41
13 19 11 38
4 9 2 30
43 18 5 44
12 8 49 42
46 40 34 39
32 5 31 45
12 3 19 37
15 10 8 31
29 2 47 42
23 3 29 29
16 33 25 48
47 22 46 11
40 33 41 46
41 16 43 11
18 10 46 35
49 28 18 49
42 41 46 23
6 37 33 22
40 38 21 42
7 13 27 9
31 25 30 40
29 24 12 35
46 0 19 33
34 11 14 42
47 23 23 39
43 28 35 10
26 31 30 12
4 23 3 42
35 5 33 15
6 9 16 31
25 5 27 41
22 8 30 36
3 40 25 37
46 27 26 36
26 13 16 36
26 3 24 37
36 22 26 41
30 23 7 40
1 1 44 40
39 31 13 40
43 30 32 46
47 38 36 1
3 38 42 17
9 11 16 40
22 37 8 45
47 43 27 41
40 29 39 10
5 7 33 10
44 43 16 29
2 6 39 45
36 26 11 33
34 33 37 29
43 22 25 8
4 32 31 41
33 0 19 43
24 15 39 5
10 12 26 37
0 35 12 48
37 33 28 45
3 7 38 16
16 9 31 32
42 35 23 48
41 16 23 35
14 9 42 11
40 22 36 25
12 29 46 38
