50 172 17802 800
41 42 13 39
34 41 14 26
41 46 18 49
5 0 39 24
23 49 37 1
24 1 7 29
2 43 34 14
20 13 7 12
4 33 6 29
4 28 8 31
30 5 12 36
17 5 16 29
11 32 22 48
21 25 22 3
15 37 21 33
29 32 11 26
24 15 31 6
40 31 26 43
19 25 49 9
17 31 11 34
20 17 9 28
1 24 6 9
25 27 21 35
45 32 20 27
30 1 25 32
45 47 17 30
1 38 17 30
3 33 10 27
3 34 36 8
35 11 40 2
27 48 35 9
2 12 38 11
9 48 0 26
33 32 21 36
33 9 32 16
44 35 28 39
38 20 6 24
33 25 37 7
44 35 13 25
20 14 23 9
22 20 19 8
9 21 14 42
6 15 0 46
11 9 5 42
18 17 32 10
20 32 11 31
23 22 6 44
38 44 34 8
28 42 35 4
21 27 44 9
31 16 7 49
17 38 4 44
28 22 18 28
16 32 5 21
31 32 6 40
22 19 40 6
22 16 19 23
33 25 0 36
10 11 29 0
34 7 26 25
4 16 36 4
28 46 14 45
2 43 15 47
7 27 1 43
47 6 4 37
17 0 33 5
30 10 29 44
4 43 12 32
48 19 21 33
46 8 3 30
29 39 17 28
12 4 38 0
27 39 11 25
7 31 33 2
25 43 16 38
9 36 38 10
34 17 19 27
16 42 10 28
25 20 12 24
6 19 18 41
2 35 14 39
8 31 24 30
16 41 30 26
2 11 18 33
19 43 1 31
39 39 14 44
11 35 47 7
12 15 12 27
23 14 7 38
3 27 8 4
8 19 35 4
20 21 1 14
6 31 24 32
46 28 17 31
30 13 21 25
39 29 13 26
21 21 9 32
33 11 29 21
9 16 16 11
13 14 14 42
8 12 26 34
22 39 25 36
29 14 30 19
15 30 36 3
23 11 5 32
12 32 6 24
38 9 43 6
14 20 20 26
35 6 3 29
27 37 47 32
14 13 9 17
10 41 5 46
32 18 22 17
17 24 5 33
22 6 36 44
2 26 44 1
6 11 5 30
17 35 41 1
7 19 9 42
2 18 35 37
17 34 43 19
19 25 17 40
14 0 17 19
17 22 20 18
42 20 42 5
15 13 9 42
14 13 32 8
9 18 25 38
5 35 23 25
26 13 20 35
17 23 15 29
25 43 8 48
14 17 26 31
1 25 24 39
12 25 22 1
15 48 1 27
12 21 41 3
23 15 11 47
30 35 14 41
0 23 15 32
40 42 4 27
2 24 24 42
27 21 2 26
11 33 45 0
22 2 49 4
18 48 2 42
0 37 40 6
27 28 36 20
14 5 32 11
30 7 16 32
6 17 32 34
22 15 9 21
23 19 31 2
35 14 5 37
7 24 10 31
8 20 35 21
13 34 28 1
2 23 39 7
31 12 39 14
12 31 15 35
11 18 4 18
21 14 5 20
5 5 6 42
17 44 21 36
18 24 43 6
3 27 0 49
24 46 2 48
21 4 13 46
0 19 15 28
35 20 33 7
47 26 24 20
27 25 3 44
