50 79 15022 800
33 16 41 47
9 36 21 40
8 30 42 48
15 40 23 24
41 5 42 24
15 44 18 25
22 0 36 6
19 21 16 15
25 29 49 12
15 11 41 46
14 46 41 48
34 42 43 49
35 18 31 14
45 11 24 16
48 12 43 11
5 39 26 25
16 11 48 8
14 36 19 31
14 11 46 49
22 26 12 0
17 8 40 48
49 18 41 9
18 45 23 19
16 31 40 49
29 16 38 45
32 12 17 35
25 37 20 23
46 21 42 18
7 21 29 19
30 43 29 9
22 20 42 48
17 25 23 29
13 11 10 15
28 45 46 12
36 33 23 19
33 7 48 12
25 43 24 15
36 22 27 27
1 11 21 10
27 45 40 21
32 47 23 27
33 12 28 25
19 15 21 20
27 16 32 6
38 16 31 24
27 44 46 12
5 49 28 8
11 13 39 12
34 33 49 6
14 8 36 47
17 31 37 24
19 20 41 16
30 4 14 25
9 32 15 18
19 26 25 13
46 23 47 10
19 12 43 10
40 18 49 16
18 10 48 12
30 7 35 28
2 40 31 20
29 40 16 18
16 40 29 17
31 43 29 0
15 9 41 47
22 15 40 47
28 19 41 49
11 48 30 10
16 23 35 25
22 5 49 6
47 20 48 11
19 29 48 9
22 33 39 48
14 9 40 46
32 42 41 45
47 19 8 24
35 1 25 28
49 23 13 13
28 12 49 9
