50 118 19358 800
13 12 27 9
26 36 22 28
22 38 31 4
20 32 27 24
17 43 10 10
13 0 26 23
14 33 18 37
21 7 47 42
3 29 41 26
33 33 10 41
43 24 16 15
4 33 26 48
32 11 12 42
10 30 22 15
26 31 15 32
15 38 35 39
25 35 15 34
40 26 34 29
49 5 7 34
46 4 33 36
19 27 13 37
24 19 29 36
10 10 10 1
2 26 29 2
28 6 26 49
17 7 8 26
18 9 10 27
16 15 30 8
35 1 8 21
30 5 17 34
15 12 18 10
26 40 22 32
32 39 38 35
22 4 35 35
22 5 27 17
5 36 23 36
31 4 38 0
26 6 21 4
36 31 20 12
11 36 19 12
37 21 49 40
22 14 18 41
31 15 24 26
20 11 27 11
23 11 3 36
19 32 11 13
31 8 27 25
36 35 48 44
10 27 33 9
6 26 16 28
25 10 26 15
29 19 13 31
0 34 30 37
21 8 49 39
29 7 2 15
31 28 32 21
17 29 15 37
40 24 10 17
45 13 10 46
38 36 18 40
12 14 1 26
33 16 15 27
28 10 3 30
0 32 47 6
19 11 15 23
3 34 11 40
23 26 31 37
37 32 27 20
48 10 18 33
11 14 15 35
9 24 22 25
17 13 44 20
26 6 17 48
35 13 22 22
16 17 8 42
48 16 4 33
28 28 32 22
18 2 26 48
49 7 19 42
39 33 30 19
32 23 16 8
4 7 0 46
46 9 18 37
40 6 33 13
29 2 47 9
15 32 39 18
13 10 21 15
4 5 8 41
24 16 15 32
31 13 17 12
18 43 0 14
5 29 26 20
11 33 10 47
18 10 28 29
44 19 4 14
33 29 21 23
18 33 28 29
8 30 36 39
23 5 37 45
38 35 26 34
31 30 18 48
37 9 13 22
25 8 16 16
7 32 42 6
8 13 3 37
8 20 24 44
3 7 4 46
35 30 7 2
6 5 9 16
34 32 16 38
41 14 30 46
34 5 18 16
25 0 42 1
34 17 35 34
39 20 16 24
3 12 14 7
37 12 2 31
28 1 33 18
