50 52 17957 800
17 33 36 15
41 42 39 2
3 18 19 2
10 31 26 6
24 15 42 2
38 40 35 10
30 33 35 42
28 44 13 38
1 11 29 24
37 23 29 14
44 38 48 24
49 29 22 40
16 18 28 3
46 37 10 41
46 35 23 11
20 29 26 7
26 42 10 18
17 10 12 4
11 28 16 39
9 33 29 7
17 46 48 14
0 20 25 2
42 36 9 16
29 13 46 18
47 27 19 33
36 37 30 13
9 7 29 28
10 25 28 6
2 35 30 16
9 42 10 28
33 14 40 25
11 24 3 5
22 37 32 17
29 39 49 9
35 47 25 10
43 34 39 28
19 41 38 15
30 25 6 10
11 33 45 13
49 30 35 29
39 26 19 31
43 31 38 12
30 1 36 2
36 43 30 15
49 36 29 18
22 23 13 30
49 27 46 49
11 30 26 46
48 9 12 7
47 25 38 4
34 14 6 48
22 32 26 2
