50 150 11627 800
23 3 26 7
37 37 39 8
13 12 42 7
15 14 42 32
27 23 38 15
9 16 42 31
8 17 42 13
7 14 37 24
34 48 47 5
18 6 45 8
8 8 48 21
47 8 36 34
28 49 48 2
38 6 35 12
0 47 43 2
13 48 48 24
45 13 41 31
46 9 37 34
10 11 45 38
20 4 42 4
2 18 42 33
7 16 48 15
32 13 35 4
25 8 40 44
25 32 43 37
16 25 49 31
48 9 46 27
34 44 47 12
35 9 41 21
6 43 46 33
30 44 38 36
31 8 49 8
3 44 43 25
33 48 28 1
22 1 38 41
44 14 40 1
0 42 44 39
43 0 34 13
45 48 48 5
2 42 43 5
49 3 46 25
47 9 34 23
42 2 34 28
3 21 29 12
8 38 33 12
25 11 39 0
10 9 33 15
1 48 42 8
46 9 42 25
26 22 34 39
47 27 39 35
40 49 42 42
41 10 43 37
45 10 49 6
8 46 46 30
43 42 43 15
4 48 39 26
45 6 43 33
26 11 29 18
11 13 44 17
6 15 45 4
35 45 42 29
4 41 26 1
7 38 16 5
38 7 37 15
6 43 47 19
27 42 40 32
44 5 37 10
9 20 31 7
29 3 44 6
10 13 34 33
19 37 49 3
24 22 45 39
10 12 45 33
10 39 40 9
3 9 21 11
10 38 44 12
9 41 47 10
34 11 44 15
32 44 43 4
39 32 41 21
28 16 43 25
9 19 41 24
47 5 48 13
29 45 33 39
43 49 41 36
1 40 42 20
31 38 27 14
8 22 35 2
5 45 35 41
10 16 28 6
11 18 32 6
37 5 43 20
3 40 33 36
37 0 23 14
49 4 38 37
30 39 42 10
42 8 48 10
49 12 25 10
32 45 45 16
4 17 39 30
41 35 42 42
48 6 47 17
43 9 35 12
1 41 46 36
22 25 46 2
0 15 31 8
44 14 40 24
11 18 41 43
31 40 44 8
47 6 48 32
39 46 44 27
13 21 48 7
5 20 47 10
7 22 26 29
7 44 34 35
32 49 30 17
7 46 38 6
26 40 22 8
26 43 36 20
16 16 35 11
26 20 46 37
45 11 41 10
30 25 46 17
45 14 28 0
6 43 41 6
5 42 34 19
18 19 45 18
9 45 22 12
22 26 42 31
6 45 42 14
8 13 42 36
0 47 29 8
25 18 15 19
10 21 48 25
31 9 40 24
6 19 43 35
3 46 34 41
36 49 46 14
11 19 38 17
37 10 40 29
18 14 38 4
34 45 43 24
8 15 36 2
10 14 43 19
48 3 35 32
7 15 40 29
3 44 39 31
33 43 33 27
17 39 46 18
