50 251 14433 800
11 14 1 41
18 7 35 29
49 34 18 45
34 23 43 26
11 40 17 35
8 48 40 25
21 18 43 24
35 30 44 22
8 24 43 22
37 28 47 23
32 28 7 22
13 28 45 18
36 27 47 23
36 21 42 24
38 29 11 29
46 24 11 45
33 26 3 41
40 48 13 40
33 27 12 25
15 19 24 22
33 27 17 34
12 23 17 34
48 26 11 46
33 26 1 49
3 16 2 47
17 20 42 21
3 19 44 24
32 28 45 31
13 34 4 42
31 25 41 25
8 38 8 24
9 12 15 30
1 16 8 45
19 33 43 23
22 1 10 35
21 10 27 24
21 20 40 22
32 27 6 42
10 31 43 24
36 30 12 17
30 21 45 18
3 8 3 39
1 24 12 36
33 28 13 38
33 25 18 30
47 35 41 26
5 23 12 19
31 25 44 26
22 29 47 28
43 42 0 30
14 8 8 40
20 25 13 44
32 32 47 24
1 10 17 32
30 23 48 26
37 25 40 23
2 28 49 19
24 38 43 35
18 35 9 33
18 36 9 35
21 21 42 24
46 39 18 9
17 33 6 39
33 36 44 26
33 27 37 26
36 22 3 26
32 26 20 48
18 32 24 32
16 18 17 44
21 36 49 33
33 42 39 21
26 13 42 16
6 31 1 29
31 27 3 40
21 14 42 24
9 38 48 22
30 24 46 28
3 24 40 16
34 23 28 18
20 15 33 21
34 30 41 23
5 15 15 42
2 16 5 29
23 13 32 36
45 40 45 20
24 46 3 40
19 17 1 47
25 39 45 25
42 41 40 20
7 15 28 13
11 20 30 9
4 35 37 13
46 31 39 22
32 24 19 19
32 16 16 27
0 25 43 21
29 23 43 24
26 14 35 21
36 16 42 23
48 35 0 48
20 48 20 36
29 15 20 41
3 43 29 36
13 14 15 21
31 21 47 18
11 35 8 39
9 23 49 27
26 18 44 20
32 27 5 47
20 15 27 24
8 15 48 24
33 24 20 38
36 24 5 31
32 22 45 41
34 26 38 20
30 22 44 26
27 28 17 10
9 13 48 22
2 13 22 21
3 15 4 34
36 31 16 47
16 16 4 31
10 11 47 22
12 3 49 23
29 20 47 25
41 23 2 42
14 15 14 28
0 18 14 21
32 22 16 31
34 25 16 17
28 29 27 36
20 6 43 25
6 4 1 45
34 26 42 22
46 48 24 28
10 21 47 22
31 21 9 40
11 13 15 18
5 25 45 26
29 14 19 14
46 10 47 41
22 47 23 3
6 41 19 40
41 10 44 28
31 22 2 33
33 22 27 31
37 25 17 34
4 15 42 23
11 18 42 25
32 25 46 27
36 28 5 10
32 18 42 26
22 48 18 28
36 25 14 9
42 22 5 45
7 9 4 38
37 23 0 45
3 19 11 45
30 27 8 30
10 18 7 34
7 19 44 24
38 23 5 46
33 30 39 23
14 25 48 25
26 42 7 28
34 36 39 20
33 25 32 39
27 10 3 37
9 46 8 13
18 47 2 34
10 7 13 20
13 27 44 26
40 25 42 21
1 19 44 20
15 14 34 34
3 33 20 15
18 28 45 39
9 11 14 23
12 4 49 25
38 14 10 5
29 26 41 20
34 6 38 19
14 22 31 26
13 47 12 35
32 26 31 16
31 24 10 45
45 28 4 19
34 26 42 32
8 11 14 36
32 26 0 23
39 33 11 35
6 20 46 21
1 8 46 26
30 24 9 7
7 30 32 19
22 1 43 24
12 13 16 36
13 1 8 41
34 29 12 44
32 8 39 21
5 28 17 28
28 17 9 44
2 14 7 38
20 5 16 44
7 37 0 48
1 24 17 15
13 32 46 22
31 20 45 40
34 24 2 34
34 19 2 42
19 48 32 21
39 31 17 42
48 24 15 35
0 12 12 39
19 27 10 48
32 27 47 23
31 25 5 41
11 17 43 22
16 37 4 42
42 30 20 40
18 19 11 38
5 14 43 23
19 8 13 38
4 9 20 45
13 2 0 28
28 28 5 45
5 26 8 30
13 25 12 39
38 12 45 47
25 47 43 21
44 9 16 45
34 29 23 21
13 11 45 18
21 47 45 23
22 47 11 20
34 16 21 40
30 28 43 26
6 12 10 22
35 22 39 27
24 22 11 49
34 25 7 29
47 44 44 27
32 25 32 19
10 44 15 26
11 16 37 27
32 25 39 21
39 40 13 48
38 21 47 22
32 27 40 22
3 11 40 22
7 20 43 17
