50 56 12929 800
24 42 28 37
33 49 22 18
15 45 30 38
28 35 26 25
23 34 36 17
12 2 40 38
19 41 26 24
10 12 26 0
42 38 23 14
41 37 27 30
14 11 2 31
20 39 27 46
14 7 15 23
14 7 24 24
40 16 0 49
14 47 43 32
38 7 8 43
6 11 44 19
33 33 42 6
12 35 34 45
17 45 10 31
34 16 23 6
7 9 16 32
22 43 46 36
27 18 30 20
26 38 22 4
29 31 35 11
10 43 35 9
24 18 0 38
49 36 13 8
15 44 10 35
14 36 24 22
14 47 13 8
20 40 23 27
26 11 6 32
12 37 26 43
17 44 40 19
27 19 16 44
16 42 33 12
31 16 8 2
15 49 45 13
18 13 27 10
17 37 19 11
48 39 48 21
49 37 21 23
28 45 38 38
32 9 1 5
8 8 29 44
21 48 30 21
22 42 21 11
5 14 23 5
24 49 19 8
42 5 35 32
3 12 24 23
4 9 32 14
4 9 21 30
