50 297 12351 800
17 4 10 15
12 26 20 6
39 26 38 17
12 44 41 23
33 1 11 32
37 12 5 26
32 48 37 33
14 22 22 43
16 4 26 32
42 19 49 26
4 6 27 17
39 8 42 24
6 11 19 6
20 13 25 8
13 2 22 46
10 12 40 30
24 30 24 36
33 14 14 3
12 41 15 34
37 15 33 12
41 17 37 3
16 11 24 33
41 34 35 12
21 4 8 45
2 7 22 19
31 30 26 44
42 2 29 41
31 25 46 6
19 15 39 25
13 11 40 39
1 49 35 20
16 21 13 38
7 34 14 5
12 9 37 13
40 23 24 47
17 37 30 16
14 10 20 12
13 34 9 22
9 2 15 35
22 15 41 10
45 39 13 35
1 34 11 23
13 21 12 46
39 36 18 15
23 8 29 25
22 7 48 14
8 5 1 22
2 46 19 25
35 2 21 43
14 26 13 3
38 19 27 38
5 24 20 41
11 9 40 15
40 2 15 35
20 31 45 36
4 34 22 48
6 32 32 3
13 47 24 41
7 19 31 46
14 27 8 39
18 5 25 31
8 28 20 45
43 27 24 36
28 24 8 16
34 31 41 9
37 2 38 42
19 46 33 0
13 17 18 15
38 30 14 33
32 42 47 29
40 1 25 17
11 12 35 24
18 9 14 4
6 17 26 34
37 8 27 21
4 13 21 45
1 25 30 32
4 28 13 2
37 4 24 39
9 18 8 49
31 39 21 43
40 6 21 42
26 2 3 47
29 43 29 26
32 0 9 25
37 1 17 28
4 40 22 45
35 9 38 15
28 31 16 39
22 43 13 0
10 17 12 41
0 34 5 39
18 6 36 18
13 35 33 9
47 26 17 18
7 45 21 48
27 40 14 45
11 8 34 36
20 39 13 19
13 15 18 17
17 13 23 46
42 18 39 42
6 20 35 30
2 39 29 19
15 48 37 4
19 35 23 46
35 33 33 23
43 12 39 37
28 11 25 21
23 21 3 25
15 34 13 43
26 7 33 33
13 5 13 43
38 20 18 5
6 35 36 32
10 36 6 35
11 42 31 8
44 32 22 34
40 17 39 7
32 48 28 45
12 35 37 40
16 15 12 4
32 1 40 43
48 29 13 41
44 22 48 29
17 14 13 0
24 21 16 35
23 41 12 3
3 16 15 2
14 10 22 44
35 39 45 10
42 35 8 38
10 9 29 13
18 2 11 32
26 32 8 39
15 5 20 44
36 21 27 28
20 40 37 9
19 4 40 41
2 21 15 34
21 7 31 29
27 34 11 44
25 33 16 7
22 34 23 45
10 27 21 44
6 47 42 37
22 12 38 31
42 21 6 16
6 20 27 25
13 19 14 37
29 15 16 23
36 36 23 28
20 6 20 37
8 11 23 49
6 7 13 3
18 33 23 37
46 22 13 3
8 8 22 6
6 44 15 26
3 13 12 38
32 6 34 25
45 25 16 34
7 12 25 44
35 38 6 18
2 11 16 41
9 18 13 6
43 24 15 45
13 16 46 4
36 23 22 42
42 16 13 37
17 12 29 20
4 19 16 38
33 4 20 45
26 41 30 5
10 11 49 27
43 24 14 26
3 13 35 33
7 20 22 44
44 21 15 45
16 10 13 2
28 36 23 45
16 20 16 10
23 14 14 4
14 28 15 3
36 22 31 11
8 3 26 47
2 9 45 20
11 25 10 41
3 11 40 9
20 35 20 47
23 21 36 28
17 32 32 31
8 19 43 3
28 34 17 23
7 32 28 38
5 11 33 22
7 22 20 39
16 43 16 23
41 21 1 44
12 14 11 35
10 20 46 17
23 20 42 6
8 16 9 39
10 31 10 0
22 1 20 39
29 41 11 4
12 10 27 37
10 16 36 29
23 7 15 3
33 35 14 36
13 1 45 40
42 41 25 43
15 10 42 33
41 22 22 26
12 13 14 5
6 20 13 42
44 20 23 47
10 29 33 23
8 33 7 41
40 18 33 37
33 22 23 14
12 14 14 1
38 49 29 37
16 21 14 1
22 34 22 42
38 37 47 0
1 29 25 45
42 1 13 5
39 7 26 12
25 40 7 33
5 35 21 42
33 38 26 47
13 17 15 1
26 8 22 42
3 38 36 22
23 41 12 6
2 16 40 10
4 1 21 43
21 32 6 46
14 35 25 17
43 26 21 46
33 32 16 36
10 49 23 47
40 24 24 41
32 7 23 44
13 45 16 40
33 0 39 12
7 30 18 45
10 17 47 9
10 37 35 26
28 1 44 12
11 9 27 37
32 5 12 5
8 6 17 25
11 15 17 37
4 9 46 3
13 49 27 37
36 35 13 29
7 31 4 27
39 46 49 1
2 4 46 12
10 37 37 38
45 40 28 9
9 17 18 47
40 19 8 20
14 19 44 7
3 8 45 13
34 33 24 41
20 4 15 42
18 3 16 46
8 38 23 0
23 22 6 35
11 18 10 41
10 24 34 44
19 6 29 31
34 33 42 32
27 4 33 21
3 10 30 11
16 19 29 1
39 22 12 39
33 44 25 32
14 26 6 39
38 32 22 45
32 33 13 25
47 6 21 25
33 7 21 46
25 10 11 2
38 32 42 25
5 19 42 6
39 17 30 6
38 4 13 40
10 47 36 9
42 24 12 47
38 40 33 43
18 20 13 40
14 43 41 7
26 0 32 16
