50 357 15303 800
31 33 36 6
12 18 11 32
12 20 29 18
10 16 48 41
11 40 43 45
47 7 13 32
45 2 32 26
17 37 25 27
17 38 26 9
22 14 42 20
49 4 36 46
12 43 11 27
13 15 2 49
10 16 27 16
11 21 29 24
17 13 26 16
1 9 25 16
0 9 25 37
3 4 16 47
14 35 24 15
18 42 40 12
18 23 20 31
19 31 32 12
16 18 22 17
42 6 9 31
7 47 29 42
22 47 25 34
17 5 43 26
16 19 32 44
9 2 20 49
6 0 16 4
18 17 27 15
15 16 43 41
9 30 29 1
16 20 33 49
14 18 35 42
21 31 16 45
9 2 20 34
2 4 17 46
12 16 3 18
45 12 8 39
9 44 41 38
42 13 38 11
43 10 19 41
27 35 39 16
13 16 24 20
6 8 23 2
1 6 35 20
27 38 25 28
18 20 29 5
7 1 49 7
14 14 41 19
8 3 4 26
10 18 32 7
48 18 24 43
45 4 31 4
12 0 34 3
12 15 40 26
2 38 43 11
46 11 13 10
47 14 22 44
13 16 28 7
16 16 20 27
39 11 28 3
48 16 39 10
10 17 39 41
47 15 4 37
18 37 32 11
5 24 36 5
14 19 13 0
11 14 10 35
6 7 14 14
4 5 37 3
14 17 34 6
10 3 23 7
6 43 19 5
42 21 48 42
48 13 36 12
1 13 26 18
12 18 30 3
44 7 10 38
43 5 17 9
12 20 48 37
19 40 28 10
41 7 25 41
43 18 26 23
18 14 13 37
9 0 28 11
8 36 30 20
7 40 5 32
20 18 38 36
14 13 35 46
25 22 29 36
15 29 30 11
13 17 39 37
12 17 27 11
4 45 20 20
17 18 11 18
31 25 29 12
40 14 4 29
5 44 34 5
17 46 6 28
17 3 29 1
13 15 27 8
38 49 25 39
6 4 37 11
43 6 17 38
12 17 47 45
18 21 33 33
11 11 32 20
46 11 17 27
20 29 38 32
18 14 29 43
10 19 38 12
11 16 0 33
5 7 45 6
29 39 37 9
3 2 11 42
49 9 23 18
49 10 31 10
30 17 38 14
8 6 48 14
1 35 38 12
13 17 27 44
3 42 29 44
15 0 12 8
46 12 35 7
12 14 21 0
10 2 37 2
48 3 20 48
11 15 35 4
15 26 19 14
11 15 3 35
7 2 15 9
14 18 9 20
6 46 16 30
16 17 10 5
25 36 14 41
13 1 41 27
10 0 37 30
41 11 37 32
6 47 43 28
33 11 36 34
12 15 20 27
12 15 42 29
47 18 21 46
14 39 12 15
5 6 21 12
11 32 35 7
9 11 31 7
42 5 42 15
15 20 22 10
21 41 19 20
13 17 39 9
46 18 22 21
2 7 47 23
15 19 4 33
44 7 31 49
8 42 28 10
38 9 18 22
31 37 5 34
14 1 42 5
18 7 22 12
21 26 33 38
26 46 3 46
14 19 37 30
44 7 25 9
46 7 35 38
44 17 9 44
48 9 23 19
12 18 42 40
11 18 40 20
5 9 38 24
14 19 28 10
17 46 10 31
11 15 46 27
12 8 3 6
46 15 28 38
45 13 40 22
14 28 38 27
7 48 41 20
1 6 41 49
11 17 49 39
16 47 21 41
11 24 21 46
43 14 30 21
13 14 32 28
43 7 21 22
23 20 44 41
43 17 47 49
44 12 2 39
31 39 10 27
24 44 39 27
13 39 36 22
17 22 21 47
45 15 37 23
13 17 33 41
13 5 36 42
16 15 43 44
14 16 40 3
14 14 41 14
12 20 14 38
39 10 30 14
49 6 30 47
26 44 18 23
15 16 45 5
43 4 32 12
16 15 28 3
0 42 32 6
11 17 19 11
7 8 27 16
8 38 13 42
34 26 26 6
4 0 30 17
17 18 40 2
2 10 6 14
10 17 33 24
15 15 23 8
19 25 46 46
8 10 22 46
13 14 35 18
23 41 28 2
8 5 14 24
46 8 35 13
10 16 26 24
43 13 24 37
42 8 31 8
11 20 6 33
3 45 36 28
48 15 36 8
46 10 29 26
13 0 16 13
6 33 31 3
39 15 31 28
14 17 29 10
18 19 33 4
30 45 6 0
2 3 28 27
18 14 31 21
46 8 38 9
15 43 29 40
46 13 33 17
13 14 40 37
3 6 9 8
2 7 32 21
12 34 9 31
38 7 16 11
39 9 34 44
44 14 7 28
2 7 32 10
18 0 49 35
47 8 22 19
10 3 22 12
48 19 13 1
16 11 37 6
13 19 39 18
11 8 28 8
17 19 32 43
18 47 23 2
16 19 19 48
3 4 45 39
4 1 8 27
44 18 4 11
22 40 38 1
7 21 29 2
2 12 20 32
8 46 5 42
11 18 21 49
15 28 46 32
16 18 8 38
6 36 19 17
42 7 15 47
11 18 42 23
3 7 12 13
2 5 22 41
5 10 20 5
45 8 19 40
18 15 14 32
10 2 27 2
14 17 34 4
13 14 38 22
15 22 28 32
5 2 41 38
4 5 40 14
43 6 33 18
10 28 1 3
15 15 5 8
12 19 29 43
39 7 14 31
14 17 47 25
9 18 34 33
2 7 6 12
46 18 24 36
14 15 21 36
12 15 29 30
6 4 20 43
2 7 22 25
0 24 12 26
5 46 19 0
10 14 34 19
11 3 46 44
49 4 33 39
45 8 22 32
40 10 28 28
47 1 21 23
15 23 25 40
9 3 28 27
1 4 21 28
10 18 11 30
26 48 11 3
11 19 17 35
12 48 36 21
1 5 29 34
13 16 29 11
10 11 18 28
28 40 43 24
10 18 19 13
3 23 23 38
12 17 28 32
16 17 18 4
45 13 8 33
14 24 47 33
0 6 24 12
10 15 27 41
3 1 31 17
20 47 7 23
14 19 28 43
6 7 33 33
3 5 29 21
13 5 34 10
11 34 9 43
47 15 49 43
7 1 23 16
9 16 34 46
12 18 44 42
5 0 42 6
16 16 14 31
0 2 30 15
3 7 32 8
45 14 29 5
8 2 10 33
41 10 32 1
14 21 35 16
17 19 46 15
44 8 34 48
12 17 33 48
49 9 5 11
24 19 28 9
31 42 19 36
6 17 32 36
44 19 27 0
1 6 15 28
13 19 26 1
10 18 18 48
12 11 40 39
45 7 33 33
13 14 40 31
