50 109 14600 800
2 28 40 22
9 5 32 22
19 7 25 19
2 25 43 14
10 20 39 31
21 39 44 22
11 25 21 31
6 24 31 28
23 3 26 26
41 33 33 32
16 27 38 43
40 18 23 21
4 26 40 29
19 13 33 20
3 22 41 32
14 14 23 20
34 10 38 32
40 5 11 27
7 30 36 19
0 26 38 25
27 0 37 31
33 3 27 15
17 8 49 24
6 24 30 29
31 0 33 34
6 27 34 33
22 24 40 35
21 4 11 25
19 15 28 18
1 25 48 31
11 40 27 23
2 18 36 19
22 4 32 38
18 33 35 38
16 28 40 36
5 26 45 27
12 33 40 33
0 29 39 27
9 16 39 35
15 24 37 26
4 4 33 35
16 40 19 28
7 31 34 19
27 18 38 35
2 33 33 30
4 26 21 18
22 6 30 37
5 26 43 37
15 45 10 29
10 17 37 36
28 31 31 5
16 24 42 35
33 10 38 38
31 39 40 38
14 30 28 28
38 21 36 36
8 37 35 31
4 23 35 30
11 4 39 32
3 23 45 30
45 4 33 33
20 6 34 27
19 42 32 29
14 21 37 43
2 25 7 33
1 24 43 27
1 28 31 29
6 25 35 30
3 27 33 38
4 11 45 6
40 27 24 35
16 32 33 32
14 27 47 28
27 30 34 36
1 27 34 20
25 23 40 34
3 26 30 35
25 10 34 37
33 1 38 42
4 23 37 23
7 0 35 26
7 10 20 10
1 16 36 34
9 16 38 33
1 28 36 35
4 30 39 38
4 30 8 28
3 31 26 18
20 18 43 32
6 14 32 22
43 1 38 28
4 32 18 35
39 31 37 34
41 5 24 30
6 16 38 31
36 29 34 41
16 9 28 35
29 19 26 26
41 26 38 34
22 23 43 49
24 20 28 9
28 19 31 30
32 7 39 36
49 34 35 24
7 32 38 27
30 45 38 37
20 39 38 36
31 20 37 41
12 13 29 21
