50 65 12992 800
43 48 8 19
39 43 32 8
34 37 14 19
41 46 28 31
24 48 37 23
32 42 37 11
17 29 45 32
23 18 31 28
26 7 8 21
27 41 14 22
7 20 10 22
41 47 38 23
31 32 34 12
19 36 41 37
13 34 30 2
11 21 5 1
32 18 29 16
28 40 36 12
15 24 29 3
44 31 31 1
32 32 9 20
13 21 9 19
27 17 31 20
27 4 18 37
37 33 4 20
46 21 36 1
25 16 38 43
28 41 9 21
43 43 48 33
29 26 26 10
29 15 32 11
27 32 44 38
40 49 35 47
40 48 42 13
40 35 30 3
48 34 29 16
12 9 7 7
36 47 30 0
21 13 32 6
39 24 35 4
31 28 35 2
35 2 32 46
40 49 38 10
36 21 39 9
28 15 17 25
33 20 49 36
38 23 40 13
2 6 38 3
25 4 33 47
30 6 3 18
49 40 13 15
36 49 8 21
30 20 33 26
3 44 43 36
34 11 12 2
25 18 34 45
23 9 43 39
20 10 30 31
13 38 28 7
27 10 35 10
37 2 34 49
38 48 32 3
29 41 34 41
43 36 22 40
4 18 23 24
