50 946 13340 800
7 25 23 4
11 37 22 32
25 46 41 20
16 5 35 8
20 40 26 2
13 30 26 43
12 17 14 11
25 46 36 3
20 28 26 4
10 13 26 37
36 27 45 0
23 21 3 18
41 33 31 6
16 30 32 7
18 27 32 23
24 46 12 33
46 40 38 1
44 20 31 9
27 23 26 46
26 35 41 9
4 43 30 8
41 49 23 43
22 21 20 28
47 39 41 6
47 48 34 9
36 47 28 40
20 17 10 6
26 35 20 11
30 1 24 10
19 25 3 41
17 1 24 45
38 40 35 4
38 3 26 39
6 38 9 34
1 42 31 21
47 49 19 22
38 36 3 39
42 37 2 41
42 2 11 40
9 47 36 7
37 43 37 17
9 22 32 43
10 20 37 1
13 48 29 41
38 47 23 14
1 47 36 7
14 38 24 5
23 26 39 5
2 47 37 10
4 18 23 44
25 24 4 36
16 35 13 4
5 36 25 9
6 7 39 13
24 46 17 16
48 45 31 40
3 48 40 21
22 11 29 12
36 16 23 35
22 25 28 39
23 26 36 13
19 14 24 40
8 12 29 3
6 13 5 35
48 43 31 15
10 48 6 45
14 5 38 17
9 35 42 6
27 28 29 46
20 16 30 13
36 49 41 17
15 15 26 44
15 17 4 42
12 27 15 0
34 34 6 34
6 36 8 25
20 42 0 15
15 32 39 10
3 30 25 42
18 18 6 31
31 22 48 39
0 34 20 28
18 37 30 13
31 45 45 9
13 22 41 7
30 45 19 28
27 31 32 40
47 10 37 30
37 33 14 14
19 40 3 38
0 34 29 13
24 12 25 44
27 14 21 4
49 31 14 17
18 21 37 24
14 19 28 2
9 28 12 44
33 38 25 43
47 29 12 3
20 11 30 40
35 15 2 33
7 20 37 8
21 33 29 42
14 42 19 9
20 48 33 27
44 44 6 8
25 3 23 8
5 45 3 35
46 28 22 17
26 24 33 8
1 33 39 0
32 48 25 47
13 25 23 46
48 33 36 16
47 10 17 27
22 34 3 31
19 38 16 4
41 46 37 38
40 48 8 12
32 38 36 10
42 45 47 14
12 37 15 21
16 17 44 1
7 24 30 6
2 49 2 34
19 19 7 9
38 5 19 30
48 33 7 12
7 42 45 17
23 48 32 8
30 48 21 10
45 26 30 40
17 8 41 13
26 30 38 31
39 36 40 9
17 22 24 46
29 40 27 11
14 1 13 28
4 34 9 36
7 40 33 8
11 19 6 30
28 17 27 44
20 34 26 42
45 41 43 34
0 49 6 34
22 49 8 35
19 44 45 8
49 40 23 17
43 30 9 0
20 15 30 14
17 27 38 4
8 16 46 16
8 24 21 0
47 48 39 20
17 24 33 13
38 28 27 45
23 29 9 37
29 23 25 43
28 39 30 4
6 49 31 6
12 41 30 46
38 38 4 45
41 34 4 37
6 35 25 39
15 24 9 28
17 40 24 3
47 36 21 11
17 19 23 46
38 36 24 40
22 46 34 9
2 46 8 32
46 5 9 9
0 39 17 10
17 10 46 15
26 22 28 44
9 18 23 46
20 18 27 40
11 26 14 11
7 27 9 34
18 49 7 36
45 12 14 32
27 10 34 4
8 9 11 7
30 31 38 14
41 27 42 12
36 34 5 36
46 17 29 49
26 42 5 36
34 10 24 40
37 47 23 3
4 46 35 2
2 32 15 21
49 24 6 34
28 44 21 18
34 30 44 8
27 33 26 8
34 5 10 16
9 9 4 39
12 35 31 4
30 20 29 3
38 23 36 4
21 22 37 19
38 45 20 11
29 1 26 31
13 48 43 2
48 15 26 9
31 26 29 39
14 25 7 9
14 35 33 48
48 38 42 6
21 34 27 47
44 16 5 34
14 31 17 17
7 42 27 10
16 39 25 42
5 38 43 5
26 43 18 16
15 49 15 37
16 43 33 15
47 28 3 33
21 46 44 39
12 30 19 48
3 49 31 7
35 31 8 36
34 18 5 40
39 38 5 43
2 49 16 14
42 38 24 42
32 49 40 6
15 23 2 45
9 25 3 34
18 28 28 40
10 42 26 42
24 46 19 0
32 16 24 44
19 16 36 7
41 9 26 0
21 21 35 12
48 26 15 12
5 14 22 24
33 29 42 6
13 27 34 7
15 49 14 6
22 38 28 10
11 12 23 46
14 38 8 33
22 40 14 13
18 26 32 10
13 17 14 8
11 11 29 40
45 33 41 24
8 29 28 43
49 24 21 13
10 37 36 18
30 13 9 36
1 18 28 11
6 29 27 5
14 10 8 11
46 27 40 18
43 13 35 23
6 36 28 34
8 29 11 1
33 28 12 37
24 30 32 10
41 32 28 7
19 8 10 19
45 26 30 15
14 38 23 18
36 38 21 21
28 36 13 8
26 31 47 23
13 32 17 34
46 40 7 34
17 17 26 11
3 45 13 16
30 19 9 33
10 42 19 19
49 21 22 16
5 19 18 5
21 43 12 9
12 22 12 11
8 35 30 10
45 39 39 23
10 47 14 23
13 14 22 3
10 30 31 41
41 24 30 11
12 41 28 38
31 22 31 17
11 30 39 9
3 13 7 38
27 25 31 22
19 42 27 43
13 23 9 35
11 37 23 17
43 14 38 2
3 38 32 42
26 25 41 37
43 30 40 13
13 19 25 45
8 41 22 6
14 13 33 14
9 29 42 3
16 43 43 37
9 28 20 12
2 19 28 43
4 18 21 41
39 24 31 38
34 9 24 25
9 33 17 28
17 26 6 37
38 10 32 17
19 42 8 0
36 42 33 6
49 37 10 13
48 38 32 1
23 21 31 13
10 38 22 2
12 39 29 46
25 42 43 21
10 12 7 37
5 41 40 8
40 46 2 35
28 17 14 8
11 43 25 40
11 40 48 15
48 27 2 43
9 32 47 18
46 30 11 38
1 43 7 10
28 14 9 34
15 29 28 13
23 47 13 36
22 16 26 18
12 44 33 1
14 23 19 11
26 40 48 8
49 38 31 39
32 22 24 46
43 28 26 34
10 2 32 4
40 41 35 0
13 49 16 7
44 36 8 32
0 26 2 38
9 37 28 15
34 9 38 19
10 30 4 10
21 42 3 36
10 21 38 4
5 22 39 14
14 23 26 45
18 22 5 6
20 43 29 2
13 48 8 33
35 44 24 44
35 20 7 24
26 36 31 6
3 31 35 0
44 35 29 31
16 18 32 6
8 34 18 34
35 16 8 11
44 28 26 13
46 23 30 15
21 32 22 41
45 37 39 14
48 35 33 42
12 19 18 9
18 41 28 43
7 32 6 39
31 41 35 42
39 26 39 19
24 9 39 30
30 43 25 44
0 43 31 19
40 0 14 15
44 13 31 8
11 38 39 19
36 30 15 21
20 4 29 27
44 47 28 38
29 23 24 29
10 42 24 5
13 32 43 19
1 40 43 6
8 38 26 42
16 20 8 17
6 32 21 1
26 11 19 35
28 48 31 21
36 19 35 1
8 25 42 1
9 25 23 41
14 37 25 6
18 16 33 5
49 35 3 40
26 23 35 49
12 14 15 20
1 42 12 22
17 13 24 47
8 22 31 0
18 35 5 45
45 7 36 18
20 22 34 5
30 21 25 4
12 32 24 44
12 31 7 16
25 14 10 39
10 32 13 34
6 28 27 40
12 16 24 40
43 24 5 39
10 37 35 0
15 22 6 35
47 37 28 13
2 26 32 3
9 12 2 18
49 44 36 12
16 30 19 9
19 33 4 32
9 45 14 2
6 40 24 16
13 39 16 19
47 40 13 15
14 17 49 37
34 26 6 35
49 35 32 8
20 25 11 1
21 21 20 13
10 44 44 4
44 32 45 10
24 17 11 9
42 19 5 31
22 19 18 42
18 19 22 6
29 22 8 32
48 47 28 38
26 34 32 18
9 25 14 4
24 49 18 11
20 22 36 3
40 27 47 33
3 35 7 27
0 23 27 44
25 36 29 17
33 20 40 9
7 31 31 5
10 21 16 9
0 45 30 4
17 19 43 44
11 7 16 12
14 40 29 16
5 36 27 9
13 31 17 8
7 44 20 24
11 28 33 27
18 41 3 9
49 21 28 42
22 12 13 16
40 17 30 19
36 17 47 26
48 41 2 40
36 33 34 44
47 35 25 9
4 36 31 22
36 30 26 30
41 38 5 46
49 41 30 13
33 16 33 2
2 39 28 44
43 39 25 42
19 22 22 34
39 30 10 7
6 43 11 13
12 14 46 24
14 24 37 7
5 14 10 34
30 26 38 22
10 47 30 4
23 13 25 20
45 39 29 32
45 30 22 1
47 31 4 29
16 15 37 9
45 35 9 38
19 16 41 9
14 36 26 42
9 47 29 11
15 35 12 1
2 47 0 27
43 16 27 11
38 40 40 0
10 40 35 8
34 9 27 8
5 31 26 44
32 25 24 11
37 36 20 25
40 34 41 29
13 21 29 7
46 49 14 40
43 46 17 11
39 40 26 41
43 26 13 28
6 48 44 11
33 32 6 7
46 43 30 16
4 29 8 38
33 29 30 7
7 42 28 12
19 42 25 29
25 46 33 3
38 32 21 46
5 36 24 4
21 25 14 25
11 40 34 13
40 24 12 33
23 31 24 8
25 10 42 0
0 42 10 5
37 10 24 42
14 38 31 45
19 42 41 7
19 15 24 8
20 28 20 4
42 37 5 26
8 15 35 5
1 48 3 36
20 27 48 10
35 13 39 1
45 14 14 29
4 36 33 12
16 36 38 15
1 48 42 8
41 26 34 1
11 31 33 34
15 32 15 10
16 25 15 13
10 44 9 4
38 40 32 12
12 32 25 25
31 38 43 13
36 19 21 10
44 19 16 20
47 41 6 34
47 47 26 40
5 42 31 46
10 48 38 32
5 26 36 46
11 36 34 18
22 26 4 32
37 33 13 2
32 14 15 17
9 28 8 0
33 40 17 0
18 23 37 16
13 31 37 8
35 17 29 23
48 37 23 43
15 2 33 10
42 36 46 35
21 31 34 10
41 23 27 44
25 19 30 6
49 22 14 12
27 18 28 46
43 27 42 5
15 28 39 20
49 17 27 21
27 31 36 23
4 24 41 26
42 25 4 20
21 12 28 10
19 11 8 41
37 31 40 7
44 27 11 41
18 49 33 18
23 20 4 38
7 38 27 45
13 26 26 4
11 29 25 42
29 48 36 23
38 22 35 19
7 20 28 25
0 35 31 0
37 25 12 24
49 45 22 42
21 26 20 44
5 7 29 0
12 14 7 39
46 42 29 39
42 43 25 35
46 41 27 13
6 22 23 7
29 14 12 6
19 40 30 5
28 28 39 0
48 34 6 38
34 10 35 15
4 32 22 14
20 40 20 25
14 15 28 47
41 4 8 11
41 37 28 44
32 48 11 11
46 45 25 15
9 35 2 44
49 40 29 20
44 38 21 10
10 31 16 8
6 42 35 7
24 33 23 18
13 38 13 16
30 33 43 6
48 34 24 44
22 21 24 17
15 28 2 40
9 22 41 0
17 25 29 14
6 32 20 10
8 36 18 15
24 28 25 22
10 26 31 26
38 16 22 5
22 26 49 23
14 6 26 10
48 39 27 45
19 9 27 40
49 34 24 7
10 18 25 8
16 15 14 12
45 36 32 29
23 28 23 38
49 11 4 36
39 41 22 44
23 14 25 43
4 33 4 41
48 31 27 39
25 41 19 12
35 15 28 44
9 32 37 18
21 48 25 10
25 47 36 2
26 47 21 41
45 49 3 39
19 19 21 6
29 14 4 33
12 41 24 17
47 41 30 25
12 38 8 34
23 38 23 10
5 30 35 17
32 31 25 20
3 49 5 37
44 43 14 21
1 22 28 44
12 15 22 1
36 31 24 11
16 46 5 19
28 47 20 36
21 28 28 4
12 30 32 36
8 41 36 19
48 40 25 41
20 38 41 14
11 42 27 11
38 32 6 35
13 49 36 18
24 8 42 1
17 4 26 44
40 20 2 41
25 12 29 46
45 47 42 9
17 4 10 38
19 29 37 10
17 38 26 40
44 33 19 39
10 40 36 39
16 23 44 7
36 45 2 36
22 23 41 6
9 24 26 41
4 16 35 34
12 10 1 36
37 38 10 39
2 18 4 34
15 9 31 0
20 47 21 25
25 12 36 1
2 38 13 9
42 18 32 0
12 26 45 16
15 27 30 42
23 29 42 12
39 8 35 26
4 38 23 42
11 49 1 41
28 26 45 3
4 32 22 42
13 9 43 26
14 33 35 8
9 11 16 7
21 15 9 7
29 23 7 40
28 5 33 2
36 9 10 33
18 21 8 37
3 42 27 5
45 33 6 3
34 41 6 36
14 14 29 41
22 15 31 10
3 25 19 45
22 16 34 29
44 18 37 20
3 17 31 44
31 43 5 33
20 33 13 15
2 26 36 7
1 47 14 14
10 43 37 15
23 15 27 41
5 31 21 10
3 5 6 34
34 27 17 3
35 24 30 22
45 32 11 16
26 4 6 35
33 49 10 38
4 40 34 0
7 33 26 40
28 31 24 16
10 27 34 14
13 33 18 4
28 29 30 1
4 43 25 42
7 32 24 41
18 21 36 30
36 38 31 6
23 46 36 2
22 36 11 8
27 44 13 4
5 46 28 15
32 21 11 8
28 28 11 32
41 33 6 10
13 31 6 34
10 25 8 9
29 35 41 9
9 33 30 2
8 38 12 15
6 30 35 16
16 8 25 40
42 21 10 12
36 5 43 3
27 32 39 44
14 11 6 35
36 9 22 40
24 40 26 15
18 45 21 37
48 25 31 10
11 29 28 19
24 22 21 2
49 44 23 7
29 17 33 12
32 12 29 46
3 31 30 41
15 10 19 34
14 31 38 19
17 27 6 40
14 35 23 17
35 9 28 0
30 23 30 36
41 32 28 25
21 28 30 45
0 33 25 43
36 13 20 18
26 25 12 31
24 9 19 24
4 44 20 35
39 44 20 4
18 11 19 4
0 47 19 24
41 7 21 19
30 20 44 27
12 36 44 30
35 32 33 16
10 31 33 1
0 19 6 39
36 26 7 39
24 18 18 30
4 42 27 5
45 46 5 5
10 21 22 4
27 33 10 39
14 31 46 23
2 35 30 4
6 12 11 43
30 24 35 44
20 33 18 7
35 12 28 11
20 20 35 39
9 16 42 35
31 48 1 1
3 19 18 5
5 44 18 10
11 24 5 35
21 41 3 37
9 29 17 47
17 40 33 4
24 18 25 6
44 6 15 11
15 20 28 8
23 28 47 10
4 46 25 45
30 32 12 27
4 44 34 28
18 30 30 12
37 23 10 34
28 14 11 8
6 15 35 5
25 3 25 49
0 31 24 44
41 36 41 7
24 29 47 11
43 18 36 17
8 20 26 39
41 41 40 1
27 36 28 40
14 23 5 5
22 26 37 15
8 29 33 7
2 24 45 30
33 21 29 8
34 27 29 46
9 24 43 16
22 31 38 27
14 19 1 26
18 29 11 13
2 9 32 13
18 25 9 34
43 19 23 36
49 12 10 13
21 30 42 9
46 34 34 6
10 27 40 16
1 47 17 10
38 36 22 14
18 23 28 46
11 43 15 17
46 47 23 16
35 47 4 41
34 47 32 4
15 39 26 40
15 22 40 2
9 17 31 19
2 43 25 24
12 44 0 34
44 34 12 33
37 26 26 41
6 44 39 0
20 44 19 6
23 34 0 0
15 15 11 38
29 26 42 19
35 16 27 20
1 38 43 6
37 34 33 18
1 23 25 43
12 7 35 25
49 40 2 9
40 35 24 25
17 40 7 40
14 35 26 42
20 28 37 1
15 16 39 8
5 25 18 17
18 29 35 18
0 28 25 45
29 9 36 24
7 14 35 41
30 21 22 4
45 10 42 12
19 26 44 17
37 21 24 44
11 37 14 9
17 49 10 13
31 22 23 44
49 46 27 42
43 37 8 35
30 26 26 39
16 33 37 5
47 20 30 6
1 30 26 41
36 42 5 20
30 7 11 35
28 12 44 19
38 17 44 24
32 42 3 32
38 26 1 36
19 36 26 41
5 11 27 11
19 8 6 4
6 44 22 27
17 13 39 46
18 30 21 39
17 18 24 10
10 12 45 19
16 32 22 5
43 37 30 40
16 18 16 13
35 16 6 13
4 49 19 8
15 18 29 9
11 16 27 20
39 34 29 7
46 46 15 11
25 30 18 26
13 17 20 3
40 10 34 1
37 46 37 18
11 40 34 21
7 45 26 11
12 20 44 10
41 30 13 8
12 35 6 14
29 20 30 10
7 43 21 12
5 49 28 43
44 16 39 4
10 38 40 3
11 15 31 13
45 42 7 32
13 15 13 31
22 27 34 4
44 29 23 46
49 42 19 21
6 31 13 10
11 20 4 32
47 28 25 6
1 39 13 10
47 28 27 3
30 41 41 4
30 45 45 18
30 34 11 12
38 49 22 12
