50 1263 13628 800
8 21 12 32
6 25 46 27
31 22 20 14
23 46 11 32
17 26 45 28
5 21 1 49
31 43 33 37
42 39 7 35
38 29 27 35
6 17 45 27
43 23 13 32
12 1 38 42
6 23 9 34
49 28 44 37
46 38 20 14
35 30 5 36
10 7 5 44
24 10 8 40
38 39 0 13
49 30 19 39
4 30 15 33
8 13 26 35
22 32 0 36
18 34 20 43
13 23 19 14
3 18 28 41
8 17 12 36
3 21 20 15
46 45 29 40
24 40 10 33
25 44 35 23
4 12 12 37
32 20 1 47
46 22 40 11
27 41 29 34
28 38 30 32
9 18 29 16
30 48 10 31
12 18 11 31
5 22 17 29
33 12 18 17
43 37 30 35
9 15 22 36
13 21 8 27
19 43 18 16
12 15 36 40
49 34 22 3
1 8 33 28
43 11 34 36
12 32 6 25
45 41 26 49
4 20 7 27
20 37 38 28
44 23 25 31
7 11 24 34
17 40 34 6
11 21 26 32
8 29 22 37
17 12 34 42
8 32 30 0
17 40 7 21
6 19 26 21
13 13 4 19
20 7 15 30
2 36 29 6
21 46 41 31
7 22 35 34
14 25 17 15
0 44 1 36
11 14 12 35
5 20 41 37
6 20 37 14
20 3 27 32
0 22 15 32
7 33 15 34
34 37 43 23
42 39 6 35
17 42 32 44
2 34 14 30
7 23 11 30
26 45 42 49
43 15 12 25
21 38 25 12
11 22 14 34
2 28 33 37
9 31 6 34
45 36 30 33
48 34 18 13
10 22 11 30
36 19 19 15
10 23 20 32
34 13 12 31
45 11 20 15
34 28 43 21
3 29 32 43
19 36 11 15
30 19 31 29
38 27 0 40
13 16 26 33
22 32 13 36
17 32 48 21
48 5 48 27
2 14 12 22
14 42 18 14
10 41 10 1
2 14 37 26
28 30 37 39
12 20 6 45
15 9 10 33
21 43 12 12
22 42 8 42
21 43 44 35
22 6 5 36
26 2 29 39
7 20 24 22
49 35 22 26
2 24 21 19
28 45 41 40
34 3 22 34
13 35 37 40
44 29 44 4
46 18 25 35
11 30 18 11
30 23 41 34
10 17 1 4
20 3 5 6
14 1 7 44
26 23 16 33
41 18 21 12
39 26 43 37
18 9 11 32
3 27 14 29
2 28 21 14
22 40 11 38
5 17 2 41
7 14 34 1
48 44 13 40
22 36 30 33
9 46 45 39
3 20 4 31
8 22 32 42
41 35 10 41
36 38 29 5
45 36 16 6
14 19 0 31
16 47 8 49
48 25 20 16
17 12 10 30
49 44 33 23
6 28 12 30
25 41 17 35
5 19 39 30
43 32 21 14
13 22 25 29
4 18 0 29
49 39 7 38
12 40 19 14
24 41 21 12
38 24 13 28
0 21 39 47
37 8 26 21
8 39 5 19
46 49 47 41
24 44 18 17
3 20 15 46
19 27 49 25
46 41 28 19
2 27 20 10
3 16 45 9
3 24 9 38
42 37 26 27
36 34 1 20
11 35 19 14
21 29 18 15
20 40 42 49
49 31 2 26
17 20 20 5
12 18 29 9
11 22 38 27
38 41 29 41
35 23 20 25
20 19 7 30
48 42 13 30
37 26 40 31
8 19 44 31
22 38 14 34
25 38 17 30
13 24 9 23
15 46 2 29
21 40 21 15
9 15 10 32
8 33 36 28
20 44 18 17
5 35 12 34
5 19 16 13
3 36 15 37
30 13 20 17
41 14 27 33
9 23 16 33
16 6 13 46
0 28 15 34
20 47 12 31
44 38 14 23
14 18 15 31
7 25 36 35
49 19 28 26
4 26 41 29
4 14 39 23
9 20 20 17
19 42 29 35
1 15 10 35
15 12 28 36
6 30 11 30
45 42 12 18
19 46 15 34
38 37 1 44
4 24 20 13
14 19 15 31
22 27 7 38
8 7 45 27
12 11 6 34
38 28 15 48
8 22 18 0
31 12 23 30
2 31 45 31
10 12 44 34
47 29 44 15
48 25 32 11
43 30 30 34
3 25 24 19
8 14 28 15
29 49 7 25
5 12 24 28
27 41 12 33
9 30 2 35
29 3 13 31
10 11 22 17
21 9 8 35
3 2 41 20
15 22 27 43
40 29 1 33
1 24 2 41
26 38 33 31
12 25 20 15
39 43 45 30
23 14 17 12
15 38 38 38
43 36 15 39
25 44 27 40
0 7 21 11
5 19 38 28
44 43 18 22
16 13 11 37
7 12 44 26
4 16 20 14
10 33 34 18
17 39 46 36
31 21 22 15
9 8 13 19
44 29 20 14
21 42 31 39
26 42 17 16
4 24 45 29
9 27 28 11
6 33 14 36
38 19 31 36
33 35 1 24
8 44 15 22
46 33 12 36
37 28 20 10
40 14 45 29
4 14 22 44
7 22 15 18
1 33 19 24
41 48 45 15
2 19 13 35
35 6 40 29
26 36 1 43
14 32 18 35
7 17 9 42
15 27 24 14
32 39 42 29
25 20 36 39
15 21 9 24
5 18 31 44
43 22 27 40
3 23 8 42
31 11 19 49
17 28 10 34
48 22 41 28
11 30 5 41
3 30 45 27
24 39 6 3
6 30 19 13
27 49 14 47
7 25 19 16
5 34 14 31
24 0 15 9
3 12 32 47
31 41 9 47
40 34 27 44
14 40 29 35
15 17 38 35
8 49 13 34
43 43 21 17
5 9 28 30
37 36 12 32
16 25 4 40
15 6 36 42
11 17 21 40
4 25 46 27
5 26 37 29
37 13 39 29
29 31 21 15
4 13 33 4
19 45 18 14
7 25 21 20
2 19 11 31
21 45 42 38
43 39 3 35
8 25 10 32
47 48 6 44
12 14 18 12
19 29 7 38
48 38 44 36
7 21 1 28
42 29 32 38
16 14 3 16
8 14 9 31
17 33 36 40
39 19 49 20
11 16 12 35
9 17 30 32
9 31 26 39
46 24 23 15
13 22 44 29
5 18 36 40
9 16 9 23
6 16 16 23
29 21 34 3
10 28 19 20
23 35 20 14
34 26 14 34
15 16 17 32
48 33 14 34
34 14 17 16
31 45 21 16
8 20 20 41
22 9 28 37
22 29 29 34
29 40 8 13
47 34 12 34
6 18 14 28
14 26 41 30
17 25 29 32
7 34 2 21
7 25 14 28
35 15 41 27
7 20 16 15
32 16 15 40
6 4 30 42
8 21 35 33
42 45 17 47
6 23 38 35
36 35 20 14
10 1 17 3
47 20 14 33
10 40 20 12
10 2 8 38
0 26 11 49
38 25 2 22
12 28 45 31
22 38 35 24
7 42 35 36
25 26 3 8
1 36 18 41
6 27 46 33
27 18 7 25
45 14 24 22
35 26 33 35
4 0 35 23
0 36 25 33
34 42 7 43
19 39 14 30
40 47 13 28
7 17 21 17
46 42 28 0
48 38 40 27
40 45 40 22
37 22 33 41
11 32 21 15
8 30 29 14
41 33 29 25
20 1 42 33
6 36 17 42
21 33 19 13
7 0 22 13
21 43 34 42
5 17 27 16
34 40 33 30
15 4 12 34
8 20 22 37
24 38 32 41
26 45 15 28
17 38 38 36
14 14 11 42
5 19 17 16
18 42 28 21
36 38 20 12
43 5 1 0
3 26 13 35
48 29 4 46
30 30 32 18
21 33 37 45
28 4 13 38
9 34 19 23
9 22 24 24
11 18 12 29
41 20 32 3
4 16 34 5
32 47 39 26
12 38 2 24
37 31 36 48
40 40 41 34
44 39 13 31
41 25 26 34
4 35 26 14
10 24 25 31
22 39 9 26
6 24 29 34
6 22 18 39
28 15 9 49
10 15 17 22
6 15 13 35
31 37 22 11
35 17 26 38
7 23 42 24
35 9 26 34
16 42 38 42
12 24 0 28
19 32 25 43
26 7 19 15
21 5 2 23
35 28 9 6
14 5 14 32
6 11 22 17
12 24 7 40
19 35 40 24
8 33 31 36
8 29 20 18
1 13 9 48
3 20 35 33
4 19 9 37
13 20 14 27
27 45 40 40
18 3 26 27
13 5 12 34
2 31 31 33
29 0 27 31
2 20 23 40
44 36 18 11
7 30 31 24
12 27 46 21
13 24 25 14
9 27 27 34
34 9 14 22
40 27 19 1
3 20 34 16
19 39 20 12
10 18 7 24
3 21 39 38
1 17 6 41
5 33 43 32
27 28 45 31
15 10 10 25
1 19 15 32
11 18 29 36
17 26 42 32
44 24 41 31
5 27 40 13
4 20 27 34
1 21 20 7
5 16 17 46
41 28 10 27
13 2 42 33
11 25 18 15
42 14 39 23
4 16 8 28
1 18 12 40
6 22 30 32
13 32 39 27
36 23 5 37
43 32 20 43
9 30 46 29
19 41 21 17
35 31 27 0
31 32 22 14
11 31 20 11
20 3 33 32
11 24 22 15
1 15 30 7
21 14 13 30
44 32 9 10
36 28 15 34
6 19 31 26
43 38 26 36
4 29 11 31
35 26 0 34
35 48 35 38
0 24 20 12
42 13 13 33
35 46 7 31
9 32 15 25
3 16 45 20
49 27 14 46
7 31 10 34
1 20 33 46
1 43 40 23
29 35 23 16
16 31 25 43
9 16 4 24
8 34 15 28
12 32 28 39
6 21 0 30
1 17 41 26
6 17 23 16
5 40 15 31
46 35 39 18
7 25 9 35
24 47 29 33
12 22 26 38
35 34 15 31
10 14 18 20
14 15 43 45
11 3 8 42
26 27 4 16
23 40 34 32
36 24 7 28
5 7 26 35
16 10 14 31
21 0 31 33
18 17 48 15
6 17 21 38
4 29 29 39
7 22 30 39
45 9 36 35
35 43 17 34
4 22 19 16
23 46 25 27
17 13 8 35
47 39 16 34
19 36 4 41
13 39 45 27
13 17 29 12
9 18 44 24
7 23 23 11
14 25 10 36
38 29 0 25
2 33 7 34
3 18 2 36
5 28 20 14
36 44 24 36
39 38 40 26
9 21 29 13
25 42 48 23
42 23 33 29
7 21 27 19
41 33 6 9
11 17 34 34
13 16 13 37
20 6 25 46
12 30 7 39
16 36 44 22
5 20 42 30
2 37 13 5
44 41 9 37
37 20 2 46
8 23 4 28
12 34 45 23
7 1 23 19
5 36 44 33
27 21 25 45
25 47 8 23
30 17 21 23
32 3 41 23
24 11 20 13
18 47 15 38
22 3 18 38
6 20 20 18
1 6 3 20
14 35 36 17
7 18 26 36
41 41 19 15
11 17 48 24
5 37 22 24
6 28 24 38
4 25 36 28
15 23 3 37
42 20 16 28
22 29 8 26
43 34 5 31
8 13 40 18
29 35 3 34
24 38 31 1
35 23 16 45
20 44 14 31
5 12 33 41
21 47 31 49
8 15 27 46
33 36 21 14
37 37 19 17
47 35 10 31
18 40 15 36
40 8 20 12
27 30 12 35
7 17 36 25
0 33 20 15
25 1 25 21
49 41 14 45
29 16 9 21
45 23 36 25
23 47 6 46
14 31 36 17
21 22 15 32
21 33 27 30
20 15 11 14
39 13 17 12
33 39 3 29
23 11 20 23
44 33 18 14
18 32 48 26
19 23 5 23
41 20 37 32
21 17 43 22
39 30 43 17
11 19 13 32
11 29 18 10
12 28 30 47
41 29 7 22
2 25 14 33
49 15 12 34
7 30 44 29
9 27 15 29
39 25 7 43
7 23 9 33
28 3 43 24
7 12 11 33
14 27 29 7
49 28 10 34
3 18 24 19
17 41 42 37
15 34 29 31
43 42 21 18
24 44 19 38
30 4 22 16
6 19 13 34
19 24 30 36
22 43 43 27
32 18 11 46
6 31 46 34
6 16 38 17
31 24 4 18
7 23 25 30
19 1 15 37
6 18 37 31
1 33 17 35
0 20 10 32
24 16 28 31
22 40 26 30
28 41 0 32
12 22 18 10
2 30 48 29
31 3 46 29
20 39 25 40
20 8 42 25
30 6 3 47
38 25 16 40
40 8 24 17
37 24 33 41
40 33 35 36
4 28 11 28
17 31 19 24
15 26 22 34
11 19 21 18
4 21 21 14
6 27 16 16
24 37 3 8
35 11 1 2
19 9 45 45
1 29 35 31
14 33 37 30
15 25 16 35
20 36 28 26
40 39 24 16
49 12 29 33
42 36 21 16
8 31 20 28
14 16 35 11
18 45 36 9
9 16 11 24
42 3 33 39
11 25 16 23
18 22 11 34
7 19 7 29
2 17 10 35
47 38 30 25
26 47 24 12
2 26 22 28
4 18 11 33
27 42 22 17
47 21 11 35
15 28 19 12
8 2 27 46
17 46 22 12
38 31 9 40
43 28 13 31
25 45 30 37
16 17 42 23
20 3 23 5
8 17 44 28
5 21 18 36
12 30 20 19
4 16 49 29
37 27 30 32
2 27 23 14
32 22 1 20
15 2 43 21
40 0 13 34
18 17 12 31
3 13 11 36
3 17 45 31
2 44 24 13
27 16 13 17
3 23 38 28
14 20 35 24
6 21 17 37
14 22 14 30
16 30 20 4
49 37 9 1
34 33 44 24
22 35 33 23
20 39 19 29
16 44 25 44
22 48 18 16
5 37 21 43
39 26 30 33
40 41 22 1
2 17 38 38
12 29 37 37
42 36 19 7
11 16 25 33
29 45 7 38
7 19 11 35
23 4 36 35
11 27 45 16
22 47 48 31
10 22 12 42
43 40 40 38
36 30 16 11
11 15 35 30
6 18 27 32
22 43 9 29
40 32 48 28
36 25 2 41
9 40 34 29
3 26 5 32
19 21 43 38
35 6 14 31
20 43 12 30
8 35 11 33
20 46 13 31
49 44 19 41
5 16 13 23
49 25 15 46
30 3 27 39
49 34 19 14
23 23 0 38
24 42 18 34
10 24 40 25
4 17 4 39
10 19 46 25
43 35 43 29
1 15 0 23
28 43 18 17
31 28 41 36
21 24 22 9
7 19 7 36
20 49 41 23
0 43 9 36
24 6 16 27
14 30 8 47
7 32 19 15
5 21 12 35
6 20 42 26
29 1 35 22
1 15 13 33
33 44 9 34
6 23 8 26
9 22 36 19
10 16 15 31
43 41 9 36
29 8 34 26
17 23 25 26
7 17 37 24
44 41 15 32
13 15 41 23
18 13 22 33
18 11 6 14
18 29 39 23
4 26 0 12
20 40 33 41
5 38 42 21
39 18 38 27
13 40 0 27
19 31 39 29
17 21 13 32
10 5 12 19
3 18 35 38
12 12 21 17
34 22 27 24
29 24 38 37
44 22 48 30
34 21 34 9
32 8 4 25
47 16 16 28
3 18 36 32
47 9 8 46
14 25 34 32
11 22 42 41
23 39 41 28
17 25 13 36
41 36 12 32
49 26 36 9
42 45 12 37
4 25 20 17
33 38 10 34
44 16 34 38
43 30 44 37
10 17 28 37
28 43 18 36
42 37 29 14
0 26 8 22
32 13 39 30
9 28 37 30
10 6 19 24
5 18 20 16
4 11 9 37
32 10 12 31
26 26 13 31
17 44 26 35
7 28 25 34
36 10 10 32
22 0 35 32
47 42 36 24
4 16 49 29
24 40 29 41
6 19 39 26
32 16 10 43
4 10 19 14
6 19 26 33
40 36 13 33
15 26 35 29
43 6 21 25
10 19 12 33
23 15 19 0
0 25 26 43
6 26 37 15
16 9 9 31
14 30 43 28
10 18 15 12
41 36 24 37
4 33 9 33
3 31 39 37
9 44 41 0
38 43 2 8
47 2 44 26
2 29 13 33
14 37 19 38
10 38 5 33
6 22 33 36
15 14 13 30
22 47 9 46
1 20 14 13
15 35 33 35
23 36 9 45
21 8 8 33
11 28 20 22
2 29 5 39
39 32 4 38
3 23 12 33
42 21 20 14
46 10 25 13
10 36 24 15
19 10 3 34
35 32 21 8
3 20 30 41
1 24 39 48
48 37 19 31
9 25 46 21
20 38 8 31
18 42 40 18
19 39 31 35
16 42 20 35
0 28 15 32
21 41 3 33
15 23 11 40
25 12 11 33
20 15 48 23
10 1 25 46
42 16 37 46
21 34 25 31
10 44 42 21
19 36 12 31
33 18 41 19
21 42 32 27
39 10 35 12
13 37 37 38
42 28 1 29
24 7 0 44
3 8 4 33
18 40 13 49
4 19 11 32
36 20 14 32
4 19 10 23
30 20 47 21
19 30 24 41
3 13 15 36
10 14 11 29
19 8 18 37
5 32 12 33
44 46 7 26
21 45 32 36
29 39 5 31
23 36 33 13
38 17 23 15
22 43 27 28
49 39 12 36
39 44 12 32
20 37 13 30
4 25 6 40
41 37 45 28
4 34 15 34
29 11 26 33
26 2 14 30
32 31 43 24
4 15 43 2
18 39 29 39
37 28 31 15
19 44 9 31
24 48 5 24
15 40 39 20
45 12 11 30
38 26 15 32
44 31 13 32
36 37 30 36
16 26 16 15
5 25 26 20
15 20 42 38
22 23 24 38
42 32 43 26
37 38 19 35
5 13 22 31
18 0 39 34
27 47 12 34
14 44 2 35
22 44 36 16
12 27 32 38
7 19 26 21
15 9 46 33
49 31 41 15
44 24 41 18
17 38 45 33
42 12 21 9
43 11 27 35
47 11 44 29
2 13 42 20
33 5 22 30
18 33 16 29
44 26 40 35
9 21 30 34
35 26 46 21
18 15 37 33
11 38 5 46
20 14 38 47
8 28 11 38
4 9 27 40
6 32 29 29
5 16 12 36
29 43 20 18
14 40 37 20
1 25 8 36
8 23 12 34
12 29 8 38
42 28 31 39
22 37 0 38
23 32 9 44
39 23 43 41
19 1 19 18
24 36 6 14
42 12 21 15
45 15 47 27
12 32 16 39
42 28 34 45
3 28 15 43
7 11 22 16
15 2 16 27
42 24 36 35
47 28 15 20
39 32 2 41
10 20 43 32
18 5 33 22
6 18 44 42
5 42 2 27
6 14 13 30
5 22 12 30
7 18 21 12
20 42 42 19
11 26 1 35
38 35 36 28
15 41 24 33
39 16 3 43
24 41 38 40
0 19 24 15
30 28 13 10
14 40 13 32
38 12 7 17
8 13 11 1
16 6 13 35
18 42 37 30
32 30 12 44
9 21 11 37
28 22 27 42
39 41 41 31
15 23 30 12
20 7 42 31
17 17 14 29
4 19 26 44
37 41 38 18
3 21 20 15
7 26 43 41
7 38 26 34
36 12 13 20
3 14 44 23
10 17 42 31
19 40 16 33
30 20 20 16
21 21 31 33
14 45 12 49
24 25 9 44
12 44 20 36
4 13 49 22
3 21 41 32
38 42 11 32
34 2 5 33
8 18 14 1
49 41 12 42
4 17 17 16
7 19 4 16
20 7 48 23
17 18 41 43
4 19 27 34
9 19 8 34
14 38 32 47
48 38 19 15
25 14 16 20
29 24 12 32
41 41 33 32
18 11 32 35
10 41 29 41
2 21 14 31
14 14 3 34
33 24 22 18
5 18 1 38
5 20 16 34
4 19 12 19
25 39 35 35
2 37 26 26
3 24 21 17
39 42 37 33
9 19 2 29
2 24 39 23
13 21 25 42
8 43 21 15
17 47 28 39
42 8 12 4
41 37 10 36
37 17 13 20
16 5 11 38
13 20 13 39
10 49 21 36
28 25 22 38
26 22 9 35
38 35 13 32
15 12 12 29
40 27 15 33
1 18 38 48
5 19 18 26
47 38 5 34
21 33 11 31
14 0 17 25
40 33 16 30
8 15 13 35
21 40 37 38
22 42 13 14
0 20 48 23
26 18 15 36
10 2 11 29
27 18 25 26
28 0 13 17
10 27 40 14
31 12 41 18
22 5 33 34
23 1 0 30
36 38 36 20
2 22 25 38
18 42 31 36
30 23 2 21
44 26 15 7
10 14 1 43
18 4 38 28
40 33 37 16
16 20 10 5
46 31 21 43
20 42 28 38
10 27 33 15
30 41 0 22
44 39 20 35
43 33 2 22
45 36 26 31
24 28 15 34
39 10 22 14
10 30 6 44
2 26 18 29
47 34 19 28
11 13 32 37
3 13 10 33
5 19 8 29
27 32 14 30
16 27 32 41
4 20 13 43
31 16 14 29
33 34 47 26
33 14 41 47
19 27 0 22
7 29 17 37
13 30 45 32
21 43 7 12
10 22 38 2
46 41 32 30
32 16 0 46
12 32 6 33
13 24 22 21
5 43 29 38
5 20 13 33
2 19 6 11
8 36 1 37
41 44 22 18
5 25 39 2
6 31 4 34
23 34 6 37
4 23 0 31
49 8 17 23
15 34 24 35
1 25 24 14
23 48 8 38
2 23 48 27
20 49 41 36
8 18 46 21
6 42 37 32
34 34 42 47
47 7 18 33
45 33 34 32
24 14 12 35
41 32 29 36
23 11 28 40
4 19 49 26
35 30 34 40
2 18 13 34
33 39 29 36
48 23 7 37
7 20 45 25
43 29 17 41
0 27 13 33
12 15 7 37
7 0 40 19
3 18 37 39
9 13 25 38
16 25 44 32
16 42 15 2
16 3 39 44
14 38 17 9
24 42 37 17
41 32 25 45
48 21 31 16
45 14 17 36
20 37 47 25
10 23 11 29
10 16 11 35
22 40 18 16
14 15 1 17
35 22 9 10
12 23 1 46
43 27 9 40
4 20 37 44
41 43 10 29
21 42 35 35
7 27 13 35
13 8 4 42
25 32 7 39
25 43 38 21
6 21 38 28
0 27 25 29
48 27 22 15
29 26 48 28
5 23 37 34
24 42 12 32
46 26 10 30
13 40 25 1
12 29 23 15
5 32 1 26
32 4 22 34
40 29 34 32
13 33 0 19
8 18 0 44
8 26 10 32
6 38 38 31
5 19 29 1
34 15 10 32
8 13 44 4
15 35 42 27
42 34 29 9
11 3 14 33
10 10 29 18
20 38 15 32
41 33 12 34
2 36 47 29
23 40 43 32
12 10 18 7
23 42 12 29
3 19 14 40
12 2 21 15
16 24 1 42
21 38 8 45
14 37 20 14
23 25 13 29
46 32 14 46
7 16 36 34
9 41 16 13
31 41 43 27
36 10 3 22
47 44 2 47
12 38 32 35
15 12 44 25
16 40 0 23
49 19 32 39
30 14 23 15
21 2 8 43
1 21 3 12
8 29 33 31
8 16 30 34
2 9 0 30
43 28 16 34
5 25 12 38
