50 52 12990 800
15 24 33 49
16 31 9 48
42 23 5 48
19 30 2 9
16 25 46 40
8 26 10 21
16 34 15 45
15 5 45 45
1 29 11 43
15 24 0 13
11 27 3 29
11 2 18 16
12 31 49 37
11 30 5 21
14 1 15 41
9 25 8 35
17 31 23 37
8 23 37 40
38 25 18 36
13 17 17 46
37 17 6 45
18 36 28 22
11 29 17 38
17 27 33 41
2 5 15 39
19 27 7 37
17 32 39 0
16 30 42 42
16 21 5 49
5 14 9 26
20 7 7 45
6 12 15 48
39 23 40 42
36 35 0 17
13 25 10 45
40 17 32 45
13 19 11 42
18 9 1 37
37 20 38 41
23 28 44 27
9 18 11 43
9 2 11 11
23 42 33 29
12 28 12 45
16 35 12 44
44 18 6 12
6 10 39 42
35 22 12 42
45 15 11 47
10 17 21 22
32 46 11 48
17 26 44 39
