50 64 19938 800
4 45 7 16
0 48 23 9
5 41 12 30
7 42 33 22
33 25 32 12
3 34 23 3
37 8 20 34
30 24 1 36
36 12 48 25
13 5 40 25
33 0 35 5
47 46 0 4
44 46 20 11
49 37 16 32
4 43 38 29
3 40 9 19
22 12 6 6
33 25 8 18
3 34 22 6
15 3 21 9
13 12 38 15
13 12 30 47
12 4 7 25
10 1 25 46
25 0 10 19
47 12 45 25
33 2 19 6
8 25 16 20
2 45 45 14
31 0 46 21
6 33 21 31
35 16 34 12
44 7 41 31
28 15 38 18
30 0 6 28
26 10 19 10
45 7 9 19
26 3 18 10
47 14 6 9
30 3 37 17
27 11 45 10
33 3 23 15
45 37 9 21
11 47 2 8
9 32 40 23
13 21 21 5
26 4 29 13
4 30 5 24
47 10 45 26
12 12 25 10
49 23 4 13
27 2 15 12
46 2 20 16
15 7 49 32
14 44 19 7
28 4 42 16
1 40 17 2
48 47 41 8
7 47 22 7
31 2 7 19
10 12 16 33
5 42 39 7
31 2 19 5
34 3 7 42
