50 140 15527 800
46 30 32 21
37 7 12 19
41 28 33 2
34 42 46 34
25 35 14 47
47 46 43 30
47 49 29 8
43 47 36 32
35 49 20 26
12 11 31 28
39 39 33 31
9 6 45 44
31 10 35 3
39 27 33 31
28 38 28 25
48 31 37 21
42 31 38 30
41 42 40 28
31 25 0 12
27 44 45 47
44 41 40 25
42 24 20 26
23 29 44 38
32 46 28 35
38 33 13 47
23 36 29 30
3 6 34 28
29 15 32 20
25 48 14 48
33 43 23 19
9 7 24 13
9 6 20 15
34 43 43 31
34 38 37 40
24 18 4 19
15 38 37 28
15 27 31 25
7 3 29 19
8 6 36 36
48 20 33 17
41 16 35 10
30 7 34 25
9 12 30 18
30 46 14 25
23 33 46 40
44 45 43 36
8 1 25 27
42 35 27 33
26 31 40 48
44 40 16 46
29 20 27 29
44 26 17 44
36 27 6 7
41 33 46 35
37 33 44 37
19 39 35 19
41 39 34 44
6 6 32 29
44 43 37 28
8 5 42 45
26 48 38 27
23 44 40 16
8 2 38 30
46 36 33 26
28 48 49 42
8 4 35 31
40 33 37 29
32 35 19 21
7 6 38 23
11 7 40 33
16 12 39 31
34 13 36 36
34 42 43 33
49 48 42 28
34 22 40 29
4 3 46 44
48 42 41 35
37 37 24 25
27 42 21 23
39 49 40 28
45 25 39 29
3 6 38 24
32 45 18 45
27 34 35 31
4 9 42 32
45 48 37 19
21 20 42 29
16 44 35 35
41 20 31 21
23 49 47 40
10 10 38 26
7 8 34 18
9 40 17 17
26 10 38 22
2 24 36 37
41 44 48 41
24 15 47 40
25 47 40 45
43 35 8 3
40 49 37 26
30 45 37 27
37 46 34 7
32 45 35 33
44 25 31 29
28 49 15 27
34 28 41 33
33 30 34 22
42 14 38 31
8 32 1 13
41 46 48 31
33 35 29 20
31 33 41 28
47 34 23 25
41 38 24 47
29 40 46 36
14 18 38 24
33 41 43 40
28 23 45 13
10 3 37 40
23 33 38 3
46 31 37 32
41 30 29 26
49 24 20 5
23 15 11 24
17 41 38 19
37 31 43 41
27 43 9 22
14 32 34 20
41 46 38 24
34 24 48 38
6 10 47 34
36 45 31 25
37 34 46 26
19 48 35 23
42 41 21 12
29 38 19 23
49 38 46 36
39 12 40 45
47 31 37 24
37 30 31 19
