50 1282 11617 800
35 14 32 24
16 38 9 20
21 11 37 26
21 39 8 25
4 26 9 32
0 21 11 16
24 44 32 10
14 28 5 25
8 38 16 15
41 12 26 24
48 39 32 45
44 16 20 24
16 40 24 27
25 32 40 19
10 7 10 25
24 9 24 24
4 18 12 19
17 35 21 30
9 6 27 36
7 28 9 25
15 34 31 21
37 5 16 9
10 44 12 35
21 5 35 30
5 16 17 10
21 42 16 24
4 2 29 28
19 37 11 29
1 20 12 13
5 18 21 4
16 33 6 26
9 27 29 22
2 18 7 13
32 20 24 21
26 3 16 0
29 21 21 26
34 16 17 21
15 36 19 31
15 13 19 22
8 40 32 30
34 28 39 47
46 27 26 28
13 36 30 21
40 8 33 47
4 25 10 18
7 37 13 30
21 34 5 27
4 36 6 25
18 10 3 27
13 12 12 20
2 24 9 32
5 27 30 21
25 44 19 22
2 31 22 11
18 47 8 21
5 22 0 27
5 24 7 33
9 33 39 35
0 35 12 26
24 37 26 18
48 38 19 23
30 0 21 25
36 23 21 22
8 33 16 27
20 2 15 20
7 40 20 20
8 43 8 10
14 40 28 34
28 15 37 34
0 39 6 21
7 23 45 46
12 29 19 20
21 39 35 24
36 28 46 29
13 34 45 46
33 14 27 20
45 13 33 15
0 40 39 28
18 13 47 44
11 33 33 14
13 31 48 43
5 47 27 18
26 35 7 34
10 36 2 28
35 18 27 32
40 14 25 32
1 18 15 44
23 21 22 14
6 30 12 19
19 18 36 39
4 19 34 15
36 27 14 19
27 4 31 14
22 36 16 7
19 8 21 26
38 7 48 45
16 38 43 40
11 48 14 20
20 39 0 31
16 34 13 26
20 40 23 12
19 34 10 19
34 15 27 24
0 31 14 10
22 30 8 18
0 47 31 18
16 35 43 35
24 17 20 30
32 19 45 23
9 11 15 24
26 8 4 29
18 34 3 19
23 17 21 40
8 1 22 46
7 40 28 23
20 22 20 27
12 37 6 22
19 40 38 31
7 25 32 26
13 32 35 35
14 47 11 33
22 39 19 15
3 19 34 33
2 12 4 30
16 37 18 26
13 8 30 11
22 38 13 20
15 1 26 19
6 30 20 12
13 32 4 23
12 24 16 17
21 38 31 30
41 8 19 30
10 7 28 21
16 6 25 19
29 25 23 27
8 17 13 11
31 12 10 29
38 20 12 33
5 23 24 23
14 34 32 26
18 33 16 22
3 10 4 23
14 29 7 28
12 13 13 8
8 35 29 17
6 34 13 29
3 25 14 24
0 26 28 17
1 13 15 21
19 34 8 18
18 43 26 31
20 24 36 24
18 35 26 23
25 32 12 21
11 29 23 11
3 39 35 31
11 33 9 14
14 33 16 23
9 19 26 23
16 28 35 24
16 34 14 14
9 27 35 22
17 31 30 23
14 41 31 19
5 32 28 11
19 7 0 25
25 43 26 11
3 44 0 35
23 16 20 23
25 17 10 33
9 17 7 28
15 24 45 46
34 35 10 26
21 20 8 30
11 38 32 34
10 24 34 16
6 36 10 18
5 0 33 14
46 20 21 0
4 26 13 7
29 15 29 48
48 2 6 26
35 5 7 40
7 33 35 20
8 28 29 22
24 29 20 23
17 37 30 28
3 16 20 25
12 35 27 28
31 16 12 21
27 39 3 24
46 5 25 24
4 42 19 33
4 23 9 25
25 25 20 7
1 28 16 20
18 34 10 18
0 36 20 37
38 29 40 44
31 11 7 38
1 16 27 22
4 16 26 26
27 11 21 15
16 33 16 11
14 38 18 20
1 31 39 25
12 34 8 32
5 47 21 27
3 31 23 13
16 11 6 27
3 37 16 31
13 40 21 24
0 16 21 5
12 47 17 16
19 4 4 27
22 3 23 25
26 12 29 19
36 29 13 19
17 39 41 47
26 16 14 14
18 34 7 27
4 22 10 13
27 8 49 46
4 34 11 23
12 36 4 31
8 13 32 22
16 33 20 23
0 4 15 1
9 14 39 39
11 37 5 26
19 24 44 33
26 38 1 25
9 34 27 29
12 38 21 38
22 22 30 44
30 29 19 7
11 17 7 26
9 40 4 7
27 8 15 27
6 43 16 25
42 30 31 11
36 31 21 25
16 22 48 36
25 48 49 39
26 33 10 37
16 35 6 29
14 24 29 34
7 14 32 33
1 23 30 38
25 38 8 38
17 21 41 36
3 21 19 6
18 14 28 44
0 43 3 31
17 49 31 30
16 45 35 49
30 20 5 19
7 14 9 18
10 30 30 26
10 23 4 15
15 8 14 13
12 38 32 20
4 36 24 10
2 25 27 25
22 30 31 46
37 23 4 35
7 15 28 18
19 34 10 25
15 22 45 48
44 19 44 42
0 21 41 38
3 22 42 21
19 36 17 27
13 38 32 28
10 6 6 17
39 22 10 33
3 37 7 28
11 9 33 28
8 1 31 40
17 16 36 46
5 32 9 29
13 37 16 20
0 23 39 44
2 20 20 9
14 2 23 44
17 41 5 18
23 23 48 38
11 33 12 28
16 35 38 25
12 7 19 23
19 34 26 11
40 26 24 29
11 40 1 16
41 13 31 23
5 20 35 34
45 7 26 20
37 21 21 3
17 38 13 8
7 17 28 23
6 14 13 22
23 40 11 28
2 24 25 20
21 37 8 33
15 0 39 38
8 33 33 23
4 26 18 24
29 37 47 44
6 45 34 19
49 14 28 20
13 14 12 30
3 40 13 27
7 29 12 20
28 37 18 22
17 23 25 31
27 30 38 23
21 12 38 38
5 39 28 30
3 21 24 16
19 35 24 21
11 37 27 20
19 23 2 28
32 38 25 15
9 19 34 46
31 28 36 43
4 16 37 20
1 39 32 10
21 35 5 26
24 22 9 31
28 23 31 32
26 15 31 15
23 43 18 24
22 33 39 26
22 29 10 29
5 19 17 31
26 3 13 26
19 37 18 25
4 13 19 32
15 39 49 46
10 34 8 29
1 23 27 13
10 21 5 29
12 31 28 11
10 14 29 29
10 25 35 24
15 2 33 20
22 32 41 43
11 29 12 15
9 12 26 33
16 21 14 28
26 12 5 2
23 37 28 26
10 35 37 5
3 15 33 14
49 4 9 21
21 33 33 17
3 39 27 33
8 19 47 35
15 40 5 34
14 37 49 42
8 34 18 13
20 33 23 20
26 0 12 17
4 14 45 46
0 19 9 30
1 31 13 19
2 21 26 21
23 8 13 22
12 43 10 33
20 39 35 24
0 49 31 36
13 20 25 34
15 34 12 23
13 36 26 20
8 31 19 29
31 26 39 43
8 30 18 12
22 31 17 14
18 28 11 22
35 38 10 21
10 16 28 12
0 45 11 22
0 11 35 15
23 21 12 25
16 35 22 28
0 30 16 40
2 18 14 21
7 19 40 38
0 24 34 24
1 31 33 18
12 33 3 20
2 21 28 20
27 7 9 8
31 1 8 34
17 33 6 32
17 37 12 12
41 38 26 24
9 30 7 18
17 35 8 28
41 38 36 30
0 35 11 28
16 34 11 31
8 7 29 22
7 17 3 30
23 35 26 7
17 43 28 32
17 39 41 46
31 25 34 10
5 21 19 25
10 38 23 17
5 15 35 29
20 37 34 23
11 21 25 1
16 32 26 36
17 20 40 22
23 17 16 25
5 40 47 47
32 6 15 18
13 39 39 18
7 21 23 26
19 37 28 8
9 33 12 15
16 35 10 38
26 38 7 18
8 37 18 23
5 19 42 25
33 31 35 22
15 41 28 21
16 37 44 24
1 18 4 41
9 42 24 18
5 26 35 26
3 29 34 37
27 15 2 27
18 34 26 11
5 15 36 31
23 19 45 35
8 23 28 47
2 17 25 8
7 33 45 31
16 47 34 38
10 19 36 30
15 39 19 15
7 44 48 38
4 33 9 26
1 12 2 22
13 38 29 20
31 17 31 45
4 25 11 21
20 32 9 17
10 37 38 45
17 34 47 34
18 14 48 36
14 36 6 31
10 26 16 37
14 35 8 28
4 22 22 22
7 11 7 28
31 17 38 41
2 12 21 30
6 18 16 40
38 29 27 13
9 32 11 24
27 13 27 32
8 37 35 25
20 4 10 15
14 34 34 27
13 44 49 30
17 22 5 24
31 11 19 27
38 21 26 28
9 47 21 14
16 48 39 43
6 25 48 49
3 27 0 31
10 39 32 37
31 20 12 3
18 8 20 23
27 20 13 33
6 49 2 23
30 8 35 15
4 23 14 36
14 28 26 24
23 37 24 24
13 45 37 29
10 19 37 31
34 24 10 24
10 30 5 28
14 35 31 19
11 37 18 3
35 36 15 18
6 22 19 13
28 30 30 22
19 34 23 8
39 14 17 14
5 15 23 1
15 36 33 29
0 22 10 24
13 37 41 30
19 23 22 44
20 29 34 10
10 47 1 15
19 37 7 26
0 41 29 14
5 17 25 45
13 38 7 28
1 17 39 28
18 39 31 29
8 40 9 20
19 32 11 25
17 40 9 27
17 34 14 19
16 6 21 17
8 35 11 23
21 32 22 7
5 19 32 32
4 37 34 4
22 18 23 35
19 38 11 25
23 39 37 16
8 30 36 24
18 31 0 16
11 19 1 20
28 31 6 24
6 23 23 12
14 25 8 19
10 17 47 46
0 40 27 24
5 34 9 28
18 47 37 22
9 21 29 14
43 17 13 16
3 16 34 16
23 19 12 27
21 23 8 34
10 24 18 22
3 19 4 34
23 13 15 18
13 17 30 22
22 31 44 23
9 8 46 49
4 33 27 24
18 35 13 13
40 17 18 35
3 15 34 48
20 37 4 4
6 14 47 30
21 4 4 23
4 31 13 19
25 23 33 6
11 31 23 31
2 20 29 31
4 18 27 31
8 16 37 25
17 38 10 27
2 38 34 16
2 25 33 30
7 25 32 13
34 20 28 33
34 13 20 45
9 44 6 26
16 37 4 28
5 17 29 28
8 35 12 12
41 14 42 41
9 16 14 12
10 45 44 28
40 18 7 28
4 48 12 22
29 14 38 28
1 18 28 32
21 29 29 21
20 26 13 11
17 38 11 30
14 11 28 9
11 1 10 33
5 22 6 26
34 13 3 31
11 24 47 28
11 16 30 31
3 17 13 19
46 6 9 35
16 38 10 8
12 25 41 41
15 40 24 41
2 17 20 2
17 34 24 13
5 35 44 39
21 38 27 22
24 13 14 33
19 18 8 37
47 5 31 33
13 3 3 16
2 24 36 49
13 4 16 12
31 20 3 27
10 5 29 26
1 22 24 4
17 38 11 26
49 11 42 23
12 39 3 30
11 15 29 19
18 13 16 22
13 13 8 6
4 15 43 33
20 34 30 25
2 22 12 32
3 47 24 19
8 24 20 21
20 38 31 25
6 15 48 49
22 4 13 21
46 13 35 39
15 40 8 35
18 35 0 29
34 19 49 29
8 46 26 18
11 38 4 13
31 20 33 29
7 22 36 23
2 15 21 1
8 20 3 24
26 12 32 13
10 14 4 36
19 39 27 18
36 14 10 27
18 38 14 23
15 35 44 41
22 40 21 30
45 21 34 29
18 14 42 41
8 15 10 22
30 29 7 19
24 8 37 35
24 20 44 49
14 40 49 42
2 22 5 20
49 3 10 26
27 20 30 28
5 38 20 30
17 37 10 25
11 39 5 28
31 35 34 25
11 39 29 21
26 23 32 15
19 26 34 16
9 16 30 26
21 38 17 41
17 33 22 12
11 30 2 31
13 20 10 16
21 6 15 26
26 22 34 48
4 4 24 17
15 36 30 25
14 34 12 22
10 31 24 13
17 11 31 26
8 43 25 37
25 9 27 13
31 34 43 21
3 30 2 24
18 33 36 49
14 42 11 18
31 21 6 18
2 27 31 37
12 31 16 17
11 15 26 21
13 48 34 16
10 33 15 30
10 33 22 16
7 21 32 24
11 1 7 3
7 16 4 25
16 8 7 32
13 13 46 16
5 9 30 44
4 40 24 25
5 47 10 31
35 5 22 8
5 25 2 14
41 6 2 8
11 28 48 42
29 4 43 46
10 26 12 32
24 1 26 18
11 13 6 34
2 38 34 32
11 20 17 39
15 39 33 3
5 7 37 24
42 14 46 24
18 20 15 5
7 18 7 36
24 36 8 16
7 29 7 11
2 28 40 47
11 18 8 33
10 31 6 28
4 18 6 32
28 49 23 27
5 44 12 27
19 36 30 26
15 30 29 26
8 36 11 30
41 19 23 21
15 30 14 21
40 9 30 22
2 23 21 20
5 18 6 27
18 33 31 33
20 34 17 22
18 45 29 19
14 33 27 12
25 28 38 35
8 12 12 10
11 38 10 32
31 33 30 23
24 22 8 30
14 31 9 29
3 23 35 48
19 37 0 26
17 1 26 31
16 34 36 21
25 19 30 17
8 31 36 24
11 47 22 24
18 33 38 23
8 41 45 31
18 24 33 28
13 37 15 22
7 21 12 15
10 9 2 29
32 38 20 26
3 22 28 29
0 23 17 22
7 18 41 35
14 31 22 41
12 25 25 25
4 40 14 14
21 36 15 1
13 32 6 31
13 35 48 26
27 14 15 22
14 30 9 21
13 5 23 12
9 30 35 41
43 13 31 45
43 21 11 32
11 6 31 21
9 39 31 18
13 34 5 31
4 18 8 25
14 34 24 25
14 17 3 29
28 38 9 24
1 4 9 28
20 34 25 9
12 33 8 30
22 44 47 47
31 11 1 22
23 38 0 20
2 20 7 35
30 6 31 30
1 8 29 26
20 1 27 46
0 31 18 8
24 15 28 30
7 44 8 21
23 19 13 23
6 33 6 17
5 41 14 24
3 20 12 24
13 33 25 35
4 18 25 6
6 33 43 21
2 32 21 22
11 29 27 21
12 21 14 31
19 37 21 25
7 28 31 9
5 18 46 43
15 33 16 14
4 19 12 27
11 17 13 29
29 3 27 31
28 44 7 12
4 22 29 34
16 29 22 10
14 38 4 19
29 11 28 6
15 39 42 20
26 47 7 30
20 15 7 18
12 4 7 39
2 20 28 34
7 43 4 25
10 32 20 48
16 28 36 41
15 36 20 19
2 44 27 21
34 16 43 21
10 32 36 23
30 15 11 30
20 12 37 48
17 33 6 24
18 36 17 6
0 27 5 26
5 22 11 30
14 4 20 27
5 16 23 16
18 38 16 28
34 23 34 47
21 38 6 14
19 36 25 32
40 28 47 35
41 16 33 28
2 29 35 22
15 35 15 16
36 26 23 13
22 37 3 8
17 40 7 29
13 34 27 19
16 28 21 31
12 17 9 26
18 43 36 24
0 33 4 29
3 36 32 24
22 29 29 26
36 11 36 31
16 35 31 6
9 30 11 8
17 33 5 29
31 8 9 29
25 42 3 24
2 24 32 14
5 32 37 35
41 22 13 31
6 38 8 8
10 36 35 30
21 8 14 26
4 29 12 22
20 39 15 21
13 36 19 34
7 25 3 21
14 7 12 31
22 20 2 19
24 15 49 49
18 35 38 26
19 10 41 44
5 17 23 15
14 41 19 15
43 17 11 35
13 22 34 30
5 23 37 29
16 33 27 29
31 38 12 26
22 45 28 13
19 35 17 16
14 32 45 30
6 17 25 16
12 31 40 39
13 36 39 34
14 30 30 22
34 13 25 13
33 0 40 31
20 37 22 5
19 34 29 19
14 31 16 34
17 38 16 17
18 44 30 30
25 46 26 10
18 17 3 26
16 14 38 30
16 40 10 22
25 10 18 9
15 14 7 13
46 21 17 5
16 28 36 46
25 10 38 47
28 36 26 29
5 20 26 40
7 40 13 27
6 13 34 30
1 11 29 25
21 33 19 44
25 26 32 17
26 27 26 35
14 29 7 36
21 7 13 21
31 16 49 43
45 24 30 25
10 7 10 31
5 32 19 12
13 30 26 33
26 16 1 26
23 34 7 19
30 6 23 17
16 5 6 32
29 8 22 27
4 42 21 26
21 40 10 24
5 10 30 30
31 29 26 21
17 21 33 27
12 35 31 34
7 18 20 28
22 1 16 12
34 14 32 11
4 39 36 22
25 23 24 28
4 32 31 21
18 33 26 42
5 7 29 28
14 33 13 25
22 16 8 25
10 37 33 15
5 49 35 28
0 11 33 32
28 37 3 34
43 41 38 43
14 35 31 29
10 21 47 44
17 47 17 29
7 9 32 25
25 32 12 43
8 36 14 27
9 18 24 23
17 32 39 26
14 38 29 22
33 40 40 35
32 33 14 21
20 38 15 35
22 9 4 30
12 34 33 39
26 24 6 21
19 38 33 8
10 38 12 5
1 15 42 27
3 21 34 23
4 18 18 37
23 14 18 11
15 32 12 6
6 34 23 28
15 17 31 46
13 42 15 19
21 48 20 7
4 12 9 25
29 34 33 27
19 34 27 22
27 35 36 24
4 31 8 28
19 36 28 7
16 34 14 24
23 6 31 34
11 42 23 20
10 39 10 26
31 14 3 32
35 9 20 21
13 36 7 19
17 34 9 25
1 31 36 43
17 14 0 24
12 33 20 22
14 31 0 36
0 15 45 32
1 17 17 29
2 21 35 13
12 19 5 22
6 42 11 19
17 45 27 31
33 22 16 8
21 35 9 27
7 24 36 16
5 9 5 19
6 30 15 29
25 18 15 29
5 36 15 27
8 33 32 22
39 21 16 30
21 43 24 32
16 33 42 44
21 8 28 28
13 41 36 29
23 5 26 14
11 13 30 27
9 35 5 21
31 26 38 49
40 23 34 3
5 48 28 31
6 23 27 29
22 27 12 19
6 19 19 11
39 38 41 21
31 9 32 34
16 35 26 16
14 13 31 33
11 36 24 34
13 43 31 23
10 7 8 21
1 23 13 26
29 22 17 27
11 21 49 42
1 15 21 27
30 26 30 43
7 30 23 12
46 8 35 27
33 0 10 22
2 21 32 29
16 41 3 23
32 30 9 19
16 36 8 19
13 36 29 47
33 10 24 44
15 22 8 26
10 41 33 29
5 25 21 34
14 34 31 22
10 25 23 26
19 34 3 30
3 30 10 9
23 20 28 16
18 33 13 17
30 28 30 21
9 40 10 30
20 37 20 42
20 8 43 41
37 26 35 18
8 36 5 26
31 37 10 29
4 35 41 42
31 13 13 17
6 21 9 18
8 17 21 17
6 41 4 5
30 33 16 27
14 33 31 25
30 10 14 29
15 30 9 7
1 20 28 24
22 29 17 16
0 21 29 27
14 36 14 26
44 24 10 23
12 31 14 36
9 20 45 27
17 39 42 34
5 25 12 26
14 36 45 32
30 48 10 31
0 33 6 35
2 21 4 17
22 47 17 28
13 20 18 19
47 28 34 29
10 17 2 24
16 41 24 24
6 13 13 12
2 15 20 11
2 33 7 3
15 30 11 10
6 28 32 49
7 16 12 31
17 44 24 27
11 34 36 16
12 21 5 25
4 0 21 8
14 29 11 10
7 34 32 21
18 39 2 18
21 12 13 24
27 5 37 5
5 26 25 20
41 25 14 26
14 29 43 43
38 8 38 35
14 35 11 27
22 36 30 43
7 25 38 25
19 29 30 43
2 34 9 17
1 18 22 22
14 6 27 32
18 27 9 24
16 35 2 24
13 35 29 35
11 28 28 14
32 37 38 22
1 21 21 5
27 9 36 39
12 37 22 29
17 36 13 7
3 41 32 21
4 4 19 6
11 35 29 25
16 31 2 40
10 13 35 28
13 42 21 13
13 41 29 23
11 40 38 36
15 37 34 16
49 7 30 27
20 22 8 29
4 39 10 25
4 16 30 30
24 22 41 34
30 42 9 17
15 36 13 26
7 22 15 29
10 15 40 37
12 26 44 26
32 11 45 25
43 28 8 17
41 19 5 25
0 43 12 4
18 31 18 16
7 16 39 23
0 18 44 30
9 16 29 35
17 33 8 24
7 2 10 41
4 22 31 25
10 18 37 25
6 18 14 20
19 35 26 35
34 25 18 26
20 33 30 22
6 20 10 28
3 25 16 17
21 38 11 22
20 16 10 29
37 21 44 31
15 25 17 29
19 30 15 31
21 36 23 15
16 31 7 26
5 27 17 39
9 34 15 28
23 0 19 24
7 42 27 26
23 39 19 9
8 11 13 12
19 36 17 11
3 16 25 20
27 1 49 39
9 26 26 23
29 43 15 17
15 37 34 9
4 35 44 35
1 25 5 29
4 26 19 8
38 36 42 34
6 33 26 28
22 36 11 27
8 36 36 47
22 15 15 32
19 28 23 15
47 21 5 11
5 5 2 30
16 18 0 23
1 44 21 23
16 49 38 31
17 36 44 46
18 14 15 35
18 14 41 8
2 18 22 27
17 5 8 49
15 39 11 18
35 19 6 37
10 18 8 33
4 9 8 22
36 11 31 43
15 34 13 24
39 27 43 22
16 27 32 43
5 49 5 27
0 19 48 47
5 10 22 34
23 31 25 10
23 11 3 28
16 35 26 18
2 8 3 17
11 33 10 27
21 35 8 3
5 37 38 25
5 26 34 22
6 14 18 8
17 35 12 4
23 23 4 31
22 27 19 15
19 34 25 33
14 33 36 28
14 34 7 33
6 46 22 26
4 26 11 30
1 34 42 46
12 14 28 10
20 45 38 41
15 19 38 0
0 35 10 9
16 45 29 34
16 34 27 29
5 16 6 10
14 37 49 49
24 3 14 39
36 34 12 15
32 25 34 29
16 49 13 27
3 20 48 47
12 22 16 30
11 38 16 27
35 20 17 20
14 8 10 23
21 33 2 26
16 37 21 22
12 16 35 37
12 42 4 26
11 18 39 33
13 10 3 16
11 34 31 27
1 20 41 37
15 37 39 44
14 32 6 19
21 11 2 16
22 31 43 26
19 38 9 26
16 37 48 37
8 14 29 37
44 21 11 26
37 22 14 16
3 3 40 31
10 36 41 31
17 36 6 29
10 31 20 45
12 11 8 21
6 26 37 21
1 18 27 16
20 42 47 45
12 32 37 9
40 23 2 26
0 10 35 11
32 33 4 21
22 36 7 19
13 22 37 23
10 34 33 30
22 15 19 29
16 0 38 20
45 18 2 24
16 33 36 44
7 46 48 45
10 40 7 30
4 18 17 16
9 31 8 20
9 43 12 32
7 41 20 26
6 39 7 11
1 16 9 21
19 22 24 17
31 32 36 48
2 44 47 36
22 24 5 31
15 44 15 18
16 35 30 25
15 30 15 21
37 15 34 25
11 32 28 18
3 23 39 41
10 14 10 9
21 39 40 19
21 20 30 22
21 13 36 22
3 48 40 46
12 23 4 23
12 33 34 14
22 22 8 27
12 12 15 17
20 25 6 27
12 28 41 35
10 43 11 18
7 41 13 19
20 36 37 11
15 39 14 22
