50 425 11509 800
24 18 47 3
29 24 22 33
12 22 28 8
29 3 44 18
33 21 17 24
49 27 16 20
14 41 39 10
11 37 32 5
16 11 40 18
0 19 18 26
17 17 43 6
29 34 12 23
39 24 26 40
1 2 18 23
35 27 16 26
34 31 16 25
20 20 18 23
44 33 40 5
33 27 33 1
11 21 39 8
27 34 23 30
4 37 11 23
2 11 9 30
7 38 14 25
35 26 22 36
39 21 18 23
40 25 34 42
3 33 30 48
40 21 13 27
37 30 16 22
22 40 15 32
26 33 17 30
13 43 18 26
47 39 35 5
36 33 14 23
23 6 38 8
1 34 16 28
36 22 48 36
40 43 34 9
37 30 11 28
45 37 18 29
1 27 42 15
1 27 44 45
1 45 10 27
10 3 40 35
4 18 13 23
36 25 17 22
24 18 15 29
12 35 15 26
44 33 12 24
44 16 30 22
16 41 36 1
33 45 13 26
41 27 19 31
3 49 13 24
43 30 10 26
35 17 35 40
5 35 25 43
17 27 27 39
12 6 39 18
10 17 48 44
4 37 18 28
14 16 15 27
44 29 18 30
40 35 18 28
27 17 42 16
6 27 9 29
30 40 48 15
34 27 16 28
19 10 22 0
33 21 15 23
3 43 15 26
29 12 14 22
33 24 48 13
20 49 11 24
40 23 24 4
19 10 39 30
46 33 11 27
20 16 33 35
43 27 0 34
29 16 35 29
38 28 44 49
30 30 37 12
20 38 38 11
29 42 42 16
34 26 14 26
19 39 35 39
46 27 49 10
19 20 28 0
16 43 17 25
16 1 11 25
1 14 47 33
30 13 18 23
25 25 32 49
34 27 13 18
29 32 14 27
25 11 42 3
5 32 44 4
30 24 15 28
15 20 46 46
36 29 43 4
19 30 24 3
14 44 48 2
48 19 16 24
3 28 49 25
22 38 11 23
43 18 38 7
0 26 33 41
34 27 46 15
42 30 39 7
3 36 15 32
31 28 44 5
20 25 14 29
24 14 13 33
32 24 39 29
32 26 23 23
28 14 12 23
34 25 43 48
7 23 37 7
37 25 17 23
13 7 10 31
36 32 18 25
44 27 36 11
49 24 33 32
3 17 33 4
21 34 20 21
24 21 43 0
35 21 14 29
39 18 32 32
32 31 17 23
8 15 47 8
47 33 16 26
36 28 44 29
41 20 44 5
4 5 16 27
35 44 17 22
31 32 43 15
6 46 27 44
3 30 43 35
10 36 42 4
38 31 42 11
43 28 41 46
16 42 32 26
26 27 15 29
14 41 16 22
12 33 17 23
34 30 39 2
7 16 17 29
23 42 35 45
5 42 41 4
22 20 13 19
40 31 41 1
37 26 44 43
32 22 15 29
32 34 11 23
45 27 42 45
33 29 17 27
11 25 15 22
38 22 14 26
8 47 34 9
40 12 28 3
16 13 14 22
34 28 32 48
7 7 40 39
4 20 47 41
40 29 41 44
18 23 37 38
46 29 20 8
17 43 10 27
18 5 35 34
44 24 18 20
35 25 17 27
43 41 12 21
2 1 36 31
9 29 17 22
8 22 34 0
33 24 42 46
10 28 40 2
38 41 37 0
41 31 16 27
0 41 37 47
9 13 14 27
19 1 16 29
32 22 12 22
7 38 48 28
37 26 19 26
35 28 40 0
27 20 29 9
35 27 18 25
2 25 11 27
7 16 34 43
25 15 14 21
16 11 49 3
18 32 42 41
22 38 47 16
15 1 41 45
36 32 14 25
6 40 48 16
8 40 10 21
23 26 18 28
8 0 17 25
13 21 13 27
32 29 45 4
38 4 15 27
34 36 24 38
46 29 41 4
2 48 17 27
14 19 47 6
39 31 19 22
35 34 13 26
20 47 34 42
37 30 38 2
34 23 35 40
31 25 16 26
14 0 19 28
34 26 49 29
48 24 15 27
20 13 48 36
41 27 45 37
35 25 18 29
16 32 14 28
15 6 15 25
34 29 17 24
20 42 14 24
23 24 44 7
16 49 43 17
32 26 28 0
9 49 14 24
40 38 41 6
23 29 35 6
36 29 27 29
23 11 41 39
35 26 29 21
45 23 39 47
7 44 35 11
16 11 49 7
20 12 37 35
41 22 15 30
35 22 16 24
26 14 17 31
21 11 46 18
11 15 43 17
31 26 15 21
22 15 30 41
39 25 35 13
33 35 14 25
32 42 46 2
37 27 42 13
40 26 38 30
16 3 13 27
15 9 20 16
33 29 18 26
18 13 43 45
23 18 30 19
17 0 13 29
45 41 13 28
8 18 29 47
38 40 45 39
4 20 16 26
30 39 29 47
7 24 13 28
35 36 43 10
33 48 24 28
25 12 37 12
47 25 17 27
48 31 43 2
5 46 16 22
11 36 47 4
23 7 16 22
19 31 14 26
25 0 29 39
30 19 14 26
37 27 13 24
47 31 11 26
21 16 13 26
36 23 39 9
35 21 38 8
22 5 23 30
0 42 44 27
10 48 14 26
10 5 16 26
44 32 16 24
32 25 43 38
17 20 30 34
21 9 14 28
35 29 49 1
7 5 16 21
29 34 19 27
9 35 15 27
19 2 44 4
5 44 9 25
0 39 17 20
13 9 12 24
31 28 44 31
14 42 42 14
49 29 46 19
40 21 38 5
31 27 40 43
14 2 48 2
19 6 16 27
4 12 16 15
34 19 41 10
8 28 16 26
6 17 44 43
29 25 45 2
32 26 11 29
40 32 49 41
26 36 13 25
29 31 17 27
43 27 36 31
28 27 12 26
18 18 27 34
12 6 40 47
40 24 15 28
38 22 46 10
22 13 15 23
7 40 38 14
2 46 44 35
8 34 47 43
12 5 13 31
5 46 43 49
8 23 17 26
34 13 13 24
26 11 49 31
43 27 33 36
18 5 46 41
12 14 16 16
31 24 34 13
21 13 36 30
9 49 20 40
8 20 18 27
43 19 25 37
8 32 47 16
31 22 33 47
37 19 22 42
9 25 41 6
27 26 14 23
38 25 13 22
27 30 19 26
43 24 16 25
27 17 28 43
37 29 38 43
6 20 42 49
1 43 14 27
24 40 13 31
43 20 17 29
49 22 37 30
16 28 48 32
9 3 14 20
6 17 12 22
10 11 15 22
37 26 13 27
31 32 11 27
4 22 42 13
33 28 16 26
2 19 14 25
17 38 35 3
24 35 41 10
10 35 0 20
15 1 13 24
6 38 16 25
40 23 44 42
4 23 14 25
43 26 12 29
37 27 15 49
5 23 38 15
35 24 18 22
16 48 41 10
13 10 17 28
25 38 17 29
12 17 40 5
5 17 35 34
23 45 14 24
21 25 46 6
15 10 39 2
16 28 13 25
30 30 12 47
21 16 13 27
3 26 27 19
44 29 15 25
4 36 16 25
27 13 32 38
15 44 37 39
21 16 17 28
21 13 21 28
36 6 9 37
14 40 38 0
4 8 30 13
36 15 19 31
29 29 10 30
35 21 18 32
40 31 31 37
9 28 13 23
39 23 18 29
20 21 17 25
18 47 36 36
14 33 15 26
24 21 13 22
43 22 11 25
17 28 12 25
27 15 35 14
42 23 45 26
2 45 30 11
38 27 14 29
12 33 42 2
10 35 14 23
22 9 9 25
5 42 34 8
36 9 34 42
13 36 28 13
24 24 15 26
17 47 16 28
27 17 15 23
4 36 36 18
33 24 44 7
16 16 11 28
37 31 46 20
1 15 44 6
45 23 46 37
12 34 24 15
34 28 19 24
33 46 14 24
38 38 36 43
34 30 46 12
45 16 33 47
