50 93 12838 800
43 16 35 42
6 20 9 22
8 39 0 30
10 17 25 35
41 19 48 23
28 10 20 20
6 14 16 49
0 36 22 36
43 23 15 18
44 7 28 16
10 12 9 20
20 3 24 17
1 38 29 19
37 38 26 40
45 28 38 24
36 21 33 18
4 17 14 4
46 19 28 17
48 22 5 31
44 30 32 17
42 27 20 13
34 32 9 23
48 17 44 41
7 41 13 14
48 15 27 15
46 23 9 25
41 40 26 17
27 14 30 17
48 17 34 15
45 23 8 33
1 40 9 35
42 8 12 32
44 15 24 17
8 47 20 7
4 8 41 20
1 36 32 17
41 27 4 32
37 11 20 3
2 44 9 28
16 32 25 16
48 17 5 27
9 11 41 1
42 24 10 33
44 17 20 34
47 26 15 20
30 22 28 31
48 26 1 29
31 25 9 23
16 35 10 29
41 31 26 18
4 14 38 17
38 34 37 6
4 41 10 33
45 24 34 38
7 37 30 14
47 31 30 13
1 11 12 29
49 24 16 21
48 15 9 28
7 38 9 30
6 41 42 43
43 30 6 20
21 25 3 33
45 25 11 29
44 26 8 26
46 19 28 17
47 31 16 47
48 35 17 32
19 17 27 33
4 25 32 19
42 19 29 10
33 28 31 19
33 0 17 27
49 25 3 30
37 29 21 10
2 13 42 10
6 12 24 35
24 30 40 30
48 14 11 24
2 36 3 6
26 25 20 30
33 27 9 18
47 17 5 23
46 18 5 28
48 24 16 35
44 18 7 26
49 13 26 40
28 8 14 18
46 25 17 28
2 35 31 19
17 33 33 39
42 22 19 35
0 38 6 30
