50 591 17477 800
16 3 47 33
18 5 48 39
32 42 23 28
20 7 28 22
33 43 19 36
36 39 15 25
15 9 28 38
33 45 17 20
14 13 25 31
16 49 27 38
9 2 41 45
11 5 7 31
21 42 36 37
13 44 9 5
28 2 29 15
10 4 4 6
14 45 43 18
8 9 32 37
15 2 28 36
6 1 9 24
0 36 12 32
28 48 19 8
31 43 22 35
12 23 20 20
30 23 25 21
9 2 32 34
16 43 28 43
5 5 28 43
3 37 11 13
18 41 25 41
6 6 17 30
7 2 28 41
9 4 3 17
24 49 8 30
25 39 6 40
12 10 18 15
22 11 21 38
39 43 24 31
15 19 17 22
29 38 12 25
46 22 32 40
15 0 29 36
12 11 31 34
17 9 17 30
19 45 10 20
24 29 7 30
7 8 32 38
17 49 20 23
22 10 19 15
22 9 13 22
22 41 15 26
17 41 10 17
16 40 47 17
39 37 15 24
27 11 28 35
36 46 8 18
7 2 21 27
10 4 21 29
5 4 28 32
17 2 43 34
19 47 16 30
5 3 28 40
18 43 29 39
12 45 28 23
9 1 11 5
44 15 11 23
41 24 30 24
10 7 9 17
23 12 15 27
29 27 18 48
25 8 20 49
19 9 34 37
41 8 36 41
15 5 30 37
24 41 8 13
34 36 30 39
22 12 33 46
9 39 9 12
31 21 24 39
10 29 24 31
9 9 17 25
31 24 7 10
20 44 34 25
39 45 8 34
20 10 17 25
5 1 15 24
10 11 3 41
27 5 34 38
13 35 8 25
31 43 1 11
31 35 23 11
37 43 17 28
7 6 21 12
3 40 32 34
35 37 8 7
9 5 29 37
13 4 27 41
9 36 49 0
9 4 34 4
8 2 17 32
7 5 12 33
22 21 32 28
20 43 47 9
9 8 8 3
30 49 25 42
15 4 6 12
19 44 16 23
5 1 9 23
12 1 16 18
7 7 30 21
17 0 32 12
40 42 19 24
5 8 12 20
1 11 9 8
7 19 27 33
32 39 26 27
17 41 15 20
10 5 4 2
18 3 10 40
18 45 7 8
12 9 42 30
4 19 18 35
12 6 15 18
21 14 36 48
10 6 34 27
10 5 28 35
4 9 21 43
44 8 28 37
40 35 14 21
21 46 32 9
10 8 17 36
4 49 42 21
20 24 14 21
24 36 35 34
22 7 1 6
29 7 10 16
31 38 41 37
26 42 25 33
2 21 12 11
21 42 14 24
12 5 26 17
17 1 15 27
26 21 12 23
22 8 41 24
10 44 41 45
23 42 35 35
18 8 25 27
36 44 8 19
39 40 9 28
37 25 21 18
40 42 34 32
8 8 30 47
3 43 11 6
20 43 32 35
22 29 24 36
41 44 30 37
39 42 6 4
34 31 6 44
6 8 10 11
10 11 13 39
9 11 7 6
11 2 29 38
10 24 10 30
23 5 32 41
17 9 44 7
38 40 29 41
14 6 13 46
16 39 47 35
11 14 16 29
28 46 20 20
9 9 14 25
34 47 12 36
20 45 10 7
13 23 32 24
17 5 13 37
17 12 12 18
37 4 15 31
20 47 15 24
5 42 30 44
38 16 26 38
15 7 11 30
25 31 32 30
5 36 11 32
38 42 5 11
23 8 15 24
14 14 30 30
22 47 19 22
47 33 16 25
6 6 20 12
31 43 2 26
46 21 7 6
10 1 8 23
30 3 22 10
19 40 15 41
23 14 23 34
38 45 20 32
16 40 15 21
19 9 30 43
14 40 12 25
28 24 8 36
21 7 13 27
30 28 47 23
9 8 29 40
35 2 37 36
15 48 9 20
36 47 19 30
22 41 36 33
38 42 28 43
12 7 27 43
5 31 7 25
0 35 12 26
21 5 34 2
7 4 8 25
42 46 47 27
11 11 16 36
22 27 12 24
12 9 30 41
29 41 27 27
27 7 16 22
21 47 31 37
31 27 18 44
40 44 26 34
20 34 10 4
22 13 16 29
26 45 17 47
4 9 39 37
39 23 10 9
27 24 21 21
23 12 46 20
28 3 24 15
29 16 16 34
7 15 3 10
31 43 8 9
23 48 32 41
10 7 19 14
29 45 33 17
25 5 10 31
34 19 46 33
17 26 7 6
9 10 1 9
37 30 42 40
16 20 47 48
23 4 17 28
23 47 32 28
32 33 31 41
10 2 42 31
37 46 11 26
19 44 8 49
33 38 6 12
46 14 7 12
34 38 37 17
21 46 36 43
12 6 28 21
11 4 18 24
37 46 17 19
13 6 4 17
19 12 33 26
30 45 9 47
12 4 33 40
19 13 19 31
7 5 39 22
22 40 5 7
6 24 22 6
15 22 40 24
12 6 45 34
9 6 23 32
11 5 29 37
4 3 23 14
9 4 14 26
7 38 6 28
15 42 19 40
15 40 6 15
5 0 33 22
30 42 7 25
8 3 32 28
3 10 3 27
46 24 17 19
9 26 18 27
13 18 17 27
16 17 2 43
23 11 8 11
5 43 15 36
35 44 18 24
36 41 28 39
14 9 36 32
5 16 19 24
30 7 18 47
36 47 12 42
32 41 6 11
21 8 20 47
4 6 9 34
18 6 41 30
23 33 3 9
5 6 2 20
9 5 14 26
14 2 3 34
18 19 22 32
19 35 13 20
9 7 11 34
21 43 32 19
38 43 25 36
5 1 9 38
31 7 16 36
22 25 29 27
12 6 45 32
22 41 31 22
35 5 34 36
4 48 16 31
30 31 1 27
37 42 19 43
38 29 16 21
6 44 30 37
9 17 14 29
7 24 34 42
15 29 15 23
21 24 33 34
19 7 28 28
17 28 19 35
17 43 9 24
0 18 19 22
36 17 16 24
18 43 28 25
22 10 5 23
46 45 22 47
10 4 11 39
36 48 7 18
6 3 43 35
17 7 9 10
44 40 29 39
21 10 8 23
26 9 16 22
7 1 28 37
25 43 43 39
18 11 33 44
7 5 40 13
26 7 15 13
32 33 37 15
7 4 40 26
15 43 31 37
23 10 24 32
21 10 6 12
15 34 45 27
10 4 25 39
31 9 12 26
24 12 9 33
45 32 25 32
17 31 2 20
1 6 34 35
19 41 18 32
26 14 1 33
11 6 45 21
36 3 16 22
18 6 22 38
13 5 33 26
9 12 15 5
34 45 5 31
38 38 18 23
33 33 17 47
6 33 49 46
41 42 12 21
16 43 14 25
11 7 17 26
24 19 14 17
17 17 13 23
34 48 24 36
1 1 30 39
20 11 29 35
21 26 9 17
11 9 29 37
16 42 14 27
2 14 14 27
8 4 0 20
8 7 7 28
15 3 30 27
13 46 16 23
5 5 22 29
18 12 15 22
25 9 38 39
10 7 31 32
17 6 31 34
6 5 34 1
27 45 20 34
6 1 30 49
16 46 6 19
26 25 14 20
42 36 36 43
18 7 15 22
10 5 23 26
25 11 36 27
46 47 24 35
29 42 11 10
26 5 46 34
31 16 47 12
14 2 15 22
17 45 5 19
11 6 8 1
3 39 5 6
22 41 16 28
13 7 10 5
22 23 10 39
30 6 20 19
9 14 33 35
19 43 34 43
11 2 7 7
14 7 29 17
18 39 41 41
23 10 26 38
1 21 7 12
20 42 19 24
40 34 42 43
17 36 31 9
27 23 37 32
25 8 36 21
39 7 30 23
34 44 17 30
26 12 36 36
36 17 14 23
38 40 18 23
4 0 32 42
34 39 2 24
33 42 26 18
18 38 6 21
4 10 6 22
7 11 15 26
6 22 13 27
13 43 10 9
7 7 39 37
23 45 20 27
30 39 18 49
23 6 18 17
28 22 3 4
3 22 6 15
29 14 13 7
21 14 25 45
9 35 10 29
8 2 36 41
11 10 12 24
18 49 18 28
10 13 10 29
11 47 9 12
41 3 5 29
10 7 2 41
25 27 7 37
29 40 16 15
16 25 9 26
1 6 18 21
41 41 1 28
15 44 34 37
2 11 2 34
20 45 39 2
37 2 27 28
25 0 14 48
15 47 16 22
17 17 47 11
39 39 17 39
49 49 13 6
18 45 26 40
20 22 26 25
37 43 8 9
31 42 18 18
21 38 48 43
37 44 42 28
5 1 41 24
35 21 30 36
40 42 17 19
14 45 32 36
13 43 15 29
23 47 42 24
44 19 20 44
39 37 11 21
17 48 21 27
11 28 21 30
20 41 16 46
20 20 37 19
25 32 8 24
33 43 4 10
29 41 27 24
35 20 27 35
14 43 11 10
46 26 29 36
16 3 20 37
20 43 27 39
33 46 34 34
9 16 15 32
28 23 31 43
22 22 11 33
25 8 17 24
15 48 15 41
11 5 31 40
36 41 24 39
7 6 3 5
10 6 31 35
6 3 14 23
14 45 9 9
1 24 11 30
37 28 29 36
0 19 27 24
21 41 8 8
20 7 32 38
22 25 17 34
9 1 34 25
8 5 18 37
19 9 12 25
18 42 29 40
22 44 35 17
2 9 9 12
10 5 23 20
12 3 24 27
10 33 21 31
20 7 4 35
11 5 15 26
24 8 6 28
1 4 5 8
31 21 12 38
20 6 1 41
43 43 2 35
25 46 30 40
10 5 7 20
3 3 17 23
38 14 6 22
36 36 14 24
14 4 13 22
26 23 3 47
9 9 5 36
12 5 6 35
25 44 24 28
19 28 31 25
20 45 13 26
36 13 39 20
17 41 41 19
6 2 7 10
17 14 9 10
8 2 4 15
14 45 4 21
14 33 42 26
6 40 26 26
19 11 43 28
23 4 39 25
39 46 14 18
36 18 17 27
32 47 7 11
32 42 34 23
23 36 9 23
18 47 28 19
36 42 14 25
38 6 17 24
3 26 10 13
34 38 25 36
9 3 29 38
9 11 17 26
2 23 10 32
15 44 7 12
32 44 6 19
6 4 0 19
24 18 27 37
19 47 11 36
14 6 14 27
33 12 6 12
35 38 27 42
31 21 32 40
31 37 6 4
28 39 7 10
30 17 30 9
32 44 23 31
12 2 13 30
23 0 0 9
11 3 32 36
31 8 17 40
9 2 24 8
22 11 47 40
12 7 5 9
37 43 12 28
19 7 19 29
20 7 16 22
11 38 6 8
12 8 11 37
29 44 13 21
16 47 35 18
20 47 24 27
28 46 16 20
33 24 30 29
18 38 13 14
15 14 36 44
21 44 6 23
16 1 6 24
25 35 21 20
14 17 3 16
21 20 43 42
12 46 19 10
5 16 6 25
33 42 29 34
