50 122 16936 800
48 48 40 15
23 31 43 43
43 14 26 30
14 43 38 28
42 28 30 3
3 31 14 46
47 12 40 9
18 21 29 34
2 26 38 38
10 31 39 15
21 35 43 8
28 43 48 20
43 16 15 30
3 30 11 33
8 31 11 16
27 45 36 37
43 13 42 28
44 8 18 32
7 32 17 37
41 14 27 10
40 28 15 14
46 10 49 42
44 11 35 36
44 15 41 17
43 28 15 32
40 7 14 46
3 42 42 14
42 32 48 25
45 8 29 26
47 25 23 24
44 11 40 10
47 31 48 24
47 26 18 23
27 35 33 36
2 37 37 18
9 39 49 25
42 11 7 42
45 8 7 42
47 11 25 29
49 44 41 12
37 7 39 18
12 6 22 2
2 29 36 30
42 23 45 26
3 11 25 7
49 23 35 45
43 38 46 26
49 36 29 39
10 28 12 17
49 5 41 13
42 13 24 30
42 7 19 3
36 36 10 26
3 16 18 24
46 14 27 30
47 17 20 5
35 4 34 9
47 38 23 35
3 37 42 10
43 14 3 46
0 40 39 12
36 28 23 8
0 29 21 13
21 44 2 41
47 9 40 44
4 21 21 19
2 26 18 3
47 41 39 23
46 36 18 23
39 3 31 24
31 48 40 48
48 0 40 12
3 38 16 33
47 28 17 42
35 8 48 47
36 10 19 2
39 35 30 29
46 25 7 31
1 23 7 22
47 13 8 20
44 18 6 28
48 35 19 7
36 3 4 35
48 13 8 27
45 12 10 30
41 10 25 40
48 34 4 40
2 32 0 24
39 32 23 8
43 14 6 15
7 40 39 11
3 31 30 29
45 31 41 5
25 43 38 12
13 7 36 40
43 18 46 43
4 29 45 35
13 21 48 26
4 24 42 14
7 34 17 11
39 12 4 29
16 37 45 5
43 35 34 38
14 18 12 33
44 13 37 41
45 3 12 30
44 13 40 16
39 32 49 39
11 27 12 31
10 16 38 2
12 27 24 28
1 37 8 40
1 35 13 26
41 13 25 8
46 9 1 17
43 32 17 28
44 6 29 28
40 8 44 15
19 42 39 12
23 25 0 3
12 35 16 2
42 10 11 2
