50 658 19800 800
22 26 37 48
35 24 25 18
24 22 29 32
4 5 38 32
25 13 10 26
35 3 14 12
4 1 44 2
18 17 23 38
16 45 30 11
30 43 31 9
38 38 30 45
24 23 30 36
15 1 21 16
29 1 22 0
4 6 20 43
7 1 25 47
25 42 14 22
14 24 32 28
1 8 21 47
5 3 17 23
21 41 27 11
30 34 8 34
11 5 20 37
40 43 5 23
41 49 27 30
12 46 40 30
41 48 31 14
8 2 28 40
9 9 34 36
26 47 15 12
6 4 30 47
30 6 29 37
29 49 27 28
18 36 19 26
26 31 22 38
20 1 37 5
27 25 2 39
6 2 29 18
18 26 39 10
14 40 23 42
9 4 49 5
7 0 25 9
12 34 10 25
6 3 1 37
11 3 10 25
26 5 28 48
15 31 33 0
12 22 37 4
35 41 8 39
34 37 10 49
6 4 16 10
23 36 48 17
5 38 10 10
11 33 30 35
24 16 18 20
41 30 27 43
11 17 7 35
33 48 21 39
28 13 3 36
23 45 2 35
18 16 1 36
7 12 34 4
32 26 3 8
24 12 25 32
24 35 4 39
6 45 9 29
32 37 34 3
29 32 18 47
4 31 12 1
10 3 9 22
18 4 2 37
6 6 19 13
19 18 35 11
4 4 28 42
18 46 36 43
15 32 22 25
16 20 12 34
2 0 7 26
10 21 19 36
20 20 30 24
12 37 17 42
15 9 30 13
17 29 12 28
12 9 11 44
6 5 14 30
26 39 13 12
32 14 10 19
15 7 24 28
39 45 23 31
23 21 4 17
24 44 8 48
19 21 10 20
10 49 0 24
29 40 49 3
5 12 28 8
25 17 14 31
5 0 11 3
10 6 41 7
7 5 18 27
8 8 15 27
23 34 8 29
27 2 16 22
11 25 26 11
42 46 23 45
2 1 3 21
4 5 13 17
7 30 9 8
34 40 2 35
16 10 5 27
6 18 15 44
33 39 37 3
26 47 28 4
3 7 4 48
15 4 33 36
1 24 34 26
8 6 33 22
46 46 39 21
38 31 28 46
10 5 31 14
9 7 2 31
35 31 24 42
11 6 31 32
36 44 2 33
0 27 4 38
5 21 30 26
4 22 32 7
27 44 29 37
22 31 13 13
7 23 38 41
32 34 25 5
8 48 5 36
41 48 5 22
11 2 33 14
30 10 10 25
16 41 34 32
28 34 9 23
8 5 27 6
27 9 2 33
23 27 20 36
5 4 43 2
31 18 41 26
29 12 21 43
6 3 48 9
17 43 26 15
23 30 3 10
4 7 20 30
46 38 13 37
7 7 21 48
25 3 34 38
22 22 26 23
32 17 17 12
15 17 0 39
10 1 14 31
7 49 23 30
22 21 23 37
23 45 20 18
25 40 32 36
10 7 4 38
12 15 35 26
26 11 35 32
17 29 32 27
6 9 39 34
21 37 8 27
14 20 7 16
3 7 12 10
8 46 27 8
15 29 27 37
4 34 14 3
36 44 27 47
25 12 6 27
6 2 27 48
48 44 12 19
22 33 28 19
1 16 9 19
13 48 13 28
10 20 5 30
21 2 43 46
4 12 18 10
42 22 31 33
7 6 31 33
7 7 26 20
6 6 37 36
16 14 15 23
29 22 14 25
36 20 31 39
32 27 21 15
41 43 45 13
19 13 11 34
19 20 11 21
31 41 30 4
3 0 31 36
12 12 11 25
46 31 39 31
37 35 12 39
19 30 18 23
13 34 37 19
31 36 12 12
10 4 35 0
14 21 10 20
17 20 25 4
8 5 14 27
37 49 38 11
15 48 10 20
34 37 3 33
10 24 33 21
7 10 2 35
7 1 38 4
14 3 16 37
22 20 36 5
12 25 29 39
12 3 10 47
20 30 7 21
41 36 21 17
7 23 34 15
9 44 36 29
27 12 8 32
20 8 26 10
10 6 43 44
13 6 25 15
21 10 37 32
46 22 34 4
7 5 2 39
5 24 18 1
13 45 22 22
6 14 9 43
7 2 11 13
0 3 10 26
1 5 34 6
25 2 23 31
21 23 35 28
1 3 19 23
31 44 22 19
24 40 38 37
5 5 24 44
6 8 37 30
18 37 35 33
27 35 12 38
30 9 1 26
3 20 31 33
7 9 30 29
23 31 13 49
8 0 35 32
0 10 10 39
41 47 21 1
8 0 29 30
4 47 9 19
4 1 23 8
22 26 18 14
32 39 31 15
5 3 10 45
7 2 39 0
6 6 16 11
40 29 6 25
18 0 33 33
34 47 24 25
2 45 36 32
13 13 5 35
15 12 34 29
27 19 1 36
12 9 40 40
17 21 36 29
20 26 35 8
13 8 23 48
9 37 15 10
17 3 2 33
14 31 26 35
14 15 1 25
33 47 11 31
26 46 23 43
44 41 17 38
18 49 25 19
21 30 41 34
4 33 12 48
3 0 32 34
0 1 19 36
24 7 26 12
14 38 25 46
31 5 31 31
24 13 35 34
12 9 8 19
5 8 21 18
11 15 47 0
9 41 34 39
6 11 5 31
10 5 35 12
9 4 33 20
6 7 18 12
17 37 15 23
13 39 9 28
8 19 10 27
27 46 46 1
34 49 12 34
9 47 32 20
10 41 10 28
12 14 40 28
4 2 37 41
43 34 15 46
40 47 5 24
6 1 35 25
5 1 6 39
19 7 35 10
27 16 5 38
16 46 12 18
10 5 48 18
42 49 5 47
9 5 11 25
32 39 9 8
33 35 18 15
11 47 34 0
9 44 15 36
15 13 23 31
14 39 21 31
31 27 36 7
22 11 11 47
5 45 14 32
1 45 36 3
30 20 15 11
34 42 36 38
29 36 41 0
39 36 32 37
16 8 14 24
11 44 13 40
10 10 30 38
0 3 22 36
7 37 27 21
10 7 21 21
5 8 27 22
10 0 16 23
21 11 7 17
21 6 28 5
1 8 9 42
41 34 28 31
32 47 33 31
22 48 35 32
48 42 18 13
14 23 22 17
5 46 31 8
6 0 38 30
0 44 30 37
21 34 8 35
17 15 25 16
48 27 17 38
24 5 2 38
18 42 36 33
16 15 16 23
8 6 8 21
5 37 38 27
45 47 16 44
12 29 24 33
21 12 17 10
42 6 30 37
31 17 24 43
20 32 10 23
7 10 17 15
9 9 25 47
17 24 21 23
29 37 13 13
4 32 14 19
12 40 34 12
34 24 28 37
5 1 2 34
21 10 15 11
19 20 38 30
11 5 27 0
2 12 3 36
28 1 33 24
18 1 16 16
15 11 37 36
4 3 5 31
26 20 35 33
8 16 2 35
24 32 14 2
23 17 15 37
33 31 4 32
13 38 46 44
16 8 31 37
24 47 37 37
0 2 31 42
16 18 26 18
7 2 10 12
39 35 36 9
10 6 8 32
13 1 17 10
19 41 41 35
11 8 10 35
35 48 28 21
8 6 15 36
5 4 28 15
21 39 1 46
26 35 29 25
18 28 25 15
7 1 35 33
1 17 6 28
5 2 10 20
17 38 32 32
4 20 32 24
41 38 5 19
11 14 29 33
17 45 6 26
41 36 5 25
5 7 1 28
7 5 21 15
7 6 16 28
9 8 23 28
5 12 23 28
45 49 15 34
14 3 1 36
22 9 12 43
21 2 16 16
3 2 3 31
2 0 13 24
15 7 18 32
8 46 47 41
27 43 15 46
13 41 24 5
41 47 13 36
16 23 37 13
14 33 44 11
40 30 9 41
18 4 31 38
36 45 15 32
2 27 27 35
12 10 17 44
18 16 15 35
7 4 9 39
23 3 9 46
11 6 0 27
2 2 28 36
9 8 33 1
9 3 37 33
45 24 8 13
27 41 4 40
40 22 3 26
11 3 11 11
0 17 9 30
46 47 14 34
6 40 4 29
14 9 37 7
25 39 16 24
5 43 17 24
20 18 25 11
18 47 29 5
6 5 22 13
19 23 14 37
5 1 11 14
35 34 28 37
45 35 32 35
2 5 23 10
12 6 37 36
23 47 30 24
1 1 23 16
15 20 23 20
35 39 24 9
3 7 47 19
11 4 12 13
17 8 18 17
7 34 15 33
23 42 34 48
10 10 31 16
19 8 26 9
26 9 24 46
11 6 27 27
15 25 8 26
7 8 25 15
12 48 42 8
24 8 15 15
1 13 9 42
41 6 34 32
13 41 30 4
2 34 22 24
8 9 36 33
4 8 31 11
5 9 20 46
12 47 28 37
21 24 14 25
19 42 20 47
27 13 39 15
0 30 9 37
21 18 21 4
16 48 23 22
17 47 19 39
9 5 3 39
19 34 33 2
44 31 30 37
38 45 1 20
14 5 49 43
28 43 15 41
23 27 1 36
8 3 26 47
3 3 13 29
34 14 30 35
44 46 26 30
14 0 29 31
34 47 6 8
14 4 22 0
29 21 16 14
1 7 18 49
28 35 25 45
34 24 1 49
17 1 12 10
3 11 38 23
11 35 24 19
15 7 9 38
15 6 14 24
23 18 9 49
33 43 42 4
30 7 6 25
38 41 3 28
13 42 41 35
0 5 22 23
22 39 12 15
22 1 15 16
36 47 41 2
17 15 12 23
6 1 10 30
21 48 34 9
29 31 39 48
26 47 16 13
45 34 40 17
1 3 5 23
42 44 6 31
36 24 13 44
23 40 22 18
25 18 18 39
34 42 40 1
2 44 6 20
8 7 36 35
41 1 21 35
28 0 13 24
17 24 22 28
11 0 33 34
18 19 7 40
2 6 27 32
16 26 1 42
28 43 33 3
9 43 15 33
25 15 15 31
17 10 9 35
3 45 27 14
8 5 11 30
29 9 23 8
16 18 11 31
37 49 3 39
24 19 13 8
31 26 14 32
33 35 13 27
32 34 31 39
34 41 38 33
30 49 35 30
29 24 18 27
25 16 27 25
24 37 20 27
26 23 9 35
2 7 2 28
4 10 10 25
23 21 40 35
26 21 24 39
7 3 21 38
14 26 36 20
9 6 6 20
29 10 25 27
5 13 27 13
10 44 19 1
23 12 31 24
33 41 36 3
3 35 26 12
32 21 19 29
31 43 1 2
20 5 19 21
7 39 22 11
28 12 20 33
4 44 29 42
9 2 24 27
28 46 6 37
13 0 10 7
35 27 40 45
9 5 10 36
7 9 41 6
3 11 37 10
34 19 15 36
1 1 41 25
0 12 30 11
15 41 21 35
12 20 44 9
16 6 4 25
37 46 36 37
18 7 33 38
6 11 26 6
21 6 11 16
40 25 3 27
7 16 40 40
26 25 17 37
2 42 23 15
8 1 5 39
22 22 26 47
11 19 31 1
4 41 14 14
3 9 13 8
18 4 34 28
26 45 32 40
40 43 37 40
11 9 29 49
18 10 7 30
31 46 33 17
1 1 10 34
16 12 40 28
17 2 11 20
8 29 20 32
25 35 39 11
43 20 16 47
7 12 29 40
2 5 4 13
30 42 3 26
27 39 28 46
24 23 10 18
32 0 40 0
48 28 26 7
31 25 26 44
41 13 12 38
3 2 24 21
40 29 34 14
22 45 12 32
2 2 14 25
13 44 8 26
3 7 42 0
18 21 27 14
12 46 21 6
13 8 40 3
15 6 3 35
21 44 15 13
14 35 15 28
41 42 24 20
40 30 26 16
14 35 13 27
2 15 30 3
8 2 24 23
27 35 32 20
25 16 41 35
7 2 42 30
20 20 10 19
30 23 23 35
9 10 34 30
17 36 9 40
27 40 17 40
37 37 9 31
5 8 4 41
25 40 29 21
3 5 30 3
23 19 14 16
17 15 2 30
4 6 11 26
49 45 28 14
4 3 6 19
17 21 11 15
8 9 33 5
39 30 36 13
26 6 18 13
12 33 42 6
