50 70 12022 800
9 42 47 5
37 31 45 28
6 37 39 14
39 41 27 33
38 34 48 19
13 43 11 26
38 36 45 3
23 41 23 26
9 45 45 25
27 42 47 23
15 41 14 16
9 46 31 28
27 35 14 40
34 47 35 24
10 47 8 13
25 28 46 21
8 41 48 46
12 43 1 33
21 36 28 11
29 27 30 8
13 45 41 21
11 47 27 29
23 40 48 19
27 23 8 11
47 42 45 14
38 49 28 23
9 41 17 20
9 46 8 13
22 28 33 26
32 32 27 25
20 22 37 10
39 12 33 5
10 43 11 39
12 40 24 29
12 43 26 27
34 48 14 42
19 29 32 5
38 20 7 15
10 41 28 17
27 40 37 18
33 47 37 15
1 29 41 24
33 47 33 12
26 26 22 13
29 30 42 27
22 22 45 20
14 28 45 6
9 46 47 38
17 36 8 16
36 45 45 21
14 41 47 21
44 34 15 25
10 47 44 22
9 46 33 19
46 48 48 36
30 29 36 34
30 24 11 42
3 24 48 20
20 25 45 35
30 34 40 4
10 45 8 40
40 40 20 5
9 37 21 13
9 23 13 49
33 48 25 21
10 42 6 17
33 21 43 44
26 25 43 12
15 20 37 19
14 35 27 34
