50 54 19784 800
25 23 37 42
33 34 29 46
30 2 42 25
17 26 30 49
25 19 15 40
38 23 22 29
17 15 29 41
30 10 15 15
39 49 6 10
14 24 39 12
37 43 8 41
18 31 22 28
39 25 19 49
38 14 19 39
23 9 44 22
5 31 14 37
11 19 18 38
36 24 38 20
11 21 9 44
9 10 28 26
10 5 9 17
1 9 17 4
12 25 3 10
31 8 17 18
42 19 31 45
11 16 23 15
14 18 28 47
35 29 5 8
18 23 25 31
23 17 19 44
34 31 28 44
16 26 22 36
34 40 16 32
37 29 31 44
7 25 2 12
8 15 31 35
12 22 30 49
17 18 28 45
32 23 28 49
46 15 29 48
14 34 10 40
14 29 2 45
36 41 25 23
5 30 20 41
35 22 29 43
14 22 13 42
27 29 16 45
48 7 18 43
24 12 3 42
42 30 23 19
34 38 3 10
33 33 6 10
38 35 49 14
17 23 14 13
