50 240 12238 800
33 34 49 8
28 29 20 47
41 11 31 20
23 22 34 17
18 32 34 26
19 35 38 14
20 22 46 23
31 9 1 27
33 37 41 18
19 43 38 42
20 23 30 19
38 15 22 17
13 43 33 20
6 49 37 22
18 41 28 17
18 40 36 14
34 37 14 0
37 11 44 3
14 40 29 26
49 32 27 44
19 34 27 39
34 29 7 32
14 18 33 29
26 42 27 26
35 34 46 25
49 9 18 10
29 36 31 22
25 25 34 18
27 19 25 49
30 22 36 20
16 36 38 23
45 24 35 38
21 44 35 16
17 39 21 10
31 28 48 29
12 46 46 27
41 4 37 18
44 14 37 6
45 6 31 21
24 21 36 24
42 38 31 46
15 28 37 18
34 46 33 17
49 35 36 44
47 38 30 18
48 30 20 20
13 41 12 6
32 14 48 9
25 39 47 24
16 32 30 13
38 28 7 14
23 9 22 34
11 7 41 8
23 34 34 18
30 42 29 9
2 11 32 21
33 7 35 21
26 25 44 20
39 42 29 48
39 30 44 19
45 24 3 33
47 8 1 30
28 46 44 21
43 16 48 16
37 26 5 5
34 32 28 25
45 19 35 17
25 33 2 14
27 43 42 21
24 24 45 33
28 0 35 16
30 16 43 21
40 28 36 12
44 35 30 12
16 43 38 23
16 15 36 45
39 31 18 4
47 26 36 2
10 16 37 8
19 37 45 9
34 23 24 24
40 20 32 23
5 4 35 19
29 9 22 12
23 35 34 46
33 8 34 27
38 29 34 22
5 6 32 48
28 21 46 17
27 36 27 29
34 10 37 3
49 35 35 6
33 47 35 22
13 8 46 19
17 29 42 12
14 7 45 13
47 8 33 22
10 6 32 21
47 11 29 45
11 27 39 20
16 37 40 48
20 29 32 46
20 19 33 28
24 42 35 17
14 36 13 11
38 11 30 21
38 15 28 19
14 28 24 20
43 37 37 18
42 11 23 46
37 15 28 5
23 42 33 7
18 42 44 16
35 28 45 9
36 16 25 40
47 36 18 5
32 27 37 48
35 38 32 14
42 13 12 26
30 26 38 21
20 30 41 22
42 18 47 20
9 38 34 24
46 8 15 40
26 37 32 32
45 12 32 47
47 4 34 6
18 32 44 11
43 28 39 14
47 33 32 15
14 38 25 43
26 45 33 8
30 33 23 12
11 13 37 21
15 8 29 8
18 33 44 24
20 35 40 12
34 21 42 20
40 3 44 13
14 39 36 12
24 42 39 13
25 30 30 49
21 21 34 18
31 14 1 33
13 35 42 17
20 41 47 7
24 33 2 30
46 13 33 5
22 36 7 8
36 32 44 9
48 35 35 13
46 9 30 19
48 10 33 26
18 20 31 23
20 31 0 23
44 27 22 4
41 21 33 20
14 41 32 47
26 35 47 17
40 40 27 8
12 37 27 44
5 7 7 30
13 40 34 16
20 34 30 49
38 33 49 17
18 11 0 35
31 23 36 10
2 42 46 16
21 12 39 35
36 38 15 19
19 36 40 22
36 38 47 6
14 40 29 24
41 14 37 43
15 12 47 18
25 25 41 8
24 41 0 35
48 36 1 31
21 27 40 17
9 31 49 5
35 5 38 10
38 11 25 11
16 13 28 36
44 34 5 45
24 39 49 30
42 13 35 16
38 22 33 20
24 42 41 22
4 7 31 20
11 31 33 42
5 13 29 47
14 39 27 16
19 43 26 46
45 34 28 42
25 34 47 2
49 6 45 22
34 32 41 23
40 48 0 15
12 43 43 28
41 41 22 33
41 15 44 18
25 24 16 32
49 36 34 43
31 32 18 9
22 41 37 31
1 11 37 20
18 35 33 18
49 6 0 29
45 34 25 36
47 38 45 10
36 9 49 4
10 36 36 13
19 38 25 45
35 6 13 0
27 34 48 21
45 12 26 40
41 16 34 14
28 36 23 43
37 33 45 14
44 27 42 43
25 22 34 16
21 33 36 10
20 34 37 20
27 12 24 30
25 38 37 8
35 26 37 18
40 20 32 41
27 27 30 17
21 38 43 15
32 40 15 26
45 12 37 12
30 30 27 27
23 34 31 16
41 20 30 48
41 34 32 26
45 36 4 32
18 43 45 7
27 12 44 25
49 4 27 49
28 38 31 6
