50 680 17080 800
34 33 44 12
38 21 40 11
29 22 37 19
18 35 26 17
30 32 21 11
22 20 18 14
8 8 18 13
37 17 38 37
42 29 28 39
26 23 3 12
26 39 49 29
42 32 31 18
13 33 22 13
13 32 44 8
24 37 11 16
48 34 27 44
25 16 44 3
30 36 45 12
16 30 36 37
9 10 32 36
26 32 30 25
48 18 41 17
15 42 32 38
33 8 46 23
0 5 47 7
32 4 20 10
38 23 9 5
6 9 23 16
16 37 12 25
9 1 38 4
22 32 36 34
43 42 31 42
25 25 43 43
30 25 46 27
23 33 40 18
34 29 16 7
42 49 32 16
43 42 5 23
29 24 26 27
31 43 43 42
1 32 22 17
34 33 39 43
3 8 30 38
9 5 29 25
2 31 34 26
4 8 30 41
33 37 24 23
34 40 47 21
8 16 34 0
7 17 38 43
30 48 40 28
37 31 12 6
4 12 16 24
45 14 40 17
7 16 12 21
41 41 33 33
31 30 22 18
2 40 49 7
24 21 49 37
17 26 0 26
45 6 34 28
27 36 22 24
16 37 44 23
40 10 42 7
34 8 41 20
39 39 37 21
36 13 29 18
34 44 42 31
0 13 33 42
39 46 36 23
10 21 47 29
40 47 14 21
43 32 24 31
12 11 20 12
2 6 13 12
31 35 26 40
28 38 48 23
39 31 45 16
8 2 43 12
2 17 14 15
30 47 39 3
10 33 19 15
14 43 20 4
38 3 39 13
33 19 44 9
25 32 28 30
41 26 15 11
30 20 41 4
35 34 24 0
17 23 20 14
37 46 43 12
39 37 32 12
31 31 10 14
26 21 13 21
35 47 31 25
16 17 41 16
9 15 46 43
37 36 43 24
33 33 9 17
25 32 11 14
8 13 30 28
42 23 26 32
31 38 9 5
49 16 13 9
19 42 39 14
27 37 42 20
12 3 47 31
40 19 47 5
28 44 34 14
19 39 17 11
24 35 25 11
46 30 29 42
33 38 12 6
10 31 41 20
45 22 19 10
44 34 10 32
8 3 29 21
35 20 34 12
49 41 13 20
30 32 18 15
6 8 16 26
40 46 38 20
0 20 13 19
35 34 30 27
47 11 34 19
42 16 47 37
34 29 35 14
31 31 25 5
23 45 15 2
24 45 39 25
30 34 43 5
37 23 47 18
28 40 23 37
19 21 36 19
24 34 41 13
32 27 16 8
28 37 32 30
22 22 37 12
35 45 14 23
29 25 47 15
33 26 39 6
32 29 37 8
20 33 15 8
36 41 48 16
29 20 21 46
45 13 49 16
45 9 35 25
14 29 48 11
33 30 28 40
1 15 17 12
44 29 39 24
36 31 42 4
41 33 18 12
31 35 40 26
9 20 12 13
28 33 46 38
13 20 40 33
19 5 40 38
45 12 39 3
42 39 49 13
28 41 49 16
31 21 28 31
33 42 19 23
32 49 38 22
20 19 35 31
27 25 37 33
13 7 34 23
33 17 42 34
29 43 39 13
17 37 20 17
33 41 47 13
37 30 42 37
24 37 28 5
36 23 37 14
49 14 41 38
35 41 40 14
44 20 41 14
32 39 22 23
38 23 21 21
49 32 20 10
21 46 34 27
5 10 35 35
28 29 49 25
47 8 18 8
3 13 38 42
33 35 39 24
0 15 37 21
1 12 48 19
3 13 32 3
10 9 17 18
26 42 44 31
25 10 42 15
17 29 41 34
25 43 42 19
17 33 45 5
3 8 36 18
42 36 32 16
35 29 16 24
31 35 25 17
21 38 35 44
47 29 24 12
35 19 12 11
38 43 46 4
25 43 21 10
32 34 43 14
37 41 14 2
29 44 30 27
4 11 47 44
23 40 34 32
26 17 19 14
16 38 45 10
21 43 10 14
37 28 42 37
15 35 34 14
4 6 13 10
25 27 19 9
8 6 24 49
14 25 25 15
21 46 2 22
33 35 48 44
0 17 16 13
33 32 25 16
5 16 23 18
31 32 21 44
48 45 16 12
7 11 16 10
0 18 40 33
42 21 45 4
32 41 20 31
1 23 44 45
33 42 44 26
21 23 27 32
45 7 25 27
33 15 37 18
3 11 28 36
28 40 47 8
45 6 31 49
8 7 48 40
9 11 25 15
25 19 23 13
48 19 25 38
29 28 42 35
20 30 45 23
34 28 30 41
11 21 34 22
31 41 48 28
22 22 45 47
24 38 44 17
14 32 35 37
24 40 8 23
43 38 44 48
25 35 13 22
27 16 41 7
29 33 35 17
10 23 35 39
24 48 36 40
7 11 19 8
15 16 18 30
33 17 48 36
24 32 35 45
28 43 29 11
44 1 44 22
30 44 46 41
26 39 33 44
44 23 43 19
33 41 10 10
11 12 38 9
30 36 44 7
14 41 15 15
38 38 22 22
6 13 39 17
31 24 48 17
13 17 13 7
27 22 12 11
7 15 46 19
37 26 39 43
38 15 47 36
26 36 35 14
32 34 43 23
0 13 43 33
35 43 48 24
36 15 40 19
40 9 26 45
32 23 36 8
1 11 40 47
25 29 10 15
28 29 45 9
37 28 23 23
40 41 17 17
24 34 18 13
29 31 8 10
21 40 11 31
24 41 21 9
1 10 37 27
42 10 20 9
43 33 27 9
10 9 45 27
7 17 48 17
9 9 42 6
24 20 38 14
23 40 21 49
16 16 38 32
10 20 45 27
31 23 32 18
1 14 17 15
18 3 36 9
23 21 48 15
33 45 12 29
31 22 32 4
23 25 42 9
28 44 47 43
20 45 40 40
23 21 40 3
6 18 21 20
33 38 21 7
39 5 37 14
40 34 15 5
3 31 46 10
27 45 17 16
47 30 45 6
31 27 48 27
44 35 36 20
0 8 49 13
20 20 28 32
45 4 27 15
35 44 22 6
34 17 14 9
41 8 10 30
33 30 49 31
38 15 37 46
44 25 35 45
47 39 35 23
0 11 15 11
24 34 36 48
32 30 48 14
42 24 32 31
31 46 33 40
30 36 39 26
21 35 40 30
7 8 46 18
36 47 43 17
12 20 31 30
40 21 28 0
27 4 32 5
34 48 13 30
32 36 43 19
9 2 20 11
36 35 46 22
28 45 11 23
12 16 43 5
47 29 48 11
38 11 48 24
38 45 49 19
26 45 26 19
34 34 44 31
40 21 18 21
46 21 25 9
31 29 41 23
22 45 39 35
21 31 7 13
22 29 48 8
36 29 48 2
25 25 34 27
34 29 40 43
33 32 43 7
5 19 46 16
33 47 41 37
7 6 14 29
13 23 35 17
3 19 41 25
3 7 37 1
30 38 30 32
48 31 14 18
25 41 41 25
42 43 35 42
27 20 46 0
34 24 14 14
25 35 29 31
34 16 11 21
1 9 16 13
9 17 48 11
10 28 35 11
39 41 40 8
36 35 19 11
35 11 38 21
36 15 47 14
22 11 30 28
26 35 43 19
1 13 48 32
4 13 20 15
26 34 34 17
35 15 41 21
30 45 8 15
34 29 45 18
25 21 17 11
6 33 43 1
6 13 44 13
37 22 32 44
48 19 49 33
28 38 42 19
4 13 36 7
43 3 24 43
32 42 39 31
39 22 40 32
34 35 17 36
0 12 32 20
25 6 48 2
39 34 34 9
17 15 40 19
27 10 46 16
7 14 47 8
10 8 33 22
22 15 12 13
27 18 39 37
28 46 45 39
32 27 12 17
27 32 48 6
7 14 18 45
42 7 23 26
12 14 35 11
32 30 24 35
21 33 11 9
41 1 33 16
33 34 14 13
40 43 48 18
12 3 41 11
31 29 48 14
18 16 43 16
44 36 23 28
4 8 43 19
12 14 23 5
25 35 43 16
37 15 13 23
40 35 10 9
3 4 40 17
33 36 31 47
37 17 46 13
1 24 43 29
33 40 15 34
33 26 45 7
11 2 45 20
28 42 46 14
39 34 9 4
49 42 17 7
19 26 25 2
8 13 38 32
34 21 43 46
24 13 26 38
46 30 22 15
6 13 7 39
10 10 43 18
6 4 40 19
46 33 16 30
7 4 45 17
6 9 34 16
32 25 23 21
14 18 42 40
4 13 44 16
36 1 34 19
10 46 31 22
26 39 48 44
5 6 35 5
4 17 31 26
39 22 47 41
35 31 27 22
23 18 42 26
16 12 45 2
12 13 27 8
23 24 39 23
31 40 37 31
29 47 12 20
28 45 32 42
14 49 45 46
7 18 49 4
3 16 41 30
29 28 21 18
29 7 48 18
32 39 14 9
37 34 30 32
22 23 13 18
5 12 37 34
7 13 45 13
36 46 19 16
0 15 21 40
12 44 18 23
44 17 16 14
1 10 15 16
18 33 44 7
22 38 17 17
7 5 34 24
46 9 20 31
28 38 23 20
45 13 32 16
1 0 28 7
36 43 34 46
2 9 31 3
3 6 46 21
35 25 48 41
29 39 24 17
3 36 36 17
35 40 37 20
32 40 7 23
34 41 47 17
2 14 13 5
27 29 43 19
17 10 47 27
0 27 23 46
42 46 40 16
4 1 42 19
49 26 38 0
30 39 40 21
36 13 45 8
41 26 43 35
33 26 12 9
11 10 37 12
2 14 39 22
40 18 48 8
30 28 38 14
27 21 17 27
38 3 47 31
0 10 32 12
44 44 18 21
39 39 47 12
4 20 16 17
46 0 11 22
2 20 16 15
33 49 32 13
26 42 39 19
41 37 37 8
11 9 44 19
29 44 45 14
13 14 38 24
25 13 41 19
41 34 43 47
25 39 49 42
0 8 15 17
43 35 45 14
35 33 34 39
45 20 39 28
43 13 24 30
25 38 48 14
5 12 48 16
34 33 40 49
27 34 22 13
29 26 45 44
4 14 17 16
49 5 46 18
28 39 38 15
29 30 49 11
36 39 39 42
31 29 43 46
45 15 24 22
47 5 38 31
44 22 26 33
42 30 8 33
27 33 32 31
41 26 22 22
29 36 33 21
4 8 13 6
43 36 17 11
36 42 44 9
26 14 41 15
38 46 15 10
8 9 46 14
4 9 45 18
16 44 40 8
34 38 38 43
23 22 6 27
3 17 33 29
4 15 21 14
6 10 46 18
3 9 18 28
4 15 23 19
8 23 49 33
5 3 24 34
39 32 29 6
38 31 42 5
42 31 49 14
0 11 29 9
16 3 37 23
19 41 35 38
29 48 30 5
16 12 18 27
32 45 41 14
12 12 44 43
33 37 14 11
12 1 42 18
26 15 14 15
46 13 38 42
30 40 25 20
47 37 11 12
41 44 45 17
6 14 41 34
26 38 26 15
32 32 42 19
48 17 48 28
26 30 17 13
28 38 28 26
28 32 35 25
47 10 31 12
34 26 40 28
34 40 40 24
30 39 44 46
6 40 39 39
30 37 21 42
33 34 45 14
27 38 36 25
16 45 31 8
43 26 13 15
39 27 48 30
23 28 34 5
38 38 43 18
32 37 45 9
13 35 40 18
13 14 28 3
28 40 43 39
35 3 5 40
49 7 45 10
25 43 39 17
45 45 31 39
7 16 14 18
49 3 15 17
40 35 24 17
44 29 21 14
22 22 41 44
10 15 49 2
29 31 31 46
0 23 43 29
4 14 14 11
43 38 15 3
34 30 5 27
35 42 37 37
47 30 45 17
35 48 36 30
28 31 49 20
36 47 12 10
21 31 15 12
49 22 38 33
36 29 32 14
10 13 47 4
37 40 30 17
26 34 32 14
43 31 29 26
0 8 18 5
37 32 49 17
1 48 31 25
33 32 46 34
33 44 34 38
10 37 15 11
48 45 36 16
32 48 21 18
32 40 11 24
28 45 44 40
32 44 47 47
7 17 27 46
37 20 35 36
42 47 47 35
41 13 16 37
35 43 40 25
19 42 4 27
8 12 9 20
21 36 45 30
47 22 48 14
4 20 47 22
33 41 17 19
6 7 36 32
24 39 19 18
2 10 44 43
7 6 40 32
10 30 44 42
42 9 28 8
12 21 42 38
5 14 38 0
28 49 19 8
31 45 44 21
39 32 48 21
43 40 41 2
49 23 15 15
31 37 43 15
24 34 44 28
