50 289 15987 800
42 32 39 19
3 16 2 46
13 22 4 30
33 36 28 14
47 30 44 45
1 44 14 40
34 29 48 36
2 29 0 32
1 43 31 22
40 23 9 17
4 14 33 15
22 3 27 33
49 39 15 8
25 27 35 35
16 14 0 13
31 30 47 44
28 10 35 3
20 25 32 45
4 22 39 1
4 30 33 19
4 25 35 15
18 8 2 21
32 33 15 3
16 34 13 28
34 10 38 35
44 42 7 3
29 34 17 6
27 13 15 3
46 33 4 0
16 40 48 10
29 6 2 17
7 23 42 18
8 30 2 16
19 40 43 19
10 39 7 6
12 17 44 36
19 3 34 49
13 34 42 14
13 44 4 44
17 29 17 34
9 13 4 27
26 42 31 22
3 25 31 45
28 30 21 37
14 9 21 7
46 25 34 44
37 44 45 24
24 8 19 4
27 41 37 27
31 19 4 37
44 32 43 23
26 0 20 29
24 18 39 21
20 21 32 10
14 38 26 49
23 24 18 20
19 9 0 17
26 5 17 15
18 35 17 14
1 35 49 17
14 21 41 21
18 24 46 20
16 18 30 33
15 23 21 16
21 22 37 46
16 12 25 13
48 33 29 11
7 32 41 17
12 31 45 44
24 1 11 19
4 46 22 5
20 15 26 39
4 34 37 31
32 2 16 9
34 29 44 20
9 17 28 11
0 28 24 19
15 18 37 17
24 28 10 11
19 31 46 7
31 32 17 10
12 21 49 29
31 45 22 28
28 45 39 24
1 28 15 36
36 33 37 10
22 16 42 42
40 25 43 38
28 44 19 0
12 0 20 14
16 14 30 31
44 49 49 20
30 31 1 43
7 2 18 6
15 40 42 16
14 34 25 6
12 13 46 2
12 24 1 10
23 44 38 14
23 6 49 11
17 44 39 20
7 48 14 22
2 22 28 18
2 33 43 49
19 38 21 9
21 19 36 47
11 38 24 19
14 46 19 12
13 49 38 14
22 1 17 10
8 29 21 42
0 15 41 2
18 1 36 44
23 6 49 49
32 48 42 33
30 4 9 13
22 27 22 16
30 36 43 34
14 22 15 29
26 36 19 8
0 10 34 34
6 25 16 46
24 35 24 6
22 29 36 41
2 32 36 45
34 43 47 14
18 35 41 12
27 20 11 22
29 36 37 42
35 13 12 24
32 24 39 13
4 9 31 27
2 33 16 8
25 38 24 32
47 39 15 28
13 41 43 41
27 30 17 44
7 21 14 11
16 33 17 12
9 15 24 47
27 14 46 15
11 24 28 20
9 20 18 48
13 29 20 37
41 6 36 14
27 36 30 15
39 35 42 42
4 24 47 48
15 6 29 49
10 24 18 8
23 28 31 26
7 1 43 44
20 4 16 9
22 49 20 11
17 34 41 45
19 20 49 18
8 19 44 19
42 48 38 4
7 34 18 35
28 17 37 41
21 41 32 16
35 4 48 10
20 45 42 30
4 34 15 9
45 25 23 34
37 15 25 18
25 28 34 28
6 33 46 34
7 42 25 14
15 32 47 33
37 40 16 45
1 26 40 42
25 29 31 0
38 14 46 42
2 17 33 45
6 37 18 1
19 36 14 1
5 28 26 10
40 35 22 1
27 27 37 16
14 20 38 43
6 23 15 5
20 28 12 15
21 14 12 20
20 11 39 19
14 23 31 14
37 29 30 17
20 4 4 37
32 9 16 9
7 4 37 43
22 35 18 38
29 22 39 13
42 36 41 45
41 48 39 22
42 39 16 7
22 12 39 43
22 31 41 44
29 1 45 13
2 42 34 47
22 7 4 9
7 21 20 7
44 33 29 7
30 35 38 16
25 19 3 15
32 3 16 13
20 29 40 31
46 45 13 24
45 46 32 45
6 37 14 10
17 18 44 37
27 0 42 31
3 40 49 0
33 5 41 37
42 40 47 20
2 26 11 18
41 37 36 30
33 35 30 22
8 7 41 17
32 26 41 47
17 42 29 42
28 14 39 42
42 33 8 7
7 22 12 36
22 18 30 48
27 30 42 37
20 23 29 6
10 3 18 7
17 38 13 6
43 39 15 1
44 19 40 26
14 43 11 46
22 40 14 42
35 24 21 2
13 5 47 3
25 22 17 25
8 25 28 13
29 3 46 34
9 18 34 12
6 28 20 27
20 19 22 11
3 32 22 21
40 45 46 12
18 19 29 39
8 1 25 48
26 6 1 36
12 29 30 6
28 39 44 21
25 0 16 42
15 11 33 48
35 31 37 16
18 23 4 14
1 21 38 5
20 18 32 19
4 22 41 39
22 10 1 30
20 8 13 24
19 19 39 39
26 11 42 42
35 19 48 22
32 2 26 20
4 4 47 9
15 33 25 0
14 12 15 44
8 18 14 28
4 38 42 42
1 31 47 31
2 12 26 27
19 25 42 46
18 39 27 44
23 12 42 27
6 12 38 0
29 4 36 25
15 28 35 6
10 7 31 46
38 18 32 16
29 2 33 44
12 14 33 32
4 19 47 17
43 4 33 3
25 9 40 9
7 13 36 40
38 30 47 44
31 20 34 17
21 32 41 44
7 13 35 20
6 12 33 18
13 7 38 41
22 25 2 22
22 21 49 3
