50 202 19062 800
38 36 23 38
17 40 19 5
44 27 33 16
33 29 20 35
16 39 38 25
28 24 7 23
7 19 19 1
16 19 30 43
12 8 19 39
49 31 42 23
38 24 42 25
34 23 18 11
46 16 4 11
26 36 13 6
43 25 19 3
44 18 18 39
34 36 41 39
34 20 41 22
33 24 8 36
7 37 6 29
19 25 23 3
10 29 41 20
42 23 22 2
35 27 20 1
44 31 41 27
40 28 28 47
8 27 18 32
4 27 7 14
17 4 5 11
6 26 20 6
12 45 15 41
15 48 21 24
42 36 29 32
38 27 16 7
29 29 3 43
39 43 39 22
9 28 20 0
40 37 27 33
15 37 16 14
37 22 41 24
32 32 14 38
30 38 25 48
38 39 18 16
3 22 45 24
40 24 41 40
9 31 39 28
34 23 22 6
20 41 40 27
15 37 3 13
13 35 41 26
14 43 6 20
14 12 19 1
49 29 39 26
17 0 31 27
38 28 7 21
34 30 1 20
38 44 41 24
43 23 18 3
32 18 22 45
46 31 33 44
2 30 34 31
15 47 28 38
45 25 44 21
48 35 3 2
38 32 22 7
3 35 45 27
1 28 31 41
8 33 39 24
16 32 18 1
49 43 14 28
44 30 40 26
19 34 31 36
8 30 39 29
38 7 21 3
33 16 17 46
44 42 44 23
39 26 21 2
37 36 22 5
5 41 21 2
15 49 21 28
7 37 18 12
31 35 10 49
5 38 18 1
13 39 20 7
41 17 12 45
41 16 38 21
43 21 11 32
3 13 15 18
45 25 20 1
23 27 8 21
43 20 22 38
32 40 17 7
40 18 4 0
8 31 41 26
2 32 21 2
3 32 21 0
36 32 19 6
8 16 18 0
38 41 44 24
12 49 34 40
39 39 6 3
4 15 9 25
39 16 41 26
5 45 43 27
33 28 17 1
34 21 20 1
31 39 16 5
41 24 21 7
49 35 18 1
6 44 19 5
47 17 23 7
4 19 19 6
41 39 1 8
37 38 17 4
4 25 8 7
5 24 20 5
44 23 21 4
38 21 16 20
36 25 23 36
27 40 41 25
9 37 22 31
4 24 22 26
45 10 23 6
12 28 19 4
42 25 14 20
37 25 14 18
11 48 37 23
37 34 10 29
45 40 20 33
36 31 5 9
24 43 20 2
32 23 47 24
36 24 17 2
44 34 21 5
35 38 16 5
36 24 41 24
33 30 20 3
36 22 22 5
42 19 28 6
45 18 20 5
44 21 22 1
19 27 16 3
36 34 1 9
0 31 16 11
26 9 46 20
31 40 4 26
38 39 26 42
3 17 14 4
2 46 13 35
11 23 30 39
9 48 11 44
11 48 38 25
18 42 40 22
16 34 7 22
18 40 26 39
6 27 43 26
42 28 18 42
35 39 9 26
21 40 38 27
23 43 23 34
15 41 24 44
39 29 38 5
14 15 11 31
28 36 11 30
37 27 38 23
45 37 46 45
46 25 20 0
34 39 19 4
39 20 21 5
34 30 19 0
40 18 5 9
46 36 5 7
35 31 43 29
19 46 37 31
8 28 20 2
19 47 21 3
4 43 40 23
36 15 21 2
37 24 24 10
15 32 39 26
11 24 35 27
15 37 33 42
2 29 40 22
36 25 29 39
30 34 34 5
38 29 42 33
39 21 21 6
25 37 22 32
0 22 21 28
8 23 41 28
39 26 43 24
47 35 14 37
37 29 1 12
18 31 3 35
40 34 37 25
40 23 8 19
43 28 24 2
4 33 31 27
18 35 38 25
39 24 18 40
28 1 43 41
15 22 18 42
