50 623 12889 800
14 8 20 36
40 3 25 10
31 26 21 26
21 33 49 20
43 10 6 2
45 42 25 22
39 27 46 17
20 32 7 2
14 22 10 41
5 8 33 27
29 22 8 6
24 24 30 27
24 30 7 4
49 28 32 28
21 33 45 29
2 9 7 5
27 0 16 19
26 23 35 2
22 20 32 26
12 27 25 15
43 20 14 21
5 22 27 49
37 17 32 30
20 28 9 6
32 42 27 14
18 1 32 27
38 23 48 19
15 18 9 7
31 27 16 31
22 26 9 5
40 30 4 44
42 24 28 39
32 31 33 19
6 17 29 30
25 24 30 16
6 28 37 4
43 27 39 9
25 21 35 23
14 35 21 46
37 24 13 29
8 34 10 6
13 28 37 14
2 29 33 22
34 16 37 11
27 26 25 15
16 20 38 30
49 29 9 7
6 5 49 23
12 10 32 35
47 16 24 37
43 23 47 46
36 5 33 27
4 12 22 12
27 44 25 14
14 33 29 34
38 17 29 10
16 23 10 35
18 32 3 7
24 19 19 8
12 15 37 36
24 27 36 24
30 15 31 27
20 28 34 7
29 28 33 33
12 34 7 4
17 27 28 25
20 19 10 34
45 10 6 48
45 4 25 17
6 29 22 14
21 1 20 13
11 21 19 19
17 3 29 23
0 9 14 43
41 23 28 25
38 11 24 15
23 11 28 28
20 29 26 28
48 7 39 24
43 27 7 3
24 26 13 35
5 33 36 37
19 35 10 5
45 9 8 2
46 10 3 3
22 33 33 24
27 15 39 26
41 15 7 7
40 10 24 13
6 15 5 4
23 26 24 13
23 30 32 29
35 35 49 30
41 9 39 31
15 5 47 23
44 4 20 28
7 23 5 16
26 0 14 42
37 41 10 31
38 23 32 26
40 33 35 16
25 3 48 14
10 15 28 27
23 5 27 11
43 25 13 39
40 14 34 21
40 20 41 15
38 7 10 10
24 44 5 2
40 12 45 29
30 35 15 42
48 22 35 26
28 36 8 7
47 12 10 43
21 28 17 14
40 24 24 22
9 40 47 27
17 28 43 25
30 29 33 19
48 14 13 39
49 39 7 5
29 28 13 6
4 23 15 45
17 37 5 7
40 17 11 10
15 4 27 15
25 27 9 4
45 33 14 29
26 36 24 14
22 25 8 34
44 0 6 3
38 23 19 40
47 2 27 11
12 18 8 37
45 13 2 47
27 27 9 4
29 0 33 23
19 38 33 24
30 42 42 39
23 41 40 37
25 26 49 26
45 25 6 7
15 1 32 28
14 27 7 6
15 34 23 9
22 16 6 5
9 15 26 12
18 28 10 32
15 31 13 45
14 32 39 25
1 23 30 22
43 19 29 15
39 6 9 6
40 31 32 10
6 19 21 18
15 27 7 34
40 22 9 40
40 16 28 14
16 37 39 25
26 27 30 29
1 17 29 27
21 38 5 8
17 15 41 17
46 47 23 18
40 13 29 42
16 32 32 23
29 5 19 36
47 26 24 14
34 38 31 26
41 42 6 2
28 14 6 6
25 25 39 17
18 7 41 45
33 24 25 27
18 25 10 3
17 32 11 38
24 38 45 22
43 7 29 14
42 19 19 31
7 5 8 1
47 16 48 29
24 26 4 36
12 28 20 24
30 36 22 20
16 21 27 25
1 18 33 17
41 2 34 29
27 31 32 35
1 27 23 13
17 28 22 15
25 25 30 23
22 29 14 10
32 18 18 28
40 34 30 28
12 24 28 25
2 35 9 7
37 7 31 29
18 32 46 40
46 22 36 25
19 37 45 24
20 40 6 7
20 33 9 0
15 4 24 31
34 6 41 20
35 7 35 12
12 37 30 18
24 31 45 28
28 33 5 44
16 32 6 7
18 18 32 31
14 48 33 25
23 1 34 24
35 12 10 3
8 17 44 33
40 43 7 0
36 7 12 21
18 24 6 33
16 33 23 9
42 24 7 4
39 10 27 10
2 36 22 12
41 22 8 5
42 14 26 14
23 33 21 17
3 18 29 13
18 25 30 22
16 24 5 3
1 35 42 19
45 3 31 27
5 37 9 45
14 34 31 27
19 34 28 30
34 10 44 19
24 1 28 18
35 21 6 4
27 17 30 33
8 7 22 20
48 7 34 20
9 15 28 20
8 41 28 23
23 32 35 26
14 29 27 28
1 14 32 28
35 20 25 47
40 22 31 28
22 1 46 18
10 22 13 27
7 12 29 9
40 36 7 7
40 26 27 31
17 48 7 8
27 7 31 25
25 25 26 30
39 5 6 2
27 40 6 6
47 3 25 32
5 48 32 49
18 22 7 39
49 23 12 37
28 23 25 21
21 0 9 6
26 9 32 25
35 21 20 32
14 32 13 42
44 21 6 29
41 17 29 27
9 8 43 40
49 36 16 44
18 30 24 17
12 26 30 30
20 27 41 12
12 7 19 4
29 11 27 27
26 23 45 11
36 24 23 28
26 23 31 20
43 11 35 26
27 26 41 5
21 28 41 25
21 22 37 16
3 24 8 3
46 19 29 23
16 41 27 21
22 41 32 26
19 17 0 31
22 31 8 5
39 39 46 18
29 29 45 21
31 21 9 21
7 14 7 2
28 33 13 28
31 20 47 10
6 24 17 43
13 6 37 21
20 23 47 20
8 14 41 10
25 25 6 47
44 21 44 13
26 31 32 21
19 6 11 4
17 15 8 17
47 35 33 31
17 22 33 27
22 26 6 9
17 32 28 27
10 2 10 12
14 24 25 48
4 19 8 5
26 28 26 15
39 6 32 39
49 8 31 26
24 1 18 7
19 1 5 4
6 24 6 5
13 5 27 18
43 12 10 4
23 36 10 4
3 32 35 24
34 19 38 20
12 27 19 5
23 35 14 38
26 17 32 30
13 24 40 43
32 15 10 41
35 13 11 18
31 9 26 26
22 19 7 5
28 27 27 5
6 34 44 14
36 33 24 18
17 37 35 23
44 13 26 23
12 35 34 29
1 33 29 11
24 29 33 22
37 27 38 23
40 15 30 22
37 26 33 32
39 33 13 25
21 31 21 23
22 37 23 30
32 21 35 9
14 32 35 26
7 30 25 16
16 30 7 6
16 15 27 26
19 26 34 26
44 20 10 6
37 9 13 30
26 5 37 26
22 39 15 30
36 15 3 32
42 18 47 27
29 9 30 26
5 11 35 24
12 29 26 13
40 11 45 30
19 13 24 38
46 23 32 23
38 34 30 30
14 18 32 28
34 31 10 7
25 4 6 3
40 0 8 4
24 24 22 39
17 16 11 4
41 36 9 3
3 7 15 34
9 21 23 8
1 19 6 5
27 32 10 27
11 13 31 28
15 7 48 25
16 8 49 11
26 41 35 26
20 25 9 5
25 8 37 11
18 27 33 23
27 36 7 4
25 4 27 27
2 16 34 25
41 13 21 22
14 21 5 7
44 14 23 14
46 31 27 7
12 20 1 40
30 32 31 20
20 21 36 39
20 20 25 17
13 16 8 3
21 26 10 3
22 33 32 20
11 28 37 15
28 17 10 32
14 24 37 29
43 20 8 43
0 17 7 19
11 33 23 19
41 4 24 13
22 25 34 18
10 17 35 9
25 5 25 48
21 33 37 0
44 15 31 28
39 5 9 35
28 4 41 23
32 35 9 6
2 5 4 8
22 27 30 24
19 14 6 6
45 11 21 15
16 30 11 42
8 25 26 34
28 35 40 32
36 14 31 28
44 12 13 45
30 22 25 11
45 6 41 23
9 28 6 41
34 27 22 15
32 41 34 30
41 23 10 6
32 40 10 4
3 17 21 6
42 10 6 4
25 34 19 49
35 6 22 43
17 24 30 25
20 27 32 27
23 21 15 23
23 23 46 18
23 0 26 23
43 24 42 12
18 25 6 5
12 40 9 9
22 18 28 14
28 0 26 15
0 13 23 10
28 4 33 12
15 0 27 22
20 6 31 25
29 34 15 4
14 13 8 4
39 12 34 32
24 26 27 13
11 23 45 17
21 19 3 15
36 32 31 31
41 22 6 6
14 36 11 7
19 24 38 26
13 9 38 22
8 28 20 14
38 15 6 5
36 6 8 4
36 19 34 25
24 29 33 20
7 21 13 26
29 23 31 18
14 17 17 37
40 46 33 22
44 27 7 7
16 31 27 15
7 13 26 22
46 31 30 7
24 30 4 4
24 28 28 16
29 27 26 23
20 7 45 21
25 7 32 42
21 45 8 5
21 20 42 18
28 15 13 46
48 17 29 18
15 24 2 4
17 15 10 26
15 21 33 14
39 19 44 25
36 10 38 27
12 22 16 49
23 3 30 27
20 6 10 6
18 6 9 5
22 0 7 8
22 20 8 6
12 22 32 17
16 28 16 10
46 18 35 24
20 0 24 31
47 17 12 33
2 8 32 28
8 32 29 28
19 13 35 28
15 24 29 1
26 4 33 33
46 20 33 24
13 22 8 7
24 18 4 33
6 15 29 31
42 26 17 43
43 18 40 46
41 15 41 27
10 14 39 48
11 20 1 44
33 19 6 5
35 6 17 32
19 24 20 33
20 30 23 14
3 29 39 17
27 15 11 3
3 17 32 26
37 14 21 9
11 27 30 24
20 31 7 6
23 4 31 22
11 31 31 25
28 43 29 8
8 31 33 24
21 5 12 42
47 17 40 15
20 32 15 45
29 23 25 13
48 23 6 4
5 12 16 48
44 14 27 24
8 5 18 47
19 29 33 25
18 30 2 21
22 24 29 21
2 9 2 41
7 5 11 6
45 5 31 24
8 40 8 6
22 5 18 40
40 15 35 28
44 9 15 29
25 28 24 24
47 9 34 25
19 10 38 23
39 21 28 22
36 37 25 15
30 22 43 8
6 6 21 9
6 34 8 4
12 25 45 20
19 21 44 28
20 21 30 27
37 22 33 28
40 11 31 31
39 9 35 26
21 18 25 15
9 34 6 6
5 24 31 9
41 21 7 6
16 2 43 24
14 27 24 26
15 27 44 21
17 27 14 37
27 35 16 21
26 8 28 44
8 14 31 20
30 25 3 1
0 10 39 18
40 28 14 44
43 31 43 22
11 36 30 25
10 18 8 6
19 34 26 18
39 17 5 40
22 31 26 10
6 21 37 17
23 14 8 15
16 5 35 35
35 3 13 35
36 15 10 28
20 37 22 13
7 5 33 25
22 6 36 25
46 10 39 28
14 41 33 7
20 2 36 24
35 27 47 47
16 42 27 47
42 11 10 5
13 30 35 26
21 30 29 21
8 16 40 21
20 29 32 34
20 28 7 3
28 34 5 8
13 38 29 13
17 24 35 37
48 9 34 38
31 32 31 19
14 33 38 23
25 43 10 39
4 12 31 26
20 31 23 15
46 16 35 25
2 12 38 24
23 38 35 23
23 3 31 25
20 16 31 23
23 25 17 37
22 24 31 23
26 19 18 28
11 19 4 3
14 23 26 25
35 4 10 37
19 1 10 6
20 29 23 14
36 0 43 14
0 28 25 12
11 30 30 26
13 20 33 21
49 19 31 25
3 12 34 17
5 17 42 31
6 17 44 23
16 33 22 9
34 48 6 4
15 27 27 28
15 25 21 27
