50 822 13584 800
38 13 24 23
25 1 30 25
12 42 5 2
25 1 28 46
35 8 40 16
35 17 35 29
6 47 47 29
31 11 18 39
8 45 28 28
19 1 28 22
45 38 27 21
22 47 6 49
39 46 41 32
40 42 25 30
35 7 29 22
45 45 31 17
31 5 31 30
23 45 33 20
26 40 20 32
47 12 19 38
42 6 18 42
23 40 24 22
33 6 9 15
40 0 34 30
14 40 24 40
20 3 41 28
19 1 7 38
23 4 49 29
11 38 36 32
43 1 34 20
40 5 31 16
32 46 47 16
35 1 26 25
22 47 0 2
26 14 27 29
17 33 30 21
21 4 36 36
37 46 12 38
47 15 25 26
33 3 26 26
26 5 20 44
22 29 37 38
6 42 30 33
23 1 38 25
23 31 25 28
43 25 31 44
35 22 25 39
25 32 3 2
23 2 21 24
35 37 32 21
39 45 35 32
20 4 45 24
8 36 41 15
38 31 13 35
32 10 17 46
36 40 26 28
24 4 35 8
25 4 38 19
26 2 7 25
38 1 29 23
27 19 34 40
33 38 40 22
32 47 34 5
35 44 45 6
38 42 2 33
9 37 8 15
21 1 43 22
39 13 22 18
44 21 27 20
41 44 30 28
25 30 28 22
22 1 26 30
23 1 40 19
45 46 37 15
23 3 33 29
44 8 31 25
45 9 38 41
8 49 40 18
22 3 21 46
3 38 18 22
33 36 17 15
44 43 24 20
6 41 30 27
31 23 25 24
24 0 21 32
35 38 28 19
7 37 28 7
3 28 18 48
34 29 13 49
11 33 42 27
44 7 36 15
25 0 24 21
32 16 21 45
18 39 7 41
23 4 29 29
40 39 47 29
14 46 30 29
21 2 35 29
38 0 39 30
26 1 32 29
24 1 28 30
21 36 9 46
34 30 16 9
31 3 25 21
2 37 32 29
24 2 12 8
20 0 24 24
9 31 25 2
30 43 31 19
49 6 36 23
29 41 2 48
46 40 34 27
37 40 27 23
30 9 35 43
49 44 17 1
24 2 25 29
39 39 26 21
46 18 32 25
8 33 26 26
41 40 4 10
6 33 32 32
23 0 23 29
37 38 26 32
23 1 38 41
45 36 39 30
42 14 25 24
35 13 6 45
7 41 7 9
28 19 4 48
49 8 40 47
29 18 35 22
48 6 30 31
23 4 18 10
14 35 26 22
7 45 28 31
39 4 17 42
39 3 25 31
2 45 31 30
23 1 26 29
40 40 29 27
48 30 31 28
11 45 26 26
26 2 28 28
36 25 28 29
28 36 41 19
23 3 33 24
40 36 9 39
40 39 25 34
28 7 11 11
17 37 26 33
12 45 6 36
26 18 18 14
27 36 35 41
20 42 8 33
45 43 25 23
25 7 33 27
25 4 26 30
7 33 31 32
21 4 0 8
36 41 9 30
36 8 27 28
22 2 28 31
25 8 26 23
21 1 30 27
42 20 31 42
25 45 30 21
35 40 20 28
24 3 28 27
22 37 27 28
41 23 36 35
23 1 13 38
15 35 8 29
27 13 23 32
44 48 26 27
3 44 16 32
11 38 31 36
24 2 8 5
21 3 6 36
0 47 28 25
39 42 38 29
22 43 29 27
21 37 46 31
24 2 40 43
5 41 31 24
13 41 40 29
39 42 7 47
42 3 33 29
22 2 11 35
44 47 25 33
35 12 31 34
22 46 48 12
25 2 31 29
4 22 18 0
22 0 15 4
30 36 28 18
27 48 33 32
34 47 44 20
23 3 16 28
45 1 17 17
30 6 19 37
31 42 30 27
32 47 26 39
38 37 26 21
24 34 43 33
23 6 35 31
17 47 8 48
40 36 16 25
47 12 27 27
5 38 28 31
20 47 19 36
16 37 19 42
35 15 31 36
16 32 25 23
39 49 22 27
35 42 24 13
2 40 32 29
16 45 23 22
33 6 31 17
26 0 7 48
23 1 48 32
23 2 14 45
31 23 24 20
31 38 30 31
3 48 23 24
25 49 43 28
24 39 32 20
26 3 24 25
4 43 27 28
14 47 5 30
13 44 27 30
21 3 27 23
44 25 20 33
43 6 22 24
47 39 38 20
8 45 16 32
36 38 8 19
32 40 19 16
0 36 11 43
43 46 1 36
4 44 29 26
17 45 19 42
3 42 41 27
42 33 10 46
36 16 10 40
21 4 42 34
32 40 30 33
32 40 19 43
17 7 17 46
19 3 30 24
10 39 30 31
49 17 44 27
14 44 36 12
15 36 27 27
47 5 26 23
27 46 28 26
22 14 33 5
18 3 25 26
15 43 29 28
18 42 28 22
38 39 26 24
16 37 30 22
36 32 27 21
24 0 19 44
38 43 25 13
30 21 28 30
25 1 22 37
25 3 8 26
37 6 13 24
31 9 35 39
40 43 31 25
47 39 26 18
27 26 30 28
40 4 23 32
39 49 32 23
23 0 20 25
49 14 39 34
40 17 26 28
40 41 16 14
21 4 28 8
32 9 21 22
41 28 44 17
29 21 46 18
38 5 38 11
22 2 17 33
15 36 33 29
49 38 23 27
24 1 21 38
41 41 13 42
32 6 14 42
22 1 25 30
44 30 28 45
43 20 30 28
37 39 29 26
27 2 38 35
37 36 26 17
5 38 38 32
30 14 42 14
43 9 28 24
14 41 34 25
23 3 37 22
8 48 34 24
39 44 24 23
45 10 31 26
21 1 2 25
42 26 26 28
35 48 31 2
43 13 3 13
22 1 34 29
35 2 17 40
29 16 26 27
39 42 39 36
17 46 33 8
48 15 26 26
31 1 25 25
40 15 46 20
23 1 11 22
18 41 19 27
23 0 33 18
6 26 7 1
23 6 26 18
27 34 0 24
24 1 32 20
36 43 16 42
26 1 37 14
8 49 3 43
45 4 44 25
14 41 39 31
20 2 39 39
26 4 39 22
24 4 41 14
24 0 34 29
46 10 33 18
37 44 23 29
22 38 44 21
23 38 30 17
34 12 26 10
24 2 27 26
48 37 0 49
25 0 25 9
28 40 22 29
48 33 23 35
36 20 23 23
8 40 2 15
37 49 27 32
22 49 4 7
30 49 36 37
39 3 33 39
22 1 26 23
37 45 26 38
23 4 37 5
36 12 25 30
41 2 44 26
30 30 35 36
38 46 25 34
17 2 32 24
19 1 29 35
29 14 27 22
16 36 28 14
49 31 31 22
1 42 47 28
21 3 22 18
10 47 38 17
35 49 27 32
12 47 36 25
24 0 37 39
38 6 4 42
22 29 41 29
38 40 27 25
32 36 37 39
45 3 40 21
22 1 26 23
3 48 27 21
28 39 33 25
44 39 24 27
12 45 38 33
32 0 21 35
26 4 47 22
39 43 33 32
38 4 30 27
31 39 33 23
25 13 3 43
39 44 27 27
21 49 23 26
19 31 26 21
49 42 39 44
23 2 31 32
33 28 29 23
36 9 15 14
22 2 29 22
23 3 42 24
26 21 35 1
15 31 33 45
25 32 33 32
36 0 13 47
20 1 33 36
19 2 19 9
19 33 11 28
24 3 13 33
37 38 23 28
0 45 21 42
43 44 36 28
8 25 0 26
48 5 15 43
27 23 42 24
25 0 32 22
29 13 21 33
48 17 19 21
20 40 15 38
24 1 8 46
29 41 5 6
19 41 37 2
10 38 43 21
23 35 12 47
22 1 27 27
42 4 46 19
27 16 27 30
28 2 43 12
39 39 44 25
5 49 43 9
16 48 48 27
26 1 19 14
27 41 28 29
23 8 29 31
40 33 30 25
24 3 17 16
24 5 27 27
20 7 28 30
40 0 34 14
22 4 32 46
32 47 14 38
24 40 3 39
3 22 26 12
23 2 34 22
21 6 25 29
21 8 2 37
24 3 4 37
12 39 24 31
47 39 24 35
37 13 28 21
21 4 25 30
31 8 8 1
8 38 18 23
46 5 19 42
25 45 32 31
48 45 30 31
27 2 30 25
24 2 39 25
23 1 28 24
42 9 24 20
27 41 12 31
43 14 6 43
47 18 30 28
23 1 25 24
33 39 14 38
30 17 39 30
30 6 12 17
26 2 22 33
31 4 2 5
24 10 27 27
39 12 28 30
24 0 44 25
5 47 28 17
30 0 27 29
45 29 25 23
14 28 30 33
22 2 25 27
39 23 7 42
26 0 33 29
40 47 8 39
10 43 29 28
49 5 23 22
27 13 21 45
14 46 25 16
25 4 16 34
39 37 26 40
7 30 21 23
39 10 38 20
41 3 4 35
22 3 20 27
46 2 3 49
15 44 26 26
17 3 16 44
17 39 23 32
25 1 18 45
18 46 16 13
35 41 39 24
27 2 30 29
39 1 27 42
35 24 23 19
11 44 43 16
17 37 33 16
25 3 26 26
43 4 37 30
25 2 10 46
25 2 35 21
28 41 32 15
43 40 5 2
24 5 29 17
20 47 30 22
23 1 33 23
28 2 37 30
48 1 26 3
48 40 35 37
12 47 45 19
47 13 28 17
26 3 31 24
36 29 30 30
38 42 24 27
30 32 31 16
37 39 23 27
19 32 20 28
46 17 35 28
14 36 43 13
34 3 31 22
15 40 31 20
29 43 30 39
26 12 34 28
29 8 35 19
13 42 44 27
37 42 18 19
7 41 12 38
34 29 25 41
15 35 34 28
35 8 28 30
40 14 13 47
25 2 5 12
25 3 37 20
28 1 36 30
9 46 35 36
36 1 43 24
48 34 30 30
26 2 28 23
38 40 8 30
22 6 48 18
39 42 28 25
36 42 31 27
24 6 25 33
31 15 35 26
23 2 28 15
36 45 32 26
23 2 7 48
21 5 16 39
20 6 24 29
30 5 27 26
11 49 30 24
41 47 33 26
5 45 34 28
25 5 24 28
22 2 3 43
48 19 23 25
42 5 29 33
9 33 30 22
48 49 10 39
17 46 6 46
22 2 28 29
39 39 28 39
37 10 31 30
15 38 11 43
24 31 7 43
37 38 43 1
37 39 32 24
32 4 26 17
38 40 39 18
18 46 14 17
34 16 41 35
37 39 29 24
12 45 11 37
30 42 20 41
43 11 30 24
42 38 1 40
12 46 32 16
24 41 26 23
9 25 25 24
17 46 16 26
36 39 30 26
7 35 32 38
7 43 8 39
23 1 35 18
38 40 19 25
30 41 31 18
8 31 36 12
41 39 27 27
26 40 26 18
36 2 23 25
11 45 32 24
24 3 26 31
35 17 27 27
42 48 27 29
24 5 18 5
34 40 28 26
23 1 40 6
39 10 25 22
35 46 3 40
23 2 26 26
22 3 28 31
22 5 29 27
40 19 16 20
20 40 29 24
15 32 27 30
26 1 6 37
41 44 25 41
49 43 7 41
23 5 3 36
44 48 21 5
22 2 22 35
38 46 2 7
31 48 25 36
18 2 42 18
25 3 9 28
11 44 31 14
43 8 13 45
28 43 14 17
17 21 47 11
23 2 10 44
9 39 32 7
25 3 30 28
34 48 30 23
19 38 0 39
42 46 34 25
23 3 32 28
22 3 14 26
8 47 24 34
23 4 24 25
37 19 28 31
40 40 47 14
24 2 15 44
31 45 18 43
21 1 25 33
20 3 29 29
47 44 19 24
4 37 30 21
12 36 24 45
27 37 31 21
29 24 18 9
20 4 25 35
24 5 26 27
28 47 7 27
2 42 7 37
39 39 32 27
35 20 15 22
44 47 36 34
12 31 4 49
33 10 29 23
32 18 31 13
25 47 22 26
38 41 40 22
34 12 3 47
10 48 32 18
25 5 37 32
11 29 26 30
15 47 21 30
5 33 21 3
37 38 32 49
13 44 20 11
22 2 39 29
17 30 5 31
16 48 35 3
29 13 21 26
48 49 33 31
22 46 30 39
45 2 40 6
27 2 26 33
24 1 23 30
45 10 23 30
15 42 24 26
43 46 27 23
31 44 26 23
20 4 34 28
22 34 25 27
42 0 9 49
21 0 9 47
24 3 35 28
15 32 25 22
40 14 0 25
33 42 25 34
33 38 29 28
47 37 28 41
34 38 30 24
34 45 34 26
30 39 29 27
12 46 27 25
16 39 11 44
24 5 27 31
42 24 31 30
44 15 22 24
7 38 34 47
41 13 13 40
23 12 37 38
26 1 22 30
47 41 33 25
41 48 20 46
26 3 15 36
27 10 18 27
36 40 26 27
38 39 29 32
19 36 22 27
40 41 25 23
41 24 27 27
30 40 40 39
23 3 34 14
9 41 12 47
25 0 25 25
9 30 32 38
22 31 42 10
43 49 2 34
24 2 29 31
27 3 5 38
47 43 41 13
25 1 14 44
11 49 27 29
35 34 20 28
16 34 27 26
19 13 30 21
24 2 25 43
49 11 39 7
20 3 29 25
49 34 36 21
27 0 37 28
25 2 11 34
42 12 31 6
20 0 27 31
10 29 22 39
47 4 34 29
40 23 7 48
44 36 24 26
21 30 8 31
36 46 32 37
44 40 41 18
29 34 12 32
23 1 21 22
40 41 13 48
26 0 12 37
40 37 21 49
15 32 32 19
15 31 18 49
13 48 30 27
5 47 31 24
3 40 30 43
0 45 28 22
33 20 26 30
30 34 21 14
22 4 10 47
48 49 39 35
46 1 31 23
17 47 40 27
43 40 41 35
22 4 40 23
49 36 44 7
18 32 9 24
22 27 17 1
27 2 30 27
10 45 14 32
39 39 18 27
25 0 8 35
24 2 32 17
22 2 37 21
41 17 28 29
22 2 4 44
43 38 32 26
31 4 26 26
24 3 28 16
14 32 25 24
36 11 20 31
27 45 32 23
23 1 44 15
47 13 16 42
36 16 47 16
29 14 40 27
22 1 33 9
20 5 34 21
37 19 13 34
25 0 3 13
34 47 12 40
4 40 19 45
41 4 41 36
21 1 29 22
3 46 0 34
32 43 16 46
22 3 18 15
30 17 18 30
23 4 15 36
41 49 29 26
48 0 12 44
13 44 25 24
39 49 5 42
44 14 31 17
48 43 23 44
44 2 37 27
49 18 32 28
42 44 22 18
37 7 6 20
11 21 24 23
39 43 34 23
48 3 17 10
23 4 34 23
27 0 27 28
47 2 12 49
23 2 27 24
18 3 38 13
23 3 18 41
24 1 26 24
28 15 27 24
38 48 25 18
41 27 23 29
16 40 21 39
32 2 25 18
27 3 0 9
35 21 34 36
7 38 44 22
31 7 41 18
38 39 28 31
28 41 23 25
8 44 23 31
6 27 30 22
12 44 14 1
5 32 24 24
28 2 27 21
21 3 37 22
31 46 33 11
19 47 37 39
44 6 31 27
18 40 38 21
