50 287 18752 800
21 17 30 26
24 38 40 8
38 18 15 14
9 14 42 9
36 49 33 21
3 10 31 31
28 19 32 10
31 47 42 11
36 46 34 17
13 22 48 38
17 13 40 9
16 24 34 45
19 15 47 45
30 45 39 7
5 15 34 19
8 22 45 21
26 34 36 37
1 8 43 2
43 47 27 12
39 47 41 10
34 46 43 44
12 37 23 7
0 23 38 32
34 15 1 30
32 10 47 26
14 26 38 38
10 14 26 14
15 16 27 16
23 17 44 34
0 12 30 24
7 31 23 17
2 4 14 9
12 13 40 44
10 15 36 12
20 22 23 37
23 16 29 23
28 41 27 22
9 9 0 34
22 49 22 31
2 6 29 17
37 46 45 31
29 46 41 29
35 45 34 30
25 6 28 24
35 49 24 16
1 5 8 36
2 6 17 8
25 33 14 17
12 20 35 43
5 7 36 9
18 25 33 18
0 6 44 10
17 11 32 21
8 8 42 9
6 2 34 24
17 4 47 8
4 8 31 26
7 18 32 25
6 8 34 37
8 7 33 28
22 4 31 29
10 15 23 31
23 15 37 4
24 1 26 48
5 9 48 41
19 21 34 31
37 45 35 42
26 40 41 2
31 44 43 35
29 30 23 15
33 45 36 43
34 49 43 5
9 22 30 22
40 43 14 32
14 21 8 28
25 8 38 33
35 43 32 21
35 44 44 10
6 5 8 34
10 16 44 7
31 43 35 0
5 2 40 29
3 4 12 46
17 16 42 10
12 27 38 49
17 17 38 7
36 43 21 18
13 8 44 5
24 25 18 10
4 44 42 27
3 7 42 46
34 6 45 21
22 31 47 24
29 43 36 49
10 13 45 42
22 6 17 23
32 42 27 24
36 38 32 40
2 8 38 14
3 0 27 44
13 7 21 26
2 10 44 27
27 8 13 43
7 2 38 41
12 18 22 1
35 10 28 15
19 10 32 15
0 13 37 30
40 49 47 21
1 21 48 47
0 5 39 33
1 6 47 29
0 10 44 10
6 6 43 9
2 9 41 10
21 6 28 5
1 38 38 4
0 8 44 8
40 38 40 48
8 11 42 9
0 2 37 21
9 0 31 20
4 10 24 27
20 13 39 36
20 28 38 6
6 16 15 9
4 33 40 34
28 32 42 27
26 10 30 24
1 15 31 37
12 19 34 27
9 14 28 33
42 46 42 10
20 2 37 48
34 48 42 32
17 31 39 1
18 6 29 23
15 13 13 20
17 10 30 18
24 4 4 48
13 17 43 8
6 2 36 3
30 46 30 23
33 48 42 35
43 40 41 6
3 4 9 41
15 17 41 0
29 21 48 39
43 49 37 24
2 17 31 31
9 44 34 26
2 11 31 25
18 15 21 0
28 8 6 34
40 46 42 16
37 43 16 18
3 10 39 26
8 6 42 5
2 9 31 22
13 18 43 19
19 33 42 39
7 2 45 2
1 8 37 5
30 7 31 23
39 42 8 40
10 18 33 44
26 7 46 19
13 11 25 17
13 21 38 47
3 2 30 23
12 7 39 10
34 48 39 38
6 24 35 30
37 48 10 48
26 26 34 43
37 24 49 12
1 17 32 25
35 42 30 31
0 9 43 35
14 18 43 7
2 4 44 7
39 26 33 20
40 18 49 5
11 11 14 23
4 9 21 21
0 4 42 44
31 37 34 30
8 31 33 8
0 9 28 24
20 13 45 37
2 8 14 38
20 25 29 19
9 20 16 32
0 9 46 38
23 21 49 33
31 46 30 23
12 20 10 44
1 16 27 2
37 41 42 23
22 14 32 34
41 43 27 30
4 0 49 32
34 48 38 43
6 11 18 2
16 24 41 33
38 45 34 11
4 5 48 35
35 48 49 32
13 24 45 25
3 14 43 11
38 39 20 33
3 10 24 9
6 10 34 5
25 11 34 16
3 9 36 14
1 11 40 4
30 14 31 23
7 28 25 31
19 6 11 30
39 47 14 32
14 1 36 35
35 42 42 31
0 6 22 25
3 25 43 31
5 11 38 19
11 29 29 20
1 6 16 18
12 30 40 13
13 10 14 28
25 31 33 3
7 20 41 44
7 2 36 22
48 42 25 19
25 7 36 18
19 26 20 21
1 2 32 34
8 33 28 30
37 47 43 10
30 43 22 0
8 14 21 15
6 2 39 10
9 18 1 21
28 16 40 49
12 16 37 19
5 11 37 18
19 3 15 19
40 43 9 6
16 16 37 41
15 0 30 25
1 5 28 27
18 3 25 22
32 16 23 31
5 1 32 19
21 20 48 26
35 43 46 35
25 17 4 20
0 12 30 18
38 45 24 17
14 11 31 22
3 3 32 19
2 0 41 10
0 10 42 37
17 15 29 22
3 4 38 25
0 5 46 12
26 42 26 25
27 12 18 4
5 9 39 37
17 31 47 32
28 10 45 3
35 41 25 20
32 21 46 17
17 13 0 36
6 34 21 8
13 13 16 3
36 40 19 1
34 42 29 24
10 6 44 9
27 39 48 34
15 15 22 27
1 3 24 10
3 25 11 17
6 4 18 14
16 30 25 7
11 43 23 23
12 11 16 10
1 7 47 14
