50 285 19528 800
20 4 20 17
44 13 5 32
42 28 3 35
40 35 39 2
34 31 27 40
6 12 28 39
38 37 33 38
44 17 48 2
7 12 12 5
43 18 32 4
35 28 32 40
32 32 38 4
3 40 7 22
42 14 36 15
47 30 33 36
37 37 18 46
49 25 4 25
27 8 38 33
29 33 32 0
45 29 14 42
29 35 19 34
49 18 37 39
43 43 5 44
30 3 14 47
30 38 36 38
25 44 0 33
46 43 17 44
45 31 1 44
48 20 42 36
15 16 18 8
16 5 47 48
24 40 20 48
45 30 2 45
17 9 8 47
25 34 26 14
16 18 0 41
36 45 30 19
44 37 7 25
37 34 23 4
41 35 35 42
24 18 3 29
40 13 35 39
2 31 48 14
45 36 35 7
34 36 39 23
29 16 15 37
38 33 13 2
35 33 38 11
7 49 12 22
45 33 15 6
44 15 31 41
12 42 32 8
1 31 25 32
20 2 37 28
46 22 15 47
48 39 36 47
39 47 45 15
2 25 33 37
40 29 38 44
32 25 22 36
44 46 45 38
3 2 28 6
35 45 25 4
35 23 36 17
9 26 3 29
35 25 46 25
2 40 39 38
35 41 34 30
42 24 32 9
49 17 5 42
4 39 25 38
5 47 31 40
1 43 11 41
41 28 37 14
22 6 21 38
47 24 43 36
12 6 33 40
36 13 30 20
9 32 27 20
1 21 47 48
28 47 12 36
23 10 29 8
23 27 26 48
45 25 17 40
22 9 38 49
15 41 20 11
4 47 27 39
44 7 35 46
4 36 32 42
43 36 13 17
46 41 35 24
18 30 28 47
45 14 14 12
12 2 40 16
39 20 13 44
20 38 43 0
10 0 38 26
46 24 26 12
38 30 5 43
39 38 26 9
31 9 16 14
20 8 34 46
4 49 24 5
0 11 36 44
35 2 23 11
49 23 29 48
44 18 31 7
14 35 30 25
48 27 31 40
44 23 4 46
40 22 7 31
16 2 28 4
43 22 30 48
11 0 25 29
35 3 25 41
45 21 2 0
28 43 44 7
9 5 29 45
21 32 14 37
30 44 46 3
27 27 31 46
12 7 28 10
40 15 20 31
2 48 26 34
20 6 15 10
15 49 34 46
27 12 25 37
9 29 10 2
24 20 25 44
8 42 46 16
5 38 0 45
5 41 12 27
18 10 38 28
15 9 32 6
12 0 40 35
44 24 40 27
36 40 23 44
0 48 15 34
33 7 12 6
39 4 43 19
49 21 39 48
15 17 20 49
25 1 34 35
12 37 44 26
35 31 47 7
47 31 4 43
44 16 16 27
8 35 31 44
31 11 23 41
49 10 30 18
23 16 6 4
39 21 5 45
4 20 33 4
42 43 39 39
43 21 30 48
37 45 33 6
34 5 32 2
17 9 12 49
43 32 19 5
32 34 38 21
1 40 15 41
3 49 34 16
3 46 2 36
33 34 0 40
17 8 47 11
22 13 8 45
17 6 38 38
18 12 22 41
23 1 23 40
6 45 30 45
47 26 25 14
29 33 41 41
40 39 38 49
45 29 12 47
42 40 42 8
6 9 28 40
3 43 44 48
45 27 41 38
5 1 41 22
28 7 3 32
1 45 39 14
42 21 48 32
28 36 36 11
29 34 21 0
45 24 38 48
18 9 45 34
42 43 3 24
39 24 37 46
16 11 18 6
19 16 3 10
0 48 25 44
34 3 1 40
5 13 28 42
19 29 8 42
36 23 19 11
30 44 25 10
48 35 39 38
5 44 0 32
38 38 16 43
40 48 1 49
24 12 10 2
36 31 38 10
48 29 18 45
6 48 1 30
36 31 30 32
19 40 38 47
43 40 34 20
36 25 21 15
24 31 33 45
31 30 17 1
48 27 40 13
20 35 23 28
41 47 33 42
7 35 32 38
35 38 27 10
23 17 0 29
40 23 0 44
45 43 6 48
45 30 36 27
30 46 25 22
22 6 23 31
42 20 31 38
36 33 0 28
45 28 15 45
40 20 20 39
23 29 0 25
37 18 22 1
25 24 5 33
41 48 9 33
10 7 45 40
19 32 39 3
33 4 38 13
40 19 35 47
1 42 40 45
40 34 5 27
47 14 8 40
38 25 2 35
34 35 19 16
41 3 37 25
12 12 22 18
34 26 1 31
8 20 8 14
44 28 19 43
1 46 33 9
12 14 28 10
37 26 7 39
11 24 10 47
42 17 38 1
47 32 26 47
44 26 3 42
35 7 26 41
27 3 7 36
31 13 0 32
25 22 37 14
41 33 37 42
30 21 9 42
13 11 38 23
28 34 16 44
3 47 36 20
26 34 9 40
37 39 33 0
40 32 5 12
38 17 34 45
25 35 9 32
12 12 30 49
23 12 36 5
44 15 39 2
38 20 10 3
35 19 47 11
37 41 4 30
3 7 35 1
47 19 34 39
33 21 17 13
14 33 31 48
6 26 44 40
45 30 29 33
22 33 13 30
3 10 1 31
18 31 15 46
44 33 46 39
4 26 14 31
31 12 27 2
0 49 18 16
24 2 11 40
40 22 36 48
