50 655 13733 800
42 48 10 41
40 46 26 17
13 43 37 11
41 27 44 29
32 45 40 38
15 29 13 20
29 37 39 22
27 39 11 18
5 32 26 23
45 39 29 30
44 41 32 10
5 34 35 17
6 31 44 5
42 34 31 15
3 9 42 6
11 47 5 47
14 43 21 32
13 27 25 23
43 45 27 13
43 32 33 26
49 31 4 40
1 39 20 22
27 34 20 10
13 47 1 3
26 41 19 33
31 47 33 17
35 39 24 16
10 28 16 8
36 36 40 33
33 39 11 40
10 2 41 5
16 45 18 15
13 46 20 24
34 40 14 34
26 41 35 31
7 42 24 14
47 38 26 12
34 29 1 46
41 40 31 27
18 44 31 12
39 39 27 15
39 38 2 5
14 45 23 14
11 47 33 25
45 29 7 8
12 40 12 22
2 49 21 35
28 48 25 21
45 28 33 15
31 48 39 39
43 40 33 17
29 47 10 16
22 3 28 20
44 29 37 31
32 43 23 15
0 32 32 19
5 39 19 18
15 35 19 36
15 42 2 43
17 47 18 16
41 47 0 48
38 47 19 18
31 44 41 29
42 47 29 17
29 39 11 43
42 46 28 26
35 43 23 29
38 36 11 30
44 41 13 43
6 36 36 24
0 48 32 12
26 45 25 32
9 41 26 11
33 40 18 41
27 47 8 29
18 49 42 25
34 47 30 6
19 38 23 30
1 44 36 25
17 41 27 16
46 42 32 20
32 38 21 20
32 45 41 30
32 43 33 16
9 37 34 14
23 22 7 11
22 43 37 40
19 42 7 24
39 38 3 5
3 42 1 6
15 43 19 15
46 40 28 13
41 40 34 7
4 41 40 10
25 49 43 32
32 44 25 29
21 43 27 29
44 48 9 36
34 49 21 29
1 29 34 11
18 45 41 34
38 14 17 30
31 47 28 11
7 41 29 14
36 42 14 37
39 20 21 28
17 43 10 15
14 42 34 10
29 32 36 25
30 35 40 29
35 49 30 33
26 46 21 19
7 37 24 30
44 26 29 18
20 31 16 19
43 35 8 21
19 45 37 19
17 43 43 5
48 42 15 36
39 40 44 26
29 48 25 38
42 27 37 1
13 37 35 37
5 40 24 13
32 43 10 13
32 42 36 22
49 41 29 1
38 45 40 19
24 45 23 26
44 38 21 23
38 35 20 27
11 18 33 24
30 36 38 49
3 41 39 24
10 6 28 23
30 47 38 12
5 29 26 17
34 41 23 21
4 32 16 16
41 45 41 32
12 10 49 6
25 43 12 41
41 38 20 24
10 40 37 48
31 42 29 10
47 20 36 12
26 40 28 19
15 40 39 11
14 35 22 12
20 19 41 35
42 45 42 39
39 42 28 14
45 18 0 15
8 45 8 26
7 43 10 24
31 25 27 16
17 36 39 18
31 48 24 12
1 42 22 21
5 33 25 24
11 38 14 21
49 49 30 21
30 49 41 7
36 47 10 17
6 38 28 25
17 44 26 24
19 2 25 19
9 45 27 20
25 29 5 25
12 40 14 9
37 47 24 12
13 44 31 13
38 39 23 36
39 47 6 22
32 49 33 25
5 24 32 36
31 39 31 21
39 31 10 33
9 35 16 1
7 39 25 11
13 42 24 12
6 41 45 38
43 29 16 2
31 46 5 34
31 16 6 10
23 3 22 38
38 38 43 32
12 40 23 0
8 7 47 36
42 26 21 30
28 47 28 16
36 29 24 24
46 35 44 30
40 46 35 19
43 30 8 27
41 43 19 21
34 24 29 15
6 47 27 33
40 45 40 3
43 41 44 35
8 44 34 32
6 40 0 40
42 44 24 24
17 49 34 33
25 49 47 17
8 29 5 47
14 31 27 30
5 45 13 30
4 42 27 13
5 34 0 22
48 28 3 12
12 33 8 5
26 46 26 14
11 41 20 34
34 47 8 30
31 49 34 43
4 40 25 13
12 8 20 16
29 44 27 12
13 40 22 8
32 34 47 14
17 42 29 6
40 45 29 17
12 39 5 22
28 36 36 31
27 43 36 32
38 47 27 0
42 36 37 13
34 31 23 13
11 42 8 26
31 44 32 25
49 49 40 32
35 27 23 14
47 46 14 34
31 6 46 30
22 37 26 10
17 45 34 2
40 45 30 15
27 41 14 15
42 47 6 24
33 48 7 18
36 48 42 8
6 47 26 26
12 43 47 11
42 44 31 21
40 49 23 26
14 42 35 28
8 46 43 32
39 44 29 14
15 49 2 17
2 36 10 47
23 7 32 24
35 48 8 49
26 45 33 33
17 44 29 25
22 44 33 20
33 32 34 47
40 45 14 44
17 47 29 19
12 49 28 21
24 26 48 22
8 35 34 33
7 1 27 21
35 40 39 35
37 35 2 2
43 40 30 16
8 41 39 12
16 39 6 23
35 43 31 22
12 41 45 35
28 34 37 35
2 34 41 36
19 16 20 1
33 46 25 25
39 40 37 18
25 48 8 25
19 33 25 13
11 41 28 12
2 8 11 46
29 42 37 17
38 26 25 9
45 45 33 24
17 38 25 11
13 43 23 23
36 43 29 28
14 44 1 13
33 39 3 24
25 41 10 1
30 44 15 36
29 44 32 22
39 47 27 22
19 16 48 31
36 45 42 24
11 23 29 12
7 39 14 16
40 48 34 19
13 48 42 30
44 37 38 32
33 48 17 42
26 47 29 10
16 40 39 9
44 24 28 26
39 46 4 7
29 47 30 6
28 44 34 40
37 40 26 13
9 39 25 32
44 42 27 15
2 39 20 19
31 46 26 13
27 37 27 20
8 44 38 33
45 40 21 18
16 40 13 5
7 35 35 30
36 43 16 19
14 34 25 18
28 46 20 16
11 4 25 15
39 39 24 19
31 48 14 42
46 47 25 14
8 43 6 20
38 43 2 16
10 18 1 48
33 49 19 6
2 48 41 38
14 44 27 25
42 41 9 20
2 38 41 31
35 45 4 44
41 46 35 20
9 46 4 8
34 39 31 34
31 45 42 26
25 36 9 42
32 36 10 29
48 39 24 31
30 35 35 25
45 42 35 31
39 48 30 32
30 36 37 5
8 40 26 12
9 6 17 15
36 44 39 26
20 37 25 16
1 39 26 19
0 28 6 15
5 32 27 10
2 39 28 26
31 4 23 20
44 39 16 49
45 40 31 29
24 24 9 31
17 40 33 14
35 47 12 21
32 49 42 47
13 45 20 6
13 29 42 37
20 43 34 9
43 44 31 23
47 39 12 36
1 45 35 34
8 42 1 2
10 22 30 13
5 36 3 23
8 13 35 23
30 47 47 2
48 39 34 23
16 45 30 28
35 36 7 46
35 46 18 7
30 46 26 8
42 49 30 23
44 37 16 15
4 47 27 15
32 28 31 11
42 49 20 9
31 47 24 20
35 35 27 14
34 46 7 32
12 36 29 11
7 35 29 9
35 44 23 11
39 48 4 22
3 39 2 3
34 40 39 24
7 46 27 11
18 1 4 10
41 40 27 16
35 43 38 30
25 9 31 19
30 35 45 39
26 42 26 24
32 45 22 10
47 46 27 15
44 28 27 5
46 48 43 8
0 39 23 15
39 49 26 11
39 37 9 31
45 46 8 29
7 36 16 2
25 45 39 6
40 39 35 14
6 38 41 37
8 48 2 44
30 44 28 15
25 48 36 10
45 17 29 10
43 49 30 25
34 39 31 32
36 49 42 40
2 44 31 13
30 47 17 28
4 44 29 33
5 31 27 12
49 41 26 24
36 42 39 15
6 43 30 24
14 31 29 36
17 34 7 24
3 17 22 8
30 28 29 11
4 34 27 14
28 48 41 8
49 37 31 25
18 2 34 18
25 48 46 34
24 49 40 33
12 40 44 20
15 44 30 16
35 46 25 18
47 46 7 19
27 24 18 36
25 44 34 31
46 39 27 14
14 34 30 31
35 44 19 39
13 2 27 26
28 34 30 25
31 42 6 46
1 39 20 22
49 46 14 46
15 12 2 31
36 37 41 32
20 47 22 18
8 32 26 24
45 25 18 27
6 43 2 19
33 47 21 16
4 41 33 12
47 41 11 28
35 45 2 48
45 14 28 10
31 41 26 20
34 46 31 36
32 43 32 14
33 41 39 36
1 40 9 10
3 38 29 12
17 21 34 21
15 38 24 15
27 43 37 46
20 43 42 30
24 47 40 17
34 48 23 39
47 43 24 1
12 4 36 48
6 31 32 14
44 14 36 47
10 33 1 44
17 9 30 15
6 35 33 12
10 40 5 9
33 34 41 32
31 39 48 17
31 46 19 7
44 45 17 8
18 35 23 21
24 28 44 0
4 6 10 13
29 45 27 18
0 3 29 23
28 45 26 23
8 7 32 1
42 37 21 19
28 47 32 12
38 49 35 4
27 32 20 21
44 36 30 20
7 40 3 42
29 47 11 2
31 42 48 31
27 49 16 41
37 43 2 42
46 36 10 24
42 44 41 30
4 6 37 31
16 0 27 41
37 44 45 35
13 41 8 45
25 43 34 19
18 13 38 20
42 46 31 13
29 45 14 44
33 30 28 15
23 42 23 15
0 41 36 19
36 48 22 16
45 25 32 8
46 39 38 35
31 46 23 33
34 5 21 22
48 41 16 28
17 36 40 35
10 36 27 33
6 35 42 33
29 48 35 31
43 24 36 38
39 49 28 13
13 41 8 23
43 40 37 16
20 40 20 21
41 38 40 28
34 47 3 45
30 15 23 9
5 46 9 38
12 27 21 29
0 45 29 13
36 44 34 29
24 34 20 26
11 34 25 14
5 45 40 27
5 44 5 21
48 28 12 39
3 38 19 30
12 44 2 9
28 46 35 10
10 17 17 36
29 40 14 41
25 46 32 14
40 42 3 39
38 46 30 21
6 41 35 28
14 1 31 17
45 29 38 26
29 44 29 20
5 49 29 19
20 42 30 17
32 42 32 20
47 42 29 25
1 33 49 14
33 41 40 30
33 36 2 43
48 41 40 16
39 48 8 7
28 33 35 49
15 15 33 17
42 34 37 32
28 39 27 8
25 42 3 38
49 33 31 11
27 40 22 13
4 46 27 28
16 0 29 10
25 40 46 15
5 33 2 7
8 37 26 14
6 37 16 1
43 36 22 48
33 39 16 36
41 26 9 37
3 31 7 1
17 7 5 24
7 45 34 19
40 46 29 16
27 48 4 1
20 47 7 28
6 37 28 13
4 34 11 23
39 44 12 15
12 40 34 31
40 43 30 2
22 43 5 20
5 40 31 32
9 38 37 34
32 40 40 39
8 35 10 26
15 46 24 11
33 45 47 24
43 33 24 17
7 47 24 13
29 48 26 20
12 34 42 12
31 41 15 27
7 39 6 23
44 27 25 13
46 39 38 49
23 34 37 35
19 47 33 22
28 43 26 23
9 45 48 18
25 45 32 28
19 43 22 15
31 34 25 9
43 39 37 34
36 47 39 28
42 39 43 3
13 44 26 14
36 16 7 18
14 43 10 36
0 39 17 0
25 38 8 15
46 19 47 24
30 35 29 14
14 41 29 20
1 29 44 26
42 36 27 22
35 49 16 24
39 44 29 19
34 35 40 11
25 47 30 20
27 48 21 33
30 46 25 15
9 8 25 15
11 33 46 30
30 48 25 41
12 44 0 44
7 33 23 11
24 31 25 25
4 15 12 16
26 10 30 13
20 38 34 27
36 0 19 14
13 38 41 28
48 37 14 12
25 48 27 32
5 35 29 12
30 44 37 35
41 9 25 0
21 42 17 37
41 47 9 24
29 15 44 28
26 8 25 25
32 37 42 31
12 44 9 0
48 39 39 35
37 49 33 24
4 45 20 30
10 41 29 16
43 49 10 4
4 42 45 36
39 45 7 47
38 47 47 24
