50 232 13560 800
37 5 48 43
26 47 16 11
38 15 25 22
36 2 42 4
0 46 21 48
35 12 25 34
24 19 41 46
2 12 41 6
13 38 14 3
47 19 27 49
8 22 36 4
41 12 44 21
47 13 40 14
33 0 24 2
20 10 6 15
23 42 33 34
36 5 26 33
38 4 21 20
30 29 37 34
37 4 5 48
41 1 46 5
40 0 18 11
17 16 45 48
20 20 31 29
4 39 4 4
46 19 32 13
38 18 16 15
38 11 30 19
38 2 26 5
43 15 34 2
13 11 38 17
39 7 37 24
40 7 28 28
37 5 25 5
40 5 27 6
24 19 22 11
39 5 16 9
42 5 33 14
5 32 28 48
48 9 36 13
42 9 44 23
34 9 35 42
40 3 45 16
39 4 16 6
38 9 16 37
34 6 41 19
46 13 22 44
23 27 17 36
37 4 19 48
18 25 38 18
40 2 14 5
40 37 23 9
38 7 38 48
20 17 14 40
46 2 18 44
49 17 19 16
41 9 46 13
14 43 27 45
38 5 9 5
37 5 33 15
11 26 39 36
15 37 30 47
37 2 20 29
39 5 46 4
15 30 22 46
11 26 35 40
6 24 27 21
41 6 41 37
36 6 16 7
21 19 40 10
11 24 22 11
37 4 14 7
26 14 10 13
15 28 23 49
12 31 33 6
37 36 10 9
10 43 35 19
25 22 40 14
37 20 28 43
38 4 34 43
14 23 9 39
6 15 24 0
44 14 17 9
41 10 36 25
35 5 39 37
39 8 17 5
13 7 48 2
39 11 33 6
26 29 44 3
38 5 48 42
9 45 29 21
41 9 38 26
46 8 26 13
48 16 48 10
32 24 28 21
35 7 24 8
36 4 24 45
39 7 25 27
44 22 13 35
34 6 16 10
9 25 37 47
39 6 36 25
12 23 34 44
14 31 8 38
47 37 19 46
37 4 25 20
4 48 24 35
39 6 33 26
6 47 35 7
38 6 11 15
43 4 16 8
36 6 26 24
16 23 31 7
40 0 35 31
38 5 27 13
21 40 28 37
19 28 12 4
42 13 35 36
36 6 35 0
40 1 33 29
42 16 18 9
40 3 12 10
33 0 26 18
17 35 22 27
46 16 20 29
29 39 32 13
11 25 43 10
39 1 36 21
35 3 22 21
46 11 24 10
38 8 33 40
26 23 19 11
39 4 23 49
6 27 17 10
35 4 37 9
35 6 35 16
46 20 8 34
38 3 35 30
44 17 35 3
42 18 29 5
37 7 29 21
48 7 30 0
12 16 47 5
22 27 38 31
43 3 42 37
29 26 39 36
42 43 13 13
42 8 11 19
27 19 28 35
39 13 25 24
40 19 32 16
38 4 18 48
44 12 36 20
4 38 19 10
10 29 25 10
49 14 22 19
37 8 16 4
41 4 15 45
8 21 35 7
35 4 14 2
36 4 31 16
31 8 26 40
3 40 10 12
39 5 30 6
33 5 30 20
14 32 39 37
40 5 38 39
47 19 19 5
32 28 9 4
43 22 17 42
0 29 41 18
36 3 16 9
24 32 31 28
41 6 42 12
30 12 21 48
37 3 11 10
37 2 20 8
38 6 24 19
33 4 4 6
44 7 49 10
37 5 43 2
38 27 27 39
18 9 27 10
19 12 42 15
13 2 28 33
48 9 10 28
0 36 37 0
36 4 37 30
16 34 34 11
36 5 36 36
12 12 26 46
37 8 24 43
11 19 6 35
41 5 22 12
43 4 8 13
15 30 38 8
38 10 35 20
39 43 19 9
32 8 34 41
40 8 23 30
35 3 27 30
27 33 13 38
7 32 25 18
37 6 40 39
41 2 46 19
47 37 32 30
45 15 14 39
41 5 49 15
23 25 33 0
22 28 46 4
28 35 33 25
19 27 14 10
12 16 25 16
36 7 25 23
15 5 19 38
38 6 36 45
37 5 2 3
38 6 8 48
38 6 39 30
36 10 17 27
36 4 46 19
22 44 39 29
9 13 9 1
27 16 15 7
2 41 39 10
44 10 32 3
6 32 17 45
12 31 31 7
39 4 33 18
7 41 35 36
44 5 12 29
0 36 15 13
