50 72 11549 800
21 5 32 42
43 41 45 4
22 35 29 23
11 25 19 17
45 39 38 16
24 24 31 24
36 38 34 13
47 12 27 30
40 32 41 48
38 36 39 12
25 29 33 4
44 29 45 11
18 29 28 2
27 45 36 19
25 3 22 7
41 43 22 19
26 1 47 32
42 29 9 4
42 34 43 2
13 7 38 22
42 35 37 29
45 41 37 7
17 18 37 3
29 37 11 17
23 38 7 12
23 10 40 33
23 44 36 15
26 49 21 11
11 29 41 38
27 3 29 17
14 13 40 19
18 40 47 12
12 30 17 11
16 32 39 8
17 30 6 5
24 21 43 18
45 31 38 19
40 40 33 21
12 39 23 19
46 34 38 20
9 35 38 26
20 37 45 34
38 41 31 26
34 48 30 16
38 28 36 15
33 9 33 15
42 40 17 34
40 40 15 24
5 43 39 22
30 26 23 13
37 45 41 33
38 29 39 0
15 25 48 21
43 41 39 4
14 27 39 32
39 39 48 30
27 1 28 13
28 13 29 3
19 33 33 29
16 29 43 19
46 39 43 30
42 42 35 16
36 26 34 29
39 28 37 24
33 28 42 10
27 34 37 49
17 22 27 22
18 30 16 16
9 18 18 6
49 37 19 8
9 19 41 21
15 39 36 16
