50 582 17339 800
13 25 30 7
28 33 32 4
28 18 25 34
34 35 38 24
28 27 28 10
16 7 35 7
36 1 28 4
16 37 33 4
14 36 40 34
23 1 29 35
23 3 29 8
37 39 22 41
21 15 25 37
21 11 29 7
7 44 32 37
30 28 28 5
10 39 32 24
22 29 37 14
11 22 48 47
24 17 30 4
25 13 31 9
9 35 33 24
21 41 44 29
31 1 41 14
9 46 25 41
21 19 41 3
25 39 24 8
23 27 31 5
3 36 46 21
22 21 27 7
19 38 40 45
28 21 36 40
36 21 39 19
24 5 46 10
0 38 28 46
27 28 38 45
40 35 22 40
29 13 31 5
20 40 42 27
16 27 31 7
8 43 26 3
11 43 17 40
20 36 37 41
24 31 29 8
39 23 46 41
18 26 29 5
13 43 39 13
26 28 33 2
36 23 31 3
24 31 44 38
22 42 21 33
32 12 40 25
46 20 27 3
6 48 28 4
43 19 30 6
9 47 47 29
28 32 31 4
24 45 26 42
17 46 34 2
20 29 31 6
19 20 29 7
26 4 31 6
2 36 43 6
1 42 28 42
9 35 32 43
11 14 33 6
25 19 29 8
29 24 45 24
12 25 28 6
21 31 26 25
30 12 38 18
14 16 13 36
11 33 32 2
26 5 25 30
19 11 26 7
38 18 29 5
33 26 33 37
20 32 39 26
23 8 24 40
19 32 32 2
26 36 31 6
41 15 25 38
19 8 30 7
4 39 33 28
15 30 29 37
15 38 33 5
32 30 33 7
25 34 39 33
21 28 33 8
21 26 24 39
4 33 32 32
27 33 33 38
24 22 39 4
7 4 32 30
5 38 26 20
16 1 38 32
9 35 40 17
28 12 45 48
23 23 22 43
24 22 35 5
5 33 34 3
7 36 35 11
34 0 30 3
21 35 37 29
10 35 41 12
10 26 25 2
21 29 36 29
9 32 47 20
29 13 42 30
26 13 34 48
20 27 37 28
13 20 33 41
34 24 31 3
2 35 35 7
13 6 30 3
24 28 28 3
1 32 45 11
14 33 28 8
28 21 47 30
16 31 33 36
33 11 30 16
8 39 32 4
3 37 21 7
31 27 32 6
6 40 29 30
28 28 48 21
16 40 27 18
11 28 29 1
24 24 36 43
25 5 29 7
11 17 45 20
1 34 30 3
25 21 39 21
9 38 31 29
25 38 21 40
13 3 32 3
33 20 42 4
7 41 28 4
10 33 45 20
14 18 44 19
22 29 27 2
5 22 40 15
41 33 29 6
13 41 36 31
31 12 29 4
39 11 38 41
33 36 30 6
14 14 31 7
14 34 42 9
27 21 25 5
22 25 33 31
26 18 49 19
28 12 43 30
47 2 33 6
0 4 22 37
10 45 32 5
27 32 46 8
24 14 23 45
32 18 31 8
37 12 30 7
17 20 16 15
13 3 27 3
4 16 30 2
6 35 32 7
24 44 30 5
9 42 29 5
26 13 48 30
10 34 45 35
31 31 25 43
10 35 30 4
4 25 32 34
22 23 31 7
26 1 35 32
19 32 44 33
28 11 36 6
13 33 37 25
18 44 38 38
11 31 26 38
42 26 31 4
12 28 28 44
10 39 25 36
31 3 26 0
15 25 36 23
13 29 33 38
1 2 25 5
7 2 32 5
5 41 28 26
14 36 32 4
8 35 29 6
5 34 43 18
21 15 34 42
24 2 32 42
5 45 11 15
8 32 42 32
44 27 23 19
23 26 34 11
4 39 32 4
33 27 33 35
5 40 28 3
37 13 29 3
23 19 29 3
16 13 46 5
9 34 32 4
21 43 31 4
21 27 27 27
35 2 43 36
12 7 28 44
1 47 34 18
13 17 32 29
28 5 37 46
25 37 26 22
4 45 42 34
14 25 35 6
34 9 21 42
5 33 32 9
19 30 29 4
17 1 31 4
29 8 35 23
22 21 35 46
2 37 28 31
31 22 30 4
21 26 30 5
6 47 45 12
46 31 31 7
35 17 38 24
13 34 42 31
24 39 28 7
6 13 49 21
20 18 28 42
17 27 49 23
15 17 25 4
33 41 49 27
3 10 39 33
12 38 27 7
27 33 33 26
9 36 28 36
23 3 45 3
8 41 33 4
2 32 36 21
0 22 44 26
1 39 49 19
17 8 23 37
11 37 37 22
12 15 25 10
10 39 24 38
16 37 29 4
35 25 34 8
17 29 40 41
29 36 28 5
17 22 31 38
15 40 38 25
31 20 38 3
11 2 42 9
2 31 29 2
27 9 27 21
21 44 28 6
26 39 15 30
16 2 30 5
14 39 33 4
23 19 30 45
25 13 33 49
3 35 47 35
21 23 29 17
35 16 36 49
25 28 36 13
14 37 30 6
10 25 32 2
9 41 38 48
8 44 46 6
14 34 31 4
17 6 33 6
9 40 46 29
21 30 29 9
31 43 32 5
19 6 26 5
28 42 30 7
7 34 32 7
26 24 29 1
14 38 29 1
20 39 48 25
16 13 30 6
10 38 32 6
34 28 30 4
27 36 32 6
13 1 37 34
28 12 29 5
5 3 33 2
21 8 32 0
1 39 31 3
9 19 26 3
36 25 33 5
16 27 38 19
14 28 12 35
40 11 27 8
4 46 30 7
34 24 33 28
28 7 40 29
37 8 31 6
23 26 29 41
8 32 39 35
30 40 20 29
26 13 28 5
26 1 36 14
9 39 42 25
23 22 26 3
27 49 28 10
16 7 23 6
33 30 43 34
16 5 47 11
4 35 22 42
22 32 32 21
14 9 29 4
18 35 27 36
35 12 28 6
5 41 42 30
38 17 31 7
24 33 33 3
25 28 37 22
28 48 46 20
2 44 29 6
6 32 32 12
35 14 30 4
12 44 26 47
11 35 42 18
29 26 23 34
30 18 33 3
28 48 45 28
25 17 39 48
24 34 22 20
12 34 31 4
29 18 26 31
20 30 37 18
35 30 31 6
4 36 31 41
25 41 27 5
1 39 35 38
29 38 32 4
23 28 48 7
17 35 32 38
27 19 36 0
13 28 31 8
4 32 29 1
17 11 39 21
14 37 27 41
26 22 33 4
23 7 39 12
6 31 49 2
37 22 45 25
33 15 35 25
4 39 30 22
32 30 31 7
4 47 48 30
8 36 29 11
2 32 40 24
28 20 29 4
5 35 34 7
26 14 35 26
35 35 33 7
17 17 31 5
8 39 29 2
33 26 40 29
34 30 28 20
45 43 44 11
33 13 18 37
24 43 27 7
36 21 34 41
12 35 31 5
26 26 39 6
28 24 48 33
16 32 40 32
33 23 41 5
4 45 35 2
2 16 42 44
8 38 42 36
5 24 40 32
5 44 30 4
14 9 30 9
28 28 30 2
26 36 44 15
24 11 37 29
32 9 29 1
8 38 28 40
18 21 32 2
13 41 33 4
12 45 29 6
12 40 48 35
31 34 34 29
11 2 31 8
5 30 33 26
18 30 26 26
16 19 31 4
15 44 30 3
29 29 28 3
25 7 40 38
37 9 30 11
17 8 40 34
26 9 19 35
35 13 37 45
11 1 33 17
8 45 31 3
24 36 28 4
20 44 25 39
25 14 27 5
26 6 31 5
31 21 22 26
34 19 42 9
35 18 32 5
17 7 24 30
39 38 26 5
31 3 23 32
15 40 32 5
9 41 33 6
15 34 29 28
29 24 28 7
31 19 37 8
14 46 48 30
26 21 46 49
18 42 26 18
17 20 23 42
13 10 22 28
34 14 35 43
14 26 26 2
20 29 44 30
5 38 34 46
26 23 34 6
10 27 30 5
6 40 41 1
26 28 42 36
8 41 35 9
29 12 28 41
12 29 31 4
26 37 25 2
22 39 23 27
37 32 29 47
36 33 31 6
36 17 43 26
15 15 29 6
20 31 30 2
29 19 33 5
4 10 32 3
20 14 41 12
28 0 37 38
29 8 32 2
13 30 42 4
4 42 30 33
10 42 31 5
15 38 29 7
20 2 38 36
26 6 30 4
14 19 41 27
36 28 29 4
15 37 33 7
3 28 49 27
22 26 27 4
30 36 32 3
19 11 37 29
36 42 47 22
35 29 49 28
29 21 37 18
31 32 29 7
2 27 35 0
5 19 43 35
13 36 31 6
15 20 33 16
25 1 29 5
8 43 38 17
20 13 26 26
25 16 31 3
7 39 35 21
43 5 48 22
18 12 29 2
27 37 20 4
11 32 34 6
29 21 32 40
22 34 31 49
0 30 31 5
17 33 32 6
36 14 37 19
21 36 43 40
8 42 41 25
5 45 34 34
16 36 31 2
8 5 24 34
11 17 24 39
40 1 27 46
17 28 31 3
5 25 33 37
11 48 36 49
26 37 45 9
18 36 24 35
41 34 27 33
18 33 30 3
20 18 44 39
11 38 29 7
15 39 39 40
27 24 42 32
26 6 29 8
40 35 40 5
17 43 27 28
35 27 34 3
0 38 30 4
25 39 28 5
13 31 29 3
19 19 43 15
17 27 33 3
37 2 29 2
37 31 46 14
31 29 27 43
19 43 26 19
11 26 33 10
15 39 31 5
5 33 29 6
23 0 30 35
12 25 24 18
16 23 28 4
13 45 48 14
6 2 27 37
17 16 36 39
15 37 49 29
46 47 27 6
28 26 32 4
28 19 27 28
4 27 34 2
21 31 36 7
12 41 39 37
7 39 34 3
6 37 30 4
18 18 32 4
19 38 45 32
22 23 48 21
6 2 33 7
18 0 30 4
23 28 36 34
19 24 40 14
31 27 37 24
32 45 31 4
31 2 33 7
23 45 37 22
40 21 36 41
29 16 31 33
22 15 31 2
7 37 31 2
3 21 45 33
39 13 28 5
15 21 34 39
2 18 33 5
28 34 46 46
36 24 39 37
26 32 28 3
44 14 22 41
22 11 32 7
16 27 37 38
38 29 30 6
33 1 39 32
24 33 23 29
6 40 38 31
33 0 31 3
27 39 32 7
16 45 29 0
21 10 36 35
32 47 43 36
29 25 35 32
12 34 30 9
32 20 17 38
32 41 35 46
15 12 32 5
16 29 32 5
23 10 29 3
17 39 19 43
22 16 41 24
20 24 32 5
30 23 43 20
34 3 40 22
22 11 30 35
33 40 47 16
25 39 33 17
16 32 42 5
15 49 33 37
13 24 32 6
15 14 26 5
3 8 42 49
14 34 28 37
