50 128 18617 800
44 30 17 34
12 41 39 17
39 6 15 31
38 15 32 25
18 44 39 21
45 23 5 46
26 4 41 23
2 43 13 17
18 6 21 32
31 25 46 10
35 29 3 29
13 12 34 49
34 10 17 1
35 10 27 45
41 23 27 48
36 23 18 28
46 26 11 39
15 41 18 8
40 7 19 40
23 41 26 47
38 16 34 31
49 25 42 24
7 44 12 46
44 1 34 11
31 19 13 20
43 11 13 17
2 44 17 46
14 41 24 37
49 2 26 0
31 28 33 45
26 25 30 43
22 30 34 24
24 1 16 37
33 21 7 24
31 6 10 21
9 47 12 36
43 26 13 37
48 26 26 27
42 16 17 45
24 13 40 43
16 44 1 8
31 21 12 23
33 11 23 7
17 36 29 3
35 3 10 48
1 44 4 38
45 24 13 31
44 23 21 6
21 46 14 32
46 24 18 40
31 16 16 48
33 48 6 37
34 2 20 39
36 8 17 19
20 20 9 34
18 33 1 41
32 2 15 35
45 37 3 29
7 2 36 48
31 24 28 38
10 48 38 33
18 22 3 41
11 43 22 42
18 6 18 33
21 21 12 41
30 18 3 33
37 32 34 11
44 21 17 28
21 29 28 33
49 2 31 49
8 26 16 29
41 23 44 21
31 12 42 2
22 25 25 27
37 6 19 27
35 21 17 29
34 28 4 33
15 44 33 46
48 17 35 48
1 21 7 49
31 13 13 43
45 15 18 39
2 44 21 25
42 3 32 18
22 39 21 25
41 19 19 25
49 10 25 13
34 14 17 41
38 11 38 32
47 20 42 35
44 23 10 38
15 6 20 44
26 39 0 42
48 23 25 10
10 37 15 23
39 39 11 24
41 29 25 4
34 9 13 34
31 8 8 32
37 16 14 34
34 17 18 12
16 45 8 36
20 37 37 46
41 24 15 19
20 34 13 37
44 23 37 36
44 23 3 39
44 6 6 46
40 27 16 29
3 35 26 26
40 14 15 23
22 42 17 29
44 22 10 37
49 26 14 37
33 11 19 38
33 34 34 10
32 34 0 43
10 41 17 21
23 6 13 5
45 23 37 33
30 11 8 30
3 33 0 48
11 37 10 18
45 20 15 33
16 49 22 39
49 5 20 48
5 38 27 17
18 0 35 20
