50 1236 15376 800
13 20 35 23
29 11 25 40
12 5 35 44
49 5 1 8
45 2 2 15
25 23 37 46
13 48 35 25
15 47 35 29
28 46 37 34
47 14 35 36
27 13 45 33
11 37 31 23
21 33 41 30
6 31 34 29
37 37 33 41
20 34 32 34
36 19 33 22
16 36 41 29
14 49 37 43
5 34 38 29
30 20 36 40
2 37 33 40
26 43 37 32
29 25 10 29
32 9 38 30
49 7 37 29
17 48 31 28
24 10 34 37
22 49 35 42
28 14 22 45
32 16 49 41
27 46 36 24
48 9 31 31
32 5 29 44
30 10 34 39
48 6 38 31
24 47 33 29
5 41 35 42
29 5 23 42
1 34 37 37
27 48 35 46
28 13 35 43
8 41 36 44
37 5 22 45
23 43 33 43
14 8 36 44
35 10 33 42
46 5 34 26
42 9 48 37
49 7 16 35
24 12 36 29
30 42 31 29
23 25 33 42
42 13 34 28
9 45 33 28
48 9 33 37
29 13 34 40
9 48 31 24
30 22 40 35
23 30 33 38
30 22 34 35
10 46 43 29
26 49 37 45
25 45 35 40
18 29 32 31
27 14 6 44
27 45 23 29
29 48 34 39
45 15 34 27
25 49 9 48
27 13 33 39
32 12 29 39
13 30 31 28
26 49 38 39
5 35 28 25
43 46 37 30
5 29 38 38
33 12 31 26
30 20 33 46
33 14 35 28
30 15 25 46
29 45 31 27
45 7 37 38
29 12 9 25
7 38 36 26
3 45 30 38
43 6 19 46
38 18 32 44
49 14 40 43
22 47 34 35
13 46 29 40
44 2 31 45
27 21 1 45
5 28 35 41
27 45 36 39
24 4 29 33
46 4 36 33
29 26 26 44
17 36 24 16
33 18 37 27
29 43 0 36
25 0 38 30
28 14 36 36
28 14 30 38
28 8 34 25
28 15 32 24
48 5 34 44
44 10 30 39
25 49 36 42
31 18 36 42
42 4 34 39
0 30 47 41
4 49 33 41
22 37 36 43
46 4 25 46
40 24 11 7
47 46 37 28
28 21 38 40
41 20 36 38
27 13 33 29
15 32 39 39
36 40 39 28
0 49 23 43
49 3 35 31
25 10 10 44
49 14 33 39
0 41 33 41
28 31 32 26
31 39 34 37
30 9 33 39
2 37 32 37
39 15 36 48
8 40 36 32
36 15 32 41
2 31 37 44
42 4 15 7
4 32 32 29
46 42 36 42
20 9 36 41
11 25 20 49
30 49 46 42
10 29 36 27
10 42 38 42
38 37 35 24
46 1 0 48
16 34 39 34
27 13 36 26
11 46 35 28
10 47 46 42
10 37 9 8
5 33 34 29
10 47 34 38
32 21 44 17
49 8 40 29
25 20 41 20
49 32 34 31
7 35 32 41
48 6 28 40
33 12 37 27
28 48 45 47
24 44 34 37
7 41 39 40
9 28 41 28
39 7 40 26
33 12 23 44
47 23 32 44
24 14 11 44
0 35 35 34
15 36 47 25
47 8 39 28
11 33 31 42
30 45 43 28
27 47 35 44
26 47 36 43
3 38 35 38
44 22 39 41
26 16 33 41
46 4 34 30
41 38 33 20
21 35 38 22
46 4 33 39
16 36 32 28
8 44 34 49
16 49 17 39
49 12 39 32
43 8 30 29
46 8 16 38
3 41 31 45
25 18 16 0
49 7 33 39
38 24 35 32
30 19 38 43
16 28 33 46
12 27 33 41
24 11 49 45
34 8 9 2
39 8 32 26
17 44 33 29
47 5 33 26
44 6 37 42
10 28 11 9
7 35 34 27
40 24 39 42
35 42 13 43
30 49 35 37
22 48 30 30
32 10 12 24
31 11 35 42
39 7 47 46
26 46 35 29
20 41 36 42
20 35 34 44
34 16 34 47
26 3 13 11
25 43 33 40
2 36 32 41
17 49 36 42
32 47 33 42
12 43 33 35
23 2 17 36
29 48 40 28
29 48 34 40
27 39 47 37
41 13 23 39
30 17 10 26
46 2 0 34
28 49 34 30
5 39 36 27
32 11 30 26
4 16 37 41
22 39 13 3
45 7 35 34
28 18 33 39
27 26 32 46
17 44 13 42
45 19 37 25
24 33 37 43
22 15 41 29
28 44 25 39
29 47 33 44
19 33 33 26
2 37 33 22
40 2 6 38
16 31 31 40
39 5 40 25
23 48 35 37
3 37 37 25
45 35 37 28
45 31 35 27
45 3 37 28
12 48 13 2
6 38 35 25
27 49 38 42
3 33 25 36
42 11 32 29
36 43 37 28
41 10 18 41
27 16 13 42
28 47 31 40
29 19 39 27
27 18 28 41
23 47 32 28
0 37 35 43
41 10 33 27
14 44 34 28
26 48 35 29
18 45 40 28
14 33 41 33
42 4 42 39
12 43 24 46
10 23 33 25
7 35 30 29
26 47 34 37
31 15 33 38
11 48 34 35
26 48 32 28
19 30 42 32
4 44 36 37
10 32 31 44
47 34 22 44
19 33 30 19
5 44 33 40
27 12 3 49
25 43 35 38
26 11 36 28
42 5 36 42
5 36 29 37
26 46 37 43
1 45 38 31
42 5 49 43
39 18 38 28
35 8 38 26
30 47 28 41
46 27 15 42
45 6 39 31
32 23 35 34
37 0 38 30
43 6 36 41
49 14 41 26
23 44 32 39
0 36 29 39
29 13 28 48
47 0 27 36
12 26 38 38
49 5 36 44
13 13 4 41
26 48 29 43
23 48 28 41
25 6 38 35
8 40 31 24
29 15 31 35
9 36 33 42
29 47 38 24
27 49 25 40
38 24 43 43
49 36 34 40
35 15 46 41
9 39 38 27
32 36 37 28
11 36 34 44
46 3 34 29
38 32 37 42
42 34 14 37
18 26 20 46
46 2 33 41
27 8 34 40
40 22 31 28
30 47 16 45
44 8 45 45
16 15 33 31
29 18 36 38
47 4 0 45
25 24 39 26
22 48 33 43
24 49 30 28
29 11 33 43
28 20 41 47
41 22 36 19
27 43 35 27
41 10 32 39
26 18 34 30
4 34 33 28
26 47 34 42
39 3 34 31
1 29 32 32
7 34 34 25
37 9 16 36
48 7 26 31
28 49 32 41
28 11 35 29
32 11 32 46
45 0 32 27
0 38 36 25
23 45 31 40
48 34 34 37
4 46 33 37
32 11 31 40
12 45 30 28
41 45 40 28
38 32 34 23
3 46 33 38
25 47 35 29
28 13 43 35
38 17 38 34
28 46 37 41
22 31 49 47
22 18 46 30
16 44 34 43
7 41 35 27
41 13 33 31
41 19 40 28
25 43 18 48
45 4 39 24
6 40 42 47
31 14 6 30
11 8 36 29
8 35 34 28
41 45 37 27
46 9 36 33
49 1 28 31
45 2 34 42
6 39 47 29
8 0 32 45
23 48 36 43
30 8 38 36
19 44 37 25
47 3 36 28
22 30 36 28
38 3 33 30
4 33 30 44
32 1 48 29
36 28 31 39
35 11 39 32
41 42 29 24
24 14 39 43
9 41 36 31
36 13 25 47
13 42 35 40
22 9 38 41
30 16 40 25
3 39 30 46
42 24 24 3
38 42 2 12
17 5 36 30
17 32 38 23
28 16 5 43
31 8 36 41
39 3 6 4
18 8 40 26
29 47 38 25
36 8 33 35
30 22 36 24
8 43 39 21
14 39 33 41
31 12 4 43
14 29 36 31
47 19 34 39
33 10 33 27
7 49 39 21
46 41 33 32
37 18 34 40
40 25 28 29
22 8 36 33
37 15 35 35
13 44 32 45
31 0 19 49
18 35 33 28
38 10 37 41
30 15 35 30
10 36 41 41
14 39 37 43
31 45 5 25
28 15 35 24
23 43 36 43
28 17 32 43
46 4 3 32
28 21 40 36
8 44 29 41
4 38 35 40
13 43 28 39
47 7 33 30
12 36 30 26
11 40 33 40
10 24 32 28
20 34 27 39
10 29 41 23
7 42 36 31
17 44 29 41
34 49 36 38
43 13 36 43
17 48 32 40
27 18 37 42
11 30 36 41
3 32 36 40
31 7 35 41
45 2 21 26
27 24 42 35
21 17 35 41
49 11 34 25
22 4 46 42
19 44 30 30
7 45 27 35
5 45 37 28
28 48 36 34
28 7 34 41
49 32 39 25
47 2 38 44
24 48 34 48
1 44 30 42
47 5 32 37
41 6 38 32
24 15 18 46
40 28 32 30
22 40 39 32
45 9 36 26
30 47 32 43
25 47 38 30
10 43 36 37
12 31 26 26
19 44 36 30
28 15 31 38
13 39 17 45
25 41 35 39
22 15 21 38
12 25 38 28
11 44 18 45
33 45 29 42
43 12 36 38
9 37 39 29
7 26 33 38
24 45 32 47
29 13 35 41
28 14 32 39
20 47 39 29
27 49 10 41
2 25 35 25
0 32 35 43
45 40 38 28
25 12 43 37
16 35 5 8
27 49 35 40
28 48 35 28
48 3 35 33
7 28 36 44
24 4 45 36
17 44 36 41
31 11 33 41
22 49 33 41
10 28 24 30
7 28 43 34
45 8 35 46
10 41 34 43
48 10 39 30
16 45 33 30
4 39 44 25
14 42 34 27
5 38 31 40
44 47 37 28
29 30 44 42
11 49 43 49
23 14 41 24
38 22 36 30
48 38 38 28
5 34 35 41
42 0 31 41
9 42 31 32
4 43 33 26
3 40 19 4
46 13 31 44
4 36 33 25
3 31 32 40
43 5 46 45
11 42 36 28
10 38 35 39
9 40 38 44
49 13 33 45
1 35 36 37
39 44 32 29
0 42 38 28
44 7 36 40
31 11 34 41
4 35 43 43
40 8 38 26
29 49 46 44
22 3 35 32
29 47 35 26
37 30 20 43
14 41 10 28
26 15 38 31
42 4 22 9
8 39 36 27
11 45 32 26
30 14 39 28
42 2 9 11
21 11 34 41
10 9 33 37
46 13 36 30
32 20 33 30
48 3 31 42
40 16 30 44
38 17 32 41
22 49 34 25
25 49 28 45
46 28 36 31
30 45 39 28
27 12 31 26
34 21 28 31
25 47 43 26
34 7 43 30
11 36 33 42
27 18 39 30
47 36 41 26
1 25 38 31
32 8 48 24
30 20 29 34
31 18 39 26
31 30 37 39
13 31 23 29
25 48 18 43
18 16 47 44
1 42 33 26
11 27 30 46
26 7 33 38
16 41 29 42
34 11 39 26
48 39 35 28
16 9 32 44
43 9 40 25
49 43 39 35
47 9 37 35
12 35 33 45
23 4 8 14
15 42 33 25
9 32 33 31
10 31 49 39
47 18 41 32
49 26 35 27
14 46 36 25
29 9 37 27
8 38 49 46
23 44 37 38
27 5 39 32
5 35 30 28
46 0 36 48
48 39 35 30
44 22 24 27
29 15 37 41
22 16 36 36
15 33 35 28
29 49 33 45
43 46 34 25
30 10 37 24
39 26 19 46
48 6 42 43
8 25 39 26
47 3 33 39
25 16 37 26
7 22 39 24
0 34 34 25
45 48 37 44
31 46 10 14
1 37 30 41
1 43 35 45
7 45 37 29
6 40 34 43
27 22 35 25
33 23 33 37
34 10 35 42
10 38 18 46
4 43 27 22
4 34 27 47
27 17 32 25
28 47 33 38
25 14 27 26
16 30 35 30
0 46 40 34
20 6 35 33
49 5 36 40
7 40 34 30
46 33 7 11
23 7 38 26
46 8 5 41
32 18 31 38
49 36 35 42
16 39 33 32
9 48 38 17
17 27 35 20
2 36 37 32
39 25 24 42
6 32 38 24
31 13 40 27
39 25 35 22
30 42 15 37
45 32 23 47
21 23 30 26
36 13 42 14
12 43 38 31
41 5 45 40
2 34 33 42
1 42 35 38
40 15 28 22
34 13 36 40
13 35 34 23
40 1 34 29
14 46 37 40
12 40 35 40
9 28 36 41
17 41 30 38
24 44 1 29
25 0 29 41
17 49 36 31
27 45 33 37
31 15 35 27
26 47 35 31
39 35 34 25
32 47 3 17
13 35 4 12
38 11 23 42
26 10 37 25
47 33 39 25
34 12 36 38
27 47 38 30
8 47 36 28
10 27 41 41
44 6 31 38
21 20 35 27
14 33 34 41
25 19 40 30
16 38 37 46
29 49 38 25
42 20 37 46
8 35 19 23
49 5 37 29
26 45 37 31
21 19 35 25
7 36 33 42
34 15 38 30
46 3 33 30
31 10 33 40
26 49 35 39
33 11 36 40
27 44 32 41
23 33 36 39
5 37 26 32
39 13 33 26
29 47 35 29
47 3 32 28
8 40 27 27
12 30 31 41
35 1 26 34
8 40 15 5
21 47 35 26
26 17 36 38
7 38 44 22
38 24 31 43
45 33 37 31
31 9 34 20
38 41 46 41
15 41 38 42
41 39 38 29
35 13 34 28
30 27 37 43
49 32 31 42
45 6 33 45
33 10 33 41
46 34 28 27
26 42 35 28
25 28 37 40
32 11 32 29
15 34 41 31
21 49 8 2
8 40 30 35
38 42 29 42
15 30 35 25
13 41 47 48
27 48 34 29
38 44 27 43
42 27 14 40
10 30 30 34
30 32 7 46
34 16 2 8
48 9 36 39
26 45 8 4
26 45 33 33
49 0 31 47
22 48 18 45
43 7 32 42
44 2 14 39
44 5 35 43
45 3 39 36
31 19 46 25
10 29 30 33
37 5 36 29
44 38 44 43
3 33 34 39
42 1 38 41
8 33 31 39
18 19 36 27
26 49 38 23
14 34 39 24
9 30 34 43
18 14 29 27
47 16 36 33
32 13 32 26
24 17 32 20
5 23 33 39
27 13 36 31
8 34 35 30
33 10 33 42
21 46 36 37
44 24 38 24
5 35 39 37
34 46 31 27
9 38 35 31
46 8 24 42
13 40 35 29
47 38 33 25
33 27 36 45
26 48 33 30
30 10 34 36
8 35 24 46
7 39 35 40
13 34 40 29
41 12 29 42
46 34 19 21
2 40 34 29
28 15 45 29
27 47 31 39
25 48 34 23
26 45 32 40
49 8 36 37
17 22 47 40
20 6 31 40
47 5 35 31
8 41 12 43
45 9 37 43
30 18 36 41
26 48 33 40
48 18 29 38
41 21 37 33
46 1 48 39
44 28 38 29
42 24 20 2
6 27 37 41
28 48 37 30
28 46 25 39
46 28 36 38
30 10 17 4
17 45 34 32
25 45 39 30
3 36 13 25
31 10 36 33
1 41 33 26
29 7 36 40
8 33 33 40
27 19 39 23
45 11 40 32
41 46 38 30
12 34 40 30
2 36 33 26
31 13 16 48
30 47 33 31
26 48 36 21
47 1 19 0
15 46 33 42
28 5 29 41
46 5 41 40
19 39 35 39
35 8 39 31
34 12 35 25
30 11 8 35
47 3 30 39
33 28 1 25
26 48 36 27
8 36 35 40
44 11 37 39
17 44 35 42
34 20 29 25
45 2 34 22
48 4 30 39
16 43 33 27
28 49 38 26
16 26 36 27
49 5 38 29
0 37 23 45
24 42 33 26
25 48 32 23
3 35 34 36
20 45 38 24
2 36 23 8
44 12 34 22
48 6 32 27
42 1 37 42
27 14 38 38
33 9 38 28
29 16 6 40
49 11 31 43
3 34 39 32
28 31 37 29
4 32 36 33
29 31 37 30
45 42 40 31
32 20 34 35
49 8 27 38
27 9 9 47
33 17 37 37
19 14 18 43
9 43 8 10
27 49 38 23
26 49 34 27
32 10 32 46
25 46 35 42
28 18 41 32
40 27 38 41
20 47 40 40
13 38 39 29
30 10 39 26
18 11 35 25
15 16 34 28
44 1 26 49
48 9 22 42
9 37 33 42
48 24 35 43
12 45 35 43
24 47 33 31
26 46 39 47
27 45 39 33
39 24 38 35
46 2 28 29
42 2 34 37
40 18 33 41
39 29 30 26
39 29 24 46
45 8 33 48
14 39 22 40
28 45 33 29
23 48 33 35
49 0 46 48
19 46 39 27
39 4 20 46
25 48 38 35
34 22 34 39
5 46 40 46
14 25 34 43
46 25 35 47
30 16 12 22
16 32 36 31
46 5 35 34
5 33 39 30
27 49 32 42
18 28 43 33
36 32 23 34
26 15 24 46
43 45 35 29
36 33 31 41
36 27 9 24
24 13 40 31
23 17 37 27
46 3 17 29
41 21 42 48
28 14 35 24
40 42 3 42
47 4 25 49
4 40 33 40
30 4 31 26
29 15 38 28
32 30 33 39
39 4 37 28
36 18 29 22
47 9 1 1
30 19 34 40
24 40 33 27
25 47 32 25
25 46 35 44
29 7 33 32
8 33 12 37
7 37 10 5
11 35 32 43
30 13 34 42
32 13 31 38
12 44 34 36
4 34 33 29
31 14 31 38
35 15 37 44
43 13 34 41
39 20 37 40
47 8 35 30
19 27 38 27
39 43 32 42
22 7 30 41
47 11 36 27
46 8 33 31
1 40 32 37
9 33 30 38
38 16 32 33
30 19 38 25
13 35 34 31
46 12 35 43
15 33 38 30
23 49 36 33
37 17 36 27
26 47 31 43
19 42 37 33
26 45 35 41
27 47 20 49
33 45 33 31
22 49 33 30
26 10 32 33
17 37 6 5
1 30 40 27
20 35 45 27
42 25 30 29
29 22 33 37
30 8 31 32
9 37 38 23
25 16 30 31
13 34 30 44
19 25 32 24
4 35 32 36
44 27 35 40
32 16 30 47
0 39 19 45
28 39 43 24
44 9 37 29
20 27 38 41
24 49 32 25
29 0 32 44
46 27 35 32
0 29 37 44
11 43 27 49
25 14 40 30
45 6 33 30
1 28 32 44
24 13 33 24
28 47 46 25
16 41 34 22
28 26 41 27
31 14 36 29
16 19 38 32
36 22 40 28
7 47 25 41
24 15 22 21
13 39 32 28
26 41 38 33
14 35 40 45
2 20 46 29
12 41 38 34
43 5 16 7
46 48 34 42
25 49 30 34
18 35 32 24
31 13 32 41
48 3 32 37
46 5 29 29
10 37 34 28
12 46 38 32
28 38 31 40
30 47 25 35
7 46 19 31
36 10 0 10
43 0 35 28
18 44 39 29
12 35 30 27
34 48 32 25
7 42 16 2
28 17 31 27
25 49 28 36
22 28 35 40
48 4 34 38
23 48 35 42
48 7 37 40
10 40 28 45
30 45 11 25
27 12 31 37
24 48 33 30
1 32 44 24
38 12 34 42
49 5 46 41
17 44 16 5
49 1 33 42
25 35 34 36
7 40 42 38
30 45 31 31
1 40 34 37
17 49 34 42
15 44 31 44
40 0 32 37
31 17 35 42
4 43 33 29
46 11 31 27
10 38 22 44
22 48 30 42
32 23 40 43
46 4 28 44
23 36 28 44
24 10 4 16
2 27 30 42
20 47 36 31
49 2 34 41
46 0 36 39
28 16 39 25
33 13 37 26
36 14 33 41
13 47 34 28
3 26 29 40
36 15 39 41
28 3 31 42
12 29 38 43
49 8 5 35
2 33 37 28
3 29 32 41
42 9 35 35
7 35 34 26
41 10 33 27
4 47 37 32
48 40 28 43
3 33 23 26
31 32 33 42
23 10 24 47
8 38 37 35
7 48 41 34
40 3 41 31
1 46 37 27
38 20 35 40
46 6 34 27
33 5 24 41
42 12 36 40
44 9 41 28
12 30 36 42
29 8 37 43
13 46 30 28
47 4 35 27
29 49 25 45
29 2 38 43
28 16 15 48
25 12 36 31
10 44 30 46
27 44 44 39
26 10 22 43
47 16 36 25
26 49 33 29
21 8 36 31
14 17 34 38
27 43 35 41
49 29 37 30
16 32 37 27
7 35 38 28
43 24 38 27
7 37 33 29
47 2 35 31
40 2 33 45
13 32 33 27
32 10 39 44
29 14 31 47
3 40 38 40
6 23 29 28
43 6 34 42
4 42 44 47
28 19 42 36
24 45 8 42
33 19 35 29
25 46 11 43
39 17 36 27
5 37 33 40
30 12 37 35
32 6 39 29
1 42 33 44
44 5 33 44
3 26 26 39
45 13 32 45
37 24 35 44
14 14 13 37
31 10 35 27
48 5 39 30
45 10 31 43
47 5 32 42
1 30 32 38
25 46 12 43
19 45 31 33
20 45 36 29
28 7 33 38
48 1 35 29
21 12 37 24
20 24 43 49
21 15 12 2
35 19 40 30
42 1 33 28
2 41 37 29
23 46 30 30
18 43 45 38
13 7 11 20
30 47 34 31
27 48 35 26
45 4 6 42
27 16 33 40
17 40 38 26
28 14 36 28
2 33 34 24
44 15 30 48
17 38 30 29
23 30 35 32
19 42 36 31
31 49 35 41
8 38 32 41
4 22 45 46
25 49 36 28
22 41 34 27
29 14 14 0
46 7 25 45
11 35 45 39
25 44 31 29
47 4 37 28
46 5 39 33
18 46 36 35
48 11 38 21
14 24 46 25
25 6 34 45
21 35 33 29
27 9 35 38
46 25 39 32
29 49 40 24
36 3 8 31
0 26 37 23
29 8 6 23
41 0 35 27
27 20 29 46
32 19 24 44
2 30 35 41
43 17 37 26
41 45 32 20
17 40 25 38
28 20 35 43
35 13 2 48
29 49 40 36
25 45 33 39
25 45 35 28
30 13 24 35
28 39 36 20
47 44 33 37
26 43 19 39
47 2 32 40
39 21 38 26
47 10 0 6
47 4 33 39
25 49 39 47
30 12 33 40
27 45 37 26
24 45 37 30
1 34 1 45
29 16 31 46
24 43 33 26
26 36 36 23
31 13 41 32
48 3 16 45
26 11 7 16
49 10 37 25
46 5 30 33
23 49 39 40
35 11 32 27
30 14 27 31
35 10 33 39
11 38 31 40
45 17 37 30
27 49 33 19
46 4 5 34
27 8 36 39
34 7 32 38
35 24 29 26
32 0 36 43
30 45 15 5
14 37 33 38
30 44 43 28
24 12 19 10
27 47 31 27
48 9 35 44
24 49 25 40
