50 1318 14042 800
23 13 13 29
38 5 24 44
33 21 2 11
21 32 10 20
12 32 23 15
14 13 7 29
36 38 19 27
23 10 37 20
44 43 8 23
24 8 17 27
19 23 17 10
24 2 27 24
24 18 30 28
40 14 0 22
20 5 26 46
8 7 3 45
48 38 23 39
24 29 17 27
47 26 2 49
9 13 3 27
4 18 13 20
4 3 24 33
46 23 28 43
13 21 24 39
26 17 5 38
43 10 11 25
20 23 14 42
36 16 1 42
37 27 14 26
24 12 12 47
4 27 25 15
14 15 2 22
39 19 24 9
22 1 14 25
45 37 23 46
49 15 18 47
13 8 0 44
9 22 24 29
43 9 5 19
37 28 6 32
29 18 34 22
44 0 18 13
26 16 4 41
46 40 21 30
11 8 21 46
6 15 28 27
21 4 39 25
30 36 8 45
6 15 7 49
27 10 7 2
26 19 9 27
43 15 3 46
30 26 23 30
42 6 27 32
21 35 14 12
41 14 10 6
17 16 1 46
44 16 23 27
46 15 23 23
7 5 15 24
46 39 17 28
11 12 21 22
24 12 0 28
7 3 14 13
16 9 4 46
21 23 21 30
30 14 5 16
35 42 0 7
38 1 13 42
0 17 11 27
11 15 19 20
47 29 13 11
17 1 18 28
48 35 9 18
4 29 4 7
7 14 5 27
31 16 27 43
40 10 3 42
26 13 15 7
16 22 1 43
36 23 3 6
27 17 8 45
40 7 19 37
12 15 1 41
18 17 13 31
43 1 28 36
1 32 18 31
28 8 4 18
39 0 30 47
35 36 12 43
29 30 16 33
4 35 9 25
19 1 18 29
21 7 16 33
38 40 33 21
27 32 2 20
21 13 8 6
11 1 15 18
26 5 28 44
31 5 46 8
26 2 5 38
19 10 22 13
24 29 11 36
32 27 15 27
2 29 3 47
42 27 25 40
44 14 7 20
34 23 39 33
14 9 1 18
10 40 25 43
27 19 17 38
48 27 6 40
32 2 36 40
12 4 5 31
9 30 7 9
49 45 33 35
18 20 19 40
21 22 3 44
45 18 18 7
19 27 23 24
13 12 15 20
17 17 23 43
19 21 11 5
30 3 2 45
46 31 0 2
12 13 12 1
28 37 19 49
11 9 10 26
24 26 1 44
15 24 25 33
19 20 2 46
21 27 20 21
5 3 23 33
22 1 9 4
31 25 28 32
7 25 30 32
44 20 19 30
22 3 4 17
10 9 12 45
46 6 14 30
36 35 10 5
49 17 1 11
31 21 10 24
30 26 17 29
26 29 27 35
6 17 13 46
39 32 1 21
20 38 24 40
27 0 4 23
7 6 15 2
22 2 25 32
20 11 1 42
0 26 18 40
30 41 11 18
5 3 20 31
0 4 11 44
17 7 15 41
25 5 10 3
0 12 26 46
43 7 5 35
18 2 23 38
16 11 5 42
13 4 17 21
19 14 1 2
9 10 10 24
47 26 3 6
3 25 12 15
30 0 1 9
11 30 29 41
21 32 10 16
11 27 5 37
49 17 11 42
15 14 11 36
0 15 5 31
7 40 12 11
27 16 0 18
5 7 0 5
21 19 33 31
48 22 3 37
28 6 18 41
14 40 19 9
26 35 1 3
39 0 24 46
13 42 23 16
46 28 5 22
4 17 1 9
0 4 15 40
13 4 0 8
6 13 19 16
36 15 24 36
44 7 24 16
30 15 21 20
10 14 23 47
7 5 19 42
27 11 19 12
3 12 11 12
8 18 24 46
26 10 0 43
21 12 13 0
25 1 17 36
6 1 11 27
23 49 15 7
24 7 11 39
34 15 2 49
23 14 21 46
18 16 14 13
28 27 16 1
8 27 16 43
16 17 15 42
10 25 22 37
18 1 13 14
26 35 0 10
21 6 15 21
21 10 9 29
19 15 17 46
42 19 9 15
35 3 29 18
32 7 20 28
18 42 28 33
31 22 23 12
30 42 10 15
35 3 24 29
44 27 23 25
23 1 2 47
4 11 18 38
28 15 19 30
31 22 8 44
7 13 23 41
24 8 10 17
5 6 9 14
49 38 21 37
49 22 13 1
21 8 2 42
25 7 6 25
21 16 5 45
37 9 26 44
21 11 31 29
22 10 7 48
23 1 27 43
40 9 14 33
19 9 20 20
18 10 5 45
9 21 24 39
46 25 12 25
37 21 24 19
12 34 2 28
33 6 2 45
41 9 1 9
47 21 12 21
14 18 21 15
15 0 23 30
45 14 2 48
33 11 19 46
49 38 13 7
49 25 27 33
23 0 0 9
16 17 4 48
42 38 22 40
44 32 3 42
22 24 17 14
45 9 0 8
22 47 0 5
27 45 7 0
28 7 2 29
45 33 18 40
36 11 0 9
43 3 13 14
46 27 8 2
22 23 22 44
12 8 1 2
14 12 20 24
44 34 2 45
6 22 15 33
45 18 23 10
49 16 19 22
23 8 1 8
12 7 9 13
29 3 4 44
19 21 8 41
27 29 14 39
0 15 23 47
49 19 16 28
35 20 25 48
38 31 14 36
26 29 2 30
16 7 14 25
19 10 7 48
23 4 23 13
29 16 1 22
22 26 21 42
20 20 16 35
45 42 22 1
1 20 3 15
23 0 13 30
7 34 1 45
19 23 2 45
38 19 4 43
24 17 5 47
24 1 23 19
41 7 13 14
36 40 0 9
17 16 14 33
19 8 19 30
32 1 9 35
33 1 1 0
32 15 5 11
27 18 0 47
39 17 15 38
14 4 22 11
23 1 12 49
14 7 21 22
41 28 7 14
41 27 13 27
17 19 13 33
28 11 15 11
18 34 7 8
27 15 26 45
28 13 4 48
11 20 20 25
8 11 13 11
42 9 8 14
19 28 5 32
15 15 17 35
47 35 27 32
13 8 19 44
41 38 26 20
20 2 17 22
27 18 17 23
21 11 3 29
36 16 16 49
48 45 7 26
14 14 21 48
27 5 25 48
28 7 6 27
42 4 20 46
4 3 23 39
43 31 18 37
4 17 15 36
31 11 30 34
8 3 20 28
19 20 4 48
43 3 31 42
37 39 12 31
38 17 8 6
49 10 8 2
46 30 6 3
28 24 8 19
40 3 28 49
37 32 14 32
42 4 7 16
3 8 5 31
3 17 21 30
4 10 6 48
47 12 31 6
47 20 7 17
49 9 15 21
30 24 23 47
24 42 19 39
11 45 4 17
8 17 15 24
9 6 5 17
21 14 0 3
12 6 16 47
47 22 2 35
44 37 22 35
11 30 14 45
22 23 3 10
24 13 31 19
10 26 21 48
23 20 8 9
48 18 21 28
41 17 2 30
43 27 28 39
11 16 11 29
36 37 27 22
44 25 21 36
38 0 19 45
10 20 21 43
32 29 18 10
13 2 12 25
7 19 29 38
47 1 8 14
40 19 22 20
4 20 26 25
33 38 14 36
13 8 9 25
25 23 29 34
22 22 20 43
24 2 22 25
20 47 23 42
30 42 22 47
3 11 14 42
13 9 19 24
24 8 25 46
13 14 8 41
40 23 9 7
47 27 11 20
48 29 6 49
29 5 23 33
35 14 6 31
44 25 1 40
20 11 16 38
13 10 22 18
6 1 43 32
31 16 25 43
18 15 21 37
20 25 5 23
28 12 5 17
9 18 18 20
45 5 8 11
30 12 15 31
29 2 13 7
25 2 1 45
17 5 12 32
19 1 20 11
29 17 17 18
8 8 30 25
24 38 21 43
19 11 17 40
45 18 0 46
39 19 3 5
13 12 1 22
7 13 17 36
0 26 2 4
47 5 13 19
17 8 11 3
42 43 27 34
34 47 1 44
23 15 17 49
21 3 20 30
37 28 22 36
47 19 16 40
20 13 17 18
29 16 11 0
12 12 17 42
6 14 16 38
13 34 24 22
19 13 19 37
48 21 23 35
40 40 15 37
40 24 30 48
34 34 15 42
20 16 3 41
25 26 13 0
32 9 25 45
16 4 10 9
46 28 22 49
34 36 3 49
34 1 11 26
8 11 16 16
14 5 23 11
25 7 21 24
17 12 6 36
24 20 12 1
41 48 23 2
48 6 24 15
26 11 13 27
17 2 20 48
13 28 31 27
2 10 24 46
26 12 20 33
35 20 17 38
44 11 26 28
24 23 32 39
26 13 27 34
17 22 2 46
30 18 13 43
5 21 6 29
14 18 3 1
46 18 10 1
32 8 22 5
46 12 33 2
19 3 15 4
0 0 12 24
48 43 19 19
26 3 24 49
36 16 0 16
10 0 4 6
42 16 20 45
9 19 19 46
32 29 0 45
18 22 4 46
29 35 17 46
19 8 4 34
46 6 18 9
34 30 33 25
10 20 1 46
36 2 21 29
14 21 11 6
31 17 26 25
32 27 7 8
16 5 6 3
30 6 1 18
16 41 5 48
22 9 7 44
15 28 8 27
33 39 25 44
34 14 22 30
19 14 11 24
21 43 2 4
18 11 12 3
41 28 10 5
9 18 3 16
2 5 22 42
12 8 14 29
42 33 8 19
16 27 23 45
17 13 6 31
40 2 0 43
10 23 24 39
19 19 16 21
39 8 16 18
12 22 2 1
30 27 9 13
43 2 20 27
22 8 32 40
20 21 1 41
2 30 11 9
1 7 2 45
19 2 16 6
2 25 18 37
44 28 1 48
28 36 8 39
16 14 13 40
28 21 12 27
23 16 3 0
42 5 9 2
35 1 11 28
43 3 2 46
11 30 21 24
20 34 22 40
43 24 17 39
14 21 7 26
39 1 20 19
6 9 23 34
44 11 17 33
49 15 11 1
39 13 0 0
19 16 7 1
34 42 17 20
3 21 13 17
35 23 24 34
26 9 14 3
22 10 21 46
20 12 7 1
16 2 9 37
31 40 21 34
10 13 15 49
22 21 23 44
27 0 19 30
26 0 13 8
49 16 17 7
47 25 4 33
11 6 26 29
39 36 27 26
35 24 28 44
21 14 0 46
24 17 16 11
14 12 1 41
44 6 18 29
26 12 17 18
44 19 2 2
34 33 12 11
22 11 28 28
22 8 23 47
1 43 19 45
30 10 17 27
49 40 6 21
45 12 2 47
13 21 26 49
23 30 21 27
13 17 1 18
28 26 7 25
20 1 4 44
4 32 14 43
24 23 11 33
11 20 20 29
16 17 12 40
47 21 2 45
12 9 22 24
44 3 21 42
0 13 19 47
43 14 21 13
41 32 3 45
36 30 2 26
32 44 24 24
45 15 14 13
10 0 3 41
22 12 27 45
11 17 27 44
4 10 10 29
25 46 7 11
44 21 26 19
48 7 10 4
44 8 21 44
13 7 21 34
12 15 23 29
29 12 15 18
38 7 31 49
18 14 5 49
33 33 14 12
46 39 6 29
46 20 6 20
43 37 11 10
45 14 24 19
37 39 24 12
29 25 7 35
11 17 4 46
33 2 19 18
39 30 23 15
23 29 24 18
25 1 8 14
17 11 18 20
26 3 5 2
45 12 17 6
12 17 26 46
20 8 25 8
3 17 9 11
8 23 12 32
32 15 10 19
10 23 7 12
46 8 11 18
18 11 16 19
8 16 19 48
23 14 22 32
32 17 25 45
22 5 14 9
47 49 16 13
13 4 9 18
16 4 8 17
25 7 24 19
24 44 15 5
0 19 15 22
42 25 25 43
12 18 1 44
45 9 27 34
16 12 12 35
24 4 12 27
20 1 0 45
13 2 8 27
16 15 13 26
42 14 21 12
49 3 6 6
43 21 29 3
11 9 29 40
42 20 24 24
49 8 3 1
4 12 23 34
21 24 1 45
39 1 12 2
35 11 20 42
38 4 12 34
37 41 5 45
41 10 15 13
26 10 26 21
28 5 24 37
47 15 25 38
15 9 14 4
42 38 13 17
48 15 24 8
17 24 18 35
39 7 1 31
25 17 26 33
22 20 20 24
46 13 11 9
13 8 15 31
14 8 6 19
7 9 8 28
17 39 14 33
43 30 10 18
22 7 25 19
41 10 12 1
21 41 0 1
33 32 1 43
6 27 25 22
10 22 9 7
14 8 24 25
16 24 23 21
9 8 6 0
17 9 5 48
40 6 13 47
27 10 2 43
38 15 4 12
45 11 17 49
28 24 16 4
31 21 0 4
13 17 20 42
3 13 18 26
21 3 9 19
2 25 14 21
41 31 32 35
14 5 29 13
43 29 7 18
23 6 21 47
39 18 19 34
44 22 24 18
18 5 17 9
22 5 2 48
30 15 24 37
7 14 18 15
13 17 7 38
12 21 19 34
49 6 30 45
43 7 27 42
17 15 5 27
24 15 11 24
10 19 16 38
38 13 18 11
45 28 16 39
25 21 7 32
18 28 4 0
49 32 27 39
29 20 9 3
48 41 27 30
21 15 22 44
10 17 26 27
23 1 11 11
37 42 13 20
16 30 19 41
3 7 9 6
35 0 23 49
17 8 9 4
3 8 9 5
14 4 17 21
35 36 7 9
10 38 31 14
18 10 11 20
41 25 8 6
18 22 11 45
14 28 9 22
32 5 3 26
34 27 28 24
14 2 11 4
18 47 29 25
16 0 6 10
45 12 21 31
34 20 24 49
24 24 24 13
38 25 18 5
42 17 11 23
27 4 15 21
44 13 25 15
29 25 16 22
8 4 22 16
38 13 12 19
18 15 23 46
46 25 0 27
11 15 2 44
42 31 3 49
23 5 17 38
13 25 2 44
31 6 19 14
11 12 15 16
12 16 14 22
15 29 21 24
48 25 23 40
19 1 3 4
9 6 12 30
18 13 10 40
26 32 2 47
47 12 18 27
12 43 3 13
12 11 19 36
36 6 4 5
32 13 23 38
13 12 29 37
23 21 35 44
46 6 14 39
9 10 18 26
27 7 26 36
36 31 3 23
8 2 2 38
17 38 11 13
30 19 16 13
3 8 23 19
6 26 22 20
38 47 4 36
22 25 24 16
21 11 11 4
33 5 24 36
21 13 25 45
43 21 9 6
36 23 1 42
27 0 5 49
12 21 10 24
41 49 8 27
29 11 5 44
46 3 24 49
32 44 23 17
21 11 19 33
24 27 19 18
10 16 22 29
36 13 10 23
20 5 2 9
22 20 20 48
47 6 4 6
9 11 23 43
36 33 17 15
26 20 12 36
10 10 2 12
23 0 0 46
47 25 8 2
5 5 1 4
20 20 6 44
7 24 9 6
11 7 11 13
28 17 13 15
19 9 14 29
38 24 8 5
14 24 13 11
31 10 9 31
49 30 25 21
10 23 7 45
21 10 11 3
11 12 22 35
25 8 7 19
36 46 13 2
49 30 2 16
36 12 7 24
39 13 5 45
9 10 17 5
16 17 21 18
9 28 16 35
44 13 16 24
9 9 2 25
25 17 19 21
27 18 26 26
13 32 29 20
21 1 19 19
13 3 26 48
17 23 13 34
19 13 2 46
25 5 3 48
46 21 12 12
37 24 1 44
31 40 11 40
46 39 6 33
46 16 8 11
42 19 13 32
24 20 7 33
38 42 9 8
24 11 21 28
24 13 31 25
38 1 8 6
41 37 21 37
46 14 25 46
41 10 7 12
6 16 17 44
41 40 28 33
20 14 3 46
0 4 13 31
0 12 17 38
35 20 3 10
23 42 4 37
26 38 26 24
25 17 4 7
19 4 19 19
28 22 20 24
35 20 30 3
23 40 5 4
26 29 22 19
10 13 23 38
40 2 8 15
15 8 15 3
42 13 8 21
25 18 21 49
42 26 1 45
41 12 15 14
27 11 4 42
2 9 20 17
20 0 23 25
6 4 18 16
12 25 6 35
0 8 9 13
49 21 19 32
22 17 5 46
21 11 5 10
26 4 32 17
14 6 22 45
42 40 15 13
14 15 23 47
11 21 7 37
27 36 21 40
20 30 22 20
23 22 21 27
17 16 28 30
8 2 4 14
3 32 14 31
2 16 4 43
32 24 0 46
38 17 16 37
49 30 29 47
32 19 17 6
14 28 23 40
30 34 15 47
14 7 5 9
47 12 9 37
2 17 33 37
10 23 6 17
38 16 4 10
47 6 15 33
30 36 18 36
23 28 17 10
36 24 7 1
5 42 23 35
44 42 5 43
36 5 19 28
19 1 24 24
0 14 3 44
11 16 39 47
39 16 10 21
49 11 39 9
8 16 6 40
28 2 36 3
12 22 3 44
47 18 27 47
11 14 14 20
15 23 19 38
7 15 1 1
10 0 6 15
10 46 25 41
47 17 19 21
23 7 0 46
5 12 7 47
3 11 23 30
46 13 16 42
27 8 1 24
17 5 13 29
25 43 9 22
44 11 18 47
0 10 24 25
0 13 5 33
23 36 25 17
31 0 19 33
6 16 4 6
35 25 6 45
4 19 27 36
11 14 16 43
40 34 9 33
20 10 4 2
38 10 16 40
40 12 23 34
32 5 6 12
25 31 16 41
17 9 26 28
0 4 0 44
35 14 13 7
21 45 18 5
36 21 16 24
28 20 5 25
26 18 21 31
41 36 5 43
13 27 8 39
6 16 5 0
39 1 21 17
6 3 30 12
49 4 9 31
44 22 14 5
7 6 15 26
21 14 0 46
43 10 16 43
15 10 5 10
14 26 2 10
19 4 28 19
41 23 1 19
19 22 10 10
20 11 2 41
1 19 1 45
41 29 22 46
39 10 1 19
28 15 22 34
8 17 19 17
22 1 3 43
29 38 1 45
21 21 12 18
23 0 8 3
14 9 19 17
49 9 14 4
24 15 22 46
19 3 16 16
13 4 13 32
48 39 0 15
38 22 0 4
35 22 26 32
45 21 29 14
5 2 10 39
30 18 7 13
16 28 21 23
39 22 14 15
9 21 22 16
7 2 22 45
13 0 22 33
32 0 31 40
3 7 11 5
35 29 0 46
40 23 19 20
31 8 5 49
8 16 16 24
9 14 29 47
22 28 19 47
23 16 9 20
18 12 11 27
48 36 23 48
24 21 26 27
18 11 28 29
22 38 14 32
40 16 1 48
30 7 15 42
21 1 3 0
11 45 23 39
32 12 14 21
48 18 3 11
45 19 21 42
13 1 19 28
30 11 26 41
0 39 24 12
48 10 12 33
43 22 26 28
8 6 35 25
42 46 12 22
41 1 20 37
26 4 24 49
1 17 28 43
14 30 2 48
10 10 22 29
21 15 8 13
24 20 19 19
9 31 17 28
46 32 9 15
18 32 30 39
24 39 5 16
49 13 9 9
38 30 15 24
33 24 14 28
48 8 8 43
18 12 30 40
12 11 11 20
42 7 38 26
10 7 35 23
33 15 18 18
37 28 13 1
2 10 2 35
35 30 18 37
25 1 25 22
8 7 14 31
11 14 11 0
12 9 22 47
49 2 5 0
32 7 11 17
9 17 2 44
21 18 25 39
20 13 12 32
25 12 14 12
34 7 12 30
4 6 20 31
0 5 0 15
38 45 22 41
14 8 15 32
40 25 20 27
44 4 7 26
9 5 20 24
24 13 3 49
18 16 14 39
47 12 23 32
38 39 4 38
36 32 15 9
2 6 17 46
49 16 1 45
20 31 14 47
6 26 3 42
21 5 4 47
32 26 28 32
32 10 30 40
24 46 27 39
39 31 27 40
18 35 10 7
14 4 23 37
34 16 35 36
20 11 26 19
47 35 14 34
26 5 30 11
30 14 14 42
33 38 11 44
33 16 22 28
47 9 5 44
29 11 5 47
21 41 16 19
11 20 13 4
10 2 7 13
14 19 3 38
3 5 3 44
34 13 30 15
28 4 7 47
45 29 17 8
17 29 0 48
10 16 13 5
18 2 13 37
42 10 20 39
44 34 22 17
40 32 18 24
47 32 1 30
15 2 9 44
15 8 10 7
18 11 27 38
11 12 0 42
22 1 14 37
5 12 22 20
27 8 22 24
17 16 5 42
12 30 39 42
39 11 14 39
30 15 25 27
46 8 21 27
6 4 20 46
46 20 21 36
18 0 7 16
46 6 1 3
45 20 23 29
16 7 25 32
9 21 3 1
49 21 17 8
31 15 21 20
9 30 5 33
49 12 24 29
41 14 15 26
14 6 6 47
15 31 14 24
28 37 7 12
26 19 14 11
22 3 27 30
46 21 7 31
27 14 5 48
49 25 19 38
24 6 5 46
16 2 19 22
39 34 35 31
17 11 3 48
20 14 12 15
12 23 6 22
8 14 26 47
22 10 10 20
3 15 20 17
37 35 4 44
30 0 11 32
31 44 6 23
33 38 6 19
18 30 19 43
26 29 24 22
32 18 19 12
49 11 29 16
1 31 29 31
32 30 14 38
41 3 11 41
37 9 13 48
23 13 16 19
29 19 18 18
19 26 20 32
25 2 28 45
15 5 21 47
35 24 30 33
20 15 10 4
16 18 4 43
29 32 19 14
45 1 23 46
45 14 12 24
3 25 14 22
45 10 18 18
21 5 2 25
46 40 3 12
36 0 3 0
29 19 20 6
14 12 5 8
3 19 14 43
11 3 27 39
49 9 3 47
23 24 4 42
46 11 15 46
20 33 17 31
12 7 14 35
11 20 1 25
28 4 7 18
15 31 20 37
14 23 21 26
20 27 21 33
11 20 16 13
33 22 4 44
35 26 15 22
39 38 1 47
5 15 21 23
49 27 2 46
34 3 28 33
48 43 2 45
20 2 15 15
22 4 5 39
43 26 1 34
23 2 3 9
47 39 1 7
24 5 28 27
15 9 13 15
1 10 18 22
27 9 8 5
37 16 5 19
39 34 10 27
20 7 16 18
48 3 8 19
14 14 20 31
14 26 6 20
34 44 5 9
25 2 7 46
38 42 3 9
32 30 20 48
5 6 19 29
9 7 22 20
37 5 34 24
17 28 12 12
19 21 5 42
43 12 20 35
24 30 19 30
42 35 5 3
38 20 3 8
9 9 0 44
20 18 1 44
43 17 11 17
4 23 9 34
38 16 2 7
25 29 8 9
8 5 23 43
25 4 1 45
26 2 7 40
44 14 10 37
30 10 10 2
41 5 20 37
36 19 13 17
48 2 14 19
26 22 26 41
48 19 22 46
18 14 7 35
11 9 21 3
21 12 25 20
5 18 11 13
42 22 15 38
4 4 4 37
36 37 20 48
27 22 7 4
47 39 9 26
20 22 13 30
21 4 8 6
47 7 3 2
26 8 20 22
36 19 3 45
21 19 1 6
9 18 7 11
8 17 30 19
7 11 5 3
16 21 7 24
38 11 22 31
32 37 10 39
44 24 25 36
18 5 15 20
12 18 26 48
21 3 16 27
34 19 18 39
6 14 8 18
39 27 5 46
3 15 18 22
41 13 31 5
29 15 16 35
24 2 24 37
31 16 16 30
15 7 29 48
34 16 18 35
38 21 15 4
37 10 15 40
6 12 7 35
36 8 4 30
37 20 1 6
47 16 9 17
27 21 5 43
4 4 26 45
47 12 27 49
13 11 28 30
27 43 13 28
34 21 6 22
38 9 32 36
18 13 7 18
19 3 8 12
29 29 6 7
28 20 17 39
44 26 1 43
35 11 1 42
49 7 10 33
21 10 13 1
43 11 1 43
22 8 2 47
41 7 25 6
14 6 1 47
45 19 8 23
2 36 21 37
21 35 13 19
6 7 19 22
20 10 10 37
11 13 6 43
34 42 25 32
27 13 2 42
37 15 9 27
1 13 27 41
35 16 13 31
49 31 10 40
21 25 11 22
45 24 19 14
37 0 10 13
20 6 5 43
36 4 22 41
11 4 14 22
37 12 25 6
19 21 10 0
13 22 11 6
31 41 26 20
