50 468 18026 800
14 11 37 10
49 26 44 26
12 20 25 21
34 26 34 11
17 13 10 38
5 12 47 25
4 11 35 34
48 24 45 16
31 22 35 9
13 0 36 10
5 30 33 17
32 6 34 11
34 19 38 8
37 32 36 8
10 18 39 42
4 11 39 41
6 25 1 3
20 16 37 12
21 11 34 8
40 24 41 29
25 17 37 15
44 25 34 8
3 7 38 9
29 22 26 19
38 34 35 6
3 19 19 14
22 8 32 11
31 45 34 10
3 6 37 9
38 23 36 8
10 17 32 5
14 39 34 9
18 29 36 9
25 11 17 2
21 29 38 11
45 36 7 24
18 24 36 8
18 18 14 1
25 47 34 26
11 21 41 38
12 21 37 8
5 1 31 0
5 23 34 12
45 16 37 10
9 4 33 9
14 14 35 10
0 15 33 8
45 39 36 10
22 6 33 12
22 14 39 4
8 25 37 6
5 9 36 12
11 10 38 10
0 36 28 24
12 1 32 11
27 38 12 2
43 30 35 22
12 12 37 7
14 9 35 9
27 29 22 6
15 1 34 13
36 40 38 6
0 34 33 40
0 5 38 8
42 25 36 12
0 14 45 48
35 29 26 11
9 38 37 8
43 31 35 9
4 23 37 11
13 7 36 12
25 28 38 7
3 23 35 11
18 30 34 9
3 13 20 9
4 10 26 4
28 30 39 44
13 47 42 13
45 3 36 13
12 8 36 13
16 8 35 12
1 9 38 10
0 18 37 4
27 39 32 42
30 34 36 11
2 24 16 0
17 31 40 24
45 23 36 13
48 25 34 11
25 3 37 11
48 42 36 10
48 40 39 13
47 34 40 45
22 34 13 13
34 31 41 31
10 10 32 10
25 47 48 24
42 17 32 12
32 17 35 14
19 10 37 12
48 37 34 11
36 17 26 14
18 5 36 6
10 25 47 42
23 38 45 17
17 16 36 12
8 14 37 12
14 18 0 6
12 21 34 14
49 18 37 14
24 36 35 11
46 30 38 11
11 2 38 6
7 22 19 33
24 28 18 3
44 28 35 11
27 11 37 11
11 30 31 18
46 31 47 15
30 7 28 27
28 12 49 44
23 30 38 10
13 10 31 25
1 36 35 9
35 40 37 8
48 37 38 9
9 12 35 11
15 38 4 15
24 45 28 14
25 7 21 23
17 9 34 19
29 29 2 38
47 16 39 11
45 38 14 9
21 15 34 12
44 33 38 9
0 30 36 8
37 25 42 17
7 5 35 10
40 40 7 13
3 4 28 36
48 10 37 6
35 40 33 13
48 24 32 9
4 20 42 16
11 20 37 12
12 6 3 8
13 11 41 8
47 15 48 7
4 3 34 7
16 30 38 21
32 24 35 14
18 13 38 9
41 42 0 17
8 24 31 22
4 10 40 10
18 21 39 10
18 38 36 8
40 47 37 5
6 11 9 0
4 32 39 9
44 17 37 14
41 28 24 42
9 20 39 41
39 28 41 1
37 34 16 14
20 7 44 24
1 30 37 9
18 9 39 12
11 7 39 28
27 12 8 31
10 29 36 9
19 38 10 2
6 48 36 9
35 25 35 13
25 19 35 9
0 15 45 8
27 42 41 26
32 40 38 10
16 49 36 9
16 2 40 12
25 32 45 9
46 44 10 16
41 20 37 8
14 6 38 12
13 4 34 37
33 41 36 14
10 5 14 7
11 23 20 9
46 28 7 14
35 34 15 10
23 21 32 8
12 27 36 10
37 26 35 10
6 20 38 28
23 6 12 26
13 17 23 32
30 32 32 8
3 25 19 1
42 33 37 12
12 13 35 11
15 19 41 48
8 14 36 10
1 35 36 9
1 13 33 10
29 37 31 31
4 24 48 6
18 25 34 25
22 1 36 9
40 13 15 32
31 26 35 11
20 2 27 31
15 5 36 9
8 8 35 9
36 39 34 9
36 6 34 12
8 20 40 25
5 24 33 11
22 21 13 9
27 36 40 16
6 20 34 16
40 36 38 29
30 21 35 12
24 0 13 5
10 23 38 8
25 43 14 7
8 14 9 0
22 44 36 11
26 22 37 11
44 18 35 14
48 16 35 6
27 9 34 7
41 29 37 9
8 13 33 32
8 31 38 11
8 38 36 13
26 23 10 47
24 20 37 7
6 18 37 11
10 29 36 6
46 43 35 7
8 28 43 29
20 46 27 8
1 15 38 8
6 10 39 9
15 35 38 11
11 20 38 13
28 14 36 10
9 39 37 12
4 22 35 9
44 28 37 8
26 20 35 11
17 22 38 8
18 36 37 8
38 36 8 13
13 19 37 8
36 23 39 10
14 5 37 10
33 16 27 37
15 1 3 46
9 19 45 17
7 13 22 25
34 45 35 9
15 26 36 11
48 35 40 12
39 26 16 2
0 28 29 16
32 39 36 7
15 9 40 16
5 0 38 10
3 8 45 27
1 45 40 28
4 15 21 3
10 25 29 23
3 3 32 12
6 14 35 11
44 20 35 8
9 9 17 9
13 42 36 8
31 7 36 8
25 39 40 12
26 33 34 9
6 8 36 13
5 5 38 14
48 22 33 9
13 15 9 10
0 8 27 7
41 31 24 6
14 36 46 16
35 46 47 36
44 41 12 23
4 31 36 10
8 11 40 4
0 38 33 3
44 33 38 9
34 20 34 12
31 33 15 34
3 1 36 14
17 0 36 12
32 35 36 12
29 45 33 7
32 19 33 46
7 1 45 8
7 33 33 11
20 8 35 9
33 13 27 35
15 25 34 10
15 10 31 31
2 26 20 20
2 7 19 9
25 34 39 11
40 28 36 11
49 41 36 8
39 18 30 7
28 31 43 39
26 30 35 11
37 44 38 12
30 37 33 14
25 29 17 17
9 18 49 22
16 7 49 11
28 17 34 11
33 32 37 10
48 38 40 9
28 42 29 6
14 6 37 9
31 38 19 31
19 28 43 13
11 9 37 13
21 8 36 8
49 20 49 40
4 35 34 22
39 34 37 11
7 30 34 9
36 12 36 20
29 39 31 34
4 32 14 10
40 27 31 12
4 19 32 13
38 35 13 3
29 36 37 7
34 34 30 41
5 5 33 10
17 19 44 28
20 11 32 16
21 25 38 8
37 41 32 8
20 40 37 12
1 41 39 12
16 17 16 12
2 12 36 7
39 37 39 10
17 20 46 7
24 25 21 9
38 41 18 28
10 23 36 9
49 37 37 9
15 16 34 10
34 35 35 9
39 29 36 10
22 31 35 9
35 48 37 11
34 46 36 6
11 33 36 11
39 32 37 12
23 28 26 8
38 25 34 13
49 44 33 17
18 10 36 12
10 18 34 11
17 2 18 15
12 1 35 11
37 18 44 10
36 35 37 9
34 23 6 28
30 9 29 18
15 42 35 11
22 33 49 36
14 23 25 19
22 20 49 30
31 31 19 3
32 25 27 7
31 39 35 12
13 20 27 14
9 22 38 11
22 7 24 31
20 12 36 9
28 14 47 23
44 47 17 5
48 43 37 38
8 8 39 11
43 23 39 9
42 46 39 10
23 35 6 46
31 20 17 19
11 34 34 18
18 7 34 13
14 9 11 6
33 38 19 28
41 4 34 10
39 35 25 4
20 7 36 7
48 37 34 9
17 25 38 14
20 2 35 8
22 35 37 8
31 33 31 8
39 27 37 11
42 39 37 10
10 9 38 10
8 9 33 39
42 32 6 21
10 9 35 10
32 32 37 11
19 21 12 21
36 24 38 11
38 30 33 6
6 17 38 12
32 24 33 13
28 23 33 12
8 8 31 0
22 27 39 43
12 17 38 13
25 14 37 11
46 34 34 9
47 28 36 12
29 33 35 10
21 24 27 21
31 31 14 7
14 7 32 41
11 20 24 10
36 21 38 10
45 30 38 8
33 30 37 10
37 41 14 19
20 32 34 10
17 11 35 8
41 17 39 10
30 35 34 12
34 32 43 21
45 37 34 9
19 25 29 2
48 22 36 14
44 24 37 15
14 37 38 10
14 9 43 30
1 6 35 12
11 5 45 16
16 6 35 9
34 48 19 5
44 22 35 9
7 34 37 10
3 23 21 16
27 48 40 13
37 23 36 9
8 6 33 13
44 36 36 26
2 14 47 10
11 10 34 13
14 16 36 8
27 16 32 16
18 36 35 18
7 10 39 7
20 19 45 25
40 41 33 13
17 19 34 1
35 36 17 16
42 45 35 11
