50 51 13680 800
42 38 19 3
7 32 42 28
20 26 41 7
13 19 24 35
12 36 20 11
9 2 27 15
35 43 48 33
41 4 31 20
47 3 9 19
3 4 0 10
43 36 13 35
7 34 13 17
41 9 3 29
15 28 35 9
21 24 11 25
36 6 12 18
48 3 15 10
21 13 12 22
20 1 42 41
4 2 7 18
29 47 45 30
9 18 49 49
14 27 19 11
38 31 47 35
47 1 27 18
32 29 33 12
10 37 28 6
20 9 47 47
41 8 6 12
34 24 27 7
45 0 15 10
38 4 0 8
11 28 38 27
8 36 16 25
38 5 39 17
30 26 40 5
32 7 39 27
6 35 44 43
49 7 37 34
24 18 47 17
3 19 9 37
41 6 2 1
24 1 30 3
42 14 46 25
38 18 38 6
31 16 8 36
46 16 39 36
31 14 2 26
9 26 2 32
37 8 37 20
40 13 11 11
