50 224 15074 800
20 49 14 7
42 19 41 5
18 44 23 33
17 45 23 17
27 34 33 40
43 16 18 44
30 40 23 21
27 24 35 47
25 11 40 9
34 42 32 13
25 37 25 17
33 19 7 5
37 19 21 29
4 6 1 39
34 22 7 19
5 31 29 15
15 15 23 26
10 36 13 34
22 48 22 30
36 43 20 28
42 8 15 5
30 24 47 5
37 16 29 25
41 20 38 0
19 48 14 49
38 11 40 6
38 36 29 9
6 36 43 6
36 44 8 45
24 22 25 11
29 16 7 14
32 18 45 8
32 22 34 14
30 23 11 10
28 40 12 42
21 35 42 2
33 21 1 34
20 45 36 18
34 42 22 12
37 19 15 29
22 47 22 7
48 23 27 44
33 41 32 18
17 13 40 14
34 42 33 3
42 22 45 5
31 44 13 38
19 49 19 23
0 30 28 36
34 16 21 17
27 26 17 15
3 32 42 6
31 39 37 17
43 20 30 22
18 46 36 19
5 30 9 45
38 30 38 48
34 14 35 10
37 21 24 39
29 18 33 27
38 21 39 17
29 25 36 42
40 18 40 4
20 45 17 9
33 38 17 22
45 16 4 47
25 42 25 23
41 18 22 30
4 3 13 37
8 6 22 23
5 32 15 45
38 19 3 43
35 10 3 21
45 9 31 21
18 47 25 20
36 43 21 28
41 45 24 23
29 23 26 26
16 36 44 6
13 25 21 15
25 6 29 22
43 17 9 14
24 31 22 49
32 12 3 15
41 48 7 25
5 35 12 47
0 25 18 22
30 41 46 2
31 46 41 43
35 18 37 12
4 48 36 46
41 1 10 43
16 48 14 36
3 5 11 46
38 47 14 11
27 45 20 15
32 16 38 38
25 21 31 38
31 45 32 41
39 42 16 40
41 19 29 25
31 43 18 24
12 26 28 28
18 29 41 6
3 22 9 43
19 48 8 44
32 43 30 46
35 42 29 21
12 22 16 38
28 29 22 5
13 7 19 2
15 45 38 0
7 34 39 29
42 23 41 2
42 22 24 24
31 11 18 35
13 31 32 15
36 38 9 23
3 33 37 45
27 38 16 30
38 22 12 45
17 13 0 44
31 45 23 0
36 22 34 12
10 28 16 15
35 21 2 33
19 48 5 19
29 25 22 7
37 17 21 23
42 20 47 4
29 14 46 37
38 48 48 5
12 11 24 22
35 24 5 46
37 45 33 11
26 27 14 48
36 18 26 20
30 17 19 28
19 46 14 31
30 44 43 0
9 15 25 44
8 39 39 2
41 21 18 26
39 18 13 44
33 45 16 17
28 22 44 12
37 18 21 13
10 32 45 5
42 24 15 20
28 41 44 10
7 31 10 47
29 39 8 43
6 21 32 7
41 17 48 33
41 22 32 21
16 48 31 10
32 18 8 43
11 32 16 26
38 17 36 47
30 42 49 13
7 39 16 7
36 44 28 5
32 40 38 4
11 41 34 29
17 29 17 8
41 21 18 23
20 43 25 7
36 47 31 36
18 46 33 13
17 44 19 12
28 42 18 27
0 35 14 9
40 22 19 43
16 33 30 20
33 15 44 2
8 43 4 3
32 42 2 12
38 16 21 30
32 16 18 21
27 36 22 31
17 47 37 7
7 31 43 11
25 24 34 15
6 10 40 7
31 42 15 46
11 34 42 12
28 23 20 33
20 47 38 14
14 38 22 40
8 18 41 13
2 31 25 47
29 39 29 0
18 48 39 6
11 28 40 6
44 11 24 18
33 42 18 9
16 31 30 35
30 44 21 16
40 37 17 8
27 23 18 17
18 46 39 46
36 10 24 23
28 47 40 31
31 14 35 8
7 40 33 28
40 19 16 12
41 44 8 24
18 47 23 24
33 48 49 12
7 31 35 12
33 20 45 5
6 31 37 31
17 45 29 40
18 20 49 23
17 46 7 43
37 14 23 22
21 49 36 23
30 33 32 20
41 20 7 22
40 24 40 5
22 22 30 6
20 47 26 16
27 21 14 13
34 38 49 11
