50 241 18063 800
30 45 20 4
35 26 14 24
24 31 31 1
46 11 34 15
30 20 34 19
21 46 16 4
28 27 31 30
32 40 16 37
23 23 7 16
18 31 28 22
47 12 23 43
38 41 14 7
19 31 31 27
23 33 31 28
40 11 31 37
42 13 3 41
44 13 11 36
20 37 24 29
41 17 26 21
33 18 25 19
23 42 23 18
19 27 17 16
21 44 25 9
9 35 26 23
33 38 23 14
29 22 21 29
44 20 16 6
39 42 30 19
25 37 11 32
31 35 21 4
18 25 14 21
42 40 4 23
19 19 30 19
19 46 13 26
29 26 24 46
32 43 19 9
33 39 25 24
32 32 27 1
22 40 22 5
27 27 5 24
19 47 30 26
46 45 19 37
22 11 14 14
42 10 7 40
40 36 24 7
42 7 14 17
26 32 22 25
37 43 30 3
25 10 20 20
19 32 6 1
46 8 31 25
30 28 30 12
22 36 13 9
22 19 27 26
36 19 3 31
46 11 23 13
28 19 26 0
44 15 25 3
25 19 27 29
25 30 21 13
28 41 14 38
24 29 15 15
30 21 25 42
24 25 25 4
20 48 34 42
42 32 10 26
44 12 15 1
32 32 28 6
20 31 38 7
27 35 24 18
34 47 17 49
38 37 20 19
26 40 3 24
26 48 22 30
17 27 7 26
30 43 31 20
26 35 2 17
45 10 27 26
43 5 32 1
34 25 5 34
22 21 23 25
12 21 15 18
24 31 18 13
34 39 22 27
22 29 12 14
23 25 10 24
24 30 18 40
29 30 22 22
26 34 4 36
42 3 19 4
45 11 11 4
37 40 25 9
34 44 13 34
10 40 28 24
20 25 37 24
22 27 5 20
15 32 4 7
45 12 25 26
22 31 7 22
21 34 16 43
42 31 5 25
44 11 9 0
33 22 28 29
38 41 28 24
20 32 17 15
26 40 2 11
14 47 26 0
30 37 27 15
20 47 33 27
21 48 1 20
27 39 22 1
25 38 37 20
25 34 7 24
25 22 26 11
26 25 21 32
21 29 23 6
21 29 25 19
23 32 20 28
23 27 9 31
25 28 7 4
31 32 24 24
43 35 23 8
28 22 32 23
41 13 26 42
2 49 31 35
12 45 23 0
26 27 15 8
43 13 34 28
37 16 19 25
25 40 16 6
27 21 18 2
20 45 24 22
49 11 24 0
41 36 7 20
22 45 25 2
29 23 7 20
38 39 26 25
16 47 19 21
33 24 41 4
33 23 36 28
44 9 24 29
23 28 22 3
33 41 21 3
9 32 8 16
8 45 18 0
19 48 21 25
25 42 31 33
22 36 30 35
39 35 23 38
18 21 10 35
26 27 21 24
23 38 22 17
44 42 26 26
27 26 22 28
44 10 29 16
44 9 22 6
29 29 24 7
31 47 7 31
38 32 18 19
39 35 26 22
37 31 22 26
19 37 20 13
33 34 8 41
28 28 12 14
43 13 2 20
8 38 16 42
39 29 25 24
28 20 19 17
21 29 10 38
22 32 20 21
23 18 14 28
0 34 5 32
20 28 12 33
31 28 18 36
42 19 20 30
32 30 24 9
47 3 4 39
10 46 21 1
43 11 21 34
37 29 31 24
32 32 17 4
23 27 25 30
14 47 28 26
25 45 32 39
32 37 19 12
20 49 18 27
25 35 15 3
42 12 19 3
13 33 5 19
32 26 33 21
21 35 26 37
44 14 15 3
33 31 25 28
38 18 22 28
19 25 10 38
15 43 29 23
23 32 27 25
34 46 24 17
21 24 28 21
45 9 12 38
35 26 15 17
37 30 15 42
25 36 27 43
21 35 25 4
42 9 26 23
23 34 28 13
24 31 28 0
43 10 35 9
35 47 21 11
43 11 24 10
11 45 14 3
24 25 0 27
46 15 23 6
13 26 24 5
25 29 16 45
44 16 11 39
23 29 18 25
35 43 13 39
39 3 21 9
39 9 20 32
31 30 15 32
43 28 34 20
35 45 1 35
17 29 21 47
23 29 6 25
10 45 24 21
40 5 6 16
21 32 17 11
30 46 18 12
34 33 20 3
19 26 26 24
37 25 33 5
24 34 19 3
40 9 25 32
41 9 9 18
32 36 28 0
46 13 6 48
35 25 25 7
48 14 24 8
25 30 22 17
45 13 22 2
