50 165 14637 800
17 27 39 31
22 15 48 16
9 10 43 36
18 8 49 14
18 8 31 23
36 3 44 32
42 22 36 22
28 19 11 33
21 10 43 24
21 8 41 30
31 25 38 34
18 32 17 14
21 8 7 32
33 34 40 16
43 1 8 32
37 44 47 18
2 10 15 39
25 13 40 30
22 5 40 36
47 24 12 28
23 36 15 41
35 38 36 26
20 2 11 32
31 9 13 36
36 34 13 35
4 5 41 34
43 49 14 9
26 33 8 33
34 5 32 44
39 39 43 12
31 17 17 33
48 33 38 13
24 12 48 21
28 20 26 40
29 4 13 25
38 17 20 31
27 28 46 23
11 36 36 35
36 32 36 20
41 13 22 25
40 34 17 27
10 45 14 30
19 5 13 31
5 48 39 31
23 6 14 29
5 11 11 33
29 16 24 19
47 34 39 33
6 29 37 31
4 20 36 30
37 10 41 31
25 12 44 16
20 5 38 35
3 42 7 11
35 12 29 15
25 1 43 30
38 23 38 28
36 18 4 17
29 39 34 32
43 39 25 33
33 2 48 27
37 0 17 30
22 7 37 31
19 1 28 40
22 16 10 29
13 28 37 30
40 33 7 28
32 37 47 22
13 17 41 33
26 8 42 32
26 13 38 19
17 48 27 11
9 23 39 32
25 14 13 40
26 7 38 32
0 18 12 32
32 44 40 28
42 32 42 27
21 23 38 32
30 46 11 32
13 6 13 27
22 16 46 20
25 11 12 32
8 25 40 35
20 43 21 25
26 45 12 29
22 2 8 33
32 1 48 30
19 7 9 28
37 49 6 29
45 40 43 33
37 3 10 35
7 26 30 48
11 30 24 36
17 34 17 9
44 13 10 30
3 6 9 40
21 12 45 27
7 12 34 12
42 40 26 26
39 46 20 9
9 32 31 15
12 0 13 34
24 8 37 19
21 5 13 31
33 48 5 24
2 29 15 33
0 28 38 29
30 16 42 29
26 19 20 18
31 22 13 33
20 8 9 30
20 49 36 14
40 4 12 15
24 10 42 29
22 2 49 18
33 10 13 34
49 12 12 27
40 8 49 15
46 18 10 8
24 15 47 13
23 9 12 33
44 33 8 31
24 10 11 46
43 40 17 26
32 5 48 12
42 25 41 29
24 7 43 28
47 31 29 32
43 25 13 31
26 12 14 9
11 33 42 31
29 10 20 27
0 13 37 27
4 21 29 24
7 49 33 11
1 42 9 33
20 11 11 31
30 8 33 23
30 5 40 15
29 1 32 18
19 4 49 4
7 13 8 37
31 20 19 46
41 34 10 31
35 27 12 32
18 4 37 33
38 38 40 16
36 32 8 28
36 10 37 35
11 36 0 6
2 44 13 28
37 16 16 29
13 22 1 33
14 6 31 48
28 17 11 30
24 10 28 49
36 18 13 22
30 43 17 33
28 19 49 25
29 25 30 38
22 3 30 33
22 39 43 16
11 10 25 19
35 35 39 32
