50 62 13652 800
32 15 6 39
30 11 38 12
18 7 1 36
41 9 7 35
41 38 1 25
47 39 16 14
17 20 38 33
41 35 43 9
38 27 1 43
34 19 30 26
27 10 4 40
36 10 0 30
36 27 16 41
38 13 26 9
32 21 8 39
47 36 33 46
5 21 37 46
32 10 13 35
26 34 35 45
45 17 10 43
41 38 12 38
23 1 38 47
26 3 5 25
24 17 42 44
46 21 2 37
21 39 42 22
36 29 41 19
39 26 13 46
22 21 10 44
35 23 3 24
38 30 11 7
42 36 7 32
35 15 2 28
43 43 29 20
42 36 4 35
41 36 9 35
37 30 8 42
39 37 16 13
13 17 41 19
27 15 29 2
36 33 14 44
40 24 10 35
32 33 7 18
31 18 13 40
16 19 5 8
32 2 1 46
33 5 13 39
33 27 2 44
37 32 4 27
43 33 6 44
35 21 26 48
26 19 9 34
42 30 27 5
31 22 24 31
32 14 8 29
43 22 15 37
42 28 19 47
29 14 17 7
48 44 33 45
45 46 16 37
31 34 3 20
28 39 10 36
