50 981 16452 800
34 39 48 1
13 19 37 0
44 27 28 37
36 23 35 17
7 25 3 13
34 5 3 23
48 34 27 13
39 28 5 30
8 19 24 12
19 1 3 17
17 9 13 35
40 20 42 34
32 28 37 4
31 20 43 9
35 22 32 37
35 32 35 2
5 21 38 7
37 9 1 22
12 0 9 32
29 4 31 38
19 9 36 11
43 37 1 41
43 46 6 20
36 20 2 34
25 9 33 0
29 6 33 4
29 32 35 6
7 21 23 42
34 13 12 31
5 23 34 8
20 28 32 2
34 21 6 34
3 23 8 27
40 16 6 8
1 11 7 30
17 4 8 31
23 0 47 1
25 21 41 1
33 14 26 48
18 21 36 42
31 23 42 24
35 23 29 32
35 15 11 33
27 0 25 15
31 12 21 2
40 18 32 6
35 44 9 29
39 19 37 10
43 27 13 26
33 9 45 10
40 11 15 36
34 20 39 8
37 14 25 19
37 19 35 1
41 21 14 13
5 13 28 47
28 20 29 28
9 6 22 35
12 8 27 14
28 31 6 21
14 12 11 8
42 8 4 16
28 16 12 32
30 25 37 3
38 0 35 6
23 0 29 5
34 25 36 6
42 33 42 3
41 26 38 4
33 21 17 16
28 17 40 4
3 9 44 4
30 17 29 40
30 15 7 26
4 18 44 5
25 24 37 9
45 18 12 34
33 14 28 7
23 36 37 4
28 15 49 3
28 13 0 22
23 9 33 8
22 9 35 38
33 9 38 5
12 15 10 20
3 5 39 16
7 2 34 4
25 17 27 33
27 18 37 5
38 0 10 45
41 28 14 18
32 32 34 10
27 15 22 0
30 14 2 19
24 16 11 16
38 19 26 31
0 26 44 34
2 16 12 31
26 9 22 26
2 12 32 7
39 14 37 10
31 20 5 25
34 29 5 27
34 39 18 4
37 33 29 16
23 6 15 17
20 4 42 21
20 20 4 27
22 22 45 6
33 25 4 10
28 26 25 40
40 24 4 25
13 21 32 8
16 9 1 1
13 15 32 4
34 6 30 25
28 14 28 9
28 20 25 39
22 8 38 6
45 22 13 33
36 13 46 16
24 21 36 3
35 4 31 15
40 21 39 4
47 32 26 34
29 9 45 14
28 14 29 36
30 33 28 42
44 27 22 24
2 21 22 29
32 28 41 4
30 13 39 4
46 18 9 25
33 18 10 31
17 14 38 8
41 37 4 29
35 8 22 22
25 19 35 4
4 13 11 6
36 22 40 3
28 22 46 8
40 22 38 3
19 8 7 29
32 44 41 14
31 33 32 3
25 11 21 26
24 16 28 11
47 44 38 7
19 15 1 24
8 1 42 16
38 38 20 41
29 16 41 1
37 40 26 35
5 16 9 32
15 29 47 15
19 16 5 1
46 24 40 2
39 4 42 10
33 27 10 29
46 5 1 28
38 23 37 2
19 7 40 11
31 5 16 7
1 20 28 34
36 19 31 40
22 2 23 40
17 15 29 38
32 37 14 10
4 25 7 18
36 12 36 7
32 32 35 1
23 10 35 6
31 8 2 35
32 48 6 25
42 24 12 22
36 6 43 39
23 9 20 13
25 12 8 27
38 10 2 39
30 30 13 31
46 4 36 5
42 24 43 4
36 10 43 4
27 22 37 9
39 33 33 33
38 1 31 22
32 7 1 34
27 28 22 36
8 30 28 41
30 14 22 37
26 18 22 4
30 18 21 10
43 21 38 10
20 24 9 31
27 9 5 36
26 18 46 3
35 6 11 11
45 21 37 6
32 12 5 34
32 0 36 3
31 31 7 23
32 22 2 30
13 9 10 36
5 10 9 27
8 14 39 39
28 2 37 2
34 9 6 7
33 10 40 1
38 7 5 28
31 4 35 24
34 18 16 13
7 15 28 1
30 33 2 34
41 28 26 33
26 17 28 35
36 33 32 40
19 19 33 8
40 15 13 21
42 28 12 17
38 28 35 2
39 19 37 6
41 30 12 35
44 19 43 10
37 21 16 15
30 13 16 5
49 9 13 29
24 30 22 12
32 12 21 44
23 15 33 13
39 29 38 6
34 21 4 13
13 9 24 18
4 15 26 29
27 16 38 10
36 13 1 10
47 23 17 20
29 17 48 11
36 20 34 5
24 17 7 30
22 8 27 34
45 31 12 33
27 11 12 13
49 20 28 35
39 23 29 35
6 20 29 41
42 14 13 1
37 17 32 7
22 1 2 31
27 7 42 2
25 18 26 36
34 13 6 12
33 25 12 36
37 11 25 27
38 36 6 36
31 10 38 6
42 23 25 11
42 29 12 6
3 23 29 35
18 13 12 15
44 19 33 7
38 23 17 17
48 19 18 14
44 27 41 2
31 14 37 8
28 36 3 37
22 25 2 26
4 27 35 3
46 42 16 32
24 11 12 18
31 29 11 43
3 23 6 28
32 11 15 42
17 7 28 36
37 5 37 31
28 20 4 25
3 12 27 41
26 25 2 2
23 18 3 4
30 23 18 9
30 1 30 33
8 0 20 27
29 23 11 24
42 24 10 4
23 9 11 19
2 15 29 17
41 12 36 4
39 17 10 22
9 4 5 27
26 25 20 36
35 29 19 8
31 9 36 25
38 24 39 4
11 19 35 32
43 17 36 7
48 16 37 6
28 3 40 4
34 18 38 21
20 13 31 37
10 17 10 1
31 18 44 10
39 13 13 41
25 17 26 30
43 35 41 2
25 13 36 8
41 8 11 17
33 26 9 26
37 24 1 29
30 8 37 3
40 28 35 2
18 6 13 14
29 12 34 3
31 20 33 44
26 6 29 34
22 9 26 10
19 8 26 36
34 31 32 40
24 8 8 17
25 15 6 23
31 44 47 3
32 40 32 10
27 22 34 5
45 20 37 4
37 21 39 3
32 15 7 33
30 15 11 34
9 17 26 25
16 21 34 6
24 10 4 22
29 28 2 13
24 9 44 7
34 9 32 12
32 13 8 20
35 15 45 6
6 26 31 13
6 16 43 0
27 24 35 3
34 18 29 46
46 22 4 18
24 15 42 3
16 10 44 0
31 22 6 22
31 8 4 33
45 27 20 42
28 30 39 4
34 23 16 17
32 35 9 37
13 22 42 11
41 22 36 8
25 19 34 6
28 16 36 6
26 21 40 11
24 7 23 28
26 9 32 36
16 5 4 17
24 12 31 6
28 3 37 3
32 30 39 1
24 24 9 15
30 22 30 39
41 41 14 16
9 5 5 12
35 21 15 24
43 17 35 7
1 6 27 45
26 30 7 25
23 42 42 2
38 24 36 4
30 22 24 18
5 13 36 4
39 17 33 6
2 8 32 8
48 21 30 34
40 14 38 8
29 2 49 1
24 8 36 2
35 17 35 30
41 21 24 43
27 24 7 26
37 16 38 5
31 46 9 16
12 7 36 7
28 22 15 11
25 34 36 5
33 8 38 4
30 6 40 1
23 7 0 20
19 25 31 6
27 31 34 11
35 21 5 34
46 31 0 36
32 16 17 29
28 20 41 5
23 22 5 25
42 23 16 35
37 29 33 42
26 14 29 0
21 6 4 25
24 8 36 1
29 47 32 8
33 2 3 26
40 1 28 44
20 8 16 25
41 20 33 5
23 6 10 36
42 21 4 27
22 25 31 40
43 25 39 3
15 13 33 7
18 0 39 4
35 16 40 7
10 6 25 32
27 12 45 10
40 15 32 4
35 35 47 6
36 23 37 17
8 15 0 22
40 25 39 6
41 32 11 25
35 11 37 22
49 30 36 11
28 14 25 36
47 17 35 7
33 25 41 17
33 12 38 5
9 13 35 9
26 24 26 0
35 7 31 37
27 17 21 22
32 9 16 25
41 37 5 17
29 17 31 9
33 30 25 37
32 18 34 7
36 29 19 6
39 21 25 34
21 11 47 1
45 33 34 5
42 27 2 21
25 5 26 41
29 16 26 0
22 10 27 43
34 26 21 7
31 10 22 22
25 5 35 2
27 45 37 15
49 24 3 19
34 34 1 11
19 5 34 4
35 23 40 5
31 11 8 12
37 24 16 20
44 31 35 4
21 2 31 8
33 4 37 18
28 17 24 39
6 30 28 10
33 28 35 2
28 18 8 38
39 3 13 32
19 13 24 4
46 33 28 16
23 31 17 6
39 13 42 4
27 25 47 6
30 20 30 1
44 37 39 7
36 12 9 13
40 40 43 22
28 9 23 30
27 11 18 4
24 23 45 0
36 41 29 19
1 21 31 2
46 12 32 36
35 22 22 17
18 23 37 4
25 31 11 12
24 13 39 12
4 19 41 1
29 25 39 7
36 6 13 24
46 29 24 1
30 22 19 11
19 9 15 18
21 2 14 16
35 44 28 41
32 16 29 20
36 7 6 13
20 13 44 12
23 15 40 2
43 33 34 4
37 22 4 24
31 3 13 31
43 21 28 38
14 16 18 20
28 9 29 4
33 15 33 7
38 13 32 4
21 18 40 4
24 8 46 9
17 5 20 18
29 8 32 10
34 2 8 32
34 10 46 1
34 30 19 18
40 26 24 29
26 16 33 0
21 18 48 12
22 14 9 17
37 13 24 16
29 19 9 28
40 28 27 46
14 2 28 39
42 32 1 30
28 7 12 38
38 11 45 9
8 14 2 26
4 10 3 36
24 17 19 7
23 22 33 5
40 40 34 11
22 13 28 34
7 24 24 7
27 6 18 10
35 26 34 4
26 5 7 28
26 11 23 43
32 25 15 35
26 30 35 0
14 1 41 37
36 35 24 38
34 21 16 16
9 11 32 39
36 22 19 24
5 22 38 2
43 11 29 18
41 4 31 1
32 3 27 11
28 1 12 36
17 9 0 40
39 23 37 18
39 8 15 4
24 16 8 21
35 14 10 9
2 24 28 0
9 25 7 35
32 35 34 7
32 16 28 35
37 26 5 31
15 11 2 34
18 17 25 31
41 18 2 4
26 5 21 0
13 3 37 3
26 6 27 25
46 23 37 1
8 7 44 4
33 19 17 19
12 4 7 31
24 22 15 39
22 6 40 7
23 12 9 29
27 8 25 11
15 17 35 5
23 41 26 39
37 2 0 24
31 24 11 13
23 29 19 14
4 10 7 22
42 6 39 15
28 13 4 21
10 29 38 1
24 16 39 5
20 4 39 3
31 32 10 9
11 18 39 4
38 35 37 10
38 31 38 6
22 36 34 8
11 10 44 23
31 0 18 20
0 23 13 19
24 5 33 6
30 20 8 17
42 29 39 0
47 16 32 33
3 15 21 31
25 15 40 1
47 17 8 32
29 19 40 0
33 8 31 42
32 36 38 8
18 4 10 26
24 31 14 14
5 11 26 43
18 16 8 30
30 15 40 10
43 24 2 31
48 17 49 34
26 17 47 18
26 32 11 14
39 36 34 40
3 20 32 41
31 12 15 0
39 28 15 29
34 9 7 11
37 20 48 9
2 18 41 1
39 7 17 28
26 7 40 9
22 1 3 31
33 19 39 10
4 24 38 7
0 7 9 33
10 1 45 2
8 27 33 43
0 0 36 11
38 14 14 8
28 26 9 30
43 12 0 22
44 23 31 36
38 12 33 28
27 15 9 27
3 14 39 6
18 16 37 9
25 22 34 5
16 13 14 0
46 23 38 2
42 24 41 14
45 34 4 30
32 22 40 0
49 35 7 23
48 36 13 35
29 21 21 5
5 17 14 11
1 21 15 17
20 10 29 3
23 4 4 24
37 18 23 11
33 22 39 13
27 20 22 14
34 48 21 38
42 30 22 22
0 17 49 0
9 2 0 31
33 42 1 23
48 23 35 17
31 5 13 25
33 16 37 9
22 17 39 0
35 9 48 1
1 13 11 25
26 5 40 3
42 24 38 2
0 18 6 15
28 10 26 35
35 38 26 13
36 6 42 13
24 15 23 4
37 7 11 22
37 15 14 29
17 11 35 2
4 12 4 23
33 21 4 25
43 17 6 30
37 27 37 7
33 20 36 39
30 27 19 1
3 15 0 40
32 13 24 36
30 29 28 7
38 27 36 2
26 4 37 3
0 26 28 44
37 7 16 8
40 24 21 36
27 25 11 43
39 15 9 31
9 17 7 27
30 20 22 5
13 29 3 35
37 21 36 4
32 19 41 2
44 21 29 41
30 17 36 28
43 2 15 20
39 43 39 3
4 20 37 3
36 34 46 2
1 16 38 2
43 25 31 8
32 11 7 22
34 19 6 28
28 34 28 21
26 20 39 3
11 11 17 24
22 32 44 16
22 11 2 30
37 9 15 29
12 10 27 41
36 30 18 16
9 6 1 28
38 18 6 23
39 13 34 8
34 29 41 12
26 5 9 15
9 20 11 2
9 0 33 3
45 33 4 39
22 21 42 4
33 1 30 42
34 33 22 14
26 9 21 12
45 34 22 37
32 36 38 2
33 33 48 5
20 7 8 21
33 15 26 27
45 20 4 27
4 26 4 38
24 32 17 4
34 29 1 27
47 33 3 32
34 22 18 40
21 14 38 5
30 4 43 0
22 19 9 13
44 47 38 3
39 2 7 34
0 0 37 6
45 27 6 19
16 22 34 6
31 13 18 9
28 18 38 3
34 24 14 26
13 3 1 28
31 19 31 3
11 11 26 34
41 13 37 17
33 37 38 10
27 18 25 34
27 7 34 2
37 8 35 23
36 29 34 5
29 19 39 1
25 8 43 0
19 13 36 18
34 45 27 34
45 41 5 15
36 14 20 37
12 22 13 33
19 46 41 1
44 31 26 26
37 14 21 5
9 10 3 25
13 6 41 8
26 14 41 3
36 16 11 23
49 17 42 33
43 26 36 5
26 20 36 6
41 30 32 12
35 8 10 30
31 14 8 16
6 10 21 11
40 13 9 33
20 8 8 28
12 20 3 18
29 20 31 31
13 21 39 8
43 21 24 14
29 15 38 6
20 10 36 5
33 30 14 36
21 15 40 21
42 33 33 34
35 27 31 10
9 15 4 34
29 24 11 35
46 48 24 14
33 16 29 18
5 17 7 22
33 3 38 3
22 20 32 13
30 12 6 1
23 3 5 14
2 20 33 7
13 16 8 27
23 14 13 18
9 5 11 31
23 22 15 30
36 13 40 6
33 32 20 15
0 15 43 5
4 16 2 23
21 15 28 2
13 17 8 37
47 18 33 37
11 14 14 30
37 11 6 40
33 7 25 42
47 19 29 38
18 11 35 13
2 9 30 16
29 10 13 17
40 44 28 0
32 22 37 3
0 10 0 25
42 27 33 7
29 7 10 26
48 16 15 26
33 34 9 30
23 9 40 5
24 28 26 2
34 3 27 35
35 42 37 4
29 25 21 5
29 36 28 17
31 16 32 7
6 9 19 35
36 26 48 1
31 3 34 9
40 22 44 7
32 28 23 16
27 9 19 20
39 45 13 24
30 5 40 2
20 7 29 45
41 34 25 2
28 16 43 22
22 11 6 24
40 15 7 9
36 26 30 25
13 4 33 1
48 8 37 0
32 11 28 25
33 23 36 4
48 27 28 28
6 12 24 32
33 21 10 31
27 7 39 18
22 8 34 2
41 37 23 26
29 27 29 7
37 34 17 0
28 14 28 19
30 12 31 31
22 9 1 18
42 12 11 15
29 4 3 36
41 44 34 8
5 26 9 12
42 16 7 22
2 26 13 7
26 31 37 0
40 18 28 34
4 21 2 34
27 2 32 32
20 22 33 6
46 30 37 12
32 13 49 13
10 9 20 9
31 27 8 37
32 13 34 6
29 9 24 8
28 13 38 0
17 17 23 10
45 33 34 1
25 10 8 23
32 4 8 20
15 31 5 25
35 19 7 29
37 23 4 28
2 11 48 8
10 12 14 13
30 30 9 22
20 15 12 17
6 13 26 1
27 7 33 2
44 21 38 8
24 18 46 7
6 15 41 0
19 12 32 22
19 23 8 32
26 40 39 10
48 18 33 9
21 16 42 13
28 9 26 34
35 41 41 2
37 22 12 18
20 21 15 6
31 34 27 30
33 3 29 38
25 8 25 23
25 1 34 34
29 2 32 8
41 41 44 0
13 0 35 5
27 8 41 7
22 2 25 10
49 21 8 7
28 17 5 14
39 9 1 29
23 10 27 38
34 15 33 5
33 14 43 4
36 34 17 8
32 46 38 7
31 11 37 3
30 14 2 37
44 20 39 4
12 19 2 33
35 42 25 35
30 9 8 10
31 14 45 23
41 4 34 6
28 4 17 2
47 14 29 30
20 6 10 32
25 4 26 42
34 29 4 35
29 10 0 26
34 10 20 13
35 23 12 32
26 23 6 27
25 48 10 24
34 27 11 1
43 16 24 35
36 24 3 23
24 5 12 5
49 25 33 1
45 24 24 38
39 24 44 36
4 0 32 4
22 3 8 27
33 25 7 35
13 22 47 4
41 32 19 5
12 8 43 5
24 2 41 4
34 16 38 2
32 6 22 15
29 5 21 38
29 17 34 7
36 21 38 3
21 20 19 26
27 24 24 36
44 41 40 2
19 1 20 19
5 24 31 41
39 12 45 25
34 19 30 4
8 23 29 7
28 6 31 4
20 16 9 24
39 39 31 38
43 26 47 1
36 17 23 43
13 20 19 28
44 17 11 30
11 9 31 35
30 14 49 32
30 8 2 39
28 42 37 2
45 25 21 7
7 16 8 28
27 13 12 31
26 20 19 0
15 10 12 29
32 15 7 37
0 22 15 9
28 23 44 17
20 4 33 10
36 29 10 20
28 32 23 2
43 12 0 37
5 21 44 14
34 4 5 30
41 29 32 10
20 18 13 25
34 13 36 8
