50 53 16255 800
16 5 15 21
12 11 14 5
42 8 7 23
23 27 20 11
11 12 33 21
39 5 29 34
45 3 44 15
15 15 2 17
19 11 46 18
43 2 21 16
40 1 14 8
19 32 5 4
1 3 25 7
29 5 21 10
24 38 13 18
37 28 14 8
21 36 44 13
23 27 17 4
26 36 40 18
33 44 8 14
48 6 29 14
45 0 5 10
39 1 9 6
25 25 30 22
49 37 18 21
35 34 6 9
41 20 27 8
46 16 2 27
44 39 13 2
18 4 19 15
39 2 18 14
23 27 4 18
10 39 20 29
18 17 4 17
38 46 18 16
38 13 24 27
22 25 26 15
31 42 16 18
39 40 33 39
43 37 36 18
31 6 46 22
41 40 43 4
11 0 14 16
27 27 13 13
11 1 39 15
16 4 8 15
13 8 19 17
34 27 14 13
11 28 45 14
31 43 18 13
47 1 19 18
19 28 25 11
25 27 20 26
