50 390 12788 800
42 35 31 41
11 23 43 28
8 20 20 9
13 21 42 10
12 16 3 35
8 26 0 36
49 31 13 30
10 27 5 9
30 31 15 47
45 25 1 46
13 20 24 41
47 35 23 36
17 17 15 22
44 38 15 46
38 40 15 5
11 15 26 3
39 5 26 20
7 18 13 26
11 18 30 2
17 28 5 10
41 42 7 33
46 33 34 3
8 17 42 30
18 17 32 17
19 32 14 29
12 12 48 4
9 24 3 12
3 0 38 25
12 20 5 10
15 8 16 39
9 19 29 41
19 14 13 6
5 17 11 12
18 26 10 8
44 31 10 11
10 20 7 17
6 26 29 44
46 37 5 7
28 17 32 44
31 48 5 16
9 21 19 28
14 27 42 21
22 17 28 21
17 17 10 22
29 47 27 28
16 17 36 34
6 10 3 14
43 39 12 21
7 15 1 16
25 18 5 20
9 16 34 3
44 9 7 10
17 30 10 12
7 19 22 39
6 10 14 15
36 49 2 25
16 23 10 16
3 28 44 14
7 23 10 19
8 5 12 27
36 19 43 2
13 21 9 26
7 17 28 12
36 49 10 13
16 19 16 14
8 11 24 7
11 28 9 38
11 11 24 34
47 45 29 43
9 18 24 1
46 23 1 15
17 22 27 49
9 28 2 19
10 16 34 38
15 22 3 16
16 15 5 13
2 23 20 7
29 43 4 16
10 25 5 9
4 19 9 30
14 18 11 37
10 12 1 19
19 24 29 37
12 26 9 15
30 36 9 10
40 45 6 15
40 9 32 31
12 14 23 20
7 25 30 45
32 48 44 39
8 30 9 13
10 17 24 6
13 20 5 14
7 26 0 14
7 21 6 15
29 48 12 47
12 22 3 40
8 26 11 42
15 30 25 44
12 20 38 31
3 30 26 43
6 28 45 26
11 27 21 49
20 24 14 23
6 28 33 11
6 20 10 9
15 14 28 34
13 14 18 8
6 29 10 11
15 22 26 47
11 18 1 27
9 16 45 44
40 24 11 29
17 27 13 21
8 17 27 40
9 19 34 18
11 20 2 0
49 45 14 6
30 9 4 30
4 28 3 9
9 17 39 15
25 6 12 15
15 15 16 31
25 10 32 11
19 36 12 15
8 28 27 7
14 14 0 1
18 27 30 3
11 18 44 18
16 13 10 9
14 16 19 45
12 21 14 9
3 18 31 15
13 18 16 40
4 24 24 7
42 24 37 36
35 44 5 11
41 43 13 22
8 25 9 20
46 28 13 17
35 36 6 23
6 28 2 7
3 25 25 12
11 10 18 45
10 13 15 18
8 16 37 26
5 10 19 10
10 17 25 11
45 46 40 5
19 21 26 21
1 23 31 41
11 29 35 19
5 26 4 11
36 47 8 10
12 20 8 16
8 23 45 16
13 24 48 40
9 26 40 27
15 13 11 35
8 28 46 23
3 27 30 42
7 28 35 34
8 19 14 25
12 5 4 13
44 36 7 7
40 17 8 36
13 19 28 27
6 26 15 29
7 12 18 28
41 27 15 25
15 6 6 5
12 18 2 48
43 49 26 39
9 20 12 11
9 23 10 9
9 28 25 24
26 25 2 14
2 14 8 29
5 22 13 14
14 16 7 20
44 32 22 4
11 20 23 22
47 29 8 4
38 41 13 25
21 10 29 48
26 3 35 11
10 27 29 21
41 21 8 12
39 41 31 26
28 36 9 23
3 15 34 19
8 24 40 40
1 18 12 11
20 36 10 28
38 12 31 48
13 18 8 12
21 31 2 41
2 18 11 43
12 22 46 49
7 29 42 0
14 23 44 6
38 36 14 14
47 29 11 20
42 5 33 47
12 16 48 41
8 2 9 9
11 27 33 47
44 13 18 9
23 8 33 46
41 37 7 17
37 45 12 10
40 33 9 10
48 49 41 5
40 14 16 23
7 15 13 10
32 43 36 24
11 26 33 27
7 38 9 5
7 29 26 44
6 30 7 42
10 17 3 25
10 12 32 18
14 12 25 46
23 17 28 5
13 11 24 35
13 17 10 26
17 26 28 46
2 27 30 30
9 20 9 4
7 26 43 44
11 22 25 21
9 17 13 33
21 13 32 17
12 17 23 5
19 30 10 14
17 21 8 10
4 27 11 14
10 29 37 9
12 16 42 46
4 16 13 30
14 21 19 17
9 25 2 17
27 48 34 43
17 8 26 46
6 31 27 35
15 22 4 11
49 25 0 39
9 6 10 28
25 6 3 8
14 12 1 49
6 22 39 28
5 26 1 32
11 21 36 47
8 8 14 31
14 21 23 27
3 16 35 17
3 29 22 41
26 17 30 40
24 31 8 14
25 7 26 26
11 21 13 28
17 21 6 27
20 15 16 11
31 43 4 15
19 30 14 30
8 18 22 47
7 29 1 43
10 21 47 39
6 26 14 21
26 3 18 49
13 20 20 11
10 32 6 22
14 25 4 10
43 36 29 49
43 43 25 18
31 17 4 16
17 11 4 23
17 27 34 32
9 21 6 13
5 21 0 49
11 18 6 22
28 41 35 14
38 45 1 1
43 46 16 16
13 27 10 21
44 8 31 8
13 21 36 11
13 21 14 28
5 26 7 22
23 23 41 3
13 13 18 1
31 33 4 13
14 27 13 7
15 13 32 15
9 18 14 7
6 0 8 31
21 26 7 23
4 17 14 47
7 27 36 17
3 28 28 41
37 34 5 15
9 22 2 11
12 25 6 18
7 26 24 37
45 47 4 6
30 41 2 24
31 36 10 26
20 14 13 33
16 26 11 15
11 25 7 27
16 16 39 46
10 17 10 12
10 28 6 23
44 46 38 35
13 34 33 34
7 26 2 23
5 26 1 18
11 15 31 7
2 16 45 35
39 18 3 44
7 21 36 15
17 19 29 10
5 20 10 16
28 40 29 21
0 24 7 8
39 43 2 27
11 25 11 10
9 27 43 0
13 14 1 8
39 41 31 22
14 18 4 26
7 22 22 7
8 27 33 37
17 17 5 12
3 30 39 18
35 47 31 38
14 16 16 48
3 34 34 38
9 20 2 13
43 23 39 46
8 25 4 20
5 25 18 11
48 31 20 47
13 8 25 4
13 23 16 41
29 10 49 2
9 25 32 41
4 17 7 15
33 29 39 48
17 23 16 37
8 26 35 8
7 16 5 9
18 40 31 12
25 10 11 17
14 10 38 41
17 19 29 41
8 21 7 1
6 28 19 10
35 46 27 46
19 18 14 26
21 14 23 30
4 48 38 13
29 19 7 31
10 32 36 47
47 27 27 14
20 22 7 6
34 31 8 13
11 24 27 41
10 25 16 8
37 0 7 28
39 44 6 31
27 24 3 9
3 24 18 12
7 25 29 30
13 13 0 5
20 15 14 30
16 19 6 22
10 21 0 13
14 15 7 26
7 20 29 46
35 36 33 41
45 28 34 9
40 25 4 21
9 27 16 12
24 7 36 46
16 24 28 40
9 25 27 12
40 34 7 11
19 17 45 25
5 27 49 14
