50 153 18371 800
36 1 12 17
36 47 11 18
26 23 9 34
21 23 6 4
5 41 0 1
27 5 10 35
31 31 19 15
44 24 32 28
30 4 39 25
23 21 27 49
19 17 48 32
26 6 37 39
29 34 8 16
24 46 0 4
24 46 23 26
12 28 7 36
34 6 12 7
29 27 44 32
32 36 1 26
20 48 43 32
21 32 1 14
11 3 45 27
40 47 16 13
29 0 20 2
38 43 43 35
39 47 7 3
2 48 19 8
29 14 5 1
48 30 6 9
26 15 2 0
41 2 0 27
38 10 1 1
30 11 45 24
49 11 3 8
44 15 7 32
14 13 17 39
34 4 0 1
45 7 8 13
6 37 48 35
42 9 0 6
25 13 18 0
40 18 7 19
38 21 1 7
35 14 17 10
32 25 29 13
33 25 49 33
23 46 44 36
33 31 43 37
14 41 9 19
34 47 46 25
25 49 2 32
24 27 0 1
37 9 0 31
35 31 5 2
42 43 44 22
24 38 43 30
15 33 0 40
2 47 41 28
10 9 18 35
8 41 25 16
41 8 9 33
8 32 44 25
15 5 29 3
40 1 12 5
30 26 44 34
19 49 27 22
24 41 34 35
17 1 5 35
43 47 2 12
31 41 30 12
39 12 3 7
32 5 20 29
29 25 48 37
27 20 39 30
33 48 3 11
31 27 28 46
47 18 3 38
7 43 40 35
47 11 36 30
14 31 8 26
18 24 4 0
41 48 2 40
18 23 10 39
24 12 5 2
8 9 43 34
14 39 9 7
29 23 6 3
40 23 27 34
47 11 11 46
48 43 42 26
25 41 16 11
44 39 42 43
34 12 1 6
47 18 19 39
39 46 48 26
27 43 39 27
37 12 48 22
30 7 1 28
42 23 35 39
48 43 39 21
6 45 3 17
27 5 37 43
46 32 6 3
37 44 25 43
22 21 7 4
21 12 36 34
15 37 48 28
20 28 14 10
14 22 10 2
22 34 0 2
16 20 42 39
27 3 48 27
15 42 39 19
36 36 0 5
49 49 32 49
37 48 40 29
14 42 11 44
33 2 9 2
46 22 0 3
42 41 48 24
0 28 3 33
33 17 22 44
18 2 49 33
23 7 2 33
38 38 17 25
30 49 11 40
29 14 14 28
46 21 38 24
49 46 45 27
17 28 9 19
14 44 48 16
24 34 13 19
15 18 42 27
38 13 5 1
14 30 6 37
37 7 13 39
23 35 46 29
30 3 2 6
30 8 42 37
9 26 21 25
23 45 0 30
14 43 6 36
35 23 47 30
25 45 2 40
36 12 1 29
21 22 3 10
27 0 44 21
33 20 6 1
49 30 38 36
18 45 30 36
46 21 17 10
27 31 18 46
26 8 43 29
