50 869 19771 800
42 31 31 46
35 49 42 39
5 26 29 38
26 48 42 3
7 16 10 4
34 46 48 37
29 41 4 29
25 12 2 33
22 42 6 18
11 37 27 46
12 27 14 1
15 10 2 3
25 48 3 47
27 46 6 43
5 45 6 4
17 24 4 39
38 41 0 36
0 36 29 39
49 34 37 36
22 47 12 3
28 44 3 35
17 26 46 36
23 45 5 45
6 31 3 38
18 48 17 24
35 47 38 25
12 21 13 9
2 9 16 9
26 46 39 24
32 49 49 16
12 33 1 35
25 46 18 4
18 26 7 47
27 44 20 19
3 7 1 36
22 37 14 1
33 43 44 44
9 13 46 30
25 49 9 43
11 37 45 41
32 49 47 41
24 47 18 39
24 44 12 4
3 45 42 35
12 7 1 13
5 15 15 5
21 28 48 19
3 11 11 14
34 42 16 29
24 45 13 3
19 36 34 39
2 24 30 7
46 37 7 41
6 36 0 23
5 21 40 32
0 32 34 14
4 17 24 26
7 23 37 28
15 26 7 7
23 45 42 38
30 44 9 4
25 45 6 2
22 23 40 33
22 18 1 8
14 17 15 41
18 0 20 13
28 24 23 14
27 43 18 4
23 43 9 6
31 22 3 22
2 43 14 8
27 48 7 4
14 23 17 34
14 35 33 23
23 9 29 27
23 13 4 42
17 43 9 2
8 27 10 9
22 45 14 36
24 45 25 27
33 44 43 42
5 11 9 1
40 46 20 1
14 9 5 48
11 46 13 22
34 46 5 3
23 29 42 24
6 41 41 27
11 16 49 25
26 32 33 36
7 13 13 28
2 15 18 9
19 38 15 2
1 13 24 17
11 45 20 16
26 32 12 11
38 41 48 40
23 45 48 9
14 10 45 5
26 42 6 12
3 30 1 20
36 47 38 44
14 25 4 35
34 48 38 40
25 40 6 44
23 17 34 34
14 20 43 35
29 37 41 29
0 32 4 45
33 49 5 1
17 46 1 37
44 13 21 23
30 49 12 8
17 29 4 41
5 32 6 44
3 16 3 38
6 0 13 24
16 39 5 33
15 6 7 13
3 4 18 4
14 29 1 20
16 21 11 6
14 31 31 20
21 18 3 1
16 48 13 2
34 47 24 21
2 44 31 5
15 8 6 1
5 39 23 34
11 49 30 2
3 27 35 41
36 48 35 14
11 11 36 20
36 44 23 39
35 16 6 10
46 38 7 5
2 15 43 40
34 49 12 4
4 0 36 49
13 10 28 30
5 5 5 35
7 12 40 36
13 29 38 5
7 29 45 2
47 40 12 4
30 47 3 36
12 3 23 23
33 41 28 10
20 25 16 3
38 38 5 2
17 41 3 44
12 26 40 44
11 34 32 22
24 46 49 22
37 44 47 27
27 47 11 14
23 43 9 16
20 28 45 37
27 42 9 2
22 20 6 9
0 49 0 43
19 7 27 8
9 29 3 8
14 24 14 48
28 16 5 40
42 44 5 40
19 48 36 48
10 29 3 38
0 47 2 33
13 14 41 35
30 32 11 6
17 20 12 1
11 25 35 37
27 48 48 23
44 43 2 35
20 20 32 35
15 43 45 4
7 11 46 23
12 12 3 15
25 7 10 4
17 19 14 26
1 10 10 10
31 45 20 35
26 49 37 26
16 14 37 7
20 3 16 21
34 26 45 37
9 18 36 43
26 47 4 42
6 30 0 39
11 14 45 4
14 48 12 42
12 36 45 18
17 20 12 28
21 7 9 10
20 15 21 25
15 8 26 4
28 41 12 2
25 47 3 7
7 23 39 37
39 44 7 14
15 45 9 41
20 46 45 41
14 21 2 41
0 44 19 24
26 44 6 8
9 30 12 8
8 18 6 41
29 43 32 48
25 47 4 49
9 4 37 11
11 18 45 49
12 9 12 17
26 44 32 38
2 8 46 31
28 49 8 17
23 45 44 36
23 20 40 35
11 13 47 9
13 20 10 2
2 17 29 16
9 4 37 15
17 18 17 8
22 12 46 35
17 45 10 0
34 39 1 40
0 45 13 26
32 33 11 37
3 2 40 3
4 30 15 10
49 0 23 9
30 46 21 25
6 38 40 30
25 23 3 8
12 7 2 42
14 43 47 47
36 47 40 36
40 40 6 5
15 2 15 14
35 43 7 34
22 30 33 12
32 49 6 47
2 19 39 39
8 38 9 18
11 44 3 36
13 48 37 43
30 46 3 15
21 16 16 1
19 13 35 10
44 3 38 39
8 34 2 32
8 14 5 10
32 16 20 26
0 11 21 40
33 46 15 26
29 44 16 3
32 47 18 1
2 16 47 37
36 40 21 18
3 2 40 14
20 1 47 13
23 42 9 25
33 45 44 34
20 29 3 4
14 36 5 30
21 32 3 39
16 20 4 26
35 49 31 7
14 0 31 23
16 22 5 7
32 47 49 43
0 20 35 13
31 40 49 41
22 43 32 32
7 5 5 46
2 33 39 39
3 35 10 40
47 20 3 24
9 37 21 8
29 43 9 7
24 46 14 3
13 18 7 34
17 26 44 25
1 28 44 31
29 26 23 8
24 43 5 15
5 10 0 44
22 19 19 3
20 42 28 10
15 3 36 28
25 32 19 7
11 30 49 35
35 30 10 35
2 8 43 39
21 44 6 4
32 48 9 11
29 41 10 39
10 46 2 37
4 41 17 3
39 44 38 34
44 24 8 1
6 29 39 36
5 7 44 35
1 2 6 19
26 49 7 40
3 20 41 36
5 30 45 9
18 20 23 11
23 27 46 4
0 1 0 12
11 8 30 25
6 16 1 8
9 47 10 6
22 24 33 16
0 8 32 10
19 16 47 38
20 14 15 34
20 47 4 30
30 46 6 12
44 41 13 43
29 42 4 42
42 15 2 32
0 22 40 44
49 40 16 20
21 8 13 17
29 42 18 40
43 46 7 36
16 34 31 28
11 20 13 2
29 48 25 32
9 48 40 41
12 24 34 40
28 43 1 39
19 26 31 35
10 23 18 27
29 13 3 41
46 25 35 40
30 22 15 12
30 38 10 25
16 31 46 32
17 21 26 35
4 14 11 37
13 49 4 44
47 36 35 37
29 46 19 33
9 14 31 31
27 15 47 25
13 37 11 48
11 29 41 42
36 24 45 17
25 39 26 11
15 49 12 25
13 22 4 10
3 40 41 46
13 27 46 28
29 41 20 1
21 21 14 13
41 49 4 23
0 5 8 43
14 35 43 9
17 23 24 5
11 37 20 0
33 45 3 7
9 15 15 23
7 45 48 43
26 23 39 45
19 48 34 23
40 48 0 42
30 47 31 24
31 46 3 32
32 48 3 35
6 23 17 17
22 41 9 2
17 39 41 35
6 41 11 5
39 31 22 7
27 47 24 3
11 45 12 5
47 47 1 38
23 48 25 7
21 16 12 12
18 34 16 2
39 38 34 25
24 46 1 11
15 7 0 39
10 27 11 32
4 28 8 37
22 47 6 29
41 31 9 8
32 37 35 11
9 30 48 40
18 36 15 30
10 44 37 39
3 30 7 3
22 48 0 47
11 32 8 3
26 45 8 38
29 11 5 13
16 43 6 42
11 22 7 5
24 17 0 9
38 27 8 24
22 47 46 35
45 45 4 7
26 40 37 40
6 44 8 41
10 23 24 40
22 22 3 28
23 5 21 46
30 43 34 29
49 44 11 0
9 22 41 2
27 49 13 40
25 22 8 6
8 26 5 35
13 20 45 46
25 30 3 42
6 11 44 34
20 21 15 7
12 5 31 18
19 49 40 35
32 48 35 6
6 9 26 0
16 44 17 12
43 37 8 47
0 29 42 30
33 22 7 6
25 39 19 1
15 47 9 40
8 43 7 28
27 43 5 39
3 12 48 26
1 3 34 36
17 31 3 36
11 33 21 2
15 23 6 2
3 21 7 3
6 34 32 42
26 45 17 2
9 33 45 43
3 40 0 34
17 23 15 0
19 28 9 32
24 44 15 2
34 45 0 42
22 48 14 1
28 43 21 7
0 16 6 3
28 48 19 32
9 27 14 39
23 45 41 39
12 42 5 33
18 27 41 39
28 45 15 26
27 38 5 28
22 46 47 37
4 13 11 13
26 38 5 5
23 47 7 5
23 30 11 17
32 46 16 9
10 32 37 34
25 46 6 9
24 10 9 14
49 46 1 41
4 21 11 39
21 28 17 1
24 39 21 4
29 47 28 27
3 24 1 41
20 46 35 36
43 19 21 26
26 47 23 6
25 46 18 11
25 41 30 2
40 46 49 33
26 42 15 9
1 31 17 6
3 13 6 35
31 46 49 32
27 44 28 37
38 48 42 27
21 47 10 15
31 26 46 37
33 39 31 43
9 22 24 47
10 5 14 29
19 21 48 42
32 49 42 16
19 2 49 31
26 48 4 48
5 13 13 5
20 47 4 29
9 22 47 39
44 16 30 11
18 39 14 35
19 36 14 45
22 47 37 37
8 43 38 37
48 32 14 27
5 22 9 7
22 47 9 1
25 49 17 1
12 16 10 41
13 26 1 49
5 11 47 5
23 46 4 10
33 46 11 16
15 49 18 24
3 29 41 35
23 43 14 45
20 48 0 44
22 48 7 33
30 35 9 33
15 6 3 39
4 0 9 38
43 31 5 40
8 25 49 8
2 4 5 44
7 30 22 18
13 24 20 16
9 35 26 11
8 11 46 13
10 20 36 43
6 7 0 40
24 44 6 40
26 47 1 13
0 16 11 2
10 45 7 39
15 46 47 39
27 43 6 30
19 20 19 25
13 43 3 1
14 27 7 17
13 28 13 8
32 42 27 18
3 38 6 0
17 19 1 18
10 2 46 36
21 13 8 29
28 48 48 47
31 44 45 45
9 9 23 15
22 45 41 34
3 24 45 9
5 23 3 1
12 5 38 40
26 48 24 33
28 45 14 4
23 40 11 33
28 15 35 37
21 28 48 46
21 19 48 29
18 46 7 4
35 38 2 32
4 28 5 4
29 49 31 22
1 32 41 27
12 9 2 31
4 4 44 43
20 33 36 3
23 49 41 13
9 12 42 41
4 9 32 34
26 48 47 15
18 37 6 34
29 47 10 31
18 17 10 3
0 48 34 35
11 10 11 0
5 33 10 5
15 16 46 32
4 15 22 11
21 38 37 5
9 28 8 44
24 19 0 44
5 10 1 9
20 46 9 6
17 36 4 42
7 19 20 2
28 10 16 9
36 49 2 38
9 39 22 10
7 30 32 33
7 28 35 10
15 30 16 1
25 42 4 44
28 36 41 39
21 36 2 49
36 44 13 5
31 42 1 44
8 7 11 12
37 46 16 3
26 49 7 18
3 28 38 49
11 32 6 13
15 30 23 9
16 26 26 26
17 22 47 6
31 48 14 2
14 18 4 12
44 27 13 27
5 19 19 13
25 45 23 5
12 36 31 44
25 42 40 35
15 24 42 25
17 36 15 1
28 49 27 0
42 33 26 22
9 30 15 3
27 48 26 36
11 33 1 43
21 42 19 1
3 13 13 4
24 47 38 42
14 25 21 20
9 3 5 38
23 20 6 42
13 20 6 4
23 17 22 11
17 14 15 4
7 14 43 31
25 46 41 44
26 37 2 15
38 8 1 26
12 24 30 34
35 41 10 44
23 44 15 4
11 16 40 7
8 37 15 7
9 37 45 31
25 45 13 7
33 43 19 38
17 10 5 35
29 47 24 5
4 39 11 6
19 46 6 36
10 7 31 19
5 48 12 12
4 25 11 7
27 48 28 41
26 39 35 42
7 19 15 24
44 31 38 34
20 39 17 41
1 18 33 14
6 14 46 35
19 27 13 1
30 42 37 31
8 48 45 43
36 47 31 25
28 45 2 46
42 34 17 1
36 43 4 44
21 43 36 31
12 8 15 29
32 44 2 8
31 48 7 44
32 44 5 26
13 26 21 11
18 17 30 20
12 21 21 17
8 33 37 14
19 32 47 43
18 31 16 2
24 0 6 15
29 45 46 29
9 17 15 12
25 43 42 27
25 47 47 47
24 49 35 40
3 31 7 0
22 14 16 4
35 41 23 4
6 16 18 3
29 38 34 33
0 27 18 40
31 46 16 4
20 12 11 23
25 46 6 21
25 43 20 1
11 31 0 12
43 25 49 41
12 30 14 25
25 31 0 34
20 48 18 3
19 16 9 42
1 8 49 38
9 13 43 33
12 18 3 2
46 35 24 18
31 32 42 42
25 39 43 34
15 39 1 45
30 48 16 44
12 31 30 29
33 43 8 1
28 47 7 40
23 8 45 44
18 19 18 34
19 17 36 13
27 43 5 24
34 48 48 49
8 17 35 39
3 23 44 33
1 1 7 18
26 34 8 8
30 44 33 37
18 25 9 10
28 49 16 6
23 45 20 47
17 48 9 10
29 35 12 35
10 13 8 7
19 13 4 3
27 46 19 45
27 45 9 49
5 38 36 29
34 49 37 37
9 13 7 16
22 1 12 1
25 46 37 31
14 33 1 4
27 46 8 39
12 18 18 46
18 12 7 12
3 19 43 5
44 46 20 31
7 27 10 10
15 21 4 6
24 46 38 8
1 26 13 4
33 34 2 4
21 33 15 11
13 37 3 41
27 42 19 3
21 44 17 1
16 13 38 20
27 9 33 6
5 15 39 28
12 23 13 4
29 49 41 14
20 42 0 41
17 11 6 32
29 40 9 0
25 19 0 13
25 49 4 35
2 16 5 34
11 41 14 1
19 8 0 29
33 45 46 35
4 34 5 40
17 24 19 39
7 1 35 3
28 46 1 33
2 12 16 10
38 41 4 32
30 0 27 27
3 1 12 0
12 23 34 45
26 3 47 21
8 41 37 26
19 13 17 25
5 20 22 21
12 39 45 16
5 16 36 19
42 45 7 37
12 40 1 49
46 40 39 20
18 31 20 13
28 46 42 9
8 14 41 26
8 49 21 10
1 3 29 39
46 42 15 38
34 37 13 30
29 49 34 12
7 37 13 8
11 26 44 49
41 31 33 40
27 42 10 41
30 44 6 14
23 49 44 5
20 47 10 39
21 40 19 4
0 15 40 31
22 48 45 36
29 45 35 33
34 48 18 35
34 45 17 4
16 30 11 49
23 34 43 42
29 48 17 12
4 14 5 9
20 47 35 38
16 8 8 6
22 47 12 25
15 30 42 39
8 47 13 9
18 33 18 6
15 19 5 49
39 46 46 30
8 24 6 48
28 48 19 14
31 41 15 6
47 15 2 1
16 31 3 44
26 44 8 11
22 49 27 27
18 17 40 38
27 49 11 1
33 44 29 33
4 48 17 13
1 22 31 22
21 32 22 37
33 48 10 28
17 22 34 5
14 46 18 8
23 23 11 18
22 21 40 34
1 27 19 36
6 48 39 41
12 17 37 41
35 45 1 35
20 49 35 7
23 43 16 36
42 39 39 37
1 37 40 42
29 47 22 12
1 0 48 32
14 24 39 35
19 14 44 6
26 46 8 10
26 22 49 27
11 20 13 2
9 8 44 6
28 48 38 26
18 27 48 34
22 33 21 22
12 14 47 40
11 18 3 24
24 15 13 1
24 45 7 16
24 49 11 46
35 33 3 1
0 38 2 7
20 28 37 28
14 37 16 26
8 39 32 26
18 10 9 21
33 49 35 37
8 35 1 49
28 49 23 12
24 47 3 40
0 18 42 46
38 49 44 41
3 15 8 8
17 12 7 16
19 44 46 43
2 4 7 49
22 26 28 43
10 15 24 8
11 22 1 47
18 29 7 12
25 42 8 14
33 45 29 40
28 48 46 49
22 0 4 24
