50 195 11323 800
21 7 4 13
46 44 45 13
21 7 38 13
1 32 37 22
32 27 28 3
18 24 12 46
13 31 12 17
7 10 48 31
5 36 32 10
15 0 26 2
41 18 11 21
16 15 40 36
21 33 49 4
9 42 43 29
13 38 39 13
0 44 28 10
1 37 34 48
18 23 42 6
2 36 33 12
7 40 48 30
26 30 27 6
17 26 28 7
2 33 49 40
47 3 44 28
46 23 18 24
26 27 41 33
39 16 32 8
15 19 32 6
21 39 39 43
3 40 40 34
21 5 15 5
14 28 22 19
43 17 37 26
18 14 23 41
48 22 35 4
38 45 35 30
27 27 38 16
14 39 24 24
4 44 30 7
4 39 38 9
48 27 24 8
10 42 42 39
3 14 36 47
16 49 36 32
3 39 40 41
48 8 48 27
12 35 26 10
4 33 34 44
0 39 46 46
10 38 44 5
18 36 14 16
13 39 26 36
1 34 33 26
20 35 32 13
7 30 40 31
5 38 28 33
5 47 5 40
32 42 33 46
1 35 17 35
6 48 36 2
10 36 49 23
11 46 42 4
14 6 45 11
48 6 40 5
17 8 32 38
17 46 45 35
8 43 37 11
11 44 42 37
8 36 25 16
0 43 46 35
16 4 43 36
48 18 18 17
7 34 36 11
15 41 41 38
18 36 44 6
49 30 41 20
20 34 47 39
43 24 18 14
39 42 44 43
36 14 26 18
21 40 39 36
21 15 46 32
13 35 33 9
17 25 18 43
21 25 37 13
40 16 44 32
33 10 47 15
13 10 36 26
30 40 28 24
31 16 37 6
22 21 41 39
30 8 14 4
8 48 35 47
47 25 48 36
17 11 43 37
40 47 46 34
17 2 29 19
3 34 39 8
1 45 27 28
4 48 34 26
5 42 45 31
5 39 19 20
10 40 20 41
17 11 45 24
13 20 35 43
14 37 28 12
16 35 33 6
30 40 49 37
2 31 41 29
13 42 24 3
48 39 36 11
5 38 32 16
6 40 43 10
7 32 24 10
18 2 36 11
2 32 43 45
9 32 30 3
5 33 30 10
3 38 17 28
1 45 23 18
35 41 11 26
12 33 42 42
19 41 2 24
8 42 42 32
21 46 49 27
12 43 48 35
23 27 47 33
15 38 27 21
3 42 42 2
1 46 33 13
13 49 28 37
4 40 33 18
4 34 14 7
2 42 36 26
38 18 35 7
16 7 45 16
13 43 41 11
13 47 43 35
49 18 37 46
41 30 46 36
14 26 45 31
34 29 40 31
5 35 44 33
17 6 22 10
12 23 49 36
3 32 9 15
6 43 35 12
20 37 28 12
9 15 15 15
19 36 30 31
32 16 34 49
8 43 23 30
30 40 32 27
2 43 24 23
22 35 25 6
26 31 36 48
41 11 35 45
14 32 45 45
24 48 44 33
0 35 39 31
9 49 41 47
5 29 33 13
0 43 21 49
16 15 25 24
21 42 35 7
19 38 10 2
26 39 38 42
37 36 36 9
5 38 31 15
40 10 32 11
7 29 42 1
45 15 35 13
28 39 24 32
30 2 31 46
18 19 31 4
3 38 42 10
32 31 2 17
3 40 20 21
26 46 32 15
24 43 35 45
15 11 43 31
0 27 33 24
11 22 41 27
14 21 27 7
6 41 33 9
13 21 48 43
17 3 21 20
8 32 27 17
10 49 42 17
7 37 0 8
8 18 24 23
15 31 4 15
31 19 46 20
5 41 41 15
2 33 43 34
