50 785 19334 800
24 10 19 32
34 31 17 7
44 33 5 29
34 42 23 38
1 16 25 34
48 15 41 3
43 40 10 8
46 25 9 4
40 28 25 25
42 47 37 3
10 9 36 4
40 37 46 6
40 3 31 26
47 16 47 5
42 44 41 3
4 10 38 1
16 6 11 4
32 40 30 10
38 39 45 6
46 30 42 13
47 24 19 32
25 18 22 31
41 42 22 28
43 31 41 4
6 5 18 26
29 0 31 48
44 29 26 30
40 42 35 0
41 39 3 4
8 14 43 5
36 9 38 3
38 41 16 38
19 11 19 29
39 43 39 2
30 4 42 2
43 28 17 4
39 39 23 29
49 25 42 9
33 42 43 5
39 16 19 32
41 41 35 7
17 14 22 43
19 3 12 5
47 37 34 40
30 4 16 40
0 25 7 10
16 9 40 5
35 40 41 3
1 14 37 0
28 12 40 49
47 9 6 1
35 48 15 32
44 26 38 2
17 17 42 6
39 39 6 28
45 18 24 32
44 36 23 31
37 10 15 38
45 10 22 6
10 0 17 29
32 3 28 19
15 23 37 0
21 1 43 4
44 39 16 43
43 16 7 1
39 41 20 28
7 15 20 36
18 19 15 29
40 20 21 7
11 8 20 29
37 37 24 33
35 16 38 1
23 24 30 43
42 44 21 34
29 7 11 4
10 17 22 38
2 3 37 37
48 22 15 2
38 48 43 24
28 25 39 8
45 43 9 6
19 15 14 8
35 14 15 23
49 23 36 2
42 42 19 39
38 38 14 2
37 44 45 7
32 14 39 2
41 34 12 1
38 27 3 9
47 35 45 11
41 37 30 0
31 1 26 43
35 15 33 3
29 0 43 11
12 8 10 2
41 15 13 37
5 10 8 4
45 23 20 33
35 42 20 35
47 28 13 1
39 23 36 3
29 24 13 4
38 39 28 30
39 44 40 0
44 47 35 3
25 8 8 32
7 5 32 2
48 16 33 3
1 20 18 3
32 18 35 1
10 8 18 26
41 14 11 2
38 22 11 8
19 2 9 6
39 8 15 8
34 4 25 44
30 5 17 40
8 0 23 35
49 9 12 3
31 42 20 0
32 7 29 40
42 5 35 3
9 10 42 7
34 13 37 0
13 27 7 0
37 34 35 3
30 3 39 2
36 41 19 39
18 5 21 38
22 24 13 8
0 9 21 31
19 1 29 36
38 38 30 22
48 2 37 2
13 23 30 43
43 16 28 34
39 36 8 9
40 5 23 40
28 9 18 30
13 4 26 32
36 17 23 0
4 6 39 6
42 17 16 34
24 35 14 3
20 6 45 4
45 38 21 22
49 13 36 7
45 20 22 36
26 26 10 7
41 43 18 46
40 39 15 1
46 23 10 6
0 9 44 11
39 39 14 20
36 43 38 2
47 19 15 23
12 11 38 42
48 0 42 38
41 22 16 0
47 18 21 16
24 11 12 5
39 39 41 4
8 9 25 32
39 45 16 33
16 10 20 21
42 26 36 34
37 38 38 8
37 42 40 6
18 18 37 3
37 14 15 27
41 26 11 7
38 40 39 0
36 19 15 6
26 1 9 44
38 43 42 6
49 21 12 17
39 4 32 1
46 23 44 12
8 5 45 20
43 19 24 24
38 17 35 6
41 7 15 9
34 40 21 39
41 38 41 27
45 35 19 26
35 3 6 5
39 41 16 3
24 23 34 23
29 4 14 15
14 9 10 13
2 18 45 11
3 1 12 9
28 13 17 24
40 11 36 1
34 38 40 2
29 23 24 37
18 8 37 0
44 20 19 0
28 1 34 2
39 36 12 0
46 26 23 34
41 37 16 0
45 12 8 5
49 12 25 39
29 2 38 5
39 35 9 7
36 36 27 32
10 27 12 3
31 12 37 2
40 15 33 32
22 3 48 47
20 5 35 29
37 40 11 32
43 17 32 29
38 15 36 2
34 19 15 34
19 33 9 12
37 24 25 19
19 18 37 4
36 16 32 1
7 5 13 34
39 14 18 9
22 6 13 34
33 44 34 0
35 1 8 6
35 3 20 31
37 34 12 29
25 4 20 41
38 18 9 1
9 5 22 27
44 34 35 37
4 9 18 29
38 1 15 5
32 17 35 1
18 18 27 44
47 18 32 30
38 47 40 5
27 10 17 1
11 12 12 5
49 17 16 32
42 3 17 29
43 7 16 7
42 37 36 31
23 29 20 25
37 41 21 29
27 13 37 3
43 42 17 8
28 6 15 7
26 1 26 35
42 15 15 3
36 42 10 42
42 44 19 35
25 10 40 8
39 40 33 1
41 37 10 5
38 47 10 9
41 33 13 0
14 4 25 16
39 36 11 0
43 0 18 41
43 39 13 33
38 41 16 34
39 40 39 2
11 1 21 28
44 32 7 1
39 39 18 46
25 15 30 4
43 16 35 4
36 37 43 2
38 24 27 9
49 19 21 27
35 40 25 49
42 42 41 0
41 45 29 26
28 7 43 0
6 6 34 19
21 6 23 39
38 28 14 26
25 17 16 6
49 27 25 41
44 38 18 29
1 25 37 1
40 45 24 32
47 9 9 3
1 12 20 32
5 5 17 6
41 4 46 10
48 25 17 5
43 37 12 3
10 5 40 13
41 36 46 43
16 0 32 4
17 10 21 43
36 42 19 29
0 9 36 2
41 17 39 7
40 41 36 3
45 10 16 7
10 5 17 11
39 41 28 10
37 32 27 42
17 5 40 1
40 48 26 34
3 1 10 4
39 30 38 3
6 3 8 21
46 15 16 30
38 24 14 6
40 41 16 4
20 8 16 33
33 43 38 9
49 7 27 29
40 35 18 31
43 20 9 0
21 23 8 6
41 10 23 39
23 10 34 48
7 30 30 26
17 1 39 5
41 44 16 36
42 18 25 31
41 16 49 39
33 7 39 4
19 3 26 42
45 11 14 1
33 9 21 28
39 39 8 8
42 22 15 28
38 45 11 9
33 33 22 41
41 25 35 49
37 42 35 7
43 41 41 7
32 39 8 16
23 16 16 42
41 37 44 9
46 6 10 1
12 6 18 43
38 28 9 2
2 19 13 10
40 42 37 38
31 17 13 14
1 6 39 29
37 35 24 35
48 15 9 5
38 11 8 27
40 18 35 4
23 21 40 0
42 5 20 31
29 7 14 4
49 24 35 2
31 9 38 1
20 22 15 33
45 43 36 24
10 4 38 0
36 37 35 1
13 6 26 27
39 42 27 27
28 15 27 24
17 7 36 35
37 18 36 5
43 42 14 7
41 39 19 1
40 29 14 30
48 18 14 0
36 6 20 9
9 43 18 36
33 25 37 17
38 26 25 33
4 3 40 2
49 18 11 7
10 23 16 4
31 38 18 6
4 29 19 33
40 25 12 1
42 9 10 9
44 38 38 0
18 2 10 0
8 14 18 6
32 10 48 14
48 27 12 28
22 20 38 5
47 0 39 1
2 15 29 20
44 11 16 47
35 39 34 4
40 22 4 8
21 23 36 0
39 38 20 34
30 11 39 5
39 39 18 7
7 0 16 34
43 31 5 1
14 24 15 2
23 19 29 19
22 8 15 8
44 38 5 29
36 19 41 4
41 28 33 3
43 27 14 4
49 25 37 2
39 38 38 3
21 32 18 5
4 14 26 14
40 24 38 3
49 12 36 0
2 9 19 3
42 16 15 37
40 23 19 30
39 33 30 29
46 16 22 42
37 41 17 11
18 19 38 0
41 14 35 37
27 38 34 1
17 20 40 2
22 30 41 2
40 24 9 16
22 17 19 35
17 22 38 4
40 35 42 1
1 20 25 41
15 4 22 2
45 24 15 1
43 39 14 5
2 4 15 4
29 14 11 7
37 40 20 30
34 43 38 2
41 37 22 37
44 44 25 38
35 39 18 4
41 21 39 1
27 1 8 5
16 12 40 2
47 13 22 35
41 40 41 18
47 4 31 17
39 15 38 2
38 38 36 44
37 42 14 4
46 24 19 0
40 40 24 29
24 5 29 36
43 42 7 3
49 18 38 0
38 42 2 14
37 42 12 41
37 6 44 3
9 19 24 35
9 22 11 12
38 39 19 43
39 40 21 36
43 41 34 2
45 22 35 0
39 38 39 1
41 40 38 0
36 33 25 40
35 16 44 3
39 28 16 5
29 6 17 37
47 21 38 0
41 4 20 9
41 34 37 44
14 15 7 3
42 37 15 29
36 39 21 34
16 4 9 4
38 40 24 28
36 47 18 2
26 10 16 32
46 21 9 7
9 16 13 40
41 43 33 13
7 6 11 11
16 12 23 33
45 28 22 26
1 5 38 3
31 4 11 20
38 36 18 6
38 43 17 0
40 43 22 32
48 10 24 26
47 23 32 49
39 40 13 8
42 22 38 3
29 41 32 47
40 34 29 29
24 13 21 38
40 35 38 3
33 5 19 41
46 44 33 27
6 9 17 30
43 35 6 0
29 11 20 27
11 2 39 2
41 39 13 46
37 42 14 7
33 41 16 26
40 29 43 8
45 20 13 21
49 12 12 4
24 24 24 29
46 36 37 1
32 11 11 0
16 17 25 40
42 36 9 39
32 7 34 32
43 25 35 19
44 39 25 28
17 18 29 42
39 22 11 6
49 39 23 9
2 3 21 7
39 35 25 27
46 15 3 1
35 43 37 1
18 11 17 33
40 38 41 1
37 20 42 2
33 36 17 1
49 3 29 9
38 33 10 47
40 42 6 2
45 21 16 3
19 0 1 7
38 40 37 2
32 37 18 5
0 23 25 37
44 14 15 2
2 2 25 41
17 21 36 46
42 41 36 1
38 40 39 6
2 9 17 5
8 11 39 13
37 43 3 4
43 31 22 37
38 3 15 20
42 44 35 5
13 11 14 6
34 5 17 26
43 45 21 26
39 43 36 1
47 25 12 1
42 37 14 7
20 6 33 3
34 39 32 2
41 34 31 0
43 12 14 6
41 37 38 2
21 10 41 0
34 43 17 22
43 39 35 7
42 39 7 6
41 12 12 9
41 38 16 2
38 11 2 30
43 13 17 34
43 6 41 9
29 8 46 8
36 40 29 0
37 39 29 13
11 9 15 10
38 23 13 8
48 25 11 7
18 1 16 8
43 38 42 7
42 16 14 8
48 18 32 38
46 5 36 5
39 38 14 18
18 15 8 5
44 2 30 26
6 9 16 7
19 1 26 3
39 8 8 7
41 41 14 7
0 4 35 40
39 25 24 8
36 42 33 36
35 6 11 31
40 43 14 2
43 10 16 35
46 44 47 4
38 43 16 0
49 7 32 5
36 43 10 5
29 15 42 7
38 5 30 31
36 41 38 4
44 40 29 26
35 8 27 49
37 34 28 28
39 40 30 25
41 35 28 18
4 4 15 3
42 39 25 27
6 18 7 3
6 10 40 45
13 9 14 34
45 46 23 31
27 15 36 1
37 39 18 3
23 2 38 1
36 46 45 49
41 17 31 33
24 16 40 8
22 33 24 40
38 38 13 36
40 33 6 1
35 38 31 12
47 22 37 4
42 43 17 2
31 42 26 34
6 12 28 25
37 36 37 0
45 21 20 33
39 45 14 28
42 43 40 0
39 37 19 9
5 5 38 1
38 20 23 15
37 36 3 32
1 0 9 44
41 36 12 3
47 20 16 2
40 42 24 48
36 38 12 17
41 15 26 32
40 37 34 4
12 0 35 1
24 19 46 6
41 42 15 31
37 43 17 7
35 17 38 6
45 43 35 46
46 3 19 0
16 10 39 0
46 28 12 1
40 43 21 2
38 6 44 6
36 41 15 37
39 38 29 31
49 33 14 22
42 38 8 5
40 36 31 24
39 39 15 2
22 18 18 34
39 36 16 29
36 38 20 45
24 6 17 30
31 3 7 14
40 7 12 4
38 28 27 2
20 12 37 3
16 0 21 33
42 1 23 18
34 35 10 1
4 12 34 0
38 37 15 0
44 16 30 49
26 1 14 31
43 21 13 8
48 29 28 25
43 21 42 4
48 23 37 4
35 39 40 3
7 37 23 19
11 27 17 32
19 6 23 45
37 41 33 37
46 14 11 0
6 13 24 38
6 0 16 5
43 42 49 13
4 18 22 7
40 4 13 5
20 5 37 3
40 14 18 33
3 15 14 41
49 9 18 38
41 37 19 30
40 33 15 11
8 13 20 37
1 8 12 41
34 26 24 22
40 24 13 10
41 43 23 40
38 42 19 38
41 22 8 16
12 3 8 6
15 10 22 31
46 25 38 3
13 22 29 38
23 13 12 8
40 49 19 8
39 11 21 30
48 23 6 36
8 22 15 41
7 28 41 4
38 36 39 1
10 5 5 2
11 8 21 9
37 39 36 1
34 45 46 6
40 41 17 1
42 37 35 1
36 1 18 32
18 7 42 6
46 36 20 33
26 3 40 21
28 9 21 32
17 7 9 8
20 2 32 31
29 28 13 9
35 14 30 0
46 22 45 2
32 10 13 4
40 41 17 36
39 38 44 9
42 29 22 15
39 41 8 7
19 8 9 10
8 30 18 29
45 25 15 28
44 24 17 8
46 23 9 7
41 18 39 23
41 41 14 41
43 14 38 35
10 13 13 2
39 20 9 6
19 14 23 32
35 44 16 3
8 0 22 36
39 40 17 49
40 15 37 1
28 5 19 23
37 37 16 0
49 9 14 4
36 45 6 9
35 49 20 29
39 39 10 7
25 19 14 24
46 26 43 45
38 5 20 0
30 4 33 13
34 41 37 1
17 30 44 22
9 2 21 6
46 40 10 6
13 32 36 37
38 34 16 0
42 15 44 8
19 5 33 4
32 22 18 31
43 12 15 8
42 13 37 2
48 3 13 36
34 45 12 27
32 24 31 32
22 2 15 12
38 20 41 0
48 19 14 2
40 37 12 40
41 19 36 1
41 40 17 6
11 29 33 0
34 0 13 6
37 14 30 42
14 13 47 3
36 42 17 36
22 3 9 1
42 18 36 0
46 24 22 26
18 13 15 35
37 37 15 8
40 18 15 45
32 19 36 6
49 22 36 0
45 19 34 0
40 14 4 14
0 14 41 2
