50 60 12029 800
24 38 19 36
15 26 10 41
48 2 21 30
28 41 26 29
42 40 29 5
23 37 7 46
22 36 40 7
34 13 29 12
33 49 8 20
23 36 19 27
19 14 10 8
39 45 0 46
25 38 18 13
20 36 24 35
1 8 18 5
6 16 40 18
30 36 8 46
11 5 17 31
29 3 6 16
9 6 36 17
6 16 8 44
19 38 25 47
21 36 34 16
18 19 28 19
37 48 16 18
8 2 12 21
36 28 7 45
12 14 30 39
27 33 6 10
44 37 26 14
28 33 15 39
24 37 6 8
43 43 1 47
24 38 10 2
24 34 27 26
32 46 5 17
22 11 9 23
19 36 30 1
25 31 11 43
42 7 28 3
22 37 25 34
12 25 21 20
19 37 32 38
33 37 12 39
33 48 1 46
39 43 25 38
17 6 36 5
12 8 22 21
22 36 25 14
41 8 48 27
39 41 23 42
26 38 21 47
29 35 0 49
9 9 22 49
20 37 19 32
14 15 38 37
3 14 21 30
28 35 0 45
17 38 24 10
16 41 36 34
