50 164 12686 800
20 35 36 17
25 5 26 29
22 33 29 15
44 47 29 19
41 33 12 4
25 32 32 27
42 27 40 44
49 14 15 36
31 44 11 2
36 16 10 34
16 20 24 32
44 32 29 14
30 32 20 12
27 25 10 3
20 28 29 37
18 29 27 19
8 31 28 3
14 34 26 31
31 26 30 22
45 21 7 41
15 26 20 32
20 5 22 46
17 31 5 46
23 19 26 8
34 23 13 35
33 33 40 14
24 16 18 0
43 40 32 12
38 26 47 41
34 28 1 28
25 30 14 26
11 40 13 34
40 38 23 39
39 8 23 34
30 33 21 0
30 15 16 8
11 35 22 6
19 21 20 6
33 30 7 2
11 23 23 15
41 19 23 9
3 33 24 13
15 22 36 20
32 12 32 28
30 39 21 13
24 18 48 35
26 45 41 12
24 33 6 5
25 40 38 18
32 45 26 35
47 39 3 42
16 28 28 48
42 29 22 36
35 32 41 13
27 25 18 38
42 25 34 47
33 17 46 34
39 35 43 45
9 26 31 8
26 21 36 42
26 18 8 37
42 26 44 34
44 26 48 31
29 43 40 32
33 29 14 40
27 29 7 21
42 26 29 11
25 29 29 35
22 9 34 18
16 38 17 46
29 36 16 3
12 43 6 28
15 30 19 5
33 32 8 24
15 27 34 0
38 37 17 47
27 17 35 10
24 43 13 47
48 28 1 16
39 26 40 6
44 21 23 44
25 29 6 26
21 21 45 37
33 37 28 34
23 15 18 6
25 24 37 10
29 38 3 9
18 42 47 17
36 37 16 9
21 42 43 22
48 25 29 22
23 37 30 7
27 28 2 12
26 14 7 31
30 31 21 39
35 26 8 45
28 5 15 21
17 22 0 40
25 28 19 8
43 28 43 8
16 5 25 45
22 14 41 19
24 25 5 31
22 22 29 44
20 23 24 12
13 3 16 41
40 14 29 12
11 26 34 29
7 27 11 38
40 24 10 41
18 39 13 45
24 30 43 24
10 22 8 7
37 9 8 25
31 47 43 16
44 38 37 24
18 30 22 12
44 36 17 15
31 38 18 37
21 36 1 33
43 25 29 36
15 19 12 39
38 41 30 11
39 39 33 2
23 28 27 11
22 31 33 15
45 34 30 43
34 34 13 6
17 22 18 36
30 15 16 36
36 3 14 25
35 42 12 44
15 41 24 38
26 36 23 40
33 44 42 23
30 9 14 29
21 41 33 9
25 17 3 33
21 44 28 29
45 36 37 23
14 25 5 35
23 27 17 35
39 29 20 3
40 29 17 2
17 42 13 1
47 46 42 15
15 21 15 33
42 28 35 36
28 19 13 7
27 31 32 13
26 46 37 43
30 6 12 1
46 9 16 4
45 2 27 9
24 30 48 22
33 14 29 11
31 24 4 36
18 26 22 7
20 23 9 9
15 40 44 38
19 23 30 18
26 11 6 2
34 15 27 17
31 26 12 26
