50 76 16085 800
47 18 23 3
29 8 27 29
46 14 25 30
44 12 40 25
4 35 19 29
24 19 22 43
46 21 21 22
46 24 36 2
45 11 21 1
8 5 32 32
19 20 32 42
30 12 17 41
15 25 24 35
7 16 15 21
40 19 23 9
17 34 33 4
10 21 40 16
28 9 23 20
26 4 43 38
28 46 25 15
7 19 36 32
25 45 25 20
37 6 31 22
27 19 21 19
37 4 31 21
48 15 7 13
8 22 18 24
26 14 10 9
13 26 28 31
13 26 33 10
45 25 35 25
8 2 28 27
41 22 36 18
49 12 18 23
47 14 44 10
23 39 21 3
30 1 22 40
44 21 23 25
44 2 10 36
30 16 21 24
17 36 35 1
1 13 11 15
11 47 40 22
34 33 44 10
14 20 31 24
41 18 20 20
8 35 32 30
48 15 16 12
30 8 33 32
39 14 23 26
32 28 17 13
0 24 39 25
17 32 17 47
48 22 20 24
40 35 39 23
45 17 11 1
7 45 25 25
32 4 21 26
15 11 37 34
8 19 34 15
9 14 30 26
42 14 21 16
30 21 19 38
2 4 23 20
38 45 43 6
13 4 23 35
7 30 23 14
29 6 19 12
41 16 30 0
39 47 26 21
6 11 43 23
14 21 17 45
45 19 35 27
14 33 25 6
5 1 28 22
32 9 46 44
