50 681 19175 800
1 19 31 18
31 18 27 14
9 0 49 30
8 38 39 45
45 23 41 28
46 21 41 5
35 32 48 25
19 30 33 2
34 31 40 45
15 41 41 7
24 19 31 19
47 7 20 18
8 2 39 34
10 18 21 34
7 1 46 21
5 21 22 15
6 23 33 21
34 23 44 45
8 0 32 49
44 12 44 3
5 11 41 47
45 11 28 15
48 16 17 17
20 26 25 16
3 45 36 16
47 28 24 2
32 27 35 14
27 29 48 5
45 3 15 5
25 27 41 44
44 21 37 5
18 44 6 17
37 8 13 27
6 4 32 6
6 0 20 10
4 21 41 3
49 1 47 17
48 17 35 35
6 2 42 4
8 0 15 20
8 4 16 25
20 6 18 2
12 2 25 12
13 4 41 48
47 19 39 44
22 39 42 47
47 11 46 29
0 12 33 10
37 0 39 29
49 25 30 10
48 6 18 49
43 16 39 46
49 6 32 5
1 17 42 42
16 37 22 7
41 29 24 10
45 25 9 44
24 32 40 43
34 29 24 10
7 20 40 10
18 26 19 1
10 20 5 15
14 20 32 23
9 14 36 14
31 20 49 30
28 30 39 36
12 27 34 31
21 27 18 11
34 10 45 10
21 26 42 47
29 38 19 11
8 31 30 13
47 15 44 33
46 7 29 26
49 2 2 6
45 5 21 6
9 1 49 31
49 9 34 33
18 36 32 19
0 29 46 22
48 28 16 44
5 0 35 33
8 9 40 19
13 0 31 9
8 15 20 40
47 9 39 31
4 26 29 5
44 1 23 21
31 17 13 30
27 27 42 22
1 15 43 46
30 26 40 6
44 6 17 9
11 1 49 46
13 8 37 6
32 23 29 26
39 4 32 14
19 29 33 16
17 40 22 48
30 30 33 26
11 49 19 21
15 33 27 31
10 43 43 35
11 40 5 16
44 8 27 11
41 29 29 15
5 42 32 8
7 16 28 2
27 26 45 43
40 11 27 21
19 34 2 47
37 19 31 8
31 41 29 14
8 20 20 46
20 34 24 7
28 30 18 44
31 31 32 10
29 25 40 36
10 12 33 5
49 3 43 44
16 43 21 16
46 33 20 10
9 0 35 44
19 35 31 12
44 10 23 21
36 11 46 10
14 38 42 3
9 7 25 25
30 27 43 25
27 5 28 17
39 6 45 38
47 10 21 6
12 31 43 35
35 26 22 25
49 17 41 45
46 22 38 22
23 36 44 34
25 42 0 21
34 4 44 22
37 19 24 12
34 35 14 24
49 11 9 10
25 25 43 35
45 30 6 27
17 34 40 48
43 12 22 3
24 23 16 18
10 5 37 41
11 44 25 5
9 40 25 22
48 12 27 16
28 28 23 4
47 31 28 16
1 18 31 9
24 16 12 44
30 30 39 40
5 20 28 4
28 26 24 20
41 25 23 23
44 20 24 6
23 32 36 19
43 7 29 31
44 14 33 13
35 27 45 47
41 24 23 10
34 23 39 44
8 26 12 47
16 37 27 21
21 36 38 45
23 32 47 42
9 0 23 7
46 27 32 19
22 22 33 24
11 44 30 24
47 25 26 49
49 20 6 44
17 40 42 7
10 28 22 2
46 10 26 3
7 9 48 3
11 19 39 43
23 9 35 10
45 29 37 48
13 38 36 18
29 37 22 6
28 24 25 19
6 14 44 33
38 30 48 12
15 9 32 13
15 41 18 47
6 45 22 18
40 8 25 20
39 1 26 5
16 40 37 48
4 39 25 7
14 28 40 26
42 3 44 24
34 44 27 17
40 8 26 44
30 28 42 6
30 37 24 17
39 31 25 38
10 28 33 24
4 18 27 39
27 28 17 48
30 11 31 26
8 2 21 13
28 25 17 40
23 24 22 15
25 22 28 33
24 13 41 34
6 5 48 25
28 20 29 12
16 24 45 35
8 12 7 20
6 2 41 47
11 43 41 11
9 11 18 31
29 42 47 18
44 7 41 32
46 16 44 43
19 28 30 1
47 17 20 9
7 2 29 8
30 24 3 16
20 42 15 42
21 37 44 45
24 30 11 27
10 3 24 1
2 15 45 7
48 4 25 40
41 27 43 44
15 43 27 20
24 22 41 43
45 7 23 9
8 0 26 23
30 24 46 26
27 27 32 20
25 33 5 36
46 10 34 27
34 19 49 25
13 17 22 8
4 7 43 32
30 29 20 0
7 23 49 41
19 43 18 38
14 23 48 40
6 15 47 30
29 34 28 8
23 30 30 19
35 30 38 26
31 29 39 32
9 17 24 41
45 3 1 11
25 15 27 2
48 6 25 12
2 42 37 23
20 43 45 29
39 8 34 23
17 21 46 27
27 24 7 46
38 17 33 34
7 0 22 4
17 22 34 14
36 0 47 46
15 18 8 12
24 27 25 20
35 29 44 36
17 1 30 15
15 37 25 45
11 2 25 12
45 9 33 17
7 1 43 44
12 20 45 9
4 30 24 20
43 30 20 6
26 34 45 24
42 12 25 24
29 22 19 17
44 25 39 46
25 29 24 18
36 5 45 47
0 18 8 10
20 3 47 49
22 27 33 14
30 27 19 8
45 5 42 12
6 15 37 20
21 31 45 28
2 26 34 41
27 23 36 19
45 11 49 32
23 31 6 20
32 40 4 21
48 13 29 18
20 30 48 46
9 4 39 19
25 30 30 8
15 17 26 17
39 11 27 32
47 23 47 45
28 25 11 19
4 30 22 13
44 9 35 17
43 28 1 7
1 23 42 26
6 0 42 47
49 12 24 6
3 19 41 46
23 15 48 39
45 9 49 17
5 18 29 19
45 7 21 0
5 14 35 34
48 26 22 6
48 24 23 2
3 7 43 26
7 20 30 7
24 3 28 17
49 7 26 12
23 35 47 44
8 41 4 47
39 25 28 10
9 37 41 28
40 6 14 43
35 10 32 5
49 24 38 43
46 5 39 47
4 21 41 7
46 19 29 15
41 7 34 0
45 9 33 1
4 3 40 48
49 9 30 9
47 21 47 27
12 28 32 12
7 3 17 32
48 8 17 1
44 6 24 9
31 4 38 13
9 5 31 10
6 28 11 35
46 27 47 21
3 22 13 24
22 46 26 11
23 13 28 21
48 9 28 15
24 37 9 27
45 28 15 12
29 14 38 19
49 10 28 23
29 29 28 40
19 29 14 46
38 25 49 32
9 40 23 0
7 2 39 9
8 1 41 44
26 32 33 14
22 3 45 20
3 20 41 33
41 28 36 12
7 19 23 0
9 24 34 15
0 38 45 28
3 34 37 0
13 48 19 7
41 16 27 36
5 15 38 38
9 3 32 15
38 9 32 31
30 26 24 19
1 17 3 25
3 23 41 36
27 34 40 40
8 12 10 39
25 1 26 7
8 1 29 30
3 37 43 16
26 25 28 13
33 5 12 8
45 32 22 9
10 3 34 37
45 19 41 29
6 2 34 20
20 29 23 40
45 18 13 33
17 31 33 14
14 39 22 34
23 28 46 35
29 31 36 42
7 2 28 14
26 44 49 44
44 18 0 17
48 22 42 28
40 14 42 46
30 32 9 28
31 12 22 6
17 34 46 40
14 34 44 37
23 46 32 16
25 4 34 45
11 3 23 33
32 47 19 15
11 44 37 9
37 3 22 3
47 29 28 19
45 8 29 8
43 24 27 0
43 12 39 15
45 24 39 43
40 11 17 0
3 20 35 13
15 44 40 12
7 41 43 46
42 3 22 10
1 45 30 3
39 4 14 40
43 26 14 23
11 20 43 9
13 18 36 30
21 25 34 2
28 39 25 19
24 25 22 49
44 6 7 25
22 30 45 44
38 17 24 0
46 13 46 44
46 10 32 22
17 45 36 11
27 28 9 31
49 16 43 41
8 18 27 4
8 20 43 41
23 35 18 4
12 30 18 6
41 22 43 36
8 2 36 3
36 11 39 20
47 18 28 14
10 14 45 29
1 11 32 22
7 1 29 21
23 41 26 49
38 7 30 18
5 18 40 47
13 43 33 2
25 30 39 7
49 22 12 21
13 22 44 37
37 32 25 6
47 8 21 23
34 37 40 26
13 45 40 23
3 23 26 19
28 32 47 46
11 40 38 47
38 23 34 8
31 25 21 5
3 31 39 44
19 34 41 43
28 23 37 41
14 29 41 40
44 29 17 22
22 31 30 9
43 20 44 15
22 0 29 8
4 22 38 19
12 23 23 39
47 5 9 41
13 46 37 5
23 34 36 11
23 27 46 43
7 31 41 42
3 19 33 43
32 24 42 13
9 5 37 32
9 4 34 15
31 33 32 0
44 21 45 44
7 7 17 2
19 35 13 32
48 11 31 13
23 34 40 34
16 32 17 11
0 19 43 44
1 23 46 25
45 6 5 26
44 7 17 21
37 16 28 4
23 28 43 20
42 6 5 20
8 3 32 17
12 1 32 10
42 19 42 44
38 9 4 4
28 31 22 3
11 2 36 37
26 30 49 42
43 11 42 43
49 2 45 31
41 20 37 14
47 23 29 37
48 17 23 5
7 1 48 23
16 36 27 14
5 40 36 15
30 24 28 14
37 12 35 19
39 25 28 23
14 39 26 11
34 35 37 29
11 3 36 15
42 14 24 12
19 34 39 2
25 5 38 21
29 27 36 19
14 43 29 14
48 10 17 3
16 7 40 30
0 31 15 11
46 22 44 1
41 15 17 3
5 33 31 19
47 11 21 2
42 23 23 4
47 7 20 49
7 41 24 5
45 20 43 45
18 18 40 42
7 38 25 18
15 32 10 19
7 19 31 8
25 24 35 18
15 38 40 12
25 37 22 45
27 47 39 38
25 42 32 11
5 10 29 24
21 25 24 29
33 30 42 46
6 46 15 43
17 33 23 6
2 25 19 11
19 30 42 43
21 27 33 1
8 28 40 44
28 26 49 42
47 12 36 31
47 10 23 10
43 5 48 40
3 1 36 31
21 8 25 2
26 25 37 27
16 28 27 19
16 43 35 7
12 9 41 45
7 37 39 46
36 7 36 21
43 13 22 11
5 22 18 4
20 30 49 28
25 33 43 27
49 10 34 14
27 24 16 1
44 32 36 8
40 5 25 19
47 7 46 16
30 23 38 3
40 7 1 41
14 9 35 27
7 30 48 31
44 20 39 31
24 24 40 43
47 12 21 7
16 35 32 18
31 26 29 0
49 32 45 30
7 25 29 24
9 33 27 33
45 19 41 35
38 12 46 23
20 33 39 0
6 26 38 46
3 25 41 44
32 31 29 11
20 30 32 6
38 11 38 38
1 16 27 14
7 15 16 34
32 40 33 47
21 40 25 8
6 37 42 8
25 45 41 24
16 20 34 43
42 14 21 29
38 12 14 12
22 0 34 30
3 22 43 40
25 29 30 1
7 5 23 16
21 33 48 32
28 26 42 14
19 34 46 41
5 27 34 0
20 39 43 42
44 12 16 14
17 10 33 21
44 10 28 26
1 37 45 23
13 30 23 16
4 6 34 19
25 3 21 25
5 12 22 2
45 10 27 11
47 8 16 15
17 49 31 10
47 19 47 12
17 31 45 39
46 10 38 2
30 36 25 0
18 27 26 8
3 5 25 38
4 25 19 2
28 26 35 29
1 21 40 7
42 25 26 18
5 34 28 15
48 18 2 27
5 1 42 10
7 22 39 45
45 24 49 0
20 5 48 39
13 12 23 35
24 25 30 5
0 29 35 13
38 22 29 7
18 39 40 43
48 40 33 14
49 16 13 17
41 24 23 4
43 23 42 11
27 27 10 36
20 30 22 24
44 25 7 15
12 21 49 49
46 8 37 24
24 30 40 33
17 41 44 27
0 0 42 46
42 20 40 46
37 24 42 44
15 40 40 47
49 18 38 8
1 27 41 44
23 31 48 32
49 6 37 29
16 32 31 26
48 7 24 2
25 34 30 22
48 24 27 15
42 20 27 9
1 3 22 24
16 27 33 42
47 12 22 14
29 40 18 45
27 22 49 45
21 38 43 10
26 24 4 9
21 34 42 44
42 26 35 31
20 26 25 21
46 28 20 37
42 19 22 18
11 23 23 14
21 31 21 39
6 49 40 19
46 10 28 26
17 31 43 49
46 24 34 13
31 21 25 17
20 18 42 44
