50 60 11129 800
11 17 48 15
28 21 5 40
45 29 13 44
34 43 7 36
33 33 18 32
35 46 19 35
27 6 36 41
47 25 23 40
36 34 24 30
39 29 5 12
32 30 9 16
26 12 24 7
36 45 19 42
47 29 10 43
41 41 24 40
26 46 8 14
8 31 41 28
33 2 9 34
43 43 28 36
23 43 14 26
41 48 20 36
39 19 22 29
35 36 23 22
14 27 22 13
44 46 20 46
35 22 32 9
22 44 17 21
28 32 4 18
1 26 43 27
37 19 24 6
27 27 45 22
48 6 31 24
39 24 12 41
32 22 42 45
21 23 11 34
39 35 29 35
45 48 30 24
33 32 15 17
22 39 34 29
39 24 13 38
30 38 20 28
31 43 19 6
25 41 5 43
27 40 22 36
23 15 20 8
32 15 30 8
41 43 20 23
40 15 25 42
42 27 12 39
25 14 12 27
49 32 12 17
30 28 24 39
37 10 13 46
28 17 39 46
34 32 34 38
11 36 5 32
20 33 16 18
24 43 26 37
44 37 28 9
15 28 42 22
