50 398 14041 800
17 44 27 9
33 40 13 23
39 22 30 39
21 13 12 41
21 30 37 7
16 25 42 38
32 11 34 21
37 9 21 20
31 37 30 23
30 10 35 46
35 46 49 47
37 7 40 45
42 16 44 33
29 0 21 8
32 9 34 21
13 35 21 37
38 46 38 17
23 29 40 45
42 35 48 45
42 4 46 12
25 19 38 15
40 12 38 16
35 10 37 25
27 41 40 0
26 12 49 40
46 2 29 17
35 20 33 14
22 11 32 22
21 42 20 11
27 21 43 28
39 9 18 21
43 47 39 21
43 8 32 12
38 46 36 16
35 10 45 42
34 0 19 10
40 17 32 37
39 11 48 42
33 18 42 31
29 24 21 23
21 26 7 26
4 35 36 9
45 27 25 26
49 0 42 28
26 20 3 5
36 12 45 32
0 9 41 48
46 16 26 23
29 27 32 42
1 0 44 14
34 41 47 41
28 7 37 17
15 18 44 0
28 33 23 1
48 48 47 4
49 38 17 36
13 7 39 27
36 45 48 42
8 16 46 39
36 9 21 15
34 47 24 18
36 49 12 18
37 39 42 43
28 47 19 24
6 28 24 28
23 7 29 11
27 11 45 6
15 11 30 19
37 46 20 6
37 48 11 2
48 23 22 10
32 13 32 24
32 19 34 29
25 5 33 12
4 20 32 24
33 47 38 45
15 23 44 44
19 1 10 45
35 11 15 25
36 48 5 49
35 32 41 31
25 18 41 47
2 10 27 42
33 49 40 33
40 12 31 7
7 47 39 19
40 6 22 32
38 34 45 37
25 8 39 2
34 28 44 33
34 46 29 11
39 28 32 14
11 6 15 34
37 44 40 3
35 44 34 12
9 20 4 12
43 46 16 23
28 38 30 31
1 4 27 27
39 4 45 5
41 20 13 1
25 8 41 21
43 46 24 22
37 13 25 7
32 9 28 26
27 10 28 18
24 13 15 28
35 10 8 18
7 32 44 35
12 19 45 38
13 34 28 18
2 1 28 47
11 4 26 24
30 32 37 2
39 10 6 42
45 25 17 28
11 44 32 19
40 2 36 15
33 40 4 49
17 9 25 6
31 34 16 35
22 16 39 44
1 13 38 16
32 46 40 41
34 46 49 38
29 2 29 38
44 24 19 24
8 3 48 0
14 42 37 34
16 11 32 17
26 34 44 44
36 8 36 27
29 10 15 46
29 12 33 18
12 0 28 5
15 25 41 13
44 5 21 9
40 9 33 31
35 12 45 28
11 29 1 4
30 11 43 30
41 32 41 10
34 48 42 10
19 7 48 2
40 14 46 14
42 43 48 38
12 43 32 12
24 15 45 36
31 6 41 9
32 49 47 46
2 12 26 13
7 14 40 37
30 21 25 40
21 14 29 17
36 46 37 40
47 40 41 42
29 33 30 39
23 12 32 13
39 22 33 44
34 15 38 9
18 7 11 6
28 0 44 40
13 23 40 10
19 21 42 40
38 2 7 18
33 43 45 42
12 34 36 11
38 26 48 38
45 37 39 23
46 35 29 45
7 10 45 42
36 40 28 40
1 12 12 19
23 29 21 33
3 21 37 13
17 36 46 3
27 8 41 0
15 26 22 19
22 43 45 35
34 13 26 15
39 14 24 28
15 13 22 26
42 15 48 41
29 19 13 37
32 28 38 30
46 25 45 36
34 4 32 36
43 44 3 18
33 47 25 11
1 10 32 6
18 30 27 19
47 38 34 11
15 23 49 32
49 14 32 19
37 31 11 25
28 9 16 12
33 35 24 13
36 49 46 44
6 5 31 21
1 11 39 17
37 12 30 41
22 6 34 43
28 10 29 27
20 45 4 6
8 20 29 14
13 34 4 41
37 8 36 32
34 16 47 42
31 47 28 6
32 49 42 24
16 31 48 33
43 1 11 36
29 5 37 27
38 27 48 0
32 49 41 21
6 23 31 14
25 36 37 33
18 5 35 12
36 9 19 29
17 30 49 30
4 44 31 21
26 7 47 6
28 7 41 27
34 49 34 15
34 49 47 1
36 15 28 17
40 9 17 1
16 35 14 17
37 11 46 35
36 49 38 33
42 20 33 21
41 14 29 23
5 12 16 30
37 17 26 24
40 33 47 33
38 9 30 19
37 48 17 39
20 0 18 30
19 21 47 32
4 5 48 41
32 25 4 37
44 12 31 14
23 31 47 38
38 8 44 35
32 26 11 25
27 39 16 11
44 37 5 3
3 12 9 23
40 47 18 23
7 16 47 46
25 15 28 41
26 23 7 4
33 49 10 43
31 5 37 23
43 6 4 14
23 12 5 5
30 45 25 23
1 0 9 16
43 13 36 7
25 35 18 21
35 48 23 39
6 40 27 14
23 46 48 38
16 2 30 13
48 12 41 28
42 17 39 42
27 39 41 17
33 49 24 48
30 8 48 41
40 11 18 15
8 23 26 16
33 48 28 46
27 31 41 31
12 37 23 32
32 7 39 43
21 25 2 18
14 9 29 39
49 41 28 27
34 46 43 21
7 4 48 31
33 8 5 6
18 45 49 39
43 41 11 47
14 42 48 7
4 6 46 43
29 23 18 21
34 49 32 27
39 14 49 35
41 38 28 26
15 34 32 43
16 32 27 30
34 45 4 0
40 13 42 6
37 45 14 30
35 48 47 29
2 19 48 3
34 4 27 11
38 47 2 47
28 28 42 46
23 9 46 3
24 24 8 21
37 4 33 42
17 17 17 35
36 49 45 36
36 8 26 29
9 45 46 38
42 14 46 6
37 36 41 46
27 2 31 33
35 49 49 21
27 7 17 27
37 6 9 34
34 22 11 8
31 49 33 15
37 6 43 1
10 11 44 27
13 2 34 29
40 32 28 8
26 20 35 17
0 18 42 3
39 10 38 44
23 28 16 49
34 48 14 5
36 15 34 21
31 49 45 41
44 24 31 7
41 49 19 39
31 1 16 0
29 34 41 42
27 40 20 47
38 32 33 37
38 13 43 34
39 41 46 2
10 9 23 17
21 26 31 18
44 12 16 20
37 49 46 32
36 6 30 45
25 20 28 4
35 42 45 47
33 26 30 13
33 1 45 3
30 44 43 4
29 10 15 13
14 24 41 45
40 12 12 11
42 20 33 10
30 9 24 15
48 39 40 32
31 0 46 45
15 16 27 32
7 19 7 10
35 20 21 14
44 1 18 12
17 22 9 47
12 5 41 33
40 31 33 30
13 29 36 42
26 32 33 21
45 37 38 1
13 12 33 12
19 20 22 5
44 30 2 26
46 32 32 23
23 19 34 28
24 14 37 11
22 4 6 38
45 43 6 3
36 48 36 31
48 38 39 46
35 45 49 30
23 45 45 41
45 39 8 2
31 19 46 32
33 49 41 4
41 9 44 34
33 16 37 42
43 40 30 28
35 48 16 41
26 22 44 1
20 32 13 24
41 19 7 42
18 16 42 0
35 38 3 32
37 8 37 25
49 31 47 39
25 38 20 38
36 15 19 6
23 18 43 35
33 34 25 10
10 37 40 25
29 12 38 4
43 47 42 24
27 29 30 17
38 32 1 34
20 30 49 33
39 13 35 10
31 16 40 38
