50 477 15104 800
23 33 47 8
31 15 16 46
12 13 30 22
44 4 41 14
10 12 13 45
46 4 16 25
31 18 40 26
23 11 16 25
17 33 29 6
33 3 34 28
42 21 28 32
16 6 26 39
39 23 36 10
40 1 33 27
38 12 20 24
8 2 6 42
12 1 33 15
6 22 26 49
36 39 22 32
4 22 36 13
48 36 25 43
36 14 26 14
24 24 33 18
8 48 18 47
10 31 29 39
15 16 25 14
30 29 13 8
3 47 40 6
34 16 15 48
20 8 20 43
4 12 29 13
32 19 23 31
30 19 14 35
34 15 21 11
38 21 8 21
0 3 41 47
39 18 34 11
42 18 14 44
31 20 29 13
17 10 32 12
43 11 30 13
31 3 34 22
36 20 28 47
31 21 24 11
20 6 31 14
2 21 39 15
0 24 40 13
25 26 47 30
36 15 24 26
46 27 48 22
38 6 19 48
31 16 27 21
21 10 20 48
9 1 15 31
47 20 22 10
32 19 46 30
17 42 0 37
12 12 33 17
21 17 46 17
14 9 32 10
31 22 16 32
42 47 29 12
43 1 0 44
26 20 18 39
8 37 4 39
49 18 36 25
14 19 29 12
6 35 13 37
8 14 32 17
14 14 37 17
35 6 23 12
28 32 34 16
40 16 35 18
12 21 32 14
22 8 28 17
4 0 33 11
47 5 41 32
18 11 24 30
37 17 40 12
9 1 46 39
0 48 36 11
7 23 34 30
5 30 43 14
22 34 44 10
44 19 37 7
27 17 30 32
20 3 15 41
29 16 6 36
49 5 43 9
34 18 23 25
7 47 47 6
29 7 19 13
4 25 30 12
47 27 15 43
35 18 23 2
45 22 22 21
11 11 36 23
5 5 31 26
25 22 14 16
49 34 28 10
49 1 7 8
46 24 49 43
33 22 9 48
38 26 35 10
26 20 40 35
39 46 31 11
46 30 28 6
13 17 21 33
29 10 17 17
20 16 38 19
2 39 37 13
47 3 30 30
45 10 27 13
41 7 32 14
33 20 38 44
10 20 35 5
3 20 44 29
36 20 31 13
7 42 21 22
26 21 11 3
42 21 45 17
13 43 27 38
29 29 42 14
33 18 33 7
37 15 23 47
17 48 8 49
38 23 18 40
24 17 29 6
13 15 44 23
21 11 16 41
33 15 29 45
12 40 44 40
2 45 38 25
12 1 19 40
47 0 35 10
48 18 16 21
21 3 23 46
34 13 44 23
47 0 11 35
49 9 31 40
26 30 34 2
46 2 43 19
13 41 30 33
44 27 38 34
43 11 28 8
41 29 20 28
22 32 10 15
33 18 10 36
20 6 20 44
33 17 20 48
27 12 46 8
25 13 43 4
29 42 40 14
46 40 42 11
38 20 31 23
7 16 38 10
42 15 34 14
33 13 11 31
46 2 29 16
27 17 11 17
5 43 17 47
8 11 15 47
44 14 37 9
6 47 38 3
19 18 18 7
33 20 29 14
18 22 24 30
13 40 30 4
39 28 14 11
14 27 32 22
6 16 37 43
44 23 38 19
37 20 22 46
15 30 24 9
36 24 17 0
39 35 28 15
34 17 31 10
33 0 11 35
34 20 42 10
15 3 49 19
11 40 29 19
28 22 23 43
38 18 28 13
37 39 43 35
1 21 19 38
24 18 49 8
7 14 37 16
21 32 40 6
20 27 31 0
30 18 5 24
45 0 31 9
26 1 20 15
44 22 22 5
8 25 30 24
1 47 6 48
26 16 33 37
23 16 40 18
41 24 29 44
47 3 20 32
48 0 26 11
32 39 39 1
13 30 41 21
20 5 43 11
39 24 29 28
28 31 27 22
15 42 35 48
5 40 29 21
32 3 38 27
39 18 17 48
8 21 15 25
21 2 32 17
1 43 40 10
34 10 32 31
40 36 29 16
47 10 28 35
42 5 29 26
11 35 36 7
3 45 35 33
29 13 24 29
32 12 46 7
16 1 31 7
21 10 25 16
29 18 17 38
11 36 39 26
33 11 34 25
37 15 46 34
7 14 44 12
5 17 25 20
35 16 38 6
37 16 44 27
10 8 47 15
34 17 26 27
8 3 12 46
9 4 31 38
37 34 19 42
33 44 42 7
1 6 36 23
49 0 25 30
32 13 42 0
30 23 47 41
34 19 24 37
5 24 30 15
5 41 44 17
41 12 37 1
49 27 30 18
30 18 32 15
2 8 27 38
39 6 39 17
5 43 15 37
10 47 32 15
29 40 40 2
3 13 22 17
2 25 38 19
20 8 41 7
4 49 30 18
35 17 11 47
1 16 37 25
34 46 46 17
16 11 9 33
27 1 30 30
3 15 36 5
17 9 16 33
31 19 47 9
11 29 11 41
1 31 37 38
13 49 26 14
47 9 23 0
3 44 39 0
47 20 15 31
49 33 34 20
2 3 26 8
40 30 37 15
24 11 18 39
4 46 40 27
43 12 26 21
35 17 22 8
14 13 23 17
39 25 11 29
36 37 33 30
16 10 31 10
36 13 31 28
1 43 48 25
10 49 15 13
48 15 22 0
22 28 46 25
36 19 29 17
8 13 27 41
2 44 7 36
41 21 34 7
46 0 26 1
35 8 27 25
7 40 35 15
13 34 40 7
11 12 27 19
19 27 22 22
7 27 37 2
22 12 33 9
20 3 20 23
1 27 26 42
38 40 33 28
2 41 42 11
44 3 40 15
43 18 35 19
31 18 36 34
44 25 30 14
28 33 38 16
12 21 40 5
35 20 43 20
30 19 42 48
47 23 39 4
48 4 34 45
44 19 26 9
32 15 19 25
5 45 25 20
16 8 32 3
11 22 38 2
1 45 34 30
9 14 32 12
33 7 24 15
47 2 25 33
32 18 37 38
43 0 25 24
9 39 41 17
47 1 30 17
21 14 31 8
10 17 39 8
28 19 41 32
47 17 33 33
11 4 28 35
38 18 2 40
45 3 28 11
43 26 30 1
9 23 33 16
13 13 30 36
9 14 10 39
27 22 35 9
14 2 39 2
19 5 37 23
33 19 28 15
30 14 25 16
6 11 38 12
0 22 33 8
33 21 35 40
46 0 21 46
4 34 28 48
30 6 29 2
32 21 15 36
35 18 32 4
34 8 24 20
3 16 27 23
47 2 28 16
33 19 39 6
6 49 34 1
48 47 33 15
32 16 34 13
33 15 42 33
10 46 31 13
45 30 42 9
6 8 36 10
33 17 41 4
43 17 33 18
12 13 23 18
18 31 43 6
40 23 20 43
25 25 42 3
28 18 33 6
48 13 46 8
46 1 11 8
6 42 37 11
22 6 36 0
38 24 35 14
6 11 36 39
20 41 32 21
21 37 34 18
45 32 21 28
38 19 31 28
36 14 37 10
41 20 48 12
17 19 47 6
42 24 44 20
15 14 19 30
19 2 32 3
42 1 39 30
30 25 23 19
37 16 26 5
34 19 37 10
29 2 29 16
8 17 35 10
36 12 46 17
41 17 30 26
17 8 28 6
45 6 33 49
18 5 35 24
11 23 38 19
36 15 17 34
34 21 25 16
4 44 23 36
39 17 27 18
49 4 31 24
44 19 47 33
49 47 41 20
44 30 32 38
22 15 21 19
22 5 34 2
0 20 42 6
48 4 43 28
1 44 11 40
43 20 14 23
35 16 31 36
42 3 1 38
41 25 28 16
20 23 21 40
34 31 40 3
9 45 35 3
49 1 37 6
36 34 36 17
3 47 34 41
32 2 31 11
44 17 27 7
15 28 47 31
21 4 39 8
29 17 22 3
16 0 20 21
31 21 43 11
47 4 36 21
7 21 41 16
49 23 35 20
46 0 17 30
20 17 30 22
43 16 23 35
6 14 38 22
25 1 38 48
40 15 44 29
19 17 26 16
7 7 34 21
28 19 21 9
1 12 22 48
46 1 13 18
49 5 17 39
1 26 33 10
31 23 26 10
12 16 24 36
48 4 0 37
19 12 35 26
36 15 25 11
41 19 23 39
29 27 25 19
49 4 20 44
35 19 17 42
34 20 34 26
33 5 27 2
7 48 39 45
7 3 28 2
29 15 19 6
35 18 33 15
17 19 38 3
42 23 35 22
38 22 32 13
44 28 26 0
36 15 45 12
44 2 40 21
35 29 42 9
17 0 42 5
31 15 39 12
19 22 29 13
22 18 28 43
15 8 16 18
35 15 19 6
10 9 4 46
3 27 15 41
22 19 31 20
20 8 31 12
10 2 31 18
13 48 42 9
8 19 47 25
33 15 25 25
1 8 31 47
