50 148 18107 800
14 46 25 4
1 49 18 7
30 26 39 31
11 46 34 33
15 45 25 42
13 43 14 16
5 9 5 37
17 12 15 43
7 44 34 26
43 26 2 43
8 17 33 8
14 43 44 33
19 13 11 36
5 22 24 38
29 29 37 41
38 31 39 45
48 18 18 22
27 14 30 21
0 29 25 20
13 40 13 23
10 28 29 45
10 10 19 6
3 40 14 32
5 44 37 27
8 10 18 10
11 4 15 30
19 4 31 11
18 43 39 29
35 30 29 39
45 42 49 17
47 12 35 30
13 40 12 5
11 42 45 33
13 43 44 45
3 29 36 7
44 29 30 36
3 29 14 30
1 5 39 12
12 46 48 35
8 45 10 25
34 23 4 43
37 35 36 44
3 31 9 33
12 48 31 21
39 25 27 14
38 23 23 9
39 24 10 40
7 29 31 14
13 45 38 38
41 31 5 10
10 43 16 7
6 26 21 46
14 45 25 18
24 0 18 11
9 14 23 6
14 46 16 32
8 43 25 37
11 42 37 41
11 43 26 11
14 46 1 44
16 7 6 35
23 20 8 30
11 42 27 15
11 48 3 38
11 43 1 31
9 45 26 17
13 35 8 45
6 44 12 45
10 45 39 15
9 4 22 45
7 44 25 18
14 45 27 18
14 43 43 40
12 46 22 44
2 29 39 37
2 22 44 45
17 10 30 10
17 10 25 6
2 12 34 17
9 43 49 45
17 13 13 30
11 48 20 20
46 29 12 22
11 49 14 19
11 45 31 20
19 4 18 49
29 1 2 47
6 15 2 9
45 33 24 26
8 7 14 45
14 46 22 33
31 17 17 36
3 26 24 34
15 14 26 23
14 44 34 8
12 16 6 25
10 11 37 19
9 4 20 16
8 42 11 32
16 42 3 25
5 7 27 3
13 4 28 1
14 45 49 46
14 45 40 14
10 44 29 41
7 8 26 45
11 44 19 34
9 45 7 23
2 22 1 11
12 39 11 32
36 26 15 19
10 41 23 17
9 6 21 45
12 45 25 26
9 47 48 31
41 27 27 5
10 44 32 44
12 12 35 4
11 45 27 0
17 45 27 38
13 46 7 47
5 26 19 38
15 44 21 7
11 47 25 25
1 29 28 28
6 46 29 44
17 45 12 6
41 31 10 46
3 29 39 36
17 42 14 49
45 46 18 34
3 22 22 27
11 46 9 14
10 8 32 24
10 16 24 8
13 45 4 31
16 13 21 7
8 46 37 6
4 28 39 38
8 40 28 29
43 33 15 33
11 39 43 9
11 40 45 21
12 46 7 36
8 5 15 49
22 31 3 26
17 42 17 23
1 27 16 37
