50 1117 17314 800
29 20 6 8
12 22 26 47
34 30 28 35
7 18 23 20
9 48 12 5
35 0 17 48
41 12 31 12
22 26 28 11
35 34 12 38
29 7 12 8
22 43 10 1
2 23 4 10
8 13 24 16
5 17 29 20
12 11 42 43
29 44 9 44
18 32 8 38
26 1 18 46
36 15 47 9
40 26 12 34
4 37 41 12
8 44 44 6
34 20 10 29
24 37 27 34
34 36 12 2
29 49 13 1
21 44 32 22
35 27 10 6
47 13 31 43
33 12 35 39
28 13 22 44
20 28 26 4
16 21 8 4
36 21 6 3
5 12 38 12
5 33 8 3
36 9 18 46
41 47 19 47
35 38 39 40
25 19 8 3
31 6 9 7
6 23 41 43
25 22 18 37
34 24 28 20
23 25 43 16
6 12 14 49
24 23 8 5
38 12 2 8
24 7 33 41
29 46 32 6
11 10 11 1
6 38 7 45
4 17 3 10
14 23 42 18
30 39 6 11
27 7 35 44
6 41 17 36
25 9 48 28
15 30 7 9
36 23 4 12
11 22 37 15
0 2 20 45
18 8 25 32
39 4 18 37
19 42 2 46
34 32 9 5
18 41 15 2
9 30 8 43
17 21 12 38
39 22 13 39
6 46 30 39
4 0 11 40
34 3 9 39
26 48 19 3
3 28 12 9
26 23 10 6
23 43 23 49
6 12 16 22
5 2 10 37
15 20 15 47
2 19 43 8
4 40 3 34
26 40 32 12
31 3 14 38
29 37 16 43
4 44 17 5
22 27 31 1
37 13 42 3
10 27 15 31
48 2 39 20
15 27 12 43
28 21 13 45
25 45 34 41
30 10 46 19
39 14 32 43
34 36 15 40
4 10 18 5
36 6 40 34
36 28 28 2
8 20 8 36
37 33 11 8
36 28 11 44
43 14 17 42
11 2 1 23
37 36 33 10
38 45 8 41
9 26 48 10
14 23 36 43
24 15 25 41
30 15 23 49
10 16 7 39
28 40 16 48
2 21 29 22
23 43 37 27
27 36 6 36
29 45 24 48
10 36 24 11
29 21 21 23
24 17 36 35
9 26 13 1
12 20 33 11
12 25 42 43
30 37 13 42
45 29 21 44
13 14 16 21
31 1 10 40
11 33 14 39
38 23 37 39
35 5 29 24
18 18 10 38
37 41 4 5
28 41 15 11
31 6 12 34
34 34 45 22
34 10 34 29
0 6 20 30
11 17 19 39
16 17 18 26
6 18 16 42
30 26 26 49
14 27 8 3
28 38 5 6
17 15 5 3
31 35 32 0
25 34 9 23
32 31 8 39
19 19 35 43
7 14 40 17
23 9 21 21
10 17 44 26
27 43 12 25
23 46 33 7
32 42 43 35
26 35 21 16
41 8 25 48
25 44 12 39
5 41 36 43
23 38 38 49
0 17 31 38
37 5 31 13
27 9 9 3
27 41 13 38
33 34 18 4
26 26 4 4
44 39 8 1
11 16 12 42
19 47 5 8
41 9 13 26
35 39 22 46
40 13 40 31
14 13 22 47
33 6 14 30
32 45 31 20
12 13 33 14
16 30 13 34
40 14 15 21
40 22 8 14
31 4 23 46
7 1 34 37
23 10 18 43
28 27 39 42
28 21 23 13
39 30 0 0
26 35 37 37
37 26 17 35
32 21 16 0
12 37 19 3
7 35 6 13
3 15 18 5
3 43 9 3
16 32 39 12
10 34 25 47
6 18 20 40
9 13 44 42
37 11 6 5
0 37 18 41
41 37 20 41
28 17 8 10
24 38 35 6
25 45 17 34
7 14 44 13
26 45 14 1
19 22 32 18
38 7 5 11
17 28 13 39
10 17 11 26
37 10 31 42
30 16 18 42
20 9 26 48
39 42 3 4
15 8 12 38
10 34 7 13
35 29 11 9
14 9 8 0
20 33 25 47
4 25 45 37
22 30 34 36
28 38 10 36
19 13 34 21
29 45 37 7
26 42 32 39
39 38 7 11
2 12 27 18
21 22 12 36
11 11 16 45
45 9 20 25
23 43 18 47
17 12 40 2
38 9 26 47
13 12 1 5
29 27 2 0
28 14 39 40
36 4 18 33
37 34 24 29
32 11 10 42
12 14 47 12
32 15 6 7
21 23 28 5
28 8 39 28
42 38 9 42
18 9 28 18
2 6 8 13
32 9 20 49
11 34 20 19
10 30 25 15
19 11 7 4
11 12 14 30
7 15 35 34
13 12 25 45
33 13 30 28
15 25 36 45
35 35 28 19
18 26 13 39
39 9 4 5
43 16 17 47
7 35 16 47
37 18 7 7
20 22 11 40
0 15 39 32
16 21 26 36
21 10 16 44
32 15 9 41
14 7 22 30
28 43 9 12
26 0 10 41
40 14 4 7
17 46 35 36
34 36 40 34
32 33 2 5
25 5 12 25
35 17 17 45
22 28 16 46
11 27 7 2
41 28 34 41
17 22 42 5
38 6 35 34
27 49 21 33
11 12 15 28
17 11 48 30
9 18 43 47
26 12 5 5
8 24 32 10
25 25 14 26
14 1 16 31
0 11 18 33
11 16 14 4
2 1 23 26
12 6 14 39
18 9 15 33
15 27 4 30
7 12 14 41
7 17 46 39
27 34 27 45
31 10 12 8
28 26 10 44
10 23 36 1
10 20 9 6
20 17 13 40
13 26 7 8
45 26 7 39
26 42 28 7
26 42 40 3
41 5 16 36
46 31 8 34
40 8 34 37
33 45 5 5
28 26 15 31
13 28 32 22
26 35 26 18
15 39 5 34
26 40 42 48
29 44 39 11
38 8 24 7
12 11 37 18
36 9 17 45
0 31 12 31
13 23 18 21
14 8 21 49
10 13 24 28
5 36 4 4
25 24 47 6
19 9 46 6
24 42 1 34
7 7 30 4
13 30 8 40
33 39 32 14
21 12 22 46
36 11 10 29
32 47 6 28
39 15 37 12
23 19 43 3
8 15 22 42
0 28 10 39
11 21 23 38
12 1 25 33
40 14 11 37
15 17 9 8
2 6 10 10
34 28 9 5
25 21 33 28
23 10 5 32
7 25 20 32
14 45 27 10
15 15 47 4
23 40 37 39
36 14 13 39
7 11 1 22
14 25 22 46
2 13 7 3
47 38 39 7
35 17 29 19
6 12 16 43
29 42 11 2
40 9 37 45
35 8 18 42
41 17 20 46
22 5 37 22
8 42 17 42
23 24 7 37
4 30 12 36
23 35 49 21
42 19 3 8
2 2 27 14
25 39 31 19
20 21 6 5
12 31 46 4
3 31 41 30
14 15 28 1
8 32 8 49
12 4 3 3
42 10 45 7
35 28 8 7
38 46 35 28
42 3 7 14
18 31 30 27
5 17 11 13
8 28 3 9
18 10 22 11
32 45 47 47
21 45 10 36
33 33 7 3
12 17 12 38
8 22 11 19
36 47 6 44
30 30 12 43
15 5 11 18
9 42 21 49
25 20 42 27
30 32 6 1
30 33 47 22
42 28 43 4
29 14 3 6
33 11 29 7
25 44 2 2
15 22 10 40
27 6 14 3
3 3 13 27
11 30 14 36
40 4 8 3
19 35 36 39
30 35 33 0
27 3 20 31
9 21 6 10
15 49 29 9
21 41 43 19
37 34 33 36
24 25 19 10
38 11 22 31
11 16 6 2
4 8 5 37
9 41 5 0
1 29 13 37
30 13 2 6
5 22 11 43
45 39 14 45
7 44 25 12
35 9 18 34
29 17 26 10
13 22 19 48
35 9 39 26
25 44 13 43
1 12 12 36
33 37 26 35
25 10 4 3
23 30 24 36
34 41 2 34
45 4 32 30
10 10 23 31
29 40 44 19
26 47 14 39
11 22 36 42
40 9 39 35
28 5 23 48
10 19 24 44
11 18 22 4
11 15 14 42
29 36 25 21
23 25 44 15
19 34 23 36
15 3 21 18
10 4 45 31
28 7 38 35
19 1 35 41
1 24 19 43
41 3 33 47
30 38 18 33
2 26 9 9
40 22 4 45
31 7 17 39
36 35 25 16
9 18 0 3
32 7 3 31
39 11 3 20
20 24 15 32
6 25 22 10
37 15 29 9
33 23 33 13
27 33 8 45
5 38 14 46
13 15 2 1
28 23 2 9
32 38 41 37
15 5 8 8
21 16 24 47
25 41 23 4
17 8 6 1
38 15 8 41
7 23 42 38
7 38 29 32
34 11 28 19
36 11 44 1
42 5 33 20
34 37 6 33
46 8 25 5
20 26 1 5
31 11 32 43
8 34 10 29
18 6 3 9
24 25 45 26
28 7 27 46
28 11 8 26
18 27 21 43
34 19 10 40
1 21 8 23
34 35 24 46
15 32 10 34
42 45 7 40
44 37 43 8
26 46 13 40
6 30 10 10
29 8 24 48
26 39 16 5
24 44 35 42
33 40 29 34
9 40 33 27
26 40 14 13
24 37 28 16
25 35 23 24
25 42 4 36
28 8 17 32
17 9 11 39
32 38 42 2
30 41 42 24
25 31 12 45
21 32 22 46
22 42 30 45
45 0 8 5
8 32 5 3
11 12 33 17
14 10 44 39
10 19 21 46
13 46 25 22
1 13 44 5
6 18 29 24
19 22 3 1
32 20 38 43
3 22 15 31
27 33 23 44
32 48 39 47
25 49 40 15
0 43 12 33
43 2 6 3
31 39 9 19
5 23 9 34
47 15 21 46
40 30 17 46
25 6 15 42
10 5 16 40
14 3 36 36
5 19 12 43
17 12 3 11
23 11 38 31
21 45 9 38
20 25 3 15
20 1 1 34
13 11 12 26
24 39 8 35
11 42 17 43
19 21 46 39
31 41 48 49
19 28 12 37
23 17 12 5
23 7 44 37
31 5 9 44
30 21 26 32
14 30 46 13
34 21 11 18
35 47 37 7
35 39 5 6
0 8 32 34
7 39 17 28
10 44 13 36
39 33 11 36
12 22 25 28
24 17 38 11
18 8 7 8
28 36 5 30
22 32 8 6
4 15 18 5
40 42 31 37
7 14 8 9
32 12 7 43
32 19 42 37
40 13 24 5
48 37 7 1
30 36 44 6
34 18 13 38
31 16 37 17
7 17 8 1
15 24 23 11
34 38 14 0
39 30 41 37
30 20 8 6
39 5 33 12
27 41 41 2
36 32 19 24
33 45 9 12
14 32 4 10
37 4 18 13
32 17 14 39
19 39 11 45
24 23 14 6
26 33 28 36
11 20 34 7
9 42 18 40
16 8 4 42
29 35 23 24
27 35 30 48
39 16 17 6
32 42 14 44
22 39 17 36
10 33 10 3
5 15 19 45
10 14 36 17
45 28 25 44
5 11 21 44
5 28 7 45
25 42 4 34
15 33 11 19
28 31 34 2
36 30 36 7
46 27 37 23
4 19 10 42
20 43 33 28
10 32 41 3
26 44 19 38
7 21 13 11
14 13 4 27
16 16 15 39
32 2 24 26
6 29 1 10
10 20 5 3
31 10 22 43
3 33 35 10
26 4 9 6
10 28 17 34
33 27 6 7
29 29 5 43
35 18 30 9
37 26 29 16
17 38 33 29
20 28 8 2
13 22 36 11
9 23 29 10
27 37 13 4
18 33 8 43
6 44 43 18
7 49 35 16
23 48 8 4
20 12 9 12
24 38 7 31
29 28 23 45
8 17 32 32
28 25 29 9
8 27 46 35
34 19 7 45
29 8 33 36
25 17 32 16
11 26 10 37
20 12 43 5
33 40 39 46
46 9 23 10
15 18 30 8
31 12 13 37
13 27 6 0
32 36 41 42
38 15 10 36
37 21 39 33
30 42 13 39
40 24 11 39
43 15 5 36
20 10 37 26
29 31 16 41
1 19 31 29
35 6 18 48
6 26 33 11
8 36 22 23
2 17 29 10
9 37 19 4
19 3 8 3
28 15 15 5
32 41 12 39
1 43 49 31
29 42 42 26
26 39 20 47
34 35 23 13
33 35 11 10
11 13 25 37
32 13 32 8
38 12 26 12
47 21 15 33
18 21 39 43
33 17 20 18
46 16 13 9
4 5 19 11
32 12 10 38
18 29 9 35
8 15 4 28
26 46 37 21
40 10 7 9
36 9 10 0
39 48 17 45
33 7 4 8
33 35 45 42
17 27 1 8
19 20 6 2
19 21 23 45
13 28 20 25
33 35 9 44
23 26 21 47
43 12 22 17
33 23 15 45
22 8 46 34
8 16 49 36
25 23 22 49
12 20 6 35
39 11 25 15
8 0 22 48
31 34 15 38
10 19 33 34
24 46 17 39
35 36 32 20
40 42 9 33
45 8 9 9
10 25 11 37
35 40 24 37
30 46 22 45
38 11 16 5
38 18 46 6
19 8 28 38
30 31 38 13
42 6 47 19
32 34 15 41
34 19 2 3
23 38 31 13
6 14 31 1
41 15 6 3
13 27 3 4
18 42 15 36
35 27 38 42
33 7 20 42
17 17 3 6
26 43 11 34
34 12 25 41
31 38 39 34
32 11 12 11
34 11 11 37
30 14 24 48
37 37 15 29
26 24 11 43
27 44 15 40
41 42 30 4
41 15 25 38
33 31 30 38
8 21 13 38
22 11 19 40
33 47 22 27
20 38 5 39
29 37 8 7
2 16 33 43
7 2 12 41
13 16 44 37
21 31 17 10
35 29 13 29
14 23 42 35
32 9 3 30
0 11 9 36
11 11 20 47
6 25 28 20
38 16 8 40
37 8 13 6
41 26 39 12
31 33 19 47
43 35 29 33
8 15 22 43
35 16 9 26
41 31 42 4
37 23 25 21
44 16 27 40
46 32 44 13
21 44 12 34
20 42 35 12
15 22 14 34
36 12 25 29
20 32 28 5
11 14 40 11
29 24 28 10
34 49 16 40
45 13 48 43
20 14 27 16
31 11 3 5
31 11 5 0
37 22 8 34
34 9 11 49
24 37 37 2
18 29 42 45
40 21 7 34
23 21 5 27
28 39 10 11
36 31 35 17
44 14 30 33
33 10 21 48
39 20 13 30
40 30 12 36
40 13 39 17
17 1 25 40
33 28 25 46
7 41 5 7
20 41 39 6
35 12 19 44
14 12 17 34
43 31 31 19
5 24 13 33
28 45 9 33
34 26 39 21
35 36 17 42
26 27 6 4
0 14 46 4
15 22 5 29
27 26 29 43
8 26 18 27
21 48 10 19
16 23 20 44
32 13 32 38
2 26 13 37
39 20 40 24
11 8 27 24
37 21 31 16
35 25 6 45
25 36 14 44
32 42 38 15
33 19 10 3
16 26 14 1
27 6 29 20
16 23 15 43
6 34 37 24
12 39 31 32
40 4 17 17
27 27 8 5
7 16 35 25
43 23 17 0
36 7 6 27
18 36 24 16
28 27 27 4
37 3 23 47
11 23 48 31
43 2 15 46
19 24 8 17
7 10 14 38
29 46 35 11
45 5 20 43
12 37 11 44
14 4 30 4
15 23 7 38
14 32 12 39
27 43 22 45
41 1 12 33
26 23 20 10
22 10 10 22
37 12 1 6
13 14 12 38
16 27 9 31
16 0 13 36
24 27 19 39
24 21 22 35
29 28 30 4
33 16 22 32
16 17 43 10
3 10 27 8
8 30 32 29
12 25 27 17
33 49 44 9
14 30 9 36
38 9 9 2
15 15 42 43
28 42 10 37
41 14 17 45
17 41 5 3
38 13 12 41
20 41 33 10
26 46 8 39
24 41 47 17
25 39 8 1
8 7 21 33
37 13 3 42
13 0 5 1
24 41 3 41
35 36 25 24
25 16 29 42
3 23 15 37
42 36 14 36
40 3 25 21
37 11 11 36
8 14 14 13
17 25 20 41
7 21 8 9
33 45 12 3
35 41 38 24
23 40 11 5
48 25 22 47
36 7 19 48
37 3 2 4
43 19 23 18
35 38 39 0
43 30 18 21
21 28 47 13
15 11 44 17
32 38 47 37
6 12 10 37
32 12 16 37
33 34 29 9
15 7 18 41
30 44 32 18
18 33 35 37
25 34 24 48
42 30 32 33
23 40 36 37
3 19 17 40
39 44 14 18
35 32 49 14
32 29 28 11
6 11 12 40
30 33 39 5
32 32 19 14
8 31 36 2
0 35 2 39
16 22 43 0
23 12 24 48
16 6 10 3
2 21 25 41
26 45 32 44
30 43 46 34
21 48 21 22
11 48 22 38
42 18 25 48
17 15 26 15
13 28 37 31
30 37 2 29
31 43 15 39
17 22 6 1
20 14 29 26
40 3 35 10
32 8 7 8
35 14 12 39
18 27 16 48
11 33 0 6
13 36 19 49
30 34 20 5
12 4 33 43
38 9 46 24
34 28 4 37
2 17 6 3
13 16 20 46
39 36 21 48
30 24 8 45
17 20 8 38
29 45 11 5
7 26 12 43
23 45 48 6
46 8 9 5
41 8 7 15
30 45 28 26
45 9 2 30
7 20 44 9
10 32 37 13
14 12 18 40
25 46 33 5
40 13 36 20
18 36 22 40
26 39 49 20
32 43 26 44
24 39 26 12
6 15 27 31
14 18 16 43
9 9 39 39
36 35 42 9
13 5 37 41
21 3 11 8
37 12 39 38
6 3 9 0
16 9 14 44
35 39 41 34
21 43 23 46
30 45 7 47
7 30 7 7
11 20 28 41
14 32 26 48
32 12 9 5
29 34 38 16
34 11 24 11
27 40 47 8
34 17 41 16
6 28 9 4
24 34 16 28
37 14 14 24
34 10 1 40
10 17 37 24
34 11 18 29
24 4 10 11
7 5 21 18
49 8 16 27
49 6 15 40
31 28 14 41
33 29 11 3
4 19 26 8
17 12 26 34
32 25 32 2
31 36 34 16
42 3 30 2
27 39 23 47
22 3 7 2
21 13 23 4
11 38 39 6
15 9 21 48
20 23 21 47
30 46 22 21
20 21 14 4
36 33 17 40
22 17 15 39
15 12 27 26
13 41 30 5
15 23 12 38
36 45 13 46
35 9 17 32
1 3 19 42
20 23 30 25
34 1 13 46
26 17 13 18
32 10 7 30
31 41 12 38
39 16 35 7
19 13 10 34
25 33 17 43
27 43 23 33
32 38 25 45
40 4 15 11
25 42 37 21
37 34 19 1
33 3 4 4
39 39 24 14
23 10 2 2
11 3 36 10
2 4 9 37
39 28 41 35
6 31 9 9
26 37 17 16
26 38 19 48
33 31 27 32
36 8 48 11
45 41 8 45
5 6 36 0
9 20 11 47
29 30 16 39
29 40 12 45
8 39 45 28
33 40 11 40
17 20 7 6
26 46 25 2
29 39 32 49
5 6 34 6
29 30 40 41
41 9 9 40
3 22 17 28
44 29 16 8
38 9 25 37
24 20 23 26
39 5 49 15
33 48 26 34
22 40 26 25
37 22 34 39
35 33 37 41
41 5 7 5
5 22 17 49
29 37 15 25
49 13 29 35
43 40 37 38
23 15 48 24
16 36 26 41
31 36 21 47
26 46 40 3
16 2 47 16
43 25 39 13
33 29 27 16
44 8 41 38
44 26 9 37
35 14 3 43
35 27 22 41
35 43 9 31
13 24 1 5
24 34 20 9
44 8 35 25
13 7 18 42
15 18 37 16
33 35 48 29
32 44 21 11
8 3 27 5
27 38 4 3
19 0 42 12
34 22 32 44
11 14 35 37
8 23 10 4
18 31 23 42
27 37 31 44
27 42 27 35
23 30 12 33
25 40 12 38
28 10 40 28
26 49 17 41
0 7 42 40
35 7 39 35
12 21 18 18
21 31 5 26
21 24 23 36
3 16 9 43
23 8 4 13
19 29 38 47
38 35 0 12
29 35 25 13
6 9 45 34
21 30 14 37
2 0 22 27
33 9 15 32
37 42 6 1
27 19 16 11
47 3 7 6
8 27 23 49
42 12 10 5
45 15 0 15
16 23 47 20
18 23 7 6
13 19 21 40
42 39 7 33
5 11 7 3
18 14 4 1
18 15 22 2
43 1 12 36
40 10 17 22
