50 221 17330 800
43 10 4 29
34 21 30 17
25 33 28 29
37 29 20 11
31 47 36 20
26 13 26 34
49 33 8 20
23 30 40 5
13 18 4 40
35 34 14 24
17 9 46 29
48 38 13 25
41 26 25 34
39 30 49 10
6 6 4 30
2 22 8 29
30 47 12 34
10 28 21 12
30 24 27 18
39 17 6 32
21 27 15 15
19 9 16 14
17 16 48 18
8 11 12 17
32 24 24 13
45 14 39 6
10 5 14 29
23 14 7 20
4 20 7 16
14 4 42 14
15 8 22 25
38 18 24 31
16 16 34 6
8 4 39 12
3 12 8 33
5 14 7 27
9 5 10 29
17 5 21 35
16 3 13 22
26 30 14 24
46 30 14 28
10 36 25 7
39 9 27 28
28 10 38 16
39 25 5 21
34 26 28 37
9 25 40 6
26 3 27 23
29 29 8 21
16 5 41 25
34 23 12 16
32 7 18 31
16 13 36 20
12 17 7 26
36 47 8 28
28 25 18 44
14 13 10 25
32 29 43 14
5 21 44 14
33 22 7 17
37 7 28 32
31 9 13 33
15 5 18 17
30 43 19 33
29 21 6 32
49 2 0 20
43 36 37 38
20 13 29 5
15 13 9 29
15 36 12 24
31 28 18 30
20 8 17 26
4 8 48 19
34 8 32 31
31 26 44 13
9 4 35 14
35 35 14 19
10 13 18 13
45 21 21 16
6 11 29 2
14 7 25 18
32 30 37 4
33 0 24 3
14 0 43 13
13 20 4 29
27 2 46 22
13 6 1 3
33 23 10 35
11 7 12 24
21 12 22 16
16 12 40 9
43 30 23 8
37 28 4 16
38 45 46 31
36 40 0 22
45 12 4 15
11 4 14 8
32 29 2 44
37 22 16 5
20 11 13 35
22 13 10 9
4 2 15 40
27 11 32 23
39 34 6 17
31 23 17 32
31 17 42 34
43 33 34 36
7 4 10 30
35 2 17 10
23 4 37 13
19 21 26 32
13 4 14 10
34 25 11 31
42 28 0 27
13 7 31 10
11 2 19 33
44 20 26 7
36 34 28 19
36 38 26 36
38 10 6 18
30 5 34 23
8 35 25 31
8 17 29 12
48 14 6 12
41 26 4 10
12 2 39 13
44 40 5 36
17 37 15 24
30 12 4 12
43 35 8 28
47 13 49 4
46 38 16 3
24 4 3 35
40 17 7 21
45 1 23 18
12 14 8 18
33 45 3 21
28 22 45 10
36 14 20 39
10 5 6 28
13 29 34 2
12 6 11 27
25 7 11 29
20 18 13 29
28 12 36 31
4 20 16 31
11 42 37 8
11 9 14 32
32 5 43 23
13 7 23 22
42 31 1 24
43 29 10 3
9 4 32 25
18 6 34 37
10 9 9 31
35 12 6 26
4 29 29 15
39 21 45 22
14 0 26 6
37 28 23 32
27 12 18 22
9 15 15 5
37 21 38 7
29 18 26 16
20 10 33 20
43 22 15 31
14 15 10 29
6 6 42 35
9 17 10 24
45 31 11 27
8 4 14 0
20 1 10 25
44 27 29 39
17 27 33 28
17 8 17 39
39 25 14 17
38 32 8 32
20 15 32 7
44 41 3 33
43 29 11 12
5 25 22 31
27 25 15 20
28 4 6 0
28 2 14 0
31 23 26 24
2 19 9 19
6 5 28 7
26 2 35 25
41 19 10 17
25 8 30 39
12 21 16 23
8 3 13 7
38 27 13 33
18 2 14 21
10 9 44 4
13 12 21 30
45 16 15 25
30 39 46 23
33 44 3 11
38 26 8 35
39 26 39 15
35 27 12 25
10 9 27 49
5 21 21 45
23 15 22 8
12 3 15 44
25 22 19 8
3 31 16 17
35 13 37 22
23 12 34 17
33 38 2 21
10 34 17 24
24 13 25 21
22 8 23 23
36 28 10 30
49 29 11 19
7 17 9 26
41 38 10 8
34 12 38 11
12 9 19 29
30 4 27 30
