50 116 17110 800
8 39 21 24
42 13 35 32
45 29 23 25
1 4 7 8
20 46 47 41
35 26 18 21
47 25 31 18
31 5 19 41
14 19 48 19
14 27 12 4
24 48 26 7
39 4 31 12
25 36 27 28
4 10 46 14
45 31 31 22
1 25 41 46
42 42 47 13
9 19 28 20
33 22 25 12
38 26 45 26
33 25 45 7
23 12 43 36
15 18 29 43
35 9 45 43
15 16 46 14
4 17 18 31
5 37 46 25
45 30 45 24
15 19 2 8
38 39 23 2
1 29 45 24
7 7 46 44
12 19 1 3
21 12 33 6
29 36 48 49
0 18 36 42
42 25 43 19
15 47 33 11
2 9 7 37
15 20 45 24
20 20 29 5
13 43 18 42
48 18 45 20
15 30 44 21
27 31 12 38
25 48 40 45
28 20 29 11
4 40 39 31
12 3 37 9
31 10 27 4
16 3 27 42
6 18 42 48
39 21 24 8
34 28 21 19
8 7 24 25
20 2 33 9
35 17 1 15
37 4 17 37
25 17 45 23
49 10 32 8
16 8 40 23
22 17 19 38
24 20 40 6
44 14 27 19
23 26 21 10
29 20 36 10
27 29 46 32
29 25 31 38
19 39 32 36
26 21 46 43
22 10 46 6
29 30 7 2
8 1 45 49
43 9 29 35
45 18 30 38
28 14 32 19
17 47 44 11
30 14 5 11
47 18 0 0
29 31 25 29
45 29 2 18
37 44 1 7
47 29 19 35
28 2 34 32
2 23 48 16
33 16 40 17
19 18 46 26
6 17 47 28
27 26 34 44
22 14 29 23
22 16 42 24
22 1 29 5
4 13 42 48
7 17 25 5
27 6 36 18
16 33 44 24
46 40 38 40
15 30 8 40
27 41 9 35
22 38 25 30
43 32 21 21
23 8 30 8
26 19 46 19
26 39 48 30
44 26 38 22
13 38 32 22
40 0 11 22
45 37 29 6
47 26 34 33
49 25 44 22
38 17 34 43
33 8 42 26
34 39 41 24
49 25 46 32
10 24 37 16
43 43 43 24
