50 260 19405 800
20 21 39 11
20 18 31 1
42 32 18 11
18 43 14 12
36 5 25 8
8 27 42 28
20 22 19 5
28 36 7 14
35 38 23 15
23 44 22 11
48 20 24 11
20 24 49 6
34 4 39 1
30 44 36 23
7 27 23 9
36 41 13 21
22 30 25 9
18 31 34 11
27 16 22 3
15 5 18 38
27 48 24 9
44 12 21 6
30 45 43 12
36 31 46 17
45 35 22 9
23 21 25 7
40 40 23 11
23 41 22 13
42 31 13 23
28 4 19 12
21 39 24 12
34 35 48 16
43 33 24 5
43 7 22 0
41 43 14 21
18 21 32 13
23 43 8 17
14 37 33 25
3 35 21 10
12 37 40 5
32 34 23 7
29 40 20 11
18 42 8 24
49 19 4 28
23 23 39 12
31 1 49 18
24 48 40 13
27 18 24 10
34 1 12 17
29 1 32 16
18 48 36 8
35 5 9 2
42 47 43 11
38 16 47 11
38 42 17 5
17 48 4 23
12 41 24 17
49 21 37 13
33 47 14 45
44 36 41 5
30 29 42 7
36 49 26 12
35 15 24 23
5 41 25 10
33 19 36 3
24 30 25 8
13 41 25 7
33 46 9 10
27 40 7 15
26 24 34 21
23 41 27 11
29 3 38 4
15 25 34 7
37 41 28 11
34 41 32 7
28 10 31 22
39 39 8 6
33 2 8 27
35 45 40 17
11 14 48 13
20 20 23 9
43 27 16 13
36 17 22 12
23 35 9 19
20 40 40 17
36 3 25 23
34 2 24 11
15 38 16 16
48 16 43 18
13 48 20 23
37 12 40 9
22 48 46 13
42 5 31 8
21 36 36 27
19 21 30 14
20 20 23 8
6 35 18 18
33 31 28 14
31 44 47 19
33 5 13 26
36 43 46 22
30 16 10 10
32 5 29 10
18 14 31 3
42 25 42 9
20 45 45 11
27 43 24 1
10 39 23 15
34 24 32 3
22 49 21 7
33 29 18 14
48 21 22 9
33 38 35 10
31 4 27 7
20 48 20 9
0 31 21 37
35 29 20 7
41 8 17 6
28 32 28 23
32 47 7 16
30 27 8 29
22 48 42 11
37 49 37 6
42 16 24 31
16 37 8 9
43 19 10 26
31 30 44 5
18 30 18 10
9 40 34 3
29 13 21 8
37 41 31 6
10 4 4 23
16 48 16 14
32 0 36 14
25 19 18 15
38 30 20 0
19 43 5 37
32 47 24 10
36 27 23 6
22 41 14 31
13 45 1 11
33 1 23 5
32 37 24 9
49 31 7 25
3 32 29 27
1 38 18 9
19 11 20 5
37 6 44 4
29 24 32 26
44 39 18 29
14 10 22 7
34 39 21 17
21 34 37 13
31 22 6 22
19 39 18 5
32 2 44 5
28 17 13 25
35 32 22 10
16 21 7 19
28 25 5 7
14 12 17 18
19 47 17 7
21 37 27 6
15 41 26 2
15 25 20 6
31 47 44 29
30 25 22 9
34 3 23 11
18 41 2 2
22 20 39 12
47 30 48 14
28 33 32 1
45 39 5 9
29 40 12 8
16 42 36 3
31 0 37 16
27 3 24 7
36 46 3 28
20 43 19 8
44 13 23 6
29 49 24 10
24 21 24 8
32 2 10 29
39 48 26 11
28 46 13 15
26 36 43 1
35 42 21 13
34 40 27 5
24 43 27 2
15 34 22 10
45 12 36 4
37 43 21 5
10 21 24 39
34 39 45 2
32 41 16 19
42 40 11 7
49 22 13 24
17 43 42 26
28 31 24 12
35 44 16 20
15 41 18 10
19 48 30 13
31 5 10 8
28 30 18 11
32 33 20 4
39 4 17 14
15 17 46 14
22 16 41 21
29 44 12 23
11 35 35 2
31 24 13 14
7 43 27 13
38 29 24 13
35 25 9 10
12 29 5 19
32 46 30 10
31 46 47 1
19 18 27 6
46 27 25 15
14 47 16 5
17 33 25 6
33 49 42 7
19 49 46 3
39 46 18 10
22 34 19 20
21 18 34 10
23 46 2 24
40 37 26 18
48 34 18 17
11 39 25 13
14 48 25 19
33 26 29 22
32 24 26 11
15 49 26 4
24 44 43 1
14 45 43 5
19 47 15 12
25 46 12 8
40 37 24 11
6 35 4 17
35 1 35 14
36 42 19 8
39 41 44 6
19 18 12 14
30 26 0 20
27 39 22 11
10 36 11 28
25 20 44 8
47 26 34 3
23 7 25 4
46 11 5 26
33 16 25 14
12 41 28 14
43 19 21 8
18 48 32 1
29 31 22 27
25 21 19 5
20 19 41 17
35 32 30 14
40 42 21 10
