50 263 15280 800
24 7 29 2
25 3 32 0
34 21 6 44
20 20 28 4
13 24 18 43
27 19 8 6
21 9 17 14
2 30 22 8
19 5 15 36
21 1 7 14
23 22 20 46
26 5 38 8
26 17 11 32
24 3 13 30
23 6 11 15
31 17 44 17
29 22 34 10
25 2 17 26
29 20 21 30
25 14 18 0
35 20 19 12
26 16 11 38
9 12 5 32
24 13 33 15
8 1 8 49
10 7 45 18
17 13 26 38
23 3 40 17
14 23 9 48
28 16 2 11
25 3 13 44
15 28 29 2
24 9 10 49
31 18 38 4
22 4 10 43
22 4 23 30
12 17 43 39
31 11 31 2
23 20 47 14
13 13 30 12
13 8 7 36
12 9 39 31
41 10 18 8
21 28 27 6
26 15 30 7
3 9 8 43
32 30 38 7
19 5 3 14
22 4 20 42
18 3 4 14
14 10 38 7
19 4 28 5
23 3 7 46
11 9 18 38
23 23 19 3
7 7 27 6
28 20 21 10
23 16 11 29
33 25 25 12
22 5 34 12
22 0 36 6
30 45 36 15
21 16 0 44
5 13 22 44
25 25 28 14
21 16 38 42
20 3 10 24
25 19 31 7
32 22 27 30
16 20 6 43
26 4 11 49
21 10 21 15
26 24 49 26
17 6 41 23
14 25 19 47
21 16 23 43
29 7 10 19
29 15 19 39
19 10 37 9
36 23 40 0
20 7 21 40
11 18 19 1
19 2 26 12
32 21 23 7
18 5 30 38
22 15 45 26
27 5 13 40
15 10 12 2
23 6 5 33
14 9 45 8
18 9 35 5
32 22 24 3
26 19 14 12
31 9 7 48
20 3 16 48
22 4 10 41
29 16 48 10
27 24 33 16
28 42 12 10
27 4 13 42
30 25 17 33
32 18 13 46
22 3 28 39
26 22 19 18
19 36 13 19
29 16 2 27
20 5 32 5
19 3 43 9
14 4 20 29
27 25 30 0
20 1 28 11
14 19 28 11
21 4 31 8
14 11 22 6
19 11 8 43
24 13 44 14
4 39 44 11
20 6 22 27
28 13 29 6
24 2 7 4
35 21 30 11
15 15 11 38
19 10 35 11
24 2 42 13
25 34 3 3
16 9 22 39
3 37 2 10
18 15 23 39
36 29 19 42
24 5 17 43
25 18 7 49
21 12 7 33
32 1 24 26
22 5 15 46
13 27 9 48
17 19 11 14
22 7 39 3
25 17 18 8
18 7 23 15
21 36 12 13
5 24 48 1
16 14 5 38
12 25 27 3
27 16 15 27
25 13 25 34
23 4 27 42
27 8 3 49
33 23 28 21
22 28 3 3
27 5 32 29
27 1 3 22
23 18 31 11
24 30 29 46
23 34 10 40
21 4 29 1
22 5 17 16
20 10 34 5
9 47 14 42
16 15 13 5
22 27 31 34
26 11 36 32
10 10 6 17
24 28 11 13
25 1 9 49
30 22 11 43
25 20 28 25
18 15 34 7
19 9 18 44
2 45 19 45
26 7 1 40
0 1 22 26
14 13 36 46
7 19 18 13
32 49 36 26
9 6 16 19
21 7 37 32
7 31 39 4
27 12 13 12
11 41 9 49
31 20 24 41
22 0 7 46
11 23 24 10
17 7 38 8
32 28 8 39
3 6 10 43
22 4 21 35
12 23 10 7
11 5 12 27
21 5 0 7
26 16 29 47
19 4 0 28
22 4 0 1
26 14 31 10
35 20 45 5
21 6 13 44
42 21 13 3
20 4 25 0
21 25 25 8
21 5 36 8
27 1 47 3
21 0 46 3
4 10 38 4
29 18 26 4
33 24 27 43
20 25 11 47
24 5 48 7
44 46 44 4
24 7 16 12
22 21 36 13
18 14 21 26
32 23 13 41
22 3 13 46
0 27 7 47
23 3 28 1
19 8 48 29
23 0 10 41
7 25 1 16
23 4 11 35
10 18 15 48
17 19 31 43
14 18 33 2
20 2 39 3
34 35 10 21
21 7 46 33
9 19 8 25
10 46 17 42
18 8 17 45
26 17 12 29
17 15 34 22
18 38 4 41
13 20 23 21
16 6 49 14
28 23 33 11
19 37 48 9
25 17 15 9
9 34 11 44
12 10 16 1
23 25 27 17
25 3 45 0
23 4 8 34
34 23 2 5
20 4 11 34
25 2 29 34
21 3 33 12
15 7 36 41
27 11 23 33
14 17 29 13
24 40 7 5
9 19 44 3
22 2 21 10
29 18 15 42
28 19 13 47
24 6 35 45
7 19 19 21
18 17 20 2
27 13 10 43
10 49 45 2
19 13 3 32
25 2 7 10
14 18 40 7
22 6 14 46
30 25 7 16
27 13 37 0
