50 113 16386 800
22 32 24 11
25 49 28 42
31 39 42 31
0 24 11 6
36 15 4 26
5 19 15 10
15 14 44 35
4 14 35 27
10 2 23 24
25 22 5 21
34 40 36 31
42 34 35 40
16 2 10 18
21 36 28 46
45 4 36 29
17 3 36 44
42 24 7 21
19 46 22 37
40 17 42 29
19 43 46 8
27 22 30 30
9 14 38 16
9 17 42 25
29 21 5 28
14 0 49 38
12 4 22 38
11 4 3 29
32 19 41 16
32 36 48 31
19 19 23 12
16 4 29 32
5 14 10 18
7 22 42 13
30 7 3 30
17 1 44 30
10 5 35 42
16 1 19 4
35 2 38 36
14 26 45 11
6 12 23 9
44 35 21 15
21 14 40 27
13 0 22 1
33 34 48 9
43 16 29 41
21 1 7 26
6 9 49 27
34 33 8 2
28 41 43 24
31 31 2 24
13 11 48 24
16 3 44 32
4 17 48 33
44 2 3 27
19 32 30 22
18 46 39 36
23 3 42 28
27 36 34 4
2 23 46 35
22 42 21 13
10 5 39 6
7 6 35 29
16 13 25 19
18 45 20 11
9 19 5 21
10 37 47 25
9 9 39 38
31 29 43 37
9 10 7 17
27 36 6 1
19 26 47 4
9 13 19 3
7 16 41 28
21 1 46 27
28 41 12 1
27 36 25 26
37 3 4 21
33 35 45 12
16 23 18 19
36 32 14 29
18 8 40 36
23 36 26 43
25 44 36 12
9 7 21 11
29 20 19 35
11 7 3 30
19 48 10 31
1 14 37 29
11 11 13 18
36 31 45 23
30 31 13 48
7 10 43 30
0 3 23 30
12 3 2 20
11 5 21 24
24 18 40 30
14 2 44 33
41 33 39 26
5 17 35 11
16 23 34 31
7 4 35 10
21 46 41 26
39 47 42 22
34 10 2 29
29 41 23 37
1 30 5 32
16 15 3 18
49 24 23 34
3 43 11 17
11 22 38 38
35 23 41 22
19 47 18 3
29 32 18 3
