50 414 16274 800
11 38 29 3
8 15 23 16
27 45 8 15
0 2 19 25
29 19 21 21
18 39 29 20
13 47 29 21
26 48 24 34
18 10 29 48
19 39 19 29
22 38 17 23
32 5 42 6
19 43 25 18
13 10 4 28
3 48 31 13
22 37 14 19
4 18 30 11
7 37 26 10
10 36 23 35
11 44 15 40
49 45 29 18
14 10 36 27
13 44 19 29
6 15 26 16
42 12 40 0
34 18 18 24
35 19 30 36
19 14 31 6
7 38 34 17
27 43 19 37
26 16 24 39
11 27 22 11
23 39 25 35
41 34 23 8
2 35 32 20
17 41 28 26
5 36 18 36
4 24 39 36
16 18 44 37
7 29 25 33
9 45 31 46
23 34 26 28
14 43 34 13
29 20 20 28
15 32 24 27
23 46 11 21
4 17 24 45
8 41 27 40
10 39 30 15
28 28 27 42
31 45 36 15
6 4 30 19
21 39 35 18
38 22 22 24
5 3 40 44
44 19 27 30
21 47 21 38
40 5 28 36
27 49 34 7
8 44 47 2
18 38 15 1
32 21 34 35
47 7 5 18
22 11 5 8
7 47 17 42
18 14 21 46
26 46 5 43
3 18 27 14
43 11 21 22
18 42 19 24
13 40 17 33
21 45 17 16
32 18 43 4
15 41 23 35
23 9 28 46
32 15 30 35
20 42 28 13
20 44 27 36
41 29 1 28
14 44 23 36
22 41 17 32
13 39 30 15
7 15 22 34
20 44 4 33
14 39 26 30
4 44 21 39
27 38 8 9
37 6 26 45
45 4 9 27
21 47 6 28
30 38 33 3
44 20 26 42
18 46 8 25
11 42 10 8
12 42 27 15
10 32 28 47
13 37 29 40
27 15 41 3
35 16 22 19
11 44 27 16
8 19 20 33
15 44 26 39
42 12 21 34
8 20 29 14
18 43 5 44
19 21 30 30
17 41 30 15
31 23 19 32
3 39 27 14
44 9 18 17
11 43 5 43
16 5 20 32
29 13 28 47
7 43 15 25
15 44 23 12
18 37 19 25
21 45 10 12
3 43 20 29
13 43 38 9
16 22 42 48
33 18 23 38
44 11 29 11
22 45 19 39
31 21 38 43
14 43 17 28
22 41 19 24
21 42 26 12
32 41 24 47
20 21 22 35
14 40 21 40
35 16 21 41
30 9 10 30
16 14 26 45
27 3 16 32
32 18 46 18
19 38 7 40
28 47 22 42
13 37 22 47
12 20 33 14
15 49 48 31
23 2 2 41
3 42 23 24
33 24 24 40
36 17 47 0
8 44 31 18
21 32 37 10
21 17 29 23
10 26 22 35
3 37 18 0
14 45 37 37
34 1 31 14
11 8 22 41
25 40 12 30
22 9 16 20
11 30 30 37
14 44 29 18
6 19 47 12
23 39 40 47
12 5 32 19
33 10 26 47
3 26 20 36
28 15 29 34
13 9 38 22
30 14 9 29
14 8 23 49
33 24 42 8
20 34 16 30
11 34 12 40
6 6 26 16
5 40 2 31
44 49 39 42
5 21 29 38
47 40 28 17
12 0 33 12
15 47 29 44
32 17 15 30
23 37 30 16
13 48 8 33
10 48 26 14
16 24 14 21
11 45 25 42
11 48 30 5
8 10 31 38
15 18 6 31
18 40 2 37
8 37 28 8
1 19 19 43
17 42 37 41
29 0 28 32
24 48 12 37
34 14 12 15
6 5 18 48
1 6 7 37
13 45 23 18
35 21 35 6
40 14 23 42
17 40 28 42
12 10 35 26
7 43 30 10
19 45 28 17
14 2 24 38
31 13 22 31
15 18 25 15
5 39 34 19
6 49 25 18
41 18 15 19
20 48 8 11
18 32 8 41
3 42 25 16
18 43 28 27
30 43 23 41
20 46 47 8
13 40 30 35
2 39 30 29
27 41 43 4
5 45 24 20
8 43 11 32
14 44 32 13
13 32 11 19
37 22 24 37
29 4 35 40
45 21 33 8
28 17 21 44
24 35 44 11
18 35 10 32
7 9 43 22
16 39 3 25
4 45 27 22
7 39 33 9
16 46 26 48
33 4 42 17
11 7 26 26
4 23 8 26
12 40 29 39
37 14 29 42
11 43 19 44
29 38 27 29
24 20 5 28
23 42 30 44
14 43 20 18
15 37 28 15
32 33 23 12
2 46 47 25
35 13 35 38
9 42 25 36
19 26 40 35
29 49 34 18
34 28 6 42
31 14 27 17
19 14 19 41
16 9 10 49
21 47 29 38
30 15 39 0
8 42 20 41
4 32 28 47
24 15 38 29
17 0 22 39
25 26 34 16
16 43 27 14
5 27 47 11
12 40 25 40
34 16 4 39
19 42 23 6
9 3 36 41
13 36 7 24
26 21 45 47
39 37 15 37
23 15 20 13
16 11 0 37
42 23 15 21
13 22 29 10
16 20 9 26
15 19 18 45
4 1 7 41
18 40 27 36
14 44 10 11
22 41 18 37
17 40 24 20
16 40 36 11
6 41 0 48
17 35 10 27
10 49 29 36
34 15 33 3
20 38 18 26
16 36 11 42
4 34 11 14
5 48 20 42
31 18 5 30
3 19 23 21
42 12 38 23
31 42 24 9
29 41 16 33
25 45 4 20
12 34 24 30
10 10 23 13
8 9 12 34
16 33 33 27
18 42 26 37
15 33 0 30
6 36 23 37
6 19 23 45
1 18 26 36
35 24 21 11
14 10 15 28
23 39 18 39
22 42 28 33
21 41 20 16
17 45 35 45
26 13 27 17
19 20 27 31
29 14 27 45
17 17 9 17
25 42 24 38
8 37 14 41
14 43 4 24
10 38 28 14
3 34 24 15
19 32 33 24
34 39 23 28
23 18 26 13
41 8 30 12
12 47 20 46
17 11 17 18
2 32 23 34
8 34 36 44
36 22 19 39
41 4 29 47
19 40 24 17
37 19 45 21
32 45 22 39
18 48 7 27
23 49 43 24
9 20 19 37
30 18 19 11
7 35 8 47
17 43 19 19
22 41 27 17
11 7 8 33
11 38 21 24
17 43 9 45
11 41 16 18
15 48 22 34
20 43 46 5
20 2 32 43
33 9 1 42
15 24 23 8
8 40 21 34
2 48 26 35
37 48 21 39
16 44 8 26
3 38 38 36
13 34 12 44
19 48 24 15
15 38 30 13
41 33 27 13
4 12 33 28
39 20 4 38
9 3 22 26
2 3 29 17
16 42 39 32
13 8 29 42
8 46 44 43
24 35 36 10
9 15 17 45
17 34 35 1
23 46 23 34
1 29 25 18
42 27 12 43
18 46 36 19
31 21 4 33
14 44 42 7
8 19 42 25
11 25 25 36
13 35 41 6
3 34 8 42
32 17 43 34
7 29 13 27
34 16 44 8
21 4 20 35
13 46 17 34
26 4 0 35
11 41 36 35
18 41 20 45
38 9 33 37
28 15 21 25
7 45 25 46
6 47 26 45
14 16 28 40
10 42 26 44
40 43 36 29
8 42 15 14
12 34 39 27
22 44 47 2
30 10 17 43
23 37 35 24
3 13 23 27
8 40 5 37
8 35 37 25
1 15 34 7
10 37 30 29
6 10 35 40
18 43 45 10
29 45 21 39
28 46 4 39
16 7 12 2
23 39 3 8
17 26 26 48
20 41 35 12
47 20 29 18
5 36 11 26
44 3 17 37
7 26 16 33
12 29 16 33
5 39 7 27
