50 141 19626 800
13 37 26 13
12 37 24 8
20 9 23 13
26 29 17 28
21 19 14 9
12 29 17 7
45 47 11 10
4 6 8 34
37 20 21 7
33 33 17 19
38 29 32 30
21 23 23 8
35 27 14 7
12 29 12 7
36 31 47 14
41 36 13 18
44 30 15 5
37 31 23 14
10 27 15 1
42 46 12 15
25 18 32 22
22 37 14 36
18 36 13 10
38 26 46 19
44 39 12 9
14 2 14 12
27 20 10 9
36 43 28 16
25 35 17 13
24 43 27 32
26 37 34 24
38 33 46 20
33 31 43 38
41 43 16 12
34 8 18 22
16 36 14 22
40 32 34 16
29 38 15 10
42 49 33 23
13 2 24 23
12 11 19 10
14 28 18 5
39 29 17 10
33 39 24 15
42 24 7 14
42 15 15 15
17 7 31 15
42 42 7 12
16 8 35 27
43 29 5 7
40 28 16 9
41 30 49 13
34 41 30 8
12 0 22 20
42 17 46 5
47 37 13 19
26 27 12 13
37 29 22 24
6 19 18 4
37 29 35 34
43 37 14 31
35 19 9 15
32 42 22 10
39 45 27 16
30 23 27 19
45 44 28 26
8 14 23 24
15 41 21 18
16 42 18 11
47 49 41 22
2 2 17 10
2 13 12 3
8 11 41 16
38 24 39 18
11 4 32 7
5 26 47 22
15 41 48 12
7 22 46 23
39 36 26 9
9 10 45 22
45 46 43 2
33 29 19 28
19 40 10 2
36 32 47 5
47 47 21 20
45 24 19 14
25 34 21 14
39 29 22 18
40 36 41 30
14 32 21 25
33 21 20 16
25 27 17 10
18 15 18 10
10 12 30 12
21 29 30 5
40 30 48 7
11 26 27 26
10 23 10 7
26 45 16 9
12 35 30 19
11 41 15 30
40 42 36 13
44 27 28 25
45 42 19 10
41 31 26 27
40 45 47 18
41 30 0 8
26 22 47 18
16 16 11 6
37 31 22 21
27 33 4 8
3 9 20 22
35 16 40 7
11 39 17 11
28 28 15 14
41 32 10 6
27 37 41 21
22 37 32 13
36 31 25 19
48 42 24 24
36 29 22 12
34 26 49 11
32 32 33 7
38 30 27 23
41 24 34 25
38 34 42 17
16 48 15 9
34 27 41 36
42 32 24 20
44 32 23 16
48 40 41 30
45 35 30 13
42 31 24 16
10 30 18 25
15 30 20 15
39 31 24 14
22 33 32 20
10 30 12 15
29 15 24 26
35 48 30 21
19 33 16 11
