50 1591 12734 800
14 29 21 33
4 32 36 16
45 3 32 21
30 13 23 27
5 44 16 23
49 17 47 30
3 32 35 48
2 33 0 30
44 4 27 20
40 10 21 23
32 26 19 2
43 24 0 38
37 18 10 26
41 22 25 6
6 28 43 24
4 32 24 23
10 31 7 16
4 30 5 20
13 8 3 12
48 17 17 31
46 4 44 21
32 16 12 30
41 14 13 22
9 26 48 31
44 12 40 9
42 8 17 12
48 11 6 17
48 10 42 10
8 30 25 7
13 32 25 11
46 10 14 34
7 35 47 22
49 18 20 30
31 9 10 25
46 26 42 31
3 38 19 44
4 29 3 9
46 6 14 20
0 33 26 0
41 15 0 16
31 12 35 37
44 9 47 41
6 31 38 20
3 27 41 35
39 10 29 15
43 23 20 28
30 9 40 36
7 35 16 11
30 10 22 7
41 12 25 14
30 18 44 15
28 10 14 13
40 13 15 32
6 32 23 22
43 13 48 30
10 34 40 11
42 18 41 0
41 21 39 35
2 30 34 38
8 27 3 1
3 36 17 34
28 7 25 28
46 18 17 7
43 16 15 28
45 20 10 33
46 8 2 33
49 21 24 25
30 21 5 6
40 0 20 7
0 35 3 39
33 8 2 19
7 31 24 37
40 15 25 8
36 16 29 22
45 16 20 31
6 32 39 18
43 11 33 12
46 17 31 20
47 11 10 27
49 11 25 29
5 29 41 16
41 20 47 27
47 31 5 37
7 31 21 19
9 17 25 24
49 16 5 8
38 12 20 22
6 32 26 10
30 8 20 6
4 29 8 24
7 29 13 39
25 10 25 36
48 16 21 27
46 3 18 30
33 17 25 34
2 27 41 34
4 29 6 6
6 34 20 29
29 9 2 36
32 16 11 16
6 32 32 31
42 16 34 39
34 12 1 13
46 12 5 25
39 9 25 12
41 11 19 9
48 11 27 30
3 37 30 22
4 23 13 24
35 3 25 4
45 6 5 31
43 12 19 33
44 12 24 37
25 6 26 25
4 29 24 7
29 8 11 25
2 31 0 39
48 21 22 23
45 15 37 32
7 32 19 11
34 11 22 3
42 12 28 28
1 30 30 44
30 6 36 35
44 17 19 25
3 32 8 27
8 28 30 11
3 33 13 21
44 14 35 33
41 11 28 23
44 8 42 14
45 13 2 36
29 12 37 2
6 33 32 27
31 23 21 6
36 16 3 28
29 12 12 37
9 28 13 21
2 34 40 29
35 18 3 39
35 6 27 16
48 12 10 11
39 9 13 17
1 27 21 23
9 33 3 12
5 28 9 37
37 12 29 35
28 13 12 22
6 34 44 9
46 13 24 30
5 36 24 37
3 25 19 33
32 9 26 9
5 32 0 22
5 15 13 0
31 8 0 9
9 29 30 0
30 5 17 17
47 19 40 23
39 15 33 22
7 32 38 12
7 38 19 2
3 36 49 33
31 9 9 35
0 34 25 6
11 30 39 30
9 31 22 2
11 30 29 40
48 15 1 24
46 14 20 6
1 33 45 18
48 14 11 18
28 12 38 14
25 4 45 18
39 22 44 13
9 34 22 33
8 28 10 31
9 35 40 20
38 11 49 27
27 9 20 3
6 35 38 11
7 20 15 22
15 8 11 44
6 31 27 15
31 10 21 27
35 18 45 22
39 23 32 31
32 11 39 31
8 35 25 13
2 32 37 17
46 15 22 38
49 2 18 34
32 11 28 36
47 11 40 6
38 18 13 31
49 14 21 22
1 30 26 28
26 6 33 29
0 29 5 28
6 32 15 29
45 27 26 2
41 15 33 39
40 16 28 30
42 1 47 34
47 11 41 10
45 24 24 27
35 6 15 20
44 10 15 13
6 19 23 5
32 7 15 27
31 22 43 26
28 10 16 24
43 11 21 49
11 32 24 24
28 9 30 32
8 30 42 0
47 16 25 20
0 43 7 21
5 26 21 42
4 35 13 20
27 4 27 23
40 4 25 14
25 20 9 32
35 4 25 20
45 19 36 13
48 29 18 29
6 18 22 7
47 8 41 11
39 13 30 38
29 7 35 9
4 34 27 26
47 13 42 10
0 33 21 28
27 8 45 28
43 8 9 28
40 20 36 29
25 49 27 17
40 15 17 40
37 6 26 32
6 28 25 34
6 26 37 6
34 11 14 14
47 18 20 21
7 39 6 43
29 8 40 33
49 18 7 4
48 23 8 33
6 36 23 31
5 32 2 8
45 30 5 38
41 16 26 15
5 31 49 35
41 3 22 23
7 47 38 26
30 15 8 29
5 30 41 26
41 16 9 9
31 28 24 34
6 31 29 39
26 6 25 17
3 28 35 22
33 4 18 19
31 7 42 13
45 18 27 23
34 15 37 27
39 17 29 12
3 21 21 18
36 21 21 25
42 13 47 9
27 3 23 30
44 5 7 2
8 18 27 40
49 16 8 17
39 9 15 29
5 33 14 36
5 34 38 7
47 13 43 43
3 34 33 27
44 14 11 18
34 14 9 6
35 25 25 13
4 30 25 3
41 18 19 21
49 9 35 5
33 9 37 16
33 17 22 22
6 27 4 22
7 29 47 49
38 8 40 24
4 30 24 17
6 34 24 2
45 13 8 9
6 30 39 6
44 8 24 29
5 35 18 12
49 1 44 7
33 11 29 18
28 9 10 9
30 11 29 26
47 10 14 45
11 37 34 48
5 32 42 31
28 10 17 16
45 14 26 20
1 30 32 31
40 5 31 5
5 29 28 20
47 8 26 8
36 12 44 15
44 11 23 26
7 31 36 17
5 33 38 17
5 31 22 37
1 28 47 4
3 29 7 26
10 28 16 37
44 14 2 29
44 13 21 39
9 36 12 26
46 10 36 30
29 29 21 24
41 26 19 33
44 17 19 32
12 31 49 35
6 30 31 17
1 37 34 34
3 36 10 28
39 4 37 17
48 14 20 2
11 28 28 11
39 26 14 13
33 7 37 14
3 26 20 20
48 13 20 47
9 10 30 30
4 35 41 49
6 24 48 22
48 18 15 10
7 29 11 28
36 21 42 31
30 9 42 9
12 29 11 23
46 14 39 21
44 10 16 38
42 9 25 33
5 23 15 39
32 9 11 23
29 22 39 13
29 8 15 45
4 27 33 7
16 19 14 38
5 25 26 0
39 20 37 43
24 11 29 33
37 16 47 23
4 32 35 45
47 11 49 25
28 10 32 31
7 34 46 31
32 2 26 1
29 16 26 25
32 8 27 3
5 33 21 32
43 20 26 31
21 19 24 39
8 29 20 20
5 30 31 25
36 9 20 27
40 2 43 10
28 9 20 15
11 20 7 35
6 32 12 26
7 33 14 20
41 34 5 12
43 9 10 30
35 7 25 43
49 14 46 3
31 7 42 17
5 32 5 7
27 10 3 20
48 23 16 18
6 32 8 18
4 46 28 29
2 25 37 18
41 10 47 35
5 34 18 40
31 10 42 16
8 34 22 25
30 7 13 13
12 34 24 6
47 20 48 32
48 15 5 36
49 21 12 38
35 12 16 25
40 29 39 11
3 31 0 16
34 16 13 19
40 19 18 27
28 11 24 5
4 36 16 33
27 9 1 31
41 20 13 33
9 29 31 11
28 6 26 40
12 40 28 10
31 7 10 19
0 29 11 44
44 8 13 10
49 13 44 17
28 8 5 23
46 3 9 23
7 27 40 24
42 25 4 18
3 26 15 36
3 15 21 34
31 11 26 6
35 12 35 7
35 31 45 8
8 33 41 18
38 18 23 3
32 11 36 13
42 15 12 20
49 19 37 9
48 17 37 7
35 7 16 32
3 21 16 17
34 18 42 11
46 14 20 30
30 11 29 46
31 9 19 41
38 18 11 1
46 4 13 19
42 24 26 7
4 32 8 33
45 20 21 23
40 17 20 28
43 20 11 11
2 29 24 38
42 9 32 20
0 33 21 17
5 32 18 4
48 9 12 33
27 9 27 34
39 13 9 10
26 11 28 29
45 26 10 12
8 33 19 47
29 9 46 41
31 13 49 20
49 18 46 21
10 1 36 15
2 29 34 37
44 21 29 16
43 24 17 3
17 19 6 18
44 11 45 22
38 11 15 25
6 25 21 23
43 9 34 21
7 37 2 4
1 33 34 21
12 3 9 22
46 16 16 27
49 9 7 11
5 30 0 33
31 10 37 16
5 31 5 7
45 4 16 32
44 21 34 23
13 31 39 11
34 4 37 26
1 32 13 38
35 14 16 42
5 23 25 26
4 36 21 29
44 9 23 5
33 13 21 25
45 7 25 18
8 40 23 30
39 15 13 22
45 20 29 24
14 33 48 22
32 4 42 22
3 36 25 42
7 32 28 18
47 6 43 22
8 28 21 9
0 9 46 37
8 29 20 16
9 17 22 2
5 32 38 19
39 19 23 7
21 9 18 19
7 30 31 8
28 6 21 16
32 5 39 37
6 33 21 7
8 33 11 20
46 1 19 49
37 5 33 31
31 10 38 34
34 11 13 26
30 19 13 40
6 33 35 14
27 9 46 43
29 7 27 33
42 16 48 39
38 19 30 27
33 10 0 22
24 9 17 23
49 27 46 21
43 14 11 34
47 15 38 21
45 27 48 14
47 4 20 15
6 32 42 37
30 7 48 29
4 30 39 8
4 30 17 28
31 18 32 39
5 30 23 9
30 2 30 22
40 20 39 7
39 13 12 26
39 16 20 14
38 29 34 43
48 10 16 6
5 27 14 12
36 26 38 16
37 13 26 6
6 32 21 31
40 6 37 10
9 30 23 10
29 12 12 35
5 19 10 4
44 6 16 31
8 16 19 26
4 29 5 15
43 17 3 15
2 32 15 28
40 13 32 6
34 15 21 23
46 9 13 13
7 34 40 5
32 8 19 4
28 7 36 17
26 9 11 22
3 32 35 11
49 15 36 20
30 11 20 28
4 32 38 48
9 25 36 39
45 21 37 19
40 17 12 29
38 14 17 15
40 5 21 31
39 29 23 40
9 31 31 33
4 30 37 9
7 8 12 43
37 18 28 24
39 15 11 18
1 27 26 30
49 19 25 43
27 9 32 7
35 10 49 12
4 33 20 35
30 7 21 40
29 9 5 24
35 20 23 32
0 32 42 26
7 34 20 39
36 11 43 7
44 12 12 32
31 9 22 26
33 6 7 18
4 35 32 21
31 6 25 33
7 35 14 11
40 6 49 29
34 11 24 22
3 34 21 30
44 20 27 32
26 12 17 11
5 33 13 22
47 15 45 29
25 18 27 28
7 23 25 24
10 28 32 47
10 33 34 20
31 20 20 18
31 23 11 39
8 33 19 3
38 16 36 22
36 22 40 24
5 27 37 10
35 9 22 24
36 19 32 33
44 1 21 16
47 16 8 17
39 12 4 37
32 25 9 30
46 11 23 5
40 16 25 18
39 12 30 26
40 11 36 10
34 17 23 19
12 32 19 23
7 29 35 17
11 27 47 19
10 34 12 28
29 7 38 6
8 33 5 10
7 29 27 8
29 10 16 25
12 31 16 25
8 25 49 25
3 33 26 44
27 32 13 28
41 24 20 27
12 33 28 34
47 16 9 21
46 20 22 6
5 27 16 4
4 16 32 20
6 32 23 33
47 15 0 22
43 11 20 24
6 34 17 31
47 10 40 16
14 22 36 19
28 8 30 34
8 33 21 28
3 34 21 7
31 4 16 24
28 7 12 33
7 28 26 4
7 29 20 25
1 14 48 15
40 2 18 34
8 29 17 21
47 20 16 5
22 13 33 5
10 10 24 32
6 24 12 41
12 29 44 8
28 6 15 8
7 35 24 26
48 11 3 25
38 20 25 18
4 18 23 15
41 1 32 5
8 31 21 24
24 12 9 19
8 39 17 12
37 20 25 28
3 30 25 35
5 27 14 29
32 4 20 1
8 31 31 7
43 20 10 17
38 2 30 12
32 15 37 11
28 8 23 21
5 30 47 41
5 36 11 28
44 19 44 4
47 27 36 19
49 8 21 25
46 8 18 22
4 28 36 9
46 12 22 36
43 6 4 31
30 9 11 25
24 10 20 19
46 13 37 20
27 7 17 5
3 33 35 16
38 25 5 32
38 13 25 29
6 30 14 33
26 14 27 4
31 8 40 28
4 31 34 27
6 34 48 16
38 16 45 19
29 9 36 26
8 28 17 36
3 26 41 10
11 16 42 37
5 13 14 29
3 30 31 26
5 28 25 24
46 18 16 30
7 34 0 7
37 13 14 42
33 6 17 8
46 8 37 13
38 3 15 26
33 11 27 42
6 33 4 47
28 9 24 3
7 32 28 14
10 31 30 27
47 20 24 21
30 11 19 28
42 23 11 20
12 24 27 30
18 40 34 40
44 13 6 27
27 9 21 37
6 30 27 11
29 12 26 20
17 19 13 23
11 35 21 10
4 15 17 32
37 10 34 19
42 8 13 28
6 28 16 35
8 31 22 26
40 24 43 18
33 4 42 17
41 23 40 12
46 24 22 29
6 32 21 3
46 2 14 22
17 14 15 29
7 46 25 21
49 2 20 49
43 30 20 23
32 13 14 3
11 31 2 18
43 20 35 22
47 10 27 1
44 12 9 22
5 32 25 18
15 21 26 27
34 28 4 13
32 15 15 40
41 10 42 33
47 20 46 15
25 1 17 24
9 27 34 27
33 13 25 36
7 34 40 42
10 31 2 15
29 8 20 1
5 27 1 36
8 28 13 33
36 15 33 27
42 18 16 19
39 26 29 30
8 38 20 9
9 29 21 37
27 9 13 17
30 7 4 11
10 27 28 30
39 18 22 5
4 29 44 23
1 30 29 45
40 12 36 22
40 3 41 17
43 12 22 24
9 31 15 23
7 29 28 19
32 8 29 32
42 21 45 9
31 24 37 10
40 3 16 39
40 19 25 33
27 4 13 48
46 21 19 12
33 30 3 28
39 7 20 18
35 5 3 29
46 6 23 19
45 10 21 7
31 9 15 31
7 20 24 30
6 30 16 47
8 33 22 28
40 11 37 8
36 6 37 13
40 16 38 9
6 35 19 15
5 31 34 19
32 8 21 40
47 10 12 14
7 32 38 17
11 29 32 21
49 26 35 13
30 10 35 43
47 0 42 4
5 34 40 26
6 30 10 27
44 2 22 22
10 30 47 10
36 16 6 39
32 39 41 32
27 11 38 38
35 12 15 31
9 32 13 33
34 6 33 24
39 24 1 30
44 18 40 13
32 8 37 29
7 29 23 18
35 21 16 41
8 33 14 23
39 17 21 8
37 24 49 44
3 10 15 3
48 18 13 48
8 26 9 10
36 20 21 34
34 10 15 30
1 28 33 27
45 12 15 44
36 16 16 20
42 12 20 14
27 7 26 20
32 7 31 33
49 10 30 19
44 16 41 33
28 4 3 22
42 13 29 33
47 3 12 21
5 27 43 13
44 30 17 30
41 11 38 19
47 24 24 26
29 12 35 7
47 2 45 12
38 13 36 26
6 29 23 23
41 18 1 20
38 10 12 29
44 15 41 20
36 17 17 40
25 23 5 14
34 12 27 23
27 9 1 38
30 7 16 18
27 10 15 15
29 6 21 21
40 8 12 14
4 25 32 34
29 10 38 11
34 9 14 35
35 13 25 18
4 32 34 31
48 8 25 25
29 14 46 34
46 8 29 42
16 12 5 18
32 8 13 17
31 18 18 32
5 35 19 8
32 13 11 21
33 8 5 24
30 4 16 19
29 9 24 24
12 29 20 3
10 32 21 1
39 13 5 25
33 9 8 32
31 20 48 32
6 32 36 31
43 4 38 17
7 29 15 26
0 8 33 16
11 31 19 7
40 16 49 46
39 6 22 1
42 14 46 27
35 16 15 22
5 21 24 14
26 7 48 26
40 24 18 31
1 28 4 6
28 23 28 9
8 33 1 15
9 31 33 40
6 28 8 14
47 20 13 11
26 8 21 14
46 27 34 3
6 32 25 27
34 8 10 26
32 8 31 26
46 22 25 35
33 16 22 15
13 22 22 39
32 9 23 19
49 25 1 36
48 13 43 13
37 21 26 34
43 15 41 3
44 6 0 33
42 12 37 21
9 25 10 8
7 31 15 34
32 11 33 17
35 20 21 35
34 1 19 42
39 19 17 10
48 2 19 41
40 20 9 3
31 6 40 17
5 35 9 30
25 21 35 13
10 32 49 22
9 29 10 21
41 11 42 20
9 24 23 31
0 4 19 38
40 17 43 20
40 15 25 28
26 8 42 26
22 49 39 18
49 18 11 40
41 11 3 13
29 13 22 13
46 29 43 22
6 33 47 3
3 42 39 9
28 11 16 24
46 5 11 21
0 33 11 6
45 8 28 30
39 9 46 19
28 9 28 37
41 0 37 34
34 5 42 18
41 20 36 20
37 14 47 14
39 23 34 10
43 20 10 26
4 30 40 15
28 7 11 8
48 13 18 27
31 10 28 33
26 11 38 17
10 32 23 33
38 13 28 3
40 34 34 8
46 24 25 24
2 30 10 38
30 10 40 18
49 30 29 21
43 8 17 40
41 15 28 28
47 11 7 4
11 38 24 30
35 11 15 4
7 30 33 9
5 15 31 32
31 17 42 8
2 29 43 7
8 29 40 25
27 13 3 3
37 0 24 32
31 7 15 14
30 14 5 27
30 25 20 26
8 24 14 6
43 13 25 23
6 31 16 17
9 16 4 33
1 31 14 23
9 32 28 21
42 6 10 21
4 30 22 30
42 6 35 18
41 17 19 42
9 10 20 26
49 10 18 31
45 14 28 27
9 33 43 26
49 14 29 30
42 13 2 37
49 7 25 28
10 33 2 20
49 16 38 33
8 33 35 33
46 18 9 17
27 8 14 0
44 3 35 19
31 11 37 33
9 40 11 2
41 6 22 22
44 6 19 32
49 12 23 6
8 29 11 42
32 15 13 11
27 9 2 10
46 3 12 22
39 19 21 34
48 13 35 40
42 12 20 0
9 32 5 12
38 18 23 17
2 35 7 23
40 14 19 11
31 5 46 9
4 26 26 21
41 4 42 10
49 6 19 31
46 14 18 33
40 25 19 18
31 20 20 26
5 32 11 7
42 17 8 13
49 12 32 16
47 14 25 12
30 21 40 5
48 14 15 18
3 30 24 4
31 8 23 6
4 29 18 33
42 5 20 22
32 7 25 20
6 35 16 5
1 11 29 8
43 22 27 18
46 15 35 16
40 8 47 20
30 11 44 31
4 27 12 16
44 16 10 31
8 33 30 17
6 33 4 16
3 32 10 21
4 35 21 11
4 34 29 33
47 15 9 46
47 14 34 17
4 7 21 39
8 32 7 2
5 32 23 9
10 30 20 10
42 12 16 27
28 10 21 21
42 9 18 27
47 10 24 7
34 9 24 38
28 7 17 17
32 4 49 48
33 8 23 28
2 21 35 31
48 10 49 17
9 31 28 39
6 29 17 16
7 32 8 24
31 11 40 23
34 17 17 24
6 32 33 10
29 9 8 48
28 14 10 17
25 9 0 27
32 9 7 24
40 19 40 32
4 27 24 28
4 25 14 29
8 22 25 32
13 7 32 8
16 30 28 12
34 0 2 24
49 13 38 26
0 28 30 48
42 15 19 13
6 39 29 30
4 26 4 18
38 22 7 49
28 4 9 12
44 6 11 20
4 30 26 4
34 34 30 36
39 19 15 35
47 26 10 25
2 29 26 11
44 16 40 29
29 12 38 28
6 36 29 11
33 7 24 4
5 30 3 22
10 17 24 25
7 32 39 10
31 8 13 47
40 4 9 22
32 13 24 22
7 24 36 16
7 34 37 27
6 28 42 19
47 13 15 23
2 23 9 4
9 27 19 30
11 28 39 19
39 28 4 18
39 12 30 20
38 16 36 34
43 15 12 34
4 32 28 27
44 4 18 7
5 31 43 47
5 30 2 26
0 32 17 28
34 10 42 14
41 19 26 31
31 3 12 39
28 10 19 25
4 34 35 17
44 16 30 39
4 28 37 14
27 10 33 26
5 32 18 9
36 24 2 39
48 12 16 15
18 16 25 7
6 30 38 14
39 0 44 18
49 10 3 33
5 32 32 15
6 31 16 3
5 26 41 17
6 27 23 20
41 20 22 1
14 29 44 23
4 26 47 30
6 30 17 25
38 27 46 46
47 20 12 31
44 17 22 3
30 7 14 24
30 8 34 40
8 34 42 41
37 8 18 11
37 17 26 2
38 19 47 22
37 10 14 22
11 17 34 20
27 7 20 39
30 18 33 4
39 17 23 26
37 21 36 7
0 31 38 12
46 5 47 15
42 20 23 28
30 6 12 20
10 31 16 6
8 31 30 15
44 9 17 24
9 31 33 16
40 19 9 8
40 24 18 21
40 9 43 22
38 23 11 22
29 6 23 1
1 17 27 4
31 2 41 6
43 5 20 34
40 7 25 5
34 19 4 41
0 8 45 27
3 29 6 17
26 8 4 40
38 10 4 24
1 34 24 38
42 30 45 22
45 6 48 13
0 19 23 29
44 19 45 32
28 12 3 25
11 31 12 24
45 20 33 22
49 17 25 24
8 32 17 18
5 25 20 5
26 9 43 14
48 10 31 24
48 16 28 32
28 8 17 9
33 11 38 12
3 29 40 44
44 7 24 31
43 13 19 5
42 16 40 3
8 31 8 2
1 35 45 38
40 18 1 15
49 16 19 27
28 8 27 23
27 7 4 11
34 33 49 29
40 16 24 49
39 23 3 34
11 9 21 28
31 9 22 0
43 7 18 42
0 34 23 13
40 13 18 26
27 10 16 42
42 7 32 23
32 6 39 11
30 13 36 21
34 20 8 41
47 17 3 10
7 33 48 36
43 17 14 31
7 30 40 9
23 12 28 6
39 10 36 15
26 4 7 18
32 13 9 19
48 11 3 16
32 7 20 31
47 6 2 40
19 9 2 23
47 17 27 22
33 17 21 35
22 1 46 14
37 17 5 32
34 8 16 23
47 8 8 10
46 11 15 29
3 15 26 41
29 14 42 15
6 32 46 17
45 19 19 17
6 29 22 2
12 31 6 30
45 16 32 12
47 7 5 30
25 1 1 32
6 34 39 11
49 13 43 21
5 29 0 24
47 3 19 24
49 14 39 10
48 20 49 4
32 7 22 42
6 30 16 13
47 11 23 20
39 4 19 22
31 9 21 11
41 13 31 18
35 21 43 19
31 11 29 35
2 0 29 37
43 26 7 3
48 7 12 29
30 9 1 46
37 34 39 19
31 6 40 16
32 12 29 23
37 14 33 5
37 27 15 16
29 9 22 20
30 11 36 8
44 19 8 26
45 5 16 47
46 16 38 32
5 32 41 14
47 11 22 43
48 12 8 8
44 23 12 27
49 12 7 23
32 9 39 43
5 15 22 42
47 9 10 16
45 14 0 25
35 5 22 6
11 30 7 43
26 8 28 30
38 20 25 3
40 16 41 10
5 33 4 46
40 26 22 2
29 19 14 34
44 23 47 34
6 31 13 15
6 19 14 31
41 26 21 25
7 26 27 8
34 32 46 22
38 21 11 32
4 36 25 2
43 23 1 15
33 21 2 39
31 11 20 27
11 25 17 19
13 33 16 19
8 29 31 21
5 34 48 25
48 18 46 22
43 11 41 8
49 14 26 33
4 35 29 16
35 12 24 41
39 23 33 22
37 27 12 19
30 11 0 7
30 11 21 23
29 11 39 12
31 21 39 26
44 25 28 0
5 32 20 26
45 12 5 29
39 14 27 21
44 13 29 21
1 28 40 23
2 21 28 0
9 35 14 23
7 31 15 25
7 23 15 34
12 33 15 18
29 12 11 12
29 12 27 29
45 14 34 35
45 6 23 33
49 2 39 15
46 22 29 34
46 20 24 5
35 27 4 2
38 12 21 2
39 11 45 27
0 34 22 21
28 10 14 23
3 12 10 40
42 11 22 14
4 33 45 22
6 30 39 10
5 32 17 30
29 7 21 31
0 29 29 28
11 33 27 16
17 17 43 16
6 34 13 23
5 27 20 29
38 21 20 15
41 11 9 33
45 7 40 28
30 6 34 10
45 23 30 27
5 35 18 23
29 9 20 30
6 15 28 6
5 32 31 16
19 16 13 16
42 15 30 15
5 32 3 11
40 2 42 16
37 16 33 27
42 7 13 15
42 35 35 19
49 1 18 14
32 10 13 19
49 8 35 12
31 17 8 20
28 12 14 22
31 7 27 42
38 24 24 5
31 10 12 13
49 22 19 19
41 10 45 26
0 22 37 21
6 32 48 4
49 20 26 32
41 11 17 34
45 13 26 29
12 32 13 26
9 4 28 23
38 12 32 29
35 17 44 19
49 1 24 31
31 5 20 3
8 30 18 0
31 13 22 17
7 30 28 33
7 35 23 33
8 18 14 27
29 9 34 11
5 28 43 32
29 12 49 31
6 34 18 0
48 25 23 9
44 27 28 29
35 19 43 9
30 6 25 21
40 11 5 11
35 14 24 23
3 32 44 26
43 5 14 31
12 29 25 37
11 35 5 21
30 9 21 18
34 19 39 4
44 12 9 22
34 10 17 20
48 18 21 46
38 17 38 31
34 5 23 11
44 14 18 21
46 14 34 23
5 5 12 16
1 24 13 19
40 8 30 1
8 24 15 41
49 25 7 11
33 7 36 5
4 34 27 32
33 7 21 29
39 11 18 34
45 8 4 19
34 15 42 18
2 24 32 19
41 11 19 5
6 25 43 15
39 13 24 2
44 8 16 45
7 26 25 28
26 7 36 8
38 6 25 28
31 12 21 25
27 7 17 8
46 20 37 21
13 30 22 33
0 27 10 35
27 6 16 0
29 0 18 3
32 8 38 27
29 10 26 17
37 5 10 36
41 26 13 7
28 11 8 18
25 9 18 26
2 21 12 11
6 30 9 21
43 16 10 25
37 28 49 6
7 29 33 15
47 19 38 25
39 16 33 25
31 14 23 5
37 19 6 12
28 6 29 13
47 15 24 30
30 6 1 18
35 8 44 9
29 8 11 13
48 19 12 46
37 16 11 13
47 15 5 35
1 36 20 31
36 12 18 28
30 8 4 37
7 34 22 10
44 18 16 34
40 7 11 31
35 17 12 27
6 30 19 34
47 19 24 31
27 11 18 44
7 16 31 37
43 4 46 19
41 23 25 2
41 20 14 16
12 15 20 26
24 9 31 33
10 30 12 38
44 9 29 33
6 35 45 31
47 3 14 25
33 24 21 25
2 29 17 12
47 27 25 24
47 18 0 11
43 18 21 28
43 20 9 26
46 7 19 1
33 10 47 31
42 25 25 28
5 32 36 17
6 31 12 3
12 20 42 18
45 23 12 22
32 11 28 3
43 16 47 28
7 31 25 23
44 25 17 46
35 8 15 24
8 30 1 23
32 10 13 22
6 34 37 22
29 11 17 29
41 12 23 43
4 27 6 34
45 35 9 18
29 9 44 8
35 14 31 34
9 29 7 16
19 28 24 38
38 11 20 27
4 26 35 22
33 7 0 24
6 37 4 12
48 18 17 18
6 33 25 28
35 23 30 19
3 30 31 3
43 15 7 10
29 2 30 20
2 9 19 27
12 34 23 34
31 12 17 5
2 33 26 16
6 38 16 1
2 35 20 5
47 19 25 18
48 17 28 18
36 13 21 7
43 32 8 13
43 21 42 42
5 30 2 12
5 30 20 16
2 29 19 4
5 34 23 24
15 14 22 11
7 30 20 32
8 37 6 34
5 31 14 22
44 20 24 36
28 8 19 0
33 6 17 10
40 24 27 14
6 10 21 34
6 30 26 10
38 20 15 9
7 32 2 28
36 19 17 16
48 7 15 21
36 12 32 24
37 10 21 12
5 29 18 20
29 9 40 23
4 28 45 25
2 25 29 27
14 17 43 26
45 18 6 6
29 5 25 14
8 32 38 14
43 10 31 16
29 19 44 13
15 20 22 5
28 8 6 39
28 8 19 31
0 28 37 14
32 13 26 21
42 22 34 19
0 28 37 21
3 37 46 9
33 9 22 26
47 14 42 5
29 11 2 35
3 40 21 25
43 12 10 48
9 26 26 24
7 33 9 36
6 30 46 20
6 32 21 24
33 33 33 3
1 15 27 43
39 17 32 14
5 33 24 26
10 37 23 17
41 9 18 35
7 26 43 4
9 28 16 17
34 7 18 34
2 29 46 41
49 6 5 44
48 13 32 31
35 30 40 9
8 32 19 9
45 13 21 32
37 20 21 34
31 25 17 22
7 33 22 5
30 21 14 30
30 10 0 24
47 10 27 38
