50 234 18567 800
32 10 2 48
29 12 24 30
42 29 49 9
32 19 8 6
6 2 46 46
40 10 43 38
32 18 43 27
28 44 47 41
36 3 41 36
28 13 32 3
37 43 47 34
41 31 8 3
49 26 41 48
43 44 21 33
42 32 27 33
34 14 25 47
15 21 30 1
22 21 35 46
32 40 31 32
28 12 35 34
16 3 49 31
22 15 31 3
49 45 11 7
11 6 38 31
30 12 40 0
40 17 29 30
18 6 30 30
37 26 14 18
29 4 47 6
10 18 22 11
32 25 13 16
26 17 41 1
17 19 43 18
39 24 42 5
40 27 34 5
44 15 48 35
27 16 38 2
40 29 35 46
20 25 40 37
26 15 19 27
43 32 4 39
38 28 35 13
44 29 11 24
36 1 47 27
44 39 32 1
23 34 24 12
18 6 32 17
27 3 48 35
45 13 34 7
42 44 28 49
21 24 36 35
24 6 38 5
18 2 16 19
44 24 46 3
40 28 15 4
21 8 33 33
19 4 43 32
26 13 27 48
34 29 1 37
40 30 41 1
16 4 46 10
37 35 0 21
48 46 42 1
25 5 43 19
17 21 33 3
34 27 12 13
40 26 36 47
20 20 24 32
20 26 49 21
25 9 22 44
28 14 12 12
30 23 37 15
36 47 37 3
38 12 10 23
44 24 26 14
43 29 33 13
4 16 23 15
34 16 48 4
27 4 48 39
14 15 18 33
20 27 15 20
33 18 33 40
37 23 4 41
22 45 17 35
23 14 1 39
30 49 14 16
31 18 47 3
37 22 6 12
28 41 33 23
46 39 13 7
19 5 22 8
25 1 43 0
26 39 25 17
29 24 34 24
29 46 12 9
41 23 47 29
22 43 30 5
11 4 31 0
32 13 49 43
48 49 19 9
42 30 32 11
47 20 28 37
41 32 42 2
44 29 3 23
35 21 15 19
48 46 22 46
30 26 27 2
12 13 25 1
48 3 30 27
15 45 13 25
42 14 29 13
38 6 44 8
42 14 44 38
28 41 41 25
19 14 18 4
48 44 10 12
15 26 47 4
28 35 48 0
8 40 39 33
41 24 43 2
28 12 16 4
44 29 47 9
13 7 0 38
45 26 16 21
21 15 36 33
49 41 45 36
19 24 17 11
12 15 32 24
44 29 20 25
34 15 46 21
37 28 40 11
37 10 23 40
31 47 18 32
44 39 45 28
22 3 7 27
26 16 19 0
25 45 32 30
30 20 25 34
20 8 35 33
21 3 12 19
15 49 17 10
43 24 1 37
16 22 31 3
23 22 29 32
17 21 12 16
2 15 33 36
29 16 7 15
21 19 24 0
23 45 25 1
21 5 22 21
46 39 40 28
12 9 5 3
27 5 31 45
18 9 35 39
7 16 8 29
30 32 44 3
24 40 39 41
19 6 42 0
20 41 40 46
31 29 18 10
37 24 6 49
12 27 28 49
38 36 25 46
40 30 12 12
20 22 45 49
28 14 43 4
22 10 25 36
21 41 34 3
12 6 36 44
22 47 40 33
26 33 47 27
13 32 38 0
45 47 3 43
29 20 1 1
40 42 42 7
29 16 48 49
31 21 6 39
27 26 20 14
41 29 24 38
19 29 18 25
45 22 11 6
14 13 26 37
45 26 3 5
39 26 45 3
7 19 16 16
16 39 24 18
14 9 23 26
43 31 25 40
41 33 32 13
47 44 30 4
21 8 19 18
43 29 4 36
34 5 6 45
12 33 11 14
8 33 31 40
22 8 37 1
18 0 17 27
22 5 46 0
23 5 44 29
10 11 21 7
26 6 17 3
30 16 7 19
32 11 44 0
21 15 21 10
36 24 3 25
21 14 41 25
23 6 16 5
14 34 40 39
20 46 43 1
40 31 48 30
46 30 23 45
37 17 33 47
37 30 8 1
18 13 22 14
43 30 49 4
39 23 42 1
46 34 37 3
30 25 25 33
43 32 46 26
18 11 42 19
18 3 43 20
8 28 7 3
25 0 24 38
41 25 48 32
23 41 17 39
30 17 29 0
42 26 35 0
16 5 30 46
6 14 46 35
44 42 3 43
11 6 42 15
44 27 36 15
43 18 22 28
45 44 5 46
