50 101 15480 800
19 13 24 47
29 10 6 17
4 20 34 32
20 20 11 14
45 23 30 29
29 16 25 39
33 30 39 38
17 21 24 16
37 13 23 38
28 32 8 13
49 1 6 7
40 26 5 10
20 7 33 34
29 23 15 41
40 20 14 29
22 42 25 11
6 20 24 41
35 37 22 18
18 28 45 21
12 20 39 38
13 19 24 2
32 33 38 32
7 15 42 30
44 23 10 4
14 5 40 44
1 24 11 37
7 17 22 49
18 20 31 25
31 17 27 8
29 15 46 41
12 17 5 23
7 22 20 43
44 32 20 30
1 31 29 33
20 47 16 48
24 10 11 45
18 6 7 18
43 20 15 46
29 29 20 6
30 6 1 41
27 43 40 30
13 28 38 23
14 21 40 27
4 19 46 36
14 13 42 47
34 36 41 31
11 11 42 36
18 5 22 21
31 10 24 40
26 45 40 0
25 19 1 24
14 10 5 11
39 15 43 47
21 44 27 40
33 0 26 12
4 43 10 36
12 29 38 12
22 23 33 42
0 4 44 39
19 36 33 41
17 20 30 39
20 13 23 49
11 23 36 35
38 26 20 2
16 10 9 7
23 20 19 1
14 22 11 1
14 25 26 7
3 8 31 16
39 24 25 31
12 13 1 2
14 29 38 38
9 46 41 32
33 10 5 16
30 19 14 6
38 20 22 34
27 14 9 14
20 16 26 46
49 8 21 36
1 8 36 36
26 9 15 6
22 11 45 35
17 13 47 14
3 23 32 45
11 18 23 30
7 19 38 33
11 18 9 15
4 15 18 9
35 25 21 13
29 37 46 32
14 32 22 39
20 15 34 28
1 34 12 11
17 11 21 36
13 11 46 18
2 14 30 6
14 48 33 27
37 16 32 22
11 24 20 42
3 25 14 43
26 6 42 30
