50 377 13883 800
2 3 39 7
46 5 44 37
27 31 34 0
37 24 11 32
44 12 31 7
36 11 1 47
43 2 2 18
35 21 42 30
37 3 37 32
47 6 39 41
23 25 15 26
48 3 10 39
5 11 30 23
40 26 44 25
34 27 42 15
40 3 7 28
47 3 5 47
37 15 39 47
9 3 13 24
47 2 38 43
40 30 1 22
42 8 4 17
13 6 40 5
42 5 47 16
22 37 28 24
18 20 22 12
41 2 16 24
0 1 27 34
3 20 11 22
48 0 19 49
39 6 40 21
49 3 14 24
22 6 42 22
21 17 7 17
47 5 19 17
12 0 0 18
4 15 10 16
6 5 5 14
26 7 5 32
40 11 37 48
6 29 23 38
36 0 3 22
35 9 17 41
4 5 36 20
47 14 32 37
48 3 40 43
15 9 12 29
4 9 3 19
2 19 7 25
15 12 9 48
10 0 34 30
31 20 31 8
5 14 26 24
32 28 2 16
46 5 40 38
30 3 18 27
22 17 30 3
32 18 43 26
18 28 32 41
1 15 32 37
1 4 4 19
46 8 3 39
44 4 18 21
25 9 41 31
30 33 42 18
43 6 39 33
26 1 37 30
49 14 22 32
41 16 12 27
35 1 5 11
46 0 0 12
2 13 13 21
8 9 41 42
43 23 38 29
3 6 19 17
14 12 22 32
37 33 14 31
48 20 14 27
36 3 35 49
3 7 24 28
36 33 4 14
11 22 44 22
25 12 13 15
2 6 8 33
8 1 45 30
43 10 32 35
33 0 16 3
3 15 0 32
47 5 46 45
41 15 10 37
46 5 22 46
1 13 33 37
30 11 41 1
39 4 38 23
10 9 24 25
5 8 43 24
42 5 49 18
15 31 24 22
41 6 38 27
48 7 4 41
20 3 28 43
38 9 38 22
37 15 35 32
10 1 30 19
17 17 5 17
44 3 4 17
43 16 40 36
44 6 15 18
41 33 16 19
11 1 1 15
48 19 5 17
22 2 18 7
1 11 36 44
27 16 38 2
46 16 21 38
48 10 10 26
42 5 22 10
6 11 34 9
41 17 14 17
43 3 0 16
39 2 2 12
49 1 13 29
45 7 26 49
42 4 32 44
39 12 34 14
7 14 3 19
6 5 6 16
3 8 38 8
11 10 48 13
7 7 1 40
46 18 12 30
27 27 19 0
37 2 41 48
34 15 3 49
27 10 1 39
38 17 13 45
46 46 2 13
0 5 37 19
17 2 6 20
46 2 15 31
37 24 45 32
39 26 47 41
16 14 43 29
22 2 25 16
15 3 36 41
0 10 47 17
48 9 10 23
36 11 10 44
9 4 2 20
42 3 38 31
4 5 45 24
33 7 46 7
8 12 40 39
7 6 0 15
29 15 7 29
48 17 36 30
7 10 32 49
23 4 15 16
29 7 37 47
26 15 42 25
12 6 2 16
42 4 47 23
1 1 37 27
2 4 46 5
19 11 46 27
34 7 21 41
49 5 6 5
5 10 30 25
33 3 40 29
5 16 15 38
40 6 37 43
41 2 37 35
7 10 23 0
44 0 33 24
29 30 25 22
42 32 39 9
43 5 14 16
46 11 13 29
11 12 18 26
6 11 38 22
40 7 9 23
44 9 33 26
46 5 44 43
11 15 6 10
27 21 41 47
1 7 32 8
49 0 4 34
48 8 2 15
49 6 9 24
13 6 10 18
12 22 36 30
42 1 46 33
33 16 0 2
13 17 46 22
44 5 13 18
1 9 25 38
46 4 33 42
36 7 39 20
16 9 44 49
5 15 36 36
39 19 6 39
2 31 44 32
43 3 28 15
32 3 19 24
48 7 16 19
45 16 11 33
48 19 0 19
33 6 3 13
44 19 19 39
39 13 46 31
1 16 48 14
47 12 39 29
29 15 33 30
44 4 32 44
27 9 7 31
45 0 11 15
21 10 38 25
4 6 11 17
42 5 26 35
37 8 15 36
48 13 46 27
47 17 21 23
49 5 2 15
13 4 32 6
13 21 47 24
47 10 32 23
35 8 40 26
17 22 14 18
49 5 47 48
47 14 30 9
34 3 28 21
38 7 25 33
31 16 37 11
3 4 47 15
9 2 7 19
5 3 2 32
45 5 39 48
33 27 14 22
1 18 45 27
6 10 5 18
46 6 39 25
48 4 32 3
41 4 35 9
39 9 2 22
32 20 22 13
35 19 44 28
13 23 1 21
38 9 25 24
46 3 14 19
36 2 1 9
45 12 41 27
0 6 2 19
49 18 32 43
43 3 3 20
44 10 36 18
44 2 44 41
4 22 5 18
36 10 2 13
12 5 38 20
48 4 0 14
39 1 36 20
9 4 42 27
46 11 0 44
12 2 35 26
37 2 18 39
25 4 24 14
3 6 32 38
6 22 3 29
46 1 9 43
39 2 43 29
11 8 14 17
19 32 38 4
11 7 0 46
20 10 33 38
31 7 10 27
13 20 27 47
46 12 41 10
12 39 5 27
45 17 33 10
8 6 38 47
32 26 36 4
7 13 45 33
5 6 17 23
30 5 9 42
44 20 0 20
22 2 40 6
36 18 2 14
36 0 35 49
21 15 27 45
0 18 8 38
3 12 2 16
39 15 7 25
46 13 36 28
35 9 0 21
13 15 37 23
45 4 39 17
11 8 17 46
8 8 30 20
33 11 5 38
8 0 45 14
42 6 12 23
11 4 32 33
21 24 46 27
8 8 0 15
33 12 8 26
49 1 22 17
9 10 5 11
38 4 8 33
35 0 30 21
44 7 22 11
37 11 23 16
45 6 45 21
47 12 38 21
8 32 6 36
47 7 40 14
43 6 6 19
49 9 22 22
18 33 30 28
30 3 12 19
26 6 34 31
48 3 4 17
42 18 48 15
35 17 38 22
43 4 33 22
28 17 38 24
32 18 1 16
44 3 20 20
9 6 3 13
28 26 28 40
49 22 42 25
43 0 0 17
46 7 32 37
35 16 2 29
42 7 9 17
5 1 33 44
6 25 39 22
15 34 10 1
14 8 18 45
6 13 36 42
23 1 15 17
10 29 3 20
3 21 12 17
2 2 41 40
2 8 37 24
16 12 23 14
44 8 39 47
4 9 43 14
2 3 32 10
14 25 9 11
47 0 24 9
45 9 14 7
34 1 13 41
44 15 45 24
3 13 7 23
10 46 16 45
12 33 29 15
28 4 8 14
0 8 1 12
47 12 3 39
48 2 49 16
15 2 41 28
24 6 19 18
33 5 39 7
35 5 13 39
1 11 35 27
42 3 40 16
4 20 31 44
28 6 49 32
42 6 37 18
46 2 16 8
33 13 40 21
11 13 0 20
45 8 2 17
41 14 30 31
24 9 40 44
40 11 15 26
2 3 49 32
