50 108 12894 800
8 30 40 45
34 17 24 27
34 31 23 23
14 30 45 12
43 48 43 34
24 32 20 29
24 35 44 17
18 32 21 34
5 28 39 27
17 39 15 27
15 7 9 38
20 2 40 36
34 41 8 34
32 33 27 34
38 30 40 12
9 21 21 37
32 9 18 40
26 18 41 31
7 17 23 36
49 6 37 10
3 25 19 19
24 49 19 33
32 4 41 9
6 17 18 5
35 43 13 19
5 30 45 38
43 15 37 36
40 21 22 27
46 21 32 22
35 40 14 2
30 48 28 20
48 26 20 41
45 40 22 13
38 5 32 43
4 27 43 40
5 26 14 49
46 26 37 48
22 24 41 4
39 42 39 36
8 31 21 38
33 21 37 36
12 21 35 37
33 39 7 34
44 22 21 21
19 35 46 19
0 27 30 17
8 34 20 41
29 19 13 49
31 47 31 15
34 45 12 18
11 33 39 43
32 15 18 49
16 32 38 41
35 11 7 7
46 24 37 31
1 29 17 20
43 17 34 29
15 20 20 26
7 24 29 29
16 25 42 14
40 30 18 22
16 21 48 22
8 20 11 37
30 24 19 26
38 28 17 28
47 46 47 22
21 10 29 27
20 39 48 16
26 14 26 35
11 16 17 20
33 25 18 2
47 47 13 33
47 39 35 43
35 45 30 7
44 19 21 29
23 13 21 22
49 25 35 23
4 20 27 8
7 17 37 39
47 45 17 25
24 30 17 20
2 29 14 48
7 29 36 30
48 33 41 18
13 31 35 13
27 39 5 41
23 41 13 21
32 35 13 21
37 38 24 24
43 34 8 47
13 24 16 27
44 23 25 27
9 23 15 17
36 36 8 8
0 28 14 39
31 46 21 38
20 25 14 19
3 31 48 22
7 29 17 35
27 37 7 34
37 47 40 38
3 25 24 22
17 9 29 8
17 42 35 26
10 27 46 18
2 25 13 25
16 18 14 23
21 23 47 23
