50 803 17604 800
10 8 25 43
18 3 33 13
44 24 1 24
9 0 15 24
16 5 40 33
38 10 9 22
46 23 11 19
22 33 0 21
47 21 11 13
19 30 15 40
13 0 14 48
17 36 11 17
42 22 9 30
22 2 14 30
45 23 0 24
44 21 2 43
9 1 26 34
5 45 0 19
17 7 12 22
28 14 27 23
45 25 24 17
29 15 10 46
13 32 19 24
18 33 36 18
21 28 48 29
41 33 39 45
30 0 21 19
10 5 16 24
22 16 31 31
37 40 40 47
15 33 7 34
15 26 9 16
25 8 14 31
19 8 9 34
26 37 25 18
25 21 21 29
47 20 13 30
45 26 0 38
19 38 36 5
47 17 26 41
42 21 21 36
45 21 26 31
17 24 42 5
44 24 36 41
19 9 15 31
2 49 23 32
13 7 24 46
5 45 8 23
40 19 12 30
7 11 40 21
29 23 7 15
10 32 9 37
1 41 2 21
2 0 22 43
17 9 26 38
38 36 39 9
16 13 43 9
18 10 34 46
5 0 37 27
5 11 26 46
14 35 38 6
42 24 19 22
18 37 9 43
17 3 4 20
18 36 11 23
24 19 29 33
16 2 45 34
19 34 28 37
17 34 32 40
2 24 17 24
17 1 18 29
12 9 24 34
14 39 19 41
20 36 45 12
24 1 23 25
43 24 1 17
25 2 38 41
6 32 23 13
47 22 5 21
16 6 44 8
47 24 19 41
45 23 9 34
38 25 9 30
39 21 5 20
47 40 32 39
23 33 21 26
23 14 9 26
33 6 24 19
44 24 39 13
27 4 25 44
48 22 4 25
17 36 21 26
8 36 4 14
45 29 10 14
19 41 10 23
14 25 27 12
18 10 25 12
19 3 15 37
7 3 22 35
18 9 28 16
41 23 16 35
34 31 39 30
37 43 28 18
27 3 19 43
45 26 19 23
18 9 28 41
32 9 47 14
11 38 17 12
48 25 18 39
4 12 22 22
25 31 3 34
10 3 20 31
11 0 10 35
20 1 31 28
12 27 8 39
14 35 0 25
6 10 23 27
20 32 16 30
12 22 12 33
19 7 35 40
20 37 2 21
47 18 4 28
14 22 35 27
42 23 48 5
18 38 28 26
43 23 32 42
18 37 15 30
11 15 29 27
4 37 0 22
44 23 38 8
14 35 19 28
14 27 44 36
12 2 35 30
25 20 19 25
39 41 23 13
45 21 35 47
15 34 3 21
43 21 30 23
25 19 21 3
42 23 10 20
18 21 6 25
45 4 6 33
20 9 28 32
8 19 23 35
37 15 28 37
42 22 15 34
18 35 28 36
21 12 22 25
15 16 32 25
16 15 24 37
49 22 6 28
26 41 44 13
49 23 30 21
43 22 30 34
12 21 40 39
23 9 14 7
24 32 46 15
35 21 17 3
32 16 43 11
9 3 18 20
11 8 27 27
14 30 3 15
19 11 25 39
39 24 32 21
43 29 7 30
10 15 34 43
21 37 14 13
30 7 3 42
17 34 30 21
14 46 21 34
27 7 17 25
46 27 46 14
27 8 20 19
2 48 15 35
0 19 3 22
43 37 46 6
5 13 21 17
45 24 36 6
25 8 18 37
44 21 7 28
12 40 10 34
19 41 7 30
45 19 37 37
28 40 16 25
11 28 14 37
7 0 19 46
45 24 41 38
29 3 2 18
17 32 2 20
24 34 28 32
43 21 30 41
7 23 17 27
27 33 20 30
18 34 12 23
14 26 20 17
43 18 9 45
30 30 20 11
17 5 16 38
19 38 46 38
1 44 41 35
16 6 48 22
16 34 1 16
12 18 1 15
30 48 39 45
2 7 42 16
43 20 29 21
49 33 3 31
46 23 4 23
9 3 33 35
7 0 31 43
18 38 13 43
16 13 23 20
45 21 11 12
33 26 16 40
16 21 24 44
28 31 8 10
42 43 12 29
22 8 23 28
29 26 1 13
32 38 31 33
3 39 11 20
31 49 47 8
12 25 47 40
45 17 14 26
19 0 18 42
13 17 4 19
20 6 13 29
12 2 39 26
2 5 15 23
26 7 29 3
45 23 24 36
14 22 24 42
30 48 23 49
10 3 44 7
11 9 34 32
43 23 20 35
14 26 9 32
47 44 23 12
42 21 34 36
29 43 8 2
29 17 10 33
44 23 30 46
9 24 9 13
43 19 11 23
5 27 32 48
37 5 26 40
11 19 26 35
41 21 23 30
22 17 33 26
8 16 19 25
47 20 32 23
7 0 5 41
43 21 5 5
13 8 23 33
45 16 0 27
15 9 2 25
45 25 35 24
9 9 17 45
19 3 33 49
5 5 22 31
14 19 19 19
42 24 13 38
45 21 16 26
10 20 17 21
46 22 31 33
12 8 30 41
33 13 2 30
43 25 9 18
30 34 35 47
8 26 18 31
37 45 20 29
15 3 19 36
46 20 10 36
42 22 13 23
13 10 40 12
17 14 16 31
28 25 22 25
12 29 32 37
45 40 46 36
0 13 28 25
13 31 9 12
35 0 30 26
8 8 24 32
35 34 17 4
6 11 32 46
45 26 35 35
9 11 3 22
8 18 19 25
36 8 36 25
33 31 38 17
11 24 26 21
18 6 10 30
14 17 2 31
39 4 19 17
18 38 29 6
42 20 39 31
22 42 27 25
47 14 17 33
36 0 39 14
44 24 0 24
33 42 32 5
28 7 19 30
43 17 33 44
16 43 26 23
15 5 20 29
2 49 31 12
6 17 32 2
30 9 7 16
38 5 19 24
7 32 0 17
44 23 29 25
7 14 9 22
17 37 27 40
21 21 43 37
22 18 11 19
22 7 8 12
11 30 24 28
17 35 42 24
17 5 4 25
11 16 22 26
9 10 18 29
4 8 19 0
17 33 44 38
21 34 12 37
43 19 23 26
33 28 33 13
23 22 2 29
20 37 36 44
48 19 12 30
26 13 26 0
43 2 37 34
18 1 11 39
36 26 35 44
33 16 5 42
12 20 13 35
24 1 40 8
3 20 17 29
35 13 20 34
14 31 46 26
0 3 14 25
11 8 6 34
3 0 24 21
9 24 32 34
18 30 23 11
14 39 18 24
44 22 34 42
12 49 14 39
25 37 15 30
32 31 18 35
19 40 0 29
47 26 9 30
30 15 27 44
20 40 49 2
25 10 17 31
42 25 5 27
44 22 39 45
47 22 22 31
48 17 20 49
17 40 5 16
12 23 1 33
26 13 8 29
46 23 29 25
45 27 29 28
18 35 25 26
18 35 36 29
22 29 5 24
44 37 22 34
25 12 3 24
46 20 15 44
17 34 35 35
23 14 27 20
42 28 28 26
31 45 24 46
37 7 38 35
42 23 15 33
22 38 26 39
27 39 16 31
3 5 9 30
48 38 12 29
17 38 18 30
45 22 14 9
9 30 8 37
29 24 23 36
17 1 19 37
42 23 21 47
20 9 22 30
6 39 19 13
15 16 31 33
19 38 7 21
17 8 5 20
3 32 35 17
14 41 32 32
22 39 40 33
42 21 28 39
42 23 35 6
46 24 3 15
15 15 9 24
43 25 9 26
44 5 30 42
19 13 19 22
37 34 43 26
31 21 18 26
11 2 27 18
31 29 10 32
24 30 23 38
15 1 43 41
16 44 7 23
47 13 14 26
49 27 21 39
15 2 39 6
48 26 36 4
4 14 31 19
22 40 35 5
47 21 10 38
45 20 2 22
32 8 9 27
26 6 18 29
46 21 37 47
45 25 37 49
29 39 37 11
44 22 6 34
19 40 8 33
30 47 38 16
49 19 16 33
13 13 36 26
18 37 30 20
34 49 15 26
11 23 9 19
44 22 1 21
10 38 34 33
45 26 7 23
16 37 8 21
8 19 9 29
24 4 9 12
20 24 36 0
0 13 18 29
12 46 32 28
11 34 38 42
49 19 13 30
22 36 1 17
48 23 7 25
36 8 5 15
36 6 14 22
43 24 43 37
45 22 2 20
23 9 3 28
15 6 25 48
18 37 1 37
44 21 30 25
42 25 10 34
10 32 20 39
42 23 6 23
11 20 4 14
42 28 38 36
8 25 42 38
31 16 37 16
10 15 21 26
34 0 27 32
17 26 39 5
39 36 6 30
13 33 13 45
44 23 16 35
14 5 48 18
18 38 28 20
40 13 20 17
46 18 11 20
40 22 1 21
16 28 19 49
17 34 8 21
20 34 20 17
41 24 24 33
43 40 39 2
48 20 2 15
32 33 7 20
43 23 24 32
28 16 14 29
25 18 39 11
27 12 33 25
46 17 47 47
33 2 25 17
32 11 26 33
33 10 14 12
31 39 11 38
44 28 38 24
44 25 18 33
19 7 29 26
42 22 2 27
42 20 32 21
43 29 29 14
3 34 4 26
37 33 2 49
0 20 43 48
39 24 38 34
14 18 6 47
26 6 18 23
30 38 28 11
12 8 23 31
20 35 45 7
48 18 18 37
45 21 31 15
9 28 2 16
13 4 28 10
13 25 20 8
15 36 30 32
8 19 12 11
16 32 4 37
41 6 49 30
4 6 33 25
12 34 29 5
13 26 22 45
21 11 27 45
10 10 28 22
14 34 9 20
22 48 33 5
48 27 4 18
17 20 42 14
45 23 16 41
9 23 35 38
26 13 18 30
0 9 20 22
4 19 21 15
25 2 17 26
42 24 22 16
14 42 9 11
32 7 10 35
25 8 25 29
42 22 38 13
45 24 22 10
44 24 40 8
37 10 18 21
20 16 26 19
7 30 25 30
18 31 12 26
17 35 13 33
18 20 26 38
16 5 9 35
47 24 15 22
38 1 27 42
22 11 18 30
18 36 0 35
19 36 17 43
20 36 29 18
28 7 12 37
47 33 7 6
1 6 27 10
16 34 16 29
7 22 33 18
27 36 7 25
41 27 34 13
0 27 28 46
6 25 27 35
25 10 46 7
39 23 9 26
19 0 24 9
43 24 49 1
6 11 14 38
42 23 34 8
30 25 45 19
6 38 6 23
46 23 46 49
49 32 13 41
42 25 17 17
24 8 1 28
47 22 1 34
43 23 47 11
13 8 27 12
13 13 1 32
44 20 25 34
49 21 32 30
23 37 20 42
28 12 43 11
44 24 44 16
48 26 19 34
7 2 31 0
8 3 13 37
39 41 45 46
27 17 24 21
48 24 2 22
24 3 19 34
5 4 10 22
22 4 27 7
20 20 22 48
21 45 1 20
14 0 28 40
22 2 46 29
22 7 28 22
13 2 49 2
48 27 5 20
29 27 32 32
46 24 12 20
21 30 49 47
34 11 17 39
19 20 34 33
10 18 1 25
46 22 18 48
44 26 15 46
16 29 49 14
44 23 0 12
9 11 25 44
20 5 15 30
43 22 19 18
19 12 35 4
43 34 13 18
21 0 6 11
16 38 32 28
20 9 26 33
20 30 13 34
20 24 14 47
5 38 47 3
26 23 21 13
48 18 42 39
16 39 17 45
19 35 20 41
38 30 28 38
15 32 44 17
17 37 45 22
29 3 12 26
27 49 19 43
23 42 3 45
37 36 28 13
20 6 45 16
46 27 42 4
21 5 14 37
21 17 16 32
8 18 19 29
47 22 45 25
44 26 40 31
14 33 18 49
1 0 23 8
24 0 42 12
13 11 33 39
19 34 17 26
1 12 38 37
15 4 10 32
44 25 37 30
19 30 30 43
20 5 1 22
28 10 16 42
44 20 11 35
44 11 5 18
24 0 39 48
14 7 17 37
9 33 5 40
43 21 19 31
12 29 6 40
20 35 7 21
5 27 28 3
19 37 28 0
13 27 0 30
27 43 30 40
16 32 22 34
8 16 25 36
16 24 40 17
17 18 46 32
25 0 5 41
46 21 46 11
3 8 34 12
45 22 9 27
21 45 0 16
45 23 33 46
15 2 21 31
48 23 21 28
32 10 35 22
43 21 12 32
33 31 16 32
17 32 49 12
46 24 7 20
33 43 12 31
45 20 22 48
17 33 16 37
19 36 5 18
10 4 22 18
16 36 35 25
26 5 35 46
45 23 45 43
15 11 26 44
46 23 37 38
27 20 34 13
39 19 13 34
18 17 28 7
40 22 6 37
9 24 28 34
42 24 27 45
19 17 34 24
7 2 11 23
12 33 44 30
41 24 23 9
43 21 19 33
42 23 33 44
46 23 1 30
33 19 18 12
43 25 0 21
45 23 25 17
45 27 22 24
20 32 25 17
22 35 32 2
0 3 18 33
15 33 34 37
19 36 20 42
49 16 26 43
41 25 19 39
45 24 17 24
48 24 38 3
14 36 42 28
20 25 29 12
18 34 6 12
49 20 24 21
19 28 37 18
17 6 23 2
16 37 19 30
41 20 11 48
7 3 15 26
36 45 9 37
7 13 18 33
4 21 1 35
45 22 42 4
26 13 10 35
28 13 23 35
31 46 9 17
45 20 14 36
46 20 33 44
41 23 3 16
20 34 3 27
13 2 7 39
22 46 22 12
27 12 12 21
15 33 29 44
9 14 3 46
14 35 25 27
44 21 5 30
32 39 29 19
28 18 20 26
13 10 2 16
24 15 30 45
5 20 30 39
11 6 29 40
44 23 21 19
17 41 27 17
20 1 31 22
7 6 10 32
25 1 27 39
41 49 37 23
12 5 5 38
40 23 16 20
19 5 23 43
49 23 29 15
13 34 22 26
11 26 0 18
10 11 10 37
24 20 34 43
31 2 35 40
2 29 6 49
22 15 48 5
42 22 22 30
42 22 18 31
14 18 38 34
13 36 35 3
42 22 20 30
29 11 16 21
17 36 7 18
46 24 15 21
47 23 26 45
24 38 23 25
43 26 45 42
31 14 22 40
9 16 16 14
6 12 14 25
11 7 2 22
46 41 19 46
10 8 6 33
42 24 26 45
21 34 23 22
13 4 5 20
45 21 30 2
17 17 40 45
15 2 29 31
47 21 43 11
8 18 33 15
44 17 19 47
4 6 1 30
45 20 16 39
47 19 5 28
43 22 23 38
49 21 17 28
16 36 21 33
21 35 37 16
1 24 8 36
37 12 27 15
20 2 33 34
19 28 34 42
40 44 4 10
4 5 13 31
48 25 15 35
40 26 25 8
43 24 5 43
18 38 33 17
46 23 10 45
11 18 27 18
25 2 27 38
11 9 23 18
14 20 17 2
43 22 25 14
9 2 20 35
