50 76 13944 800
31 45 28 36
31 42 24 42
9 37 38 29
38 47 45 38
26 38 15 36
28 38 43 23
13 40 27 37
38 49 27 32
14 46 34 21
19 9 49 16
17 10 48 20
10 34 43 37
37 5 11 29
13 48 37 19
26 0 41 30
15 46 38 39
18 9 44 31
25 32 29 33
15 17 2 43
35 35 40 7
26 26 39 10
5 5 37 15
21 41 36 21
12 23 5 23
22 23 49 19
6 46 40 15
6 8 27 32
31 42 26 40
11 45 47 15
30 35 4 32
16 2 29 38
11 13 25 34
7 8 5 48
10 20 38 25
9 23 37 8
42 47 23 34
38 14 45 23
13 43 41 18
17 46 25 17
33 11 29 33
7 16 31 37
12 40 35 18
45 49 20 18
7 24 43 9
14 40 26 34
41 43 34 7
25 42 10 47
20 48 7 15
12 17 23 20
35 32 32 13
24 41 40 24
16 44 26 35
14 1 35 8
23 13 42 12
19 46 49 11
31 42 26 33
1 25 25 41
11 41 38 14
34 39 48 27
17 37 20 48
17 16 5 39
13 24 20 35
10 10 21 43
1 21 18 43
14 7 11 49
11 48 26 49
33 41 46 41
35 47 46 9
20 26 10 41
5 32 36 20
32 33 26 19
43 37 9 47
13 8 27 32
24 44 19 47
8 33 44 38
31 36 38 25
