50 680 17642 800
10 30 4 12
11 2 38 43
10 7 46 10
46 40 46 9
11 24 4 22
8 16 29 44
11 32 40 1
12 31 48 9
49 33 41 45
7 21 36 8
13 33 1 49
8 19 42 21
8 22 5 5
10 31 41 40
16 5 22 27
8 19 39 41
44 34 44 2
11 18 37 2
5 19 40 9
10 34 47 4
6 18 42 7
10 29 0 12
5 12 46 2
33 41 48 3
11 30 45 5
1 23 13 6
4 18 44 40
14 33 7 19
14 26 19 0
6 28 1 10
26 1 28 43
26 1 46 7
35 30 9 5
3 25 5 2
14 28 19 46
13 29 24 49
14 30 43 3
16 27 44 3
11 29 16 0
29 38 49 40
7 6 39 7
9 21 39 9
40 47 28 42
23 1 32 39
21 2 46 17
16 31 2 44
3 21 43 19
6 15 39 38
6 7 37 44
6 20 8 40
13 31 28 41
13 29 48 6
4 20 40 5
13 28 43 5
11 27 3 8
15 29 46 45
14 28 6 0
2 25 43 41
7 22 35 15
8 20 44 8
12 30 38 48
7 20 28 49
16 5 16 17
21 4 10 13
47 20 43 8
49 4 4 9
4 16 6 5
25 0 40 15
19 15 3 44
49 24 1 9
33 35 43 0
30 26 11 21
17 32 35 7
21 1 9 17
27 4 41 33
19 1 47 44
16 1 40 28
3 19 46 1
38 49 39 5
9 32 48 2
5 21 38 31
9 20 4 7
11 37 30 39
11 28 15 45
13 1 12 6
17 7 47 5
10 35 32 47
41 22 0 12
31 41 12 2
13 29 40 6
49 27 7 40
15 32 45 35
10 31 3 11
21 4 38 36
22 6 41 40
9 22 45 41
26 39 44 6
14 32 0 3
5 23 9 9
22 2 5 2
9 21 11 46
0 19 13 11
12 24 41 41
11 15 42 6
11 28 32 48
10 6 1 34
24 32 38 38
17 2 37 39
6 23 47 17
6 23 33 7
12 27 43 31
11 25 2 13
8 23 40 26
5 2 41 41
33 39 43 37
9 23 44 3
48 19 44 37
10 16 28 6
16 33 10 32
11 29 48 30
14 31 42 38
44 45 17 29
14 30 48 7
39 44 40 1
3 22 11 45
11 28 16 6
40 35 41 39
13 32 46 37
11 30 46 30
18 0 48 41
9 32 46 4
40 43 12 26
22 32 1 9
11 29 40 39
19 8 37 2
34 18 38 28
14 28 13 42
9 34 49 26
6 30 5 14
8 29 46 33
17 31 41 2
4 21 13 42
15 30 6 11
45 26 6 13
46 39 48 2
15 27 43 7
31 27 15 13
14 30 42 2
7 23 42 34
6 25 1 15
12 26 17 8
21 10 41 1
13 29 47 6
25 14 40 1
7 24 49 33
16 5 8 39
4 24 29 14
8 28 47 39
24 11 46 5
23 34 12 47
14 33 9 44
4 19 45 9
15 31 33 43
37 13 47 5
13 26 4 8
11 28 1 5
12 28 33 42
14 26 45 42
1 20 35 46
11 29 46 2
10 23 38 44
13 30 15 3
25 1 47 3
12 31 28 41
11 27 46 38
14 28 44 8
31 47 43 6
16 0 49 40
26 43 46 8
47 42 36 44
28 23 48 4
11 30 19 43
15 10 2 10
9 2 38 33
6 22 49 3
33 40 44 26
16 36 14 43
9 20 1 13
30 16 37 41
12 2 7 6
7 20 35 33
2 20 8 47
22 33 7 49
14 28 49 4
3 19 24 39
40 42 26 45
11 19 34 21
48 37 42 41
9 21 10 45
15 33 43 4
30 9 4 12
24 4 46 45
13 31 27 42
47 45 45 34
12 29 37 45
12 32 49 21
15 31 23 6
23 19 5 37
40 30 1 3
10 27 45 9
18 29 3 7
46 42 14 10
17 30 43 6
11 29 1 8
13 41 3 0
12 31 2 2
36 28 43 15
32 29 18 43
16 26 20 16
16 31 43 2
14 31 1 40
15 33 16 14
11 27 45 36
11 27 45 39
27 12 44 6
15 17 0 46
27 2 28 12
45 47 47 36
7 21 17 38
44 26 16 35
6 21 14 47
18 6 35 28
9 24 44 14
29 9 13 47
13 31 38 37
9 23 37 12
25 4 26 14
44 40 16 12
4 20 30 43
42 39 3 12
13 30 49 39
0 19 47 40
12 22 25 43
13 26 22 41
35 35 35 0
12 28 46 7
48 46 8 36
6 19 38 37
33 37 4 8
19 15 47 34
37 21 35 41
13 33 4 16
12 28 44 3
10 27 15 34
9 28 46 21
48 27 1 15
17 32 12 48
33 13 12 6
11 34 47 4
12 31 43 7
13 34 7 49
46 41 27 26
14 30 44 44
17 31 3 43
11 27 34 37
23 37 28 11
14 29 2 43
33 47 19 33
40 41 44 7
16 4 1 41
28 41 34 30
43 34 5 4
13 27 46 33
5 20 44 4
11 29 41 28
12 2 33 7
12 30 8 8
9 25 11 40
11 31 13 49
7 19 34 29
44 37 47 40
7 26 39 9
39 43 47 34
2 16 46 10
2 20 46 32
12 29 11 37
1 14 48 20
13 30 42 12
12 33 17 42
13 36 32 34
4 22 0 6
13 30 47 6
4 23 2 41
8 21 39 6
9 19 47 4
18 30 48 3
16 29 14 45
13 6 43 49
7 11 3 49
15 31 11 47
5 19 32 16
12 32 45 8
7 17 40 39
13 30 3 6
15 31 10 1
7 0 47 39
6 4 7 34
31 27 41 9
12 29 43 5
4 22 39 17
29 7 14 44
6 17 32 7
43 28 6 49
22 10 15 23
7 30 5 46
9 6 41 21
15 11 38 4
8 29 20 36
26 29 3 41
14 29 25 29
2 18 9 28
48 39 42 8
5 21 42 36
5 24 8 38
44 41 30 32
20 12 0 37
29 0 28 44
10 5 5 9
34 34 20 11
9 23 42 5
10 29 33 46
32 33 35 41
47 27 39 3
44 23 45 5
5 21 32 38
1 19 36 49
45 27 31 49
21 5 48 1
27 15 12 49
12 4 43 5
32 43 6 4
3 23 37 42
13 30 43 2
5 28 15 36
14 29 22 38
11 29 7 13
46 33 6 9
14 27 44 10
17 38 48 38
14 32 38 1
6 21 20 1
39 26 11 7
20 6 47 4
8 21 46 7
48 41 9 12
18 33 11 10
12 32 42 6
9 12 3 43
3 23 38 38
6 18 40 36
39 39 2 13
3 21 40 21
42 37 43 8
22 1 46 6
11 25 37 35
3 19 46 9
5 19 46 38
5 25 7 8
39 46 8 47
44 35 14 14
13 35 6 13
5 8 10 8
14 34 37 12
3 19 4 6
49 17 9 14
17 30 45 6
35 42 42 1
20 31 22 45
14 8 42 41
14 30 45 5
13 31 10 48
9 16 40 44
5 25 6 36
45 39 45 8
46 35 11 46
43 49 46 9
48 43 23 38
14 3 9 29
2 20 45 41
7 19 4 40
14 28 42 31
13 33 3 37
32 41 46 7
9 30 8 12
3 20 43 43
44 8 16 22
12 33 12 3
7 18 20 29
13 31 48 9
17 11 4 14
17 2 44 3
44 21 3 2
13 29 29 46
12 31 4 16
11 31 9 44
6 21 29 39
6 22 44 5
40 3 31 23
8 16 5 46
14 34 43 34
15 33 1 10
3 22 12 48
6 4 9 39
12 26 43 1
18 30 36 46
49 39 39 14
14 32 47 1
17 30 0 1
14 29 1 39
14 27 4 13
11 32 31 7
9 25 35 6
13 31 5 19
26 4 13 45
8 24 44 39
9 33 38 35
13 31 26 0
49 22 49 39
44 12 36 31
5 23 2 15
48 42 15 39
10 21 48 31
37 16 44 1
26 40 25 29
10 18 8 46
13 13 38 15
12 29 48 1
5 22 9 42
48 36 44 7
38 9 18 23
8 22 45 8
9 22 35 5
13 5 35 48
46 43 17 3
9 23 40 43
15 29 41 30
5 20 41 1
47 27 2 42
14 38 0 13
6 42 34 42
15 30 10 47
8 21 41 1
47 38 10 46
34 29 6 11
32 36 11 8
13 31 19 44
13 30 39 1
10 34 14 40
13 29 45 34
15 27 45 2
8 16 1 10
11 20 13 30
18 47 2 4
15 31 0 17
11 32 41 42
16 28 48 4
8 18 35 9
45 20 5 6
49 28 38 41
13 26 38 6
3 20 6 10
11 9 3 20
14 27 39 38
11 31 46 13
12 32 38 48
28 28 45 8
3 23 43 3
32 42 14 39
16 27 36 13
29 10 4 6
5 22 1 15
27 45 5 9
3 21 40 1
7 19 19 41
38 41 2 11
36 17 41 5
21 2 38 35
5 23 26 43
38 26 4 48
13 27 46 0
15 28 48 6
21 10 7 44
15 36 18 12
12 29 6 4
42 45 4 5
46 32 18 14
30 43 5 47
5 24 2 11
13 28 42 5
36 41 44 6
43 34 22 29
45 35 46 39
16 30 45 5
4 24 12 32
23 20 24 30
18 29 10 45
13 35 29 20
3 22 34 36
45 38 26 47
22 5 48 5
6 22 1 5
24 10 46 7
39 41 19 38
15 30 3 3
13 30 39 40
15 29 33 42
9 19 26 18
13 26 16 11
41 49 26 42
14 27 32 9
6 21 27 45
14 31 47 3
41 31 48 7
18 4 48 13
18 31 15 41
14 28 45 4
4 23 23 1
6 22 29 49
8 15 48 32
12 27 44 9
6 21 43 34
16 29 34 14
44 4 38 20
8 26 27 44
25 17 45 3
26 35 25 0
23 6 46 41
16 30 12 43
3 24 15 17
18 0 1 3
13 31 2 46
13 33 41 1
40 37 2 34
3 21 17 41
11 29 28 2
44 46 35 6
45 43 11 29
6 22 24 7
17 7 43 5
6 20 43 1
0 20 41 2
2 16 7 12
11 31 46 39
10 23 48 36
12 32 33 36
9 30 9 46
29 45 0 42
2 23 40 14
31 36 49 34
13 29 17 45
20 8 48 1
14 31 6 44
8 18 46 8
30 42 41 4
38 40 7 9
11 30 48 10
14 27 38 40
19 8 2 11
20 21 48 1
49 30 42 35
5 22 20 11
15 16 17 49
10 22 20 42
13 29 6 21
46 49 47 40
12 31 5 9
5 24 41 8
12 31 44 7
42 39 34 37
49 26 46 9
35 33 46 7
13 29 4 3
11 29 13 33
12 27 4 2
13 30 2 36
21 4 9 40
5 20 8 10
6 21 43 6
19 28 49 39
23 8 45 32
42 31 7 16
40 34 43 1
14 35 44 5
21 26 10 17
42 22 9 1
12 32 30 41
33 35 38 31
14 33 42 2
5 19 41 2
31 49 45 8
44 25 30 3
13 31 33 13
14 11 41 39
7 22 34 45
48 36 8 1
10 24 12 6
13 28 42 37
40 36 24 32
43 48 20 26
8 4 42 7
38 35 6 1
16 32 11 43
12 5 24 45
39 38 44 7
4 21 45 10
16 9 46 6
16 2 31 11
12 30 46 35
45 46 43 32
6 21 45 1
28 39 23 45
31 44 33 48
30 41 45 8
15 32 10 16
13 20 5 10
13 31 6 45
19 35 40 49
49 20 15 37
12 28 30 13
13 31 33 34
39 31 38 37
9 30 48 5
13 32 32 37
8 6 39 3
14 27 28 26
12 34 3 4
16 24 35 7
7 24 28 32
13 33 32 4
41 10 34 45
5 25 10 48
16 30 47 1
19 1 8 49
24 14 37 12
11 17 40 5
18 40 25 47
5 22 35 36
5 14 41 8
14 26 10 30
33 17 39 10
14 29 18 27
6 20 30 3
15 26 21 33
27 33 21 16
12 26 5 4
14 28 29 48
12 29 4 48
11 33 36 8
17 5 37 6
38 26 21 1
42 26 7 17
12 10 6 43
16 8 2 48
12 29 42 46
13 30 1 38
8 23 4 17
21 2 6 48
8 19 43 7
11 28 40 1
7 16 37 4
3 20 40 5
32 37 22 42
16 38 32 40
47 34 24 38
26 21 5 49
46 24 47 33
11 29 47 2
12 30 32 47
38 23 9 22
8 25 3 0
