50 228 18552 800
29 28 22 44
13 38 8 27
36 35 0 46
15 32 44 6
9 45 25 9
18 18 47 20
40 47 25 8
29 24 14 28
13 41 15 32
20 38 30 36
48 41 27 6
38 37 10 43
30 7 39 32
2 39 45 21
13 20 44 17
38 15 8 34
29 23 26 11
25 11 46 4
37 33 10 43
38 39 27 15
8 49 7 31
40 12 38 31
48 42 49 14
32 33 21 33
7 24 48 8
45 3 45 13
20 32 42 30
34 40 20 23
33 1 5 44
41 8 18 46
17 37 42 5
14 20 0 48
28 44 40 27
25 15 40 34
47 14 26 11
44 41 25 11
36 33 23 11
29 46 2 39
20 33 38 32
36 18 34 38
26 43 2 20
7 39 19 40
36 27 14 40
7 37 37 29
11 19 26 24
14 48 48 28
24 48 19 29
18 17 21 44
37 12 49 9
39 9 27 14
41 8 12 41
46 29 16 37
8 46 44 30
44 41 24 14
41 38 34 30
48 8 43 24
42 18 3 38
25 11 42 27
18 8 31 13
18 20 48 32
38 4 20 43
25 18 10 28
49 39 37 29
14 39 15 20
22 49 45 30
15 18 26 30
38 10 42 7
22 36 3 49
13 23 13 41
49 32 48 24
17 17 18 27
24 42 45 29
49 33 22 10
37 43 39 26
48 30 26 14
44 10 43 30
9 44 40 32
0 32 17 25
47 39 25 8
49 46 26 13
35 21 27 21
37 25 48 13
35 42 43 30
36 15 22 11
35 9 13 25
45 9 28 11
48 16 2 37
30 49 9 37
32 11 22 9
43 31 44 24
22 30 13 28
45 24 41 11
3 39 44 16
26 30 12 28
18 13 28 6
45 5 44 29
45 16 26 15
47 3 49 20
38 12 23 12
42 3 45 32
26 27 12 20
45 36 1 47
26 11 14 18
26 46 19 34
27 39 24 10
20 25 10 23
49 12 46 20
41 2 24 13
12 45 47 29
44 7 7 47
26 29 5 28
10 47 22 1
37 43 13 26
33 41 25 13
36 21 11 43
18 46 20 11
43 47 41 34
46 8 34 25
23 31 21 21
28 38 5 35
22 43 18 38
30 34 34 25
25 46 0 42
38 2 26 15
37 24 17 26
20 11 46 28
27 44 48 35
22 24 12 24
29 19 8 45
49 48 14 30
11 35 36 26
48 2 24 10
14 4 25 15
46 30 29 28
45 39 46 28
35 38 24 13
17 11 25 12
19 5 40 16
31 32 28 25
38 48 40 19
32 6 7 42
29 8 49 24
14 12 35 25
22 14 30 12
48 7 5 38
37 27 40 7
40 39 24 13
46 42 32 32
25 24 24 9
17 24 7 43
46 3 24 24
49 5 19 38
42 8 26 12
49 9 15 26
7 41 40 0
20 6 47 29
43 47 10 32
48 0 20 21
37 41 12 22
44 5 9 20
19 45 26 39
39 31 24 11
7 35 7 46
6 40 12 28
17 30 46 27
41 7 22 11
47 49 37 25
38 13 41 22
11 14 44 16
20 17 22 45
38 40 7 41
49 37 41 27
23 24 48 18
18 49 47 35
36 43 43 7
30 43 35 23
7 36 42 22
28 35 20 18
25 49 14 47
25 11 7 23
48 40 40 24
28 8 31 14
42 44 18 32
43 30 46 26
41 9 40 27
1 38 24 11
12 44 27 13
42 2 23 17
43 38 3 16
15 12 29 13
24 29 36 15
43 43 27 13
45 48 41 2
32 38 44 11
25 31 26 12
39 46 39 29
44 13 41 30
49 3 38 29
32 2 8 47
17 13 37 27
11 43 33 28
37 1 27 10
46 10 34 6
26 36 25 12
45 13 3 32
33 40 3 16
19 20 12 22
42 12 17 28
48 7 2 25
42 38 4 18
44 1 41 15
32 3 47 5
20 19 32 27
49 42 43 36
20 20 12 21
26 15 44 25
44 46 31 46
42 7 29 12
15 45 11 40
16 14 4 29
39 35 25 11
12 37 30 8
35 0 48 35
17 19 48 21
9 34 29 8
33 17 25 13
44 17 48 26
47 39 41 34
