50 678 18408 800
16 31 43 2
2 45 34 11
39 20 8 26
23 25 41 22
8 2 46 46
27 22 2 42
19 39 20 32
16 10 11 45
17 38 41 18
45 33 27 2
27 38 32 35
18 19 10 44
22 36 8 29
17 40 44 31
15 48 5 40
14 20 36 0
33 15 25 6
16 27 0 43
11 17 20 31
46 46 0 40
23 36 20 27
37 24 2 38
16 36 44 18
20 35 33 3
4 49 22 3
3 45 35 35
27 20 9 47
32 22 28 14
18 16 14 22
24 33 48 20
13 34 25 7
10 30 40 4
19 38 39 49
37 11 11 47
1 45 30 3
40 18 17 32
22 44 22 13
26 29 34 8
2 48 16 47
43 42 32 9
21 30 32 8
23 2 4 46
33 37 24 5
35 29 16 41
15 38 44 21
20 37 22 5
25 36 12 36
23 40 32 4
5 46 25 11
14 39 28 42
5 32 29 39
12 41 16 35
20 34 17 41
25 36 31 0
10 10 44 5
17 36 38 8
10 18 40 32
40 9 40 16
37 44 9 48
20 39 30 0
15 33 29 31
18 42 33 0
3 0 32 7
26 32 17 44
34 10 3 27
11 34 45 5
6 11 12 42
12 45 21 40
32 39 16 30
15 9 37 6
30 42 46 25
20 41 30 10
14 35 38 1
20 40 34 13
34 11 19 40
16 40 17 49
3 48 7 37
23 5 2 44
8 37 12 44
35 29 24 8
15 33 39 11
36 43 45 8
24 38 14 40
13 47 49 6
0 46 7 31
3 48 35 10
27 46 43 13
2 45 34 4
19 21 18 46
11 40 22 10
19 40 39 3
22 38 40 1
40 38 25 46
21 40 33 26
23 44 20 14
14 40 36 1
9 40 43 34
0 49 27 4
19 36 30 0
14 30 17 39
18 25 14 31
18 19 42 15
36 34 25 2
13 13 13 31
17 40 11 34
19 37 26 14
14 33 14 39
38 44 23 38
22 29 33 10
44 20 5 41
27 30 19 35
7 45 35 8
21 35 26 5
3 48 43 15
16 36 31 8
18 42 14 48
21 46 29 17
29 31 28 3
5 49 40 8
6 48 13 41
20 38 16 48
19 2 41 49
15 37 27 36
7 40 11 26
21 32 42 16
17 36 3 38
4 27 34 39
23 37 3 44
32 8 6 31
22 35 45 48
16 24 3 22
31 42 30 33
32 4 39 18
16 41 7 35
40 23 37 32
11 8 8 42
2 48 29 24
7 16 13 43
15 20 26 4
24 40 23 7
21 45 9 3
23 38 28 4
19 4 36 10
8 11 46 24
34 27 48 5
21 37 15 45
14 35 7 36
22 33 5 24
17 34 0 46
21 41 23 10
22 35 10 35
13 45 45 8
18 30 5 45
23 38 49 18
8 44 25 0
21 36 3 30
13 43 17 35
17 31 37 23
35 29 13 46
22 37 0 40
12 12 13 48
5 45 38 0
41 32 26 1
2 34 19 29
22 38 3 28
16 33 35 19
23 39 16 46
18 37 16 48
14 38 44 38
20 41 25 38
14 20 2 46
36 36 26 42
20 37 35 37
17 33 23 28
9 21 1 45
19 37 26 45
36 12 44 31
17 9 14 29
23 36 3 49
36 13 30 7
11 42 36 19
22 34 25 12
21 39 46 27
36 36 46 21
21 37 49 23
9 42 8 35
28 15 43 6
16 37 29 36
27 39 48 29
16 42 25 0
7 27 19 35
33 41 14 30
21 35 28 5
5 39 49 10
21 39 26 6
14 14 23 6
34 12 24 0
22 35 7 43
23 36 37 2
5 45 29 30
11 41 22 7
19 32 23 29
11 37 47 11
8 14 30 0
22 38 46 12
0 47 12 26
6 35 13 40
28 23 33 4
22 37 9 44
3 16 15 49
17 0 33 0
16 16 24 6
17 39 10 43
20 45 45 22
47 49 48 9
43 37 42 0
13 24 35 36
23 34 36 32
39 39 7 37
22 35 16 41
37 43 45 14
21 42 19 6
22 35 7 22
20 47 32 31
15 47 12 37
7 46 32 3
19 39 35 48
21 37 37 5
32 36 49 25
2 43 37 40
19 32 39 23
26 37 36 40
10 27 7 33
36 37 7 26
8 46 22 32
12 7 25 32
17 16 37 8
20 43 41 33
20 35 28 44
8 22 28 39
5 8 17 27
22 36 10 42
17 38 21 1
21 37 22 1
24 38 13 30
35 22 12 46
23 33 30 14
46 47 49 21
32 37 37 3
12 11 17 45
10 44 27 8
19 39 38 12
0 46 13 33
20 39 2 30
3 43 31 1
26 44 29 47
23 39 33 19
25 40 31 23
1 46 40 8
19 38 49 22
49 10 17 31
31 44 9 34
14 49 47 6
19 34 1 34
23 34 28 22
24 39 10 33
20 34 36 6
21 37 36 2
11 32 42 44
19 37 6 34
2 13 26 47
5 27 41 9
20 39 32 1
30 32 41 28
25 36 25 0
14 26 19 1
11 32 25 9
19 42 41 6
35 27 25 48
22 26 39 4
1 42 45 19
21 41 41 14
20 39 28 9
2 49 30 3
20 30 10 34
17 40 16 34
11 18 15 1
33 48 36 11
28 37 7 31
8 32 7 46
23 44 46 10
14 38 22 9
37 27 37 1
26 35 45 5
22 40 38 24
0 27 44 17
19 35 23 14
19 33 41 39
17 12 2 45
25 40 40 5
12 10 27 9
31 46 16 30
26 1 46 22
24 42 31 9
26 37 14 32
39 49 12 40
21 36 26 35
19 40 17 48
6 32 4 25
15 39 24 1
23 40 5 29
17 32 19 35
6 29 17 46
31 29 32 7
45 37 4 31
16 34 46 8
48 44 11 30
1 8 40 7
40 21 42 0
0 48 37 32
11 49 19 36
20 42 13 30
20 26 12 35
6 48 38 9
6 43 17 7
10 18 9 35
20 1 4 32
24 45 37 26
22 35 8 44
16 17 47 37
23 24 30 3
34 38 28 8
20 35 17 3
17 32 29 10
12 42 5 49
44 46 6 38
12 15 14 49
25 34 32 8
20 29 41 29
4 10 45 44
21 41 37 16
11 44 40 4
16 44 26 8
7 6 12 42
43 43 13 42
14 48 5 39
21 22 26 33
26 40 20 45
21 46 11 37
27 23 18 36
0 48 15 42
17 32 30 41
43 31 37 11
0 45 14 35
15 35 45 0
11 38 13 26
24 41 35 14
5 42 0 33
22 36 8 46
8 48 36 14
13 25 17 12
23 24 20 49
18 41 26 46
12 10 37 1
27 45 23 8
15 14 7 47
0 45 44 22
16 12 35 9
18 41 42 14
26 28 31 0
18 37 22 27
18 34 26 17
31 28 19 46
12 29 34 1
24 36 30 49
19 42 37 21
2 41 29 2
20 8 44 20
15 37 25 3
0 49 30 44
14 35 24 34
37 14 43 14
23 34 15 46
19 19 48 17
18 10 19 45
37 47 14 45
25 41 29 38
6 48 2 44
1 42 6 46
35 15 10 32
1 13 24 11
20 35 11 36
0 44 33 5
14 18 18 3
5 18 32 42
19 38 16 41
8 47 20 49
21 37 29 41
0 1 22 1
26 38 15 42
17 41 7 21
20 37 34 12
13 45 15 36
17 40 47 15
25 38 5 29
25 18 22 34
20 39 20 23
38 21 21 38
22 37 38 12
33 38 19 9
19 14 29 35
19 37 28 15
18 32 39 1
25 6 14 36
24 36 28 29
13 16 26 9
17 33 32 4
17 31 6 38
21 37 6 49
48 26 3 27
20 37 29 1
20 38 11 33
19 36 18 45
7 41 2 32
18 36 26 28
4 45 43 18
17 42 43 27
19 39 12 49
23 40 30 3
9 10 38 1
19 37 2 30
22 23 38 2
12 17 24 21
16 35 0 46
21 41 45 35
24 44 0 37
24 40 8 39
23 36 25 43
18 31 12 46
37 40 6 49
2 41 22 30
14 24 18 32
49 19 35 32
21 39 44 5
28 15 30 28
19 44 41 9
18 35 25 41
33 25 11 48
20 40 26 5
24 38 16 34
9 13 6 42
17 38 22 24
19 32 41 9
9 37 11 49
20 35 11 40
22 42 25 34
11 22 30 3
29 48 16 45
18 38 35 3
5 43 2 32
30 32 5 41
9 38 14 44
33 47 22 8
21 38 31 8
26 15 40 7
7 49 10 46
18 36 22 44
26 28 17 40
7 37 39 26
17 14 37 2
18 39 30 6
3 45 43 7
21 21 40 11
11 13 33 12
21 35 12 48
15 21 22 47
20 39 32 12
12 30 26 41
23 47 24 29
27 13 35 45
23 34 25 9
28 22 15 36
21 31 45 12
14 31 41 14
13 5 24 29
21 41 39 0
1 46 35 42
21 20 27 28
48 34 29 0
43 41 7 41
1 14 3 43
32 20 28 5
20 35 1 44
18 23 17 39
7 38 30 33
7 43 32 8
20 40 21 35
27 40 9 34
23 41 33 2
23 36 2 38
4 49 22 11
19 36 15 38
38 18 41 7
6 47 47 1
16 36 42 11
4 29 30 13
25 38 20 7
16 38 38 10
14 37 26 49
33 35 38 20
32 22 14 35
49 48 45 26
23 38 34 2
11 11 5 43
7 43 17 34
19 40 37 21
39 23 12 34
14 40 6 48
25 6 33 5
15 37 20 0
5 16 37 49
33 7 3 42
37 18 25 44
22 35 4 47
28 42 0 27
20 13 8 43
32 44 29 8
14 33 15 40
17 33 42 9
32 44 1 48
23 36 32 8
31 44 32 10
26 41 11 47
25 42 7 43
45 49 10 32
36 32 21 1
25 28 20 46
22 48 3 48
12 33 44 19
5 2 29 42
22 37 19 42
34 25 24 48
15 7 25 0
18 6 11 36
17 35 43 24
7 22 20 42
23 41 4 41
18 41 37 0
29 39 43 36
44 39 23 46
29 41 1 32
7 42 20 9
16 38 38 4
3 6 15 42
8 46 21 46
27 32 34 11
4 23 25 5
9 16 25 11
41 41 39 17
19 33 11 40
23 44 19 47
17 37 38 31
22 38 22 14
15 49 36 8
21 13 42 11
21 44 40 4
1 49 36 2
24 11 24 16
22 32 21 22
13 38 16 34
22 40 28 20
24 36 20 46
41 35 25 24
21 37 0 25
20 42 47 14
24 22 14 45
19 40 6 40
28 35 25 5
17 44 39 14
3 1 49 5
16 38 21 24
25 36 3 35
13 32 27 4
17 38 30 10
23 41 19 26
17 36 26 2
19 35 8 39
18 0 16 46
31 8 14 28
4 37 34 17
26 11 43 6
10 42 31 3
12 47 36 9
15 38 15 29
4 44 36 10
15 40 47 9
2 48 10 46
21 39 3 42
17 40 25 49
2 45 48 34
33 14 31 2
11 20 15 45
33 13 26 4
12 21 14 48
14 35 25 29
8 49 9 44
1 35 27 9
7 29 15 26
38 18 28 44
20 40 1 41
24 40 7 25
44 39 6 44
3 46 32 44
41 24 49 13
16 32 20 31
17 29 15 7
19 32 16 46
41 21 23 47
12 33 45 12
18 37 45 25
26 8 17 39
47 45 37 4
24 38 24 3
15 37 28 3
6 7 9 33
42 31 13 31
19 16 37 3
23 41 40 9
19 40 39 6
16 36 13 45
26 47 45 0
19 35 22 42
11 47 35 4
22 25 41 15
19 38 45 2
28 40 21 38
24 40 27 46
37 20 14 39
15 37 42 8
19 38 1 43
22 37 18 6
24 38 0 48
49 29 6 42
21 39 44 5
39 32 16 29
2 47 45 2
8 43 3 38
6 49 21 39
16 42 8 40
19 34 6 42
12 42 46 16
18 40 5 34
37 39 39 10
13 37 27 0
14 21 2 29
27 30 40 23
23 36 13 40
39 19 30 17
25 18 30 10
8 17 28 9
11 33 2 35
27 18 5 31
17 34 28 14
16 38 26 24
29 23 30 4
17 36 39 22
7 16 33 3
10 28 31 1
21 35 20 48
18 37 5 37
13 43 1 43
46 26 8 42
34 23 5 40
21 36 37 16
18 36 12 47
18 32 17 39
20 38 18 45
39 13 40 23
