50 393 18133 800
14 46 21 39
18 43 3 43
39 47 32 33
19 19 48 9
32 47 47 31
40 47 44 45
32 47 10 14
16 42 36 18
34 5 11 45
42 37 43 14
36 41 5 8
29 39 17 29
46 33 24 29
41 46 46 14
29 16 37 4
23 42 2 17
40 42 32 36
15 48 20 38
39 46 11 36
16 48 5 16
39 36 47 16
20 41 14 9
36 46 40 39
12 38 36 19
20 38 25 30
38 48 37 2
23 41 29 25
18 46 48 21
30 31 38 25
34 42 34 24
26 5 22 36
23 38 48 19
34 48 4 13
14 3 17 46
32 17 25 35
8 49 35 34
17 41 22 44
40 38 36 23
37 45 15 23
12 43 35 18
36 42 20 37
13 43 27 25
15 41 16 28
43 48 5 38
37 3 37 28
36 13 26 20
27 45 20 38
15 6 19 35
34 40 36 19
22 40 19 36
34 47 37 22
13 12 26 19
32 47 48 22
18 38 17 5
16 9 31 47
31 7 5 3
35 38 35 29
33 45 16 27
15 49 16 39
37 48 11 33
13 43 21 16
13 43 16 24
39 8 7 7
29 25 2 21
32 45 36 22
27 3 24 49
21 43 38 32
19 44 23 43
38 45 18 31
20 38 42 49
13 35 25 15
18 16 38 20
19 39 19 27
33 47 34 23
36 11 43 43
27 38 15 42
24 8 20 28
28 1 37 24
19 36 25 4
5 42 32 21
36 41 35 32
17 42 23 22
36 43 27 31
17 41 44 0
23 46 12 7
20 24 13 15
16 6 37 24
32 38 21 17
21 46 42 16
23 38 25 33
7 30 36 32
26 40 6 10
11 47 34 21
4 32 41 31
27 2 34 44
17 41 21 33
18 16 32 20
38 43 46 27
8 15 34 3
25 4 41 6
20 47 22 16
20 45 39 19
37 25 47 10
13 11 19 38
17 39 23 28
15 1 35 1
28 41 34 26
16 29 38 40
32 35 14 35
14 18 35 20
15 41 33 20
16 45 33 0
40 45 4 21
19 45 32 34
8 0 31 19
42 43 36 19
20 42 18 37
40 5 45 3
32 44 21 29
18 42 34 23
17 43 44 44
19 44 24 32
43 44 43 33
8 0 22 25
17 42 36 36
18 42 21 30
34 31 35 21
16 44 37 30
19 43 22 37
41 42 33 21
36 34 44 32
19 46 42 8
35 44 46 0
31 41 24 34
41 10 39 49
42 43 33 32
20 40 32 22
35 35 25 39
22 6 7 5
34 43 37 34
20 44 24 29
14 38 39 32
27 41 42 14
18 4 21 23
32 18 31 2
19 40 35 27
22 34 37 44
33 43 14 33
17 35 39 38
37 43 22 39
25 48 4 25
14 21 19 46
32 45 28 38
14 39 10 10
16 48 40 23
22 46 35 16
40 29 38 21
21 6 42 48
46 41 30 38
18 41 48 48
23 44 18 4
12 42 34 20
29 38 26 35
26 11 18 44
38 42 12 6
26 43 37 20
42 46 26 43
28 44 45 41
30 48 35 18
15 19 41 7
12 14 0 46
12 49 11 21
17 45 8 11
12 47 36 23
3 30 48 20
31 19 36 23
39 35 38 41
37 39 22 28
35 49 13 25
37 40 42 0
19 44 40 42
13 46 45 23
6 34 5 14
23 39 42 42
10 38 36 23
32 35 28 38
31 42 36 25
37 41 39 22
16 43 36 13
37 46 35 21
9 11 25 32
38 43 6 29
32 22 22 36
40 47 26 35
24 40 31 29
18 12 49 33
22 41 44 40
14 42 39 44
21 45 37 20
37 46 17 7
19 33 32 19
22 37 25 28
17 46 15 5
21 6 47 49
39 47 35 24
21 47 28 20
5 9 48 37
9 34 36 20
12 17 49 32
15 39 33 18
16 40 37 20
27 46 41 20
31 46 44 22
11 43 19 33
7 40 36 18
18 35 17 40
45 46 9 10
39 47 48 25
22 46 26 26
43 41 22 27
24 9 33 23
48 40 24 24
24 47 27 35
38 45 10 29
19 8 19 36
25 41 38 2
14 43 27 24
27 45 31 38
21 48 30 32
22 38 12 27
20 43 47 7
15 38 19 36
42 49 35 38
31 7 13 28
13 46 42 35
41 46 18 45
40 49 23 23
15 45 38 38
37 39 19 40
19 38 33 37
19 44 47 20
10 11 35 17
23 40 42 30
42 45 15 20
22 33 35 17
38 42 31 31
16 35 30 1
22 34 16 36
3 9 24 28
41 43 26 32
38 38 39 21
41 48 32 26
17 42 44 4
15 46 12 22
18 39 47 30
27 39 34 8
19 3 49 6
21 45 37 44
7 19 40 13
14 26 45 38
31 43 39 34
13 40 29 35
22 47 22 28
38 45 30 47
12 9 6 39
24 49 49 46
15 43 9 30
25 38 28 22
24 40 12 10
14 44 15 26
21 44 36 21
40 45 14 11
17 42 25 15
32 40 2 36
24 1 17 29
8 0 28 37
30 19 12 27
27 48 42 10
42 45 29 22
24 17 37 43
39 47 23 20
33 45 19 34
23 29 44 0
14 42 17 35
33 38 37 18
39 46 29 39
46 41 11 35
35 43 9 8
26 47 17 34
24 37 17 28
5 20 2 42
42 40 35 18
40 39 9 10
9 25 33 15
18 43 1 17
40 37 27 0
19 19 45 37
18 32 4 9
23 37 24 31
15 12 43 3
19 39 10 12
19 45 1 9
28 41 38 43
15 43 20 23
10 41 37 9
19 41 26 32
31 34 27 29
18 46 20 33
19 2 34 20
2 3 15 35
18 44 11 27
41 44 28 25
23 7 27 23
10 14 26 19
44 44 29 39
30 42 32 18
28 11 45 33
24 42 8 37
29 3 33 22
10 31 31 13
19 48 38 6
28 22 12 31
23 6 34 20
18 39 37 43
38 47 11 16
17 45 36 19
36 41 37 45
14 16 16 31
24 46 23 32
28 9 30 41
38 45 21 39
38 49 49 23
26 47 30 21
11 0 36 13
2 44 34 20
21 39 16 4
44 47 46 12
25 39 12 9
14 42 22 42
5 33 43 7
42 45 15 40
30 25 44 16
34 41 15 32
16 34 29 29
18 3 26 25
20 6 41 45
20 47 20 37
28 15 39 36
38 38 32 22
25 41 34 18
13 49 34 9
26 6 39 32
31 30 29 23
23 46 35 27
14 31 32 21
34 44 12 26
36 42 27 19
39 42 33 11
0 20 35 21
30 45 28 20
28 34 40 16
37 44 36 20
15 46 1 7
16 44 13 30
21 45 34 22
41 35 12 37
6 4 38 22
29 4 11 5
25 0 28 25
47 33 16 37
26 45 42 29
41 46 33 21
31 43 46 33
17 30 48 16
17 37 31 38
20 47 17 19
19 47 34 18
16 36 28 32
39 42 34 22
38 46 7 8
21 43 31 20
19 39 36 29
47 44 17 24
21 22 22 28
13 43 36 38
19 6 33 22
14 48 14 30
16 43 43 42
13 32 26 30
21 44 42 16
39 44 30 2
14 42 49 15
35 49 26 19
