50 191 19084 800
37 37 46 12
13 36 26 13
3 47 45 47
37 40 38 34
43 20 0 49
41 45 10 12
7 47 9 11
8 32 34 7
32 0 5 35
41 24 23 0
28 7 22 41
42 40 43 49
0 44 13 19
8 44 38 43
45 35 22 2
6 22 35 49
12 25 9 14
36 27 22 5
9 38 26 44
46 26 23 36
44 41 23 24
9 35 28 16
13 20 19 12
40 48 10 22
48 42 36 26
33 38 15 21
46 32 41 12
2 45 38 42
39 28 37 47
14 19 5 18
12 46 19 3
43 31 37 37
4 47 30 43
43 35 18 42
45 33 27 37
34 40 5 22
45 29 29 39
22 32 29 43
40 20 45 22
48 27 41 49
38 46 30 43
33 47 38 34
2 47 41 31
23 34 33 34
33 40 34 46
18 20 24 18
33 34 46 37
6 25 38 44
1 16 28 34
41 20 12 28
25 40 48 47
28 14 39 35
17 16 43 9
8 14 47 5
26 8 28 44
37 26 17 34
27 35 30 27
46 47 31 18
18 20 39 17
33 32 48 15
6 19 17 2
4 48 41 15
41 21 16 22
2 34 13 16
18 22 40 45
16 21 39 46
2 44 41 19
1 46 22 19
10 17 17 44
44 26 45 7
39 37 8 36
15 35 34 35
36 29 20 43
7 8 38 38
38 44 19 30
42 46 49 30
42 47 30 24
35 8 49 6
38 39 20 1
3 28 16 38
1 46 44 42
30 16 32 34
17 25 42 8
30 28 37 44
0 33 37 36
19 34 45 15
43 21 13 15
3 23 25 45
48 47 30 31
35 31 48 46
22 48 35 45
19 27 24 36
47 42 45 9
36 32 32 31
20 1 3 36
44 46 24 27
10 23 34 46
39 21 24 48
16 29 28 18
44 28 36 44
4 42 15 4
8 15 25 31
23 27 11 4
15 18 25 37
48 27 25 41
21 20 28 33
13 29 34 41
35 24 28 25
23 24 9 44
48 40 36 39
27 18 49 49
28 28 35 39
4 30 47 44
32 29 45 24
24 28 40 44
7 16 34 49
26 11 38 42
40 42 31 8
29 42 36 44
39 32 49 17
1 38 15 6
47 33 19 28
15 18 34 30
0 40 16 48
23 24 31 47
21 44 19 2
2 47 43 31
4 49 20 19
32 16 26 45
17 44 20 47
11 18 10 11
16 33 47 33
5 34 23 41
17 17 33 48
18 44 31 34
1 14 42 46
6 26 35 10
1 43 15 0
17 14 26 48
21 34 28 30
33 42 29 7
12 15 13 2
16 21 49 6
17 32 42 24
49 36 29 47
2 37 20 42
18 15 28 29
22 42 45 47
38 22 12 49
42 39 34 46
15 24 35 42
4 12 46 30
38 27 22 26
14 23 47 13
42 47 33 27
18 19 14 31
44 42 43 29
15 23 19 43
11 40 44 24
9 23 11 29
2 21 21 2
1 34 33 11
13 14 31 45
9 43 35 33
47 48 20 47
42 37 15 27
14 39 38 30
5 28 46 15
42 38 39 27
14 17 19 30
17 13 12 18
27 47 34 46
20 7 20 2
45 28 25 47
45 26 48 28
8 25 40 37
5 26 20 15
25 18 48 12
24 38 27 48
36 21 27 15
41 33 19 48
43 39 32 2
27 26 8 31
23 14 42 33
11 42 19 44
9 36 37 47
37 23 21 24
44 34 44 18
3 4 20 15
18 25 25 15
8 35 0 11
