50 1212 18870 800
42 15 12 22
33 35 8 25
26 47 47 8
12 30 25 44
5 37 12 15
40 42 22 47
37 12 39 16
1 39 42 25
33 32 28 48
37 42 24 11
41 43 27 12
41 5 12 21
32 6 0 22
21 6 24 39
26 0 7 21
38 20 5 19
27 47 28 41
40 31 43 45
47 29 30 8
46 10 21 30
41 49 12 17
16 7 44 4
35 37 46 15
25 20 42 33
40 43 30 27
26 20 37 47
43 36 33 36
0 4 39 15
16 22 44 14
43 35 26 26
39 46 22 38
31 42 10 47
27 48 32 46
46 23 15 20
14 43 30 36
12 7 14 23
30 23 44 13
9 47 31 48
27 2 46 7
6 26 46 38
31 35 36 21
42 46 25 25
14 17 23 38
32 31 18 16
39 8 1 17
31 38 22 43
3 21 13 47
36 42 47 24
30 33 4 32
15 14 19 18
7 29 12 46
41 27 12 18
15 22 28 10
6 17 27 48
42 36 40 19
28 20 9 18
23 22 22 31
38 46 22 45
17 34 10 48
44 39 31 47
26 46 30 23
25 10 16 18
26 28 34 49
49 29 12 23
42 19 34 45
45 24 36 32
13 10 3 18
44 45 29 46
10 18 15 16
29 38 5 22
30 3 25 28
18 20 30 48
31 21 38 44
32 46 40 37
30 45 36 43
10 12 3 20
9 2 10 33
32 48 7 34
30 38 13 19
40 25 6 18
27 19 42 13
38 33 43 8
31 37 12 19
17 36 37 43
43 30 46 33
38 45 19 30
13 1 14 28
36 34 28 30
37 43 18 49
28 49 13 22
38 43 37 22
25 12 24 20
44 30 4 22
23 33 46 10
31 4 14 33
4 20 30 41
36 12 32 47
32 47 31 22
40 34 12 21
29 31 6 45
28 1 47 17
21 22 26 48
29 3 21 19
41 44 31 49
38 31 32 48
34 33 3 24
9 10 28 45
30 44 46 7
41 45 7 9
9 18 18 39
15 14 28 46
26 45 19 49
35 36 13 45
25 22 15 17
8 16 24 24
24 11 4 34
16 34 44 34
38 32 33 37
19 14 14 16
49 24 17 21
48 28 9 21
8 19 20 21
18 32 46 19
28 6 19 22
28 48 4 43
33 34 31 47
34 39 23 49
47 31 14 23
42 33 43 21
12 22 24 35
25 18 16 23
1 22 26 48
24 48 33 9
10 35 19 6
29 33 17 19
42 35 15 25
18 2 5 6
47 42 33 35
28 43 11 26
10 18 30 26
27 47 44 12
48 23 49 19
25 44 20 17
40 38 29 25
6 16 32 47
13 22 22 39
19 19 47 7
23 27 11 44
35 48 15 20
11 23 22 39
8 24 18 21
40 43 3 23
19 29 29 40
35 37 22 40
23 11 10 21
39 31 48 9
44 34 14 4
26 18 47 49
2 43 33 42
32 44 9 19
28 46 38 34
34 27 7 22
16 33 3 18
35 35 12 12
9 9 26 38
42 26 19 21
16 5 0 42
21 23 10 20
28 44 0 49
6 22 31 34
48 21 16 27
35 25 27 30
35 19 24 27
36 40 30 36
30 49 49 12
35 10 12 17
47 19 5 41
46 46 47 7
6 11 36 32
44 33 23 16
12 6 25 41
15 11 1 24
19 13 45 30
44 24 35 32
29 13 38 40
24 22 35 17
37 0 43 11
39 36 22 47
0 15 26 16
9 22 16 24
33 33 22 43
23 18 39 44
11 9 15 21
23 47 35 39
18 4 22 44
12 25 12 15
5 19 22 22
18 6 24 25
39 35 44 14
9 13 45 19
45 38 6 40
17 24 33 44
2 29 33 37
25 9 7 12
28 49 18 14
10 34 3 23
42 39 14 13
10 29 17 41
27 46 13 17
26 19 16 18
3 42 30 15
24 14 21 18
22 1 24 20
6 28 29 48
12 13 17 35
7 41 34 12
23 46 10 43
15 10 8 45
17 34 28 43
21 21 27 48
14 18 18 24
25 45 20 15
29 47 33 19
37 41 38 36
26 47 23 20
49 30 17 37
13 1 20 39
8 14 36 14
42 34 38 32
13 1 9 8
20 11 8 47
4 37 31 38
18 41 48 13
28 47 10 16
17 6 8 18
19 31 27 35
45 32 3 16
31 23 26 46
27 18 45 21
24 44 5 24
27 47 41 10
36 7 0 20
12 24 35 41
24 22 29 43
27 12 15 24
42 26 44 9
47 31 8 16
35 39 40 49
25 23 37 49
49 18 26 23
40 39 28 37
28 0 10 21
23 20 32 36
45 32 7 18
24 20 25 47
28 47 11 21
26 46 43 27
26 14 18 13
19 14 3 25
31 20 49 47
31 45 45 18
18 24 18 29
39 46 11 21
41 42 23 15
30 19 18 18
0 18 4 28
21 5 33 41
19 14 21 44
21 11 37 15
28 11 3 36
26 19 19 32
9 19 16 19
35 33 17 23
42 17 26 16
45 41 26 17
28 21 20 19
34 31 6 27
26 15 5 29
30 48 10 20
36 42 29 49
33 39 7 10
18 10 1 32
23 21 47 9
1 41 12 11
39 31 20 25
36 34 30 23
0 24 44 9
36 35 23 44
29 44 44 18
11 24 31 44
40 42 10 19
24 30 39 11
26 21 14 20
28 47 49 12
17 12 29 45
37 34 18 17
29 47 6 36
20 17 21 26
25 37 11 22
8 14 6 24
22 28 15 21
27 48 14 11
42 23 8 42
39 33 31 43
11 21 21 38
22 8 23 26
47 41 31 46
39 3 24 48
1 38 5 23
45 33 1 21
21 38 38 34
30 48 2 16
28 43 25 49
20 9 17 47
5 18 6 29
24 49 16 20
29 47 25 39
29 2 49 23
26 19 45 19
25 19 16 45
24 17 7 37
35 5 6 20
16 42 17 16
39 42 22 17
2 13 26 30
4 7 12 19
7 1 18 25
32 49 44 17
30 34 22 13
14 14 23 46
17 48 4 14
42 28 46 15
16 39 28 19
27 47 27 7
33 25 6 20
4 4 29 49
6 21 19 20
42 48 26 45
28 49 19 44
28 45 2 20
49 18 38 46
32 34 10 20
44 40 36 25
19 11 43 11
17 28 31 49
29 48 20 14
34 49 13 24
17 7 18 18
0 24 14 19
32 27 7 27
41 33 19 17
31 43 10 21
27 46 8 42
39 37 1 19
38 42 26 2
10 10 17 22
24 19 8 17
13 20 47 14
14 45 47 2
2 14 12 19
9 14 30 46
23 47 17 16
14 7 24 40
35 31 15 13
21 25 32 42
49 33 41 18
28 20 25 47
5 16 11 44
1 33 5 17
28 47 38 41
37 38 19 19
41 38 19 42
49 26 26 48
29 36 36 24
2 18 42 14
27 47 14 17
8 27 33 36
13 1 47 49
41 20 10 29
29 22 28 36
26 47 27 42
31 36 28 34
27 44 14 18
39 40 16 6
26 48 5 7
26 24 21 12
19 8 26 34
29 4 8 17
28 41 13 22
43 43 15 36
36 45 17 18
37 38 19 22
27 37 26 30
7 25 24 25
26 35 34 41
35 37 20 25
8 22 27 40
23 9 17 18
5 6 15 19
35 44 14 18
32 40 35 44
42 20 35 29
19 1 13 22
22 15 42 31
13 12 12 22
32 29 6 15
23 6 14 13
0 15 25 37
9 28 21 38
29 48 48 16
39 20 24 42
41 39 14 18
43 48 8 29
39 17 45 40
4 11 44 18
28 46 8 33
27 47 36 10
3 29 17 31
29 49 15 29
40 23 22 19
27 15 46 10
25 37 19 20
6 24 2 5
36 28 10 23
28 42 14 25
49 36 29 44
13 35 9 41
13 8 26 35
28 48 17 20
18 21 27 41
34 40 15 31
41 23 39 9
25 15 16 12
40 47 42 17
7 9 17 8
33 37 10 15
15 32 31 20
25 46 41 43
47 33 35 10
36 32 48 16
29 49 1 5
26 46 18 17
2 20 43 19
21 9 40 42
45 28 43 14
31 34 5 24
33 35 15 23
19 22 5 23
30 49 19 49
25 47 19 17
24 20 16 15
21 18 19 7
24 19 1 46
43 42 6 24
26 46 8 40
35 43 23 46
41 33 38 35
32 42 47 9
8 28 38 16
29 46 6 9
49 16 9 11
41 20 7 39
28 40 18 23
5 15 11 17
29 47 16 12
2 11 35 42
25 19 32 47
27 44 29 17
7 8 9 22
46 47 24 44
30 48 9 20
17 9 14 0
7 17 45 22
8 0 43 16
10 42 46 43
6 22 11 15
22 2 11 15
24 11 22 48
41 39 34 45
41 27 13 20
29 44 48 21
39 44 11 22
28 37 10 46
7 29 25 44
9 18 7 11
30 42 43 49
28 40 31 44
35 36 18 18
28 49 37 38
28 22 19 15
15 35 32 39
37 33 34 41
39 26 36 6
11 4 40 5
16 8 18 20
30 48 18 21
41 39 9 22
17 48 9 8
9 22 0 4
41 40 15 40
27 34 9 34
3 16 36 48
41 43 29 36
29 34 31 23
22 24 15 25
5 10 29 46
40 36 23 26
29 44 23 39
38 37 16 22
42 44 0 31
13 43 41 40
5 4 26 40
30 6 21 13
24 20 32 8
29 47 19 33
37 31 11 28
40 16 22 33
40 39 14 28
48 24 47 16
49 29 15 8
15 25 10 21
31 8 3 18
26 48 14 26
30 34 16 17
42 38 34 24
19 26 42 43
24 19 15 20
35 16 27 46
5 6 19 15
29 46 19 21
28 48 40 7
36 35 27 20
40 7 29 44
9 32 32 25
6 12 44 35
2 26 4 39
25 20 14 17
23 22 28 49
18 19 14 16
15 32 5 17
16 17 20 21
30 1 47 11
43 40 33 28
3 23 20 21
8 0 19 47
45 40 23 43
12 19 5 40
19 10 26 49
27 21 19 40
20 1 8 25
40 40 8 5
30 9 16 20
42 20 28 13
0 34 25 31
25 23 42 16
2 24 5 48
37 40 15 21
1 31 35 45
41 36 13 21
14 3 26 43
47 43 18 20
28 22 35 35
17 19 46 16
27 48 15 14
20 31 14 24
46 31 11 41
24 23 9 19
32 9 26 42
24 21 6 0
44 44 7 20
48 16 46 47
28 46 26 21
27 49 21 43
40 17 27 43
30 22 21 19
1 27 10 19
25 18 5 20
41 42 6 19
24 21 33 8
42 42 12 12
45 41 30 37
41 41 39 7
44 32 46 7
19 27 29 21
31 7 6 22
27 21 5 42
0 10 37 49
26 17 19 23
32 49 1 48
39 35 37 49
32 45 11 8
28 44 23 35
46 45 32 49
47 40 23 49
31 30 35 47
18 16 44 21
21 8 12 19
32 47 20 31
43 41 0 43
14 5 8 16
31 48 15 22
7 10 15 23
29 46 3 37
26 22 20 16
24 25 7 41
31 41 4 24
28 46 4 17
1 46 2 24
7 23 15 20
1 30 11 41
34 45 20 3
9 34 10 47
30 8 25 49
6 27 10 40
18 18 28 36
0 42 9 18
21 23 17 25
31 48 21 12
39 30 19 17
25 18 45 8
30 42 29 47
34 38 36 27
31 46 13 33
44 28 14 18
46 36 28 46
39 24 22 37
25 39 12 49
5 45 11 21
32 20 25 42
46 24 0 48
49 15 28 33
24 7 22 44
8 18 28 47
39 39 39 17
27 39 31 45
37 41 49 19
8 13 27 45
44 44 15 23
6 26 32 49
40 27 49 32
35 10 17 32
23 19 17 17
17 21 32 33
45 10 12 22
23 4 21 20
13 17 35 31
30 48 0 19
40 47 32 13
26 46 23 15
9 21 45 17
47 43 21 49
23 20 18 17
47 33 16 28
44 19 12 17
26 46 39 18
32 38 16 18
27 49 43 48
16 17 18 20
16 19 34 40
19 10 14 20
41 46 5 7
13 16 5 17
25 18 11 25
12 5 30 28
43 38 17 23
30 48 45 10
24 33 24 21
43 33 35 37
30 43 12 21
13 10 29 49
37 33 10 17
29 48 9 19
3 4 17 26
5 19 7 26
37 11 21 17
9 44 13 19
14 17 30 48
34 35 8 24
31 49 7 37
28 46 39 35
11 20 17 26
25 7 28 47
22 18 38 42
49 45 19 14
47 35 17 19
9 47 47 14
2 24 23 21
11 13 18 39
22 39 28 46
28 46 17 20
45 21 30 45
29 44 15 16
26 25 20 17
30 46 47 29
49 42 22 45
47 27 24 28
25 46 15 16
25 16 12 30
28 40 43 16
45 30 14 32
11 15 48 3
27 15 22 36
21 4 24 34
42 40 16 13
12 17 18 31
7 5 27 45
17 29 16 21
38 34 44 12
17 35 45 44
27 12 2 20
27 48 47 21
24 48 13 48
16 12 5 35
43 44 7 16
37 34 44 21
27 49 47 8
29 4 17 40
9 25 39 46
21 40 31 47
12 5 18 46
33 48 9 19
24 40 15 49
14 13 19 13
31 48 13 24
28 49 46 30
12 27 37 44
34 42 19 14
26 45 8 15
17 13 47 29
31 45 18 42
32 46 11 28
41 35 21 16
24 5 35 28
23 45 18 25
28 49 38 41
6 27 49 16
3 12 3 19
40 32 13 21
30 35 6 26
24 9 15 17
26 38 29 23
29 19 10 15
17 22 27 47
13 28 13 19
17 19 47 19
30 20 25 41
31 39 33 45
5 17 7 21
22 45 22 17
38 25 44 29
22 16 29 48
24 21 11 38
1 13 13 40
25 21 36 34
10 10 22 49
30 46 20 38
22 47 16 21
7 21 12 14
30 47 13 27
4 35 11 49
28 49 9 20
22 15 14 21
0 13 22 6
23 18 15 15
4 17 17 40
46 38 5 14
27 48 13 14
30 12 20 11
28 18 25 49
46 38 42 18
15 47 7 20
2 1 17 24
26 19 10 20
2 44 38 4
31 43 9 34
6 19 11 40
28 45 16 22
46 25 22 18
2 26 5 29
10 17 42 19
25 48 17 11
18 38 40 17
48 23 36 30
39 27 14 39
25 49 5 13
44 47 4 20
41 32 7 13
27 47 23 30
2 1 44 22
5 18 13 10
37 34 47 11
22 29 48 9
32 39 24 7
16 10 25 12
30 16 44 37
10 16 22 38
36 34 27 46
39 36 23 49
19 11 18 19
1 8 41 10
42 39 48 47
20 15 12 22
0 43 6 46
36 39 20 16
5 36 13 23
35 27 29 21
9 13 45 15
48 20 1 36
27 45 15 45
39 34 17 14
30 48 1 35
27 22 48 8
9 25 23 20
20 10 22 42
40 41 19 20
28 49 17 18
12 15 29 21
34 37 38 26
8 10 41 43
10 33 4 45
30 47 17 21
41 41 9 40
34 33 33 43
28 47 10 9
38 49 16 25
42 46 14 14
24 20 34 49
40 21 7 27
45 9 4 9
27 22 9 13
3 24 30 47
17 15 2 17
24 22 38 47
44 28 10 44
28 49 10 16
22 18 21 47
37 15 18 23
30 46 16 18
20 20 2 25
41 45 15 24
39 32 33 49
25 48 22 20
0 15 22 48
36 46 37 42
31 38 14 23
35 18 8 14
7 8 14 43
30 48 21 21
12 15 33 41
20 19 23 15
22 8 9 18
33 40 48 13
25 0 9 37
22 20 32 44
37 41 15 10
1 32 24 46
43 40 17 21
43 39 10 22
40 41 42 8
35 37 29 35
26 46 10 15
28 47 31 18
27 35 28 40
14 1 24 46
28 46 9 19
32 46 8 16
42 40 4 43
25 23 27 49
44 47 12 9
39 19 3 20
9 19 39 46
37 46 11 19
6 40 13 36
4 41 32 41
24 16 21 48
28 17 16 6
49 18 18 16
15 21 19 22
28 18 20 32
27 46 6 15
47 45 38 40
27 45 31 27
29 45 32 40
32 43 17 8
34 46 12 37
29 21 16 24
15 8 27 17
16 38 43 28
32 25 3 36
42 44 6 20
28 48 21 18
29 40 9 42
46 27 19 21
28 37 49 18
43 11 29 20
35 33 35 44
47 38 29 40
14 19 11 22
13 3 13 19
27 49 9 18
23 27 16 22
42 42 38 12
3 19 29 47
8 29 8 15
30 46 16 17
46 2 31 5
1 10 36 45
40 43 21 19
28 49 32 32
7 16 19 18
21 25 46 29
30 48 28 39
35 31 30 31
30 27 9 24
18 3 8 45
28 47 34 43
25 44 36 44
39 24 22 38
26 46 27 35
33 6 32 43
28 44 23 46
28 14 16 30
27 49 11 22
43 27 26 43
32 41 15 14
3 2 25 24
9 20 32 41
26 19 19 47
5 42 43 40
45 26 18 21
48 26 1 17
29 46 32 44
38 36 31 13
17 31 31 42
29 19 34 49
20 13 9 16
0 3 41 16
31 48 42 15
41 44 15 12
46 43 35 33
2 42 42 13
21 21 49 16
6 7 17 11
24 20 15 23
42 39 46 20
45 25 43 19
27 48 36 45
30 48 12 19
33 40 25 47
30 39 8 14
9 12 13 15
4 8 17 16
37 45 17 17
42 36 18 20
1 18 25 43
41 46 3 13
35 39 21 26
24 49 2 48
28 42 22 45
49 23 18 18
38 38 9 34
0 16 9 40
22 30 5 19
28 46 8 23
40 48 25 48
20 17 33 47
23 18 20 1
6 24 33 37
12 5 27 41
6 17 48 19
31 45 8 44
48 19 40 47
26 37 23 48
11 27 45 5
26 16 17 38
2 43 12 13
34 43 6 11
32 47 7 13
30 47 14 29
27 24 39 49
26 49 22 19
41 44 26 15
41 33 14 21
26 21 9 21
35 42 8 31
35 46 22 17
37 32 5 22
10 5 9 11
44 23 19 13
2 26 7 40
28 8 35 46
19 1 20 25
25 46 24 33
26 45 35 38
32 45 22 26
17 15 29 21
27 33 26 16
40 38 13 21
8 23 18 21
22 22 47 12
37 27 26 44
23 17 27 14
40 21 38 8
29 31 19 18
21 19 32 28
42 40 11 6
17 3 8 19
7 9 25 23
33 44 31 49
32 42 9 41
42 41 12 16
29 19 40 29
23 16 34 41
12 33 23 19
22 16 29 48
27 31 38 12
16 10 11 13
34 8 27 47
24 13 27 20
25 46 20 27
34 36 13 46
30 48 18 20
29 45 12 13
29 46 40 33
36 42 21 42
24 44 9 46
13 40 28 18
41 32 35 18
11 20 22 26
24 44 33 38
39 23 32 38
22 12 30 35
14 7 33 28
49 26 18 4
39 35 45 21
10 34 7 15
5 37 24 22
27 45 26 29
7 18 4 13
16 15 26 44
1 41 25 41
30 46 19 22
1 40 21 5
12 47 41 17
10 14 1 22
40 31 23 35
24 21 28 37
30 47 17 21
29 21 4 16
14 47 18 23
23 15 19 17
3 4 45 6
44 49 6 49
39 26 16 16
2 32 43 11
0 47 9 21
41 31 30 40
9 12 23 18
15 2 6 11
20 30 35 39
2 16 13 21
10 30 8 40
35 36 15 17
37 46 2 35
20 26 0 19
3 15 11 19
49 4 47 8
28 45 44 16
30 39 30 49
9 2 21 15
27 17 37 16
26 30 7 24
23 20 43 20
36 40 29 19
14 4 25 14
28 49 12 22
37 36 19 12
36 18 22 22
5 6 47 45
34 23 8 22
24 46 23 38
33 38 47 43
2 20 10 28
9 18 21 20
28 48 48 18
44 31 6 23
4 40 11 19
8 1 47 13
21 2 22 21
27 20 19 48
31 44 17 13
26 43 6 14
20 11 22 19
18 25 15 22
7 27 13 22
8 20 48 14
34 41 28 49
12 45 35 33
36 28 15 20
12 11 10 22
39 38 10 19
32 17 19 4
17 15 46 26
6 34 18 46
15 33 8 17
7 46 44 12
7 17 21 40
26 18 7 21
14 13 15 28
46 30 24 48
27 47 35 35
28 49 38 49
18 14 7 23
42 25 23 47
29 34 29 45
27 20 30 40
38 34 44 7
36 10 12 14
48 40 45 48
22 23 43 15
27 47 12 27
24 21 39 40
35 42 43 23
15 9 16 25
0 2 31 49
27 19 13 21
48 21 9 41
15 8 5 44
45 39 23 46
29 7 20 38
33 42 31 29
31 37 41 27
34 29 5 28
28 46 19 43
49 29 7 40
36 41 28 37
29 45 44 30
35 30 49 29
17 5 19 12
34 39 16 19
24 21 10 13
24 7 28 3
48 20 24 47
2 16 8 18
22 25 28 30
46 34 19 36
23 20 10 43
6 29 12 4
3 23 15 22
33 5 45 10
40 43 33 11
31 28 25 45
9 14 44 12
27 33 15 22
28 29 6 19
16 8 10 23
5 16 6 27
5 30 45 14
40 22 15 49
35 42 4 39
5 21 26 49
29 32 22 42
38 35 41 29
39 21 5 18
28 5 37 29
40 38 15 16
34 34 8 24
32 40 43 45
26 46 36 14
38 43 18 42
45 9 15 24
35 39 9 11
38 29 27 41
28 46 46 19
39 29 2 24
36 38 28 49
27 46 19 20
12 21 18 32
24 15 42 14
24 18 35 20
34 30 3 23
5 19 23 23
48 21 21 37
36 40 13 22
30 37 24 14
25 26 14 22
25 43 19 19
39 26 22 39
14 24 21 15
26 23 26 49
17 12 0 16
39 38 15 17
21 10 21 22
0 37 17 28
29 23 32 32
28 16 39 34
28 39 31 33
21 20 31 12
8 11 29 45
5 22 41 24
43 38 49 26
28 8 16 21
27 25 5 5
8 17 45 11
22 25 13 11
8 8 41 49
38 33 33 46
28 46 18 19
10 24 20 22
21 17 14 17
39 36 10 14
29 18 9 23
