50 1159 17583 800
27 38 10 49
24 6 35 26
5 26 20 9
23 39 24 17
33 47 24 16
7 14 14 15
22 2 16 14
12 36 15 38
14 37 5 41
32 49 25 43
21 16 38 31
32 23 25 25
21 12 37 16
35 45 44 33
3 44 44 16
38 43 42 27
27 22 17 40
29 17 15 30
22 29 7 32
13 40 41 15
27 12 37 37
37 41 27 15
7 3 33 29
31 41 20 17
11 39 21 33
22 32 9 27
34 38 26 47
17 16 29 43
21 10 44 24
40 10 44 18
22 23 28 10
19 40 34 25
11 32 45 40
28 6 31 19
3 31 4 25
19 13 3 32
28 3 9 30
23 15 8 39
27 14 28 35
18 11 8 20
30 19 21 34
12 34 15 9
32 41 34 47
47 30 36 34
28 21 23 45
29 45 32 39
19 38 29 40
9 6 45 18
10 24 22 22
7 8 30 20
10 46 28 49
22 35 29 19
17 36 9 35
32 47 34 27
40 18 35 43
18 8 33 29
24 0 31 19
8 36 32 24
16 34 12 4
26 44 43 21
35 47 26 36
29 14 17 42
31 44 7 31
16 42 34 16
1 38 28 11
38 29 15 22
21 38 12 37
44 32 11 37
15 46 13 37
15 39 36 22
31 3 31 39
25 35 28 39
36 44 32 41
49 21 25 41
32 44 32 28
26 0 29 21
38 48 20 33
15 35 39 44
16 40 30 35
49 28 25 12
39 40 6 11
32 8 23 40
26 20 40 36
21 34 16 30
15 35 2 21
0 45 19 38
37 48 48 22
36 40 30 31
21 39 34 39
16 39 47 30
14 28 40 24
25 2 4 34
24 6 41 23
28 44 30 25
47 49 7 40
49 47 3 43
19 11 4 26
34 40 25 38
32 44 6 35
15 43 30 26
35 48 29 18
38 45 36 29
15 5 15 28
24 43 3 24
31 43 46 47
11 31 25 36
22 9 4 9
18 12 40 35
9 38 31 15
12 2 24 11
5 40 24 37
23 9 19 7
30 49 6 15
22 11 34 34
10 37 18 47
2 33 6 34
45 46 25 44
29 35 25 13
9 34 16 35
10 38 17 41
32 48 35 30
20 15 38 36
27 22 10 47
27 41 10 23
25 9 36 33
30 38 15 30
32 43 25 39
25 13 14 16
22 41 21 45
29 45 12 37
10 27 30 30
17 5 5 43
21 9 39 29
27 47 6 33
12 33 6 37
24 46 35 40
18 2 8 35
30 15 12 13
9 38 28 40
18 33 31 34
27 12 30 37
28 38 21 21
26 11 36 16
19 42 35 18
31 43 3 47
15 29 26 32
20 13 34 46
34 16 25 40
16 2 14 28
10 0 1 36
25 10 41 37
15 49 13 39
43 28 12 29
21 14 9 40
23 2 19 35
27 20 13 31
34 41 22 37
37 40 23 38
29 46 35 18
30 41 19 37
11 39 8 34
29 46 28 0
18 41 25 13
30 11 9 32
18 35 15 46
17 37 30 42
33 49 18 46
4 35 26 17
29 11 10 29
28 39 42 28
28 19 3 26
10 48 48 32
18 3 27 34
22 8 21 34
32 35 8 47
20 44 5 32
20 0 26 20
24 16 12 22
32 43 34 36
30 19 19 34
4 31 19 42
27 19 48 39
37 44 12 24
44 44 32 38
33 46 26 9
19 36 41 18
32 16 35 46
23 10 46 35
24 44 17 45
32 42 45 18
34 41 4 37
8 41 19 33
32 47 5 22
15 44 47 11
26 6 21 10
33 15 23 18
23 17 15 32
4 47 4 35
10 32 43 47
20 34 7 29
6 36 2 34
16 35 2 33
21 6 23 27
27 3 25 31
30 44 29 15
12 27 5 31
33 25 33 11
31 37 4 28
27 46 8 37
7 13 28 14
13 13 27 29
30 46 27 33
25 5 13 22
47 33 36 33
11 38 17 27
36 13 38 24
21 1 36 36
28 45 32 12
19 43 39 37
18 7 29 19
17 0 34 16
27 35 31 24
20 46 17 38
33 46 9 45
32 47 10 40
13 23 17 39
1 42 13 16
21 10 13 19
13 28 37 45
9 33 46 44
18 39 6 30
13 23 30 34
25 8 0 34
5 38 17 32
30 8 24 45
27 14 37 16
38 47 18 47
22 27 49 31
25 16 36 48
32 7 33 39
23 10 20 18
14 34 36 26
33 45 10 42
2 1 4 44
35 44 14 15
34 42 25 26
27 2 2 34
37 3 45 32
31 42 5 30
19 48 23 0
21 15 15 35
6 26 24 40
28 15 1 31
21 12 31 31
23 19 28 36
33 41 19 48
24 48 35 42
27 19 18 29
14 30 7 43
27 47 0 18
21 8 10 46
17 40 18 46
21 11 24 14
27 34 44 43
25 0 30 28
2 11 36 15
5 36 17 41
15 44 15 35
41 48 10 28
17 25 40 40
24 17 23 4
19 32 26 43
39 45 25 17
0 4 34 33
27 15 24 36
23 43 21 2
35 47 35 18
34 25 7 8
28 16 5 32
17 44 29 17
12 26 42 26
25 9 5 46
36 49 22 47
17 34 21 6
29 12 17 33
30 38 24 36
2 39 31 43
18 24 11 42
32 13 36 32
4 30 27 42
21 2 21 43
33 43 35 19
34 46 24 4
23 9 43 36
6 25 8 43
16 8 42 37
26 1 36 35
38 41 10 32
18 43 24 25
7 0 37 47
13 30 18 42
15 44 36 24
14 32 41 48
7 41 15 48
29 47 31 27
16 43 9 32
24 0 33 13
45 15 21 23
49 38 28 38
38 45 24 14
19 32 33 16
24 4 41 38
31 17 16 20
19 12 29 30
24 14 21 17
35 45 40 36
25 32 10 41
10 39 17 46
23 14 7 41
38 43 4 16
13 41 21 18
18 10 12 30
28 17 18 20
24 35 30 22
24 13 19 25
24 13 12 49
38 10 30 20
36 43 1 30
25 38 35 30
30 19 9 36
9 7 15 28
20 6 29 35
14 46 2 36
29 37 8 30
26 1 27 15
29 15 14 14
5 35 22 28
7 21 11 37
27 43 25 38
18 36 13 35
33 40 28 35
38 43 0 39
31 14 13 11
22 14 30 43
6 12 0 26
18 30 2 38
20 38 33 37
21 9 27 26
8 31 14 26
11 12 32 34
23 14 8 31
18 44 30 24
30 42 5 40
23 41 32 13
47 49 29 36
27 21 7 23
15 41 34 33
9 30 0 24
23 1 25 41
15 34 44 31
15 1 38 17
28 39 17 22
21 15 25 37
37 41 19 39
9 41 26 28
19 30 43 27
15 7 0 25
9 40 10 31
33 13 32 24
13 32 26 12
4 36 18 10
20 35 19 39
18 33 2 48
21 42 6 39
38 37 18 37
46 32 32 29
13 48 36 21
13 22 21 45
4 26 15 27
31 49 15 47
8 46 29 34
16 45 42 33
32 47 27 41
5 34 27 27
27 41 13 43
16 40 22 35
9 29 20 24
3 34 13 31
13 24 42 40
34 37 32 29
25 29 14 42
24 9 9 42
13 0 0 26
23 7 44 32
28 34 5 17
5 37 11 13
19 2 15 15
20 12 32 18
28 13 29 27
31 47 31 38
16 11 37 20
25 39 27 35
36 44 22 3
42 46 25 21
28 46 31 30
28 39 33 45
16 1 29 36
36 47 22 31
26 0 15 26
27 21 20 19
24 3 32 42
17 46 13 43
16 9 6 45
31 10 28 30
32 43 3 49
6 31 41 37
5 35 34 28
26 17 40 28
25 44 23 27
20 2 48 17
13 32 27 39
21 11 26 42
8 25 40 40
19 30 1 36
4 38 28 32
9 46 43 13
13 9 36 28
29 48 30 28
32 41 10 41
22 9 0 33
1 6 48 31
32 33 27 4
17 34 22 42
33 38 22 17
19 28 34 42
32 42 37 42
7 7 4 29
24 9 3 31
15 29 35 12
21 7 35 41
6 24 4 33
29 7 26 43
17 36 44 24
29 42 5 29
34 46 8 38
26 5 36 29
5 38 17 24
27 27 18 34
22 36 2 46
31 10 20 27
15 34 38 29
40 40 33 17
5 47 9 41
22 14 9 34
30 43 30 37
18 38 32 44
20 37 29 34
25 19 2 29
27 12 11 49
26 25 23 19
35 43 37 21
31 44 9 29
22 42 20 17
31 44 8 47
19 42 43 34
11 26 38 38
46 38 5 36
9 32 3 48
18 46 21 42
28 15 9 33
23 12 31 9
35 15 21 34
29 17 39 30
12 45 3 42
29 44 42 23
27 14 4 31
18 8 24 49
13 35 15 38
16 39 8 28
42 6 27 35
11 28 33 31
18 28 35 34
7 10 33 34
31 41 12 31
27 19 6 32
25 4 34 21
29 3 9 23
12 30 16 45
33 40 48 29
23 6 38 44
27 0 11 34
24 24 26 39
31 36 10 19
20 29 26 44
7 23 35 43
19 8 31 46
4 27 33 25
25 3 42 43
31 47 2 36
30 16 9 24
23 1 14 36
15 49 24 37
5 1 1 41
43 41 17 37
18 23 3 43
23 7 34 36
12 36 23 43
26 5 32 46
21 42 25 39
4 5 34 35
9 24 12 16
33 38 28 30
26 13 36 36
33 46 14 40
33 39 39 38
4 25 14 37
15 48 9 32
29 15 21 29
28 15 27 39
30 40 15 18
31 11 43 41
6 1 9 31
20 37 32 18
35 43 7 49
34 16 40 32
9 31 35 41
15 33 22 36
37 26 34 15
10 39 27 24
32 44 30 13
15 30 7 4
7 4 37 20
3 36 16 31
23 10 31 36
19 45 25 41
14 22 35 35
37 37 35 30
23 35 23 44
25 1 18 35
34 14 30 16
19 40 3 29
30 39 21 7
22 31 46 27
31 43 26 39
30 17 24 21
24 19 12 47
27 18 16 35
30 45 27 41
29 45 6 30
32 39 33 13
34 24 16 27
34 29 12 29
35 45 34 34
18 5 10 25
0 5 34 24
6 40 27 32
38 46 17 43
16 27 29 24
44 15 1 6
9 33 34 30
22 8 31 35
30 46 33 31
36 46 20 40
19 12 25 27
26 44 46 21
17 43 1 27
15 26 24 36
20 6 45 43
29 14 35 42
25 9 12 37
7 38 36 18
19 45 37 38
41 1 28 31
36 46 20 10
15 45 17 42
24 44 27 42
23 12 28 45
21 39 16 27
32 45 39 28
17 45 39 13
23 1 2 31
16 40 13 32
10 3 39 15
21 12 25 17
47 32 16 32
14 36 32 6
34 46 24 11
11 46 19 20
33 46 12 34
31 19 19 40
24 44 11 31
39 37 31 26
4 39 31 12
19 12 27 21
12 49 29 37
25 43 16 39
21 12 32 24
12 44 3 26
24 32 49 41
24 24 27 30
26 45 22 17
24 38 19 5
26 14 30 46
30 43 0 44
11 47 36 27
35 48 37 30
23 11 0 33
31 45 19 26
26 43 40 14
44 48 44 41
23 13 16 45
41 11 4 29
27 16 11 22
38 1 1 49
40 12 28 24
14 28 3 43
48 37 18 37
32 38 48 27
15 25 18 44
21 29 22 38
32 49 13 28
2 34 39 22
29 46 10 35
20 5 28 39
13 35 8 32
20 12 24 38
34 42 13 11
17 42 24 27
20 29 6 44
9 29 2 28
5 41 23 17
13 12 17 6
23 46 35 42
25 20 20 15
19 38 13 25
23 36 37 22
24 4 12 33
43 44 27 35
20 32 32 16
24 9 12 40
17 29 7 35
25 4 46 35
19 38 43 42
19 34 28 34
30 44 16 38
28 12 44 23
25 20 17 28
11 39 42 15
19 11 29 38
24 15 10 47
30 14 24 30
22 41 35 40
12 31 16 34
12 45 5 26
16 40 29 5
36 45 35 19
2 1 30 40
37 44 18 9
22 0 38 30
23 38 14 30
33 39 18 28
45 15 30 37
22 8 21 38
8 6 36 20
26 21 11 35
3 45 12 39
27 40 18 33
15 3 18 27
36 40 44 13
20 32 41 12
28 6 31 39
25 9 40 20
8 33 13 32
23 3 49 5
18 46 26 26
8 35 28 43
30 44 5 41
8 34 11 9
19 33 32 47
14 22 25 25
9 0 9 27
18 39 35 49
24 19 49 4
13 33 0 38
9 49 29 41
31 42 13 35
36 46 4 20
22 47 4 33
29 0 0 13
20 16 14 47
7 27 33 24
20 46 7 45
32 42 29 4
33 42 10 37
20 46 28 41
23 37 21 23
14 9 24 19
13 35 2 23
4 32 20 45
37 31 48 34
1 11 45 25
31 19 30 36
29 1 25 8
15 38 47 18
28 10 46 19
47 47 38 41
39 3 6 29
43 40 28 37
30 0 28 40
26 19 35 41
19 49 35 19
29 47 47 33
14 11 22 28
24 7 32 8
22 42 23 49
31 48 14 38
34 33 14 29
24 11 6 36
29 41 27 25
14 34 8 20
30 44 17 45
31 42 30 4
28 13 3 16
30 19 16 15
29 19 35 41
23 46 33 25
25 38 10 38
26 9 34 12
27 9 44 22
26 40 25 31
13 36 42 15
25 44 36 22
15 42 29 33
14 43 26 26
15 35 43 16
18 36 40 41
14 30 43 9
22 35 16 36
46 20 11 42
21 13 11 45
34 19 15 49
25 46 33 30
25 43 27 16
18 34 31 34
20 23 23 47
20 32 7 31
13 31 39 48
18 10 32 35
17 38 10 35
3 41 25 36
36 47 26 25
13 45 10 15
20 32 12 49
25 42 44 17
22 36 31 24
17 11 29 43
32 42 22 48
8 44 22 8
18 12 33 38
38 47 8 36
13 31 22 8
36 43 32 44
0 8 9 49
30 44 30 29
21 32 28 43
19 3 25 34
30 16 40 44
11 31 36 18
31 48 15 48
23 10 3 40
21 27 17 30
14 2 12 37
24 2 31 29
30 7 37 23
7 8 43 27
20 3 9 40
31 40 13 33
25 7 4 18
9 25 16 11
30 13 5 17
32 20 40 37
29 46 36 35
16 36 35 13
26 20 30 13
31 49 17 42
31 41 48 18
30 17 14 7
9 30 5 32
24 40 26 26
3 5 4 27
42 43 6 45
31 17 22 30
31 45 30 13
32 15 10 28
6 32 8 39
21 21 27 26
30 40 21 37
24 3 38 15
16 40 11 20
38 24 19 14
33 46 18 41
20 11 32 37
26 15 35 22
21 45 23 9
30 46 23 44
8 1 20 26
1 43 32 32
11 10 31 40
25 38 13 39
13 24 22 26
29 18 16 31
28 20 37 39
19 38 7 9
30 43 8 31
11 49 9 24
30 16 47 46
32 36 20 32
29 43 44 30
9 17 14 45
41 38 12 37
30 40 26 41
47 49 35 39
11 36 12 49
26 11 7 40
17 33 38 20
10 6 18 5
14 35 38 26
30 41 0 22
21 48 7 40
16 37 39 33
23 39 31 30
47 41 31 46
22 11 5 27
30 25 5 38
19 43 6 28
33 8 16 33
28 13 12 4
31 15 10 14
27 42 42 38
19 37 24 16
26 1 10 11
26 8 18 46
6 38 37 31
31 35 5 33
23 7 11 28
19 38 26 33
33 49 49 19
33 43 37 28
24 0 9 48
28 47 4 44
37 44 12 28
20 11 37 26
8 38 19 27
19 30 11 26
15 35 27 20
22 26 22 37
29 47 32 32
30 48 18 19
22 19 22 46
10 3 3 25
13 29 21 18
42 41 11 24
34 45 28 17
24 40 29 40
32 5 29 32
21 12 18 25
16 36 9 18
11 1 43 29
14 45 2 31
45 30 48 1
25 46 29 39
32 15 15 45
32 32 32 41
23 4 19 17
7 7 26 42
14 31 19 34
8 31 38 45
30 18 35 33
34 8 23 42
21 16 30 38
31 49 23 36
33 48 8 43
31 40 9 46
37 44 19 22
16 27 13 35
6 3 7 28
27 18 4 35
29 21 37 24
14 0 22 45
29 41 24 26
39 41 40 27
20 29 19 13
18 13 16 33
11 4 27 32
16 44 8 36
28 39 21 30
6 35 20 35
26 39 28 26
17 30 9 35
11 46 25 40
34 47 11 31
31 49 34 36
16 1 44 42
26 0 29 42
33 17 9 24
9 8 16 46
24 17 32 26
13 28 23 23
23 45 31 40
31 39 10 30
33 21 4 38
23 35 28 43
25 0 1 28
24 43 49 35
24 18 34 30
15 30 32 19
22 32 29 32
15 29 37 32
23 37 23 42
17 9 20 23
33 47 18 11
19 23 16 35
16 41 28 31
13 29 32 36
9 41 14 38
19 10 14 47
17 39 31 45
27 15 35 37
12 31 32 34
16 45 2 29
19 43 27 40
11 43 37 37
32 40 33 45
25 4 39 25
34 10 44 18
24 16 31 26
17 30 44 48
19 1 17 40
28 11 16 32
27 47 17 19
27 32 13 37
21 1 37 26
15 37 21 34
12 4 6 37
14 5 34 44
18 27 3 30
9 45 11 25
10 34 18 45
33 45 39 49
13 42 5 41
31 19 27 38
30 39 35 1
40 22 5 13
32 41 25 12
9 40 10 24
16 30 32 30
8 3 36 43
34 10 30 40
27 43 12 34
28 7 30 37
4 40 18 16
28 17 20 41
27 3 29 40
23 16 17 5
9 43 12 13
26 18 47 20
24 31 36 45
30 16 30 36
19 37 7 31
23 44 27 37
32 18 1 44
29 44 20 34
16 31 31 37
8 0 9 32
6 18 42 4
28 10 14 32
31 45 40 33
26 15 20 10
47 26 12 25
20 34 16 40
7 34 20 46
15 34 18 29
29 40 22 40
31 45 0 41
17 37 11 40
0 33 34 39
28 43 6 29
23 0 33 17
39 47 35 13
34 42 37 35
28 44 32 20
31 19 46 22
29 46 15 43
39 39 21 34
36 46 15 30
17 10 15 29
9 37 18 12
40 45 1 49
14 28 46 7
17 32 28 48
15 35 22 40
32 47 15 26
27 20 21 29
17 49 40 44
20 36 30 35
13 33 10 9
39 37 8 23
23 10 43 26
27 35 0 24
24 41 20 49
29 15 23 14
36 9 9 27
21 38 23 10
16 32 15 39
12 38 15 14
22 9 19 18
28 45 30 26
29 46 15 47
27 12 17 45
20 35 7 23
8 29 5 42
14 32 2 39
22 8 36 44
43 12 32 18
4 38 14 33
33 48 43 25
28 12 11 47
25 41 7 28
5 31 14 13
30 38 28 8
16 43 42 28
22 18 38 12
29 13 26 43
23 35 4 37
21 39 22 10
32 4 16 32
10 37 26 32
10 46 46 30
20 12 22 26
41 47 24 35
13 43 38 36
19 40 49 27
21 38 18 46
29 0 38 19
20 0 35 34
16 39 37 22
22 11 10 45
44 35 16 27
19 11 35 17
5 37 25 34
29 16 43 22
14 3 20 36
19 9 3 22
25 12 10 26
31 45 32 37
37 46 20 32
8 49 11 22
24 15 34 41
19 29 22 34
31 46 15 32
36 11 4 27
26 17 37 41
22 0 11 40
32 44 29 39
46 37 11 31
32 48 32 0
32 44 0 20
32 46 47 31
38 40 32 46
30 47 9 35
47 44 32 40
29 25 26 6
29 15 33 41
22 12 25 33
28 17 9 36
47 36 4 17
32 37 44 22
35 44 8 7
16 31 8 46
32 42 39 49
8 30 25 37
31 19 40 13
39 13 28 17
19 41 10 20
13 39 21 24
32 22 22 6
33 48 27 46
32 49 23 44
25 5 20 44
43 30 22 46
10 36 11 29
9 17 41 9
31 44 36 49
22 16 38 39
29 18 36 38
32 16 38 21
27 1 12 34
3 39 42 10
5 23 25 18
44 33 32 35
30 17 6 36
23 2 10 26
39 6 3 29
42 42 34 26
29 19 27 3
0 39 25 49
19 42 12 29
6 32 11 6
15 33 26 25
29 15 5 41
32 41 35 35
5 35 2 31
20 25 4 26
19 1 14 29
33 38 0 32
33 47 15 44
23 11 3 21
18 2 8 21
28 38 38 15
38 42 14 30
16 0 7 20
19 13 15 38
12 43 30 35
26 38 36 34
11 36 5 33
14 32 39 25
29 16 38 17
32 43 19 25
23 42 31 27
24 9 23 47
12 33 20 44
31 44 35 17
31 48 47 25
20 10 6 37
14 39 29 29
28 11 48 26
3 11 28 13
32 7 39 42
36 46 7 39
30 8 21 31
19 12 15 37
32 47 7 30
34 38 2 23
36 5 16 32
31 17 5 27
23 0 22 16
14 33 24 27
22 36 28 34
25 20 10 33
27 11 47 36
4 43 37 33
45 43 39 2
6 42 26 42
21 10 36 2
11 43 22 18
33 49 38 26
29 23 45 18
41 23 20 35
18 22 33 13
