50 1279 17487 800
5 17 24 38
24 12 41 11
3 3 17 13
22 38 27 30
49 25 46 12
47 23 41 4
13 30 5 14
16 36 29 18
27 40 10 19
31 33 17 9
1 18 18 23
7 45 16 5
12 37 35 20
36 41 16 13
5 47 14 9
14 16 18 26
37 39 15 23
37 23 18 17
16 29 18 19
8 26 28 12
13 35 13 14
48 22 31 28
22 16 29 25
19 48 1 41
37 39 24 9
39 27 17 28
38 37 23 8
39 39 23 13
12 33 16 19
14 32 10 5
19 18 34 18
4 37 39 9
17 14 20 19
7 7 21 23
34 33 49 18
48 46 19 22
40 21 17 16
39 31 23 24
39 44 8 11
16 28 18 19
17 29 16 10
45 36 12 11
49 26 14 32
15 30 15 9
47 23 19 4
20 9 19 30
17 0 10 18
17 43 28 2
44 29 28 28
38 34 31 11
7 32 24 1
33 41 17 25
9 38 38 8
20 16 29 14
10 13 22 5
26 41 16 21
36 38 33 20
5 26 9 3
40 32 15 22
5 21 33 26
10 35 29 46
5 34 16 6
14 35 14 19
7 35 1 18
18 28 15 6
0 17 27 35
21 8 45 9
49 28 28 15
47 45 26 13
9 36 36 9
2 20 2 9
13 13 43 5
9 38 29 5
17 30 10 16
23 32 30 6
24 29 17 22
44 21 24 30
6 32 22 24
37 44 30 18
46 20 29 28
21 15 25 29
39 41 14 48
16 32 14 23
35 37 27 10
40 38 12 13
2 7 2 19
46 37 23 27
20 39 23 7
47 37 13 17
19 28 12 22
17 30 3 8
45 20 28 28
1 6 20 4
48 32 37 8
7 22 5 15
18 12 43 7
41 27 30 10
1 13 22 5
1 30 6 17
24 13 21 24
16 32 13 30
16 36 0 11
10 11 40 16
47 22 21 18
0 0 10 14
31 19 13 9
12 41 37 9
37 41 13 23
44 44 15 14
14 28 17 20
10 26 13 28
10 16 29 31
47 25 32 7
8 30 19 29
25 24 6 13
13 36 4 10
29 36 33 30
38 37 4 0
15 32 32 2
38 32 25 26
5 25 31 8
16 38 21 32
10 11 33 35
45 27 6 37
15 33 13 14
43 25 13 22
36 26 15 19
35 28 29 12
5 22 11 34
13 31 17 23
47 46 7 14
37 46 35 10
38 43 17 37
38 41 19 34
37 37 44 6
0 25 12 21
44 24 7 15
24 28 26 5
42 21 29 40
32 30 2 13
8 31 16 32
4 2 39 8
37 44 26 6
27 47 18 2
42 17 3 10
36 42 18 18
34 45 36 12
42 40 32 31
7 36 24 15
38 42 11 18
14 34 39 17
12 35 35 13
49 19 15 31
28 17 21 13
39 49 29 22
10 39 34 4
49 21 32 33
12 34 29 37
24 12 19 3
41 22 24 39
44 19 6 19
17 42 0 24
46 25 16 26
21 27 32 10
10 35 21 3
7 33 23 2
32 38 32 7
42 38 19 23
29 32 6 17
6 31 38 15
46 24 37 15
43 31 33 9
36 39 32 31
19 41 18 20
46 21 28 20
38 31 23 19
10 40 25 6
26 2 16 28
10 34 29 32
40 42 18 29
17 6 33 4
10 46 43 3
39 39 37 12
23 44 2 14
37 26 23 21
12 33 36 13
9 33 11 19
12 14 26 13
38 40 26 4
45 34 22 0
21 43 20 10
9 34 18 46
37 38 35 14
16 30 2 5
35 24 26 11
10 31 15 29
10 26 31 8
39 37 0 13
45 26 40 17
9 38 30 16
40 39 23 12
42 17 22 16
13 12 34 6
34 44 17 35
44 45 33 31
36 39 3 19
10 3 26 39
45 28 13 17
19 7 23 0
14 0 15 27
12 35 25 22
10 0 36 0
8 14 2 5
25 20 6 30
0 13 31 32
43 20 7 21
14 30 30 17
13 32 17 30
38 36 26 13
15 8 29 13
45 18 18 2
43 24 7 25
40 41 12 19
42 17 35 40
12 33 28 17
18 2 35 15
34 37 0 12
33 22 9 31
9 29 22 23
15 24 10 22
45 20 22 14
36 44 37 12
44 21 7 20
5 8 37 2
8 23 7 35
44 39 5 23
9 24 21 29
35 42 10 28
48 37 10 29
18 43 25 38
46 40 8 16
18 26 22 12
8 26 23 13
47 45 30 18
10 29 7 36
3 27 41 3
14 13 2 16
4 37 25 5
32 42 18 13
48 26 13 35
19 31 19 11
38 39 30 29
3 6 12 24
38 46 28 31
48 41 31 33
15 29 30 16
23 5 27 0
36 30 3 13
5 45 5 24
12 3 4 3
26 25 25 8
36 37 6 43
11 33 13 20
33 36 15 7
36 17 19 34
12 30 20 24
44 38 16 41
9 37 12 12
31 45 3 35
13 29 8 12
18 35 2 14
38 45 5 30
10 24 16 10
36 38 16 21
28 10 19 37
18 9 17 29
35 41 3 16
40 35 7 22
18 29 45 15
16 39 21 27
24 8 24 15
36 38 37 16
30 44 40 4
34 42 21 18
36 41 7 11
32 7 20 15
6 30 11 21
38 40 20 14
12 49 12 26
15 26 11 5
12 27 0 16
30 41 20 11
21 38 15 21
33 39 15 21
2 32 3 20
44 40 33 33
31 45 14 17
33 42 24 15
21 25 34 14
44 24 15 5
29 25 11 24
7 30 10 11
6 43 30 6
47 38 24 14
39 36 25 24
14 32 21 7
10 33 32 8
40 42 17 35
28 38 24 6
40 49 19 18
20 5 34 14
40 37 13 1
49 22 16 14
43 20 36 27
13 6 28 27
16 34 37 6
15 35 30 29
46 18 8 26
3 20 14 19
14 32 28 11
22 43 23 13
10 32 28 29
5 11 10 45
27 32 29 9
41 44 17 37
17 31 36 25
26 4 37 19
46 21 26 12
7 5 7 31
10 12 29 6
8 3 14 37
44 27 26 13
38 40 8 15
4 12 21 22
35 39 21 5
28 16 2 21
35 37 33 27
10 31 20 18
5 7 37 21
12 34 6 12
49 23 22 5
9 40 12 11
23 39 20 16
38 38 26 18
15 27 34 31
19 39 27 18
22 29 26 36
7 28 15 8
23 26 33 28
29 22 15 48
34 41 15 27
0 8 24 26
18 33 10 28
8 11 13 17
12 28 25 18
38 33 31 4
38 22 4 7
10 27 0 15
41 23 10 25
15 22 36 38
38 19 10 7
9 28 17 10
35 46 34 2
11 13 23 8
38 35 17 32
7 44 13 22
13 33 18 16
2 16 28 29
12 24 11 28
47 28 20 6
2 21 15 39
13 31 19 29
37 37 10 3
16 27 26 19
37 39 12 23
34 43 25 17
36 49 15 15
34 39 5 15
21 27 41 21
15 35 29 18
6 30 30 12
8 29 35 39
9 7 18 5
11 33 4 17
9 35 32 35
9 29 40 12
33 49 30 28
6 33 19 16
47 35 47 11
13 21 23 19
47 19 11 36
4 4 29 19
31 43 21 10
24 39 12 13
44 37 17 23
34 43 39 13
35 39 28 41
47 49 29 31
41 40 41 17
9 28 11 20
42 40 18 29
15 37 37 9
7 26 30 0
5 24 16 15
11 25 25 0
28 31 21 22
46 42 39 4
9 40 7 20
45 25 22 14
47 25 18 16
46 42 28 34
29 20 8 13
36 41 21 21
39 39 22 22
38 36 34 30
8 30 26 23
35 32 13 31
12 29 8 13
38 42 33 28
12 12 34 16
11 28 5 20
37 44 25 17
29 44 4 19
10 40 32 24
0 8 17 31
3 9 18 21
7 28 2 21
47 20 25 6
3 9 17 8
36 32 23 18
3 30 43 11
16 27 30 0
20 0 26 4
45 31 19 21
43 19 10 14
4 10 8 15
43 32 22 2
46 21 32 7
12 30 35 9
7 38 23 33
18 45 19 3
10 42 22 10
30 26 17 16
48 29 36 12
33 42 38 20
15 10 35 2
37 40 33 11
15 25 32 30
41 47 7 8
49 29 20 5
8 28 27 13
42 37 1 15
43 21 17 18
41 21 29 44
13 29 19 3
5 30 23 17
41 47 44 15
15 35 32 31
37 26 8 16
39 37 29 9
35 41 13 14
11 36 18 39
5 25 18 21
10 35 0 28
21 31 35 5
2 37 22 27
7 10 20 36
34 38 25 12
14 29 20 34
5 0 19 34
8 15 9 8
10 35 0 13
16 28 19 26
16 28 23 17
15 35 30 30
46 22 6 38
9 33 12 46
6 32 45 27
9 26 39 15
1 30 23 19
5 30 1 16
23 13 18 26
34 40 4 19
27 25 18 19
14 29 15 15
21 30 35 11
12 38 35 6
13 35 26 13
49 31 0 9
40 44 14 13
49 43 18 26
41 24 8 28
27 15 33 9
2 36 23 11
23 26 19 12
5 10 10 13
16 29 28 26
28 21 19 5
39 14 4 14
17 17 7 16
17 32 16 20
4 19 14 34
35 35 25 19
37 40 43 8
6 38 22 13
43 28 5 14
46 40 17 22
39 39 20 19
14 30 25 6
31 47 20 20
37 45 8 20
42 22 22 20
4 21 6 9
35 41 31 37
38 40 13 19
21 33 31 12
35 39 19 22
23 23 36 11
22 28 23 17
29 45 5 19
29 46 23 30
44 24 4 26
12 28 0 20
32 41 21 42
46 36 25 8
13 15 26 8
14 25 19 8
22 7 10 24
42 25 33 8
1 12 20 18
17 28 14 15
4 4 28 28
9 27 8 3
41 37 31 4
6 27 32 10
36 40 31 29
1 10 28 10
16 5 19 10
5 12 1 15
6 29 15 38
47 25 31 19
35 4 32 30
13 39 6 15
29 43 14 7
4 34 29 30
12 29 7 23
13 29 0 14
37 39 25 34
25 36 38 9
42 17 18 37
7 20 2 5
20 33 24 15
27 11 29 23
28 12 32 7
10 42 21 18
46 28 19 15
47 24 42 9
6 35 49 10
8 26 27 32
34 35 27 5
22 15 37 30
8 10 16 5
37 38 33 13
22 47 2 14
6 33 28 29
18 38 48 13
18 0 1 25
42 36 22 16
3 4 15 13
7 12 37 11
20 2 11 9
10 31 21 13
39 38 2 27
41 22 15 13
19 7 13 27
44 21 13 18
15 35 9 33
6 34 5 18
25 33 22 6
15 36 7 13
13 33 7 13
44 39 5 14
44 35 34 11
33 21 31 14
41 30 4 27
16 32 32 27
43 37 15 13
32 42 33 4
38 40 36 11
27 5 21 27
33 43 31 25
12 34 32 8
35 45 16 16
26 46 35 14
38 41 13 30
37 43 36 8
7 31 8 22
16 37 2 29
0 1 0 28
30 15 28 2
15 35 17 22
38 21 24 26
45 22 20 16
36 25 17 21
28 36 36 16
41 30 36 37
33 7 12 14
10 33 33 14
16 35 34 8
37 46 34 15
1 7 3 12
12 39 36 19
6 32 24 12
48 44 17 20
38 38 25 22
16 24 34 33
36 44 14 47
33 45 14 11
40 43 11 27
33 33 17 27
36 37 36 17
45 22 7 27
2 21 36 11
15 0 14 40
43 45 32 13
18 33 18 43
36 42 15 5
13 27 11 16
15 30 32 2
6 23 27 6
33 41 22 16
20 43 5 21
8 35 13 15
1 34 12 15
15 26 30 14
1 27 9 18
35 42 7 31
8 10 18 22
22 17 14 12
0 17 33 6
17 31 8 13
17 49 37 5
31 49 6 13
29 22 34 17
36 41 23 16
26 41 31 8
44 25 7 26
4 33 29 3
42 25 13 22
43 18 25 30
15 10 12 8
12 26 21 18
49 22 6 17
10 32 2 17
26 14 17 13
9 38 33 4
15 37 21 18
30 36 18 36
5 31 20 18
45 22 5 38
16 29 37 14
8 21 30 26
47 23 39 19
31 30 10 25
11 31 37 11
44 23 27 10
5 31 6 23
40 23 38 4
37 37 9 33
8 31 12 19
10 26 31 14
11 40 5 32
46 35 27 9
12 34 24 35
38 37 39 12
25 48 48 9
17 33 35 9
30 33 2 31
32 43 20 4
42 21 29 30
13 28 33 14
31 35 21 18
34 18 4 17
15 47 18 26
10 20 25 38
34 40 35 19
7 15 30 25
23 39 37 3
42 43 27 20
27 47 26 17
17 4 34 14
37 39 20 21
45 21 33 17
10 32 48 7
38 49 24 10
36 36 42 6
13 30 15 3
45 20 13 22
43 25 21 21
34 31 23 26
35 37 38 14
2 8 27 13
37 28 7 22
48 32 28 33
34 21 28 19
12 27 17 12
37 43 7 24
17 18 10 22
11 27 36 4
16 29 34 6
22 27 22 7
20 32 5 17
45 26 27 24
26 34 30 7
9 32 24 10
11 33 28 29
14 28 19 10
12 30 6 17
42 34 19 8
37 42 41 14
1 35 15 23
38 41 30 30
40 13 16 37
19 34 27 8
37 23 16 5
2 20 15 19
10 29 20 35
49 17 27 1
44 23 14 4
38 42 31 9
18 48 15 40
6 41 13 24
4 28 2 39
44 38 24 9
49 43 34 11
15 34 24 15
35 39 34 12
15 30 16 7
7 32 3 25
11 35 44 6
38 38 16 14
10 34 15 15
10 34 24 9
34 37 16 36
7 38 8 25
39 39 16 43
32 43 17 18
13 28 41 6
39 21 12 34
27 46 12 7
39 40 0 40
32 38 0 17
35 40 35 10
47 26 6 13
11 36 38 4
17 43 12 28
40 41 16 12
37 35 37 6
4 34 9 15
32 33 6 33
5 31 16 17
10 44 25 8
19 36 40 8
40 1 14 20
35 34 27 18
16 0 18 30
35 43 11 22
41 28 12 41
19 30 0 21
41 48 8 15
38 44 32 29
44 22 33 17
7 33 7 28
34 40 6 36
36 44 29 6
49 26 2 11
37 34 12 33
38 34 15 18
12 34 10 15
47 41 35 15
33 25 15 9
32 38 24 13
23 27 1 9
48 34 16 16
20 30 29 47
7 25 18 29
37 48 12 24
46 23 20 6
29 15 16 21
12 25 17 25
36 28 12 35
2 13 8 12
12 29 22 17
14 9 24 17
49 35 1 8
43 20 33 7
8 15 7 20
35 38 29 11
39 31 18 25
42 44 35 3
23 33 7 16
6 32 36 28
30 37 17 11
27 19 2 19
41 28 9 21
14 34 31 12
22 4 38 40
16 28 2 15
39 13 3 15
42 5 13 22
14 25 24 30
5 38 33 14
11 7 20 10
15 40 33 10
37 39 3 15
37 43 12 36
42 40 43 2
36 41 21 13
6 24 12 19
36 42 20 40
36 40 9 26
35 41 15 26
12 23 25 22
46 22 20 4
8 15 32 36
36 44 1 15
11 30 11 8
33 42 1 18
9 44 28 19
38 38 14 18
34 40 27 19
13 1 25 17
47 37 26 30
49 43 6 6
10 26 6 21
34 24 29 34
34 40 12 20
33 37 35 16
35 37 15 24
11 1 32 5
38 47 0 16
46 21 28 20
31 36 14 20
25 2 19 23
48 21 2 19
5 37 38 13
42 30 21 8
42 24 13 10
27 48 23 2
39 27 15 2
45 36 3 16
21 5 36 16
26 30 19 8
16 31 21 11
37 41 13 17
11 28 32 7
43 31 14 16
40 35 6 32
7 24 11 11
31 43 23 3
37 48 10 17
46 43 29 34
29 26 20 9
40 41 16 10
19 6 11 13
43 27 22 18
39 39 15 25
44 23 29 24
12 37 15 20
35 43 34 8
36 38 18 16
45 23 31 8
37 37 6 18
12 30 40 12
39 33 37 7
2 11 39 6
12 32 38 17
22 10 20 2
15 38 46 8
40 27 26 1
15 44 12 9
16 10 14 15
15 34 41 6
38 39 12 17
1 18 41 12
3 7 0 12
10 29 26 4
31 48 38 18
35 41 28 33
29 46 0 9
13 2 41 4
20 16 6 2
10 31 23 21
42 24 4 20
17 31 26 30
48 37 3 8
11 35 3 15
33 49 16 14
19 13 12 20
41 42 29 31
12 29 20 31
37 39 29 30
19 27 31 5
37 37 30 6
34 44 35 29
45 22 23 2
37 41 37 8
12 36 7 7
17 7 2 3
38 38 5 14
13 28 14 41
34 35 27 31
47 20 1 24
37 41 3 18
11 35 9 18
44 25 21 10
12 41 34 10
17 27 12 32
29 24 10 16
6 36 10 23
1 28 33 18
47 46 12 34
47 25 34 1
37 41 25 16
41 44 10 15
38 42 15 13
8 40 23 24
12 29 1 21
13 32 46 15
12 41 12 17
41 37 25 9
31 43 33 2
29 13 16 24
4 26 34 15
19 22 36 2
11 17 5 19
8 31 25 6
46 23 7 21
42 23 19 6
44 40 22 6
19 29 27 32
34 41 12 24
45 45 16 9
34 39 30 31
7 39 40 15
23 21 15 10
46 49 0 17
5 33 30 30
7 37 18 27
7 23 23 17
29 31 30 18
41 41 26 9
16 3 28 23
21 25 19 18
37 42 28 1
17 47 9 20
20 36 10 2
35 40 36 6
22 46 18 22
35 37 19 49
10 38 23 18
25 21 31 35
7 28 28 9
2 14 35 11
41 21 6 15
12 31 0 20
25 0 20 25
16 35 30 27
8 23 23 20
11 35 26 19
6 5 9 12
49 38 6 12
8 38 14 17
43 32 1 6
47 20 32 0
13 31 23 21
14 33 20 9
11 39 28 18
31 26 31 32
39 42 11 23
5 35 17 18
24 35 3 17
2 9 33 18
18 14 17 30
19 26 34 16
41 44 3 22
44 26 17 15
11 8 20 15
10 24 16 16
32 41 17 30
38 43 10 43
14 8 24 15
40 25 41 14
1 26 19 9
45 20 34 21
45 22 28 18
37 47 17 20
44 24 34 16
19 29 16 19
12 40 23 10
12 27 28 32
44 30 4 8
12 35 8 19
18 32 15 5
10 33 15 9
37 39 5 20
12 31 7 12
40 36 34 31
10 49 7 15
34 36 27 2
8 29 29 1
45 36 3 21
35 41 26 10
16 40 2 24
35 39 20 23
34 42 41 14
17 34 47 6
32 43 13 38
16 33 32 27
11 16 7 12
4 31 21 26
5 16 16 19
9 26 26 7
8 33 15 17
42 29 10 18
36 37 2 9
44 20 39 9
35 37 29 34
24 19 27 16
37 42 40 13
7 30 12 35
21 30 18 24
42 38 11 20
37 41 24 21
37 38 0 22
47 39 32 43
40 42 38 17
45 42 29 23
1 33 7 14
11 30 7 8
10 39 35 10
13 30 3 26
30 49 35 0
6 29 37 6
12 30 31 21
30 48 28 11
21 34 16 8
13 23 16 7
30 45 15 17
21 32 30 37
44 21 24 46
46 21 40 7
47 48 20 5
42 42 38 11
17 33 43 11
43 23 21 25
9 37 6 10
36 44 16 22
49 18 9 19
39 20 30 12
39 38 13 20
13 30 19 16
46 26 27 43
33 44 23 22
17 31 25 27
12 36 32 35
49 19 24 19
39 31 35 38
46 17 37 9
33 31 20 7
7 14 28 11
30 6 9 8
38 41 14 18
26 45 35 9
19 40 6 16
45 23 1 33
47 21 32 26
44 26 12 17
48 39 21 34
14 47 26 13
15 30 24 6
35 19 9 21
8 27 17 25
22 4 20 11
45 20 39 16
16 44 25 15
23 19 33 16
27 44 36 19
7 13 29 23
44 32 10 14
27 41 19 45
29 44 1 15
33 32 18 18
15 20 13 26
17 49 14 31
14 37 3 19
39 43 24 28
39 38 26 30
38 42 18 27
16 24 21 18
12 34 41 15
7 35 29 24
6 30 25 16
36 43 15 3
35 43 41 19
9 28 4 11
16 32 7 19
34 40 14 36
45 21 28 32
11 31 5 12
17 33 10 24
48 25 13 0
10 35 7 12
0 36 2 5
38 31 26 25
5 24 13 18
40 42 17 12
19 34 16 26
15 48 20 22
36 41 19 16
43 42 26 13
23 35 39 8
3 37 1 12
37 41 33 14
11 43 30 10
19 31 31 8
36 37 31 31
12 1 37 13
15 37 34 11
49 37 8 24
12 31 17 19
16 30 3 16
39 28 16 7
14 36 31 10
16 35 11 11
34 42 15 21
38 43 17 12
33 36 38 12
48 38 26 28
11 27 14 12
35 39 26 2
41 29 32 25
35 20 6 20
17 25 19 11
15 3 12 11
42 21 43 9
13 46 25 28
46 24 7 13
12 28 20 4
35 37 7 29
33 43 22 15
25 41 11 25
45 23 13 32
39 45 27 6
0 33 18 7
2 25 31 3
36 37 16 20
1 3 19 20
47 39 33 32
10 15 23 12
39 31 10 25
21 15 46 16
28 45 21 8
44 23 3 16
17 36 39 6
12 38 9 42
15 5 27 30
22 10 8 15
4 14 29 10
12 11 43 11
41 36 11 6
23 17 2 16
1 33 36 5
42 24 26 1
25 26 11 9
9 25 35 20
7 35 43 35
47 18 19 11
24 18 24 27
26 43 41 19
33 39 31 11
42 22 27 9
47 29 27 15
41 43 13 2
16 37 8 13
13 33 12 37
36 41 30 16
39 44 32 29
44 25 38 6
34 40 26 2
38 44 3 14
44 22 4 14
41 29 26 25
24 45 22 21
15 23 9 11
42 23 22 35
37 36 11 6
48 43 9 13
36 37 12 11
45 22 18 31
34 42 21 41
36 42 3 18
27 44 13 20
10 9 13 21
8 30 14 36
13 28 20 6
43 10 29 14
6 32 28 18
4 12 21 1
9 10 31 14
4 6 30 8
41 14 32 17
10 30 8 26
10 32 24 17
29 45 18 15
8 40 0 24
38 46 3 30
36 36 0 18
2 26 20 18
46 26 17 29
23 40 3 21
8 0 32 14
34 43 37 17
8 34 33 30
36 39 33 11
45 32 12 12
12 33 36 10
44 22 36 7
27 20 22 24
48 20 20 1
16 26 14 22
20 8 18 4
7 21 23 21
38 40 18 28
46 25 24 10
45 24 21 12
14 49 5 29
30 36 12 26
36 42 32 29
30 46 40 5
45 24 32 12
31 44 6 39
30 34 29 26
34 33 17 23
34 42 23 0
42 44 33 29
5 2 7 34
31 36 20 16
38 39 33 11
7 22 16 25
8 39 17 7
12 29 3 20
45 25 32 48
12 32 13 24
9 34 26 1
35 41 20 14
48 42 5 15
18 23 25 6
37 42 17 21
31 46 9 11
29 28 31 31
29 5 16 41
2 18 14 27
44 47 17 14
5 33 29 10
8 33 15 12
3 36 28 14
40 48 25 2
12 10 20 15
26 28 9 13
35 43 4 28
18 29 10 8
36 39 28 21
34 38 10 23
45 21 24 7
23 42 34 4
12 16 20 20
34 44 30 10
17 35 14 9
