50 550 14199 800
9 38 42 37
18 37 24 39
15 35 48 30
13 39 17 37
17 23 34 10
23 23 15 47
17 22 26 19
22 39 44 0
13 28 37 13
33 5 39 0
15 48 19 24
13 29 29 40
31 46 26 27
24 41 36 34
24 35 24 16
24 28 48 47
41 36 29 33
33 26 40 16
12 0 12 35
9 29 14 42
39 36 10 11
4 25 41 34
35 41 33 23
21 41 34 21
41 31 32 8
14 34 33 38
29 36 38 5
21 47 35 44
19 36 31 24
22 42 32 41
26 40 3 39
21 35 45 7
18 30 30 18
32 37 38 20
11 16 21 3
24 25 36 48
26 25 42 12
21 26 33 41
2 30 29 5
9 30 33 3
12 42 38 13
7 31 32 17
33 27 29 21
17 41 40 10
2 42 29 44
1 39 48 13
18 27 30 45
19 30 25 21
33 32 36 18
13 47 3 44
34 39 18 36
41 30 27 8
11 27 14 49
44 28 37 45
15 25 17 30
9 28 33 9
35 35 48 43
9 18 30 47
47 31 36 45
41 32 44 24
17 11 32 11
2 27 46 43
25 35 34 10
31 33 49 48
17 24 35 13
17 30 42 7
13 28 30 6
13 15 40 6
24 43 49 39
8 18 13 44
21 25 33 0
34 33 48 40
21 46 3 45
3 45 36 42
24 32 22 17
12 7 28 37
21 13 39 8
12 36 39 30
15 13 26 11
10 30 4 42
15 23 26 31
19 44 21 28
24 40 9 48
34 30 23 46
19 14 30 15
12 42 32 26
8 23 46 9
40 33 8 47
36 46 38 11
43 32 34 42
0 35 31 4
24 27 17 49
12 22 19 41
39 30 34 16
0 11 10 36
4 25 30 34
8 48 44 16
43 30 19 30
14 41 28 18
0 15 22 11
1 9 30 11
2 5 23 5
15 32 36 18
8 27 20 49
8 42 29 42
22 43 33 37
29 27 34 42
23 21 24 47
7 24 34 5
36 29 40 7
46 36 26 13
24 31 31 1
6 20 23 36
7 6 34 10
26 13 20 33
23 20 35 8
4 42 32 13
22 28 31 22
11 27 40 23
33 35 43 14
8 28 30 36
0 18 23 35
34 41 40 10
34 44 26 8
42 33 14 12
42 35 32 19
15 40 39 14
38 42 31 23
22 24 33 6
13 25 36 11
35 3 22 15
31 33 44 6
47 28 33 10
27 44 10 42
2 28 24 23
44 29 33 1
31 24 41 14
27 13 35 37
22 38 45 36
29 27 22 46
33 13 28 9
20 26 38 14
25 47 9 47
19 24 23 23
35 15 36 46
17 17 28 39
37 31 43 9
25 49 36 5
40 37 22 1
38 45 40 11
25 6 37 12
16 18 35 6
22 40 36 21
48 41 44 8
0 42 38 9
42 36 11 47
43 39 27 43
18 26 42 49
24 34 34 17
21 18 38 17
25 29 18 22
48 47 44 34
29 34 43 1
26 40 34 8
13 4 38 20
36 33 30 19
26 29 25 34
19 27 28 17
28 19 40 48
2 18 21 13
37 32 30 44
12 21 24 8
29 42 39 45
33 32 45 28
22 6 23 20
14 25 4 34
14 21 29 18
27 22 25 29
33 24 48 13
33 32 44 15
12 28 26 42
24 24 13 8
36 32 36 24
44 35 38 6
29 29 10 38
19 41 29 17
25 45 29 32
14 27 44 12
20 24 38 10
17 38 41 2
27 33 11 37
15 20 42 8
16 26 49 27
31 42 31 34
42 31 16 36
27 27 31 24
4 46 3 0
39 38 42 31
12 35 35 39
33 42 30 7
38 40 39 20
2 21 44 2
6 24 15 18
4 38 48 13
10 24 21 35
11 33 36 44
38 38 37 11
41 46 32 18
0 39 36 10
7 48 31 30
8 32 18 48
13 24 22 29
4 37 40 12
13 40 31 13
21 38 35 26
16 14 24 43
35 30 49 11
38 32 37 10
5 32 38 49
45 35 8 40
28 7 49 14
29 29 21 1
30 35 11 46
12 27 13 44
27 30 39 43
39 36 24 17
41 26 45 15
27 47 29 10
29 43 19 29
28 35 19 30
40 31 36 42
25 39 40 26
34 42 20 8
30 35 33 6
33 32 28 26
33 33 35 13
4 28 25 22
37 35 21 10
36 29 21 13
30 39 24 37
12 23 28 13
37 37 17 15
5 27 29 39
7 38 43 1
32 37 38 15
41 35 38 30
25 41 36 42
36 47 19 30
17 40 35 32
31 38 29 16
5 33 34 15
14 14 13 48
0 36 37 13
22 41 36 32
43 28 29 36
19 39 31 6
1 33 18 38
21 15 48 48
29 44 33 22
3 28 41 3
14 22 29 14
21 17 17 26
37 39 36 15
19 31 40 44
22 42 40 19
31 39 28 7
43 34 34 36
36 35 28 22
1 32 26 13
22 20 31 47
11 42 47 44
41 34 2 40
27 46 36 16
2 28 32 14
18 30 25 35
17 28 25 39
10 22 46 12
38 33 29 9
21 34 44 15
46 33 8 9
13 30 18 43
22 40 33 47
30 25 38 15
37 38 36 27
40 28 17 42
42 37 48 7
40 33 22 34
16 39 32 8
41 28 24 45
23 35 29 37
28 29 35 26
17 48 29 6
29 23 20 6
27 38 30 7
14 20 35 43
4 14 47 16
28 33 44 37
1 28 33 5
41 35 16 44
40 36 36 8
7 44 38 35
32 34 19 23
15 44 40 34
22 21 32 20
25 38 14 28
24 14 35 4
31 42 33 9
35 40 19 26
13 18 39 15
13 18 40 13
21 30 33 41
36 31 22 14
26 13 21 46
32 39 42 44
30 19 31 11
28 31 32 21
41 34 13 23
30 31 35 41
21 32 47 44
29 35 38 12
30 37 30 49
42 11 13 46
25 43 42 14
24 46 33 16
23 26 33 14
38 39 1 45
16 26 38 11
38 40 45 35
31 45 41 11
39 40 30 42
28 44 30 36
40 33 20 30
23 24 48 27
21 22 33 20
33 27 25 12
28 41 34 26
7 17 28 44
14 27 18 29
12 22 18 11
6 45 18 20
43 34 26 9
40 30 35 4
45 32 29 42
34 38 30 46
23 48 37 11
36 31 26 21
16 34 33 37
31 24 36 18
38 34 21 25
34 34 42 21
40 28 37 11
27 26 45 23
29 34 13 31
10 14 26 20
2 26 40 26
24 35 11 43
4 46 30 10
36 38 31 29
41 35 33 14
16 43 35 5
0 29 30 23
15 18 33 14
39 29 29 14
31 32 33 5
26 32 22 38
8 33 42 16
25 17 10 47
11 41 27 2
32 37 10 10
37 36 9 43
26 33 20 20
3 32 22 19
27 33 25 41
32 36 36 10
33 22 15 18
21 19 36 16
4 42 17 6
17 23 28 44
3 9 31 28
5 24 5 45
20 39 23 3
48 37 28 19
20 42 46 49
22 48 30 7
21 43 16 49
18 8 30 18
45 32 39 30
23 6 20 46
5 29 31 21
27 48 35 43
33 23 16 22
4 30 24 12
14 38 21 44
32 48 17 45
0 9 17 33
45 31 26 10
25 32 35 31
39 29 18 39
24 32 25 2
11 28 23 9
13 36 36 36
34 33 32 19
42 34 21 12
5 35 36 9
32 13 15 43
42 29 38 13
32 38 25 9
2 24 15 17
24 25 34 15
8 24 39 13
2 29 43 8
0 28 30 18
31 32 33 14
27 36 23 39
16 17 32 10
27 41 38 33
21 40 26 9
13 25 44 18
43 37 46 18
15 27 22 48
6 16 46 28
18 10 24 11
15 13 11 40
34 47 36 12
21 27 48 46
6 15 47 9
27 38 28 20
45 33 39 31
23 37 27 39
26 38 36 14
21 42 29 14
26 44 39 28
43 38 7 36
34 28 43 15
49 34 32 6
43 35 31 19
47 29 23 10
22 5 33 2
9 24 25 48
15 19 35 25
0 18 34 26
36 46 36 24
40 32 21 44
37 39 39 12
11 17 23 44
37 25 20 14
25 27 11 43
19 12 22 41
28 29 33 8
12 34 13 23
32 35 30 22
16 40 49 9
26 28 48 16
15 17 33 8
14 14 19 11
37 23 31 44
5 32 42 36
5 23 42 25
1 36 25 9
10 27 19 35
27 5 30 14
1 39 29 17
24 16 43 49
11 26 13 45
15 39 18 3
5 46 49 44
41 33 43 5
26 42 27 22
37 36 32 28
16 36 23 21
41 30 33 17
36 29 10 41
19 36 33 41
20 29 39 12
29 24 19 45
37 30 26 26
6 35 41 22
43 32 44 26
14 21 22 8
38 40 32 13
6 44 24 16
22 33 2 47
17 15 37 12
1 39 30 20
36 47 35 15
29 40 21 39
32 30 29 6
19 33 5 36
4 32 31 12
24 17 36 32
29 35 38 45
34 38 24 15
25 9 9 42
30 42 17 24
26 28 34 36
26 6 32 9
23 46 34 11
29 43 44 3
45 31 18 17
35 30 37 15
41 38 25 9
28 13 48 8
44 39 34 21
8 26 37 13
5 46 10 37
40 46 33 30
24 42 39 16
25 43 28 30
4 32 38 8
37 38 29 22
33 39 29 43
27 30 34 24
24 49 26 20
33 20 44 41
9 22 45 4
35 44 40 15
33 32 48 9
13 30 30 11
15 21 25 19
1 7 41 32
29 26 22 41
28 41 6 45
45 36 5 36
9 4 31 14
24 45 49 18
2 25 28 0
14 25 45 45
12 21 43 19
38 35 39 21
30 37 28 6
48 44 40 16
7 22 45 19
19 12 35 18
18 26 41 39
27 31 28 4
5 13 31 28
11 34 42 29
14 43 13 37
8 36 42 49
19 14 39 2
27 37 40 2
26 48 31 30
35 22 35 41
12 26 29 6
7 35 44 11
20 19 22 35
15 18 18 26
42 39 43 45
45 36 32 15
3 34 11 42
