50 51 15630 800
39 21 36 46
46 21 12 47
43 25 8 24
49 20 5 46
31 38 26 27
40 28 36 48
20 19 37 27
28 6 43 14
34 18 29 29
31 39 11 27
16 16 47 23
40 27 11 30
33 42 42 22
40 24 25 45
42 44 32 34
32 36 12 22
44 39 37 17
39 22 46 27
43 18 47 6
42 22 44 29
44 28 33 11
46 47 10 22
37 26 3 44
40 27 47 33
32 38 29 42
18 47 47 43
47 20 43 27
34 42 12 27
25 44 35 23
46 38 21 27
34 37 46 32
36 39 22 16
15 24 48 38
38 37 45 23
30 46 39 10
49 18 11 30
47 22 42 17
47 25 6 26
46 33 20 38
42 35 19 26
36 40 7 29
24 40 9 45
39 27 39 37
22 22 43 38
41 32 42 19
42 30 21 41
31 39 45 26
35 10 14 26
41 21 36 24
38 28 43 38
23 45 49 30
