50 241 14448 800
22 23 8 1
13 4 8 6
19 23 10 1
20 22 22 28
36 26 8 40
39 23 19 27
29 29 13 5
11 7 21 49
25 37 6 36
25 30 29 48
40 26 8 48
12 20 7 3
19 28 6 38
10 28 44 45
2 19 14 32
48 41 12 38
9 3 44 46
11 18 13 0
17 25 10 24
19 27 42 45
2 32 33 47
24 39 36 45
11 16 38 45
37 23 30 38
25 26 8 1
18 23 17 5
29 37 46 37
43 29 12 6
16 11 10 2
42 35 44 42
17 24 4 32
20 23 2 38
36 24 33 41
14 35 6 7
21 24 13 5
26 5 13 17
20 25 14 45
28 28 4 2
17 26 1 0
22 33 11 3
25 30 37 47
42 32 36 42
12 23 34 43
37 10 9 2
24 13 15 40
34 19 13 6
16 22 10 6
42 34 9 8
37 45 44 40
14 35 12 0
32 25 41 48
37 36 14 34
42 22 7 25
29 22 41 48
32 30 9 11
9 4 17 38
24 11 7 22
20 33 0 0
33 35 11 6
14 30 9 34
30 35 14 48
35 20 10 4
29 2 26 43
2 9 46 48
30 19 14 6
21 18 37 45
5 8 14 46
29 18 15 5
5 5 15 0
30 34 8 5
31 14 40 46
36 42 17 3
22 28 10 45
12 41 11 2
34 25 12 36
21 19 9 35
41 31 25 34
24 32 4 1
45 24 36 48
13 1 33 48
0 24 22 33
5 2 15 7
19 18 13 26
2 10 5 3
7 26 33 42
32 16 2 3
39 44 11 45
22 37 31 47
44 34 18 1
14 23 38 47
34 28 32 40
31 40 21 23
41 20 8 3
9 5 17 2
10 33 46 46
28 25 3 29
35 33 27 39
27 20 5 10
43 36 12 4
45 36 2 0
30 30 22 26
15 40 34 48
17 34 3 2
28 16 7 2
17 24 43 45
15 26 7 28
36 40 5 8
38 29 8 31
30 44 15 4
5 40 10 5
17 22 3 6
9 5 39 43
28 34 23 37
42 44 8 32
46 27 11 2
12 24 39 46
19 29 11 31
14 26 35 44
35 22 48 46
49 33 44 49
17 19 38 36
17 5 12 45
30 24 13 8
19 29 14 1
37 17 8 3
30 37 1 8
19 20 11 4
21 35 9 4
19 21 3 34
36 22 30 46
45 29 9 2
22 23 38 47
22 24 14 44
34 31 3 2
20 26 14 7
31 22 13 3
36 18 35 49
8 20 35 48
25 30 1 46
11 9 10 4
7 3 17 10
33 28 45 44
13 3 18 46
32 36 6 37
25 17 8 43
31 36 30 46
27 30 11 3
17 38 0 5
30 20 10 46
21 27 13 37
32 28 9 0
46 25 38 48
13 35 40 38
36 25 3 43
18 20 7 47
15 5 10 3
24 12 11 0
15 13 11 0
31 31 41 37
19 21 37 47
9 24 1 41
22 19 10 1
21 23 9 8
30 38 37 45
15 22 16 0
20 20 16 24
27 36 43 42
46 46 37 46
25 36 44 48
23 25 23 48
16 20 9 8
33 7 16 5
27 29 33 48
3 0 8 0
17 23 13 36
14 32 9 48
16 22 22 39
15 21 2 0
21 23 7 2
39 28 38 46
15 41 4 2
30 36 1 4
10 34 18 47
25 26 17 38
33 35 6 34
45 36 26 46
28 29 6 1
19 22 10 36
16 22 24 44
14 24 15 1
40 45 4 7
48 26 0 31
38 31 35 46
18 44 39 43
19 25 10 29
10 10 19 3
8 15 8 28
19 24 6 5
30 18 41 40
15 14 1 3
26 30 32 46
26 34 38 41
42 41 9 1
44 33 9 0
10 28 8 43
32 23 11 3
44 40 38 49
13 31 10 0
34 34 16 40
37 30 11 2
11 8 5 27
27 5 7 5
16 24 9 36
24 22 22 44
44 36 37 47
25 41 17 40
33 39 3 1
18 21 17 46
32 29 42 42
37 17 7 1
16 32 9 0
39 16 20 7
11 40 17 34
4 5 11 10
17 24 12 0
47 28 9 31
38 25 7 43
40 12 41 44
8 10 17 5
27 23 8 3
1 18 15 22
27 6 10 21
14 22 7 32
6 19 21 33
22 14 13 2
7 32 12 9
15 28 8 4
40 44 24 45
36 30 14 35
27 16 11 5
41 38 24 47
