50 97 14961 800
43 48 39 27
5 24 36 46
16 19 22 34
34 12 30 38
25 19 41 35
43 10 32 32
28 30 0 18
37 8 45 31
15 3 12 5
49 34 7 9
10 49 13 14
34 15 19 49
14 25 19 3
31 35 7 8
16 29 23 5
32 44 34 31
34 28 11 26
26 46 20 7
3 22 37 35
13 13 15 20
44 11 40 26
37 39 15 4
43 13 33 27
21 11 14 31
48 21 10 9
30 33 10 4
30 38 12 10
29 39 12 25
17 8 6 24
22 35 8 8
32 17 39 43
43 35 10 18
22 48 34 28
9 38 25 17
30 38 10 11
27 10 39 39
46 12 19 19
30 36 44 34
24 45 47 37
43 35 16 4
1 22 10 10
26 33 44 29
29 14 29 29
47 7 45 16
14 40 18 8
34 42 7 13
9 39 7 22
27 14 48 5
27 34 15 27
31 45 37 41
37 48 7 7
11 22 30 39
15 11 46 31
41 18 19 4
21 27 20 6
22 47 40 40
40 11 23 9
17 36 41 24
35 49 2 21
11 14 31 14
6 15 15 40
16 17 21 4
11 38 18 6
29 15 8 12
29 46 38 20
47 18 10 3
39 17 30 19
8 24 28 0
38 49 0 14
31 6 7 22
28 42 35 33
36 12 34 36
23 34 8 14
8 31 15 31
22 1 44 45
29 41 21 7
35 7 3 9
35 18 40 36
32 45 24 40
22 33 33 34
11 34 17 8
32 31 38 31
38 21 10 29
29 38 19 4
16 10 9 10
30 22 38 35
37 17 44 23
25 37 44 47
36 45 33 13
49 12 16 22
28 37 9 13
14 17 21 42
5 3 31 24
19 40 43 37
32 35 28 19
18 16 43 33
14 34 16 10
