50 117 12982 800
45 37 14 42
9 43 21 41
40 33 12 1
14 24 13 31
25 32 49 32
0 37 32 19
5 15 38 1
38 34 4 37
7 15 32 11
36 30 7 31
37 36 29 21
19 26 31 38
17 29 11 12
28 26 1 19
39 33 19 6
35 41 37 19
48 15 37 14
31 15 17 8
29 26 12 13
14 46 46 24
16 18 8 48
35 39 14 1
39 39 8 26
18 48 11 45
24 3 42 4
1 37 12 19
10 18 21 27
37 36 49 34
32 36 27 43
39 33 16 43
42 37 21 42
39 41 14 30
18 39 2 36
7 20 12 4
40 33 10 10
24 15 19 12
5 31 14 9
2 48 44 6
34 12 49 22
40 40 18 0
37 37 3 41
33 30 11 49
35 28 8 30
5 39 4 35
11 35 4 46
40 34 15 3
17 7 19 32
41 34 3 46
5 25 15 9
6 38 46 42
36 34 5 48
10 33 1 6
29 12 2 47
29 7 11 40
35 33 29 26
26 10 4 38
1 49 8 47
43 33 27 10
25 21 16 26
22 23 8 49
23 2 5 32
37 35 17 3
24 0 47 30
6 23 48 29
39 33 2 23
36 33 1 39
36 32 13 41
34 34 49 3
38 35 35 21
40 35 22 2
24 6 15 21
19 42 23 25
44 35 43 10
38 33 4 33
39 35 3 37
17 0 40 10
18 33 10 30
17 47 7 12
40 33 47 32
14 34 43 38
30 0 2 16
10 46 7 3
40 30 39 15
18 14 48 14
41 20 7 45
12 35 49 10
5 17 5 38
35 33 1 46
29 38 10 47
43 40 10 22
41 35 10 8
21 28 23 44
40 36 49 45
38 34 12 10
29 36 4 34
33 4 29 48
26 3 38 8
27 37 2 12
36 34 1 28
11 6 8 13
37 35 40 24
28 16 0 44
41 32 3 22
17 32 20 42
45 13 7 2
25 28 49 9
5 26 19 13
16 13 2 45
30 13 9 48
39 37 2 17
7 45 25 3
3 10 14 15
47 30 4 6
37 35 31 18
35 28 16 47
9 33 38 15
30 11 47 9
