50 891 12102 800
40 28 13 1
18 47 27 39
0 35 22 36
26 38 27 28
23 19 22 38
35 33 29 41
15 17 40 40
31 37 33 10
38 27 20 6
25 20 17 8
37 28 40 40
36 37 28 37
6 38 13 37
25 15 4 47
41 31 1 28
31 31 33 40
10 36 36 4
9 9 13 37
33 42 18 4
9 20 26 30
15 17 22 40
14 16 16 28
24 39 16 28
16 40 21 3
2 32 46 33
26 41 9 35
25 0 17 40
12 27 33 2
48 28 12 29
36 36 13 33
40 31 4 49
31 20 14 6
36 35 17 3
13 44 19 43
25 10 40 6
37 26 29 20
17 16 29 46
46 32 25 18
25 18 14 28
38 29 9 39
39 23 20 39
20 19 11 39
6 46 30 34
9 17 33 33
34 46 4 39
20 10 11 49
35 13 32 16
5 41 35 10
15 25 13 35
5 31 38 4
37 27 29 26
12 20 38 45
27 37 28 11
15 16 12 34
34 21 36 8
19 5 26 25
21 46 3 36
12 25 5 26
23 32 33 25
22 13 25 41
13 30 15 4
9 22 15 9
10 32 41 35
26 36 11 32
9 9 9 42
20 25 14 6
14 40 27 34
6 28 17 0
27 17 40 22
23 14 6 17
36 27 18 28
30 32 18 46
7 42 23 36
7 22 18 43
11 34 24 42
28 16 18 5
29 26 2 36
20 37 25 11
34 32 9 47
30 45 37 14
22 18 14 37
36 5 17 31
17 16 32 15
21 31 18 4
30 25 34 13
38 7 22 32
11 31 35 35
38 27 31 48
14 17 15 2
39 17 33 20
18 21 18 34
19 18 15 1
27 42 16 42
44 36 16 9
8 38 17 46
20 6 10 33
40 45 17 4
46 11 10 31
21 48 31 14
6 6 18 4
14 27 30 15
28 26 7 31
31 32 12 42
21 29 37 7
12 24 20 43
38 36 17 6
34 23 10 42
21 42 10 37
26 25 41 21
31 15 11 35
21 33 16 5
17 48 19 1
34 20 23 31
32 24 28 35
39 26 36 36
28 41 38 12
17 30 21 32
2 19 12 35
31 12 11 42
14 18 10 35
18 12 30 16
19 14 37 7
41 26 21 40
15 18 12 28
4 33 6 45
31 7 8 43
26 43 20 44
2 31 25 18
0 41 17 6
3 11 5 49
9 43 29 27
11 35 30 13
16 39 22 46
35 19 13 39
10 44 12 36
17 6 14 45
12 45 37 16
35 29 31 10
26 23 17 32
29 32 20 41
36 14 21 3
35 7 20 3
15 30 33 12
1 31 3 34
38 26 33 15
43 20 22 8
6 41 14 34
29 25 17 2
22 48 30 10
36 30 16 8
21 18 17 25
34 28 17 6
5 36 24 30
8 25 16 3
13 33 31 6
26 35 5 32
19 22 24 30
24 29 39 37
32 26 40 18
45 29 10 31
33 24 26 43
22 7 14 32
18 7 39 10
0 18 30 9
31 12 17 25
26 30 11 45
17 22 8 30
6 37 17 32
14 14 13 43
38 24 31 15
8 15 16 5
1 29 15 28
1 35 24 38
5 42 36 14
19 41 37 38
16 15 33 42
24 29 17 1
4 31 15 7
33 28 14 1
24 38 9 35
26 46 16 4
27 33 37 9
37 21 36 34
35 18 13 36
4 8 6 42
36 35 11 38
16 22 26 8
19 19 4 45
33 23 18 39
27 48 11 31
38 22 40 4
20 19 16 3
19 45 14 7
30 11 13 44
8 18 13 35
48 35 1 43
17 8 2 39
25 39 14 5
21 20 42 46
33 15 45 41
16 32 12 36
36 11 8 32
18 38 8 42
34 29 7 33
20 36 42 34
19 21 9 33
29 31 14 6
12 9 23 43
25 24 38 37
30 24 33 33
20 46 16 5
30 20 15 6
34 26 8 42
7 45 11 38
6 37 36 27
31 8 38 13
38 20 31 11
14 12 14 34
15 19 35 9
37 25 29 39
36 24 9 35
30 23 36 20
24 14 39 12
38 20 7 35
4 14 29 46
17 28 12 39
14 17 12 37
19 13 18 6
16 5 30 14
18 12 39 12
3 17 26 36
34 35 1 36
8 30 17 28
13 45 24 32
31 28 43 49
37 23 29 14
31 31 26 31
20 21 9 35
38 27 36 15
30 0 15 1
22 43 16 35
23 12 3 40
12 30 31 38
11 33 10 42
29 16 16 33
24 8 7 44
5 4 2 48
16 30 39 18
9 8 16 31
11 21 34 18
5 27 13 38
14 35 35 16
25 25 15 2
17 45 32 38
18 20 5 33
13 9 14 37
21 13 36 48
31 25 14 33
10 44 25 31
41 33 3 40
24 37 36 9
15 26 38 14
41 21 16 6
36 22 16 40
17 37 8 26
17 18 37 19
24 39 18 46
20 17 0 48
23 16 38 45
38 38 11 44
26 35 12 6
31 30 14 35
13 22 31 13
15 17 11 30
9 40 10 33
44 10 31 21
19 20 35 19
27 14 14 30
9 9 14 8
17 17 23 23
22 15 29 34
43 33 9 35
9 16 16 0
41 32 11 44
10 40 18 1
30 26 10 38
6 35 27 46
25 14 22 16
22 45 17 6
13 42 19 1
37 16 2 43
21 41 37 9
11 13 7 41
18 40 44 38
4 17 34 8
21 22 20 30
43 23 13 7
23 34 15 31
19 40 16 1
26 34 26 44
35 22 38 42
42 29 9 31
40 33 5 33
18 7 22 33
34 24 9 33
21 25 44 35
16 16 38 8
7 22 41 7
14 10 11 30
24 26 22 40
3 30 36 5
32 28 18 6
9 28 38 16
23 42 37 10
12 21 15 36
16 35 26 27
34 23 34 12
7 21 13 31
0 29 33 10
19 15 16 5
38 23 31 13
11 12 12 2
10 22 15 5
10 31 12 2
42 45 30 42
4 34 17 7
34 23 20 7
17 11 41 39
33 41 13 45
19 15 33 8
17 15 11 48
30 18 21 30
46 13 11 35
41 35 32 15
12 18 26 48
37 27 20 5
37 27 6 31
8 41 18 34
3 30 18 3
26 23 13 37
24 31 13 44
21 23 14 2
29 44 18 47
3 46 21 35
20 21 49 39
19 42 7 32
39 22 32 25
11 23 43 45
37 21 14 4
42 27 11 38
27 45 34 13
34 24 13 43
7 39 48 43
15 15 30 25
36 33 4 45
18 17 18 31
43 40 18 4
20 13 18 6
12 38 4 36
13 45 33 12
25 14 18 4
35 25 10 31
13 40 4 41
28 35 19 7
2 45 24 34
47 28 26 46
5 31 13 33
32 29 17 26
4 31 36 16
25 23 12 35
36 15 12 39
22 13 40 41
33 36 16 30
41 27 12 36
8 49 17 30
24 19 5 44
31 26 29 33
16 14 18 40
42 21 31 14
22 48 18 4
36 26 21 26
9 8 16 1
32 17 18 25
36 12 32 28
36 20 21 30
32 24 19 39
21 17 0 47
25 20 26 40
17 14 23 40
15 45 39 30
26 18 13 5
41 17 47 42
19 42 22 47
30 17 14 4
17 38 2 36
16 22 19 3
14 22 44 30
16 18 23 30
24 47 7 38
21 37 34 26
8 24 18 1
48 30 17 2
13 30 41 6
37 36 14 35
43 21 16 3
10 12 34 10
18 20 19 40
22 18 32 14
12 10 37 14
27 27 36 15
29 27 6 48
21 38 14 27
16 10 40 10
29 39 14 5
30 35 22 25
22 22 19 34
30 29 18 9
38 20 5 49
28 5 11 28
27 39 9 30
37 24 25 16
1 2 17 3
24 39 30 33
14 35 45 33
27 12 16 44
28 15 38 15
22 14 19 34
36 25 19 2
18 14 36 13
32 15 10 34
42 39 16 7
9 41 21 42
18 35 34 14
36 23 28 22
3 39 37 7
33 34 42 38
48 22 16 3
31 31 6 45
23 6 34 9
39 22 10 39
31 26 32 43
40 49 17 32
26 18 39 12
40 10 35 32
13 13 15 34
28 38 16 3
14 32 38 11
40 28 21 24
11 28 36 16
4 20 13 17
44 12 30 30
49 19 46 42
9 35 17 32
34 21 10 35
20 45 38 11
31 6 0 32
25 49 6 38
1 24 30 49
14 17 18 6
16 26 15 7
32 39 16 7
10 38 31 37
18 24 13 4
8 38 0 32
15 21 16 30
37 22 36 12
26 37 8 17
34 24 14 1
3 29 28 33
18 39 34 22
29 41 34 11
35 5 27 11
20 26 29 13
8 35 16 7
19 22 16 5
5 30 21 15
34 26 8 41
17 16 20 41
25 36 12 33
17 34 12 39
5 33 26 25
31 16 14 34
17 41 32 12
0 29 12 31
41 27 37 13
0 12 15 1
3 33 44 26
11 9 37 38
5 42 40 46
3 31 32 14
21 40 12 34
7 8 37 34
18 21 26 30
3 36 27 35
7 29 0 31
3 34 15 29
15 19 22 43
23 42 15 4
17 29 19 7
26 31 29 42
36 23 27 46
9 13 17 0
38 25 18 5
13 14 38 14
14 25 13 6
5 32 24 45
6 19 17 30
33 15 35 26
30 5 35 12
5 34 5 45
29 14 37 15
7 36 16 4
15 10 32 14
32 9 17 4
47 15 11 38
3 11 39 26
17 39 16 32
17 17 17 2
36 29 18 40
23 17 11 32
25 22 11 26
39 33 8 45
38 26 30 12
33 24 16 1
26 14 34 39
14 15 15 4
30 20 31 6
2 38 10 40
36 16 10 41
16 31 41 9
12 19 16 6
22 27 22 47
25 40 16 40
34 31 17 4
6 18 18 6
21 33 4 36
29 46 36 6
19 41 18 3
35 32 25 26
44 20 17 38
6 48 23 42
11 36 35 17
24 22 16 4
42 13 19 44
15 18 36 32
30 30 12 8
32 33 20 2
9 36 36 26
26 21 8 29
42 31 39 38
33 21 26 19
45 29 16 41
8 38 31 9
15 40 38 18
27 24 39 27
2 31 18 32
32 40 35 9
20 16 17 35
16 32 5 45
3 31 5 34
17 14 10 37
43 29 27 33
14 32 8 34
43 19 25 39
25 17 25 33
16 44 30 8
39 17 33 46
4 15 29 32
45 10 39 19
9 35 40 44
14 38 26 36
31 33 6 38
3 15 18 22
10 19 25 43
4 29 7 35
21 34 29 37
38 21 37 5
22 9 41 45
9 20 48 37
14 21 29 36
28 36 16 33
24 33 15 31
39 27 8 26
37 14 3 39
28 23 15 38
2 28 13 43
15 17 22 34
13 21 26 37
15 43 27 47
18 9 8 41
18 32 28 25
6 33 3 39
21 27 24 16
37 14 1 26
7 11 10 40
12 17 10 38
12 32 9 37
20 13 9 35
12 12 44 23
43 19 33 47
21 41 9 29
11 31 35 15
5 19 34 17
12 36 22 43
12 41 6 29
16 20 10 20
15 13 34 11
37 37 11 3
25 34 14 34
27 8 15 8
42 45 13 5
22 11 7 49
15 12 17 8
20 12 35 31
27 48 32 21
23 22 29 10
19 43 5 49
15 17 14 41
19 39 33 9
8 10 13 44
18 34 33 47
7 32 29 30
30 21 36 41
34 35 27 28
3 37 8 22
38 34 34 16
18 23 3 40
19 37 30 7
34 23 21 32
26 34 15 47
20 39 9 30
13 6 37 10
29 43 46 41
21 42 16 3
26 28 33 11
16 1 43 42
16 12 8 43
8 12 8 36
18 39 14 37
38 15 29 30
27 39 40 10
31 41 17 3
35 19 28 8
29 30 40 2
18 34 15 1
15 32 9 22
43 27 13 32
39 26 11 32
7 44 31 41
7 35 12 38
35 29 13 6
2 17 22 36
23 49 13 6
36 27 47 38
30 36 21 43
11 27 0 28
10 15 10 34
17 36 15 11
21 47 19 4
17 43 8 34
45 23 34 47
9 18 21 36
42 19 1 29
31 25 7 37
34 25 11 33
36 26 17 5
3 14 31 10
0 45 3 35
4 35 25 29
24 42 6 28
33 23 28 47
45 21 15 4
18 12 16 6
43 26 24 39
3 5 19 7
15 14 27 8
45 31 18 38
27 38 14 3
33 19 14 34
8 39 18 33
16 48 6 33
20 46 19 3
25 37 16 34
12 15 19 4
17 26 8 36
8 49 38 34
29 17 37 11
33 27 11 48
7 37 27 25
6 23 26 43
43 20 14 33
22 14 13 35
39 22 10 47
25 43 30 18
8 38 21 30
30 49 31 11
46 26 15 1
5 32 26 43
17 44 17 2
17 19 9 31
2 49 11 46
3 31 39 27
24 38 31 15
22 22 5 36
33 27 16 3
17 22 17 2
39 27 9 25
31 27 11 5
23 49 8 38
15 26 16 33
13 28 41 6
47 20 13 38
13 35 28 31
22 14 16 45
13 31 17 41
47 36 14 2
22 19 15 37
20 15 13 35
20 46 32 43
14 21 25 17
39 17 32 12
23 22 33 17
8 20 17 42
39 33 23 11
43 19 37 39
3 29 39 9
12 13 16 2
12 19 11 42
20 32 38 11
14 32 40 16
17 32 12 31
30 23 27 45
15 45 44 44
7 43 16 42
18 39 25 23
43 38 17 1
34 9 27 26
4 9 11 24
39 15 15 5
36 30 27 47
18 18 22 39
23 10 33 20
43 23 9 41
11 17 14 4
16 33 17 6
32 44 13 45
19 16 36 12
40 24 32 46
27 39 30 6
18 21 11 32
29 36 40 18
20 21 40 46
7 27 18 7
25 48 17 38
10 13 17 30
27 40 11 37
23 27 9 47
8 31 46 46
14 10 8 32
25 21 32 29
18 20 33 47
41 16 11 33
20 31 40 42
13 32 22 23
10 46 33 18
14 43 25 32
28 38 35 48
19 22 38 8
39 23 17 5
6 41 20 13
17 22 31 32
13 21 4 46
30 24 17 46
23 27 35 18
29 25 9 48
44 19 47 23
5 27 19 1
1 33 19 39
16 33 35 42
2 25 14 5
22 45 14 2
16 25 32 18
20 38 9 33
0 31 47 37
1 40 13 4
17 24 16 7
15 24 15 3
19 41 15 5
33 22 1 38
21 19 10 33
25 35 20 42
16 47 32 14
40 22 16 5
24 34 8 36
4 40 29 33
23 44 31 11
37 35 4 40
27 26 10 35
11 37 37 14
25 38 18 41
13 24 16 4
6 15 13 34
35 33 13 32
0 30 30 10
19 11 11 7
25 21 24 14
17 18 10 32
34 5 40 41
41 17 30 39
2 15 2 37
33 23 33 12
14 7 35 8
11 0 38 9
32 25 33 18
43 19 33 15
37 35 27 37
27 28 27 36
32 25 33 29
34 40 16 4
22 19 35 12
15 10 11 28
36 21 20 41
12 17 29 11
10 29 33 49
17 22 13 34
28 37 36 12
27 15 13 5
14 40 7 38
4 36 10 34
42 35 22 15
4 23 10 36
31 26 13 33
11 23 10 46
18 26 10 37
8 23 19 4
18 26 38 35
13 4 17 41
0 26 12 33
9 49 32 44
37 23 13 42
17 25 17 7
22 22 36 30
48 15 25 42
35 23 13 4
2 14 35 5
20 26 37 43
15 32 33 2
8 26 37 37
9 4 15 46
40 32 40 24
4 39 18 33
0 17 38 42
13 31 16 46
17 45 43 46
18 35 8 37
24 12 14 28
9 12 35 17
7 19 33 12
32 22 14 29
17 18 3 17
10 29 24 43
30 29 11 38
34 20 16 6
13 28 17 4
19 19 34 41
11 17 14 38
27 40 31 27
8 27 0 19
35 16 14 3
2 45 16 4
28 44 0 47
19 48 14 33
15 40 11 26
29 31 8 31
36 28 41 29
23 28 13 35
10 39 14 38
22 30 44 44
36 23 5 27
24 28 34 12
28 13 24 39
33 22 38 16
12 40 16 4
11 38 10 31
20 16 17 37
9 41 17 35
23 22 21 46
21 24 13 45
27 25 34 17
18 16 8 29
22 14 36 28
