50 854 11717 800
1 0 35 16
16 40 31 27
14 40 25 36
4 49 33 10
16 20 29 37
33 34 49 26
43 40 20 42
18 2 36 13
24 5 41 23
4 0 28 47
2 32 35 0
40 14 7 2
25 9 10 8
15 22 20 40
46 32 44 39
21 23 37 18
28 23 33 19
38 42 28 14
32 6 29 15
40 7 32 15
25 17 26 7
21 14 16 22
29 19 13 12
28 28 9 11
13 14 40 14
16 24 31 41
25 8 4 5
44 25 24 28
36 8 3 2
7 18 22 13
3 11 36 23
26 27 11 10
26 4 14 9
9 14 48 17
28 36 14 21
12 47 24 44
32 7 7 40
12 42 37 37
47 48 40 9
30 22 26 49
29 22 1 19
33 43 38 5
6 18 14 46
10 24 44 23
49 20 27 18
46 22 48 33
29 6 13 30
10 39 30 15
23 14 43 10
22 28 41 39
25 6 11 31
22 24 16 44
30 4 13 18
34 24 45 47
27 0 26 43
33 25 31 34
32 33 27 38
13 26 6 29
9 32 36 23
19 17 15 13
24 29 49 43
25 9 31 16
8 5 6 26
38 33 43 7
20 3 13 45
19 18 10 47
48 13 40 31
26 25 42 24
38 19 14 26
25 37 12 16
28 36 31 16
32 13 43 23
41 45 13 6
14 22 22 43
17 17 6 22
21 19 18 14
16 20 26 17
12 18 6 11
20 5 27 33
41 22 36 31
33 27 8 7
21 13 8 39
34 21 31 16
31 46 38 4
41 36 32 15
14 17 29 10
15 23 21 41
18 22 41 28
39 12 4 2
10 41 49 20
29 26 31 15
40 43 33 26
28 21 43 25
21 25 32 18
33 3 37 46
26 25 44 16
38 34 33 1
23 18 34 18
18 19 7 24
14 30 33 10
40 5 48 11
35 3 31 16
20 24 5 12
24 37 29 38
14 19 29 13
31 26 21 38
10 24 37 4
33 45 9 31
44 25 49 20
11 17 0 32
12 27 26 39
19 32 36 21
26 9 36 0
4 37 41 12
27 24 24 44
16 19 9 27
18 27 35 6
48 13 36 16
16 27 13 24
19 35 27 31
19 17 18 47
35 29 16 43
20 22 35 37
4 14 17 38
22 13 38 35
14 25 37 2
11 23 35 22
41 33 1 8
15 26 33 30
34 28 32 17
33 13 28 34
30 40 26 21
22 42 6 20
9 31 22 33
36 34 6 20
8 31 29 9
42 20 30 18
29 32 46 30
47 34 42 31
22 44 0 7
25 22 30 23
44 3 7 4
10 23 28 43
9 8 30 13
9 10 28 11
12 23 12 36
23 19 30 11
10 19 33 17
12 20 38 17
38 24 36 7
48 27 37 2
29 31 16 43
4 32 30 45
15 31 27 6
15 39 31 14
16 23 21 2
41 35 32 12
16 22 48 31
6 25 37 22
28 9 18 11
42 39 16 8
19 21 12 12
23 1 30 16
6 20 25 23
17 16 24 48
30 35 32 42
16 18 32 14
45 24 11 7
32 11 19 9
14 19 16 3
13 9 31 42
24 34 36 11
40 15 32 26
23 21 39 10
39 24 29 15
42 36 33 11
21 37 26 15
20 22 17 41
12 19 35 18
37 27 49 1
29 21 19 23
21 31 46 0
21 25 48 24
37 18 19 8
40 30 25 17
6 1 39 18
32 6 29 20
44 22 33 16
37 22 23 18
41 39 34 9
25 15 12 16
12 36 40 17
17 25 30 19
46 44 24 29
31 14 49 33
34 46 24 7
25 38 26 29
15 24 3 0
43 9 27 23
10 18 33 38
26 31 32 16
16 11 46 37
26 11 32 41
14 22 10 47
10 13 9 20
29 27 27 15
32 18 13 38
37 33 23 32
31 25 21 45
14 23 35 17
15 23 4 46
30 4 16 31
26 13 3 16
39 24 34 16
32 35 20 32
8 30 34 36
15 44 38 19
8 26 40 29
39 39 30 11
48 46 18 15
2 35 31 47
8 20 23 23
37 32 30 17
47 21 10 40
5 12 22 26
25 25 20 21
40 11 39 44
46 14 47 42
13 28 33 13
49 31 21 8
38 6 22 35
40 47 30 10
21 20 33 31
13 25 27 27
37 32 39 22
1 24 47 13
17 24 42 13
30 11 13 23
16 22 7 19
10 31 4 9
42 22 35 13
35 33 42 4
20 31 29 11
44 12 9 33
25 22 31 11
6 44 19 2
14 23 34 24
14 25 20 21
15 21 14 27
18 17 27 28
36 6 14 49
12 24 24 47
17 26 10 31
47 19 32 15
35 16 8 34
27 35 29 16
33 11 0 37
31 41 21 44
42 9 34 24
0 11 29 30
12 38 27 25
13 19 32 10
13 18 43 32
35 42 15 42
6 12 24 44
8 37 32 11
24 29 28 33
12 23 28 19
14 21 37 35
29 11 14 12
45 34 29 15
24 7 16 25
27 9 47 23
32 26 39 12
43 15 48 3
49 32 11 22
23 27 19 5
22 12 21 49
14 24 44 33
19 5 32 16
12 18 8 14
14 21 13 42
26 13 22 20
29 14 49 29
9 45 21 41
39 36 10 5
36 30 6 7
22 24 26 22
29 17 20 25
17 24 18 32
47 19 34 20
39 27 40 15
20 24 20 42
6 0 7 12
27 39 41 24
17 27 14 45
25 33 43 4
34 7 23 41
39 7 22 19
39 25 34 12
17 1 35 34
42 42 31 36
25 47 25 22
45 23 31 4
33 9 4 19
13 33 43 21
17 23 46 7
49 14 32 9
41 30 32 20
48 20 18 34
35 17 17 35
10 17 23 8
17 21 31 41
32 25 24 31
12 26 36 19
23 9 26 14
12 13 20 12
28 27 26 17
37 9 31 13
28 5 33 6
34 35 16 35
25 10 36 12
20 9 20 48
44 16 35 26
42 18 32 15
35 23 28 19
13 44 39 3
39 30 46 17
19 39 31 12
15 20 9 38
46 27 39 1
12 7 26 5
16 23 42 17
35 47 3 8
32 13 7 33
15 18 41 18
18 16 26 16
16 25 41 31
16 20 25 42
48 29 33 38
5 3 44 29
24 23 43 12
34 16 28 8
21 22 5 14
21 30 10 42
15 29 42 18
4 45 13 12
16 20 44 6
10 21 23 27
14 39 20 31
5 42 14 5
22 10 10 39
27 29 37 13
12 27 0 37
12 16 14 0
37 7 31 15
20 33 4 20
14 21 16 15
20 29 29 31
44 4 29 31
3 11 35 13
35 15 17 30
39 39 32 24
45 19 8 15
3 7 8 37
17 26 47 12
41 16 45 41
14 23 37 17
14 24 32 14
12 26 8 25
16 37 30 45
10 21 47 11
41 24 31 13
20 19 26 37
46 6 12 29
42 23 10 13
10 0 34 14
29 34 36 18
34 48 34 26
28 0 44 14
18 35 38 26
49 15 19 32
48 4 14 45
9 26 36 19
32 9 44 16
15 25 30 12
19 16 5 9
38 38 21 46
9 24 30 5
18 29 9 34
31 18 1 47
7 43 6 15
10 39 27 5
4 27 19 43
15 21 25 22
24 27 38 16
12 31 9 39
43 20 5 10
31 40 11 18
24 36 22 31
27 5 25 0
17 32 34 40
30 11 22 43
18 46 17 29
36 22 38 10
23 12 15 49
44 6 32 14
13 17 21 38
24 28 19 13
21 2 30 17
13 24 43 22
9 24 35 13
13 24 43 5
34 38 32 14
31 34 32 18
15 26 23 40
47 34 24 49
9 31 45 18
36 33 38 17
48 33 24 12
47 7 8 15
1 30 18 13
40 0 45 4
46 36 37 36
39 0 2 4
18 39 7 41
35 4 8 48
14 21 33 10
40 9 14 46
22 25 12 34
14 23 5 34
11 27 5 47
32 6 28 34
28 22 24 7
29 2 34 14
15 5 11 40
12 10 29 39
16 26 23 26
32 31 30 40
17 1 47 19
40 12 12 34
44 33 9 16
29 12 36 17
10 22 36 3
27 37 18 9
32 28 31 20
45 14 22 29
14 24 36 29
19 36 34 27
11 27 11 0
36 5 21 11
14 16 48 18
14 24 21 20
17 22 46 0
38 26 44 1
18 31 48 11
48 26 21 47
39 31 35 28
35 12 1 3
43 9 2 10
12 23 30 42
19 42 31 18
29 20 10 36
13 26 24 42
34 13 17 30
27 26 10 12
20 28 42 29
23 34 39 12
15 43 42 41
24 29 41 13
19 16 18 39
24 31 0 16
31 33 15 39
7 16 42 21
13 21 40 10
25 4 11 22
43 22 7 10
7 32 18 22
6 48 34 34
5 39 32 16
19 39 39 40
39 29 32 2
24 17 34 12
40 27 0 2
17 27 44 4
30 14 13 29
20 18 34 21
14 30 8 19
42 40 7 1
31 32 17 47
46 43 18 34
27 5 9 5
39 28 32 35
41 16 18 24
1 45 31 49
11 7 32 10
24 5 33 14
5 7 11 10
34 12 31 14
32 31 4 4
45 18 35 36
23 33 28 14
13 24 44 24
35 40 25 8
16 30 42 17
47 12 32 16
15 8 49 39
22 34 19 17
37 37 28 34
11 24 13 21
12 24 35 5
27 39 35 15
0 25 35 15
14 36 45 25
44 9 17 14
9 12 33 16
8 42 18 45
40 30 15 31
14 21 37 3
3 27 30 22
3 15 29 33
8 37 38 31
43 26 6 49
9 34 15 33
29 24 24 24
1 22 4 10
30 14 41 4
20 44 30 8
42 21 12 35
12 26 27 19
42 29 22 29
9 4 36 13
24 22 14 0
13 26 10 40
34 11 24 44
41 40 32 36
28 9 46 15
18 24 25 22
16 32 5 6
34 28 26 4
42 9 26 35
27 11 10 27
41 25 35 14
40 30 42 3
22 46 18 33
19 27 26 41
35 33 35 1
48 0 35 16
23 14 34 13
33 1 4 2
19 29 4 3
32 11 22 21
20 8 27 36
21 33 15 46
30 2 32 11
46 39 46 17
28 38 34 12
33 5 32 44
33 33 28 44
36 47 28 0
31 0 37 2
14 16 33 17
17 27 17 47
19 17 31 37
44 1 36 24
26 11 49 14
10 22 30 19
5 38 43 27
21 17 19 9
14 27 41 19
26 41 5 37
43 30 44 1
12 24 3 17
15 29 20 41
18 20 47 13
18 13 3 7
31 9 30 16
15 19 16 39
22 27 40 14
44 17 10 12
38 9 14 6
27 29 20 42
42 19 9 20
30 26 33 18
18 25 21 2
21 39 41 28
18 3 16 9
30 32 18 1
34 14 24 3
33 20 18 19
26 13 27 33
9 17 7 3
32 14 12 49
0 24 5 43
20 19 30 3
17 30 40 20
38 5 20 23
41 2 6 40
18 33 2 4
14 24 12 40
18 19 31 13
9 35 14 45
33 3 29 14
16 26 17 43
15 44 22 42
32 35 27 46
13 30 47 19
1 4 31 12
47 25 44 2
26 42 25 36
27 6 22 28
47 15 36 17
32 32 28 18
31 31 7 31
30 2 23 41
18 21 27 45
13 26 0 11
42 15 28 15
40 27 14 10
26 26 38 18
12 22 4 48
37 26 24 31
19 16 25 0
46 3 33 46
28 37 45 17
15 23 33 28
43 34 25 31
30 19 41 5
29 36 16 22
43 41 48 37
39 18 16 30
9 20 11 28
34 41 45 20
44 4 17 30
22 8 44 29
17 25 33 17
29 7 25 16
32 18 14 32
41 15 31 18
40 33 30 38
30 24 25 30
37 31 33 9
45 37 3 33
18 21 5 6
15 28 6 9
13 27 35 4
45 11 31 31
40 25 26 23
24 18 4 32
23 29 49 12
24 30 10 32
33 29 44 13
26 40 21 19
23 25 5 11
0 24 22 36
17 31 33 11
40 24 30 24
39 30 32 14
6 39 23 14
11 7 17 12
41 26 30 14
16 26 13 40
14 25 23 17
35 12 28 15
17 34 39 23
21 25 37 18
49 9 11 6
12 7 5 1
32 21 34 18
43 17 16 40
13 23 46 21
46 23 40 1
39 26 32 0
14 23 49 10
36 23 26 34
38 22 10 8
16 23 31 27
28 29 11 6
22 25 3 24
33 3 25 45
15 23 22 23
16 13 27 41
8 26 26 49
43 4 19 40
40 28 27 27
8 27 11 4
27 27 27 8
16 26 32 10
11 37 16 21
35 35 23 34
42 26 31 19
43 18 24 20
12 26 24 3
33 30 29 13
14 36 41 16
6 10 41 2
23 32 34 21
14 27 34 18
6 33 32 16
16 27 32 16
15 29 28 15
36 20 9 3
45 4 32 13
36 12 39 2
46 14 10 46
9 18 18 23
37 1 33 39
10 27 20 30
36 5 2 4
21 28 41 20
11 28 10 41
17 29 19 16
17 23 35 22
40 37 12 4
13 21 29 17
3 17 40 29
23 27 29 14
0 25 32 23
31 20 21 11
15 42 17 38
41 21 29 31
21 42 30 30
25 38 21 34
26 0 11 42
15 21 41 9
15 12 34 8
29 26 42 28
19 22 31 16
24 27 43 29
8 28 40 20
27 37 20 11
25 27 24 15
12 20 29 18
45 23 37 13
19 36 8 27
15 16 6 40
10 5 19 39
43 39 8 43
32 8 28 11
47 41 6 12
10 32 36 22
27 48 9 26
46 5 7 11
15 36 8 46
39 36 34 39
31 11 23 37
6 10 21 29
44 25 41 33
17 26 9 22
40 13 25 11
21 22 36 39
11 3 32 5
38 49 15 33
38 10 27 33
13 21 29 37
12 21 29 15
17 28 21 30
43 35 18 23
46 16 37 15
14 21 38 22
36 7 42 23
43 7 26 17
35 1 22 37
37 8 11 49
25 16 28 32
34 10 30 35
35 0 25 34
48 45 12 7
29 28 5 11
29 30 16 4
13 25 6 18
1 24 16 33
13 25 10 11
29 27 9 15
29 29 10 32
4 6 34 28
9 27 33 28
28 21 14 30
43 40 12 15
19 47 31 14
14 20 37 25
16 18 22 7
48 20 40 13
14 15 30 28
16 43 14 0
12 23 34 8
40 12 16 33
49 9 29 48
20 10 18 40
3 11 26 18
12 18 33 23
27 43 44 13
17 19 23 27
17 20 37 23
1 24 37 12
19 30 36 15
45 13 27 15
21 37 35 28
36 4 19 29
46 25 4 1
11 2 34 4
20 25 34 16
13 28 22 6
28 23 47 15
19 30 25 3
13 24 12 29
35 20 6 12
39 39 30 39
39 41 8 27
13 23 16 5
15 34 31 15
18 25 8 15
33 2 10 42
35 40 30 31
49 16 38 45
15 2 41 9
37 28 44 21
20 40 12 49
11 22 6 24
35 15 8 37
33 12 49 25
12 18 34 0
40 7 38 16
24 20 37 36
5 33 26 42
20 26 45 18
2 21 26 14
10 21 31 15
31 11 30 32
44 19 31 14
16 11 32 20
15 21 38 19
25 25 14 9
11 22 18 20
5 9 47 29
23 24 41 21
25 23 24 35
30 32 47 36
19 20 33 16
5 5 15 14
19 43 32 13
1 5 7 18
2 47 20 12
14 26 37 43
15 23 24 31
28 29 39 32
14 17 7 6
13 37 39 17
16 36 2 16
36 18 18 31
14 32 13 47
18 9 19 14
49 23 18 11
15 26 41 40
