50 768 14895 800
27 20 33 20
10 3 5 6
32 30 1 36
15 42 10 36
25 21 13 17
44 34 8 39
24 15 7 38
44 39 20 11
40 39 11 12
13 7 30 19
20 13 46 18
23 14 39 15
13 41 15 11
46 36 43 29
42 25 8 3
40 28 36 4
30 13 36 42
6 16 24 4
49 36 22 42
33 34 21 15
19 16 17 13
34 26 7 41
45 37 37 8
22 19 49 25
46 31 17 43
40 14 38 40
25 20 30 11
39 28 6 28
22 40 47 28
31 27 20 8
33 42 43 25
23 38 12 22
45 39 24 19
25 15 30 23
45 20 16 13
46 36 29 15
39 21 45 14
23 34 47 11
9 32 38 7
22 17 12 48
15 24 26 21
14 17 36 30
47 44 41 13
18 18 15 16
19 9 19 40
49 35 48 17
9 18 35 32
41 31 11 13
23 24 31 9
11 16 45 17
5 28 41 16
49 31 14 10
29 15 45 21
11 22 25 24
49 33 45 35
14 9 22 10
11 28 32 13
41 19 23 44
49 30 23 20
5 49 14 12
48 35 25 12
17 14 24 38
48 36 26 15
26 23 21 12
21 8 24 5
49 30 21 44
43 32 18 13
17 8 24 45
36 5 14 13
23 29 5 17
20 8 22 11
48 33 43 25
11 17 8 42
32 33 27 7
21 15 16 36
12 4 33 18
38 30 45 8
16 41 23 13
41 26 31 22
18 24 22 13
44 12 22 14
46 32 28 28
12 15 49 21
44 33 12 19
29 44 14 3
39 29 34 18
34 18 25 7
9 5 6 20
11 9 14 11
27 37 9 29
38 28 23 17
43 34 42 26
12 8 43 27
42 45 17 10
19 24 19 11
26 15 20 11
45 11 39 14
13 7 23 9
29 31 1 27
44 32 15 6
32 20 40 16
15 38 28 24
8 5 45 20
22 12 33 7
40 37 2 16
29 48 10 6
0 4 23 13
44 34 25 13
39 3 22 5
15 24 42 20
47 40 20 6
27 43 45 18
44 31 17 11
18 4 47 20
45 31 35 13
49 31 30 48
18 15 26 21
43 34 14 3
48 38 22 17
5 25 21 10
10 14 42 9
25 42 20 27
21 35 31 26
25 44 26 15
23 7 10 31
48 29 20 14
39 43 12 38
21 25 16 10
14 12 21 11
35 29 25 47
42 39 29 15
32 38 8 22
47 37 48 43
26 32 16 26
33 48 18 8
18 19 33 4
46 37 20 42
17 17 29 40
9 2 6 38
10 18 26 19
49 30 37 10
32 22 26 25
16 33 2 38
9 30 25 6
45 35 37 22
26 15 19 18
25 49 25 19
49 38 21 5
25 29 46 15
33 9 38 26
41 33 1 18
38 30 21 0
46 32 14 26
19 16 39 38
19 17 11 22
49 38 39 29
23 42 20 7
46 39 23 27
49 37 16 45
29 29 9 12
48 35 23 14
33 27 28 32
23 35 49 16
4 4 28 22
9 24 22 5
20 3 31 7
14 6 42 35
36 46 38 15
18 21 8 6
13 14 40 24
47 40 45 33
45 33 47 17
25 28 12 30
10 17 31 24
10 7 12 12
17 19 44 21
47 35 22 10
37 29 26 20
39 6 27 40
12 19 14 13
21 14 23 8
41 32 22 30
22 13 12 47
18 8 30 3
33 6 23 19
11 17 9 14
47 44 26 8
48 27 33 12
44 35 31 16
25 22 28 10
22 26 40 11
38 36 22 9
27 29 35 21
24 38 39 31
12 14 23 8
29 0 39 1
32 45 34 15
19 28 7 30
37 30 15 2
41 35 48 23
17 11 24 45
28 19 9 16
16 8 7 20
22 35 2 17
16 19 17 0
8 29 26 39
41 28 26 23
48 32 32 33
35 40 22 23
17 31 36 10
16 6 36 18
30 42 21 17
39 25 0 22
44 39 48 21
46 36 40 9
46 34 40 19
23 42 26 24
35 11 3 21
48 27 22 10
21 12 3 8
40 43 29 11
47 29 46 5
34 40 37 15
48 35 26 49
27 13 15 17
20 19 19 14
14 22 43 24
31 34 39 13
49 33 18 14
46 31 18 13
45 32 19 22
31 17 17 11
21 10 31 49
44 30 19 13
43 34 12 8
14 5 43 26
45 25 32 20
17 10 33 8
4 8 37 10
41 12 1 0
15 21 8 25
41 37 25 3
40 26 48 26
13 30 41 28
44 36 22 48
45 33 47 26
36 31 41 29
24 46 44 22
37 28 44 26
8 2 24 7
8 13 4 22
18 13 17 5
13 18 28 14
21 15 26 13
17 45 31 23
15 23 7 30
23 23 38 32
36 11 22 6
18 13 15 28
42 46 29 27
2 25 43 15
41 32 46 22
25 33 25 49
17 5 19 19
20 25 24 43
14 11 17 15
27 2 20 13
38 18 21 7
15 23 23 5
46 27 37 7
18 30 31 4
20 34 8 21
11 6 30 39
25 19 19 8
33 15 27 20
45 35 46 18
21 19 48 36
33 0 22 12
37 36 15 20
6 49 27 22
17 25 19 48
14 5 24 9
23 42 32 22
23 8 0 5
30 22 43 3
18 11 24 46
49 34 29 15
28 41 28 23
47 32 12 34
43 27 25 44
22 40 13 19
18 46 21 9
31 23 35 13
24 42 18 8
20 42 24 9
37 12 43 37
5 16 21 6
7 17 49 23
16 13 14 16
46 38 18 9
17 15 21 7
42 33 3 21
43 30 39 24
40 1 19 2
25 49 4 10
35 43 39 19
48 30 22 14
48 34 47 28
24 11 41 48
25 49 34 0
6 30 25 10
4 6 48 16
22 27 7 12
42 31 21 15
16 12 21 9
32 21 20 12
11 20 22 23
45 37 48 39
28 42 25 19
49 27 34 16
49 32 13 16
16 8 30 13
45 40 3 40
36 21 47 25
46 26 25 20
19 41 23 11
45 31 46 11
17 22 17 11
19 2 14 19
46 30 24 13
46 28 32 13
11 47 39 11
21 43 45 41
32 11 26 45
36 23 27 40
35 20 31 22
43 30 29 19
13 12 25 3
24 40 47 24
20 6 32 37
17 40 30 9
44 31 21 10
30 30 8 20
49 35 18 11
42 36 33 23
12 11 10 48
11 16 34 17
46 41 29 10
49 39 36 22
48 36 41 23
45 27 9 3
32 36 11 40
21 36 14 18
24 38 18 37
9 37 2 18
23 15 39 19
0 12 24 5
47 32 30 6
16 31 17 13
23 32 45 49
23 34 48 37
49 29 45 21
19 39 27 4
23 22 30 4
19 10 22 3
34 49 23 11
30 32 19 1
20 10 32 24
25 0 24 10
49 32 20 17
16 9 8 23
45 34 43 21
43 33 3 31
48 35 33 16
45 33 31 24
24 26 23 3
44 34 16 29
46 38 3 22
44 32 1 45
20 6 3 4
47 39 21 36
39 33 16 16
22 41 19 20
7 14 0 10
20 13 9 22
27 5 17 7
45 32 26 7
6 4 17 22
23 6 32 16
23 14 24 21
47 30 30 15
47 33 40 23
39 34 45 30
48 26 7 19
15 29 8 17
47 30 9 46
38 28 29 1
46 27 17 46
34 43 30 15
30 22 19 12
24 31 24 18
17 28 19 4
46 32 26 3
48 36 29 23
43 49 42 22
7 17 2 21
33 1 17 13
16 22 9 8
46 35 7 46
49 34 28 8
44 23 26 43
11 46 37 5
42 32 34 4
18 35 18 12
32 16 4 27
20 6 17 13
23 29 40 49
19 7 29 10
32 6 21 46
37 4 18 5
46 21 18 10
11 21 12 15
45 31 27 10
19 30 38 30
27 12 10 17
25 25 26 6
33 45 35 40
49 28 9 19
26 14 45 25
28 9 19 18
6 12 46 22
38 33 35 23
38 27 21 47
44 22 26 8
19 11 32 19
35 35 47 31
46 30 19 9
6 9 35 12
14 15 29 15
48 32 26 12
47 4 1 49
30 12 37 18
24 13 28 37
31 21 27 24
46 30 49 22
13 10 44 33
16 7 18 23
48 33 20 16
14 4 18 9
49 34 36 32
23 4 34 13
43 35 24 9
27 30 14 44
11 30 36 23
49 39 46 31
4 5 17 18
8 44 0 30
38 19 28 23
45 37 21 6
14 44 18 20
2 18 8 38
21 11 11 29
23 36 23 16
46 38 37 15
29 35 2 10
16 10 5 17
39 15 49 20
49 44 28 11
39 31 30 17
46 34 0 12
27 5 45 8
2 13 37 7
49 34 11 20
13 7 11 33
36 37 23 16
21 22 36 2
47 30 23 12
23 49 3 43
19 17 11 17
28 34 46 14
26 3 35 27
33 28 26 22
47 29 27 15
29 40 37 36
17 25 45 26
32 33 27 19
47 30 25 3
37 2 5 31
48 33 47 21
13 29 16 5
48 38 36 40
33 43 26 15
20 21 39 4
32 45 23 37
15 4 17 47
21 19 13 17
12 48 46 17
17 20 27 45
48 32 29 11
6 16 20 17
30 18 15 8
30 38 16 2
45 38 47 49
9 1 21 18
17 39 21 11
32 26 14 2
14 22 5 42
41 17 47 15
14 12 16 22
16 11 22 12
16 0 19 10
26 44 16 24
48 42 8 12
17 31 38 26
48 37 4 7
48 32 49 40
47 32 20 4
49 34 22 23
6 47 43 38
45 34 33 12
29 12 25 11
32 35 10 12
9 5 9 10
43 38 22 22
19 16 6 16
46 32 15 45
25 33 39 32
45 29 28 24
29 18 20 13
47 33 24 28
44 37 9 5
46 30 36 41
19 2 25 11
20 21 41 11
20 19 16 21
17 15 15 49
25 16 17 13
38 44 12 14
31 37 38 17
46 28 6 3
47 39 14 47
41 33 36 14
34 23 48 1
37 37 39 27
17 29 39 16
40 39 13 18
23 9 26 28
23 41 46 40
15 29 45 49
5 8 44 20
47 29 6 43
37 33 40 14
10 24 36 5
13 1 48 14
18 30 41 21
34 22 16 21
43 39 21 14
49 36 49 19
11 29 34 10
44 34 9 14
49 37 15 11
0 16 16 13
49 44 25 11
47 35 22 8
39 30 22 12
6 17 12 9
45 32 19 16
42 28 23 37
48 40 28 2
13 17 28 8
29 47 45 23
39 33 40 24
28 4 17 27
46 34 26 24
35 43 18 16
29 37 24 9
17 29 31 15
26 23 13 34
6 14 18 32
14 7 24 10
28 11 16 8
0 18 29 18
10 21 11 33
43 24 26 21
37 48 44 20
20 7 6 22
43 28 8 26
12 7 23 7
45 34 24 19
24 27 21 23
7 18 42 24
16 21 25 14
13 17 11 27
14 34 43 26
46 28 44 19
18 3 17 10
28 17 3 30
49 30 16 6
12 28 14 20
46 26 36 13
35 6 43 33
44 31 29 20
44 42 48 11
48 31 11 7
18 26 7 20
46 28 24 19
34 6 32 17
27 30 46 7
44 16 34 13
24 14 23 5
29 21 35 39
46 38 37 20
45 33 45 26
49 25 41 40
48 34 36 23
37 40 19 6
48 38 30 11
47 33 35 31
19 48 45 20
17 24 9 24
31 30 39 17
42 34 21 23
4 18 36 36
36 37 14 17
18 10 12 34
38 43 16 1
33 33 26 10
22 46 26 7
45 22 16 13
32 10 48 44
12 12 24 49
7 18 45 20
12 15 32 20
45 26 28 49
28 26 24 10
31 19 17 44
49 31 14 43
15 14 38 19
49 34 5 23
7 12 34 27
17 24 31 15
39 8 46 24
21 20 16 32
28 15 48 10
19 10 0 14
32 39 26 13
22 9 7 16
9 14 9 20
31 23 5 29
33 29 45 25
10 11 47 26
7 9 13 14
42 30 41 12
44 33 26 7
11 11 42 18
18 18 37 17
39 27 24 4
47 27 30 14
47 28 24 18
48 24 6 45
31 19 13 6
27 22 28 11
47 36 13 4
46 34 11 8
40 27 46 45
5 27 19 10
47 32 22 9
14 24 24 24
45 26 37 19
48 32 38 7
14 10 26 26
39 39 19 25
43 47 28 15
21 45 39 37
9 9 24 2
5 16 29 8
39 12 38 38
20 27 14 13
19 28 22 21
45 26 17 10
41 49 34 15
45 30 0 19
10 1 25 4
42 32 16 39
40 10 26 10
11 39 35 28
16 29 27 37
26 25 20 2
45 33 33 8
16 6 30 18
3 8 30 12
25 25 8 5
36 15 41 9
35 30 8 12
41 37 21 8
49 31 22 9
36 35 27 13
34 3 43 21
31 6 41 20
10 20 25 36
20 23 24 19
41 29 24 34
4 16 25 3
47 30 33 33
26 35 13 24
15 26 20 13
44 29 18 2
46 39 22 9
6 13 43 27
22 14 20 44
9 6 46 25
15 24 8 39
20 16 25 16
18 16 45 16
23 11 33 7
13 8 20 0
40 33 42 2
13 13 13 19
8 48 25 9
45 38 35 37
47 36 12 6
40 48 1 17
44 36 8 3
44 33 13 14
44 35 27 16
27 35 28 6
14 13 29 6
16 11 36 11
38 8 22 47
21 13 47 3
27 12 20 8
5 7 22 4
28 13 34 7
28 36 20 8
5 8 30 15
44 35 36 0
46 44 36 34
21 20 35 18
20 47 47 27
21 31 6 14
46 30 9 43
35 11 48 27
39 12 49 29
20 26 44 18
6 25 40 22
14 2 3 35
15 13 14 5
46 36 16 44
6 36 12 9
7 19 15 8
12 14 47 26
16 26 18 18
47 36 11 21
13 10 26 37
47 4 25 19
44 31 29 40
41 47 44 12
45 31 19 12
48 31 24 3
34 21 19 17
32 6 14 3
49 29 21 8
14 17 25 10
47 38 20 5
19 19 34 43
48 27 44 25
48 29 22 10
49 34 20 10
