50 549 18593 800
24 22 16 7
29 34 3 6
15 26 39 4
21 24 29 1
48 13 1 3
6 32 27 24
19 19 18 5
48 40 10 35
47 0 12 33
8 17 20 9
45 17 21 1
46 16 4 24
29 37 10 21
38 33 10 30
8 46 31 7
7 27 27 21
35 20 4 38
23 25 15 3
24 16 4 43
23 27 32 30
49 15 3 34
17 27 26 39
48 16 0 37
22 41 12 48
37 23 5 36
14 22 10 46
12 4 9 7
31 25 15 12
49 15 13 47
47 17 14 32
27 29 41 4
17 27 18 17
25 40 38 13
21 33 5 11
34 24 37 41
23 33 22 46
0 32 37 13
22 16 23 7
21 26 4 42
31 34 5 39
25 41 1 14
35 18 45 0
5 23 8 38
27 34 14 1
48 16 21 7
23 41 4 35
14 40 0 7
47 25 13 34
37 40 30 38
19 18 9 47
44 15 6 32
40 25 31 13
48 18 21 13
24 18 1 12
47 20 5 46
5 34 31 6
33 45 10 16
12 11 25 39
32 28 44 7
41 25 7 48
18 27 7 30
41 24 36 18
38 40 26 25
24 42 32 14
12 34 30 12
48 26 5 37
14 38 5 42
38 18 0 37
47 16 7 37
46 11 24 8
44 14 26 10
18 33 42 38
45 12 24 14
39 36 31 3
34 18 23 8
45 18 4 38
11 28 15 13
13 35 6 38
43 18 34 29
28 18 27 4
47 15 23 10
13 38 23 1
14 41 4 35
12 23 5 40
25 40 40 7
40 1 3 35
41 12 13 36
20 31 7 37
19 27 21 49
43 29 33 8
15 33 23 9
15 27 13 46
20 18 23 7
20 40 3 34
27 43 30 11
13 23 30 16
13 15 5 41
49 11 16 15
30 36 39 3
14 28 33 49
34 38 47 12
15 43 8 9
10 35 0 44
32 7 7 39
48 15 8 34
11 31 41 9
23 34 1 38
6 17 24 10
31 22 21 7
27 19 37 7
22 41 3 36
9 25 12 4
49 14 9 36
8 30 9 39
44 17 41 9
39 15 41 43
15 29 8 35
25 22 3 30
48 13 14 17
49 14 15 13
11 30 15 25
23 37 36 15
28 6 38 7
46 15 7 42
38 34 15 18
12 28 34 11
8 38 10 26
18 35 14 46
5 33 8 44
49 17 24 26
25 17 6 44
49 15 19 12
7 30 28 22
34 43 15 16
20 38 10 43
23 33 41 49
42 17 25 2
35 33 5 39
49 16 10 22
22 27 39 0
15 26 21 20
47 15 12 49
38 41 3 39
36 31 24 9
26 32 9 21
21 43 12 2
48 12 38 15
23 30 4 36
25 36 23 17
34 34 35 6
37 21 7 34
32 4 19 0
46 33 40 27
47 14 7 46
8 2 11 4
20 32 19 38
25 31 10 48
46 20 37 0
49 14 22 22
38 15 15 33
49 17 9 36
25 24 28 18
13 36 35 8
45 19 31 0
40 41 18 32
10 19 8 41
17 35 21 17
13 24 12 39
23 46 15 24
35 33 29 29
37 31 1 35
13 29 10 41
2 35 22 27
10 26 7 32
8 30 4 40
46 13 17 6
16 38 12 37
20 45 7 48
46 14 21 19
19 30 33 43
45 15 6 36
44 13 29 9
23 34 12 45
45 18 29 4
27 25 20 7
11 33 34 48
14 36 22 36
26 39 5 49
47 12 4 31
34 20 26 26
37 16 12 43
49 14 29 7
10 38 5 37
14 39 27 49
17 28 23 24
46 18 12 35
15 39 48 0
35 34 31 18
44 24 13 44
29 22 13 30
18 27 32 3
28 9 6 39
24 32 30 14
46 13 40 4
47 31 21 24
38 39 7 49
23 20 6 40
23 41 2 39
35 31 2 35
47 13 11 46
41 22 25 11
15 28 3 42
47 14 21 7
33 35 21 43
37 48 0 36
15 29 16 14
32 42 34 9
28 29 19 36
12 29 20 12
4 31 10 45
19 27 45 30
47 5 2 39
36 26 41 5
22 29 28 8
17 39 38 46
17 31 2 36
9 28 15 46
27 37 29 29
26 32 8 49
23 18 6 38
14 29 29 4
48 15 45 11
9 39 6 34
19 13 14 4
22 43 12 43
23 24 28 18
12 34 6 39
14 30 1 37
47 14 16 5
46 16 21 40
20 40 4 33
32 13 3 38
17 32 39 41
48 15 1 37
18 19 30 5
34 5 22 0
47 15 13 32
10 49 37 45
29 17 8 40
2 47 17 8
24 30 21 7
47 14 31 21
43 14 16 15
35 35 18 27
46 15 24 19
9 21 9 26
31 16 8 47
18 32 38 8
33 41 3 40
44 41 3 48
5 25 27 6
16 40 36 8
28 18 34 18
49 14 5 28
11 34 22 41
48 18 29 35
41 13 8 48
44 15 27 14
17 13 19 3
37 39 4 40
46 33 30 45
49 19 24 5
11 32 25 10
37 32 1 44
45 12 0 33
31 20 9 12
30 43 17 37
33 24 13 2
48 12 16 2
10 41 12 14
21 27 4 35
30 3 5 37
28 0 32 13
46 17 35 45
43 17 26 48
16 21 12 47
40 28 14 48
31 5 16 33
46 15 0 43
47 13 3 39
18 36 5 42
14 41 11 38
1 11 49 7
35 17 1 32
25 43 10 41
49 10 18 13
9 38 22 8
22 38 21 17
37 33 20 5
0 22 10 46
21 30 10 10
4 38 7 34
22 3 31 19
48 16 23 8
21 28 7 40
47 16 6 49
6 48 13 13
45 3 8 7
49 12 4 36
19 25 3 32
28 25 29 29
26 37 7 48
18 33 7 44
25 49 1 35
8 34 7 41
8 34 24 13
34 8 12 45
31 43 14 33
18 39 41 9
47 15 6 39
22 36 7 35
31 21 24 6
24 27 44 4
42 5 21 15
30 29 15 3
40 14 11 43
10 49 8 44
28 28 11 30
25 26 22 3
21 48 27 22
17 29 1 37
17 38 13 47
31 9 9 20
15 25 36 0
18 42 34 35
45 13 37 7
16 33 24 16
31 43 11 37
47 11 23 45
45 26 23 16
43 23 7 22
9 16 6 32
19 37 41 37
48 2 29 37
30 23 24 11
34 14 3 33
16 37 19 34
27 34 39 46
34 45 21 6
18 34 26 44
19 40 35 48
46 14 20 8
46 14 2 36
38 21 43 2
4 43 8 16
25 34 5 16
43 23 11 46
38 0 5 40
21 23 12 38
22 27 22 0
41 40 10 33
47 18 3 22
49 16 8 44
49 14 18 31
25 33 4 37
48 16 20 40
47 15 1 34
27 42 5 39
37 35 35 11
49 14 15 45
49 23 30 17
26 32 17 9
7 27 8 40
22 22 30 0
13 32 0 40
10 37 18 46
19 46 15 48
39 19 5 42
46 13 30 16
48 18 4 35
26 29 14 48
44 41 22 29
47 19 6 34
18 25 5 41
28 11 2 16
46 20 8 41
14 30 10 40
31 29 6 43
11 35 6 33
32 25 15 11
10 48 17 9
22 30 22 36
45 15 3 39
11 24 7 39
47 14 9 29
46 17 5 40
11 25 39 43
8 45 5 36
14 18 5 13
12 36 10 48
32 16 18 7
29 28 8 39
47 27 4 37
45 17 17 0
18 28 31 14
45 15 28 13
45 20 6 39
47 15 5 39
39 41 25 5
35 23 17 11
22 28 41 4
47 11 28 31
30 43 29 6
19 36 27 37
18 38 30 7
35 24 7 48
22 37 13 37
48 0 14 21
18 37 23 40
46 15 13 39
19 29 14 30
34 28 10 33
24 27 7 39
49 12 31 1
48 17 6 33
48 18 5 35
13 34 23 34
14 23 40 2
44 28 25 9
23 5 44 4
27 30 3 39
18 41 8 33
48 17 0 40
14 44 40 5
17 33 32 41
23 31 39 9
43 18 19 42
13 31 20 15
41 15 4 38
31 23 5 34
23 33 13 45
41 37 7 44
24 10 17 25
7 31 43 7
25 23 12 32
13 29 18 46
11 30 12 45
48 15 13 49
17 37 10 35
30 40 6 6
16 23 8 36
43 14 25 26
46 18 1 43
18 33 10 38
21 32 33 21
49 16 5 37
15 42 18 6
47 12 18 7
38 39 23 47
6 43 22 44
10 30 6 41
46 17 3 38
8 25 9 48
21 46 10 46
22 31 7 45
27 19 15 8
43 15 10 49
32 27 21 19
46 15 16 1
16 47 9 14
19 44 33 10
49 18 2 35
46 16 8 44
34 31 4 40
17 37 27 8
22 20 18 18
44 20 2 36
49 15 31 8
0 37 13 15
33 1 2 14
46 34 9 40
3 34 0 42
47 13 14 31
34 20 4 40
49 16 26 19
27 25 19 2
21 5 4 8
49 17 16 15
24 18 7 33
21 31 6 33
47 15 33 13
16 34 4 41
16 28 7 47
14 20 1 34
14 39 37 4
41 9 10 35
28 33 0 39
18 21 12 12
24 32 13 47
49 17 12 42
36 20 2 40
23 49 31 46
45 15 7 41
13 36 29 2
12 41 25 3
10 43 21 10
47 28 41 40
17 24 44 13
47 16 13 5
22 32 3 37
21 24 18 18
49 13 24 42
37 29 6 34
28 19 2 37
30 1 37 35
48 17 34 38
13 42 16 49
41 15 2 40
13 26 27 18
47 12 12 19
3 9 23 6
47 19 17 6
48 13 8 6
17 45 15 42
41 3 28 8
46 12 24 38
47 20 9 39
46 23 28 9
20 31 11 46
24 22 24 0
43 2 39 46
27 24 21 25
39 44 28 39
12 28 9 36
14 34 28 15
48 15 5 34
34 48 28 42
38 11 27 8
36 40 9 42
48 17 30 22
13 32 15 13
36 7 16 31
32 26 24 8
46 21 9 48
22 14 19 8
16 32 18 1
28 29 18 25
34 8 22 19
48 15 34 10
