50 511 19975 800
17 35 37 36
26 16 36 19
2 37 40 28
20 14 21 36
34 8 20 38
23 43 9 42
45 15 27 29
47 26 16 20
9 27 18 9
44 24 33 32
21 31 14 28
43 8 28 35
38 16 21 18
15 31 33 34
8 29 44 16
48 37 37 33
12 24 27 16
3 25 9 46
12 39 45 42
35 0 34 40
42 20 25 2
16 14 0 12
15 22 43 9
17 24 27 34
41 30 28 30
39 4 17 43
43 21 13 44
23 42 11 1
30 10 41 16
44 19 39 13
19 27 18 38
44 1 21 35
16 24 34 23
17 6 35 7
17 24 44 38
48 18 49 25
38 38 27 20
48 16 27 27
0 43 28 28
14 26 5 36
26 36 38 32
19 19 33 19
37 11 44 34
38 33 31 13
27 33 12 46
28 9 43 36
18 38 4 7
43 5 42 12
40 27 40 13
33 4 44 38
14 24 9 12
23 33 32 35
42 24 19 34
5 46 9 37
44 15 32 7
24 34 46 49
41 0 39 23
40 25 32 2
24 9 18 30
27 23 34 31
39 28 10 43
28 22 23 14
44 25 37 6
40 28 21 4
25 1 19 41
39 21 31 9
25 22 34 18
45 46 47 33
48 20 13 44
44 27 34 26
7 35 48 26
43 27 40 25
46 29 13 41
33 31 33 20
1 21 30 15
43 30 13 40
18 25 45 17
14 26 47 32
15 6 26 17
45 6 18 14
46 2 31 37
40 9 32 30
31 31 31 11
43 6 39 36
39 38 23 48
7 26 2 3
40 28 11 29
2 29 13 45
46 28 37 21
22 42 29 8
39 30 11 41
40 30 22 48
11 27 43 15
42 32 31 22
8 24 40 20
47 31 33 49
30 42 16 43
49 5 25 16
15 33 32 6
29 23 5 34
38 7 39 32
20 32 24 48
20 10 36 32
39 12 43 31
20 44 37 41
47 27 37 5
23 38 40 30
47 28 39 25
46 17 38 30
13 24 47 24
30 22 19 45
27 27 38 28
36 14 41 32
28 9 33 30
14 21 25 9
11 18 18 31
40 28 30 27
48 26 29 43
15 32 22 47
31 19 20 42
41 16 30 7
27 47 48 41
41 33 18 47
31 18 37 36
24 6 32 12
25 41 25 9
44 28 11 45
41 27 27 21
15 36 27 21
43 19 18 46
42 9 8 13
47 0 45 23
42 0 9 36
26 39 31 41
26 25 41 5
11 15 0 8
42 19 46 15
43 26 39 8
22 32 40 10
39 22 23 21
33 14 26 34
30 16 26 15
12 37 36 26
10 16 23 16
37 4 8 0
16 31 30 15
28 31 40 30
27 8 39 39
29 6 31 33
31 39 12 37
4 29 37 28
34 26 10 42
39 31 25 19
21 28 31 28
40 32 25 25
44 3 14 47
41 2 17 38
38 27 36 21
44 5 42 12
45 48 47 33
26 43 30 22
41 23 30 21
37 46 23 47
10 19 20 39
29 31 21 40
28 39 26 18
14 30 40 38
38 22 39 26
47 24 22 28
32 33 37 9
25 3 37 20
37 34 24 20
45 9 32 20
11 22 44 2
18 17 29 18
38 36 35 28
35 20 11 25
8 33 29 25
43 30 23 0
2 18 25 49
41 32 45 40
26 6 30 26
45 15 24 39
4 13 48 42
41 16 2 36
18 46 42 13
35 17 35 32
17 23 40 40
25 36 11 38
45 48 27 18
43 28 26 9
37 31 22 37
46 18 15 44
4 22 21 24
43 3 35 18
8 13 18 42
46 24 12 47
46 29 41 33
3 38 35 13
32 35 24 41
0 23 18 48
38 25 33 46
39 5 40 23
39 24 45 0
39 4 22 38
39 12 26 23
29 24 29 47
45 17 34 15
46 29 25 23
32 26 38 3
32 29 7 48
16 13 38 22
26 34 34 27
17 24 14 8
30 41 30 2
34 38 16 41
28 9 35 16
44 35 39 25
41 8 11 47
49 9 21 5
43 23 39 19
42 28 21 41
45 12 29 15
46 17 26 46
22 35 21 43
31 22 49 12
45 13 27 17
6 31 4 42
30 12 8 3
19 3 39 43
17 40 27 32
18 45 10 28
47 6 27 19
9 31 31 35
44 21 41 19
40 8 42 40
43 20 43 31
27 17 20 42
40 23 48 9
41 30 38 34
23 14 46 34
32 29 32 39
45 25 3 2
46 20 13 46
45 4 28 43
41 28 15 40
24 16 12 47
37 4 41 39
33 11 15 35
9 10 12 39
8 17 35 18
49 2 29 21
25 20 40 39
30 28 36 38
36 28 34 34
38 28 29 10
38 25 17 40
25 35 10 21
38 26 7 36
14 34 15 40
40 28 26 20
38 29 22 25
37 5 26 36
28 1 28 12
44 27 41 14
14 41 35 27
43 1 38 38
42 25 39 23
26 6 28 21
35 25 19 36
28 9 40 25
40 29 39 35
40 28 18 31
33 16 28 26
42 38 12 33
39 24 34 25
45 28 17 2
44 48 36 32
9 25 33 31
26 4 21 40
15 39 29 16
34 20 16 37
40 21 40 9
44 26 44 49
33 23 48 34
47 29 35 19
36 20 25 4
11 37 16 5
30 44 14 38
32 14 20 25
36 15 15 41
45 30 15 9
32 15 39 40
43 11 30 15
14 25 24 15
39 27 5 4
40 1 40 28
35 25 1 18
45 30 35 12
36 15 47 17
17 24 37 15
32 19 22 23
49 14 16 45
3 28 21 49
21 29 20 25
31 9 26 13
47 33 38 49
45 31 23 20
42 15 18 34
3 18 24 15
14 30 40 15
39 0 37 38
44 6 19 30
36 5 18 27
23 6 35 41
27 19 13 32
41 29 34 26
39 12 24 36
19 46 25 24
33 21 28 21
16 20 39 27
29 22 22 48
32 31 8 10
38 29 32 29
24 3 20 21
36 18 28 10
16 21 25 18
26 8 32 22
25 19 41 33
24 32 43 13
42 16 27 41
19 19 39 38
48 14 17 42
7 27 41 40
33 9 28 28
41 22 11 33
39 34 42 31
45 27 43 14
33 26 26 3
34 21 29 14
10 39 44 29
35 16 34 27
26 1 46 7
37 23 13 26
34 17 30 45
26 40 37 5
9 27 33 27
45 10 18 46
4 19 48 8
41 25 25 41
30 19 45 1
27 16 4 13
31 7 34 20
6 27 6 21
33 37 5 13
43 24 39 7
31 4 14 45
34 34 19 48
28 32 18 38
18 6 10 15
40 16 38 32
22 24 39 7
39 32 31 17
37 32 13 13
40 29 9 46
13 28 35 8
45 10 12 6
41 24 21 41
36 6 33 16
37 4 36 35
41 14 43 22
10 34 36 35
41 28 45 30
42 25 38 34
11 34 40 29
13 21 34 32
26 5 40 8
25 37 32 1
46 42 31 15
23 17 5 31
41 12 13 20
35 28 23 18
1 20 26 17
39 22 46 15
38 27 39 13
22 20 19 46
37 27 28 24
31 38 40 30
24 2 26 34
49 20 24 12
36 33 44 34
15 21 25 31
26 35 20 24
8 36 36 8
42 23 38 13
33 8 25 26
17 13 23 42
23 27 10 18
12 40 18 27
14 38 37 12
19 33 28 22
43 27 28 18
41 26 34 23
6 13 26 43
49 10 33 30
43 23 30 18
49 10 34 27
40 15 21 21
31 6 11 48
46 24 10 1
25 3 35 24
41 24 24 44
27 2 8 45
43 28 36 10
39 28 30 21
42 23 44 27
43 29 31 24
47 17 7 2
30 29 34 22
25 1 15 44
32 13 26 17
5 8 16 32
40 24 21 15
23 11 47 9
22 10 26 17
40 7 33 13
35 6 29 10
19 33 45 2
38 28 29 6
42 20 33 29
17 40 19 20
42 21 39 10
44 25 36 21
28 32 29 10
45 25 41 26
21 21 23 35
39 33 17 31
27 1 13 41
20 27 32 12
36 37 11 2
33 11 23 37
40 30 14 49
26 46 29 35
43 3 16 38
12 37 40 48
33 13 48 26
43 27 35 17
28 5 22 32
48 25 20 18
25 24 48 19
42 15 45 18
38 25 1 34
27 15 14 29
32 18 38 15
20 10 11 40
9 46 6 8
48 21 30 13
21 22 9 6
11 28 32 4
24 39 39 37
21 20 28 42
9 38 42 11
9 29 13 34
47 4 21 38
17 43 49 23
21 29 21 19
43 26 28 35
25 36 10 4
39 25 35 34
13 19 33 4
17 5 45 12
31 9 39 37
30 20 40 32
27 16 24 45
45 34 40 20
38 26 37 9
41 0 32 26
45 23 35 19
20 45 27 48
33 20 25 21
23 23 48 23
35 39 27 9
47 9 40 32
31 4 31 20
18 19 5 6
34 2 24 27
15 23 27 47
25 41 15 35
30 29 47 28
46 26 39 20
43 5 21 33
8 37 13 39
34 14 16 35
44 37 44 0
39 25 10 44
37 7 25 25
19 31 48 5
29 5 42 6
40 31 25 32
43 24 19 20
33 38 14 40
33 27 25 23
37 26 19 43
43 20 39 30
7 36 26 34
41 1 18 25
27 17 16 42
34 27 44 23
43 25 49 29
42 9 9 44
19 28 33 11
