50 444 11925 800
24 44 49 13
22 1 35 10
40 23 31 15
29 24 33 9
2 9 23 26
14 25 11 31
38 6 40 14
33 9 5 45
48 34 43 7
22 13 29 13
8 20 30 39
31 17 25 39
30 38 6 15
26 49 30 14
23 11 21 16
21 44 31 14
6 42 35 6
10 6 29 8
20 18 2 33
27 43 29 20
23 18 10 25
23 6 20 47
6 20 33 11
31 9 38 11
45 19 42 7
32 49 32 5
14 4 5 39
10 19 43 23
28 49 14 27
1 43 45 1
24 9 41 33
7 14 26 30
33 10 30 33
19 17 12 30
30 11 33 16
28 9 29 18
39 13 39 5
18 8 43 3
33 2 25 21
19 45 32 33
14 14 20 20
42 26 30 11
29 44 31 11
23 6 2 16
24 32 5 26
37 20 30 36
25 31 6 30
34 13 9 40
34 5 18 38
34 6 20 48
18 47 34 16
29 46 42 0
39 24 14 26
27 49 16 36
27 44 4 39
33 8 10 41
21 49 9 36
17 18 11 5
36 5 3 9
46 45 13 41
22 22 18 37
32 10 23 47
31 45 43 3
18 38 44 26
39 2 17 39
14 13 21 34
36 30 35 8
18 34 2 33
39 8 19 42
29 44 12 47
35 8 16 31
8 20 0 32
33 4 29 9
34 9 22 14
17 13 38 23
31 6 13 30
44 29 32 33
37 18 28 18
13 25 23 37
45 5 11 12
43 5 34 48
28 17 22 33
36 2 34 7
24 30 35 10
30 39 33 46
2 10 37 6
22 19 14 41
6 12 49 19
20 18 36 45
19 23 1 30
28 3 36 10
16 5 41 4
18 1 49 6
11 20 35 12
7 18 33 11
32 47 11 26
22 49 38 16
29 17 25 13
14 17 44 22
35 4 46 5
42 29 33 9
17 23 18 36
18 10 28 15
12 36 4 35
38 7 18 44
13 6 43 11
26 5 26 41
17 6 37 11
45 25 30 13
21 20 36 10
34 5 15 42
13 12 14 34
30 48 23 41
35 1 18 27
13 2 48 2
18 4 28 14
46 1 32 11
9 48 0 31
5 30 30 10
0 8 6 34
31 7 14 17
29 29 27 13
11 29 12 13
14 7 15 39
35 35 30 9
34 24 21 40
27 47 5 38
17 18 42 5
7 31 19 46
32 49 29 9
35 6 24 33
28 42 14 37
40 13 8 0
33 29 31 14
36 24 25 13
32 1 27 12
18 16 16 41
16 23 29 19
30 0 43 23
19 10 11 33
40 6 7 32
30 47 31 9
26 48 33 8
35 2 0 32
34 3 29 6
27 13 25 35
27 49 3 31
30 26 21 31
22 33 15 35
37 1 3 33
28 48 4 28
33 5 46 3
30 49 37 9
18 6 31 12
24 23 14 13
18 20 38 12
15 12 36 10
19 16 33 14
38 22 18 33
12 36 29 40
24 34 31 8
31 46 2 33
28 8 25 25
12 15 24 38
14 30 16 46
29 3 45 18
37 21 47 11
15 24 20 34
36 5 41 1
15 11 44 31
24 46 8 36
36 5 31 11
33 6 17 36
27 34 37 7
28 49 10 28
16 37 24 25
29 46 32 12
19 20 1 32
29 32 17 32
42 18 46 39
24 45 33 13
42 42 30 3
8 20 12 33
28 11 33 16
3 10 29 33
23 49 22 41
38 43 17 27
17 7 49 26
23 34 44 2
43 38 27 12
30 36 5 38
27 48 32 11
24 22 18 37
46 19 34 16
18 39 32 10
34 29 22 43
17 45 34 8
33 10 6 24
37 11 34 9
28 47 24 49
26 43 23 35
27 48 36 36
41 40 43 29
25 12 36 6
31 47 35 29
37 7 15 34
13 9 33 6
35 33 46 1
4 4 13 38
39 2 26 2
34 47 28 29
27 24 37 6
36 31 3 28
46 38 35 11
30 23 35 28
15 10 24 9
31 17 39 32
26 44 9 17
20 32 6 18
20 36 7 35
34 13 12 19
20 7 20 17
35 37 35 13
31 2 26 22
24 46 33 10
21 17 29 8
19 47 41 2
42 46 34 21
33 46 44 27
19 9 20 32
33 43 17 29
32 47 21 33
24 0 41 6
13 25 21 42
33 48 42 26
39 22 3 36
28 49 14 39
47 14 19 34
40 15 17 40
27 44 6 22
29 24 22 38
1 3 34 10
26 30 22 39
39 4 44 4
14 22 8 33
45 12 19 33
31 13 44 6
35 17 33 11
42 9 34 11
25 47 47 5
36 19 4 30
17 23 7 40
26 16 12 6
26 28 23 25
29 31 36 12
30 3 40 2
31 26 35 5
5 5 29 13
33 5 43 4
28 21 30 12
21 0 40 14
30 48 26 49
7 22 17 42
42 28 28 17
24 16 38 16
13 24 23 11
35 43 43 3
21 28 7 9
27 22 17 32
13 17 4 13
29 14 35 6
17 19 14 37
11 16 43 2
35 9 2 33
13 6 36 2
14 30 9 44
21 24 30 42
26 45 33 10
20 18 34 42
39 13 33 10
12 36 37 13
25 34 5 11
20 14 7 33
24 47 44 29
39 9 0 23
29 48 44 2
31 0 40 8
32 18 38 11
28 24 29 9
40 14 11 13
29 49 22 42
28 46 3 38
23 48 37 8
35 8 44 2
35 7 46 4
35 20 31 9
20 18 30 37
31 28 29 45
33 10 26 14
29 47 29 7
26 43 23 5
36 10 2 24
36 6 34 20
34 4 38 18
22 10 41 12
5 30 44 2
26 48 16 36
9 5 15 41
29 17 36 8
28 48 35 3
34 36 34 26
37 1 7 34
39 5 19 38
35 3 30 11
33 10 28 18
35 45 26 37
31 0 46 2
17 49 46 2
18 10 30 4
14 20 40 16
35 5 20 36
14 43 46 49
28 46 17 39
25 46 19 49
34 5 35 14
38 6 9 34
32 21 14 38
27 47 7 32
8 5 19 45
34 48 37 0
19 31 44 23
12 19 5 26
14 1 17 46
22 42 16 44
31 14 7 38
34 6 1 26
8 22 29 10
34 5 30 6
31 18 4 40
37 1 45 25
28 5 29 10
31 44 20 37
27 8 20 44
26 47 26 20
31 48 42 4
17 7 41 16
4 22 40 12
26 13 21 43
30 46 12 21
2 20 39 33
8 41 49 42
36 3 33 7
9 11 17 43
28 49 3 27
29 32 18 16
7 12 17 36
31 47 12 35
27 5 12 4
8 47 22 41
36 5 33 7
17 16 14 37
4 32 13 38
22 25 34 17
35 15 10 39
28 39 28 9
23 44 42 20
37 19 16 35
43 23 11 22
31 3 11 39
32 43 44 0
30 19 34 13
18 16 1 36
43 10 36 10
37 17 41 28
32 49 3 35
8 30 44 27
20 23 44 7
33 7 48 2
21 17 14 18
16 17 35 12
10 8 31 34
30 25 8 14
27 47 29 13
14 19 20 47
21 22 40 39
27 30 2 31
49 31 34 7
29 4 35 12
4 47 8 36
33 2 32 8
26 49 44 4
32 43 11 22
35 41 30 45
23 24 2 32
41 6 12 34
28 47 24 41
23 34 18 33
23 10 33 8
6 11 16 41
23 44 20 29
20 17 48 7
29 7 0 30
33 28 46 23
33 5 5 26
36 49 45 2
34 10 2 30
16 44 15 31
9 21 5 37
23 15 33 22
26 5 30 12
32 49 34 16
38 5 7 23
4 41 10 44
34 49 6 21
31 1 37 25
38 6 7 36
12 5 27 22
21 5 40 42
35 3 32 10
23 49 2 26
5 25 30 42
10 2 18 32
15 19 35 42
27 16 35 6
29 46 23 32
26 43 36 5
32 17 33 46
29 48 20 28
42 24 29 8
27 1 46 5
29 29 35 12
14 11 2 39
22 14 35 9
28 25 30 32
13 32 29 8
15 12 34 7
31 49 30 12
15 28 47 37
20 7 29 45
19 25 43 2
24 15 4 17
29 45 12 22
14 1 43 40
34 5 7 34
