50 955 14690 800
18 36 32 49
14 45 36 34
9 48 15 32
18 15 5 40
19 44 42 49
16 24 10 18
25 37 9 40
22 33 30 40
16 42 15 21
36 30 19 39
19 38 9 34
33 9 35 47
18 33 34 18
24 30 34 15
21 19 34 41
17 30 24 15
44 47 17 35
4 27 1 4
16 5 22 37
26 31 13 42
13 12 20 31
36 26 25 12
6 49 18 8
25 40 15 45
7 32 14 40
7 44 12 37
25 4 14 48
4 28 22 43
2 24 14 41
10 33 40 9
24 45 25 12
13 9 25 34
30 19 32 34
22 33 15 14
21 35 12 48
35 22 10 43
38 9 25 36
24 49 24 9
30 41 14 45
4 49 41 25
19 44 24 22
0 44 41 35
33 3 20 18
5 48 13 44
22 7 13 18
8 44 32 44
39 10 15 46
3 47 28 6
20 49 39 17
28 39 5 6
24 33 24 42
23 45 23 20
11 45 15 46
31 38 28 46
32 25 35 40
44 37 8 12
33 44 12 2
26 32 5 6
5 44 19 38
39 33 11 45
24 2 21 44
22 23 28 3
3 8 12 31
5 1 22 47
28 29 29 34
5 45 31 47
10 4 5 38
26 43 21 15
22 11 15 43
14 36 15 0
42 25 13 44
35 24 16 44
9 49 13 47
5 45 16 7
23 28 4 0
34 9 10 35
27 26 21 43
30 16 12 9
39 27 29 16
38 30 8 48
9 34 11 44
20 48 14 35
13 28 18 48
22 28 26 5
26 33 36 49
10 49 33 38
32 0 14 38
17 17 18 42
1 38 14 2
16 35 7 34
42 22 4 7
25 27 15 40
4 35 20 41
14 32 14 48
19 23 25 15
29 47 35 43
12 46 8 5
3 39 8 17
42 43 39 22
27 33 27 3
41 19 17 37
49 11 19 17
8 14 25 45
18 39 7 41
24 39 0 11
28 18 10 40
1 43 16 41
26 17 13 47
7 40 17 34
38 31 26 23
29 25 40 46
14 38 18 42
43 43 8 33
25 13 15 26
0 35 7 21
21 0 9 24
43 29 18 6
1 30 39 48
14 32 17 42
4 44 35 49
41 45 22 47
35 39 4 4
37 39 26 37
24 49 13 41
37 27 19 41
8 41 12 38
9 33 9 13
37 38 38 45
29 11 20 42
27 49 11 43
13 47 9 41
6 45 6 12
13 46 35 43
12 46 9 18
12 45 14 29
32 23 16 41
14 13 26 33
10 5 22 26
21 3 8 12
22 44 19 13
28 49 17 39
17 32 37 39
30 29 11 6
5 40 21 40
37 27 31 9
6 34 10 38
31 34 4 1
37 45 26 35
37 39 14 47
40 33 13 8
24 35 30 21
6 29 36 38
19 29 12 41
16 20 29 45
12 3 13 34
25 30 15 38
25 40 23 11
7 41 3 5
26 38 25 0
4 33 28 41
45 47 24 42
15 40 22 46
18 31 18 45
17 36 8 40
39 25 24 43
29 26 24 3
6 41 8 33
21 35 20 7
29 36 1 20
13 8 2 3
7 45 13 43
7 44 38 10
22 23 18 44
24 10 35 29
19 43 2 11
6 46 23 1
10 26 23 47
12 27 16 46
31 29 2 39
1 39 15 26
19 32 14 40
33 30 11 39
5 18 19 14
23 28 11 44
32 28 19 31
17 23 24 40
40 3 12 35
27 28 15 42
10 32 22 15
18 39 14 43
10 40 46 49
36 48 20 44
49 21 33 43
44 8 18 8
24 49 46 40
34 16 30 35
11 38 23 32
32 25 28 37
10 33 22 29
16 10 22 2
14 22 11 25
34 14 21 48
22 33 12 29
24 42 19 29
27 17 19 9
8 44 8 17
7 36 8 16
19 33 13 16
38 45 16 44
17 41 16 34
22 12 9 17
18 31 6 49
0 2 21 22
19 29 9 18
13 47 17 49
7 44 30 36
27 45 37 45
26 8 11 18
21 31 12 38
24 30 7 8
15 13 21 14
31 37 6 38
46 14 18 39
16 2 36 25
33 15 18 4
25 34 13 8
20 32 17 16
41 41 11 41
48 36 30 21
38 25 31 45
14 21 8 9
28 42 15 43
27 20 11 6
23 8 6 49
37 27 29 44
12 48 35 16
23 45 7 43
6 0 13 44
18 45 39 41
2 10 12 35
25 17 18 6
40 0 6 41
36 5 7 45
3 33 41 49
11 10 16 48
23 9 36 23
18 2 23 41
7 35 19 43
23 42 14 45
26 36 44 34
22 13 10 4
2 26 29 49
22 34 8 44
28 25 28 48
33 25 10 36
9 36 43 49
23 33 12 20
30 23 28 42
27 41 17 43
20 34 17 2
17 47 18 43
21 27 6 32
31 31 21 43
23 30 16 4
0 48 24 33
15 13 31 2
25 46 28 10
9 48 35 29
37 14 23 44
21 17 21 41
24 43 23 7
8 49 25 42
38 25 24 23
32 45 15 45
18 45 19 31
3 44 6 18
24 28 7 38
13 14 16 47
7 47 20 42
25 18 13 27
16 24 13 34
37 48 23 46
19 35 18 39
6 36 24 42
30 40 41 13
12 47 11 11
37 8 11 46
37 41 11 42
6 48 18 30
20 29 22 46
20 45 10 49
10 36 16 32
49 19 17 38
14 17 13 49
21 8 2 20
6 43 30 45
19 28 36 7
28 13 12 45
17 48 14 31
25 47 4 21
27 18 34 19
32 16 16 34
18 49 17 45
24 43 29 42
27 31 25 25
32 43 27 21
23 21 17 44
15 3 7 42
31 26 10 8
12 37 32 42
23 44 26 36
22 31 28 10
25 11 16 39
30 44 12 42
37 40 24 39
17 33 7 0
2 37 15 41
7 39 8 10
2 37 17 32
26 43 6 9
16 49 16 29
25 47 13 36
46 25 27 41
32 19 10 47
6 8 26 43
21 9 26 18
36 39 14 28
34 23 25 49
46 42 17 47
3 9 25 10
20 38 31 46
37 8 19 42
5 46 14 41
8 47 22 47
30 17 25 24
24 40 28 44
6 39 22 46
1 7 35 30
23 46 19 9
35 19 29 48
8 46 38 9
2 39 16 38
36 33 23 14
34 27 18 42
17 40 10 18
46 20 10 19
36 26 9 47
8 3 4 42
21 44 15 11
7 46 21 20
13 28 14 14
12 3 31 43
16 7 18 10
5 38 16 43
21 26 24 8
24 15 9 16
31 46 19 42
20 38 16 35
8 49 17 45
16 47 27 38
33 46 16 32
27 28 24 43
27 43 19 35
35 28 22 21
30 38 24 32
29 16 23 43
40 14 20 7
15 19 30 31
6 32 31 0
33 43 24 5
36 46 7 41
4 45 37 35
6 13 17 42
7 45 16 28
26 19 23 16
4 49 4 35
14 9 15 36
28 42 8 17
33 25 21 41
20 45 14 40
16 47 35 31
20 0 19 46
18 35 35 39
2 47 17 12
34 4 19 40
13 42 37 9
19 37 4 22
9 39 17 45
15 28 13 49
15 39 33 31
11 49 21 41
29 28 12 25
42 4 48 44
13 36 25 36
21 39 28 27
11 3 18 43
32 32 37 9
23 45 25 31
40 21 22 42
20 42 34 31
20 28 19 8
3 2 15 36
18 21 21 24
32 28 19 35
7 39 9 14
32 39 19 10
32 43 14 39
27 27 25 47
33 39 22 38
5 41 36 30
22 33 19 39
13 17 13 43
23 35 18 47
38 46 19 38
18 31 12 42
22 33 33 42
35 49 24 2
6 45 19 42
21 33 9 11
42 23 16 41
37 44 1 19
32 17 13 48
18 26 8 14
26 4 25 48
3 35 33 46
32 17 24 46
35 24 22 5
44 32 29 25
14 37 21 37
27 29 18 43
33 20 8 43
25 19 23 30
2 18 19 24
29 24 14 39
29 25 38 48
21 35 12 36
38 42 15 45
30 24 7 46
12 22 32 9
12 46 24 49
37 7 32 6
21 30 18 37
13 43 21 45
5 38 8 42
7 42 13 40
14 21 13 4
41 43 11 42
4 34 13 39
36 40 18 43
6 47 1 2
29 42 32 39
16 26 33 33
37 42 31 3
16 29 12 40
36 23 7 6
36 49 41 30
6 38 9 35
19 34 3 8
35 41 13 44
32 32 19 21
16 7 34 43
11 36 38 40
33 14 36 37
28 37 18 34
12 28 24 39
8 15 13 3
23 28 18 42
25 23 10 39
15 16 23 45
23 33 20 49
17 47 27 45
0 40 25 19
19 28 18 19
14 27 34 48
5 46 15 36
38 46 21 43
41 22 13 49
24 33 29 32
25 27 31 35
27 21 22 46
23 30 24 49
24 37 32 20
30 40 4 4
22 43 18 25
16 39 34 25
21 48 22 26
42 41 15 45
33 30 24 44
41 48 16 39
37 47 9 49
28 19 36 48
44 3 14 1
10 31 32 28
21 41 16 48
8 46 16 44
19 19 28 19
28 38 16 33
19 24 17 3
9 45 13 49
13 49 21 40
39 31 39 39
36 2 29 36
30 7 20 40
33 35 25 47
42 10 19 49
23 30 27 31
30 45 7 37
27 18 16 46
23 42 9 47
40 4 35 40
0 23 33 49
23 24 19 44
20 31 37 45
9 10 13 14
11 22 9 43
37 26 11 41
29 39 28 46
0 46 23 19
6 29 20 31
2 47 27 41
30 0 34 41
38 28 2 9
33 34 5 46
32 48 14 23
18 43 22 17
37 26 16 40
25 48 12 16
38 40 11 40
25 23 18 23
7 47 15 30
30 39 6 34
18 27 13 37
7 42 0 7
11 34 15 44
17 34 11 41
23 45 32 26
3 42 7 18
17 29 33 18
32 3 19 40
23 20 13 44
38 25 18 6
14 13 15 40
28 46 28 35
20 46 22 35
24 32 9 47
34 46 9 44
24 39 16 7
35 44 25 18
27 31 23 36
28 38 22 33
15 43 12 26
6 44 38 25
28 29 22 32
36 32 4 3
18 14 0 21
19 45 24 49
22 26 30 41
3 4 6 45
22 31 4 24
26 36 17 25
35 27 4 8
20 29 19 44
5 46 2 13
4 2 30 24
17 38 9 37
4 38 19 46
18 33 3 16
32 32 48 43
35 14 3 12
29 3 30 34
21 16 41 36
24 41 5 7
27 18 5 41
20 25 13 41
23 36 6 44
23 33 10 18
25 8 36 46
6 47 3 19
5 37 12 37
27 20 49 39
18 39 34 23
21 3 4 23
21 18 19 37
8 48 15 41
43 30 45 36
38 42 16 3
39 29 17 41
13 41 9 47
17 42 28 31
4 19 21 31
6 48 27 12
18 31 49 22
33 23 23 45
17 25 17 49
31 30 27 25
35 47 44 42
33 30 11 21
19 47 10 37
26 25 42 20
2 29 17 6
8 3 7 22
8 40 14 44
37 22 33 39
17 45 22 5
38 47 14 41
16 34 20 38
42 1 0 27
38 43 22 34
33 36 31 41
3 39 13 43
35 12 39 14
22 29 8 14
9 32 4 36
16 11 13 38
9 7 18 12
35 32 15 8
19 35 11 8
21 36 20 41
26 30 42 33
44 47 18 45
7 40 32 14
29 28 20 37
10 13 13 46
27 44 8 7
14 15 41 46
30 4 12 3
1 27 40 5
13 40 11 44
49 31 15 33
28 42 43 24
10 24 29 15
13 43 37 6
23 43 21 48
49 37 18 16
11 38 7 28
1 22 5 30
29 26 15 45
38 12 34 17
8 41 27 36
2 47 5 43
4 43 18 28
14 45 14 30
36 23 17 42
3 47 48 3
24 10 14 15
31 35 6 3
41 29 7 14
38 33 19 44
36 28 9 11
38 43 17 43
29 26 49 17
15 23 41 7
30 12 10 39
35 26 7 1
40 27 39 36
38 31 21 10
19 32 8 39
13 32 22 41
25 34 45 36
2 41 37 38
21 33 14 2
28 15 16 39
24 30 19 40
23 41 2 7
8 46 3 17
20 26 17 3
31 25 15 21
33 36 14 46
15 49 31 24
48 22 19 11
38 41 33 42
28 44 42 29
26 3 36 45
3 7 7 10
37 9 39 41
30 48 20 48
31 43 10 36
38 42 30 32
20 29 21 2
33 27 10 20
30 5 27 36
4 49 32 29
29 40 21 2
7 16 34 0
26 30 34 41
44 45 32 46
1 49 8 48
17 32 33 31
13 26 37 11
2 34 15 38
5 47 21 39
18 1 18 42
16 34 21 8
2 32 7 46
8 31 23 1
2 7 22 48
34 47 6 40
6 41 3 1
38 28 32 7
0 38 21 48
12 44 31 23
20 31 1 8
24 31 36 49
13 45 9 38
3 48 14 43
23 31 14 43
2 3 19 45
0 17 33 37
17 49 19 42
14 16 10 42
24 24 9 24
17 41 13 24
0 42 16 34
35 1 10 26
23 13 19 47
16 40 15 15
46 8 25 14
25 38 11 48
39 6 22 37
25 35 8 46
10 44 5 10
16 13 44 43
38 32 16 34
6 32 6 11
40 11 14 45
34 23 13 41
39 7 37 43
8 16 34 36
20 30 23 40
8 36 30 41
3 38 8 9
5 45 22 47
19 44 25 30
5 16 7 33
38 9 34 36
13 45 8 13
20 36 13 41
4 41 27 45
21 29 9 40
11 43 21 48
33 24 3 4
40 1 8 24
42 41 14 16
28 25 10 41
3 26 17 46
16 40 34 10
40 19 30 33
24 49 15 39
14 46 17 48
21 34 23 8
14 37 4 1
15 48 2 48
33 43 16 27
6 36 6 21
3 34 30 33
2 45 17 36
32 7 16 47
11 49 36 39
8 18 18 49
40 25 17 33
35 22 23 44
18 36 31 25
17 30 19 35
35 26 26 25
42 29 20 37
39 45 23 20
7 37 33 48
37 42 20 41
21 21 40 43
33 5 17 45
12 43 6 43
14 35 26 36
31 41 15 37
6 41 17 43
38 44 10 4
37 29 14 12
8 48 34 5
13 46 27 20
37 46 10 18
36 32 20 43
35 25 19 22
32 22 30 42
43 48 14 47
41 25 25 40
31 19 5 15
31 44 13 49
33 31 15 1
38 31 13 8
5 39 21 46
14 48 19 23
18 24 12 43
30 11 13 32
6 35 13 28
23 1 25 32
13 36 30 20
49 22 28 30
37 41 14 38
28 8 17 3
22 38 12 12
26 20 14 34
44 14 33 3
5 35 32 4
12 4 19 46
36 1 3 2
15 39 30 18
27 24 23 47
22 13 0 41
9 19 34 22
41 48 12 44
25 10 15 37
11 44 17 46
16 16 11 32
26 36 19 43
46 49 13 42
34 31 9 10
17 12 35 42
22 40 12 36
33 37 14 43
5 42 19 45
31 26 21 44
38 1 24 25
17 28 35 5
19 34 16 41
12 38 17 48
23 39 20 42
41 47 15 42
13 16 37 46
19 0 9 15
34 35 35 49
9 18 16 40
22 46 10 15
32 49 15 42
16 8 34 4
17 33 35 42
41 7 23 19
37 28 8 27
38 11 13 40
16 35 15 41
28 21 22 44
10 34 38 38
34 3 35 38
36 10 28 35
41 19 18 49
4 25 21 42
17 27 30 12
18 45 28 2
14 22 0 25
4 47 26 47
20 42 17 37
28 33 6 7
18 33 23 15
23 34 15 4
29 15 20 17
37 23 14 44
19 32 15 6
12 42 11 18
10 32 25 1
2 2 11 49
22 2 4 16
22 32 17 34
1 45 16 45
39 31 38 40
22 23 32 42
16 18 19 40
37 1 10 35
0 42 11 43
19 46 32 2
39 41 15 46
43 38 29 33
35 16 11 44
29 18 32 0
17 19 28 4
46 21 35 18
21 27 21 21
40 9 16 44
21 48 27 3
26 44 23 1
34 9 11 10
25 30 9 40
44 3 18 39
25 6 15 47
18 25 17 44
26 23 19 48
3 19 19 15
45 39 14 39
35 41 31 21
20 42 15 44
29 44 25 13
17 40 17 45
13 49 13 41
3 10 9 19
20 27 13 46
15 30 13 39
7 32 19 25
23 24 6 12
31 26 20 32
38 44 25 43
14 1 9 46
35 30 33 22
42 47 14 46
41 38 28 31
19 32 38 18
27 25 13 23
25 43 16 38
30 22 21 29
1 38 19 44
21 21 14 36
47 42 21 23
22 47 49 37
17 33 14 43
13 20 40 46
15 42 20 38
11 24 3 1
11 29 46 17
13 27 17 45
20 48 46 15
32 10 16 43
38 33 19 45
22 47 32 13
6 46 9 40
23 41 12 39
37 29 22 15
34 29 35 41
39 31 40 41
2 25 39 37
38 12 42 40
30 48 19 45
26 16 11 6
33 23 40 40
31 41 14 41
16 47 7 42
26 11 6 33
23 36 49 38
43 43 49 47
1 26 39 44
42 45 19 26
33 41 16 42
0 42 13 34
20 33 24 7
24 36 15 40
24 43 23 26
17 45 25 12
21 36 27 8
29 41 25 14
6 45 17 43
17 44 14 4
34 17 14 35
26 7 13 8
33 17 16 2
17 23 7 20
18 49 27 48
20 34 9 45
25 27 16 39
22 21 19 42
15 49 21 47
