50 1434 13778 800
16 17 20 47
5 42 8 29
38 33 26 44
38 25 36 43
39 27 36 38
43 47 30 13
31 31 22 13
17 26 39 17
46 27 47 43
0 4 20 17
19 35 29 31
25 9 25 35
41 40 7 17
2 24 37 25
7 28 12 13
40 46 32 30
1 31 38 39
36 29 39 41
20 34 38 27
27 4 3 34
1 19 27 45
11 38 17 4
24 31 26 24
17 0 26 15
40 31 29 47
29 44 33 41
43 27 20 13
40 36 2 23
16 24 32 42
38 35 12 12
36 28 30 28
35 28 5 9
17 32 38 37
30 43 23 27
41 17 23 20
24 30 40 28
44 39 27 14
16 28 32 36
44 42 6 19
17 13 9 15
36 30 44 27
34 46 33 29
40 22 4 19
26 30 18 19
13 10 31 36
37 25 21 19
14 26 42 39
42 30 38 34
13 21 7 33
48 31 39 30
42 27 42 41
8 21 2 34
40 38 45 40
15 32 45 17
23 42 8 35
40 15 24 47
39 46 30 40
37 22 22 45
37 25 8 6
2 13 32 35
28 45 22 21
29 48 6 40
36 27 26 31
34 46 10 18
41 14 47 38
26 49 9 3
45 31 22 29
1 28 35 19
1 49 7 39
38 32 7 13
12 26 28 25
33 29 20 26
8 14 45 28
25 43 10 10
45 41 24 23
13 14 33 18
40 35 41 15
32 28 9 46
32 34 30 14
37 29 15 14
11 32 19 48
5 41 16 29
9 21 47 30
41 30 28 12
37 29 12 12
6 34 41 46
22 46 26 35
44 44 8 11
7 32 39 36
1 37 30 36
4 22 8 13
46 47 31 39
45 23 45 35
47 27 25 36
16 39 43 39
46 41 36 20
19 8 24 40
37 35 10 18
20 48 45 32
7 26 21 42
39 44 42 31
34 44 4 11
41 27 26 13
46 19 21 24
49 30 6 15
39 31 5 14
15 29 5 48
39 25 1 8
8 26 5 43
4 24 19 49
12 43 38 20
14 35 43 22
48 45 9 42
21 24 39 23
42 23 24 33
38 34 45 31
41 32 9 45
0 9 30 48
30 28 37 34
8 33 26 23
37 26 11 1
23 34 46 22
42 26 8 36
39 36 7 9
0 17 43 43
22 19 28 32
35 32 49 33
34 28 9 33
24 14 32 45
36 37 35 42
0 38 34 28
39 29 23 40
3 20 28 26
49 39 23 46
36 33 4 8
13 6 41 20
20 48 21 27
39 41 15 14
21 45 26 44
47 30 33 35
2 27 25 28
46 16 35 43
49 30 28 25
2 30 32 47
48 20 24 31
14 15 0 42
25 41 22 36
1 9 39 33
9 21 43 17
9 21 22 48
15 16 14 35
14 31 19 12
37 28 25 30
3 18 46 22
6 31 1 42
42 24 44 46
42 27 42 32
43 16 11 23
15 46 37 40
35 30 36 34
43 46 37 29
42 32 33 47
1 24 24 22
1 27 48 37
29 47 5 36
4 29 34 33
12 37 37 28
7 36 20 38
13 22 31 11
29 6 30 45
3 33 34 35
39 25 14 7
39 26 6 8
14 40 40 36
5 11 12 7
42 29 36 35
4 31 38 43
13 32 17 23
35 26 21 38
5 22 10 22
16 18 42 30
9 19 35 36
32 39 27 49
36 27 22 8
46 19 18 47
46 41 24 47
41 36 35 17
1 23 15 14
42 22 32 44
26 12 15 23
0 29 29 34
45 47 29 29
48 43 22 45
41 29 47 19
39 35 33 28
35 29 26 20
44 46 29 27
6 48 32 32
45 37 28 13
39 45 40 25
41 25 46 23
2 13 14 13
49 37 37 41
29 33 43 35
31 27 27 38
1 23 27 45
37 20 41 23
37 23 39 43
48 25 28 22
26 6 30 33
46 19 41 45
38 38 28 22
45 49 26 31
46 38 34 21
25 45 3 32
15 24 43 35
40 33 21 47
8 15 10 22
6 30 34 27
0 15 7 14
7 23 28 32
45 21 30 48
9 9 28 48
4 31 10 12
30 47 39 19
2 6 42 47
40 28 1 21
41 24 42 30
8 44 23 47
4 49 35 42
8 23 10 14
22 14 29 41
36 27 36 43
36 31 3 14
17 44 19 17
5 0 10 24
6 33 42 33
29 5 23 40
39 30 35 42
20 21 29 45
40 36 8 18
40 30 10 25
6 16 27 45
37 27 41 32
41 28 30 12
47 13 32 15
25 44 22 42
43 28 19 17
25 13 40 30
48 37 39 46
46 42 34 29
5 25 43 41
11 27 5 48
42 46 35 26
35 42 23 11
39 24 9 10
5 0 15 46
36 16 22 48
5 27 27 19
40 40 29 46
38 31 40 42
8 43 48 15
48 41 12 19
37 24 42 48
43 18 11 17
44 40 35 26
1 27 25 49
44 32 40 43
10 22 24 45
37 25 47 41
23 45 4 15
38 34 36 29
33 29 28 32
36 42 44 20
24 30 38 22
11 39 28 46
42 30 44 11
23 42 23 29
43 25 48 28
12 33 29 41
47 34 9 35
2 27 26 35
35 26 31 44
8 24 47 30
4 17 39 46
42 43 32 25
2 26 6 5
7 4 40 24
36 28 46 24
38 26 36 19
7 32 36 22
31 11 34 34
11 4 33 33
8 3 39 39
40 28 22 45
41 41 33 23
19 41 42 44
48 41 46 23
17 48 47 33
43 21 36 28
1 35 7 43
25 42 49 46
44 47 33 44
38 36 33 35
33 22 34 34
24 47 31 40
39 30 45 25
36 32 15 14
48 33 40 27
30 11 31 26
1 1 36 45
37 28 38 46
4 30 22 47
14 42 29 39
44 26 8 35
43 34 24 28
0 1 0 11
40 25 7 9
41 48 38 29
35 29 25 19
37 27 17 14
13 29 41 26
44 33 11 10
43 36 38 39
43 43 42 48
39 39 13 9
10 3 30 34
43 26 18 35
5 21 47 37
12 25 18 44
10 12 14 8
1 23 44 46
34 20 38 26
45 33 46 39
34 37 44 46
39 38 5 45
47 45 7 7
30 36 5 22
7 34 26 16
9 21 8 6
1 39 23 41
20 44 28 21
46 28 10 18
34 31 11 18
42 44 11 35
35 41 34 28
39 29 25 44
42 36 1 13
2 27 18 27
0 18 12 7
43 25 19 23
41 27 13 4
14 22 4 19
38 25 20 42
11 18 10 12
38 32 10 17
0 21 47 21
42 36 23 33
18 5 42 18
18 38 33 35
6 9 0 17
31 39 10 12
22 5 19 11
1 33 26 43
6 21 22 42
12 10 44 29
0 47 3 11
39 31 14 6
43 16 42 28
4 33 20 35
43 29 39 35
39 26 18 13
37 23 33 38
40 37 29 12
1 15 8 28
37 36 20 23
19 31 32 35
41 31 23 15
11 31 28 24
46 43 31 40
40 27 14 43
19 32 17 16
21 41 37 17
37 33 47 25
13 42 43 22
40 27 38 39
35 9 27 24
44 31 37 47
35 23 40 34
30 48 36 40
27 38 41 46
43 28 30 33
9 25 47 42
32 24 21 38
32 34 27 43
13 3 46 40
6 33 2 37
14 31 8 16
8 40 31 34
0 19 40 21
39 29 25 34
1 22 0 33
47 35 28 31
17 20 45 43
5 23 17 19
33 27 33 11
44 17 33 48
41 32 28 28
39 29 25 47
23 47 36 25
33 7 38 22
11 42 12 32
12 45 46 32
16 43 34 35
21 15 27 49
8 48 12 19
21 42 47 30
7 29 15 31
34 42 24 49
37 26 26 27
4 4 42 48
40 39 45 29
12 31 2 20
30 11 33 32
5 17 28 31
43 38 12 20
9 33 10 19
38 30 31 16
37 29 39 38
44 34 24 33
6 14 6 7
9 29 15 18
14 17 38 40
35 29 43 33
36 42 27 33
13 25 25 8
38 29 31 24
39 31 17 36
25 12 32 44
26 23 25 39
13 34 13 40
25 34 9 15
48 31 25 44
5 48 6 10
41 32 12 19
44 30 42 42
15 14 14 9
20 44 10 23
29 29 4 8
43 27 46 49
20 31 33 37
17 26 31 27
11 11 29 26
14 14 28 33
39 37 47 25
15 18 5 21
10 24 32 22
31 39 39 33
23 18 39 35
6 37 45 21
38 33 31 43
33 49 11 18
44 19 40 28
37 11 42 43
44 29 31 31
22 37 1 15
38 18 37 34
19 15 2 15
34 39 38 37
44 42 33 21
19 34 43 22
22 14 33 42
14 4 33 44
40 31 30 22
46 49 26 43
42 24 11 15
40 24 42 27
34 39 45 31
20 33 46 25
0 20 7 28
35 28 36 39
25 0 6 15
8 28 41 28
44 33 30 8
15 8 46 40
28 43 29 22
40 27 4 29
36 30 30 40
1 34 37 45
28 28 27 34
43 25 12 42
47 33 32 42
43 48 5 12
8 19 0 37
0 24 45 32
34 2 20 20
48 44 38 19
39 42 20 43
40 31 20 31
38 33 19 14
44 38 5 38
7 33 5 11
2 30 30 13
7 46 35 20
14 13 28 46
40 28 30 14
7 29 28 10
39 30 18 30
6 13 41 37
0 49 20 20
23 43 11 20
5 22 47 43
45 45 16 11
45 29 25 9
34 23 26 26
15 37 32 12
46 18 41 36
36 24 44 29
47 40 47 22
11 25 42 28
30 47 26 27
3 30 32 33
31 28 16 15
36 26 13 18
14 25 27 47
33 36 35 18
10 39 39 26
43 48 45 38
37 31 2 40
23 21 35 39
31 4 7 16
11 31 38 37
36 27 0 40
14 39 2 44
22 39 33 26
4 15 29 28
12 36 46 26
43 37 37 38
29 32 3 47
39 31 5 14
47 40 44 26
9 42 18 15
30 35 30 30
48 40 29 11
35 17 29 31
7 24 32 34
16 16 39 25
45 18 34 25
6 16 29 33
28 36 8 17
5 16 30 49
18 7 40 39
6 26 29 9
12 47 15 22
46 15 24 31
6 44 44 13
38 39 5 40
47 43 6 17
2 24 29 30
38 25 32 19
8 24 36 29
9 26 44 23
24 7 39 32
7 37 49 41
1 28 22 29
29 14 9 17
8 33 20 48
46 29 5 6
49 40 18 6
37 46 15 28
33 27 24 18
4 38 21 31
40 34 26 40
10 35 23 47
31 32 0 42
36 27 3 28
20 25 44 45
42 29 46 23
45 17 44 23
28 41 6 21
8 28 12 11
7 17 22 16
16 23 31 43
7 20 7 13
14 34 22 22
44 32 35 28
43 22 32 46
9 27 35 37
6 18 27 25
42 29 11 6
38 26 44 31
15 9 37 33
11 11 16 29
39 27 36 24
44 44 48 40
49 23 34 29
4 35 37 34
2 35 44 30
0 15 26 28
24 41 41 25
45 35 42 11
4 9 32 43
14 20 12 14
42 24 22 14
37 35 21 41
41 30 39 27
40 32 13 37
14 47 30 11
35 26 11 13
42 19 29 38
34 3 37 20
6 26 8 1
35 29 41 20
37 38 16 14
41 27 25 24
14 32 11 12
11 44 9 49
49 12 12 20
48 42 12 11
18 12 12 8
41 40 32 41
4 33 7 12
29 29 8 42
26 39 15 13
40 31 41 43
7 16 21 49
37 33 4 8
11 13 40 24
2 36 41 34
12 29 34 39
35 39 3 6
27 23 19 45
18 21 10 35
40 27 49 26
35 1 40 28
11 28 16 35
5 34 43 21
9 32 27 32
14 19 37 48
23 12 27 28
10 27 33 25
43 40 29 25
11 3 37 41
40 44 30 27
47 33 26 28
38 29 40 26
44 28 17 29
37 27 27 27
36 23 31 47
9 34 27 41
41 28 30 29
41 27 38 29
41 31 34 34
20 17 30 36
49 42 9 18
37 29 39 25
5 14 43 34
43 21 44 13
8 4 0 24
34 31 18 22
4 46 8 8
16 31 14 49
19 24 7 36
45 20 39 27
8 14 37 44
37 27 12 7
31 38 35 41
40 23 43 37
10 38 29 37
14 16 19 15
18 19 49 24
43 30 31 47
34 28 43 24
6 40 28 34
26 44 29 7
39 31 26 34
45 27 28 14
33 35 46 34
47 47 42 39
0 27 37 39
40 38 34 30
32 41 25 9
27 9 48 41
6 11 39 32
39 30 34 28
10 26 28 39
2 43 42 23
2 32 13 19
17 33 31 22
35 34 8 9
21 38 42 32
12 2 22 42
25 46 24 12
34 29 45 13
39 33 5 15
40 24 10 18
26 15 10 27
14 8 36 36
14 21 9 4
49 49 27 45
44 28 36 30
16 37 28 24
6 25 47 20
15 14 34 26
45 32 29 27
36 45 18 7
37 32 34 39
13 21 30 12
21 16 32 28
16 29 35 46
39 45 2 29
24 16 15 12
31 12 30 24
48 41 28 48
6 43 31 39
2 32 29 17
36 33 26 21
30 30 7 39
38 31 19 30
12 34 24 45
6 7 26 17
17 39 4 19
49 43 20 39
0 22 16 15
45 33 27 45
45 21 39 34
34 32 22 42
39 25 4 45
45 26 38 21
3 27 43 6
42 46 43 18
20 48 28 29
34 26 40 39
26 10 43 37
39 33 5 16
39 32 40 36
48 48 25 29
44 33 41 35
40 42 26 23
3 21 23 45
37 22 45 41
46 26 34 46
33 27 2 39
14 42 6 46
38 30 45 39
36 35 10 13
16 8 35 34
40 32 28 44
42 32 46 35
43 31 18 32
4 10 42 43
5 36 23 47
12 27 18 19
11 32 37 28
31 11 39 44
10 36 28 38
46 36 32 39
47 16 22 34
2 26 49 29
40 29 28 40
41 41 12 8
31 41 41 22
42 31 29 13
39 47 27 21
41 29 45 43
39 22 14 36
41 25 24 41
35 25 40 38
5 19 45 36
16 1 45 20
37 27 39 38
37 33 19 29
0 2 30 41
7 0 44 26
37 32 32 13
9 3 38 27
37 27 26 43
32 49 19 17
16 29 16 17
49 20 8 22
36 23 30 13
16 26 30 42
48 41 36 36
29 4 33 28
27 19 43 10
49 21 40 41
44 31 11 29
16 18 7 13
43 43 28 32
13 41 10 10
10 40 10 9
6 33 41 44
39 40 27 13
9 17 47 44
12 35 37 44
6 14 28 35
11 38 46 39
41 28 14 18
27 24 6 23
36 32 37 36
41 23 42 41
8 9 31 42
29 35 7 35
4 8 47 28
33 29 22 45
44 26 32 18
12 5 41 37
38 33 25 36
3 3 36 32
9 43 41 20
18 38 32 31
44 30 1 11
3 32 11 15
7 22 22 28
19 7 9 9
47 29 42 44
9 30 26 44
1 9 34 24
23 11 23 43
10 14 26 24
27 47 12 33
30 34 32 38
47 37 19 12
39 31 47 28
36 31 3 7
40 32 9 38
38 27 27 32
37 38 45 24
2 14 22 28
10 25 22 22
44 46 8 5
46 17 31 39
42 15 32 35
12 37 28 12
5 44 24 47
11 6 40 26
42 33 12 42
12 38 28 15
36 36 29 43
46 42 24 39
46 43 9 15
38 26 26 47
1 34 35 21
40 30 34 24
0 14 28 21
22 40 41 22
4 2 42 22
36 5 8 6
3 34 7 22
42 31 11 1
17 31 25 42
36 27 12 0
40 2 27 11
36 28 24 47
9 40 5 21
42 27 42 32
41 16 15 28
2 29 5 15
44 38 18 25
25 35 38 48
23 19 36 25
0 7 23 33
41 32 41 26
47 39 24 34
10 48 5 36
12 28 8 16
37 45 4 20
46 49 25 13
48 36 8 9
39 34 21 23
15 45 17 28
6 14 26 33
38 33 10 17
48 24 27 28
0 14 25 37
33 37 31 13
39 24 24 31
38 27 23 31
33 18 14 45
22 30 9 18
17 13 44 43
18 22 1 16
32 21 43 44
7 26 33 47
5 25 41 46
34 27 32 45
24 44 29 11
36 48 46 43
21 41 28 45
48 22 18 41
27 38 13 19
20 41 44 20
9 21 28 31
37 28 40 36
17 4 31 29
47 16 28 41
21 42 45 37
36 29 19 24
2 44 33 27
16 10 48 47
47 25 0 32
33 42 44 45
17 48 5 45
35 30 31 13
2 10 37 17
36 26 41 29
2 14 24 43
19 22 45 33
13 47 25 47
8 29 25 42
20 29 40 16
2 27 26 19
31 31 24 25
36 35 23 24
36 32 38 22
8 13 29 11
11 27 17 11
49 34 28 11
44 29 10 14
44 22 30 44
38 31 7 46
26 25 31 13
40 28 37 17
16 2 30 33
20 43 0 47
40 36 32 49
40 20 42 24
27 19 30 25
3 33 42 26
43 26 41 39
11 26 17 6
43 43 13 11
39 31 18 18
4 40 24 40
43 28 42 43
38 31 13 12
46 29 14 4
43 19 41 40
41 40 35 39
46 46 2 35
17 44 6 8
6 4 7 44
3 33 17 7
18 15 47 40
38 31 34 36
48 14 27 30
42 45 38 24
25 13 45 26
22 48 40 38
28 24 5 13
17 43 38 44
42 30 39 26
5 0 34 21
48 32 33 11
31 32 7 21
26 24 1 3
0 26 1 13
43 25 25 40
11 22 47 11
10 48 49 40
47 38 38 32
40 43 44 31
11 19 46 35
13 42 41 44
28 49 16 44
19 29 12 8
23 45 23 23
40 27 26 41
39 32 7 31
38 34 30 30
46 16 22 27
3 34 46 42
31 31 35 34
16 36 48 30
8 34 36 35
15 35 36 34
44 30 22 46
27 20 33 17
42 31 6 7
41 30 33 26
47 31 3 8
37 37 26 33
3 39 34 26
43 25 20 19
16 47 22 33
29 49 31 18
6 46 41 39
43 27 7 33
36 33 22 39
41 28 22 48
40 35 27 34
21 47 2 39
37 42 3 46
34 22 31 39
36 44 0 39
46 41 48 20
10 49 30 4
35 28 23 18
47 42 42 32
28 41 39 40
38 23 4 38
41 27 21 13
45 43 15 9
33 31 25 29
48 20 25 33
12 25 26 42
18 46 28 32
2 11 41 22
14 22 5 16
22 10 31 28
41 23 20 32
5 25 43 17
28 47 22 43
14 23 24 30
11 39 32 26
18 13 34 21
21 1 29 36
37 48 26 41
38 26 22 35
11 22 2 37
42 29 29 30
33 44 28 13
37 30 42 44
35 33 16 18
11 25 29 22
6 41 18 16
30 14 12 19
36 33 28 9
1 20 26 44
10 22 9 16
44 29 18 42
35 29 5 8
3 1 37 28
3 11 32 49
17 43 39 25
14 41 41 28
35 30 10 35
1 3 32 35
40 22 32 28
45 30 28 18
44 18 12 16
0 29 21 2
3 26 11 45
34 39 32 25
12 4 0 34
18 12 41 29
39 33 9 12
22 16 6 36
3 35 9 9
11 9 36 35
47 28 32 48
35 29 9 24
34 30 30 33
5 29 21 33
46 24 9 15
46 28 38 26
47 32 25 49
46 42 27 45
43 39 35 35
14 24 26 43
45 46 29 24
5 34 28 38
35 27 47 26
17 20 38 30
17 9 1 20
37 34 38 25
35 38 45 13
1 27 33 44
42 33 33 10
0 39 34 33
37 40 38 45
41 40 30 40
41 43 22 16
38 38 24 23
41 45 41 21
20 33 39 33
2 34 4 17
45 34 16 27
20 4 29 31
15 42 47 31
46 27 38 29
3 34 26 9
39 45 33 20
49 29 17 32
10 40 18 14
48 29 42 19
37 36 34 31
36 34 34 39
6 28 7 32
41 14 28 43
13 37 5 46
45 31 6 42
38 27 47 39
43 27 37 45
48 49 45 23
41 26 38 29
36 33 29 47
21 24 33 28
40 32 15 15
3 39 40 12
9 13 1 43
3 33 42 30
39 26 36 43
23 31 38 34
36 27 12 33
26 3 42 23
4 29 34 24
9 4 0 47
47 43 45 25
37 33 33 36
36 21 31 11
37 38 9 20
45 24 28 14
2 10 26 47
46 18 39 47
36 32 40 45
0 18 24 46
36 48 3 11
33 21 9 9
8 33 28 24
4 3 17 23
19 24 28 17
41 22 25 35
7 24 36 43
40 36 14 10
41 45 38 22
39 31 44 26
18 22 35 43
37 17 18 43
22 39 38 29
2 21 19 49
7 4 8 23
49 41 24 36
40 30 24 45
29 19 41 27
22 25 41 35
37 30 11 24
14 28 3 15
34 29 43 46
2 27 24 27
36 31 7 49
21 4 14 8
18 46 29 15
42 28 39 33
36 30 39 28
0 21 34 35
41 25 42 15
6 17 16 48
28 11 10 14
17 36 5 45
19 29 17 10
9 30 43 39
39 18 40 28
39 47 11 29
44 33 29 49
39 31 40 35
0 42 17 21
36 39 34 28
37 45 25 38
47 28 41 30
38 28 36 43
39 48 47 27
19 47 47 29
7 17 9 34
36 37 44 31
17 24 31 16
36 25 26 48
31 37 34 31
4 19 6 13
40 22 39 40
48 48 1 14
9 14 9 20
18 23 22 32
33 32 21 12
7 15 42 15
41 27 45 39
10 3 42 26
16 20 20 32
36 30 24 40
15 28 26 49
38 31 41 38
46 31 20 12
4 20 39 27
36 30 28 27
41 25 30 33
13 3 2 38
9 46 41 38
5 9 7 16
6 24 40 37
29 7 40 31
38 27 36 5
43 34 22 27
15 15 35 16
1 23 7 9
19 18 14 16
37 46 32 28
36 30 42 47
32 25 42 31
28 40 32 23
6 36 31 29
38 31 34 36
5 47 32 23
47 14 7 20
31 36 28 11
26 21 10 17
47 39 36 20
27 22 40 34
41 26 25 12
23 36 17 13
41 26 12 49
34 31 18 28
12 30 25 44
18 7 20 13
46 32 15 30
42 34 6 36
47 43 39 31
48 49 41 42
41 39 19 26
9 9 35 40
28 21 26 28
13 42 28 39
23 24 19 27
24 35 7 35
45 27 26 40
34 34 38 22
43 27 17 21
6 13 24 49
37 33 33 29
22 42 36 29
45 46 28 36
1 16 30 34
43 26 20 21
18 34 23 33
35 28 33 22
4 0 28 31
38 28 30 10
7 22 20 39
34 23 11 23
1 6 10 4
30 19 32 36
14 27 31 14
9 29 12 24
5 22 25 42
14 49 18 33
38 24 33 30
31 33 41 24
4 26 15 6
34 46 13 19
41 22 33 31
38 27 46 46
44 35 41 22
37 34 31 25
36 44 43 12
34 32 40 27
40 25 6 24
15 41 30 32
44 15 35 35
45 29 22 44
17 22 29 19
39 36 42 25
44 49 23 26
38 33 14 16
39 43 36 47
46 16 24 6
22 34 9 3
46 44 0 33
45 38 24 28
42 22 22 47
38 25 27 20
2 24 16 14
44 41 8 11
39 14 32 17
16 43 18 46
44 32 27 35
20 48 49 42
16 25 26 45
38 32 7 47
12 31 26 16
4 30 32 35
39 43 16 17
30 12 30 30
20 31 28 48
41 32 43 26
14 21 31 35
12 16 33 41
2 21 41 39
28 35 41 28
44 7 37 22
15 23 46 24
28 22 49 32
49 13 38 27
44 21 29 21
9 41 30 26
40 38 42 25
46 32 49 10
32 33 21 46
36 34 40 27
2 35 21 28
7 22 34 20
11 7 34 34
14 12 4 23
35 28 21 40
13 33 38 25
36 24 37 44
32 34 48 32
3 13 4 40
9 37 39 44
34 33 25 25
13 5 27 26
46 35 12 13
13 43 1 32
20 26 29 14
6 11 21 46
7 34 17 16
15 12 24 24
27 44 11 15
39 27 21 29
20 35 30 29
43 38 36 31
1 28 8 40
1 13 44 26
12 23 26 14
42 21 2 30
43 43 0 29
47 21 10 39
29 47 37 48
40 20 33 14
45 30 10 7
46 32 25 17
44 33 37 30
19 9 25 20
11 30 27 43
46 17 25 29
6 42 37 21
28 29 38 23
46 18 34 21
8 46 10 8
39 31 34 26
16 39 45 30
5 6 25 45
2 5 35 35
21 49 41 23
23 36 47 45
37 29 13 9
3 25 25 42
44 41 25 49
35 42 31 38
11 40 32 21
37 27 43 31
40 45 12 12
11 22 11 15
21 25 35 31
34 29 40 19
36 28 18 22
12 47 24 17
48 41 24 17
4 23 4 15
42 38 27 15
20 47 44 41
4 45 13 25
46 20 1 7
10 29 26 45
37 30 34 36
41 33 39 43
7 12 1 36
1 37 15 18
42 33 3 35
34 31 21 33
6 34 43 44
36 22 40 49
22 21 13 11
40 26 30 25
34 22 18 7
4 15 26 45
42 24 4 19
1 15 34 45
34 35 39 48
15 11 29 34
40 26 16 22
32 19 43 37
25 43 39 28
39 43 26 41
30 43 33 20
43 46 35 45
45 18 35 24
32 44 12 7
21 18 10 5
33 29 12 46
44 27 46 43
12 5 21 20
28 41 39 42
17 39 1 16
44 48 6 0
17 22 44 31
25 44 30 47
8 39 33 48
18 22 25 11
18 14 41 28
46 29 30 11
45 37 29 35
48 15 33 30
16 47 19 43
10 32 40 24
23 1 38 47
28 36 4 27
35 34 42 48
42 40 29 47
32 25 46 49
24 4 23 43
37 27 5 10
3 14 22 42
20 38 21 18
23 24 36 27
3 43 20 13
1 39 35 35
18 13 25 43
36 30 30 27
14 20 36 36
35 30 19 46
42 15 10 24
36 38 47 32
10 14 44 26
21 42 21 29
4 33 0 17
11 4 6 13
13 42 15 23
44 29 37 19
48 26 24 17
36 29 26 20
42 33 15 13
7 33 13 14
48 44 42 39
17 47 4 35
45 40 37 23
