50 1517 13101 800
24 39 13 5
35 6 33 34
17 8 38 19
35 34 42 10
25 7 12 30
30 12 10 22
30 16 23 14
32 37 9 24
37 19 39 8
3 5 25 22
15 42 12 22
41 9 15 18
26 4 9 2
40 38 34 42
30 42 32 32
30 5 34 16
42 8 36 29
27 4 19 14
29 49 16 46
34 38 11 16
41 23 3 12
32 21 20 42
20 48 37 12
47 10 16 14
18 0 16 8
28 5 27 9
11 28 31 28
47 48 14 47
12 47 19 21
31 41 48 31
37 1 37 36
6 49 18 34
43 14 24 7
10 3 23 6
12 24 38 37
48 16 16 12
24 46 39 8
40 25 19 38
48 18 23 27
4 48 42 43
36 8 17 43
13 48 18 42
8 34 13 0
35 13 11 7
20 44 35 9
4 0 42 47
33 29 13 13
12 48 29 43
41 2 40 47
48 10 29 42
34 7 11 46
46 17 21 39
41 9 26 16
46 7 45 16
36 44 18 26
10 3 27 47
38 18 0 9
16 0 38 14
26 45 44 9
28 3 9 41
25 49 37 48
12 39 16 12
39 44 7 12
28 12 15 14
21 46 48 44
24 40 30 39
21 13 14 9
26 29 16 38
37 24 2 15
39 11 6 7
18 3 26 36
45 4 4 31
38 9 37 47
42 28 9 9
9 12 24 32
14 46 47 37
35 4 25 29
38 19 18 14
32 21 11 39
17 43 26 37
23 11 19 45
40 3 9 22
4 46 26 45
35 22 36 10
7 21 16 10
37 6 20 19
11 48 22 7
49 37 20 36
44 21 12 43
27 3 29 18
47 26 7 43
46 30 31 14
30 31 29 16
49 15 12 11
25 23 12 25
15 37 18 40
15 43 20 5
41 8 24 31
30 4 18 16
40 11 47 8
47 1 8 24
23 33 19 37
29 41 21 3
23 24 26 15
22 40 17 24
38 11 45 42
27 3 15 34
7 7 14 19
28 40 33 1
9 11 40 12
17 35 18 40
41 14 17 5
26 42 16 31
42 13 17 12
34 45 25 21
38 13 14 30
14 21 25 40
14 1 30 38
7 46 20 34
39 17 14 42
47 4 15 21
34 7 47 43
7 13 14 14
45 7 27 24
47 0 20 33
1 0 34 17
32 26 15 27
41 16 42 39
29 42 34 38
18 10 37 21
49 11 20 14
34 15 47 13
34 45 29 18
17 45 31 42
7 45 34 8
34 13 42 41
15 22 10 28
19 28 38 39
14 7 38 7
12 49 36 16
23 12 38 36
28 12 23 0
29 14 4 44
35 13 21 7
12 45 29 45
45 13 14 7
7 4 43 39
9 13 24 22
25 18 36 19
39 12 11 14
42 3 24 6
25 3 25 39
10 48 22 48
7 48 28 34
9 41 22 48
43 0 40 45
31 47 15 15
19 3 19 12
31 29 7 22
49 1 18 44
15 45 24 22
36 18 41 44
8 48 24 5
42 16 23 29
37 10 14 34
41 10 13 2
18 20 36 32
40 0 35 6
31 32 46 48
16 33 31 20
36 5 23 12
15 49 24 19
23 30 18 5
11 21 32 25
41 29 31 45
28 2 11 44
3 11 21 49
31 44 16 48
10 2 17 42
48 11 40 30
40 3 27 31
12 3 27 1
20 2 21 25
30 42 9 15
9 45 26 46
7 0 12 14
27 22 13 26
9 47 14 33
47 5 39 17
34 2 23 48
39 11 32 18
24 22 36 46
42 18 9 0
12 44 41 25
23 41 46 42
22 12 47 44
31 31 30 2
31 33 24 18
45 4 23 24
14 44 6 21
4 43 42 17
35 19 36 9
30 46 9 45
21 35 7 2
2 15 6 14
33 14 29 29
15 43 31 6
13 47 26 44
8 47 40 42
22 4 11 15
33 16 26 44
35 38 34 29
11 49 23 35
33 48 19 28
23 36 36 39
33 16 20 20
33 40 41 39
25 25 21 15
33 26 30 7
34 6 33 40
32 5 34 12
23 13 45 11
26 38 7 10
17 45 11 37
42 21 29 6
16 46 40 47
42 44 7 0
21 6 47 44
35 28 6 20
34 34 40 14
27 3 20 17
27 3 11 18
13 41 46 4
15 29 19 44
40 36 17 24
41 44 25 14
35 6 39 34
12 20 25 32
33 31 33 41
10 47 34 43
45 4 6 11
23 13 47 16
23 4 29 19
18 46 11 8
33 28 7 23
8 45 12 43
35 3 29 9
25 12 12 40
39 10 14 15
16 38 36 43
6 46 14 44
44 6 18 47
8 9 3 32
32 10 22 12
33 3 35 34
41 18 15 21
33 47 17 13
36 20 9 5
19 34 5 47
42 12 18 26
7 9 39 43
12 43 15 14
42 20 20 3
26 10 13 7
45 13 30 4
34 18 23 40
45 39 16 21
38 44 9 43
39 2 5 35
26 4 10 48
32 29 21 21
49 13 21 18
9 46 48 14
42 16 22 43
43 14 25 3
22 6 27 38
33 11 10 10
36 12 18 34
41 11 10 44
27 37 33 8
28 3 7 7
29 15 25 33
44 46 16 35
42 33 38 39
10 22 6 21
1 4 22 6
35 46 31 36
28 10 21 48
10 36 17 36
33 0 22 4
12 45 9 15
26 24 9 6
29 8 21 11
8 49 24 37
15 46 37 18
48 1 10 27
46 8 24 8
39 12 12 13
22 3 40 42
36 7 33 32
32 2 40 23
14 47 5 13
3 2 33 43
2 15 33 38
43 27 11 25
24 12 6 10
41 3 47 35
33 14 44 37
7 0 46 31
46 4 26 43
14 49 13 17
12 44 35 8
13 44 26 8
40 9 18 43
18 11 3 36
14 45 34 28
47 5 23 9
29 31 21 9
20 44 11 31
27 29 28 45
25 23 45 13
46 24 12 24
46 20 17 46
45 17 18 32
36 9 26 29
10 44 3 26
17 2 39 16
34 15 27 0
42 23 13 46
42 6 23 21
43 14 24 26
23 18 29 35
25 3 28 8
38 1 18 36
24 29 2 41
26 2 25 38
9 49 11 38
39 49 15 36
13 48 7 27
36 47 13 25
33 43 23 18
33 44 18 44
17 6 19 33
42 3 28 8
23 10 2 24
33 36 37 27
23 40 37 35
28 8 28 39
28 0 24 46
42 22 30 14
49 26 42 38
43 41 14 25
11 47 10 4
11 4 27 10
28 42 16 16
8 6 18 9
38 5 18 33
24 4 8 5
39 15 48 14
8 47 24 16
31 46 24 43
25 4 30 6
43 1 4 3
29 49 46 42
29 3 6 42
21 1 42 38
48 23 18 6
34 21 10 5
44 6 6 26
44 17 20 19
14 48 35 46
17 2 14 33
44 5 30 11
39 44 16 23
46 47 33 40
9 48 7 17
30 49 21 46
13 8 30 39
36 49 18 22
41 2 23 46
36 10 22 26
24 44 13 43
44 15 5 40
41 9 22 37
23 24 20 28
28 28 15 41
27 26 6 1
32 21 36 27
45 3 40 12
39 10 26 42
37 32 18 36
23 10 27 49
49 35 22 31
27 24 21 38
35 0 43 43
31 4 21 2
36 22 41 18
38 6 48 37
41 27 12 18
16 21 11 39
18 48 34 11
31 5 18 22
8 46 28 32
28 12 21 39
35 9 10 34
33 5 44 44
7 2 24 23
43 39 39 41
44 22 37 10
7 43 21 46
12 11 25 44
15 45 34 43
7 10 10 6
16 43 21 16
11 46 19 44
27 42 25 27
12 47 17 43
17 21 40 48
29 6 9 5
19 27 28 5
11 44 18 20
15 6 15 44
30 0 38 39
7 48 47 31
41 23 21 33
5 48 41 35
32 27 18 26
39 48 44 20
21 44 15 16
36 2 33 43
35 30 6 35
7 41 17 6
33 49 6 21
33 9 33 19
44 18 42 41
32 48 26 27
4 2 40 12
33 14 17 29
4 48 3 17
31 34 47 4
2 33 16 26
46 48 39 12
9 45 26 46
45 11 12 45
28 5 21 3
41 36 15 21
13 48 23 28
41 1 3 19
2 41 30 12
35 0 11 4
11 23 20 16
30 35 19 23
44 17 13 6
21 8 25 17
26 31 34 43
41 20 5 7
11 31 42 46
48 12 23 44
37 9 19 32
29 9 31 6
20 5 12 29
33 47 24 24
29 16 45 43
49 5 14 26
26 8 30 6
34 37 26 33
26 44 35 17
27 41 17 39
44 37 21 32
45 7 32 36
40 17 23 32
42 2 33 32
25 1 39 47
41 9 26 13
6 9 36 35
44 15 22 39
44 5 27 6
12 2 15 23
43 5 40 38
32 11 29 29
14 48 13 43
6 46 19 29
47 14 46 38
25 42 11 13
46 42 39 40
26 32 22 26
34 46 22 4
14 5 21 32
32 40 25 16
25 10 8 5
34 37 13 40
40 14 19 11
16 6 28 18
6 49 27 41
25 5 47 39
18 19 26 30
3 0 8 10
17 5 23 35
4 5 20 6
26 1 40 18
39 12 25 44
16 45 25 33
47 7 43 45
36 19 9 14
3 1 15 23
48 24 20 9
40 1 21 45
8 4 21 3
36 16 38 46
45 48 12 26
20 21 38 10
28 27 19 16
29 8 18 32
38 44 18 28
13 7 11 17
4 3 13 37
3 20 24 9
25 10 23 18
4 7 19 38
21 5 13 31
23 6 5 13
46 9 11 6
41 21 34 26
23 8 1 7
21 1 25 43
23 33 21 38
12 46 15 13
42 29 41 6
47 14 6 9
31 16 12 7
14 4 29 3
48 6 0 16
28 48 33 28
48 20 20 14
39 7 45 40
5 45 2 9
29 11 13 38
42 17 46 14
22 4 31 12
34 41 3 10
23 4 20 46
41 11 31 1
24 5 30 22
22 6 24 33
29 1 16 11
31 43 35 40
20 6 26 48
21 48 29 11
6 44 33 3
33 37 42 24
22 48 12 36
14 8 12 15
26 1 28 7
7 45 23 43
30 5 38 35
26 8 29 30
28 12 20 14
32 23 42 40
14 45 43 33
8 16 41 19
13 3 21 14
17 36 27 21
9 46 12 32
25 42 28 26
17 1 32 27
11 49 17 47
44 3 9 13
49 12 17 24
32 20 43 38
34 37 41 39
46 12 20 24
17 44 18 9
3 15 36 10
47 12 28 27
43 7 9 47
42 9 14 28
10 35 20 4
1 3 14 26
24 40 39 35
5 2 26 20
29 49 20 36
37 12 29 48
36 10 40 42
16 32 18 18
29 11 19 37
33 20 21 9
30 12 14 39
10 48 15 1
45 18 17 28
34 2 16 39
22 44 6 26
39 23 33 33
35 24 18 7
28 22 45 20
30 37 12 48
35 47 35 39
8 46 17 39
15 49 16 34
31 37 28 20
22 0 19 37
45 44 14 45
42 3 24 44
45 49 34 40
10 41 21 19
37 8 17 6
49 15 30 9
28 20 9 12
18 7 41 29
32 29 23 43
23 15 5 34
33 9 16 8
14 47 27 8
14 47 13 36
12 4 14 34
37 11 19 1
1 32 21 13
7 48 20 28
30 24 47 44
16 45 7 19
10 44 21 38
12 38 25 40
44 26 38 30
10 45 22 20
33 9 37 47
36 38 45 42
24 31 19 20
17 5 25 43
13 24 25 39
17 33 39 7
26 9 39 9
34 19 5 20
16 47 10 29
36 44 37 39
34 24 22 3
10 5 22 30
31 2 49 46
49 10 42 22
5 47 28 11
28 49 9 10
37 17 17 35
39 6 47 27
30 5 7 36
16 43 13 16
32 35 35 39
49 17 34 33
38 31 26 38
7 46 42 43
29 40 18 46
23 13 34 42
45 2 19 44
24 45 21 9
31 47 31 25
46 12 26 28
30 9 14 28
10 35 36 39
39 17 2 17
7 4 8 38
33 45 28 19
21 3 22 42
40 12 39 39
19 23 11 43
17 48 14 42
12 49 19 10
32 20 16 42
17 6 24 11
6 5 34 40
14 40 45 9
33 36 24 47
48 43 40 4
21 2 28 13
28 2 46 12
30 0 13 48
36 11 33 42
43 9 16 3
43 48 9 34
9 44 7 12
9 0 30 15
28 8 17 31
13 46 26 43
28 10 19 35
23 14 21 6
23 38 12 47
33 9 45 4
31 49 14 24
31 5 30 46
22 3 23 29
34 6 33 46
44 47 32 8
39 17 18 47
42 30 15 44
48 16 18 4
40 18 33 3
8 42 8 7
43 16 23 15
27 0 4 11
6 48 33 32
43 7 18 37
13 39 19 7
49 14 9 14
34 10 16 46
36 15 16 32
36 12 41 40
38 34 27 14
26 37 42 43
1 0 18 43
21 12 21 30
37 34 23 13
47 8 26 34
29 46 41 48
38 30 20 28
13 4 14 27
17 13 2 13
33 13 46 23
31 3 5 1
39 12 4 23
36 48 12 11
22 5 21 9
22 7 7 3
31 49 19 34
33 9 25 23
30 41 16 15
10 49 27 13
26 42 25 31
45 31 13 18
7 45 43 20
14 44 32 46
48 17 19 15
12 47 16 23
33 16 40 44
5 20 27 44
26 19 6 40
7 11 41 45
3 5 38 17
16 12 21 34
22 47 44 13
29 39 11 32
23 0 12 30
33 34 21 32
21 39 11 22
30 22 11 14
3 1 21 10
40 33 18 26
27 7 16 47
42 47 45 43
35 8 19 26
10 4 34 7
3 3 24 32
14 43 2 32
32 48 26 42
3 7 32 4
29 48 5 40
31 6 21 37
49 19 21 31
44 6 10 3
16 45 11 26
6 49 35 34
39 21 5 20
27 5 27 36
12 47 5 9
25 0 21 38
11 8 7 29
28 19 21 43
3 4 31 2
30 46 14 16
46 0 15 47
46 37 1 8
24 36 14 49
29 2 11 45
25 2 30 9
46 31 24 29
46 0 6 4
21 2 25 42
15 7 26 19
32 10 10 34
4 0 33 7
33 9 25 48
9 17 4 37
15 4 45 45
27 45 19 45
17 48 8 11
16 5 18 47
36 13 13 39
18 4 24 41
39 41 11 40
21 4 0 10
9 9 26 36
44 24 7 44
20 38 16 27
18 40 27 27
27 9 28 38
28 45 33 42
36 17 25 14
33 7 36 44
10 14 12 9
13 13 36 7
10 48 29 21
16 41 11 36
19 17 17 13
30 48 37 20
12 13 19 43
32 4 31 31
47 15 31 21
41 18 37 28
26 7 10 48
35 29 20 26
28 2 23 42
14 23 36 16
14 48 26 12
28 8 30 27
13 48 26 16
38 1 10 48
11 40 21 47
35 5 45 10
29 2 13 41
21 25 21 40
30 48 19 45
23 3 42 29
14 37 25 3
16 1 49 6
6 41 25 47
10 46 29 35
30 18 13 16
20 16 19 46
15 6 19 27
30 6 17 28
15 14 33 20
11 46 8 6
46 18 42 43
40 0 16 36
28 18 16 47
40 27 27 21
44 1 15 18
31 9 18 43
23 48 13 16
27 46 26 42
31 6 29 17
39 1 41 4
24 27 44 49
7 3 44 40
30 13 15 18
27 41 7 24
43 14 27 49
33 46 29 30
30 0 19 45
7 4 25 40
8 16 16 36
33 48 45 7
22 29 16 19
34 19 25 18
31 43 14 26
34 4 24 25
5 47 26 10
35 6 22 18
30 1 9 21
30 1 22 45
12 0 12 12
12 15 40 8
18 5 29 41
46 5 24 41
44 31 17 1
48 20 15 37
9 3 9 9
30 3 25 9
37 29 34 41
25 4 12 10
48 16 17 28
27 13 14 9
33 23 29 27
38 5 20 6
26 6 23 44
38 38 15 8
32 41 23 37
34 31 30 22
25 11 38 12
40 10 26 15
43 12 5 20
14 13 16 48
35 4 17 21
11 49 17 11
35 37 13 43
30 43 30 17
31 23 23 4
4 44 41 35
35 24 27 38
32 10 18 7
37 46 31 30
27 49 36 11
41 1 44 42
36 10 18 26
22 5 34 20
27 5 21 19
30 18 15 43
9 9 8 25
28 42 44 43
19 43 27 45
21 6 39 6
28 12 10 32
27 12 28 25
33 5 42 39
45 17 17 17
30 47 36 8
16 49 10 12
18 11 17 43
32 4 40 12
24 42 26 0
22 38 48 12
35 11 29 42
25 42 22 21
42 22 16 25
29 10 26 17
24 27 3 48
26 48 46 27
46 26 41 41
49 12 44 27
48 9 19 17
12 1 27 36
32 12 32 24
48 4 33 13
40 30 27 16
49 2 42 31
47 11 18 20
41 8 32 15
31 42 27 21
25 11 23 42
10 3 44 48
43 20 18 29
37 13 13 7
5 5 23 16
32 42 26 39
3 44 43 40
18 13 46 30
31 4 32 33
24 1 6 15
7 8 19 26
39 39 19 8
23 44 39 13
37 29 15 1
13 12 22 38
27 19 11 27
23 4 43 3
45 24 17 41
44 7 25 13
25 0 42 28
32 25 25 41
24 0 34 16
30 32 42 39
21 43 14 19
24 9 29 11
9 46 33 41
9 41 17 16
34 48 35 4
29 38 16 44
6 47 18 42
46 7 18 6
37 44 18 9
8 49 6 19
31 22 24 20
20 15 16 19
6 14 20 43
47 1 10 14
37 27 38 4
13 0 27 43
36 48 15 41
22 8 10 26
43 2 34 26
0 6 37 14
10 25 21 18
35 7 33 12
18 0 12 44
33 37 14 19
8 40 45 6
29 4 30 13
14 42 38 41
46 6 9 35
7 41 25 31
36 13 44 43
3 23 22 5
5 31 37 43
28 35 26 12
27 10 20 1
9 17 37 35
28 4 35 37
24 38 25 33
43 19 25 45
38 15 28 28
27 7 38 27
37 6 21 32
7 46 38 27
9 46 41 49
36 18 41 40
7 3 12 24
30 37 15 29
36 38 10 23
38 22 34 9
27 42 18 35
33 0 40 32
37 7 12 19
15 3 39 24
11 44 7 9
47 14 22 12
25 29 46 37
27 47 9 49
16 0 20 8
2 7 31 12
37 12 9 2
45 47 32 19
30 38 27 26
35 20 19 48
20 5 17 20
13 5 16 41
49 33 19 11
4 24 0 28
15 8 42 42
44 17 21 35
42 5 16 39
9 8 23 3
45 17 22 9
46 11 40 12
15 42 23 19
8 10 25 34
7 44 5 23
45 38 13 19
12 47 31 20
21 7 44 37
23 47 32 37
20 38 13 12
27 3 27 48
23 10 31 49
49 31 20 30
20 4 33 32
25 44 32 30
12 46 22 37
43 19 7 7
8 48 34 28
37 5 29 30
44 7 48 40
42 2 27 39
48 30 3 24
27 0 21 38
35 43 33 35
12 27 29 39
36 13 9 17
33 11 15 21
10 4 27 12
47 14 21 38
22 28 31 32
23 0 5 48
43 2 14 47
11 44 31 38
6 28 24 12
32 42 22 25
2 37 21 12
15 0 40 42
10 47 30 13
1 3 12 41
37 19 7 8
6 47 35 16
36 9 36 45
37 7 15 41
25 47 44 49
26 49 26 7
40 11 18 19
20 8 45 18
19 18 17 45
41 46 5 14
46 8 23 25
46 19 4 9
18 40 31 19
46 13 22 6
24 49 23 30
22 12 14 45
17 2 15 22
15 44 29 24
12 24 13 38
13 46 14 3
7 9 22 4
19 47 40 35
44 35 9 20
31 15 13 44
18 47 36 33
32 42 13 34
18 49 19 45
49 20 44 40
17 6 10 20
28 1 15 18
13 3 26 33
29 11 37 31
33 2 47 37
32 8 26 6
18 3 35 3
15 49 27 29
11 2 16 5
11 41 48 10
46 14 10 35
40 19 32 42
33 2 34 32
23 7 25 41
30 45 21 42
11 47 33 30
15 40 20 30
38 11 35 37
41 16 33 39
33 3 24 32
48 18 21 38
9 45 27 20
12 49 30 47
37 14 15 17
7 42 26 42
36 26 32 10
10 27 43 32
28 42 26 17
12 12 19 10
38 25 24 5
43 11 13 14
9 44 22 41
31 11 14 14
47 19 20 46
19 3 23 39
10 31 33 38
27 9 19 5
13 47 30 10
31 9 19 17
30 23 15 28
8 46 27 7
32 46 16 4
7 6 12 12
11 5 6 4
20 4 22 13
0 48 34 23
49 9 28 47
37 19 12 11
32 46 23 48
34 28 4 35
28 32 3 20
22 15 17 20
31 15 14 29
22 37 41 45
11 18 12 39
47 8 23 9
22 6 37 47
16 44 19 42
46 15 41 5
13 44 48 42
24 9 19 19
30 48 47 24
46 20 19 37
28 44 15 8
22 23 10 18
8 1 18 19
17 33 20 18
25 5 43 45
4 9 24 11
35 5 24 35
34 15 35 44
36 45 26 35
30 5 17 22
28 46 42 35
14 46 35 15
8 45 9 17
31 40 17 13
45 35 30 19
24 15 34 14
24 7 37 15
46 7 43 35
13 44 21 20
15 1 24 36
15 43 26 11
15 8 10 36
21 7 14 13
30 44 28 19
38 5 5 49
28 0 41 29
7 0 39 12
36 5 26 15
3 1 13 19
48 11 28 20
25 8 47 14
11 3 25 9
37 17 8 47
27 33 9 42
7 2 16 38
31 9 21 10
48 15 28 37
26 44 18 41
31 46 20 20
40 35 11 21
9 49 21 11
49 17 6 15
20 1 43 5
40 16 16 17
8 14 13 17
39 37 10 13
37 22 13 38
49 8 18 48
42 30 19 41
15 40 19 13
34 7 46 23
37 39 14 19
39 18 35 37
20 2 28 35
44 14 32 30
10 48 16 30
32 10 45 39
13 4 23 2
36 5 43 12
3 8 16 35
12 3 17 15
34 18 35 49
0 4 24 31
33 17 18 47
30 4 30 30
12 44 19 23
38 10 21 10
29 12 25 45
4 41 44 48
25 0 25 30
4 8 15 42
45 10 16 20
22 23 15 20
35 32 30 34
17 8 24 11
11 45 17 6
37 11 13 19
13 49 36 11
13 44 22 27
29 24 40 15
38 30 25 19
16 48 22 17
19 4 19 41
9 39 46 11
32 21 7 18
10 0 16 46
37 12 25 42
5 47 1 7
38 4 7 10
13 46 43 9
13 1 33 34
16 6 42 41
40 11 18 23
21 10 28 25
46 1 42 45
23 26 14 47
44 41 17 45
37 32 27 27
27 6 36 34
17 0 14 20
37 8 47 11
40 3 19 23
40 46 22 11
33 17 19 18
26 47 39 28
33 47 38 27
6 13 10 42
7 26 21 20
13 48 1 23
13 3 19 42
32 9 41 25
38 3 9 16
33 34 49 14
46 28 18 20
43 3 22 39
22 35 14 38
10 44 21 29
25 44 18 7
7 20 23 19
6 1 42 2
6 3 44 0
38 15 32 20
30 12 19 14
31 4 18 4
12 48 12 43
9 8 29 34
38 39 38 20
11 49 0 6
20 1 40 9
42 14 17 26
26 45 42 11
13 43 30 3
37 9 11 14
19 27 29 40
31 7 31 19
5 7 15 38
20 48 21 25
31 11 16 10
33 20 21 42
10 48 26 43
23 6 35 47
32 0 16 40
36 4 35 22
29 36 47 10
23 20 8 35
11 1 33 20
41 42 34 18
26 5 19 32
11 22 20 10
32 11 8 43
45 28 15 39
43 15 41 9
23 10 9 1
3 23 19 19
49 6 29 40
7 44 10 29
41 11 18 45
42 21 33 9
39 14 22 35
13 0 12 44
33 45 40 44
5 47 36 15
15 11 28 19
28 41 27 15
28 11 36 33
11 46 21 38
18 7 12 49
6 26 10 16
11 43 38 36
24 5 13 15
12 47 6 48
38 13 26 43
39 10 11 3
9 41 19 9
16 43 40 45
17 2 20 15
16 48 8 25
31 5 20 46
9 45 8 16
46 3 32 40
7 8 28 9
36 29 41 32
44 4 18 44
37 13 11 41
38 35 19 30
0 47 18 28
14 44 20 46
41 3 20 10
12 8 18 46
4 45 12 43
35 1 21 49
39 8 31 41
12 10 28 3
36 25 8 15
26 10 18 20
13 42 43 30
21 46 11 15
16 44 17 11
36 0 35 29
14 15 16 24
27 28 27 6
19 11 29 1
30 33 7 23
47 38 17 38
9 49 35 45
28 0 20 49
26 0 27 28
30 8 33 14
5 3 42 34
15 2 9 26
21 2 47 5
27 48 20 17
46 11 19 17
19 8 48 16
41 11 12 40
23 43 16 28
38 5 36 43
2 15 3 9
12 49 14 10
48 4 40 39
29 48 27 15
31 37 28 9
5 19 4 15
42 2 26 5
31 11 21 30
24 16 8 20
34 32 33 18
27 6 11 47
42 6 13 33
5 3 12 47
0 9 17 31
41 26 13 5
24 45 38 18
37 30 46 37
40 21 18 30
29 3 39 27
2 4 22 34
44 9 20 44
9 44 31 45
14 46 21 49
33 46 1 11
44 2 25 28
48 13 26 46
41 38 10 8
44 1 33 48
30 48 16 20
17 48 32 9
21 22 20 17
28 44 39 10
31 46 24 43
22 40 9 40
26 18 42 48
43 39 25 40
22 1 16 37
18 46 40 25
47 12 18 11
35 4 32 29
15 9 39 28
14 43 19 14
37 41 17 21
39 8 14 20
36 7 34 18
13 40 17 19
8 0 17 48
32 32 11 0
32 30 17 13
13 12 44 35
11 34 33 44
30 11 17 46
31 5 8 10
12 6 28 30
40 24 16 21
34 40 42 14
47 15 36 41
48 7 7 31
48 3 9 38
31 2 24 32
17 9 16 2
28 40 9 13
42 16 1 10
13 5 22 23
46 19 19 17
11 43 21 23
44 4 12 23
18 29 32 10
41 41 31 16
29 42 21 13
8 37 38 45
12 14 8 12
5 46 16 41
14 44 19 23
9 43 15 31
37 41 44 48
20 27 11 40
44 44 22 39
34 14 26 16
27 35 26 43
25 43 46 9
37 14 15 8
17 32 1 43
7 1 38 37
24 40 44 16
44 3 20 38
32 47 18 36
26 22 28 6
38 11 23 45
11 20 16 45
34 49 34 44
23 49 19 4
42 2 29 47
5 20 37 36
41 3 38 47
42 45 38 2
38 21 14 35
35 13 41 41
13 5 37 27
47 12 22 39
37 44 28 13
38 15 14 23
36 28 2 18
24 16 32 5
29 42 15 44
14 48 27 42
37 3 14 42
41 46 3 10
46 16 16 33
40 3 12 25
8 44 16 42
9 48 33 26
32 11 18 22
16 46 17 39
48 26 17 12
25 7 20 22
11 45 11 21
25 13 38 24
28 49 43 14
33 7 21 46
34 29 23 10
21 7 34 47
24 16 21 27
27 4 9 25
6 12 20 26
23 29 10 35
44 16 39 22
13 48 15 21
26 12 19 43
28 49 15 10
45 1 18 28
9 13 45 45
45 18 20 49
17 3 35 45
14 1 47 10
17 34 21 28
29 47 9 45
12 45 6 7
30 11 21 46
11 38 25 42
15 45 49 48
28 3 21 34
20 13 12 24
4 45 30 14
7 16 3 24
34 18 10 25
42 38 20 32
44 5 16 40
13 49 24 26
17 5 28 42
32 6 26 44
21 37 23 41
12 49 34 25
8 6 31 6
