50 141 13126 800
35 45 37 18
44 37 36 31
9 29 44 11
26 45 41 28
27 27 17 10
33 46 1 10
26 11 32 33
42 15 43 28
32 17 9 12
5 31 2 15
36 16 38 30
31 48 20 4
17 36 7 0
37 21 2 0
33 34 42 14
15 32 40 30
24 39 33 28
17 38 35 40
17 19 42 1
24 37 5 3
41 29 38 35
43 48 16 2
31 45 48 11
12 24 38 34
11 33 40 27
28 39 18 19
37 12 5 9
30 40 37 38
31 42 35 30
25 49 36 27
46 42 19 0
26 15 42 34
23 4 37 32
25 40 1 3
40 20 29 26
25 38 2 9
32 44 23 10
25 31 37 30
21 12 29 45
15 30 38 45
20 11 43 26
42 14 10 13
11 30 37 34
26 49 38 32
30 45 37 17
15 25 40 22
25 28 24 10
18 37 38 14
13 39 10 26
11 39 11 1
39 20 4 8
27 18 6 10
42 22 41 18
27 11 25 19
17 25 42 27
29 49 42 15
36 12 23 30
33 22 29 46
28 49 1 4
38 42 16 10
10 33 39 29
37 37 35 1
31 47 35 39
47 26 39 25
34 20 30 0
47 36 18 1
32 46 27 44
14 8 22 19
28 47 3 2
45 14 38 25
3 19 43 22
42 20 28 6
31 40 23 0
35 19 35 14
32 45 42 26
25 43 38 29
17 34 31 33
22 15 14 11
40 21 11 11
35 35 40 9
37 41 25 46
46 29 37 29
29 48 32 8
45 6 45 29
36 41 43 29
34 39 49 16
15 37 33 29
4 24 34 28
14 41 34 33
41 15 37 39
8 23 43 33
31 47 48 17
32 48 13 4
41 44 35 27
36 22 10 7
36 44 2 41
27 47 34 42
29 49 8 15
28 42 0 5
39 19 39 5
37 36 49 7
28 21 2 5
41 20 13 8
25 45 12 7
16 41 40 40
29 49 25 41
37 39 29 8
49 4 42 42
36 32 37 26
38 44 47 6
37 28 34 19
17 26 37 17
30 47 38 26
46 16 38 37
42 20 3 27
20 45 34 43
11 30 11 4
40 10 28 40
20 36 32 29
30 44 31 37
30 11 37 42
36 38 38 24
27 42 38 29
28 47 40 29
41 17 18 2
31 45 39 33
20 29 45 29
25 45 18 10
20 28 34 43
16 43 44 16
35 42 44 31
30 46 30 17
33 42 42 24
39 22 40 30
32 14 44 19
30 49 6 34
49 31 7 16
7 41 31 38
36 17 17 43
16 25 36 14
35 44 41 33
