50 437 16372 800
17 28 45 35
13 23 5 23
19 22 39 40
9 25 47 39
2 27 24 37
1 6 1 39
7 32 46 49
24 10 16 31
48 20 22 32
37 3 42 33
49 10 19 45
16 32 45 34
24 41 32 42
21 35 39 32
32 42 20 29
20 45 39 35
41 32 37 44
39 38 44 3
27 12 27 34
27 38 47 46
29 5 19 28
41 47 37 38
39 33 14 44
23 36 37 43
20 47 49 26
32 34 16 30
15 42 44 40
22 42 26 49
42 31 6 45
45 46 6 42
23 44 2 36
22 40 0 27
20 44 24 32
43 17 28 36
43 25 45 45
35 3 38 12
11 24 3 30
39 43 3 42
5 26 47 42
16 36 41 36
19 45 11 38
24 22 42 43
3 45 19 31
17 15 14 29
15 39 5 28
13 32 18 33
5 29 16 38
2 15 30 41
47 33 35 5
16 39 42 20
24 41 48 41
16 16 20 26
22 33 24 28
5 26 22 23
34 41 39 32
3 22 42 38
19 35 37 35
25 6 2 29
27 0 23 38
19 38 44 48
26 2 43 47
12 28 28 38
24 34 26 12
39 34 1 30
18 45 23 32
16 35 44 40
44 22 28 48
38 9 23 29
31 34 47 36
11 20 31 40
19 47 12 28
27 37 3 34
12 44 31 36
35 25 46 43
45 1 23 30
46 33 25 34
21 35 22 29
23 46 46 43
6 29 27 28
10 12 2 30
22 33 8 45
40 7 27 34
37 36 45 34
20 34 42 37
36 27 47 47
40 32 0 43
2 27 34 13
41 39 25 41
7 27 38 43
10 49 37 47
4 14 1 37
1 2 2 33
29 40 42 45
36 32 21 32
24 48 25 33
46 22 15 25
17 43 40 46
12 24 44 39
32 18 41 40
37 36 18 37
28 39 21 43
41 31 29 40
17 28 48 43
39 30 11 27
2 42 14 25
37 31 16 40
21 29 40 40
26 28 45 2
11 40 12 32
16 43 29 31
11 33 4 14
42 2 10 37
18 38 9 32
18 36 25 38
20 32 49 42
39 7 40 43
18 43 42 33
11 38 23 39
37 35 29 21
46 19 5 27
33 13 23 40
46 7 23 34
22 31 3 43
15 33 25 34
41 18 13 42
32 40 47 33
21 10 43 45
28 15 44 25
20 41 25 31
45 25 26 36
36 40 17 25
8 45 42 7
38 2 8 25
32 23 29 28
3 45 7 35
5 24 16 35
43 40 22 29
48 36 39 43
20 35 9 34
17 8 13 40
9 15 3 28
30 22 4 26
48 46 17 22
7 21 43 37
9 12 7 41
26 32 18 34
15 25 36 31
17 36 41 39
34 9 45 39
41 13 23 35
24 25 24 33
17 45 38 46
13 42 16 35
4 14 7 33
4 33 5 23
40 16 49 45
42 15 44 39
38 32 49 41
40 33 24 29
25 46 46 34
36 2 25 41
7 24 1 32
34 25 36 42
13 31 22 36
32 41 43 42
15 25 40 44
28 36 44 31
39 40 10 16
12 26 6 32
42 19 9 36
10 31 41 48
19 26 47 37
17 24 27 22
49 32 33 42
1 24 42 41
38 32 23 36
41 27 23 34
8 29 7 36
20 33 33 47
41 12 48 38
5 28 32 49
11 22 19 31
17 23 43 41
14 23 21 29
24 22 30 33
13 33 36 36
14 21 6 38
13 43 49 30
49 2 41 35
12 33 16 34
34 42 3 33
40 30 49 12
14 45 28 28
11 32 22 10
26 34 39 38
9 28 38 36
3 5 14 34
33 28 38 39
32 17 46 37
11 27 44 44
21 31 23 17
13 34 12 20
22 48 34 48
27 28 45 35
41 11 14 22
9 23 40 36
9 27 20 33
41 36 27 34
27 21 7 30
0 42 41 34
43 25 26 28
29 28 47 44
15 46 47 47
6 28 5 23
37 0 16 31
18 20 10 35
25 41 24 36
10 40 45 42
39 6 46 43
39 24 32 26
18 34 10 40
18 41 33 49
39 15 28 36
17 31 39 41
37 48 47 38
21 40 27 33
24 32 49 43
47 26 47 48
25 44 44 43
28 24 4 30
47 21 22 35
4 41 5 37
43 44 23 28
19 23 47 38
20 8 45 49
13 49 1 33
6 25 18 33
12 25 19 35
21 24 2 45
41 26 39 42
13 26 26 24
31 21 13 35
1 35 47 47
22 42 46 40
38 9 48 37
2 27 46 43
24 47 39 41
15 33 33 31
15 28 44 15
35 36 40 44
36 10 26 23
14 46 49 42
15 45 41 38
14 26 46 37
12 22 23 36
31 30 24 37
40 45 48 48
8 22 2 18
11 49 29 28
46 32 32 30
13 9 27 37
41 5 22 13
8 25 18 36
7 43 24 17
23 46 27 35
6 39 44 40
30 36 21 18
47 32 27 28
10 34 41 43
20 44 42 42
14 41 8 38
43 41 33 30
47 2 19 29
14 40 44 46
46 33 31 16
13 27 27 32
33 19 47 1
13 27 3 32
11 22 5 19
29 18 8 27
5 19 11 36
38 26 20 27
12 26 9 48
6 44 34 24
20 10 23 35
5 22 46 40
36 34 4 41
7 44 49 46
33 38 46 39
15 23 26 23
14 42 29 29
14 21 8 39
9 31 9 43
26 24 21 34
15 41 39 44
41 28 20 32
43 39 25 31
33 34 47 46
20 46 1 25
17 24 46 44
24 40 6 37
36 45 45 44
22 40 45 36
46 17 24 29
38 32 44 45
17 43 42 35
41 47 4 29
19 31 43 49
47 34 12 24
12 22 8 23
19 11 35 29
14 45 8 38
22 15 26 42
39 39 35 33
34 10 42 42
25 7 48 38
36 43 2 30
29 9 28 35
3 36 45 49
11 25 15 49
16 18 0 37
12 27 6 31
19 46 38 15
25 17 11 30
41 33 26 40
40 32 30 31
17 24 43 38
18 43 24 34
8 24 10 30
23 42 17 35
23 33 23 24
23 40 4 33
8 18 44 33
13 48 39 40
4 22 9 10
20 35 10 12
43 8 36 40
13 28 47 38
0 44 10 27
20 39 12 39
46 8 10 34
10 29 46 46
13 22 1 28
16 30 27 33
13 41 43 35
42 28 11 33
0 1 18 20
34 31 24 34
38 32 0 34
16 24 27 23
21 41 20 35
1 25 6 30
8 29 38 37
13 25 1 37
34 39 46 41
37 34 2 18
35 5 42 43
5 25 18 11
49 5 30 34
15 42 30 26
46 39 48 35
6 29 26 31
46 31 41 39
6 20 48 39
11 32 19 38
26 44 33 34
4 17 21 33
9 37 45 36
30 44 49 45
13 39 48 44
4 34 28 25
14 34 28 37
33 30 43 43
17 49 11 37
26 30 46 41
40 18 46 44
31 5 28 38
29 6 47 41
28 16 32 35
42 16 48 37
12 40 20 31
2 18 5 4
7 40 18 32
20 36 20 31
13 28 40 42
8 32 4 45
36 19 49 45
2 41 45 35
12 42 35 32
41 4 39 47
32 32 11 49
10 12 5 14
7 9 32 33
4 36 40 10
39 32 40 38
20 44 20 27
12 22 41 43
28 10 16 33
14 42 44 40
27 46 44 46
7 32 21 38
12 18 1 34
31 45 13 31
13 26 9 43
14 25 36 46
21 9 43 46
39 31 28 38
26 24 19 24
40 32 37 29
22 49 21 45
0 21 26 28
30 34 10 47
42 27 15 25
32 49 38 43
25 22 40 44
13 40 47 30
3 35 0 44
35 48 35 41
28 43 47 21
8 31 45 45
15 11 13 26
24 36 20 27
18 39 45 36
23 43 40 34
34 43 47 30
10 25 14 37
4 32 5 27
42 8 40 40
14 43 24 36
49 34 48 41
2 44 22 31
42 37 21 16
14 46 31 30
14 19 47 39
6 20 15 45
14 49 5 33
8 20 47 39
