50 918 12204 800
37 29 33 15
46 8 32 35
21 10 41 41
6 17 8 22
30 13 31 31
38 28 17 20
26 17 46 28
43 26 12 8
30 5 20 41
37 27 36 5
30 27 44 23
29 22 17 32
19 17 15 15
26 11 12 34
28 21 7 28
23 14 27 24
21 9 39 26
19 29 49 27
36 22 33 24
22 11 17 39
35 32 15 32
45 19 14 24
29 9 27 21
27 16 42 1
30 19 23 1
36 31 7 30
19 20 17 42
19 12 5 40
46 7 10 18
42 17 6 43
37 31 8 36
20 13 30 24
19 36 13 34
30 6 24 41
20 3 14 28
27 39 26 21
30 15 21 31
37 21 32 43
13 16 11 29
19 23 4 18
47 17 4 29
35 30 17 19
33 11 43 28
22 15 22 40
29 30 29 11
44 20 12 23
28 31 26 23
28 18 11 24
26 22 9 15
30 17 10 11
28 25 25 9
33 11 5 8
28 37 12 39
21 3 41 28
47 13 34 15
20 9 35 18
27 15 24 31
21 5 43 33
12 6 8 28
20 20 36 36
27 14 18 34
46 27 14 30
18 13 6 17
17 10 32 34
23 16 9 16
10 49 6 12
32 4 27 11
21 6 9 34
0 41 18 35
41 11 19 31
12 24 31 39
19 2 32 12
40 23 4 19
14 14 17 44
9 11 22 25
24 23 16 36
18 47 20 8
13 38 22 20
29 22 17 43
30 14 36 35
39 14 42 45
44 33 39 15
37 20 15 35
25 4 27 26
40 1 16 2
29 15 14 31
25 14 7 36
26 7 40 31
17 31 13 16
33 23 22 40
16 30 10 40
47 20 37 46
26 18 15 36
23 16 25 49
43 6 26 35
39 9 9 27
19 17 2 31
23 11 9 15
25 16 47 31
17 22 8 10
20 18 28 30
41 14 17 16
21 6 12 1
27 13 42 28
46 27 1 20
28 23 15 34
45 21 17 7
27 14 30 19
21 11 6 24
38 3 45 28
37 9 13 48
31 19 9 40
24 15 36 12
24 13 7 16
43 24 23 36
48 25 21 4
35 36 46 25
28 9 16 18
34 19 40 42
46 27 35 11
4 16 25 4
45 9 12 37
26 15 18 34
19 10 2 24
17 35 16 30
27 23 20 4
29 18 8 12
19 12 9 8
23 14 19 41
42 12 4 25
15 8 20 21
24 21 19 3
14 21 12 39
29 14 21 28
16 41 32 18
19 8 16 23
41 28 13 6
21 15 39 30
47 2 14 12
25 11 35 39
28 15 14 0
29 23 41 30
27 14 41 33
31 9 9 13
32 17 15 32
23 15 1 35
24 11 17 7
23 16 49 40
17 20 48 31
19 6 11 25
13 32 41 10
37 19 18 48
16 13 37 28
33 19 20 22
29 49 42 21
26 20 21 5
26 22 25 41
30 15 25 9
22 8 18 27
36 38 0 24
22 6 44 15
36 17 24 5
25 17 7 25
13 33 10 2
32 33 36 7
23 8 42 10
24 10 26 19
22 18 20 48
27 23 12 32
15 25 45 29
21 10 10 29
36 5 46 23
28 8 20 35
24 12 22 47
47 22 38 28
23 5 10 3
20 11 35 20
28 18 28 10
28 15 45 31
31 22 9 9
24 14 39 22
16 17 42 27
28 10 10 18
38 0 36 46
45 23 6 19
26 14 19 26
40 7 19 28
41 37 17 34
27 38 46 14
26 7 25 43
22 45 38 48
21 12 5 24
22 6 20 22
23 10 36 41
43 1 20 46
1 16 45 25
19 36 32 32
29 25 37 42
49 16 34 34
48 11 13 43
22 5 36 27
44 23 8 29
37 11 28 23
7 16 18 35
10 15 3 23
29 18 15 35
30 17 14 42
27 15 24 42
24 26 22 36
25 11 26 28
24 18 49 32
16 7 26 29
38 17 44 24
40 23 2 42
27 13 35 34
44 23 12 37
31 6 33 17
21 10 41 33
26 12 26 5
22 14 8 24
33 15 36 25
22 8 3 44
16 13 6 15
35 39 19 21
20 24 14 16
35 17 10 11
26 34 23 45
28 11 24 29
24 11 29 13
9 27 26 32
25 6 12 23
32 29 32 3
29 10 10 18
43 25 6 14
22 11 13 20
26 9 37 18
23 11 7 3
31 22 17 21
29 14 38 29
28 13 14 9
27 24 37 31
22 3 14 17
48 26 11 25
33 13 24 30
28 13 9 28
37 16 12 3
20 4 48 41
23 18 13 10
18 14 14 10
26 17 32 22
25 7 12 39
28 20 33 33
36 14 37 29
17 7 39 37
28 22 19 19
1 15 22 22
19 14 1 36
19 13 32 25
18 12 16 19
7 1 34 21
20 22 1 28
28 27 16 25
45 25 5 29
33 40 11 12
11 41 12 20
25 7 26 33
21 16 29 41
45 8 15 39
26 22 39 28
42 14 13 12
17 9 3 27
16 15 4 18
23 5 16 38
45 22 24 33
23 12 14 28
35 25 20 14
18 18 43 12
13 15 45 44
46 28 35 11
29 16 10 18
41 23 11 41
15 12 8 36
20 27 49 9
32 18 26 7
45 37 34 46
48 4 46 28
26 27 37 32
25 8 27 34
16 18 11 37
45 25 3 42
23 21 45 32
29 16 38 11
42 19 9 24
42 20 11 26
29 17 34 33
23 31 1 42
33 16 39 43
19 9 46 37
31 45 11 7
19 10 27 14
30 18 16 7
19 20 4 22
27 22 46 6
22 16 46 46
28 6 18 23
45 5 35 15
23 11 46 31
23 15 8 47
7 31 1 29
26 10 34 44
35 4 36 44
43 24 11 33
21 10 44 44
36 19 11 38
19 10 38 28
12 18 16 14
29 32 24 27
40 17 8 36
32 14 6 16
45 10 6 24
29 39 9 36
21 21 0 21
30 18 15 16
22 31 10 30
41 10 49 36
28 17 8 33
39 17 33 8
32 16 22 14
17 14 17 42
17 13 31 39
47 6 34 8
26 14 11 35
26 17 16 30
21 9 27 26
18 8 8 36
25 15 17 11
31 12 21 37
33 20 42 38
24 25 17 30
29 22 20 32
34 9 40 40
30 36 15 37
47 22 45 31
5 42 1 20
31 24 43 35
4 20 46 39
33 23 31 32
9 16 47 8
26 6 13 23
24 16 25 21
29 23 45 22
25 22 33 13
35 16 11 8
45 11 14 44
24 16 12 24
39 27 5 42
13 17 11 36
26 7 27 21
43 25 0 46
5 31 47 46
8 19 25 49
12 26 27 23
49 4 22 48
28 12 32 38
21 13 5 29
33 8 22 19
14 16 26 18
35 23 25 30
33 12 3 36
35 19 36 36
47 4 3 32
24 11 36 18
31 23 5 34
9 15 3 44
18 8 18 34
48 7 42 42
44 10 26 19
22 21 11 36
24 10 47 30
19 15 25 14
30 11 14 32
21 14 35 48
18 13 42 42
6 23 19 38
31 7 19 24
9 44 31 15
49 11 11 35
27 19 24 1
24 13 23 28
32 36 12 37
12 22 17 30
46 4 3 36
24 6 29 27
31 29 46 14
15 16 23 5
24 15 6 15
18 24 49 28
35 28 30 39
18 27 30 41
47 22 9 40
34 12 30 9
42 17 36 1
16 17 45 37
26 13 17 48
25 11 29 22
41 21 12 26
22 17 27 35
25 17 46 21
8 9 44 22
38 6 6 28
20 16 14 29
23 18 24 13
31 13 32 29
31 27 2 21
38 21 49 36
24 13 37 36
45 29 11 38
15 45 39 18
40 4 31 18
7 29 29 20
42 4 34 28
19 13 6 21
11 9 21 29
29 19 5 23
18 23 19 32
27 35 6 42
19 21 40 27
24 5 3 35
28 10 37 34
44 34 0 33
10 14 29 35
26 20 9 18
30 30 26 36
22 29 23 21
25 13 41 36
29 9 33 17
25 17 33 35
14 31 6 40
21 7 20 30
20 14 20 1
19 9 14 42
20 20 0 9
32 20 18 41
22 9 40 15
23 10 40 47
28 13 39 32
47 23 41 11
32 3 15 9
0 32 39 45
20 16 47 11
29 13 15 37
27 11 18 16
4 30 13 24
19 14 26 21
26 34 46 28
27 12 0 48
36 13 8 38
25 18 37 41
44 6 18 27
46 0 36 29
20 14 17 24
15 14 9 26
16 13 41 32
41 21 16 11
36 27 33 16
2 44 34 39
17 3 35 13
22 24 21 41
9 18 13 6
21 21 19 27
28 14 24 33
48 18 11 29
15 15 39 41
22 15 16 33
41 3 25 9
14 20 8 25
40 39 44 35
27 17 2 24
49 13 6 44
14 37 25 43
7 30 11 28
22 11 20 1
24 29 46 9
27 13 1 37
41 3 18 37
23 1 44 35
32 3 29 45
47 0 18 27
24 10 19 21
11 5 15 22
23 13 12 12
48 11 41 10
30 19 17 45
24 20 18 16
22 13 27 14
8 22 5 31
12 28 36 32
37 28 14 34
21 12 6 14
23 19 26 24
18 23 41 35
25 16 21 43
10 25 38 14
24 44 15 35
38 24 21 18
27 14 4 40
23 0 19 25
23 14 3 36
26 11 17 41
28 15 3 37
36 9 36 34
43 31 10 35
29 20 2 23
23 29 12 42
32 12 30 0
24 14 25 8
4 28 19 22
35 12 13 31
31 3 23 23
26 6 13 27
24 5 40 32
36 15 6 29
36 7 49 38
19 16 18 39
20 19 5 40
21 11 37 24
34 7 19 29
14 37 44 9
24 11 16 36
20 23 1 37
19 15 4 37
30 19 4 30
18 22 37 9
37 33 21 1
22 7 9 28
28 17 23 45
21 18 39 3
33 15 39 41
45 31 24 23
45 26 17 3
13 22 34 27
28 10 8 28
21 19 27 29
29 18 16 19
23 12 10 49
19 38 8 37
46 6 32 14
28 23 40 27
25 15 48 44
22 10 34 23
19 0 8 21
0 21 27 18
31 12 35 39
25 15 13 48
18 22 3 33
23 17 38 23
16 14 11 0
22 21 8 15
13 38 32 37
20 10 5 48
23 19 3 39
37 27 24 37
20 5 27 10
22 13 26 36
33 33 38 34
29 14 34 35
34 13 29 43
38 31 21 23
14 12 35 48
37 12 34 21
34 22 29 30
23 9 13 26
29 15 6 33
24 16 10 30
16 13 19 26
17 7 41 47
41 20 8 1
37 11 1 10
15 9 49 9
39 31 47 19
42 4 16 25
18 6 49 43
21 11 15 13
47 13 7 22
47 7 17 26
38 7 46 35
46 19 12 40
31 3 36 20
36 24 22 17
21 14 7 3
43 33 30 46
18 30 30 8
26 17 21 43
46 13 7 38
34 19 19 19
26 11 12 33
14 8 46 11
13 23 37 35
26 23 24 33
36 18 13 42
19 9 24 21
21 10 31 39
21 14 14 47
32 34 9 20
28 12 12 31
48 15 27 19
10 38 34 13
24 13 19 12
26 8 8 29
5 23 48 36
26 19 30 13
21 12 37 20
27 11 14 41
35 18 2 4
41 19 6 25
27 12 39 8
32 36 16 38
20 16 11 34
25 16 15 41
13 10 14 27
32 11 6 21
11 16 10 12
20 10 18 24
42 31 8 46
23 26 3 20
25 47 42 26
48 20 10 15
34 16 34 6
47 18 14 32
15 12 12 34
43 26 5 44
26 5 14 32
26 6 20 30
30 27 49 25
42 12 15 31
24 10 29 2
14 20 19 15
25 46 13 28
22 19 4 23
24 43 15 27
30 11 41 35
33 9 12 27
13 33 24 22
22 6 34 41
47 11 42 3
39 30 22 10
32 9 7 39
20 14 16 20
24 9 9 34
49 23 34 28
43 10 6 40
22 31 13 31
20 14 6 22
27 12 22 38
16 48 5 47
27 39 14 38
19 0 42 21
24 12 15 42
33 20 35 25
27 14 33 11
26 11 6 16
26 3 35 31
22 25 40 37
38 20 23 6
19 14 2 39
28 8 20 16
42 5 18 24
42 25 5 30
19 16 32 35
15 7 21 38
42 26 37 1
35 24 26 10
12 23 41 40
15 13 11 35
45 14 17 24
27 15 22 23
27 13 15 38
22 15 23 41
43 17 4 35
34 16 27 33
28 29 35 30
44 3 21 32
27 24 3 37
27 15 13 25
24 42 11 40
9 33 40 12
17 27 8 31
21 12 40 41
17 36 1 14
24 12 20 28
18 13 28 39
23 10 36 11
21 10 44 29
26 9 39 32
37 26 2 36
10 12 37 20
22 7 30 15
23 15 28 3
31 23 40 19
33 12 48 25
17 17 17 43
46 22 18 42
24 13 27 15
31 20 12 26
38 9 8 11
27 20 13 20
33 13 20 24
31 14 30 36
29 10 17 8
42 16 13 29
35 15 19 23
32 12 37 20
43 31 39 25
7 18 28 32
23 15 2 16
29 10 11 28
22 18 17 29
8 45 32 31
41 3 48 28
37 21 26 25
31 30 9 22
32 6 0 29
25 19 34 21
24 17 44 18
28 26 29 21
29 12 43 49
14 15 47 16
20 18 3 32
31 14 11 34
23 39 13 31
30 18 24 14
26 16 46 19
20 31 34 16
16 13 21 4
22 10 35 42
21 26 29 35
30 14 7 1
41 25 36 25
12 11 26 42
9 29 46 43
29 16 2 25
34 26 16 3
19 14 46 41
22 25 48 21
43 8 12 25
26 10 38 9
19 12 37 30
21 38 15 30
36 23 14 37
10 43 19 34
17 31 20 27
19 10 34 12
47 13 16 13
48 2 23 12
22 19 31 15
21 13 26 31
5 25 43 9
32 14 42 32
25 7 19 14
30 7 2 20
20 8 39 26
5 48 12 35
22 12 16 17
26 15 19 33
42 9 34 46
23 35 31 45
28 18 41 28
30 25 31 36
31 15 13 7
9 7 17 43
42 23 10 31
20 11 3 12
27 12 29 18
14 17 3 33
9 32 10 28
15 31 20 38
36 20 47 35
40 19 14 34
46 10 4 18
47 14 36 17
6 10 15 45
27 17 45 31
26 43 5 34
44 13 13 23
39 28 21 16
19 8 8 18
32 21 20 37
43 23 25 23
26 8 18 47
28 12 10 9
14 29 22 23
42 4 20 25
34 5 5 36
25 12 38 42
40 13 20 14
38 19 26 29
32 4 18 2
17 16 15 47
23 22 24 15
13 26 49 44
24 12 34 3
28 15 10 19
22 11 40 33
21 12 9 11
16 5 21 22
31 26 9 32
34 23 5 16
38 0 20 22
26 12 13 12
38 34 47 40
31 18 16 9
37 24 11 40
38 24 45 43
14 27 31 29
21 17 19 28
47 16 15 35
44 17 13 10
43 28 18 11
37 33 41 22
16 6 8 40
20 10 23 46
40 36 36 27
22 13 45 39
47 27 5 31
20 16 8 33
16 39 21 26
45 1 15 20
25 12 34 38
27 7 27 47
24 40 26 37
24 17 42 42
22 12 38 25
19 26 3 30
26 12 18 33
41 3 2 25
47 18 24 33
27 9 8 30
44 10 6 39
41 13 23 35
27 18 9 24
17 10 11 28
25 30 43 24
15 13 12 46
49 7 10 33
15 6 2 44
45 5 9 23
27 4 13 35
37 11 14 41
15 16 45 36
25 10 40 33
29 14 46 14
40 9 31 44
26 13 19 49
24 1 22 18
19 12 23 29
21 13 12 15
20 28 40 18
27 14 30 20
22 14 13 28
45 16 13 29
48 30 32 29
22 10 23 15
21 12 36 48
0 36 25 21
24 13 23 37
15 14 43 35
33 24 31 43
27 15 30 42
25 13 26 20
35 16 34 22
43 1 5 42
27 18 40 36
26 16 18 33
18 16 20 2
40 20 46 10
11 10 11 27
15 12 12 27
43 17 15 46
20 17 17 46
19 6 41 48
26 15 26 21
30 9 5 12
27 18 9 33
32 12 24 22
41 17 26 24
37 12 14 26
49 19 37 20
26 12 38 45
11 13 28 35
20 14 12 23
20 16 4 18
15 32 1 28
24 15 4 15
34 15 21 21
21 6 31 46
39 7 40 31
45 15 25 32
17 13 7 4
35 28 6 34
28 16 13 22
20 17 13 27
14 22 49 6
12 26 18 39
41 20 11 29
46 29 12 28
36 23 3 40
27 39 15 22
18 13 21 28
48 22 30 32
24 7 25 23
25 11 13 0
45 5 38 43
24 9 11 24
27 49 46 1
35 27 10 39
48 9 48 30
18 13 15 30
15 20 39 37
