50 938 14686 800
43 20 35 7
31 40 32 22
22 2 32 25
20 21 7 37
38 7 36 19
40 1 7 7
36 27 18 21
37 23 31 10
27 27 12 34
27 39 34 21
21 22 6 8
43 4 38 47
6 7 24 31
29 29 24 26
29 28 15 43
41 19 33 23
7 14 34 9
6 4 33 17
30 31 7 15
49 5 3 11
26 5 25 23
15 32 15 39
12 4 12 39
32 20 8 17
14 18 37 6
6 8 8 20
17 13 7 18
7 31 38 25
38 9 36 14
17 36 6 14
7 15 6 37
18 16 33 19
19 20 7 46
4 11 10 22
23 27 15 17
21 15 7 27
31 0 35 17
15 16 19 19
33 9 10 40
37 12 34 24
34 5 20 25
10 41 9 34
7 10 37 1
23 6 41 4
21 22 32 20
4 8 17 4
42 6 13 34
9 32 43 5
20 25 1 26
42 33 36 23
38 11 23 45
5 24 16 30
35 7 23 27
31 27 11 13
48 3 31 25
42 7 10 14
45 13 37 34
8 24 9 14
30 45 26 14
27 35 29 15
27 12 34 7
24 19 17 22
27 20 20 12
13 19 30 28
26 25 17 15
13 11 37 22
45 8 40 9
20 34 21 30
10 18 44 9
37 4 29 20
49 12 13 16
29 27 17 49
30 16 21 33
26 6 41 16
17 26 37 8
29 7 8 5
42 30 19 28
39 12 9 31
48 17 8 13
22 27 19 20
10 5 19 33
38 3 39 9
8 6 11 15
6 10 31 6
22 46 1 44
19 20 35 24
8 6 0 42
29 32 38 9
13 30 20 38
27 22 29 42
5 0 8 34
41 9 14 28
10 22 11 16
23 39 11 19
3 24 34 30
1 8 35 22
43 3 35 9
23 36 13 49
19 6 24 47
41 3 3 48
47 2 9 15
49 14 44 27
13 20 30 15
31 21 12 15
34 14 38 13
33 38 34 7
36 6 35 13
21 35 47 11
22 27 34 21
28 18 15 28
37 19 37 44
14 31 24 21
35 20 33 11
17 19 49 38
40 7 28 12
1 7 15 41
36 0 31 43
5 5 33 21
35 16 9 11
32 23 22 28
2 6 6 18
47 16 32 40
1 39 16 44
31 3 36 25
35 16 7 18
28 41 37 46
29 12 32 16
6 1 36 8
9 28 30 31
35 17 22 9
7 10 37 2
45 14 39 0
30 24 22 41
17 2 33 44
10 4 9 10
47 4 9 32
42 15 12 11
18 29 33 8
22 24 24 46
45 8 32 22
40 31 34 29
38 4 2 28
19 26 40 16
37 4 37 14
10 11 8 32
9 36 4 27
25 20 42 48
36 1 30 17
6 21 5 40
39 9 38 18
45 4 29 8
21 30 6 14
13 28 14 48
11 4 27 22
33 20 8 46
47 6 31 42
42 14 13 15
46 13 44 16
48 4 11 39
13 10 20 9
47 13 31 13
39 2 5 9
29 8 26 14
44 5 14 34
14 11 27 19
33 25 7 18
16 37 9 19
3 16 37 7
41 14 37 11
19 47 29 17
38 16 42 7
11 5 43 9
43 8 36 46
26 1 32 6
28 4 0 44
38 19 41 25
34 9 14 29
4 7 31 0
20 40 13 30
40 16 14 34
21 24 17 38
5 30 16 35
5 28 37 2
40 4 5 28
27 21 21 32
41 5 8 13
23 29 40 5
46 11 7 49
42 11 16 33
7 0 33 17
11 3 35 8
30 8 6 15
49 1 23 12
26 22 33 15
24 17 34 8
18 33 5 18
17 10 28 23
48 3 10 18
26 25 43 44
33 2 18 24
5 6 30 42
24 23 7 34
32 19 33 2
19 24 44 3
46 18 9 45
34 8 18 34
2 2 31 16
8 45 34 11
12 8 31 20
37 4 15 49
4 20 43 37
25 31 2 27
32 22 29 32
22 29 9 44
6 3 34 17
32 22 14 3
31 29 8 18
41 10 33 16
30 26 33 7
18 42 35 13
4 6 37 12
12 24 38 3
39 18 16 17
15 26 4 35
5 17 38 17
1 19 33 10
34 12 8 17
21 16 24 9
34 16 10 12
43 5 35 24
30 14 30 9
13 19 8 22
34 11 27 33
0 10 22 27
5 42 35 5
41 10 27 28
26 23 32 24
28 6 41 21
40 13 24 1
18 22 5 31
15 35 36 22
23 18 9 17
37 19 37 9
37 23 8 15
21 3 38 37
11 18 14 48
49 14 39 11
2 11 38 2
25 35 31 5
1 0 9 11
38 22 4 17
37 24 37 16
2 8 3 49
48 16 8 10
33 3 16 13
6 7 22 27
40 6 35 14
24 49 37 11
16 21 13 34
33 33 30 26
49 6 36 8
22 29 16 18
37 14 6 44
32 13 25 10
31 8 7 27
37 8 34 47
39 20 12 22
9 30 26 28
13 27 49 23
36 0 11 13
28 25 11 14
13 1 24 49
43 2 31 16
38 19 33 31
6 6 44 17
12 26 34 17
43 11 28 9
21 28 38 7
47 3 6 15
14 44 16 7
40 12 31 22
30 35 10 18
2 19 36 22
3 13 37 23
49 0 19 49
35 30 11 27
42 6 18 17
22 27 30 21
33 33 2 9
44 7 37 11
46 15 34 24
48 11 21 37
28 9 17 41
48 2 10 17
25 49 10 47
22 34 31 5
21 22 16 8
32 13 38 13
42 11 3 34
12 9 35 25
26 13 38 10
6 24 31 39
10 15 41 22
20 40 33 12
23 28 35 20
33 11 32 28
14 29 10 31
40 0 28 14
15 17 31 6
46 22 15 14
1 0 8 21
5 16 11 45
46 5 38 15
9 4 26 18
12 3 8 14
6 47 9 14
25 44 12 39
43 5 24 24
31 4 7 10
43 12 40 15
42 6 10 15
11 24 8 39
47 3 31 37
45 4 35 5
1 18 40 12
21 38 38 35
30 7 31 21
30 6 5 32
22 45 15 31
16 33 1 47
7 4 17 24
15 1 34 6
30 27 32 1
14 8 10 39
12 38 38 10
28 28 12 16
33 30 23 39
44 11 2 19
10 16 13 45
17 17 41 13
35 15 11 22
24 33 32 25
22 5 10 18
16 31 23 14
33 5 38 9
30 19 32 25
46 11 4 27
49 5 40 11
25 18 37 7
1 14 31 8
23 32 39 15
12 0 19 20
12 15 8 31
4 32 15 22
41 9 38 36
31 36 7 11
33 26 37 9
11 21 9 15
49 3 15 39
12 31 32 12
41 25 36 11
29 34 43 39
0 17 1 28
35 23 36 16
39 5 33 23
1 14 29 10
26 7 30 45
9 17 38 13
40 13 18 32
11 19 35 21
30 20 10 12
41 0 8 17
36 24 19 16
38 28 37 9
38 26 5 16
25 14 27 25
26 29 17 46
37 9 37 27
33 28 43 3
13 23 37 3
46 9 25 18
11 23 42 13
23 7 40 46
31 21 11 15
47 9 31 22
30 42 37 15
7 36 33 7
45 2 39 7
35 5 48 4
39 3 6 16
27 26 13 49
23 11 19 18
11 2 30 4
41 0 19 31
6 16 13 26
19 27 25 20
7 40 12 21
39 2 33 7
29 17 45 1
5 26 17 32
26 19 15 7
37 11 35 35
38 14 5 47
31 24 33 5
8 8 34 21
22 23 40 12
4 29 27 18
34 4 2 31
36 27 39 9
7 0 27 25
49 8 9 16
1 9 11 14
0 0 19 0
38 6 33 6
15 26 38 11
23 23 33 22
47 8 34 27
34 11 7 17
17 22 34 22
24 26 6 30
27 28 16 9
40 25 38 13
47 17 39 26
27 11 41 14
10 1 32 7
28 32 6 13
38 1 38 18
39 26 35 11
45 12 8 16
16 21 34 7
8 29 27 25
1 0 45 45
18 24 29 16
23 25 30 21
19 34 22 40
27 30 24 3
40 5 12 16
28 18 15 19
20 41 9 14
0 41 17 17
26 16 3 44
35 5 32 12
9 32 35 4
9 25 9 13
49 1 10 16
12 32 31 23
24 31 37 34
39 27 2 20
6 5 29 30
39 12 23 21
15 18 41 26
27 29 32 39
28 32 9 15
26 21 17 15
43 1 20 47
4 22 30 11
0 19 32 25
39 1 2 38
1 26 32 20
16 14 15 35
44 9 30 47
26 10 35 14
47 4 18 14
34 34 4 34
45 4 4 15
12 30 4 33
29 35 26 24
43 2 34 22
2 18 40 20
10 24 8 39
29 28 40 18
29 21 38 7
27 31 36 0
1 2 32 16
7 7 9 44
6 5 34 45
44 4 10 12
6 23 31 14
22 30 3 34
12 1 8 13
38 10 15 38
38 29 34 22
2 6 10 29
12 7 36 23
37 3 36 11
37 12 21 5
38 5 43 45
48 5 17 39
41 9 37 21
14 44 49 29
43 10 43 25
48 3 39 16
39 4 6 19
4 4 36 21
16 27 32 20
26 8 8 37
36 32 46 18
16 40 14 31
34 26 49 16
34 5 37 20
39 5 34 7
16 24 5 13
42 7 31 18
28 25 34 17
33 35 8 16
5 23 11 22
42 19 17 11
49 8 32 21
6 5 41 22
9 24 6 13
34 23 15 27
19 11 23 14
14 18 39 6
34 15 30 9
33 2 33 23
45 1 34 10
37 7 14 38
34 7 38 16
33 34 10 22
22 9 11 29
32 2 8 15
49 5 6 11
37 2 35 47
24 37 10 34
15 30 0 43
13 24 18 43
14 10 9 15
9 6 32 22
4 26 12 48
0 3 7 49
37 8 5 25
48 1 35 6
6 5 11 12
24 14 45 13
35 33 25 22
32 9 19 20
3 22 33 23
18 32 38 34
33 16 4 34
5 15 9 12
38 12 13 13
6 0 30 48
35 12 30 6
13 42 10 14
39 17 26 9
17 28 8 22
29 36 31 22
37 19 9 31
1 0 32 4
39 0 22 48
5 5 10 19
26 12 34 23
23 28 39 13
14 20 19 32
16 4 9 38
15 21 9 26
26 26 34 15
16 26 46 25
11 0 40 37
0 1 20 32
14 29 10 14
36 6 12 25
44 1 8 15
43 3 32 17
22 44 26 42
27 19 40 4
47 8 6 12
22 26 10 19
46 9 12 29
35 38 36 14
38 13 22 26
10 13 21 27
42 7 31 44
15 10 30 7
32 19 35 1
0 25 15 8
30 3 21 41
43 8 11 17
6 5 29 0
23 30 33 14
24 25 30 13
28 25 37 8
32 26 6 8
27 41 15 31
12 2 47 20
14 31 34 24
49 2 2 12
17 30 30 18
21 0 29 21
28 34 30 18
31 29 5 15
30 25 7 17
24 1 23 41
37 16 37 7
28 20 25 25
33 14 14 35
9 4 18 17
37 0 40 20
27 24 39 10
42 18 27 30
38 9 5 31
22 28 39 29
7 42 22 20
48 2 26 0
26 29 11 46
38 27 6 28
16 18 8 15
16 19 14 32
23 17 42 14
8 4 12 20
18 42 13 14
36 26 21 2
33 14 13 27
15 15 20 40
39 1 41 19
14 6 34 13
26 24 40 7
23 24 26 42
12 29 12 40
33 0 40 11
22 48 33 6
23 24 8 13
41 5 9 32
12 4 41 8
12 4 4 30
34 12 34 24
18 23 38 10
3 5 10 34
11 8 20 11
12 19 40 10
32 11 5 17
46 11 32 23
49 7 47 48
16 20 7 20
16 36 5 13
18 28 35 5
38 22 6 28
35 18 11 31
41 4 37 21
33 5 31 44
13 1 12 23
19 19 46 39
38 3 3 30
10 18 35 15
35 23 33 38
44 15 23 23
40 7 8 30
36 6 27 41
46 5 20 15
32 20 9 13
33 23 36 8
32 22 34 13
41 12 38 20
5 15 37 6
6 3 34 20
0 9 41 30
15 42 42 8
2 2 15 15
5 16 36 4
9 35 39 9
41 7 12 32
48 6 30 24
22 4 35 22
39 7 8 16
47 15 35 39
39 9 19 18
27 23 34 12
23 29 8 7
43 12 23 24
36 25 8 11
33 5 13 30
18 3 30 23
23 19 13 32
46 2 17 44
22 11 32 17
18 31 35 10
4 8 35 38
9 49 16 21
46 6 36 16
49 11 33 12
23 23 26 0
18 22 39 40
27 10 39 12
4 14 38 18
35 9 7 15
30 2 13 15
26 23 20 15
29 25 32 17
25 33 12 27
30 15 9 44
30 17 3 18
24 38 2 8
44 3 9 14
21 13 35 14
11 15 38 3
32 4 24 24
16 36 42 36
44 24 35 14
35 9 23 15
9 4 34 10
36 37 33 6
10 0 35 26
36 4 35 39
14 3 21 32
39 4 35 19
28 24 29 16
15 38 25 16
19 1 19 24
20 26 39 34
2 7 31 42
19 22 37 20
19 30 42 16
46 12 18 39
11 24 34 22
14 22 10 11
36 2 14 33
37 12 35 24
21 27 35 44
29 17 45 5
30 27 11 24
41 18 30 3
5 2 20 44
11 19 9 36
39 4 11 25
0 11 9 15
32 10 15 17
7 10 31 20
11 38 9 16
16 38 40 16
27 16 8 23
9 13 24 17
27 24 13 41
7 4 44 26
1 1 23 39
45 8 15 47
32 1 3 38
34 0 19 24
22 21 38 8
41 2 14 37
33 22 11 22
45 2 6 26
45 15 38 10
32 36 34 13
16 3 33 17
36 24 10 22
11 9 10 49
22 22 35 18
3 34 34 35
37 18 45 9
33 4 6 10
46 12 18 19
23 25 12 33
30 2 22 8
38 11 21 3
42 17 33 16
32 43 39 7
29 26 17 35
41 13 38 11
13 23 45 10
47 11 18 48
47 10 8 19
11 3 29 31
12 4 30 17
45 8 6 20
29 21 40 13
41 20 36 16
36 23 8 30
15 27 7 30
24 36 28 44
1 5 6 16
37 3 45 40
44 21 32 11
37 3 35 9
34 16 21 6
9 7 39 4
15 30 34 23
8 3 7 17
49 1 5 37
12 48 8 21
18 42 11 15
18 13 4 31
4 7 36 15
4 1 46 14
41 20 32 5
43 19 14 32
33 21 11 14
33 1 13 18
46 17 2 24
40 8 10 29
31 6 2 22
35 25 36 3
39 1 30 23
24 33 16 40
27 25 22 14
24 22 20 23
0 0 29 24
36 12 43 41
5 40 40 33
2 17 3 13
5 6 7 33
14 28 8 14
41 9 14 10
41 2 14 19
10 39 30 14
25 11 31 15
37 17 39 4
49 8 30 21
7 0 28 27
38 10 19 32
35 6 26 22
47 11 30 11
29 29 34 25
22 20 2 16
30 25 36 13
43 10 23 16
9 14 20 38
12 41 34 14
23 41 19 13
45 3 40 31
3 16 35 20
38 4 34 23
30 29 12 38
14 5 18 27
29 24 37 10
38 16 41 11
6 26 33 8
38 18 34 49
2 1 41 14
16 25 3 13
49 10 18 29
45 6 31 8
38 2 25 47
30 38 8 15
1 31 24 17
14 12 1 48
31 16 13 7
24 47 32 22
8 2 10 15
34 10 5 17
10 37 33 7
16 19 10 27
2 2 10 14
22 17 15 38
4 5 5 29
41 6 18 29
46 9 20 47
45 7 28 10
35 27 10 17
17 18 8 35
3 17 12 38
21 25 14 8
23 25 32 24
23 20 30 45
42 6 19 49
37 14 41 8
45 4 19 33
29 36 13 27
29 20 14 1
43 15 24 43
47 21 36 6
4 49 16 20
41 20 34 21
26 43 19 11
39 18 12 29
11 3 35 7
40 4 36 24
47 6 23 14
38 13 32 21
37 18 26 10
48 1 38 9
14 21 20 14
20 29 36 17
3 6 0 39
23 40 34 23
40 6 39 26
27 22 23 2
25 34 29 37
27 24 40 10
26 29 44 11
19 29 31 11
35 28 35 9
41 11 18 26
7 2 31 7
38 11 30 12
47 10 10 36
40 7 32 9
42 7 14 24
28 13 34 7
35 3 30 22
45 35 37 6
48 14 33 19
13 21 27 39
30 32 38 37
41 1 49 8
25 22 33 7
49 6 22 34
44 4 20 25
19 49 25 10
26 5 38 20
0 45 26 26
31 24 7 29
5 28 23 10
29 10 17 25
10 3 38 11
37 16 1 34
33 34 12 27
3 5 13 28
6 36 6 23
35 41 37 9
31 14 40 3
5 16 20 28
3 0 12 35
6 6 11 31
33 20 1 48
36 14 22 18
3 8 14 6
0 6 1 39
18 27 28 7
48 13 16 42
19 0 10 18
25 27 12 22
26 13 32 11
18 20 38 2
21 14 36 10
9 0 26 45
34 22 30 24
43 8 34 15
40 10 38 13
22 27 6 12
26 28 13 12
47 7 41 17
28 20 23 7
25 31 17 34
2 2 14 43
12 2 23 31
25 41 39 0
34 3 30 41
3 32 31 23
