50 354 18270 800
4 45 33 41
6 17 13 8
26 33 29 38
7 49 33 26
1 5 23 9
11 26 27 4
2 5 14 6
22 45 10 32
0 7 41 13
21 18 35 33
10 8 29 46
31 16 19 0
27 20 2 25
15 39 28 13
12 11 15 14
10 4 26 5
27 48 6 29
25 20 26 1
18 17 25 22
23 14 43 25
12 23 13 8
30 30 4 33
18 29 17 17
14 19 44 24
22 17 27 19
20 6 17 8
11 49 37 45
42 18 20 7
15 5 36 8
25 13 37 6
11 22 44 10
21 24 35 33
10 40 34 11
36 17 13 34
22 20 14 4
28 19 44 14
18 32 9 35
1 29 17 32
5 12 13 14
39 35 36 37
16 20 34 34
18 46 16 8
24 23 15 3
23 31 17 11
28 5 32 14
30 10 10 36
6 11 18 1
35 21 15 30
14 31 40 38
9 19 35 0
3 0 17 1
23 18 10 3
31 9 7 28
17 26 25 2
8 27 38 44
25 17 23 1
14 16 40 36
22 20 43 47
6 27 24 6
18 17 13 24
9 12 33 15
28 25 41 43
16 8 19 21
32 29 35 2
23 19 44 45
27 41 20 37
22 21 22 41
5 49 41 21
24 14 21 12
20 19 9 34
18 4 22 3
22 16 8 32
36 16 32 7
4 19 38 29
27 14 28 40
17 22 36 25
22 18 20 4
13 18 10 0
27 18 48 29
28 18 8 27
39 23 7 28
32 27 40 17
31 42 10 36
25 47 43 37
0 10 20 4
18 20 4 15
12 21 23 4
31 32 41 37
25 40 12 9
3 1 13 1
26 26 1 30
16 13 40 9
21 16 44 43
4 6 8 1
29 42 14 2
35 18 22 42
7 46 24 9
0 8 15 4
21 26 16 12
15 32 22 0
35 22 39 38
5 4 38 11
23 9 18 3
24 29 8 36
28 40 4 30
21 16 32 16
23 36 5 5
1 43 6 28
4 0 39 37
25 36 35 10
20 18 32 29
2 35 41 22
9 21 41 25
45 38 34 15
40 18 6 23
23 21 29 41
19 15 17 11
1 33 43 48
27 25 36 12
24 15 33 48
27 18 15 3
24 19 36 34
25 20 36 13
4 2 12 7
27 33 29 8
3 5 45 41
9 26 14 32
5 45 31 38
37 48 15 24
3 10 37 32
20 15 33 46
32 16 16 36
17 39 10 11
19 18 19 4
12 16 13 30
6 15 42 13
20 11 26 30
25 19 3 27
3 12 38 17
19 14 36 7
48 22 11 33
0 3 5 30
5 38 25 4
19 17 1 40
19 20 11 33
36 22 6 4
21 23 39 45
25 24 45 10
26 15 5 5
3 9 33 42
2 4 26 18
33 25 31 45
21 34 11 34
4 7 46 39
8 18 29 0
28 23 14 8
40 27 14 8
23 17 37 37
18 15 40 36
35 10 31 24
28 34 11 7
19 17 22 5
5 8 24 0
19 19 47 49
40 17 37 25
24 36 28 28
1 6 24 9
14 21 38 46
22 24 24 4
42 5 13 11
8 42 44 40
27 30 29 8
11 10 31 40
19 18 24 7
15 19 40 46
16 7 31 15
2 15 8 28
15 27 20 17
29 40 45 21
11 10 8 30
25 46 32 41
21 18 34 32
0 10 34 5
32 5 27 39
10 16 13 4
17 17 24 10
38 20 35 13
25 12 23 25
31 49 37 13
20 19 29 27
4 6 43 37
34 8 14 36
33 19 30 6
3 6 24 32
25 18 32 44
29 10 11 34
19 20 19 36
11 34 27 26
39 27 20 14
36 18 38 48
37 23 21 4
29 26 26 17
10 49 29 27
31 9 33 14
2 5 40 11
19 18 31 11
22 17 28 39
20 17 24 2
25 18 38 3
1 7 11 33
15 42 12 38
29 24 34 31
25 47 39 28
28 26 37 43
6 15 34 4
2 41 24 19
21 20 4 35
1 1 6 35
21 27 46 33
12 7 19 12
4 22 18 35
15 28 48 19
28 14 9 32
23 26 39 6
21 36 14 0
29 21 30 37
28 20 18 6
28 48 15 16
44 7 41 46
3 27 29 38
18 33 42 44
21 15 18 40
22 19 41 48
21 17 9 40
20 25 26 41
19 23 46 39
7 46 26 5
21 17 13 5
3 36 30 25
32 25 37 13
23 29 20 10
18 18 38 7
29 14 38 38
14 33 40 41
21 25 44 24
12 20 38 31
17 25 13 4
13 45 8 33
32 29 0 25
8 5 40 38
32 42 43 17
6 0 41 34
17 16 12 9
27 19 23 36
30 16 40 10
29 17 13 34
18 1 16 31
14 36 20 14
24 15 42 41
39 27 36 41
35 25 6 28
25 19 34 10
24 19 26 32
23 17 12 28
21 16 45 12
22 9 34 13
22 38 47 42
25 19 34 8
3 4 4 31
23 21 38 6
12 44 35 37
28 32 32 6
12 10 47 19
23 22 3 31
36 17 30 19
23 20 16 4
16 18 20 1
4 36 14 3
19 14 22 4
6 9 36 30
20 16 25 4
43 22 2 27
2 19 17 1
21 25 26 0
2 4 8 29
28 21 13 1
19 14 45 11
21 16 34 30
21 16 33 0
10 21 39 48
25 7 8 30
16 42 20 11
23 18 22 13
6 14 28 31
8 22 39 25
23 16 16 13
22 20 28 15
13 0 43 40
1 4 10 25
33 21 35 45
28 11 30 3
21 16 34 6
22 11 32 38
3 45 30 4
12 48 35 28
7 1 23 11
20 20 38 37
26 16 16 32
21 12 6 9
22 18 39 16
9 41 9 24
9 37 4 30
19 17 13 7
31 27 43 33
4 2 8 28
3 21 3 32
21 17 21 42
21 12 13 26
22 22 2 33
23 41 40 40
26 19 23 29
19 28 14 36
34 18 22 8
21 15 15 34
18 34 14 3
21 14 43 30
10 9 7 26
21 19 13 8
22 18 19 32
2 4 23 9
17 15 20 9
39 42 24 3
19 9 34 39
32 25 15 4
12 33 36 15
23 19 42 24
31 19 29 5
3 11 29 31
14 12 22 21
15 23 40 42
1 39 48 38
20 16 43 27
21 33 23 10
12 18 37 29
21 24 21 3
33 12 21 0
27 16 40 26
25 18 48 37
15 21 17 31
21 21 25 4
17 27 18 9
11 29 45 3
19 18 40 37
29 14 34 45
