50 758 11073 800
29 9 1 16
48 2 21 12
16 13 3 12
10 5 3 37
7 17 13 26
43 45 40 19
27 10 49 29
24 26 44 25
23 14 37 30
49 43 34 32
17 16 30 15
20 19 46 43
31 15 49 5
16 7 42 24
42 39 27 18
17 12 9 10
23 16 6 7
1 4 49 38
18 45 3 11
20 27 26 20
16 14 9 18
19 14 33 9
43 20 48 45
33 12 22 34
35 9 30 14
34 6 45 4
49 47 48 25
3 41 15 26
18 18 19 12
33 10 43 45
6 39 42 8
36 8 10 29
29 8 11 32
9 46 42 4
42 24 38 29
33 9 48 7
14 12 23 6
19 12 45 39
23 26 27 27
45 39 6 8
20 17 46 40
29 12 10 26
22 35 41 11
3 43 35 41
9 47 11 21
27 13 47 6
2 35 47 45
18 31 43 5
21 13 44 7
4 43 47 0
37 3 30 10
37 5 42 41
8 43 47 2
18 23 48 19
11 14 49 44
20 37 4 10
29 26 6 12
17 11 41 10
18 12 6 33
20 12 10 10
45 32 45 43
20 36 45 34
49 41 8 36
7 43 21 44
15 15 40 48
1 8 32 0
31 13 38 31
26 5 17 6
17 15 9 24
18 16 47 5
14 8 19 43
31 23 44 2
19 32 8 13
10 41 49 3
43 40 26 29
47 40 29 31
43 41 45 25
44 39 5 17
1 43 42 29
14 16 7 13
6 41 22 6
35 16 40 24
17 29 41 2
18 14 8 10
25 32 49 12
37 10 11 26
23 24 15 21
19 32 16 8
16 12 47 0
39 11 32 32
15 38 30 22
22 29 49 37
46 32 1 10
29 26 2 10
30 22 6 10
41 31 47 4
47 39 34 30
47 22 9 7
22 31 6 10
21 16 49 46
12 37 14 9
17 15 45 33
28 11 44 5
46 7 46 40
8 41 25 30
10 35 37 36
11 10 39 25
31 6 27 21
19 32 40 12
31 11 19 15
1 8 26 22
32 5 32 20
26 17 44 45
39 42 14 25
20 15 46 27
17 32 49 4
48 30 12 21
6 39 39 25
48 39 1 5
44 12 5 9
35 6 13 5
20 16 19 37
31 15 28 9
17 17 30 14
24 30 41 34
26 37 9 7
31 10 24 14
15 7 10 10
20 16 13 30
22 33 43 21
19 14 46 43
26 14 11 8
22 18 16 28
16 29 10 23
30 25 7 26
44 44 6 10
38 43 46 4
1 4 24 15
1 8 39 25
25 19 4 7
20 2 4 10
48 24 3 11
11 11 46 4
9 40 28 41
20 38 10 26
18 31 48 36
34 12 10 5
37 1 8 11
36 10 27 37
17 14 35 12
49 39 10 41
14 19 37 27
21 26 47 7
30 23 43 40
44 10 25 22
20 15 7 11
20 17 36 34
38 2 10 18
7 38 4 8
38 7 37 21
29 14 9 22
6 39 15 39
27 4 44 6
7 39 9 6
25 36 49 33
18 18 45 36
7 1 28 23
7 39 24 10
16 17 34 17
44 46 48 19
31 14 4 9
8 46 3 13
35 21 3 8
19 14 27 16
30 24 5 11
7 44 12 26
22 20 20 17
24 16 9 9
40 42 33 2
35 5 6 7
38 44 42 16
6 42 49 48
17 16 8 7
14 42 12 19
19 18 45 4
3 40 10 42
5 6 16 33
48 38 44 4
44 49 43 4
20 40 2 27
16 0 11 31
22 38 49 34
10 41 1 9
17 13 4 11
15 29 9 48
49 37 18 2
24 27 48 4
49 46 4 8
6 5 12 48
31 6 28 29
16 14 6 13
9 39 29 22
20 41 11 33
18 29 32 32
22 13 13 29
26 17 49 5
46 38 34 41
12 8 21 13
16 7 49 37
31 17 7 42
12 36 40 41
16 36 5 11
47 43 13 25
40 15 18 23
26 33 48 45
17 32 45 2
45 19 28 21
32 2 41 8
16 12 45 2
18 32 11 28
16 0 32 33
16 44 6 8
33 13 40 44
16 3 3 7
2 3 16 39
10 8 48 16
31 8 7 5
49 37 9 25
26 26 4 9
12 30 44 43
9 45 20 33
31 9 8 8
48 38 1 10
22 18 49 4
30 8 9 9
30 7 46 9
31 9 24 17
6 47 14 27
23 18 19 3
34 4 21 29
31 28 21 24
26 33 37 24
26 30 49 44
42 42 15 2
41 41 5 11
0 6 40 15
46 41 33 20
20 16 25 27
7 38 47 48
24 5 7 10
35 9 11 26
11 9 5 3
16 18 7 15
33 11 8 10
30 9 15 41
9 45 35 19
41 46 6 31
39 45 47 31
7 38 37 39
46 31 3 9
46 42 48 10
34 22 45 25
46 46 18 42
16 23 6 7
27 20 13 12
11 42 43 6
40 3 12 24
18 15 29 13
2 36 15 36
5 41 14 3
34 24 44 9
27 4 3 9
18 14 5 12
46 36 29 7
7 3 46 29
48 35 11 27
17 14 7 40
35 15 5 10
8 40 16 7
29 26 11 24
14 7 29 10
16 15 3 14
24 24 7 29
39 35 31 25
19 15 30 21
8 37 6 24
24 30 41 17
47 26 46 31
42 48 36 44
14 27 29 37
25 5 43 4
20 33 39 30
17 2 47 39
31 45 14 12
18 34 20 39
49 38 4 33
45 32 43 36
13 20 31 4
20 20 22 6
27 28 20 40
32 14 15 15
18 13 33 31
16 13 16 0
34 6 39 23
15 15 6 10
30 8 11 24
24 27 15 23
48 46 46 23
3 40 6 8
28 14 47 2
10 10 2 15
8 33 46 11
21 34 32 33
13 14 9 9
17 16 45 30
13 17 45 21
34 18 27 28
15 30 11 8
32 24 29 15
6 44 21 30
22 26 1 9
23 32 16 0
29 13 38 14
32 4 10 5
26 33 8 11
25 26 8 9
22 11 41 17
38 35 11 13
37 16 33 30
24 27 47 16
31 8 49 46
32 5 17 37
23 26 43 7
10 44 6 9
39 8 16 21
27 26 4 9
42 10 10 25
20 17 35 37
31 13 22 22
22 27 6 13
26 24 15 27
2 44 40 47
3 38 5 10
15 11 24 14
19 13 41 24
7 40 6 26
30 13 13 14
25 15 10 10
2 9 21 26
44 10 40 29
48 34 5 38
39 11 14 40
22 37 40 1
22 34 48 4
6 45 46 18
11 2 12 37
27 31 7 31
12 31 18 18
42 25 14 23
16 11 31 16
27 8 26 2
48 41 40 11
17 8 18 26
38 23 30 15
6 22 8 9
30 22 32 36
33 4 6 46
25 23 30 6
13 8 1 42
43 40 9 21
16 29 15 33
18 9 38 21
18 13 15 4
42 32 11 30
29 21 48 5
17 35 28 21
22 13 7 11
26 15 45 2
8 36 18 5
15 16 44 45
6 12 48 39
48 45 33 31
12 45 12 6
28 40 43 5
8 9 9 13
27 6 33 11
37 17 9 9
18 17 9 9
48 28 39 17
17 26 23 12
18 12 4 9
36 12 13 23
21 9 6 10
16 7 36 33
19 18 47 40
18 16 25 11
46 10 35 16
16 14 0 43
25 24 48 24
18 30 9 26
15 13 11 5
23 30 20 33
27 13 6 9
21 21 48 18
18 14 33 26
36 27 28 22
36 39 5 8
22 14 49 5
48 42 11 33
47 4 48 10
9 40 25 44
6 42 47 0
18 15 25 4
16 17 19 7
20 17 32 8
47 33 6 11
41 12 49 35
29 32 5 29
21 29 24 14
22 37 22 23
45 12 23 33
37 37 17 4
48 44 45 25
33 7 28 6
24 7 43 43
19 17 42 38
20 13 12 27
44 21 37 28
22 16 18 34
20 14 8 8
30 14 45 6
17 9 18 27
39 6 33 20
27 18 34 12
14 9 3 5
29 9 17 34
18 14 25 21
7 0 49 2
21 14 49 7
17 10 44 1
39 5 44 16
30 19 2 47
44 35 6 8
16 14 5 11
19 16 41 24
40 10 26 36
30 31 3 11
33 14 48 31
17 36 45 3
41 34 2 9
46 17 43 4
17 31 7 8
5 37 3 4
21 16 10 10
22 25 44 44
25 30 49 17
22 5 37 34
23 31 33 32
17 20 5 5
33 21 43 43
25 8 35 10
24 14 47 39
25 7 9 11
22 41 46 39
32 8 6 6
33 1 11 12
10 41 12 30
18 39 4 6
33 7 3 36
30 7 40 45
37 22 30 37
20 29 6 9
9 18 45 41
19 17 9 35
13 8 6 8
20 16 42 20
34 15 44 3
22 14 30 24
39 22 36 39
29 14 45 5
24 36 46 2
31 2 25 20
22 13 12 9
20 37 16 4
44 46 7 9
19 14 26 19
48 33 21 23
5 39 6 10
37 17 48 42
38 17 8 23
7 36 20 9
24 14 20 33
39 37 24 12
27 5 2 8
32 17 28 3
33 4 47 3
30 5 20 26
18 26 24 37
17 12 40 40
24 20 11 23
10 14 32 34
9 42 46 36
19 35 46 2
8 0 35 16
49 24 3 27
21 35 31 21
39 43 28 33
20 17 27 13
45 40 46 46
20 27 8 10
32 8 39 10
0 25 26 13
47 2 9 11
18 13 5 12
45 38 45 4
9 49 36 38
17 27 46 0
37 8 9 25
12 31 47 3
23 13 3 34
6 38 14 11
34 9 6 8
31 8 47 48
35 29 45 0
44 32 21 25
27 5 48 40
15 36 45 2
24 44 27 8
25 9 19 21
27 13 9 25
47 44 13 28
19 12 48 26
8 39 27 20
20 18 45 0
10 39 24 27
39 7 22 20
2 40 49 41
16 13 31 22
42 32 35 17
13 9 28 24
30 3 44 7
33 9 7 7
28 3 38 3
19 33 12 27
22 9 12 5
17 16 18 33
40 22 47 1
3 7 17 17
7 39 12 36
35 9 36 36
16 13 16 39
23 15 22 31
20 47 47 38
27 21 6 9
4 23 37 42
6 43 19 1
49 38 44 4
38 4 20 10
32 7 0 13
20 16 6 8
44 43 46 46
43 16 10 23
32 5 16 31
5 6 23 14
31 7 10 6
40 11 18 21
46 5 49 32
3 47 28 16
49 34 16 8
4 38 28 33
27 19 9 24
8 42 31 19
23 26 13 36
22 16 27 18
18 10 21 16
19 29 44 3
7 21 38 37
11 4 33 19
31 27 0 8
6 11 47 19
16 9 48 30
28 4 11 26
22 25 43 2
6 39 40 9
26 27 47 5
26 28 47 4
31 12 41 25
33 32 49 27
20 29 9 27
16 28 48 5
20 28 40 36
7 38 2 37
23 16 35 39
19 20 28 28
22 35 21 14
35 40 14 24
29 33 12 26
4 16 19 34
7 39 35 22
39 29 43 33
20 23 28 9
17 28 18 37
9 41 46 46
44 39 24 12
4 42 17 18
10 39 47 21
26 17 49 21
45 48 25 12
18 6 12 20
18 13 31 16
16 11 20 29
10 48 5 8
45 9 6 6
0 15 13 27
22 32 41 20
26 11 6 10
14 12 47 41
0 44 3 12
19 15 35 25
33 15 39 33
9 47 21 46
28 10 14 23
33 7 36 27
47 1 21 12
21 3 9 24
16 9 20 19
31 13 4 8
22 14 5 28
12 0 36 45
13 39 5 3
18 28 46 34
35 19 4 10
18 18 13 26
9 39 48 43
6 41 22 19
33 33 36 21
37 11 45 9
18 37 35 5
29 10 46 49
0 7 10 4
7 38 41 16
43 40 9 14
6 39 41 12
29 9 33 18
9 46 44 47
27 21 36 32
30 20 49 5
49 36 8 7
19 0 14 23
33 25 38 10
17 33 7 10
49 45 7 8
16 31 48 6
46 39 0 49
42 48 37 33
33 13 33 32
22 2 6 11
10 28 6 9
28 23 49 12
16 16 19 7
22 33 29 13
30 7 16 48
38 0 7 2
23 6 46 38
18 33 27 13
16 28 4 35
4 4 5 13
3 5 7 23
15 26 28 30
45 46 15 32
38 7 31 16
17 11 8 7
49 34 43 16
4 41 34 22
22 7 11 6
4 21 11 11
17 11 27 36
2 42 3 16
23 28 23 22
31 6 32 30
20 19 34 29
17 28 12 29
27 17 42 25
20 14 47 40
46 10 5 6
22 22 36 25
27 23 11 32
21 37 5 30
30 10 31 21
34 12 43 38
41 41 26 14
23 20 47 2
40 41 42 5
8 17 7 10
38 48 29 47
30 18 29 1
27 25 5 9
21 13 23 30
8 40 34 32
20 13 8 12
12 30 2 9
37 19 17 9
25 32 18 17
31 9 20 39
47 26 8 13
18 17 11 38
5 42 6 8
16 20 18 36
6 16 37 8
11 0 5 4
19 3 25 24
24 11 11 9
38 15 11 46
28 4 25 10
20 14 23 27
6 5 44 15
3 44 46 4
34 9 17 16
23 28 37 37
15 12 28 21
30 32 35 41
17 16 5 11
25 9 47 43
33 12 2 12
48 31 41 42
17 18 28 17
25 8 39 49
17 18 47 5
22 37 20 1
14 17 41 21
11 14 4 10
41 36 20 32
18 37 8 24
2 7 36 20
47 11 12 23
17 18 9 19
15 10 46 6
27 20 41 39
27 27 29 30
36 11 12 13
47 22 46 37
9 41 14 18
13 15 19 18
40 4 46 17
16 18 10 27
32 5 45 8
30 10 44 8
41 40 39 21
9 11 48 5
33 2 48 11
21 18 6 9
32 13 47 16
39 10 49 34
40 37 46 42
12 11 13 39
12 40 47 10
43 37 24 12
18 16 19 35
