50 1038 13183 800
12 38 2 25
14 40 45 17
46 22 41 17
46 45 31 18
17 42 18 23
33 40 46 39
15 45 35 27
25 34 2 6
16 43 43 33
32 37 42 35
31 34 49 35
44 47 26 19
32 21 35 23
32 20 33 40
33 42 41 18
30 25 41 22
12 37 41 25
15 40 32 1
45 24 39 28
26 21 11 19
43 37 34 19
21 44 6 18
13 45 36 36
44 49 40 31
42 3 21 2
16 47 12 21
15 41 46 36
37 38 44 26
10 43 32 27
7 44 30 31
47 24 20 19
35 31 18 11
46 7 40 42
48 11 18 5
16 40 45 4
32 37 23 0
39 26 27 22
37 40 1 3
49 2 46 25
23 28 27 22
35 14 34 7
11 44 41 27
31 40 43 27
30 24 29 33
42 28 41 9
13 38 3 4
37 45 32 9
31 33 22 17
13 38 42 35
42 46 16 3
36 9 13 24
36 35 36 26
49 9 39 30
38 9 27 30
17 45 36 31
46 30 30 28
29 11 46 19
46 42 9 7
34 36 20 19
45 48 38 31
35 27 43 31
18 43 33 29
36 33 24 27
45 31 39 35
39 47 45 4
12 43 35 21
7 40 44 26
42 37 30 22
48 46 16 15
44 44 48 26
45 36 29 4
12 39 27 17
8 41 6 5
33 42 11 13
24 32 26 36
48 4 29 26
15 43 38 4
16 46 41 27
39 35 25 13
19 47 49 19
41 32 45 11
39 6 44 22
45 46 36 24
48 0 38 28
8 43 19 13
45 28 40 26
21 21 46 20
33 22 37 19
45 47 35 14
35 39 39 16
14 42 37 32
18 46 45 33
15 39 31 30
12 38 41 21
13 43 42 33
41 9 14 12
47 2 42 32
42 9 27 26
45 47 41 26
12 48 35 21
9 48 9 11
35 41 33 27
11 41 23 9
45 38 27 18
48 26 4 13
41 43 23 25
41 33 8 4
13 38 44 29
39 32 36 26
17 22 43 29
43 34 48 28
37 36 17 30
15 46 34 27
41 46 19 25
49 40 36 28
33 37 18 31
44 9 29 5
46 29 11 39
21 36 6 37
13 45 7 14
42 12 26 11
48 7 17 13
32 20 46 27
27 42 35 30
48 45 22 31
44 3 30 19
23 35 28 0
45 27 46 14
11 34 37 27
40 34 37 28
39 35 27 28
12 46 35 21
37 0 31 33
32 36 37 38
46 30 36 3
38 35 49 14
30 42 13 45
46 8 10 10
49 5 40 30
40 42 34 11
49 39 30 12
16 38 40 32
38 30 45 25
47 34 27 0
33 3 43 28
38 39 41 16
13 49 32 25
13 38 45 19
11 44 37 2
14 44 29 20
42 33 0 9
15 44 39 27
41 42 21 23
15 45 36 27
15 45 9 15
19 49 30 28
34 19 39 15
15 42 12 12
42 29 39 26
34 26 38 16
11 45 33 23
18 25 38 6
35 40 6 16
17 41 31 32
36 29 24 32
14 46 45 29
16 44 30 23
48 40 40 30
44 30 33 27
47 27 35 23
33 31 34 26
38 41 13 27
37 32 9 5
28 36 28 30
41 25 49 19
17 41 35 31
43 38 28 19
42 38 44 27
48 43 33 25
49 31 28 17
36 42 30 24
45 49 9 6
45 30 34 33
18 43 44 24
19 44 37 23
25 21 39 11
37 40 47 14
27 12 34 24
40 39 37 3
17 48 18 7
48 8 36 32
9 47 24 12
42 10 35 7
14 39 41 28
39 40 43 20
44 14 25 8
36 34 41 18
13 41 41 10
41 20 13 18
9 38 41 22
41 44 34 17
17 41 45 31
46 36 44 13
16 39 44 39
47 35 43 29
47 5 35 26
14 42 38 26
46 29 30 4
47 39 45 9
17 43 41 17
30 20 7 20
45 28 48 15
17 46 40 7
49 37 43 23
19 40 8 12
21 44 21 17
13 43 28 8
13 45 41 24
39 42 16 9
44 35 30 21
12 41 43 15
44 1 16 25
48 28 48 20
44 26 28 23
43 41 30 29
46 37 8 25
16 41 48 1
43 36 30 25
15 44 0 11
15 40 36 35
14 41 43 30
45 41 48 24
46 40 25 35
45 29 19 9
33 36 37 5
15 45 38 27
14 38 26 2
14 41 39 0
24 38 0 11
15 44 42 19
31 19 28 0
43 30 43 25
11 43 36 29
35 24 24 7
38 41 30 27
17 38 30 31
33 22 4 4
9 43 41 21
36 24 40 15
47 8 37 23
12 40 38 17
28 41 34 18
42 37 44 34
49 5 47 10
35 40 48 17
8 41 48 26
40 17 0 17
48 25 43 26
35 42 5 12
15 48 38 22
49 3 35 30
18 40 40 24
23 17 43 21
43 7 32 31
35 44 39 32
48 14 30 30
49 0 20 18
17 39 30 24
36 35 42 24
41 43 34 28
37 42 47 25
45 18 36 36
28 39 38 21
11 43 16 25
48 30 4 18
37 21 26 27
42 25 38 27
47 26 2 14
13 46 43 19
32 29 42 23
24 22 24 33
42 5 33 22
12 45 23 19
11 36 25 29
12 39 3 8
35 37 40 28
35 46 3 27
6 41 39 26
15 47 49 30
14 40 21 9
46 13 29 27
14 40 44 21
9 42 45 6
17 34 10 10
13 45 15 16
19 45 33 29
13 32 37 24
45 12 16 2
35 4 40 33
33 25 46 24
36 44 46 32
16 38 25 33
33 23 13 24
7 46 14 11
37 35 28 24
48 0 42 22
41 34 46 8
44 23 22 12
14 38 35 15
16 40 32 11
32 35 29 30
11 43 32 37
7 37 26 4
41 41 44 12
32 36 9 25
16 48 33 25
29 37 30 31
15 43 28 25
28 13 9 15
14 43 44 24
39 45 35 15
10 41 40 15
14 38 40 43
42 19 32 31
28 22 4 7
10 46 26 29
6 42 45 30
48 36 27 31
49 41 25 27
13 35 43 26
40 49 37 35
11 47 17 9
48 24 40 27
15 46 39 3
49 25 20 19
23 30 40 27
45 21 40 30
15 47 32 19
37 19 14 15
27 11 36 15
32 28 35 32
46 1 10 7
33 32 37 6
49 34 22 1
48 2 14 21
14 47 35 22
36 9 30 33
42 42 13 0
32 19 21 15
49 12 40 28
15 49 36 22
11 40 48 33
29 35 30 19
12 41 27 27
9 39 45 23
17 46 34 15
46 32 28 26
48 41 48 28
48 29 33 27
37 35 12 13
47 17 12 18
25 8 31 6
10 43 44 6
36 36 37 24
39 10 49 20
39 35 38 20
12 37 26 35
43 22 34 28
44 4 9 6
43 13 41 26
8 38 22 29
48 18 28 25
12 43 38 27
36 41 26 5
45 38 30 29
42 29 41 36
44 39 2 22
42 1 34 0
42 4 34 24
48 32 22 23
36 19 39 22
34 44 34 27
11 39 37 30
48 38 42 26
24 19 45 34
43 22 34 17
38 28 32 29
49 33 31 24
45 48 39 29
22 20 18 35
31 24 43 27
33 38 45 16
34 38 44 27
18 45 37 24
45 36 25 9
35 42 36 28
45 0 18 26
11 37 41 24
18 43 15 20
30 18 36 23
17 44 28 38
46 41 35 1
29 32 39 31
47 13 36 29
36 39 34 33
46 43 41 24
47 3 36 11
29 13 28 34
15 46 21 29
11 46 35 7
46 33 32 29
21 44 9 8
38 27 32 31
20 41 49 19
39 31 31 26
46 9 44 25
35 43 38 33
48 9 31 27
35 35 40 33
36 48 34 13
16 41 16 22
13 43 17 7
7 38 42 14
25 31 3 18
12 46 24 8
16 43 12 26
14 38 33 32
37 31 0 5
19 40 34 18
22 40 7 26
17 39 41 19
42 20 25 34
47 7 37 28
8 46 28 36
14 43 1 15
43 40 25 25
12 33 42 20
17 44 15 18
18 41 8 7
30 20 35 27
39 29 23 0
30 24 44 30
13 44 6 22
35 33 38 22
33 37 41 30
49 25 36 25
41 37 39 31
10 43 6 21
39 4 29 39
5 42 3 29
14 42 38 18
15 47 37 0
19 43 36 33
45 39 33 27
45 43 28 15
35 3 31 17
47 2 19 4
36 46 35 34
15 45 44 25
43 34 42 17
46 29 38 27
29 23 37 30
13 46 35 31
47 39 21 11
17 39 31 31
10 47 14 1
17 36 46 22
24 39 25 26
37 33 33 23
17 40 34 27
16 41 35 6
41 31 45 15
14 43 47 15
11 39 37 22
35 43 45 25
44 28 25 10
16 41 0 16
47 1 27 25
42 5 31 28
32 35 37 31
14 48 38 29
18 35 35 23
32 36 37 33
46 28 36 34
14 32 29 28
9 38 41 30
15 38 4 23
45 12 33 20
9 38 36 31
49 45 29 29
29 23 38 27
37 27 11 5
31 34 43 23
32 37 25 15
12 46 20 10
11 38 41 15
48 9 14 9
12 44 32 17
40 7 33 16
34 31 36 18
49 35 28 24
11 44 10 8
27 15 36 19
15 35 28 18
31 41 30 16
42 28 32 41
36 34 43 32
32 6 8 16
35 31 42 32
41 37 39 27
49 45 42 24
15 39 33 12
17 33 2 4
12 41 35 25
14 46 7 20
28 19 41 22
36 39 35 16
38 49 18 7
43 28 15 13
10 44 32 15
35 41 5 12
13 48 49 18
32 48 13 10
49 13 40 19
34 42 32 26
8 43 10 12
48 38 38 28
44 39 31 6
12 43 27 20
48 37 39 28
38 40 45 26
9 16 22 21
12 40 45 20
45 35 33 27
18 43 12 21
45 39 17 11
41 11 34 20
42 16 32 24
35 38 46 39
13 40 29 18
39 42 46 27
36 37 39 2
13 36 47 0
24 44 34 3
37 39 29 0
30 22 38 27
48 42 10 6
32 28 47 34
48 4 39 23
41 39 24 33
40 2 32 28
14 39 28 14
14 43 12 18
44 44 45 33
35 29 37 2
42 30 16 15
49 33 31 12
15 38 38 38
39 41 16 8
13 47 39 24
36 41 32 29
46 4 28 21
10 39 35 33
35 40 31 26
39 3 44 7
14 49 40 27
46 42 49 21
35 40 27 30
34 35 36 32
11 48 35 16
14 42 11 0
19 41 26 8
40 25 16 0
14 42 35 32
43 48 38 30
47 39 14 25
20 43 39 26
47 38 11 0
11 40 40 18
43 14 41 32
43 4 1 20
42 5 17 12
46 0 42 26
41 39 6 0
16 44 28 29
11 41 23 15
38 44 4 2
45 33 28 13
34 35 48 24
41 39 36 24
40 34 35 29
42 17 41 8
33 37 42 24
16 46 14 27
36 8 40 36
39 35 41 0
31 34 49 17
17 41 49 25
22 49 31 25
49 2 41 29
20 44 14 4
32 35 41 26
17 40 28 33
43 5 39 30
35 35 46 25
8 42 45 28
49 31 1 18
27 5 34 37
11 35 46 27
18 46 37 28
43 38 47 26
11 41 20 3
49 5 35 0
41 32 26 5
46 44 33 31
13 43 45 27
11 47 40 25
45 40 18 2
11 42 14 3
45 44 46 27
47 46 21 10
40 40 45 27
37 46 45 26
49 11 33 29
16 41 38 19
13 36 4 19
48 34 37 25
49 16 35 28
41 47 38 31
14 47 2 18
45 0 21 21
42 32 27 28
15 43 43 33
46 16 49 30
46 32 35 25
38 37 47 19
34 35 45 15
29 39 48 25
36 45 34 32
35 36 34 27
41 45 13 24
34 14 16 19
30 11 38 30
13 40 25 29
22 19 42 32
11 41 13 24
8 43 28 1
24 9 14 28
18 42 38 30
43 40 41 14
46 36 31 31
34 40 31 36
49 11 34 23
35 35 35 7
39 23 46 32
45 32 0 10
45 15 37 30
9 43 15 26
9 37 47 30
30 34 46 28
38 36 39 23
33 39 11 18
33 30 13 30
34 36 21 10
12 40 39 21
38 34 21 17
14 40 34 25
14 46 14 8
10 44 36 20
11 45 18 0
44 10 39 33
17 39 14 0
39 35 31 36
40 47 46 2
25 48 28 30
32 38 31 29
12 44 15 19
21 40 39 23
10 40 47 24
32 42 34 17
42 32 21 35
47 47 38 4
27 39 35 32
25 33 31 13
13 39 25 6
37 42 39 1
10 42 12 15
15 38 38 36
35 46 36 31
42 8 22 9
42 22 9 16
35 26 41 22
44 31 30 26
42 47 24 31
7 37 11 15
49 4 36 29
46 4 18 23
27 41 12 26
38 42 18 38
15 39 29 8
37 37 28 28
10 42 41 25
49 26 46 12
16 44 23 3
36 21 35 32
13 46 37 15
46 33 21 28
31 32 36 13
17 34 2 22
32 39 33 30
47 9 37 29
46 17 32 20
16 39 36 27
35 36 48 24
36 25 33 31
3 37 27 14
12 44 46 20
13 36 35 35
13 41 18 23
9 38 5 23
19 42 33 38
46 7 35 33
28 38 40 23
49 31 3 15
11 41 27 31
10 42 38 28
48 39 27 30
44 41 9 12
48 15 15 7
49 30 35 26
40 24 26 26
38 26 32 30
42 0 24 6
17 41 28 26
18 44 41 31
49 29 36 33
15 41 37 7
32 29 49 20
29 36 37 31
36 43 14 17
42 35 5 18
28 35 39 23
18 37 41 26
15 17 39 21
38 40 2 15
45 43 40 19
15 39 26 26
48 25 25 19
35 33 35 23
34 43 32 20
17 36 29 26
47 45 39 29
43 8 44 4
48 44 40 29
18 48 40 27
44 30 15 3
41 18 39 30
39 40 39 27
15 48 49 29
34 41 37 23
48 1 36 0
31 11 2 2
40 8 32 38
41 23 9 29
49 38 36 22
44 41 36 28
12 40 1 16
39 39 40 24
30 35 34 29
11 46 1 4
20 43 40 24
13 40 12 11
39 22 45 5
15 44 41 26
49 45 42 21
35 21 30 3
29 7 33 25
37 35 37 13
40 31 33 31
41 44 36 30
15 36 26 26
14 45 30 45
12 38 36 30
8 43 43 21
38 30 34 26
14 38 25 11
41 35 42 22
29 7 12 23
21 8 13 12
38 27 21 22
46 34 28 23
47 2 23 25
31 35 10 16
38 26 45 17
27 35 18 5
12 41 22 4
39 7 30 16
37 45 11 10
18 40 44 24
41 33 24 15
41 6 31 10
46 11 18 14
37 40 40 28
45 9 41 6
49 30 29 22
12 45 40 38
39 31 11 10
47 2 33 35
15 45 40 29
10 41 47 24
13 40 44 31
40 30 25 24
12 39 33 23
41 33 33 9
17 44 46 26
40 3 30 27
34 34 45 30
41 33 22 11
9 45 12 20
46 6 32 28
43 7 19 4
28 15 15 24
36 33 37 20
14 37 49 28
9 48 5 26
46 11 27 10
38 35 3 42
13 49 23 30
43 34 29 2
34 26 40 24
31 35 43 13
8 36 29 30
46 31 42 0
13 41 37 7
21 42 16 9
48 29 40 25
17 46 43 18
48 40 8 11
5 41 12 3
15 34 33 28
10 43 30 25
44 32 35 16
6 39 46 26
41 29 1 16
42 13 15 7
12 45 43 33
40 24 33 27
34 35 43 8
18 46 23 27
10 39 39 21
13 36 31 23
46 19 34 3
11 37 27 8
33 33 27 26
40 23 18 7
38 33 33 36
48 31 28 30
35 37 25 25
16 41 46 28
16 47 18 2
45 32 17 25
35 11 3 21
19 44 8 10
30 14 38 31
16 38 39 28
17 46 6 9
49 27 4 7
48 39 36 32
32 32 27 7
17 47 39 36
34 20 44 6
43 38 14 26
14 41 7 18
39 10 3 24
31 25 38 25
9 46 40 28
34 26 8 28
14 42 17 2
9 44 19 20
45 35 28 32
35 32 34 10
42 11 1 7
13 47 41 21
48 1 41 34
48 38 32 33
10 41 5 12
42 29 31 30
46 26 13 5
35 33 38 27
41 31 34 25
47 42 21 11
33 21 42 26
45 10 36 26
34 35 41 2
42 28 4 9
28 11 18 19
28 39 34 38
45 43 37 18
39 5 23 10
46 29 48 26
47 40 34 22
46 39 47 34
13 45 35 30
12 39 34 23
13 36 17 34
48 16 32 36
35 36 0 24
40 31 44 30
40 16 45 24
37 38 41 19
43 0 8 14
13 47 36 26
17 34 10 12
9 48 10 23
41 41 48 26
37 23 26 26
49 9 20 19
33 42 47 25
39 37 39 18
34 32 34 25
10 48 22 2
16 44 20 12
30 31 23 15
42 47 3 13
44 30 26 17
28 16 27 27
39 38 7 4
39 41 40 7
9 42 35 27
13 43 22 11
47 37 20 0
49 46 38 18
16 36 38 31
38 44 42 22
36 36 32 9
48 37 9 11
40 19 18 8
47 1 48 31
34 41 25 31
44 37 29 23
45 38 27 43
8 42 3 17
12 46 28 38
42 38 46 21
11 45 22 0
45 39 11 18
40 33 14 1
10 49 40 24
37 45 29 30
47 37 8 22
7 38 33 30
38 34 48 32
48 37 40 28
10 47 22 1
46 38 0 0
11 48 37 21
18 47 40 9
39 39 34 33
48 30 19 2
40 27 18 5
37 19 36 38
42 24 14 8
39 36 31 14
34 18 33 27
16 42 38 26
46 24 11 24
37 37 49 2
13 38 41 32
13 45 40 30
39 17 9 3
41 15 18 18
16 43 40 19
45 4 25 14
14 36 48 29
15 40 39 35
47 34 40 19
42 2 2 40
44 3 24 10
49 39 29 6
35 35 32 30
21 48 35 13
44 21 10 43
41 12 41 24
49 42 29 32
46 5 9 21
31 38 15 29
41 27 29 37
28 21 44 20
40 19 31 26
13 47 29 25
34 39 29 25
33 13 34 21
37 11 0 16
49 8 41 19
8 31 44 29
14 41 35 20
16 46 36 33
36 37 22 37
46 6 29 27
40 26 33 10
32 36 36 27
29 3 42 26
39 12 46 23
45 7 12 20
44 7 30 31
15 45 41 11
33 32 17 11
10 46 23 19
44 25 10 20
40 17 26 19
18 39 44 7
45 5 25 37
26 25 10 5
47 0 34 31
32 15 2 18
18 49 43 35
39 18 30 22
21 46 24 16
43 25 43 18
45 11 34 30
24 21 43 35
21 33 47 27
14 42 43 31
40 32 43 34
15 43 47 24
42 45 12 14
41 40 38 32
12 46 23 2
11 44 19 4
37 49 19 21
6 40 33 6
36 23 43 12
42 5 44 14
40 31 25 6
17 40 26 15
47 6 33 27
38 15 45 26
37 29 5 25
