50 305 11605 800
25 15 29 19
42 42 28 24
45 44 47 4
24 21 31 41
37 26 33 36
40 46 37 40
23 12 30 36
8 18 0 26
17 13 29 44
29 9 29 34
5 15 34 43
43 15 45 43
23 9 42 30
41 42 34 40
9 19 8 35
1 23 4 29
34 16 28 34
28 14 26 39
8 15 42 12
32 9 41 42
20 14 37 49
7 17 45 35
31 17 5 22
25 8 0 26
35 22 44 48
0 18 24 34
23 24 34 38
42 45 3 41
5 13 27 35
18 13 33 39
35 36 10 23
39 10 4 47
3 19 32 36
41 40 36 44
38 45 16 49
24 21 2 33
23 18 3 20
42 15 49 47
7 24 47 10
24 12 43 30
39 16 49 14
41 41 44 45
42 40 41 47
0 9 40 45
0 21 41 45
32 13 29 44
23 16 35 14
21 12 28 26
30 18 10 29
8 20 30 36
35 15 4 31
1 25 35 24
45 44 38 18
44 38 5 19
35 11 31 38
24 21 33 37
28 13 31 37
19 18 23 14
20 20 2 27
29 14 13 14
35 11 48 37
33 12 44 12
37 9 27 17
28 11 32 44
29 10 34 30
41 18 37 24
43 41 30 38
20 20 38 37
25 9 26 35
10 24 4 30
23 14 12 43
43 38 4 29
45 40 38 41
24 23 36 12
22 18 39 39
40 43 12 43
48 41 13 35
12 15 2 25
6 13 19 30
42 6 31 33
27 12 0 32
21 16 48 32
6 15 39 40
11 13 0 26
2 18 5 32
22 15 1 32
21 17 43 16
18 18 40 34
44 41 16 29
42 38 33 39
19 17 29 42
30 20 49 48
7 17 48 17
38 27 10 14
18 16 25 37
23 21 32 27
41 41 38 46
41 41 49 48
32 16 35 35
7 23 35 42
17 22 33 37
17 18 2 30
3 17 36 46
0 21 31 28
38 13 29 44
18 13 47 16
47 42 11 33
45 41 32 38
45 46 33 36
0 19 32 19
37 21 28 22
42 40 26 43
0 6 30 39
24 25 27 39
25 6 38 20
21 14 48 14
42 14 33 37
17 17 30 43
28 12 11 18
43 40 32 40
2 18 35 37
40 26 44 22
44 46 0 29
14 15 46 28
18 16 32 30
14 16 36 42
44 41 42 45
40 16 35 34
6 15 3 33
18 18 30 30
43 7 1 37
3 6 43 39
27 26 43 36
27 23 19 34
3 10 45 32
48 46 32 48
5 17 48 18
42 42 31 35
21 16 24 32
18 12 44 27
7 17 44 45
8 13 10 26
43 12 42 45
22 22 32 36
35 11 31 35
20 20 33 36
5 13 32 36
19 19 42 48
21 21 13 36
24 8 29 30
43 46 28 39
45 41 32 41
26 14 48 42
38 41 43 7
38 44 5 17
1 15 39 25
27 15 31 39
7 15 47 44
6 18 40 27
1 20 28 38
0 15 46 30
27 13 41 29
44 41 27 39
20 19 22 40
33 20 30 44
40 46 32 42
30 11 20 43
25 16 7 19
39 20 33 36
41 37 6 27
44 42 32 31
16 18 47 36
45 29 43 49
28 11 31 33
40 20 4 32
35 12 29 35
44 13 9 29
49 45 0 42
44 40 48 44
32 23 41 30
29 14 42 17
5 18 48 21
28 11 36 44
43 18 46 48
44 44 35 17
43 42 28 29
4 18 29 43
32 14 0 19
10 25 33 37
23 12 28 16
25 11 48 13
17 17 34 37
41 14 34 36
17 15 29 35
18 24 37 38
46 43 33 30
31 17 30 12
40 40 49 24
21 19 30 24
18 18 31 39
3 23 25 36
24 16 32 40
39 41 26 34
48 15 49 46
1 17 24 28
39 36 44 40
10 16 35 14
35 8 44 45
1 16 28 32
5 18 1 32
10 20 31 40
40 41 44 38
18 13 41 37
42 42 3 20
42 43 36 41
21 12 15 34
28 14 22 30
5 20 42 19
27 18 16 43
44 42 28 33
19 23 33 39
7 18 39 42
45 17 34 36
41 40 47 28
22 16 33 14
21 15 33 5
46 44 42 33
17 22 35 38
34 25 30 37
27 13 29 38
10 18 29 40
7 13 40 9
20 17 44 43
23 19 42 39
6 20 27 27
34 16 44 23
40 41 40 12
47 12 29 38
24 14 2 28
19 17 25 30
45 40 9 28
29 12 23 36
28 12 47 42
16 18 34 31
21 16 25 42
26 13 34 37
19 13 39 40
40 38 32 30
31 9 30 35
23 15 43 21
24 17 37 15
25 11 46 40
37 16 44 35
24 18 4 18
46 43 21 37
39 43 22 31
44 37 27 42
39 5 6 42
19 22 28 35
12 18 27 37
4 21 13 32
27 13 31 32
19 19 35 37
20 24 37 44
41 41 35 37
20 15 34 38
17 14 34 27
44 43 30 39
21 20 33 5
44 42 33 37
16 15 29 34
5 17 37 39
25 11 4 39
40 14 36 36
25 18 4 40
37 13 4 26
6 21 41 19
47 41 40 47
30 15 0 21
41 46 32 37
24 16 30 36
45 43 9 35
41 14 38 37
32 16 38 25
32 14 31 3
26 8 45 47
4 17 32 37
41 38 42 15
46 41 36 39
43 42 0 24
45 9 33 45
11 17 31 34
27 4 12 39
20 17 12 28
38 17 35 46
2 22 38 26
1 8 32 34
26 18 28 33
40 42 15 20
41 38 42 29
46 43 1 32
6 16 47 40
19 14 37 10
41 16 25 31
47 13 38 34
