50 323 16937 800
29 32 6 45
43 42 8 21
43 13 2 15
0 42 27 12
45 28 25 32
10 45 2 37
22 2 10 27
5 35 15 13
36 26 7 12
37 15 14 7
0 16 39 6
38 24 8 47
10 6 4 13
33 42 23 30
23 14 3 37
34 3 13 25
28 18 6 7
27 12 35 16
47 28 21 19
22 22 35 7
25 18 30 10
43 23 34 9
32 31 15 23
30 28 16 5
28 22 35 14
20 15 14 28
34 21 17 4
11 39 24 24
48 35 0 16
35 27 4 13
41 35 45 11
37 20 2 10
24 26 11 12
29 16 2 16
26 20 5 27
24 44 11 45
22 3 22 42
11 13 41 14
38 40 7 47
14 1 12 25
35 36 28 4
34 33 5 23
5 44 21 34
44 35 4 23
36 29 33 16
21 37 43 6
37 31 41 24
23 12 16 40
34 40 19 10
41 0 11 27
26 2 7 23
32 4 31 24
27 4 1 12
32 6 37 4
4 49 20 3
38 21 6 24
22 10 25 36
29 31 1 32
11 38 35 41
0 45 8 13
5 41 30 27
20 9 34 10
41 32 4 28
36 3 10 22
39 1 33 31
27 0 8 30
24 7 16 15
26 16 17 34
31 39 37 43
9 41 39 23
33 16 11 30
32 28 1 23
2 49 44 5
44 30 48 23
25 0 22 18
43 30 11 27
44 29 43 18
46 0 13 46
35 21 32 40
29 39 3 31
39 10 47 14
42 31 15 35
0 37 43 13
33 37 39 18
21 7 22 39
18 0 48 12
43 32 13 45
19 11 5 15
22 5 29 7
42 29 11 17
25 49 30 32
39 29 5 21
11 6 18 7
48 34 6 4
23 11 15 2
40 32 37 17
8 2 20 0
34 36 0 25
21 5 0 13
37 25 23 17
26 13 7 28
18 12 4 43
5 38 44 9
38 31 8 26
35 24 4 18
11 40 1 11
39 27 23 28
40 35 22 3
24 13 8 29
25 23 33 14
28 42 2 32
6 21 9 28
7 41 2 24
41 43 10 29
12 10 18 30
19 23 20 1
27 10 2 11
33 30 47 20
32 31 42 33
32 18 33 34
35 27 27 27
29 36 1 11
21 12 33 25
38 35 12 21
39 35 11 23
20 5 12 31
35 18 18 31
28 18 9 42
38 44 41 30
16 7 7 23
31 26 36 17
47 27 15 38
48 9 20 41
40 13 8 26
14 8 15 3
21 41 49 38
23 16 7 30
34 18 1 45
43 30 24 33
26 9 37 34
12 33 25 41
43 34 25 9
45 26 29 22
38 19 36 48
31 38 13 27
19 4 8 17
30 12 38 13
12 20 2 9
8 44 12 4
18 8 10 6
44 29 20 13
39 29 4 30
32 30 20 7
11 21 33 39
45 23 5 39
20 23 10 30
48 36 35 35
25 10 4 23
39 18 8 32
6 39 31 13
31 37 4 25
25 29 0 49
21 37 30 44
37 27 0 15
32 11 10 26
8 13 5 49
38 24 0 39
23 32 3 12
4 46 0 16
41 31 42 13
44 28 4 18
45 32 7 29
39 37 1 7
39 36 10 4
27 39 24 4
26 48 9 25
23 15 23 36
24 2 9 16
4 40 7 22
8 45 2 18
42 30 11 26
43 3 47 11
8 5 32 29
49 37 4 12
26 12 6 44
48 8 24 39
45 37 42 29
42 25 30 9
40 34 6 15
6 39 7 24
45 15 8 28
26 5 6 11
46 38 4 27
33 17 2 9
49 32 5 26
24 14 7 29
34 25 7 34
32 23 11 27
42 34 9 25
9 42 4 26
7 41 12 27
40 35 27 25
7 32 3 15
2 29 18 44
27 18 48 34
3 42 26 43
37 35 15 24
43 38 3 18
19 20 41 36
32 14 3 25
25 8 24 43
30 20 10 38
30 11 28 23
23 17 25 46
30 9 17 23
31 8 10 25
26 17 27 6
1 46 31 25
37 29 1 18
7 40 7 19
22 16 22 28
36 27 48 2
43 40 3 7
16 41 38 26
18 6 33 15
40 34 23 43
12 7 38 4
26 16 43 32
20 0 23 28
11 5 15 28
23 6 44 4
34 32 29 8
24 1 44 22
36 36 10 30
26 20 30 31
31 13 28 24
3 45 4 21
43 39 11 28
12 6 20 35
29 20 34 28
28 33 12 1
27 8 1 29
6 10 21 40
43 18 25 23
32 25 0 20
32 31 36 3
30 36 23 26
23 16 16 36
5 47 39 31
41 31 3 23
43 12 12 31
25 4 35 13
25 44 13 37
30 30 9 42
35 32 44 30
23 3 2 18
48 39 10 16
2 46 29 11
30 31 12 7
31 15 36 25
4 34 34 1
46 35 39 26
26 3 38 15
49 34 17 43
43 35 38 36
38 18 29 3
6 41 10 15
49 43 25 26
26 29 17 25
42 33 49 3
37 29 33 7
28 12 48 22
22 11 39 34
12 2 18 8
42 28 1 34
26 14 49 26
25 36 11 28
32 7 48 18
39 24 9 31
7 36 41 34
17 11 25 5
34 5 8 15
28 6 30 39
25 32 0 18
15 36 21 34
44 33 9 27
21 8 41 32
24 1 9 14
29 21 41 29
49 43 24 32
2 42 20 5
23 9 0 22
19 42 40 3
33 36 0 19
5 44 42 46
18 4 48 46
20 3 17 21
1 0 6 26
30 5 48 18
8 37 34 33
29 2 11 27
30 30 7 37
10 8 8 30
32 3 4 45
40 26 23 43
45 29 11 22
20 20 18 6
38 28 3 15
44 28 12 43
42 26 13 41
45 26 43 30
38 23 44 17
39 27 16 0
11 5 19 10
10 1 0 49
36 28 7 20
5 41 5 13
27 15 7 49
32 35 12 40
40 30 35 15
9 41 39 2
43 36 6 21
4 41 27 30
