50 273 19637 800
20 31 15 28
47 46 37 22
44 35 19 21
36 40 27 34
49 19 3 24
48 33 44 14
42 48 11 19
43 39 44 10
21 14 41 25
49 15 17 25
49 13 43 27
7 37 39 31
5 19 43 46
47 17 34 26
15 26 46 13
8 40 15 23
38 38 15 9
4 9 23 1
28 12 6 25
38 36 26 39
44 17 6 31
17 33 41 30
46 18 47 13
27 30 6 11
8 7 7 36
19 33 32 23
7 14 24 10
44 48 12 8
47 37 40 24
21 23 44 36
28 46 29 16
33 42 44 26
42 42 17 37
35 38 11 39
39 47 37 39
2 13 44 48
48 19 11 10
48 37 9 25
45 16 38 22
32 20 49 43
1 25 26 40
42 45 10 11
12 34 43 41
41 41 8 26
48 18 24 14
20 34 11 2
41 41 44 36
1 19 21 11
20 46 35 28
37 39 38 3
48 20 25 42
10 0 49 23
4 37 36 29
45 36 48 12
18 49 6 12
49 33 13 28
35 40 31 29
44 49 3 24
41 38 37 33
42 43 43 13
42 45 9 23
42 45 18 35
48 18 48 31
4 45 19 4
12 31 46 44
48 18 17 8
35 43 26 16
43 47 47 43
47 43 18 49
26 43 14 19
44 21 10 8
5 30 10 4
32 28 19 22
2 16 8 23
42 47 40 22
3 33 16 34
6 26 36 33
45 28 12 5
2 30 47 6
22 28 25 3
45 37 7 17
49 18 45 9
15 21 49 13
41 47 9 17
22 49 43 12
20 24 44 44
44 19 22 18
19 24 49 15
45 18 13 30
0 32 30 29
16 25 48 13
45 39 47 46
1 40 14 34
23 31 2 47
49 14 36 26
45 46 24 17
39 38 30 34
49 17 37 34
11 15 5 47
40 48 11 10
39 49 43 10
40 41 36 33
7 20 0 23
34 32 20 48
40 42 30 25
43 45 29 11
17 31 7 36
20 7 4 10
42 46 30 10
11 37 22 12
46 41 43 14
39 40 44 11
41 39 41 23
1 11 45 39
11 40 2 25
49 18 23 27
7 42 22 24
3 38 43 16
40 40 8 31
2 3 4 44
0 41 49 10
1 23 24 30
43 47 29 6
10 20 20 18
38 43 10 6
44 40 19 7
6 22 0 35
8 25 48 15
41 40 28 23
27 33 20 15
45 46 9 41
46 14 23 29
3 17 43 11
41 42 44 40
43 49 29 8
20 22 13 18
49 19 6 33
12 34 24 37
16 37 17 41
42 47 14 28
48 37 21 10
49 37 32 30
49 21 30 15
47 17 4 13
25 3 26 39
49 17 8 48
13 26 10 12
14 37 45 12
35 40 25 5
35 40 48 14
46 40 20 9
48 19 43 30
44 17 39 27
5 18 48 23
11 16 29 9
15 33 35 24
46 41 33 39
7 15 24 35
12 44 33 37
15 44 42 12
41 37 19 13
43 30 25 14
3 16 28 1
42 49 41 22
39 44 25 5
21 27 2 12
14 16 29 3
44 49 48 16
21 20 41 23
46 48 34 43
7 27 47 47
23 9 6 16
18 27 49 14
6 40 24 3
41 37 45 21
26 14 26 37
15 19 44 15
47 19 27 30
43 46 44 17
48 38 38 37
8 34 16 37
11 33 45 15
9 21 28 6
42 49 5 47
12 17 17 12
47 35 43 21
10 11 10 27
32 25 7 7
44 18 27 10
45 47 48 11
48 20 40 48
12 15 40 31
41 43 44 5
0 38 10 31
1 16 26 10
15 34 44 28
49 37 33 23
48 37 5 28
14 28 20 46
16 27 48 31
39 40 20 28
44 38 47 45
5 28 49 48
43 18 37 23
46 17 6 20
46 18 46 38
49 16 47 43
40 41 13 29
47 14 34 27
1 30 11 17
5 9 16 14
49 36 44 45
16 30 48 12
8 31 21 18
11 27 16 9
39 39 36 29
47 44 11 18
5 26 17 19
32 42 17 21
0 22 18 38
46 21 29 18
34 38 27 5
1 37 26 7
44 49 22 10
42 48 22 8
13 39 28 14
38 39 29 37
39 35 33 41
5 30 8 49
43 48 4 11
44 15 25 44
20 37 8 30
48 47 13 17
24 38 48 27
2 41 8 34
41 45 20 20
40 44 7 31
40 47 18 39
7 16 43 26
15 37 31 37
48 46 15 21
5 10 30 42
45 46 38 34
5 44 20 22
46 39 39 20
47 15 28 33
1 37 40 23
26 26 47 12
18 29 32 22
49 18 30 33
22 15 28 48
49 18 15 19
8 9 25 19
4 30 47 48
17 16 32 30
21 20 14 22
6 24 22 46
38 37 31 10
47 14 15 30
42 49 4 26
18 42 11 22
2 24 14 37
43 41 35 23
45 49 25 37
39 38 25 9
48 18 10 42
4 18 17 34
42 39 25 4
16 26 26 11
49 16 27 39
13 14 47 42
3 28 21 40
28 38 20 12
