50 118 19073 800
41 20 34 30
14 30 12 6
38 29 18 34
9 9 48 41
34 44 16 4
40 34 8 36
41 27 12 4
11 31 46 43
11 13 14 9
45 31 30 31
38 19 14 7
10 7 29 45
11 28 30 18
29 19 34 45
40 36 31 47
49 44 31 47
30 32 26 36
4 12 31 40
35 36 45 40
5 9 14 22
36 8 46 39
47 26 22 9
15 25 26 24
42 29 28 40
5 12 19 11
42 33 18 18
46 44 41 44
9 29 27 8
39 37 17 13
11 23 36 20
5 27 45 43
7 0 34 48
39 38 24 13
43 17 30 46
45 27 11 3
39 49 26 43
40 25 9 8
9 24 15 16
45 26 16 0
37 33 17 6
5 15 43 18
39 17 46 39
14 35 30 27
11 30 33 37
18 32 22 30
20 15 8 3
45 40 36 43
37 37 30 28
10 8 15 9
14 25 34 13
6 8 21 7
37 25 23 28
20 28 37 19
16 26 30 18
10 14 40 12
31 31 15 5
14 27 45 29
39 24 28 29
2 17 32 10
34 40 44 49
15 27 46 19
6 9 45 47
31 30 12 14
36 28 31 45
35 27 48 43
42 31 32 48
47 49 47 43
39 14 41 43
13 0 26 15
12 12 48 43
9 31 13 13
41 46 31 18
12 27 34 35
10 10 42 42
38 49 36 26
5 3 17 12
43 36 37 31
14 27 46 22
39 44 47 45
30 39 21 13
8 27 14 5
12 12 42 44
1 9 32 36
48 40 36 28
36 23 25 48
41 31 22 14
36 29 42 34
8 9 18 22
40 35 18 10
48 42 11 22
15 26 40 34
43 29 47 30
36 34 20 8
34 24 18 9
37 25 42 34
8 21 18 13
2 8 47 43
9 10 17 15
1 26 45 38
33 32 33 20
37 26 15 9
33 23 27 15
36 31 30 49
38 29 28 40
38 49 12 9
13 0 19 9
11 19 24 27
5 16 30 45
11 24 27 42
36 36 49 22
43 32 49 42
43 26 33 43
46 30 19 13
11 31 19 25
47 47 39 36
5 18 48 47
17 8 48 48
46 19 14 10
