50 1368 13894 800
25 28 8 5
48 5 42 25
29 20 9 4
40 34 12 41
36 41 6 41
49 0 13 12
31 39 48 21
15 13 49 9
34 42 8 12
7 12 6 5
37 36 1 7
38 38 13 41
39 44 24 3
39 36 10 40
28 2 18 2
0 8 6 44
34 44 30 2
37 40 18 18
35 27 10 26
37 0 21 13
35 34 28 1
24 2 26 35
35 42 26 7
36 31 8 8
31 0 31 22
17 16 22 10
31 40 30 9
28 9 30 3
7 29 10 4
31 38 1 38
19 39 24 2
23 41 16 38
36 40 32 6
8 10 16 6
6 20 19 37
4 7 4 2
4 16 9 1
34 38 9 0
40 0 0 0
31 1 37 2
11 20 32 5
27 41 31 16
35 40 13 2
26 45 11 15
27 10 18 12
14 3 42 25
38 46 44 16
40 24 10 6
46 24 7 7
28 37 7 16
19 40 28 4
37 33 16 30
40 34 19 18
24 26 16 9
48 7 7 38
35 39 11 8
26 40 7 9
16 13 10 4
34 37 12 34
24 44 6 6
31 6 28 4
45 35 3 6
7 10 10 5
43 15 12 47
33 38 12 5
26 43 7 48
5 27 7 2
37 7 1 17
8 19 15 38
31 24 10 5
28 22 13 6
37 4 20 39
19 42 28 1
25 23 0 32
37 4 31 15
27 24 34 5
24 14 35 27
27 41 2 43
25 23 32 9
20 22 8 20
38 13 13 9
9 20 43 14
16 37 6 8
3 29 4 8
44 14 19 8
45 16 13 4
38 38 10 42
28 37 34 1
35 39 8 10
19 27 1 39
28 20 10 18
36 23 20 7
30 42 7 48
26 39 41 12
38 27 25 0
11 11 43 23
35 33 20 8
27 47 5 3
9 27 19 17
20 37 38 7
8 26 12 14
31 17 7 7
30 43 22 22
0 24 8 5
38 20 11 3
2 42 8 0
39 7 29 3
13 47 42 13
29 35 39 6
30 39 26 3
38 40 21 33
29 17 3 2
48 40 6 36
22 4 28 4
45 8 7 10
33 39 34 0
31 21 10 10
33 35 10 4
35 44 4 37
4 16 34 22
29 35 14 18
3 22 10 3
12 47 29 12
7 7 2 13
4 33 8 8
35 28 23 1
30 43 39 4
36 46 16 16
36 16 20 4
34 37 24 3
17 40 33 8
1 19 10 9
33 39 8 7
24 25 16 28
33 44 1 3
29 23 12 47
41 12 30 5
46 43 21 5
39 43 17 38
36 0 21 7
42 7 22 0
36 40 12 12
21 35 10 6
8 46 43 17
17 45 20 4
12 20 40 10
18 30 8 38
29 10 13 40
21 47 34 4
33 44 16 8
7 44 2 40
32 11 30 2
32 1 1 38
28 40 13 33
25 36 7 0
36 20 8 30
22 29 23 0
24 4 31 10
15 23 10 7
24 26 7 6
25 23 33 16
40 36 1 1
20 21 46 12
26 33 14 14
23 23 11 38
24 27 9 13
10 20 22 34
19 24 23 5
46 4 24 3
32 29 1 15
9 16 14 30
17 43 2 10
33 11 22 29
35 43 10 6
15 29 14 42
22 4 35 13
19 34 13 30
40 25 18 27
32 23 7 9
37 44 32 2
36 38 19 46
31 42 10 9
2 22 15 9
36 37 6 45
37 13 33 7
46 29 12 43
32 43 12 41
25 4 20 8
42 7 5 1
33 26 2 5
34 18 2 3
8 28 5 9
41 44 27 4
5 6 14 6
19 30 16 6
5 7 4 0
37 11 25 19
25 28 35 0
37 10 8 11
49 7 9 13
33 14 12 8
43 48 16 13
25 44 39 10
25 21 26 3
32 17 29 3
17 7 25 13
38 48 12 42
46 41 38 15
27 39 3 3
1 15 28 1
24 39 31 2
7 27 11 13
40 40 13 39
15 20 7 27
17 26 6 7
32 26 6 9
24 34 13 14
32 43 5 39
26 2 36 6
25 14 24 8
31 39 2 4
28 41 22 30
45 11 11 6
32 40 14 21
25 47 30 5
40 34 13 4
25 41 24 19
27 33 31 7
33 33 13 35
16 0 37 17
12 9 8 1
8 24 11 9
48 9 3 7
30 34 29 6
34 10 27 16
35 45 0 15
39 4 14 49
37 40 25 11
31 41 8 35
22 24 7 8
22 7 14 5
0 3 3 6
11 31 30 5
40 14 16 6
14 44 5 5
37 22 26 6
36 21 3 4
25 21 8 6
37 2 20 42
10 29 0 4
36 41 36 7
10 22 18 19
43 10 8 9
30 41 38 4
6 40 23 18
28 42 10 17
36 40 16 43
31 42 30 6
31 23 9 5
30 26 14 21
29 14 22 28
28 36 2 6
8 12 18 18
33 26 30 4
31 36 29 5
38 22 8 2
8 17 31 9
38 40 25 10
40 38 20 18
22 41 12 2
18 10 12 3
28 24 22 3
18 17 34 1
19 46 2 38
31 35 16 35
31 3 25 11
21 24 27 18
0 33 29 20
32 32 13 3
37 8 5 9
21 23 18 27
14 14 37 8
37 46 39 17
6 6 30 6
7 15 8 10
11 3 34 6
7 18 35 20
14 23 7 4
20 5 5 4
30 38 4 33
6 45 8 8
22 30 8 37
48 35 12 1
10 32 14 6
41 18 23 35
28 41 10 36
29 37 39 5
26 41 46 7
22 33 19 2
35 38 12 37
35 42 30 9
33 25 34 16
20 16 19 40
9 14 35 8
35 5 3 9
29 43 5 33
38 9 30 6
25 7 15 43
40 3 18 5
4 39 11 40
31 44 6 8
5 29 26 5
47 43 4 8
21 39 9 6
7 10 35 0
32 38 32 4
24 45 7 0
43 8 49 16
23 34 6 9
48 21 11 13
19 0 30 0
38 35 12 6
15 28 11 34
30 44 33 6
36 44 14 46
30 48 6 8
32 30 38 10
14 20 7 6
32 41 12 23
5 1 12 44
45 16 4 31
37 41 33 10
26 37 7 7
40 29 17 44
34 38 5 8
30 43 32 2
2 23 13 15
8 10 22 48
31 42 9 8
29 10 8 37
28 36 15 2
26 17 12 45
28 43 47 0
33 0 4 2
39 49 17 48
26 3 13 38
21 25 26 7
37 7 16 7
39 10 9 0
25 43 41 24
36 45 7 27
25 48 38 11
47 14 18 14
34 40 6 39
6 15 3 36
33 4 8 31
35 40 20 31
26 11 22 28
37 39 12 2
34 24 1 11
24 5 47 4
37 41 6 4
12 32 2 11
23 33 39 15
41 28 6 10
31 38 14 12
31 45 25 36
42 14 35 3
37 39 12 38
35 37 17 14
16 42 12 7
22 43 1 15
27 13 36 6
47 10 34 40
38 38 25 9
18 26 16 2
37 48 23 31
39 8 48 9
31 41 7 2
25 27 8 34
44 40 25 22
22 33 43 3
35 46 5 9
37 43 27 10
39 44 46 6
37 39 5 9
47 5 2 29
29 40 1 16
33 45 7 10
30 37 14 35
4 48 10 3
4 10 13 6
14 34 33 0
36 41 9 5
21 18 43 4
42 21 18 14
5 5 15 48
17 27 5 2
45 15 9 4
20 8 8 2
28 45 30 24
16 25 45 20
21 15 36 27
3 25 14 8
41 9 13 16
21 29 40 45
37 40 25 18
32 42 12 45
25 36 47 11
29 27 32 5
25 31 4 2
30 4 33 44
15 23 17 32
48 13 14 41
33 21 9 5
49 15 16 2
33 28 8 9
30 41 27 4
44 12 23 6
23 38 17 28
8 14 33 5
32 36 29 40
42 29 24 15
34 33 29 3
20 37 5 4
41 29 3 49
32 39 13 12
41 10 24 23
1 17 31 1
27 36 28 28
34 37 15 0
21 34 30 2
21 48 8 49
42 12 22 43
35 38 15 13
23 26 24 36
41 30 27 7
47 39 6 42
26 42 30 6
22 22 18 37
31 22 6 41
39 38 15 4
25 15 27 6
17 33 2 6
30 46 7 2
34 43 4 16
30 39 11 40
26 16 44 38
16 28 34 5
15 19 10 10
37 44 12 40
28 13 20 0
1 26 1 33
43 46 9 20
30 39 19 42
23 14 21 0
46 13 18 47
16 21 5 3
45 49 5 3
38 35 8 4
35 20 34 4
36 42 4 30
22 11 21 27
29 45 14 32
8 13 18 4
7 40 23 20
35 41 18 8
29 17 22 35
28 19 30 1
0 32 10 4
16 41 16 9
39 16 6 11
17 19 7 24
49 5 15 5
12 34 5 8
17 28 6 12
49 1 28 3
42 44 16 18
30 8 17 22
34 36 32 2
27 45 18 9
36 29 24 24
37 39 8 8
29 11 45 4
36 43 8 39
35 49 41 1
24 6 28 12
27 18 11 42
40 29 1 3
17 44 10 0
13 37 12 43
39 12 36 2
31 41 1 9
39 6 15 2
24 28 19 14
32 38 8 29
32 35 5 5
35 41 10 8
18 37 6 0
35 44 4 6
6 23 35 4
20 18 31 5
11 8 12 18
28 47 19 40
39 11 8 37
40 21 15 26
38 23 15 26
15 31 35 4
34 40 12 7
35 37 19 43
36 40 8 1
30 33 3 18
5 7 20 38
39 43 19 4
35 40 14 36
33 23 25 1
29 31 35 16
39 1 13 5
32 0 44 0
20 46 4 24
37 39 20 32
40 41 45 26
30 36 26 2
23 35 25 3
15 33 13 29
13 30 3 11
24 30 41 24
3 40 11 29
30 11 17 40
42 5 21 46
31 49 23 16
18 1 7 11
32 17 5 1
30 32 25 21
28 42 37 32
1 1 23 0
40 14 47 3
36 36 37 40
6 9 47 0
35 38 10 34
43 9 24 1
5 17 14 42
26 29 3 5
23 13 29 21
24 48 30 9
5 45 46 6
43 27 3 41
40 5 4 46
49 2 5 2
33 30 4 0
48 46 5 25
30 18 13 5
30 24 33 5
38 22 31 42
21 35 35 23
23 34 33 1
36 0 46 14
8 7 5 29
13 14 1 1
34 36 9 33
44 3 5 8
17 14 8 34
23 35 26 7
30 34 0 16
34 17 12 7
30 42 8 9
25 35 6 10
17 41 32 8
45 20 16 14
25 13 31 15
10 27 12 2
46 36 30 18
24 38 47 1
37 14 33 8
37 38 12 32
31 48 27 39
37 38 7 6
39 40 8 17
23 12 34 7
40 36 23 44
36 39 30 6
45 43 25 6
9 37 47 11
37 38 18 21
30 40 34 23
48 2 42 7
31 19 20 8
22 12 13 42
23 32 42 13
15 14 11 31
15 25 14 20
36 36 8 30
39 24 10 38
39 42 5 0
8 14 31 6
20 44 25 21
40 12 21 7
27 2 7 0
37 42 6 8
34 43 46 20
35 45 34 4
39 49 22 0
34 30 36 9
24 37 13 5
23 30 31 0
29 33 21 5
16 13 7 32
38 21 12 8
32 36 11 38
22 47 30 39
44 16 30 9
19 22 8 11
33 6 28 8
5 32 4 39
35 27 14 15
34 46 11 40
15 28 7 5
21 10 17 48
17 26 3 36
29 35 23 6
13 15 12 2
36 43 33 6
31 38 13 38
21 1 29 5
35 32 10 3
34 42 7 5
8 8 26 18
34 39 6 39
22 4 32 7
36 38 29 18
47 7 45 26
23 17 9 31
20 43 2 7
39 18 36 23
22 28 30 5
11 41 18 6
43 27 30 7
37 30 22 27
38 19 6 5
10 6 6 7
14 1 8 9
49 18 19 10
4 24 49 13
41 44 15 34
34 15 9 8
32 47 30 8
26 8 17 49
37 32 33 27
25 11 14 6
32 39 33 3
29 28 32 3
44 41 6 3
8 24 25 2
42 14 1 14
44 44 29 0
33 39 28 9
10 13 4 7
18 0 49 30
7 29 7 10
18 7 5 26
33 40 12 11
32 24 34 5
47 3 31 2
32 2 49 33
24 33 48 25
29 42 4 41
45 13 48 4
11 44 14 4
22 38 12 1
5 37 26 0
12 11 14 0
49 6 11 45
34 7 6 13
4 37 36 5
42 45 10 4
18 2 35 9
22 40 35 7
12 28 3 0
26 39 35 7
15 11 38 16
37 14 9 12
21 44 48 16
30 39 5 38
25 0 33 24
28 36 30 4
31 39 15 6
18 27 12 1
21 29 19 13
9 4 13 2
37 21 2 34
42 34 13 43
35 48 2 27
31 7 6 46
9 3 41 1
32 15 7 22
9 32 3 4
31 20 29 2
21 24 9 41
35 38 2 44
43 43 27 4
18 14 7 14
7 8 10 11
47 1 30 4
2 24 32 6
33 39 4 4
8 38 5 36
46 15 9 10
37 42 10 0
30 46 41 2
39 20 34 2
33 3 21 28
27 28 10 2
33 41 7 5
47 17 26 9
36 39 22 29
38 36 12 9
29 23 21 40
49 6 0 47
28 33 12 24
17 42 8 3
24 43 11 12
39 37 16 12
20 24 9 7
23 9 26 5
28 42 6 0
40 33 14 34
18 21 0 1
44 0 11 16
1 19 10 27
21 15 37 6
36 46 34 19
34 12 4 7
33 46 2 13
38 11 40 17
35 38 8 7
47 29 40 26
39 48 4 7
32 6 48 5
34 38 38 14
28 24 0 33
45 29 11 9
25 4 21 1
33 44 10 6
23 25 7 23
18 14 11 7
36 45 17 2
35 6 28 4
11 36 17 20
25 22 17 14
11 35 10 10
15 36 39 16
43 34 25 5
31 43 27 2
23 17 16 33
7 16 30 20
32 41 11 14
13 3 14 11
12 26 15 22
9 29 8 40
27 29 35 4
42 20 18 37
34 1 0 3
9 26 33 5
38 33 16 7
45 28 21 8
37 43 3 12
13 41 7 4
17 13 16 9
30 24 9 32
12 7 22 3
3 15 40 4
17 16 33 6
25 31 3 18
45 13 10 26
11 32 35 6
37 45 6 6
32 18 12 39
34 49 33 5
35 38 8 47
26 43 6 48
7 25 35 1
34 16 30 10
20 8 24 1
34 46 20 40
20 24 17 3
45 38 5 6
8 23 25 18
40 45 26 5
29 7 7 33
47 47 29 8
32 34 9 5
24 16 3 4
27 5 12 10
8 4 9 0
41 5 34 2
17 42 4 2
29 38 26 10
18 2 26 5
27 8 28 13
6 37 4 0
5 25 34 5
38 17 32 4
21 17 8 6
25 12 11 22
37 42 28 24
17 2 31 5
38 45 18 38
28 19 45 10
32 12 8 7
38 37 11 2
41 17 17 4
32 41 28 12
9 31 7 9
13 28 9 41
28 11 25 5
8 17 30 0
37 39 5 13
8 24 5 41
23 26 1 36
33 37 12 36
28 47 1 15
25 39 15 3
45 25 47 39
23 41 29 6
32 47 8 1
11 24 31 10
22 9 18 11
17 8 11 9
22 22 2 2
12 15 10 7
34 1 24 6
17 19 10 47
39 6 9 43
24 41 21 6
33 4 11 25
14 21 3 49
40 33 11 48
20 30 4 6
29 6 9 23
32 38 9 6
14 36 5 9
31 41 27 17
42 19 5 12
28 33 33 2
33 35 32 3
34 38 29 1
12 38 30 14
23 38 6 6
2 32 12 1
11 8 18 16
10 22 41 11
21 6 34 9
38 43 27 5
26 43 24 18
29 16 41 4
17 27 36 4
14 35 19 5
1 39 41 6
12 14 4 32
12 7 26 17
47 10 9 9
49 31 12 9
8 17 25 27
33 37 7 8
29 32 9 7
47 21 17 7
26 36 9 24
31 0 49 10
20 16 30 4
49 18 26 8
39 37 36 11
10 38 28 5
24 43 23 8
14 47 28 5
18 10 0 37
27 47 4 4
38 4 28 13
40 36 16 10
46 5 9 8
44 4 8 38
40 46 10 2
44 4 6 3
36 39 11 11
41 4 15 2
21 40 38 31
39 42 20 17
35 44 9 0
39 35 27 11
38 27 12 4
24 16 15 44
36 38 15 39
32 36 6 1
15 2 34 1
38 29 29 23
33 33 48 0
42 27 11 3
30 46 13 18
24 40 28 7
21 3 5 47
39 44 4 9
33 0 0 42
28 16 32 1
27 35 10 8
3 19 42 11
35 39 30 0
45 6 49 17
23 9 20 39
20 8 9 41
12 36 23 13
27 3 36 12
44 20 7 11
40 18 45 17
6 4 49 17
34 19 8 10
33 2 5 7
33 37 8 6
32 16 19 35
44 19 26 11
26 14 17 8
27 37 11 7
27 37 13 14
44 11 31 4
39 16 32 2
29 38 22 1
39 46 27 12
45 2 42 42
44 28 29 11
5 21 34 12
34 19 25 36
34 37 10 34
0 24 8 41
32 46 38 7
30 19 8 3
39 33 10 12
21 17 1 14
28 46 17 11
33 33 31 14
36 43 35 13
32 44 16 14
29 44 3 20
31 44 6 46
42 7 35 16
36 16 10 11
41 10 11 2
32 41 35 0
43 11 11 7
8 17 5 37
21 38 25 6
46 39 12 1
27 13 7 31
33 45 41 17
38 25 44 9
26 35 44 11
31 36 12 47
16 23 10 0
12 35 31 0
19 20 44 15
11 19 3 8
18 9 5 4
32 2 29 39
11 2 5 12
35 12 15 28
27 28 18 28
30 13 8 48
33 44 20 16
14 29 22 31
43 10 11 7
37 38 41 4
22 0 16 48
13 21 19 6
36 42 30 4
16 26 47 4
42 41 12 40
29 45 17 19
39 12 5 12
25 28 5 1
22 39 8 11
36 41 14 11
26 42 6 7
9 5 34 8
44 43 38 11
17 45 12 14
30 41 22 47
33 35 28 41
19 0 28 4
16 34 12 7
22 35 0 8
47 2 40 1
19 0 7 41
37 43 10 31
23 25 21 37
38 36 8 2
38 18 2 4
38 37 11 39
34 38 30 6
34 41 21 5
44 36 6 7
12 23 46 36
31 49 35 3
36 40 18 45
37 21 25 18
41 14 49 20
35 42 8 16
11 4 47 18
40 6 28 0
11 9 10 3
36 34 45 3
6 22 6 41
29 0 0 5
4 39 5 12
44 6 2 7
2 27 12 4
10 49 9 12
40 39 10 0
27 12 23 9
33 4 14 44
36 39 30 2
32 21 44 27
25 20 18 12
2 20 5 6
44 0 6 5
7 9 10 20
33 29 12 8
25 25 28 40
19 39 22 1
29 40 30 19
36 1 33 7
5 0 15 0
45 43 10 36
14 13 8 31
39 48 9 5
37 49 9 0
37 44 12 3
32 21 26 2
36 11 29 11
27 44 34 1
16 36 23 3
39 39 10 9
44 33 12 2
36 40 23 0
30 27 6 4
36 37 0 38
36 42 31 14
31 39 25 0
39 14 5 6
22 29 7 8
35 30 1 36
44 47 35 5
16 8 11 13
44 15 0 46
30 34 36 15
41 5 26 13
21 28 11 9
41 8 14 48
24 8 29 1
28 30 29 10
31 49 14 18
42 8 7 5
17 2 6 3
35 6 29 9
39 47 20 28
5 31 6 3
29 0 34 13
29 37 4 5
20 3 6 9
37 39 8 6
41 4 4 1
16 13 36 5
37 43 9 1
17 39 3 7
34 14 39 30
19 6 1 32
42 11 8 8
10 28 5 2
27 35 11 15
21 40 22 8
32 8 10 2
14 10 36 17
16 10 36 24
37 39 32 19
31 40 9 6
26 18 6 3
22 20 15 17
9 28 7 17
27 23 29 14
21 25 13 38
35 6 34 12
36 46 17 8
32 29 26 43
31 24 18 4
18 10 43 0
4 21 11 3
34 10 16 1
14 18 10 3
32 38 7 9
33 37 41 32
36 35 15 41
17 29 15 12
32 3 16 1
26 13 7 36
43 38 6 4
29 27 7 31
26 16 25 20
38 43 7 47
31 5 32 0
31 38 7 3
39 5 28 10
27 29 21 12
36 17 18 32
23 1 19 14
43 0 1 11
5 14 30 5
36 43 17 9
7 5 0 2
32 8 5 33
30 12 33 4
5 15 7 10
2 34 5 46
21 46 15 10
28 22 12 10
38 41 17 9
29 9 12 45
16 1 12 7
37 5 44 15
35 4 20 31
44 1 25 15
27 12 36 18
39 30 9 12
38 39 22 41
37 42 42 3
26 33 15 39
17 45 40 4
35 26 20 40
30 27 5 5
19 46 29 19
33 47 16 46
15 38 21 0
9 28 5 6
30 34 48 7
23 26 3 48
38 33 3 29
25 14 17 6
33 17 7 1
23 31 12 2
36 37 19 42
23 39 35 9
31 5 16 47
29 18 28 2
29 41 4 21
20 4 10 9
13 11 5 6
33 42 18 30
38 41 21 26
14 28 14 0
9 22 5 11
29 32 10 27
34 29 30 18
36 43 6 6
5 23 7 31
32 9 43 12
17 19 33 24
32 42 44 16
34 31 17 11
18 31 4 49
22 24 6 9
25 4 6 3
1 33 0 6
40 36 32 5
37 37 36 1
4 31 12 9
46 11 19 43
45 47 8 40
30 6 16 34
45 36 30 1
47 28 8 2
1 27 10 4
20 20 32 5
45 25 6 6
48 6 21 9
39 19 10 1
30 47 5 2
2 18 24 3
25 41 10 2
37 21 3 24
9 27 8 2
31 7 13 19
12 47 3 42
36 32 3 23
28 36 7 17
10 2 11 39
34 14 5 10
45 33 11 5
47 1 19 32
31 29 9 1
36 31 16 37
22 20 6 8
29 44 12 0
49 23 11 40
38 27 13 12
31 28 7 32
0 28 4 3
25 7 8 24
40 21 4 9
43 16 32 20
15 36 32 16
15 44 8 12
44 48 26 48
10 26 19 3
39 8 24 2
40 46 9 7
35 36 8 15
8 29 28 22
47 29 4 41
30 37 23 6
26 38 7 4
3 21 5 2
27 46 1 44
33 40 5 35
36 20 6 13
33 43 15 0
19 8 28 0
45 9 11 5
11 16 18 45
35 21 8 11
41 45 24 12
7 19 18 3
31 39 17 2
29 12 36 12
28 49 27 10
28 42 1 11
0 2 37 33
32 44 33 18
31 1 9 2
37 5 28 2
23 23 12 30
39 42 14 14
32 44 5 5
31 38 7 4
30 40 31 4
36 26 33 12
35 37 11 0
12 44 7 5
4 0 38 10
33 32 16 3
32 35 6 7
41 11 28 11
12 38 12 15
40 35 13 12
35 40 30 2
31 29 4 20
31 41 31 4
32 44 20 46
42 20 21 33
38 35 12 8
38 34 33 16
40 34 11 45
35 40 17 45
4 22 36 5
45 34 12 29
49 9 13 4
21 19 21 5
41 19 38 0
43 3 32 43
37 41 21 4
2 21 9 4
35 1 29 2
36 39 35 3
20 13 10 20
33 38 44 34
40 41 7 33
17 19 43 4
34 12 23 16
36 28 6 10
12 22 44 11
31 29 35 7
22 32 8 45
7 42 7 3
24 47 13 1
25 22 31 18
19 5 11 11
4 24 0 2
23 40 14 23
22 32 9 8
0 18 29 18
35 39 14 22
7 21 0 3
28 33 3 6
15 20 8 10
13 21 7 39
28 36 36 4
28 34 41 30
37 39 30 13
28 1 14 31
41 41 13 5
14 24 7 4
32 42 5 5
36 17 11 11
31 48 31 16
36 39 40 14
45 36 23 0
17 18 12 3
20 24 15 0
26 31 7 7
24 36 10 9
27 36 31 6
37 3 13 40
31 44 38 15
48 25 6 1
36 46 15 44
31 48 8 1
28 47 16 24
18 13 29 30
31 28 21 9
46 37 4 3
38 38 20 5
27 19 14 11
32 24 9 37
8 11 13 1
0 11 29 0
38 47 26 5
35 17 4 1
19 19 25 24
25 47 26 6
23 2 26 14
16 35 18 39
32 8 11 8
20 9 33 4
26 39 22 26
6 10 4 1
40 17 35 16
39 38 16 29
22 24 32 6
31 41 11 12
19 24 0 34
7 17 2 44
31 17 32 3
14 20 21 12
49 17 36 17
26 46 44 18
24 27 10 24
12 26 23 3
15 46 24 13
15 7 6 14
32 46 40 14
37 3 37 23
11 16 23 4
29 20 1 6
38 5 17 32
43 34 5 11
37 7 10 19
33 4 23 21
35 35 31 7
17 40 34 11
36 31 11 32
37 12 9 6
48 31 7 37
35 16 44 32
24 40 12 36
27 27 27 4
36 37 13 14
30 38 5 5
8 26 33 5
28 47 14 8
17 27 28 2
37 8 28 17
23 2 9 14
33 31 29 6
25 38 2 12
