50 127 17710 800
26 2 31 34
17 14 4 47
1 22 29 47
7 30 25 49
44 32 41 16
45 25 26 13
30 42 49 20
24 20 30 30
31 12 44 25
18 16 20 13
21 7 28 30
6 29 28 47
28 15 27 36
24 2 0 15
27 48 19 28
38 45 22 42
10 28 28 42
6 8 24 10
25 14 18 48
20 13 25 32
16 19 18 8
20 18 17 21
40 40 43 31
20 16 34 39
39 47 47 23
35 46 25 38
46 25 25 42
18 32 21 46
33 42 29 34
20 18 29 37
31 46 6 35
47 33 33 8
6 31 46 27
8 31 2 0
3 4 14 24
10 41 32 37
26 12 27 27
18 5 31 37
19 24 8 34
17 4 46 18
33 15 30 40
49 38 17 18
36 27 0 29
44 41 21 38
25 36 17 40
48 33 36 41
13 39 18 42
19 26 15 42
0 7 40 25
4 5 34 41
28 6 46 34
43 39 23 18
20 24 33 41
16 38 31 35
19 7 25 33
11 29 25 46
12 20 6 4
45 41 23 38
2 23 35 34
34 44 0 20
25 7 29 21
41 8 31 36
15 12 24 6
40 4 48 12
15 39 29 41
24 31 49 25
38 36 3 14
44 49 24 48
36 43 31 44
29 44 13 48
9 15 27 15
24 37 32 36
2 25 47 26
29 37 12 45
37 47 26 34
33 37 33 44
8 10 33 31
37 36 3 16
32 37 5 20
10 19 30 31
35 43 29 20
36 43 4 43
7 37 0 18
44 46 48 30
2 3 35 36
11 33 13 49
13 47 20 33
6 7 1 23
2 28 47 23
33 11 14 39
29 20 44 30
40 49 32 34
45 31 21 38
20 9 8 30
36 40 48 15
8 25 30 37
22 48 34 42
42 37 27 48
39 8 9 46
46 36 8 44
39 15 32 40
32 44 32 9
32 41 45 12
13 1 36 25
34 40 19 44
6 36 30 46
32 48 38 21
46 25 43 11
44 43 24 45
1 5 2 15
42 39 21 43
29 49 31 34
12 18 3 41
36 6 12 21
48 28 44 47
11 30 33 20
21 24 12 41
11 0 35 49
24 15 3 45
12 39 27 26
11 8 24 37
22 33 32 38
21 24 36 37
26 13 24 47
45 38 44 22
13 16 14 43
37 19 21 47
