50 246 17735 800
21 11 49 45
21 25 28 34
21 9 3 12
27 7 24 23
7 30 42 20
8 12 33 39
21 19 2 9
24 16 41 38
30 10 27 39
21 12 29 42
15 23 49 48
20 15 37 47
28 12 26 26
19 20 25 42
22 14 19 33
20 8 46 31
6 21 6 2
4 32 31 25
46 8 26 24
42 8 36 44
44 3 30 41
22 19 1 5
36 3 33 36
22 11 29 40
29 0 26 24
27 11 35 34
7 15 38 31
33 13 44 46
5 46 35 49
27 13 30 38
26 38 33 45
17 26 1 1
21 37 20 0
37 15 12 7
21 18 41 19
25 25 3 0
34 35 7 14
37 13 38 22
21 40 45 8
30 12 21 36
28 29 23 28
42 9 17 4
17 32 34 26
2 20 48 49
20 37 32 45
17 11 29 43
27 11 14 5
42 40 32 47
24 26 38 46
9 18 26 25
18 14 28 49
20 19 40 23
3 18 7 13
23 3 34 47
3 24 45 43
1 28 37 47
15 28 23 34
19 37 41 36
32 9 25 41
5 43 20 38
20 12 33 30
30 4 11 29
25 11 30 37
30 33 25 20
46 30 26 28
26 19 33 37
31 18 28 28
21 31 33 20
24 11 36 46
24 12 42 44
36 19 11 21
16 23 12 5
25 3 2 11
38 31 30 30
30 4 30 42
19 21 18 44
12 32 34 43
29 29 26 44
30 18 25 30
23 47 27 16
21 7 38 33
27 29 43 34
1 23 33 27
39 20 11 15
31 28 35 41
32 8 20 46
20 12 45 45
0 37 21 49
27 15 13 5
10 36 37 22
18 20 19 37
10 25 22 21
36 10 32 32
27 27 23 44
13 0 1 1
18 24 36 31
26 11 31 29
15 32 14 6
12 17 3 7
14 29 42 38
23 19 32 45
26 13 44 37
28 15 36 36
26 10 37 31
31 9 23 26
15 27 10 8
7 21 4 4
19 18 38 37
17 20 17 25
12 22 5 31
44 33 34 38
40 34 43 22
12 13 28 24
23 35 32 35
28 9 32 31
10 35 29 42
32 16 23 27
19 10 4 1
18 28 33 39
17 38 27 26
20 11 12 4
41 10 37 36
7 24 29 26
18 6 13 37
27 10 11 49
14 43 16 1
13 9 21 33
15 16 0 7
9 9 31 12
49 14 34 19
13 44 8 1
25 13 13 1
13 45 33 24
29 11 8 1
9 20 32 29
6 18 26 40
21 17 33 48
23 8 25 30
37 18 36 49
11 47 35 47
12 20 33 43
24 34 39 43
25 34 21 35
27 34 11 19
23 28 35 32
38 0 46 42
23 12 29 39
16 37 40 41
29 6 31 26
11 17 25 46
7 39 1 2
22 15 32 23
29 22 33 40
36 45 24 37
22 15 13 39
25 17 35 29
3 1 34 38
26 13 18 47
9 29 37 39
11 18 31 28
3 31 28 38
13 36 27 40
19 48 19 23
9 46 34 30
35 13 35 27
20 8 29 46
27 37 48 42
25 26 33 31
16 11 37 35
12 18 42 42
6 8 22 40
39 3 3 0
20 22 25 45
27 24 27 29
19 18 30 22
19 35 41 44
24 18 31 24
36 1 2 0
39 17 24 33
30 14 6 14
31 30 22 25
12 43 48 1
23 14 36 28
36 26 36 38
10 13 27 38
21 46 1 4
27 31 23 29
7 22 21 29
26 9 21 49
22 11 41 42
29 12 8 6
40 45 47 46
23 14 24 36
32 22 34 7
11 47 31 31
28 35 35 30
23 26 18 37
16 16 9 18
32 13 35 32
14 37 31 33
9 6 26 20
31 22 27 36
16 16 34 37
29 8 31 48
21 43 16 37
8 34 39 39
11 8 1 7
16 22 23 27
25 30 28 48
20 7 25 37
20 27 21 12
16 15 33 38
19 20 25 38
18 15 7 5
24 17 25 41
27 6 43 30
30 19 16 37
18 30 33 36
26 36 36 38
29 42 1 5
25 46 34 42
16 36 23 31
22 16 7 4
26 15 17 24
16 22 42 42
34 37 28 45
28 44 4 1
21 12 36 48
25 18 31 38
25 15 40 46
15 19 39 34
7 35 32 39
27 25 26 29
36 14 26 37
3 14 28 34
6 21 14 2
2 9 28 37
27 18 26 39
14 14 29 22
17 32 4 3
38 12 37 43
15 28 32 45
41 1 34 49
17 40 39 45
6 32 32 39
13 38 41 49
