50 79 15931 800
9 39 41 29
15 19 39 32
37 26 39 19
16 29 12 4
48 14 44 11
32 37 47 22
39 28 37 39
8 35 15 47
18 15 40 19
14 35 16 39
12 39 12 44
13 28 33 13
15 22 36 31
35 30 38 4
14 28 45 37
11 30 45 19
11 34 43 31
16 37 20 46
39 32 16 31
5 26 26 49
15 37 35 28
36 27 43 15
34 29 9 38
13 37 41 39
22 34 25 15
13 31 43 18
46 11 41 18
9 25 22 4
37 26 24 40
21 8 40 14
28 38 49 29
8 34 22 46
18 18 23 33
46 19 42 17
40 34 45 29
32 29 40 17
26 31 36 33
9 30 10 38
10 29 46 16
32 17 46 13
15 32 38 19
17 40 46 19
6 15 27 26
20 35 40 17
47 10 44 20
20 34 39 25
16 36 41 20
8 37 44 17
43 18 45 10
17 34 27 44
31 28 8 22
40 11 19 11
6 30 44 39
25 10 49 17
43 19 37 43
31 31 45 16
17 35 43 36
26 32 39 21
33 32 10 34
22 10 47 17
16 20 42 38
17 7 40 16
37 27 20 10
35 37 15 29
8 37 39 16
15 22 30 6
13 30 44 6
5 32 40 0
30 29 48 12
22 25 44 17
36 34 4 5
11 20 35 2
13 9 45 31
14 33 41 15
10 33 9 40
16 36 41 17
33 30 44 16
12 28 12 9
41 29 16 43
