50 87 18878 800
43 31 37 9
6 44 36 23
6 32 41 18
47 45 25 18
2 26 44 38
43 16 7 16
38 17 22 4
42 11 17 44
5 40 13 34
36 18 44 7
17 13 5 11
44 17 42 25
15 12 15 44
15 13 19 44
20 32 41 0
43 12 4 15
49 6 43 9
5 48 5 16
4 45 21 45
3 41 46 5
16 15 47 5
18 12 16 42
2 34 37 15
43 9 41 45
36 14 16 43
40 41 41 32
17 20 11 14
12 2 46 41
19 11 37 3
16 12 19 47
40 22 10 9
5 35 20 40
10 45 43 37
9 30 49 16
21 23 8 11
17 16 20 43
6 48 46 34
45 40 18 37
8 20 40 9
14 21 44 32
39 9 42 38
11 6 26 45
18 17 37 28
49 0 19 46
12 39 47 13
43 2 28 38
10 30 18 44
12 25 8 17
33 49 21 40
47 28 5 14
48 8 37 11
7 43 13 10
22 20 35 40
27 32 49 38
17 30 11 14
43 32 36 42
12 10 34 5
12 36 48 29
16 12 19 40
46 13 38 29
17 17 17 44
15 12 41 6
14 32 13 12
40 15 41 22
8 24 34 25
7 37 13 10
16 20 46 20
4 41 17 47
6 24 17 38
45 13 48 27
11 28 18 48
35 44 12 44
18 6 28 24
17 19 42 6
8 25 4 8
12 27 12 1
28 38 8 16
43 14 11 12
43 9 37 8
45 11 30 4
42 25 14 45
14 48 42 33
13 13 38 33
45 46 7 15
24 34 9 15
12 28 43 43
45 13 21 45
