50 127 17538 800
41 22 9 31
36 48 13 47
9 8 6 15
0 11 22 30
43 15 19 40
31 39 27 32
35 38 16 26
40 18 9 33
9 11 33 49
3 8 5 28
13 11 6 36
45 23 6 28
12 13 16 40
6 13 33 47
12 12 36 38
42 17 12 31
2 6 10 36
2 15 19 10
0 14 12 3
17 4 35 18
47 20 24 20
2 10 16 36
37 37 9 18
3 7 10 21
35 21 1 35
42 22 6 37
4 1 14 38
9 10 7 33
44 26 12 30
31 42 17 35
1 4 5 31
8 13 23 19
1 9 5 23
48 39 9 19
2 8 6 18
10 8 7 22
2 7 15 19
6 7 33 16
34 23 5 25
30 45 17 11
1 9 3 40
33 43 2 40
34 8 13 15
49 25 35 48
6 6 37 43
47 17 27 37
43 18 25 41
1 6 18 30
40 19 0 25
4 11 29 34
46 19 28 11
39 25 0 33
1 8 29 29
36 39 22 47
1 20 46 49
0 6 10 43
4 15 3 28
44 23 34 25
38 47 25 27
0 3 2 33
23 20 36 16
5 13 11 21
2 14 18 15
4 13 5 26
20 17 36 43
4 9 3 33
0 4 4 41
8 18 4 35
37 49 15 24
20 13 13 5
17 7 11 27
43 19 34 33
41 23 25 24
30 5 9 14
42 23 0 32
46 23 4 36
13 3 6 30
1 5 34 28
49 18 0 36
9 11 12 8
13 6 18 20
3 13 0 21
1 8 4 37
0 8 11 31
43 25 22 46
6 7 28 41
0 13 21 27
43 25 16 18
37 44 14 11
1 6 14 25
22 17 21 41
45 24 2 35
16 20 10 37
1 18 36 41
10 12 5 40
2 8 23 44
40 19 11 6
40 32 35 41
37 47 14 18
9 5 3 28
48 13 30 48
4 8 2 42
3 18 16 12
46 17 9 22
42 21 7 28
9 12 1 48
7 10 0 30
33 43 7 21
8 17 7 37
42 19 14 22
42 47 27 30
47 14 30 16
5 7 19 35
5 16 34 29
2 10 29 42
0 15 4 49
45 18 21 36
3 14 2 29
12 19 2 34
8 9 40 37
9 11 15 47
2 6 31 34
44 20 2 34
25 44 29 40
6 14 20 47
15 15 23 21
9 4 10 29
