50 131 13628 800
18 42 22 48
20 23 2 41
33 24 13 48
31 27 14 31
20 2 28 41
44 42 29 46
5 44 11 16
35 11 31 48
24 11 49 5
10 6 21 48
37 31 46 1
36 13 48 15
30 24 33 38
26 25 34 5
16 43 4 41
25 42 2 41
14 25 44 41
28 23 7 37
34 26 27 22
38 14 42 35
7 35 39 40
26 41 20 15
10 32 32 33
40 41 41 30
28 29 19 16
34 28 14 36
17 39 26 47
6 37 35 7
12 34 19 46
11 23 17 18
13 15 19 12
14 46 8 39
0 46 34 49
32 23 6 39
26 27 34 14
26 24 23 8
39 14 47 8
30 20 3 46
28 27 26 48
31 24 13 16
18 33 21 11
17 35 23 38
33 26 0 41
17 27 25 47
9 38 41 24
20 4 4 47
23 25 46 3
30 25 34 17
18 45 16 13
7 49 21 47
9 25 43 2
30 28 24 28
22 17 39 4
28 32 44 6
28 18 37 44
31 22 33 28
27 42 21 14
40 43 3 42
32 29 15 13
22 43 45 2
12 44 21 20
31 29 27 25
34 9 42 48
13 34 22 47
30 20 6 47
10 32 11 37
17 33 26 44
31 26 30 35
29 28 42 29
17 22 40 3
8 26 33 44
41 22 24 49
6 44 14 18
34 25 24 48
42 34 41 46
32 19 18 16
22 18 39 36
17 17 21 14
35 26 25 48
23 19 2 44
30 41 34 17
18 22 9 45
32 25 19 46
31 23 4 36
43 17 38 6
11 35 6 44
29 25 44 35
31 25 36 2
5 37 22 24
31 23 22 45
44 26 18 22
11 33 30 8
11 38 19 43
29 26 48 2
10 32 38 29
25 11 12 22
4 25 33 10
23 40 2 44
11 30 45 2
18 34 46 0
1 34 42 9
16 39 24 38
34 26 40 32
6 43 33 1
25 21 10 37
3 44 45 39
16 44 31 37
13 35 5 47
29 22 19 16
35 26 16 10
8 33 36 6
32 29 10 47
29 21 46 1
4 28 36 48
33 27 33 8
31 27 3 49
28 26 24 38
29 27 31 13
31 26 34 12
22 35 19 17
10 43 12 13
18 32 11 10
28 28 19 13
28 29 29 37
14 4 28 47
35 24 35 48
13 26 46 6
30 25 25 45
33 26 13 44
24 29 45 0
24 47 48 4
