50 785 19837 800
6 25 10 30
48 36 5 13
34 43 39 34
13 49 10 35
2 44 23 28
33 34 43 34
24 23 24 34
26 23 24 34
2 21 42 35
39 37 10 18
30 22 14 18
37 13 7 15
21 18 15 19
9 15 32 42
22 17 6 17
19 9 2 17
30 31 11 30
12 37 28 27
43 38 3 37
15 12 40 43
26 16 5 16
38 37 6 14
25 35 10 16
21 10 5 35
15 38 7 6
21 26 40 33
17 10 44 37
13 27 14 18
16 18 22 10
25 11 48 34
8 20 17 16
13 18 8 2
21 48 8 24
13 40 21 42
18 28 11 16
24 14 43 35
26 20 32 27
28 35 33 20
35 30 5 18
32 41 34 34
19 19 6 10
0 45 19 12
25 49 20 31
26 16 11 17
37 21 49 31
34 34 20 45
22 15 8 14
6 39 40 5
21 48 33 33
40 33 27 19
15 17 15 32
23 20 12 31
13 30 35 19
29 17 21 19
21 18 15 8
45 33 15 20
14 20 31 39
3 23 27 42
23 18 30 47
41 22 20 43
23 21 41 30
24 28 31 29
21 15 16 31
29 43 0 3
22 9 9 11
23 28 12 15
9 37 20 11
39 36 5 40
23 33 7 18
8 29 3 8
22 33 5 16
12 33 26 41
32 36 44 39
42 31 23 25
5 28 23 44
11 1 24 31
6 11 12 43
34 31 27 15
36 48 42 33
42 11 42 33
18 43 10 19
34 24 17 17
48 17 11 37
29 38 5 15
17 4 33 20
26 29 8 16
25 38 43 42
27 9 22 27
35 25 36 11
12 24 14 30
14 17 18 16
26 30 16 32
37 32 45 30
20 20 16 14
31 28 33 38
47 34 39 34
35 14 18 39
15 21 7 13
28 8 42 31
10 31 1 5
17 15 10 13
20 23 11 38
35 45 44 42
21 26 26 36
32 45 40 33
18 28 29 33
23 25 7 19
11 16 42 33
34 43 16 35
1 40 46 31
24 20 22 8
21 15 34 24
12 15 11 24
13 44 6 37
16 39 20 13
12 31 36 13
18 7 9 15
13 26 42 32
34 17 10 42
27 26 5 10
26 21 6 14
46 38 4 14
32 33 13 18
21 23 8 18
32 34 23 28
29 14 49 35
31 29 27 31
24 24 15 27
22 30 21 3
21 14 11 17
20 36 8 14
19 8 10 31
24 13 33 13
11 22 12 16
15 13 46 37
25 49 5 25
20 32 9 15
20 20 13 7
30 30 38 36
17 31 25 35
27 20 3 29
28 7 48 11
22 10 6 16
26 5 39 6
44 27 15 47
24 44 29 11
19 28 22 46
31 20 20 33
27 25 21 37
30 29 8 12
10 27 5 49
23 23 38 22
25 14 21 1
31 14 14 39
30 27 11 24
7 32 13 28
15 43 4 17
11 21 17 48
39 24 10 12
25 9 11 45
36 21 40 33
27 19 36 28
24 33 41 10
45 30 11 13
23 17 16 16
18 12 37 31
37 25 20 13
47 16 34 36
30 29 8 15
20 24 3 11
37 26 17 9
23 17 4 16
17 30 14 24
48 40 26 13
22 31 16 20
17 38 14 19
18 39 16 15
21 10 18 47
22 33 9 15
18 4 47 37
9 28 12 11
20 14 26 17
45 42 16 20
23 21 42 31
19 25 13 27
28 27 7 16
18 23 6 31
29 4 12 8
37 35 5 12
43 18 13 20
30 41 13 25
18 27 19 4
17 11 19 22
29 13 7 18
43 19 26 0
13 38 17 36
12 42 28 41
31 29 23 38
7 31 10 6
19 11 17 18
16 14 35 44
30 15 9 15
22 35 5 14
9 28 23 11
20 45 45 34
28 16 8 5
19 15 12 35
27 40 45 39
24 26 26 45
31 45 14 44
17 31 42 43
14 49 10 10
32 23 25 22
15 18 7 35
19 33 19 22
21 17 15 1
23 11 19 15
30 22 42 1
28 9 7 14
23 13 4 15
41 32 8 19
35 42 23 29
27 27 8 15
27 11 12 14
46 9 31 21
2 31 20 48
37 44 47 33
28 21 18 20
16 17 22 36
42 26 5 25
16 15 44 30
27 38 7 16
30 11 7 10
27 10 14 45
25 46 40 30
31 32 25 34
8 47 17 34
42 21 34 20
43 29 11 13
27 33 38 22
29 39 9 19
18 8 6 17
21 10 11 46
25 13 19 23
30 16 28 8
16 9 24 44
29 16 24 42
25 46 0 38
18 9 6 11
19 33 29 0
27 23 10 30
33 34 7 18
27 16 40 40
29 21 23 23
21 17 11 14
38 17 48 31
22 27 35 18
6 16 27 7
36 12 16 12
23 29 11 25
22 20 46 26
46 41 21 3
31 14 5 12
24 12 16 23
23 22 4 42
23 15 11 18
8 9 18 19
27 28 2 36
27 41 35 14
47 38 21 47
20 4 32 32
18 32 1 20
34 23 7 24
24 13 6 27
26 23 18 23
40 20 8 36
27 23 17 44
26 43 36 27
20 20 7 17
29 26 11 17
22 8 47 33
18 12 23 39
17 31 38 15
25 20 8 14
29 22 7 28
28 23 11 23
40 25 4 16
18 18 25 7
41 37 16 15
18 17 28 12
48 8 20 38
34 20 24 33
21 27 7 14
3 30 3 12
39 37 25 29
23 22 7 21
15 10 17 30
13 26 14 13
32 47 9 25
6 26 7 13
26 46 18 7
19 14 7 21
35 48 26 45
24 41 13 11
27 49 6 3
26 11 21 21
31 31 11 15
25 32 47 32
14 25 18 12
12 20 35 10
30 25 22 16
22 20 15 16
31 33 5 12
26 41 5 15
27 26 7 23
23 6 5 12
26 27 5 28
24 24 8 14
16 24 10 7
27 16 18 49
28 7 1 23
33 49 7 24
22 24 21 48
18 20 15 26
28 48 40 36
22 12 11 16
26 7 17 39
34 29 18 13
24 6 30 24
19 42 9 11
26 25 9 29
13 29 9 19
7 20 29 17
32 21 10 23
19 18 46 40
34 43 9 4
15 19 31 15
31 25 47 30
28 26 48 34
21 21 12 12
35 21 46 32
5 49 7 17
27 20 8 15
26 16 47 34
39 32 45 30
11 23 22 27
49 17 8 16
32 37 25 46
19 21 34 43
1 34 41 8
16 36 30 21
25 15 21 21
37 36 3 17
26 24 34 7
29 10 4 15
20 21 17 23
24 19 29 43
27 21 5 19
24 16 26 38
33 13 13 11
25 32 7 16
10 12 12 35
10 26 11 35
13 23 3 27
18 19 47 26
7 37 9 28
2 26 45 31
18 44 20 0
24 32 29 47
11 13 32 3
21 15 10 17
21 22 27 5
20 39 6 39
23 20 5 13
11 23 23 44
37 33 31 12
45 35 34 28
22 8 15 26
24 22 8 18
29 18 42 21
31 29 9 19
15 35 40 25
9 25 16 18
37 47 30 47
21 21 14 33
38 45 36 11
43 37 41 10
23 36 5 19
13 29 33 24
12 43 11 14
24 24 24 2
45 32 28 17
20 43 4 23
32 37 31 30
7 46 46 42
30 20 27 25
15 21 20 33
27 34 5 4
0 38 29 27
43 39 37 15
25 21 24 11
16 36 21 28
11 9 1 5
17 14 13 11
44 38 19 40
29 36 29 42
23 9 35 21
19 0 40 35
25 31 30 18
21 39 38 4
33 20 8 16
9 31 25 27
19 25 9 14
14 29 4 22
22 27 3 18
30 18 13 24
22 49 40 28
41 38 9 20
32 6 9 12
46 42 15 3
1 13 30 1
37 17 49 23
39 31 43 36
26 49 45 30
23 10 5 11
23 23 17 21
18 15 3 23
30 33 45 37
12 30 12 16
42 36 2 20
34 20 43 35
25 18 39 24
0 48 7 45
27 36 48 37
25 49 11 17
40 31 29 45
20 23 8 20
18 10 5 16
24 18 35 28
29 29 26 15
31 33 22 4
28 40 20 6
15 19 14 3
26 26 44 36
18 13 45 34
22 20 8 19
22 12 30 43
25 31 20 30
18 34 20 15
20 28 42 35
24 18 32 12
38 30 13 14
25 32 43 29
18 18 6 15
45 27 33 38
24 33 21 11
28 12 35 7
46 7 38 9
23 19 5 8
17 46 24 28
24 27 7 13
26 49 27 10
25 48 9 18
22 10 39 13
18 48 36 45
22 30 28 8
26 20 8 15
21 22 8 24
22 12 11 18
7 38 5 12
21 26 24 0
28 15 41 29
32 44 8 11
20 26 24 39
29 13 5 7
37 41 31 37
33 32 0 21
20 48 22 27
32 3 18 23
14 37 1 27
18 13 9 7
26 39 5 44
37 4 6 15
11 21 15 27
24 11 9 35
34 13 5 20
26 18 8 33
29 35 15 15
24 33 20 20
18 15 3 29
44 38 10 19
30 31 31 20
48 39 11 30
20 30 0 23
21 35 29 29
17 15 25 49
47 24 9 13
14 16 17 44
28 35 13 17
26 24 35 0
26 24 39 7
26 26 46 32
32 35 49 38
29 20 10 14
8 29 44 31
30 11 41 36
26 27 0 3
12 31 49 36
41 28 35 9
24 25 10 17
22 42 10 10
33 34 0 39
22 49 5 39
25 42 27 17
27 18 11 14
33 17 32 37
35 45 20 39
10 38 15 27
28 12 17 21
21 40 10 10
25 13 30 17
20 28 14 31
16 43 47 18
28 25 36 4
19 23 31 30
13 16 47 37
24 24 25 48
39 28 19 9
46 22 4 15
15 7 7 16
15 14 26 15
18 31 6 17
5 28 7 44
24 44 3 16
18 16 12 18
36 35 35 6
31 27 21 16
21 20 8 16
23 18 7 12
21 19 15 40
22 12 13 26
23 23 20 17
18 33 49 30
12 24 20 44
37 22 9 47
23 19 4 11
2 32 40 16
46 40 5 16
23 14 45 11
15 31 19 21
21 21 12 21
22 21 9 0
26 10 1 23
0 18 12 14
23 31 25 2
13 19 28 21
13 33 5 9
14 24 4 22
21 4 14 43
33 31 16 37
21 29 38 39
33 30 4 13
17 19 21 13
5 20 29 40
34 28 14 10
35 13 30 41
10 34 19 7
17 46 1 26
39 14 5 13
25 37 14 28
18 37 2 11
35 27 19 36
27 34 47 29
15 43 9 48
8 22 10 17
13 34 0 30
38 35 45 35
11 43 11 6
40 16 43 42
37 43 21 7
19 21 44 12
35 5 25 42
21 35 9 30
36 38 26 39
28 20 30 12
30 41 22 2
30 30 13 10
23 24 0 15
49 35 5 5
18 47 9 19
25 32 3 16
21 14 48 32
22 26 1 18
25 24 23 45
41 40 48 37
7 43 2 9
18 31 21 7
22 48 18 38
28 33 8 30
21 27 30 37
21 15 14 0
40 34 9 31
23 24 44 39
27 12 9 39
30 11 45 35
30 17 40 16
32 41 45 42
37 20 12 9
45 34 3 31
22 14 35 15
15 8 6 38
24 14 28 10
24 25 25 8
43 47 23 27
12 36 20 19
22 19 35 9
36 35 45 40
42 49 9 28
20 43 5 15
35 23 45 34
14 15 28 19
49 33 10 18
36 47 10 10
24 20 5 11
6 6 11 33
27 46 17 10
31 20 6 41
43 39 44 34
27 20 47 29
34 46 29 21
16 32 22 29
20 14 14 17
26 19 27 45
26 25 46 42
11 25 30 2
18 36 44 31
20 18 14 7
37 19 10 22
31 11 40 13
21 7 1 26
7 24 29 15
15 16 24 36
7 39 39 21
5 40 46 39
28 26 3 8
16 13 41 37
35 25 15 23
32 25 32 20
13 6 10 36
35 47 7 16
30 17 8 12
17 30 32 16
24 44 15 32
23 9 27 17
27 31 48 34
25 18 26 34
44 22 49 36
21 20 32 23
29 14 8 15
32 31 17 21
13 11 12 20
34 21 14 9
20 16 28 28
5 35 9 44
15 25 6 13
41 48 28 30
39 45 13 40
40 40 31 35
41 14 6 15
40 40 15 43
40 22 35 14
15 34 22 26
22 26 16 29
15 17 44 36
22 16 46 35
21 16 48 34
40 45 18 33
23 28 27 26
19 17 9 17
14 28 6 20
26 28 0 17
16 26 47 32
22 20 17 12
19 31 20 37
34 28 46 34
20 49 40 33
33 15 6 15
9 20 28 4
21 18 9 16
23 22 20 42
17 36 23 5
48 32 31 15
35 40 30 37
23 29 48 15
45 9 19 25
24 11 10 15
43 36 11 17
17 14 40 34
43 30 44 34
48 18 9 22
13 17 8 32
29 24 40 33
27 39 14 9
37 23 0 28
16 42 29 8
22 31 5 44
9 36 44 11
1 43 5 19
32 6 24 21
13 17 22 0
10 37 17 8
39 43 47 40
43 28 48 36
20 37 40 26
33 21 1 1
29 13 5 23
19 23 15 24
41 33 46 27
29 17 3 18
13 10 5 38
22 19 43 38
14 44 11 34
26 9 30 44
27 42 7 16
3 49 43 27
23 25 11 15
19 11 29 32
26 13 7 5
24 17 23 10
36 12 26 33
34 42 7 16
25 27 8 47
35 41 8 20
40 48 23 39
17 14 5 19
35 10 15 2
29 10 18 4
16 15 5 10
24 37 35 0
36 30 29 39
6 22 11 18
30 38 7 30
42 24 12 14
19 9 33 46
37 43 10 16
29 24 20 32
11 37 9 19
18 13 46 34
18 42 4 14
26 22 8 17
33 29 21 47
29 13 43 27
31 29 3 29
6 26 14 28
19 13 17 43
38 26 24 16
11 42 12 16
9 25 30 42
22 14 47 35
31 39 23 40
26 25 25 21
24 14 4 16
27 33 5 16
19 30 39 8
24 33 14 29
25 18 23 7
3 35 30 1
32 27 11 30
41 29 6 15
25 26 7 17
23 24 17 21
29 43 9 16
29 19 43 19
17 44 5 15
12 34 30 41
37 15 16 25
33 49 9 48
48 27 11 22
31 22 12 27
22 17 19 42
27 36 19 6
24 32 28 12
40 30 20 46
42 13 6 12
19 14 2 26
