50 473 12488 800
41 38 44 16
44 36 7 12
2 12 3 34
0 8 7 13
41 34 35 7
44 44 26 25
26 49 21 21
4 15 11 9
36 42 7 8
35 44 8 14
28 43 4 9
39 46 38 31
1 9 4 43
4 13 11 24
38 47 24 28
38 0 5 7
29 45 33 46
33 44 27 28
3 18 24 8
6 41 38 34
42 47 9 14
43 6 39 12
35 47 14 12
3 13 7 42
35 39 37 30
43 45 40 25
27 45 26 37
36 49 21 28
49 33 5 25
38 13 23 15
19 33 35 20
42 43 14 18
43 35 26 24
34 42 10 10
3 11 12 27
13 37 9 11
0 9 22 39
46 48 15 10
47 49 7 43
44 41 49 19
38 47 25 34
43 2 5 24
14 31 27 0
29 20 7 9
49 41 37 29
45 36 8 5
21 26 24 21
36 29 31 34
3 10 46 19
47 33 42 3
38 48 26 1
35 35 18 13
3 7 5 14
10 26 18 40
4 15 17 7
44 37 35 36
39 48 5 32
8 32 28 34
46 4 33 26
47 35 33 11
33 40 11 13
40 28 23 18
45 34 31 32
2 15 43 22
31 47 27 21
2 11 8 10
36 7 24 25
25 42 5 20
5 11 19 8
3 14 21 32
45 4 25 25
21 40 17 45
43 43 33 21
1 12 30 31
48 43 31 17
36 46 24 43
37 27 37 35
32 46 33 5
42 45 48 25
27 39 41 14
43 38 22 35
47 47 22 26
1 11 23 43
42 36 29 30
32 46 25 23
1 12 12 14
43 8 32 3
45 42 29 19
45 8 28 21
34 39 35 34
29 48 43 14
38 8 6 9
48 37 29 7
42 8 39 17
6 39 21 25
4 11 14 1
26 49 7 11
47 42 32 23
30 38 5 13
28 48 24 24
47 10 32 18
18 27 22 38
38 37 1 4
36 44 10 6
25 42 10 13
39 38 8 7
24 48 6 26
38 3 28 15
4 14 34 22
42 9 17 23
44 49 39 19
38 7 21 41
27 48 39 26
27 47 29 5
29 47 34 39
30 49 23 27
4 10 26 19
40 39 27 7
42 7 26 0
30 41 27 39
33 46 8 12
0 13 8 10
39 39 12 8
37 39 31 20
38 36 10 13
2 10 40 38
29 35 16 33
41 48 19 30
41 7 32 1
25 42 19 28
23 38 34 31
34 8 10 11
3 10 38 25
40 4 3 31
39 43 26 20
41 46 34 26
34 26 42 27
0 13 10 14
32 46 16 17
41 44 5 16
36 33 47 27
21 39 42 27
37 38 44 34
38 39 25 28
0 13 10 6
40 45 3 16
26 45 33 2
21 39 41 24
2 15 0 42
33 44 18 9
1 10 20 30
32 44 26 14
4 13 38 34
27 44 11 12
9 34 5 26
40 42 26 29
47 35 5 11
28 47 7 32
46 42 27 30
37 22 26 23
34 44 17 29
47 39 17 9
41 40 34 14
42 48 45 11
30 49 32 12
2 17 29 27
48 39 32 40
37 43 12 12
41 40 25 24
27 49 31 17
23 36 40 28
38 48 35 33
41 35 28 14
28 44 2 12
43 43 31 3
46 43 9 14
45 43 37 45
24 47 10 13
2 14 40 39
4 11 9 9
27 42 42 45
30 36 20 19
37 40 17 9
47 31 5 11
44 28 39 26
38 38 20 14
49 34 27 21
20 47 32 21
42 37 17 37
20 44 39 14
39 48 1 2
3 13 17 40
22 35 19 17
39 47 34 16
42 40 49 38
3 25 37 29
41 35 48 18
42 32 22 27
2 45 3 32
39 33 29 1
24 45 32 27
33 46 8 12
38 38 23 6
7 13 15 12
36 36 34 22
1 14 29 29
2 10 23 29
23 48 47 27
0 14 21 24
11 33 32 32
15 39 32 26
34 49 25 25
8 12 19 25
23 47 46 20
43 7 15 46
41 49 21 19
18 49 30 49
4 15 39 8
39 49 6 13
7 16 27 0
33 44 10 7
36 43 16 28
4 15 48 25
27 47 17 25
46 0 28 30
41 10 19 24
28 47 19 41
41 38 13 13
39 34 29 37
46 34 26 23
21 48 6 15
47 39 8 21
24 48 14 46
40 8 38 11
1 16 23 19
38 8 28 23
18 46 34 24
29 40 13 11
2 12 27 12
45 41 28 31
26 48 44 21
4 11 27 28
29 44 40 40
47 48 13 8
3 11 20 19
23 46 22 34
6 11 36 4
4 10 18 30
7 39 37 19
26 48 13 12
1 15 27 49
28 37 39 29
39 13 5 26
41 33 4 7
22 47 22 27
29 32 10 7
26 43 16 18
41 34 45 13
19 39 18 22
39 37 49 26
43 45 38 12
24 46 30 27
43 33 36 2
28 43 17 29
44 7 31 23
34 49 20 38
7 10 38 16
4 8 21 19
47 37 24 25
44 5 21 36
36 1 22 18
3 15 29 21
49 38 41 20
44 34 15 22
23 47 47 17
23 44 45 17
1 10 19 19
45 40 35 5
34 39 38 14
16 47 30 21
45 44 8 11
19 45 11 9
22 42 37 36
37 47 10 37
42 2 23 26
12 30 45 21
44 46 24 25
20 46 35 20
22 47 17 10
2 10 24 5
41 2 28 10
35 33 25 28
41 48 17 48
33 49 44 40
41 48 39 18
38 10 28 37
35 39 38 26
44 15 8 11
35 45 30 13
41 43 1 10
43 10 11 11
3 13 24 31
1 15 25 40
40 49 25 3
45 48 24 43
4 15 42 6
33 46 29 35
29 15 36 7
39 45 10 8
33 47 6 29
43 44 42 14
39 42 33 25
1 12 21 17
44 5 10 12
36 49 23 22
7 9 48 40
39 12 41 20
23 42 15 29
4 12 9 36
39 13 13 22
31 38 23 34
37 36 27 39
39 1 37 18
36 3 4 8
41 45 28 27
40 46 27 31
0 12 38 14
39 49 11 16
47 41 36 8
45 44 44 6
45 39 38 41
45 35 12 9
49 43 18 9
42 35 37 25
35 42 31 9
27 46 12 42
1 15 29 28
37 48 29 27
7 18 44 23
44 36 44 27
46 5 37 10
31 42 40 27
41 42 33 14
3 16 20 23
3 18 26 21
45 7 23 22
6 11 19 10
41 47 26 22
6 13 20 14
36 49 18 45
0 11 33 42
48 32 4 48
40 46 17 7
16 33 30 26
23 42 9 12
24 45 34 45
39 44 22 20
1 14 24 7
49 38 24 2
45 42 42 12
41 8 31 30
40 46 32 44
31 32 19 11
1 10 29 23
31 45 8 14
34 34 23 29
41 10 19 37
46 5 27 8
45 6 14 24
6 12 20 16
38 11 26 37
44 48 49 36
24 36 17 13
45 41 26 25
41 5 20 18
36 36 31 29
31 38 35 19
28 41 13 11
42 44 23 23
23 46 40 1
42 47 38 42
1 14 23 4
19 49 17 13
23 48 7 6
44 8 33 17
3 11 7 31
26 39 34 34
19 47 17 30
21 48 7 11
37 48 42 20
4 13 41 36
37 41 19 41
1 7 15 25
14 17 22 30
37 47 15 13
29 41 36 46
49 43 31 25
2 12 40 13
25 49 7 7
27 48 24 38
44 32 22 20
49 36 21 17
2 15 21 21
38 48 8 13
38 42 40 1
20 49 16 11
22 32 49 49
34 24 6 8
36 44 10 8
1 13 11 15
47 46 27 12
38 8 6 6
36 46 40 34
33 46 13 13
40 41 28 9
2 10 11 20
4 15 45 22
48 34 21 23
0 12 9 11
40 37 23 28
24 48 24 28
25 49 27 17
23 30 17 31
33 30 37 26
47 47 29 18
49 4 10 10
25 29 27 6
35 44 14 37
28 47 1 15
36 10 15 10
33 39 25 1
46 47 22 9
2 10 30 48
42 45 45 11
49 39 11 8
38 45 37 32
27 45 11 41
2 14 30 8
31 47 6 15
0 8 33 41
25 41 35 37
42 5 1 41
42 44 44 19
14 41 17 45
31 49 22 12
45 38 30 28
22 41 20 16
22 43 20 9
2 6 11 13
26 43 21 26
3 16 30 47
20 47 25 27
49 49 29 35
4 17 14 10
44 42 29 21
3 12 35 18
34 9 32 29
38 46 43 31
47 39 25 13
42 38 32 19
29 42 44 25
5 14 31 31
43 47 27 33
41 42 33 20
46 8 14 13
43 3 25 22
40 49 27 31
41 3 11 14
38 48 33 0
43 44 31 26
2 11 23 19
37 48 32 18
2 14 27 34
