50 108 12658 800
12 30 29 43
28 2 23 1
37 25 29 4
17 26 44 19
38 23 15 36
3 14 25 23
36 11 6 29
7 6 9 19
42 8 20 27
36 15 26 3
19 34 14 46
19 19 36 11
17 26 46 29
22 47 25 0
13 29 20 0
47 3 24 4
18 29 23 0
49 16 21 37
24 21 16 18
5 33 27 4
17 20 27 41
27 47 15 40
20 28 37 26
20 27 39 22
27 4 21 2
15 35 29 4
5 12 38 41
12 1 29 6
13 14 36 29
10 35 21 7
8 30 31 17
39 6 27 1
38 39 7 49
18 16 33 10
21 9 24 26
17 33 27 13
16 18 25 6
21 29 41 16
38 4 21 24
15 40 34 33
5 46 45 9
24 32 24 4
7 38 27 2
34 35 22 2
22 19 16 34
41 37 22 3
27 13 48 29
15 13 9 31
28 19 27 14
14 20 30 0
23 27 18 3
47 11 29 47
16 30 25 2
23 26 22 1
47 5 25 1
19 22 2 9
23 15 37 14
19 40 24 2
21 38 26 3
20 31 44 44
21 16 24 2
23 23 43 39
20 25 49 1
28 0 21 28
9 25 28 33
33 13 21 31
15 15 36 37
21 43 6 26
6 43 44 15
15 18 25 3
32 3 5 24
44 15 28 4
20 29 20 8
42 4 19 0
28 38 10 37
26 14 17 35
0 36 38 33
17 9 27 48
13 16 29 0
23 22 26 14
25 26 23 2
46 4 11 41
22 10 35 26
21 19 24 26
37 16 33 24
20 32 10 33
27 42 23 6
20 30 25 38
12 21 39 45
16 24 46 26
12 1 19 8
27 15 18 9
39 4 24 3
20 38 26 4
22 23 43 27
15 21 22 10
24 27 6 30
34 6 30 7
21 4 44 27
10 19 21 18
27 22 3 20
45 10 28 3
39 0 12 10
16 48 24 29
26 16 25 3
14 29 26 0
23 30 31 6
45 11 28 9
