50 97 15181 800
25 42 12 25
41 20 8 46
26 28 29 42
37 40 29 30
42 30 0 40
37 36 11 26
30 43 30 12
15 28 46 9
45 39 18 4
39 11 42 32
2 27 32 10
42 31 37 22
48 39 8 30
40 21 29 38
48 20 29 23
39 39 15 40
19 26 8 34
38 24 22 31
25 39 46 41
27 29 12 49
39 37 11 23
38 43 19 23
27 46 28 36
6 40 3 34
22 49 0 46
43 33 14 44
42 36 21 41
36 21 29 15
41 38 38 32
29 44 34 48
41 28 12 8
32 47 22 21
16 24 21 23
17 8 23 18
29 42 22 5
39 38 15 31
25 17 21 38
40 26 34 16
47 16 1 30
28 35 8 34
32 38 22 23
42 39 23 30
43 37 26 23
40 25 23 20
0 8 39 30
31 21 18 13
27 29 32 27
26 24 16 31
42 37 11 42
45 35 33 23
35 46 7 43
38 26 35 32
44 35 7 29
39 36 25 24
37 24 23 26
31 46 7 45
39 37 41 42
29 45 35 39
16 38 42 29
47 41 26 25
24 45 35 30
36 26 21 11
34 47 24 28
44 37 30 19
39 28 27 26
39 38 1 30
45 35 28 35
36 27 30 45
38 26 1 31
44 30 14 26
42 39 31 39
47 31 3 34
42 40 14 48
49 13 11 29
10 6 42 14
9 6 16 41
42 37 7 4
32 23 7 42
32 32 4 25
35 49 36 12
31 43 5 43
25 41 42 48
44 35 27 47
43 36 35 33
26 40 11 43
24 38 24 46
48 39 19 22
26 46 32 27
39 35 36 29
17 37 42 28
22 46 20 28
31 48 25 29
41 17 22 22
17 29 27 23
38 38 30 49
41 36 15 33
20 2 14 27
