50 404 18830 800
9 44 31 6
45 29 43 33
27 28 27 9
43 48 30 8
36 17 40 18
20 39 42 33
44 18 38 31
26 22 21 37
22 13 30 26
12 45 17 13
36 34 44 32
47 37 41 0
31 30 31 4
38 41 45 36
43 35 36 6
21 27 48 8
48 45 40 12
46 39 43 3
30 28 35 29
35 28 32 31
10 49 34 33
30 18 34 30
45 39 33 28
26 13 40 10
42 24 39 31
43 28 42 8
26 39 26 26
34 5 45 8
35 11 38 0
43 26 45 4
34 31 47 36
25 17 21 23
49 36 35 32
34 7 40 6
35 44 37 34
45 46 21 35
37 6 22 15
28 23 34 17
48 41 33 7
34 33 37 46
19 26 47 8
48 44 33 44
19 21 41 6
29 20 44 28
34 25 23 36
32 37 49 12
23 43 36 47
41 21 37 37
15 25 48 6
21 17 18 44
14 24 20 12
23 19 34 37
31 29 34 32
31 19 27 10
26 15 35 33
36 34 30 20
39 25 8 36
39 25 43 38
44 47 43 1
46 13 27 42
22 37 47 3
36 33 39 30
38 31 33 23
49 35 18 11
39 20 47 7
3 16 43 46
37 49 46 6
17 23 14 9
45 22 25 47
3 37 16 44
23 13 21 29
31 18 30 45
36 42 36 11
40 4 36 29
12 35 48 24
30 18 40 14
25 47 26 10
19 37 35 31
42 20 41 33
26 20 47 6
41 34 33 6
30 20 47 36
22 23 21 3
41 23 19 3
21 14 10 24
22 46 31 21
10 20 7 15
28 19 25 42
28 41 37 30
43 47 26 33
16 25 23 45
28 18 45 4
24 35 21 0
46 5 22 4
17 16 3 35
28 28 17 33
25 8 44 3
29 37 19 27
35 35 27 23
15 46 45 3
31 21 36 29
39 44 46 9
35 30 36 21
35 31 39 5
32 42 30 15
24 28 42 33
42 47 23 8
22 17 31 33
26 26 38 19
39 24 34 33
28 11 44 16
48 15 21 20
47 18 33 4
31 15 12 13
13 39 47 31
4 16 47 3
26 21 47 34
34 27 41 35
33 19 35 34
35 39 13 13
29 14 35 34
34 46 1 35
39 11 44 7
36 43 41 37
28 8 44 36
27 34 38 19
48 44 33 30
18 18 25 4
38 44 35 11
37 22 43 3
39 36 37 6
41 47 36 34
16 38 35 30
29 14 26 30
36 37 32 13
33 10 37 36
20 23 37 34
38 40 49 18
10 35 36 35
35 39 27 8
22 21 43 3
33 5 40 13
30 25 15 12
17 27 30 44
33 25 22 13
25 13 43 32
24 32 43 7
43 9 34 37
24 27 48 4
29 21 16 35
14 45 39 4
39 18 44 1
41 31 47 31
17 9 17 32
38 28 47 8
38 47 41 0
35 40 27 43
25 20 35 34
24 33 38 16
42 25 36 2
25 46 24 35
15 45 37 31
23 25 31 3
47 40 47 49
31 19 48 36
28 15 39 29
42 10 32 44
39 14 33 30
38 30 44 23
43 43 42 3
29 44 34 34
34 37 47 45
26 35 10 10
17 14 47 35
17 19 11 46
30 27 23 17
36 4 40 33
33 40 36 31
27 17 49 15
35 46 31 0
48 18 29 8
39 44 25 8
36 21 12 37
39 34 38 8
13 48 42 36
35 27 34 34
33 32 34 48
44 45 33 31
25 12 23 28
17 29 41 7
23 16 39 34
25 46 37 19
24 20 30 38
32 32 43 2
22 22 45 10
44 32 43 6
30 39 24 5
17 42 33 31
34 27 37 7
49 44 33 3
43 19 37 16
45 36 48 3
39 40 17 7
43 37 17 32
28 11 43 36
43 47 47 8
14 40 31 32
34 41 42 26
23 20 45 27
49 42 45 1
26 16 31 34
30 38 44 41
47 34 28 5
28 22 19 1
34 21 34 15
26 32 37 14
42 28 35 31
33 23 38 48
23 28 31 5
38 18 38 34
44 29 46 37
21 2 33 8
24 33 17 39
17 19 46 33
22 34 22 2
41 41 27 13
30 46 44 36
20 31 47 5
29 42 17 8
19 48 49 34
33 25 40 1
30 27 21 8
35 21 37 33
31 35 32 22
29 30 33 29
23 9 37 11
33 22 32 40
48 38 13 34
3 25 33 37
27 18 43 6
24 37 41 10
42 27 23 21
29 35 12 24
48 39 36 19
32 17 32 8
49 36 8 27
32 4 48 20
27 21 44 36
27 19 20 7
5 24 35 34
7 15 32 34
28 12 41 36
25 26 39 33
36 48 26 5
44 48 27 45
30 30 35 35
26 20 47 9
34 26 31 32
45 38 42 16
40 33 44 8
28 35 14 32
28 29 38 3
42 33 31 2
36 37 38 42
32 2 44 0
31 26 35 31
32 28 15 19
24 31 33 30
33 31 43 7
46 34 49 2
23 16 38 32
39 37 48 33
22 22 35 27
16 14 46 15
47 17 37 1
22 20 28 10
14 19 35 6
27 26 16 12
32 30 49 6
23 35 37 38
24 26 35 30
11 26 12 43
25 19 39 27
39 32 41 3
28 40 45 13
31 24 37 7
33 26 35 37
49 28 24 8
17 38 39 8
22 18 46 34
28 25 38 25
28 47 37 5
24 27 31 11
48 49 35 17
33 2 36 12
36 42 36 29
26 4 40 37
40 48 44 32
27 12 15 25
21 18 24 7
15 44 39 35
29 46 38 31
34 33 43 46
30 39 9 38
40 41 29 4
36 18 20 23
35 49 31 32
21 35 36 13
24 31 46 46
35 21 32 3
33 12 45 42
46 49 46 30
36 27 33 34
22 25 39 23
29 45 39 30
25 12 38 1
35 31 24 49
6 46 35 31
43 48 22 16
23 28 39 31
42 37 41 30
17 45 40 35
31 24 40 38
25 15 39 42
28 20 49 2
44 33 34 30
30 10 33 8
25 38 47 7
41 32 36 32
17 21 36 32
30 25 5 20
13 18 43 28
31 42 17 35
19 46 29 0
46 43 37 32
48 33 41 5
32 5 43 37
23 23 39 36
27 37 49 32
33 13 23 2
15 26 49 35
34 34 36 37
39 28 44 41
40 36 44 40
32 44 27 10
29 24 36 34
29 23 0 22
27 46 49 19
42 33 29 37
33 28 33 20
38 37 44 40
38 1 31 28
22 14 39 9
41 27 47 0
7 28 33 38
34 18 0 9
28 10 45 41
23 19 33 8
29 12 42 28
36 18 41 5
28 11 29 47
24 5 48 33
37 41 2 21
35 12 25 41
28 14 37 30
26 35 43 11
29 29 27 13
36 27 35 35
22 20 44 34
20 22 28 41
34 32 43 12
33 8 30 33
49 25 35 12
27 25 43 7
42 33 29 43
10 49 31 29
28 21 42 2
37 16 22 10
49 49 42 34
22 21 36 28
20 27 48 0
38 8 25 8
28 20 34 32
27 20 40 2
21 29 33 33
20 26 25 32
39 32 34 39
47 40 45 36
32 42 26 5
45 31 39 10
28 34 32 31
37 15 43 34
36 32 42 32
26 49 44 3
40 20 36 34
20 20 26 10
19 0 42 7
39 41 31 34
48 41 19 39
32 21 48 6
28 9 28 48
30 13 29 9
29 46 30 41
40 44 36 31
