50 321 13363 800
36 8 49 42
28 13 47 19
24 15 43 19
42 5 43 19
22 13 41 19
26 2 38 1
11 1 45 21
43 13 44 17
35 5 39 12
35 12 31 15
35 15 28 22
42 23 26 14
40 26 17 46
24 1 9 43
32 21 46 12
36 8 45 24
42 17 39 21
40 15 48 15
3 23 47 23
32 7 49 19
34 0 14 47
31 18 45 19
35 2 45 20
26 9 44 17
32 14 6 12
33 11 48 17
38 11 27 29
18 20 39 20
33 20 39 19
30 7 47 17
38 2 48 18
40 10 49 19
32 10 48 34
16 7 45 46
33 14 10 43
41 22 22 3
15 0 43 22
11 6 49 28
44 9 43 21
28 2 46 12
43 13 46 22
32 5 48 16
14 2 25 36
44 11 36 0
8 21 48 22
30 1 10 15
28 2 49 24
32 16 3 25
37 11 47 23
36 8 26 35
31 5 46 20
34 2 12 27
39 9 49 20
32 9 47 28
32 17 48 22
46 13 41 28
34 3 45 14
27 15 49 22
18 3 47 19
12 3 49 20
29 12 44 21
9 2 39 16
39 1 47 21
22 17 36 17
29 6 44 21
34 1 45 24
26 3 10 24
40 16 45 17
21 7 45 18
38 15 43 19
40 5 19 26
33 15 21 11
37 9 49 18
46 9 47 23
43 1 31 9
12 8 25 21
38 17 46 26
37 2 44 19
13 11 8 30
26 18 42 20
32 4 18 19
19 3 40 33
36 3 42 24
36 8 13 27
37 14 38 18
27 17 42 15
37 9 48 15
44 9 47 24
40 12 42 33
30 10 48 20
26 12 35 30
28 2 40 43
27 3 36 41
24 22 17 47
4 22 36 29
26 21 24 28
34 12 44 28
16 12 45 24
33 3 16 36
34 13 46 16
39 15 39 20
18 5 46 21
24 24 21 11
39 19 46 23
37 22 5 10
41 5 45 16
41 3 47 21
24 4 46 20
32 11 36 26
13 10 45 20
35 20 44 24
1 5 7 31
45 1 30 18
28 17 47 23
24 12 34 17
27 8 41 28
36 11 37 22
32 13 5 0
35 18 41 19
32 12 24 33
34 4 15 40
31 21 38 11
26 17 49 27
24 9 43 19
33 17 45 15
29 2 47 18
9 7 45 17
47 16 25 41
18 3 31 28
8 41 19 21
46 19 35 2
28 28 47 20
30 5 33 31
38 9 47 22
38 1 45 23
35 10 32 13
21 1 44 18
32 25 32 5
37 7 47 22
43 1 48 28
23 12 47 17
10 6 2 26
22 2 46 22
31 8 42 17
30 3 37 14
31 15 49 25
35 16 16 46
31 6 49 24
37 20 48 22
30 18 47 41
30 17 23 1
29 8 36 24
31 7 11 32
9 0 48 29
35 3 46 16
6 0 44 11
26 34 45 21
26 13 45 28
39 9 37 35
34 20 42 31
28 0 3 41
40 6 44 18
3 12 45 19
48 4 48 21
33 0 37 17
14 7 32 1
36 3 42 30
27 2 46 23
3 19 0 35
32 2 44 23
41 3 29 28
33 6 38 23
47 21 42 29
32 0 15 38
22 13 43 35
40 34 47 22
31 16 43 19
22 6 23 24
18 14 48 19
28 4 42 19
36 12 47 24
43 4 47 24
16 21 47 21
36 17 45 24
26 6 48 47
28 11 44 19
47 31 33 28
41 3 34 12
9 8 47 17
16 9 47 16
30 10 40 3
29 18 47 18
30 3 48 22
49 14 11 24
30 10 38 27
18 10 23 28
33 6 45 25
22 10 11 30
38 0 46 11
35 10 48 24
31 4 46 24
16 1 47 19
43 4 25 45
32 7 42 30
29 7 45 19
32 15 46 21
18 5 28 16
24 3 22 37
39 15 44 23
33 4 46 22
35 4 31 14
41 9 15 31
37 14 46 21
32 12 43 20
41 21 45 18
10 14 48 19
33 6 46 18
35 3 31 16
39 4 21 26
46 20 28 22
39 12 40 17
35 1 48 20
14 5 42 23
26 25 40 23
36 17 29 37
36 18 11 49
44 20 40 24
41 12 39 3
42 32 26 19
48 16 14 23
44 18 31 27
26 8 6 28
44 12 47 7
38 14 19 25
25 15 42 18
34 0 43 13
33 11 22 25
26 7 16 31
38 9 43 23
15 15 45 22
19 5 5 16
32 18 29 29
29 7 45 23
33 8 22 10
1 18 5 48
21 9 40 31
34 2 32 36
39 0 26 43
28 0 10 36
37 9 39 24
20 22 43 20
13 3 45 18
32 11 46 20
33 13 47 21
30 21 30 7
34 3 42 27
26 18 22 43
29 21 41 35
36 11 45 19
35 23 10 32
44 3 38 27
34 16 44 20
27 1 49 20
41 13 44 21
37 8 44 29
29 5 35 31
34 13 23 25
43 15 1 27
32 22 37 17
24 10 24 18
35 7 39 20
12 3 44 2
40 29 20 12
34 4 30 23
20 17 46 24
42 17 49 18
37 3 8 46
39 11 41 20
3 26 43 17
40 2 36 21
48 6 44 33
41 0 47 19
33 10 26 7
27 11 43 18
34 14 48 31
47 0 44 20
18 6 32 19
45 0 48 25
35 7 13 42
32 1 33 40
38 4 41 29
32 7 48 23
27 8 49 25
19 3 13 31
24 15 23 8
5 11 26 48
12 14 32 29
30 13 2 37
34 20 48 15
38 14 16 13
15 17 37 22
35 3 9 18
33 13 47 23
15 27 29 13
35 10 24 25
30 24 48 21
32 19 22 11
25 20 40 21
26 0 40 17
30 4 47 12
33 4 40 13
44 16 21 15
48 3 36 31
31 15 48 21
32 14 43 32
44 13 42 7
34 13 46 3
44 21 45 16
39 17 48 25
13 10 47 38
23 6 45 26
