50 56 16144 800
34 7 35 29
20 41 37 12
39 41 25 34
28 43 21 40
5 20 33 2
41 19 33 36
36 33 49 22
28 44 44 39
37 1 36 41
31 20 47 45
14 36 18 17
26 16 29 10
33 45 36 8
35 49 28 10
32 40 36 32
43 14 19 34
45 4 20 27
29 42 46 31
32 36 8 18
12 47 20 19
31 47 49 34
6 37 33 36
23 45 43 25
35 10 18 31
33 21 46 2
15 3 37 12
39 8 23 14
41 49 45 32
26 11 39 1
27 49 34 35
4 41 37 1
32 41 38 4
36 1 35 28
6 31 25 36
29 34 23 6
37 2 22 12
34 36 22 30
24 8 20 25
35 31 49 2
34 49 39 23
41 31 40 27
26 1 47 29
36 43 41 30
25 48 44 7
32 49 30 14
36 47 19 12
38 44 31 25
42 3 29 21
43 1 36 40
29 35 26 42
27 35 32 37
36 49 11 17
48 43 42 36
27 2 33 24
13 9 30 7
23 16 35 33
