50 178 15365 800
38 24 32 38
31 32 22 29
34 24 27 20
28 20 32 35
11 13 1 44
21 29 45 16
31 5 29 27
11 12 23 13
26 5 30 1
11 14 28 21
6 11 29 13
3 43 23 9
21 2 34 26
41 38 33 27
28 4 47 1
18 23 33 24
8 11 41 9
24 9 16 29
23 18 6 41
35 28 25 42
31 5 27 10
11 3 10 18
11 11 7 47
20 10 5 15
45 33 26 11
19 48 35 5
2 36 46 5
17 15 40 3
10 12 43 4
2 20 29 29
26 22 34 20
14 0 49 16
8 11 23 11
48 8 17 16
13 39 0 43
6 10 29 43
1 13 20 38
28 8 7 13
14 8 26 10
11 9 29 15
36 31 35 8
37 37 24 9
15 12 47 32
10 15 29 25
11 7 32 17
6 12 49 20
7 13 43 16
11 21 26 8
18 7 33 10
11 11 5 16
9 23 48 12
1 2 18 32
13 49 17 44
41 30 49 20
9 18 24 24
6 16 1 24
7 16 36 13
35 29 45 13
14 13 21 12
26 21 39 22
5 47 28 20
43 38 39 17
44 30 41 25
35 29 49 18
3 5 24 10
30 40 5 38
6 11 3 32
42 21 32 35
16 10 37 17
9 17 44 1
14 19 28 17
5 4 24 14
30 26 12 30
11 10 39 11
14 19 46 12
4 35 45 37
6 14 36 7
28 28 44 2
44 15 32 21
7 23 25 12
9 12 48 3
47 20 23 19
34 30 35 12
36 27 29 13
10 9 7 39
38 33 42 9
20 31 22 14
38 27 24 17
9 15 15 8
29 43 40 11
12 13 43 3
34 43 42 13
9 10 40 23
11 34 31 20
21 1 21 16
25 3 48 20
7 7 44 30
9 13 48 15
2 2 3 46
11 9 32 12
8 12 25 7
21 4 29 15
16 8 22 19
22 38 13 5
22 35 47 9
9 7 38 4
2 49 25 38
11 31 28 22
35 31 23 13
26 31 25 8
9 15 34 30
11 14 4 21
9 13 22 13
6 14 34 34
34 28 35 21
42 37 28 17
8 13 22 13
12 26 11 43
13 9 3 43
35 31 21 2
11 16 31 16
2 32 38 16
3 8 3 46
8 14 31 26
34 24 12 15
5 45 48 18
4 24 27 14
24 33 38 10
23 6 21 25
31 29 47 16
9 11 33 24
12 11 41 10
43 25 32 19
34 19 23 10
11 0 47 19
12 17 39 23
45 18 35 36
3 37 21 12
11 23 29 14
6 37 27 17
23 16 22 4
9 6 33 24
1 30 33 29
11 4 14 26
10 15 39 24
7 14 31 22
5 32 30 6
4 12 27 14
9 45 40 3
22 9 5 46
15 12 48 4
11 8 47 19
36 29 2 12
5 10 28 13
10 17 27 34
29 20 22 14
38 26 31 27
18 43 17 14
39 31 44 17
10 16 16 42
9 37 16 5
11 22 25 42
10 16 45 16
12 29 14 44
5 5 33 17
15 14 23 10
0 39 46 26
2 30 31 23
11 6 5 43
32 32 22 12
22 13 6 23
22 11 26 16
37 33 34 35
20 0 24 16
2 29 32 37
39 29 47 14
16 18 36 24
15 13 20 12
