50 744 16798 800
13 19 8 30
49 19 16 37
30 16 4 48
9 10 10 25
30 14 13 46
29 31 33 47
5 9 5 34
20 48 3 3
28 6 31 8
25 11 6 46
34 4 10 13
40 36 8 17
18 25 38 5
44 34 40 2
29 27 16 5
14 1 15 40
39 48 15 47
41 8 32 1
8 10 9 26
29 23 11 30
19 4 6 23
12 14 7 20
46 44 5 6
15 32 9 31
34 15 17 49
21 18 7 47
14 10 10 30
11 17 19 45
11 23 15 46
21 31 33 17
28 39 35 13
31 33 12 48
6 19 2 0
36 12 6 42
33 27 2 25
33 14 5 7
14 5 43 23
24 2 35 8
16 8 9 0
23 34 21 3
8 17 21 46
41 21 10 26
43 11 11 48
45 13 14 41
27 6 20 47
37 46 16 42
36 29 12 34
20 28 12 45
23 29 2 24
30 23 13 21
37 3 7 37
36 39 5 31
25 21 24 14
30 11 18 31
38 29 0 7
42 10 11 24
31 5 31 33
27 1 14 21
34 4 19 43
36 18 15 46
45 24 49 10
30 43 18 16
46 37 18 48
36 7 23 41
3 11 14 46
42 36 16 43
19 32 13 46
27 11 20 18
32 11 14 46
21 26 18 15
12 4 5 28
38 34 46 24
44 43 18 27
27 25 20 9
8 16 41 35
43 9 1 17
19 13 7 31
5 10 12 20
11 30 12 47
29 3 13 29
49 35 15 20
18 18 10 26
13 21 11 45
12 16 32 13
47 16 31 42
31 4 16 38
11 10 35 11
17 7 17 23
37 8 15 44
36 38 6 40
15 0 11 45
40 32 18 13
36 13 10 48
19 14 17 48
32 32 40 15
39 9 8 15
12 20 14 49
43 12 6 46
47 35 9 47
14 21 38 6
6 28 11 17
16 26 13 49
23 11 10 43
11 21 16 37
41 26 17 41
13 7 16 46
14 12 14 18
17 26 16 42
28 34 38 9
41 25 17 45
9 39 10 18
12 3 11 14
15 24 17 43
39 3 23 41
7 12 8 44
31 10 17 24
35 44 13 36
9 17 13 49
21 11 41 33
33 32 2 20
25 23 9 29
29 10 11 48
43 6 5 8
40 9 10 18
18 40 22 32
32 31 18 5
25 24 5 34
35 25 25 41
27 6 14 41
9 11 14 32
6 2 12 26
43 8 19 4
23 21 25 7
26 31 40 31
21 21 27 21
13 11 18 45
40 17 11 42
21 15 17 41
47 8 7 45
13 11 2 12
44 3 11 16
44 29 5 6
27 28 37 2
21 36 8 37
22 44 20 22
21 20 20 33
26 28 16 12
46 34 38 15
20 1 5 11
31 0 14 47
37 6 11 18
9 20 20 26
34 15 3 16
20 42 16 36
13 38 10 45
28 23 2 38
32 7 22 37
47 30 13 26
21 30 39 2
29 13 10 3
12 8 16 46
2 10 39 10
25 6 24 42
42 20 2 10
13 10 4 5
39 44 19 47
32 18 11 19
27 20 32 46
38 4 15 41
24 4 9 34
34 26 15 44
45 4 46 13
37 35 4 7
17 11 46 43
10 4 23 10
19 11 12 0
28 4 1 24
2 25 11 41
24 19 6 15
30 20 16 48
24 11 14 43
10 30 17 49
1 7 14 25
37 40 12 44
1 4 23 2
24 26 8 43
27 1 15 22
38 13 23 14
31 42 37 7
6 7 13 34
15 4 16 23
32 43 28 9
48 9 34 42
13 18 35 9
25 22 31 34
29 44 22 45
34 12 43 9
39 23 16 39
21 16 2 19
49 31 14 30
37 25 29 6
24 2 23 15
36 17 18 47
38 35 44 18
2 12 4 36
34 10 7 28
27 13 17 26
37 39 30 2
47 22 18 36
2 23 17 47
40 38 44 13
15 29 17 48
26 26 15 29
45 38 13 28
40 7 11 11
44 2 32 6
42 31 26 3
13 19 14 23
20 5 19 45
0 26 41 0
28 19 17 33
3 10 20 47
46 0 16 18
39 31 17 48
39 7 16 26
15 11 19 41
24 21 12 34
38 42 7 34
18 9 36 39
28 22 20 32
9 0 14 30
28 24 14 38
18 13 43 6
45 39 16 48
23 28 4 42
23 11 30 1
35 8 17 40
29 33 29 6
29 20 19 30
40 6 20 48
24 37 16 44
29 16 27 46
45 17 12 11
39 14 17 46
23 10 15 44
36 9 6 23
22 11 17 26
41 40 3 43
9 12 16 48
39 40 17 20
42 9 22 26
41 29 17 40
31 36 14 32
37 26 2 27
29 6 22 30
12 6 27 32
32 7 8 2
21 12 7 14
31 2 6 3
22 5 35 45
3 4 33 39
17 23 24 47
25 16 8 7
22 4 29 2
20 15 8 32
33 32 11 21
28 17 34 32
33 36 24 37
34 31 14 46
19 18 43 9
14 31 8 44
24 2 11 3
28 0 9 8
35 47 18 47
35 6 17 45
41 24 26 15
45 35 25 29
21 3 12 11
34 13 24 20
33 13 10 42
39 25 16 44
45 39 0 39
14 15 15 41
36 3 16 34
28 24 28 32
39 3 14 47
24 30 37 2
42 8 6 44
37 32 18 48
41 14 13 47
34 15 11 38
36 7 37 17
25 2 21 45
6 49 12 43
18 38 29 5
34 0 11 33
45 26 19 42
14 14 3 13
23 20 36 10
15 16 14 22
39 6 2 1
41 35 5 9
33 49 15 48
49 18 34 1
17 2 30 2
32 38 30 12
35 20 2 2
4 6 12 42
9 12 19 24
23 23 14 48
31 39 18 31
37 13 14 49
21 22 5 6
18 25 29 3
46 39 31 5
29 11 22 30
29 7 47 8
14 22 15 46
3 5 8 12
19 17 24 4
13 18 30 7
40 34 14 42
22 18 39 32
36 22 0 1
21 45 12 22
44 35 11 18
27 5 22 49
21 1 6 26
19 7 8 23
9 24 43 5
48 42 1 4
49 13 8 43
28 12 18 47
7 32 22 45
32 19 38 1
33 8 8 28
14 26 19 39
46 6 21 31
26 3 8 2
26 2 45 1
10 43 18 46
35 5 12 18
23 23 28 43
30 22 8 44
39 26 15 37
39 13 27 46
41 36 13 0
44 3 14 2
34 43 17 19
39 22 3 30
29 33 37 8
34 22 29 6
44 0 14 41
30 14 16 49
10 7 37 1
35 39 16 45
23 13 27 14
39 1 13 45
14 0 26 40
32 27 28 13
32 1 5 31
11 23 17 42
45 26 28 0
19 12 10 49
47 9 21 25
27 2 36 11
25 46 11 35
35 11 30 41
46 46 7 8
45 27 12 42
18 32 14 21
35 11 19 32
28 16 15 44
47 36 12 33
45 14 16 27
27 35 21 46
27 20 10 46
43 2 14 47
32 23 3 10
36 2 19 20
31 1 11 31
32 18 6 34
28 42 23 19
29 16 29 42
34 18 18 49
45 41 13 43
47 15 14 28
47 41 13 5
10 6 24 41
32 9 14 9
30 9 10 28
25 3 17 45
21 18 15 42
39 12 15 48
20 14 1 12
4 26 23 45
16 31 43 16
10 29 12 45
29 5 13 27
27 4 6 25
47 39 17 46
43 12 30 11
34 43 3 38
31 0 9 39
38 27 38 9
33 0 13 9
42 36 14 44
19 1 17 25
8 26 17 26
9 4 3 31
45 41 12 49
41 41 9 34
37 6 18 44
33 1 24 2
33 3 35 8
29 5 17 8
43 12 34 1
42 46 33 32
43 29 15 33
44 11 15 46
0 6 13 45
37 0 13 43
23 26 25 37
11 17 15 5
11 5 3 46
25 4 7 1
34 5 21 4
34 10 42 8
6 20 0 11
41 12 17 17
14 17 41 48
25 22 11 37
35 7 6 43
24 17 15 43
24 5 15 30
40 26 14 42
33 26 15 23
7 3 23 1
18 3 9 20
22 18 2 37
8 0 3 45
43 37 13 27
44 11 12 4
14 11 25 9
43 25 9 10
23 20 12 34
33 3 21 29
32 35 9 22
21 20 23 34
22 5 28 6
31 9 45 6
15 7 10 45
24 0 8 33
35 13 8 7
34 3 3 10
35 28 28 41
49 42 19 48
4 15 20 33
17 29 16 3
46 17 5 36
34 36 26 44
31 43 9 42
6 38 13 10
27 21 23 20
27 5 32 4
31 39 6 20
48 35 4 0
31 5 15 26
31 8 27 26
31 25 13 11
18 20 1 11
20 25 20 36
32 1 18 27
48 9 15 48
22 20 19 32
31 8 42 4
27 20 34 10
21 27 15 44
29 0 39 5
15 21 6 17
36 31 0 42
34 33 13 7
27 11 37 1
41 31 36 14
29 14 21 31
43 6 19 48
19 17 47 14
11 10 1 30
20 23 21 47
28 16 21 1
46 7 8 43
4 3 7 46
10 0 11 38
27 40 18 11
32 38 22 49
26 11 22 42
46 17 15 47
43 2 4 12
12 4 14 47
38 9 13 30
34 32 23 24
25 2 26 8
41 10 20 13
8 28 44 17
44 12 0 13
8 10 17 43
37 34 44 8
29 19 19 42
1 6 17 27
37 5 9 32
11 7 26 42
48 39 18 43
32 15 6 12
19 37 5 42
43 34 8 44
3 10 11 6
30 22 39 9
38 0 8 39
5 12 12 17
29 38 39 13
11 2 13 12
8 31 34 45
32 24 22 8
17 23 3 13
21 22 1 16
35 7 2 35
44 0 4 21
7 12 14 24
8 0 44 6
24 42 12 20
45 37 36 0
25 17 22 41
38 37 18 7
39 10 14 42
49 37 10 12
12 4 20 25
24 23 14 42
39 41 10 41
5 26 8 1
26 25 7 33
31 5 27 47
1 9 27 8
27 11 1 49
13 34 41 11
48 33 14 14
22 8 11 46
31 41 9 28
6 9 14 13
0 21 41 11
10 13 15 47
45 0 11 19
28 10 8 6
49 32 12 25
28 1 12 32
34 5 5 28
44 35 11 18
20 22 4 15
32 15 36 45
35 6 17 47
23 16 15 16
13 15 11 45
32 9 14 44
33 14 42 1
40 2 22 41
14 6 0 10
41 30 7 29
36 25 30 0
38 35 15 49
28 30 12 22
49 49 33 12
23 21 36 11
39 3 16 8
38 35 23 39
36 4 17 41
9 2 2 34
42 44 19 49
5 11 13 43
20 1 9 17
29 2 8 31
22 17 6 32
33 40 28 9
40 11 32 43
23 10 1 28
40 37 4 15
35 16 27 45
38 37 33 3
22 8 15 34
15 6 26 27
12 27 16 17
26 18 21 19
38 39 1 8
35 36 7 43
16 9 39 16
30 4 9 45
42 36 36 0
20 18 37 1
26 23 12 6
12 13 28 1
28 0 34 21
15 24 33 6
5 10 12 6
22 24 23 13
20 29 19 34
32 2 36 45
41 8 14 7
29 26 11 11
42 6 30 5
30 22 9 34
24 5 15 14
2 8 13 0
36 18 3 9
27 17 4 17
37 19 31 7
45 35 11 44
25 13 17 45
11 8 19 47
21 6 5 34
12 4 32 7
35 42 11 18
45 35 14 43
31 28 17 45
31 31 5 1
10 12 10 25
31 36 3 14
39 24 15 29
47 35 32 24
16 27 15 44
43 15 20 44
31 11 6 46
21 8 10 35
33 5 19 35
31 44 14 5
48 6 13 44
27 20 3 38
2 11 24 0
37 41 8 37
26 18 27 11
20 1 11 37
19 9 7 14
6 32 10 18
2 21 38 37
43 28 5 35
40 39 20 44
42 6 21 46
32 12 13 6
5 10 11 46
23 7 16 43
22 14 17 26
40 34 6 22
18 43 30 10
48 34 37 44
37 11 6 25
49 10 18 43
18 11 14 0
9 0 25 15
21 0 0 3
18 23 8 38
3 26 20 0
20 26 21 22
11 19 18 28
23 7 22 35
46 11 1 20
26 23 29 16
24 17 28 2
22 20 9 42
45 32 14 13
44 11 21 41
15 32 10 30
10 30 28 33
25 4 10 9
38 9 10 25
26 36 8 34
34 7 15 31
5 5 37 6
1 11 38 2
5 5 9 44
40 9 23 37
6 4 28 40
38 7 6 6
25 10 4 30
30 34 1 40
10 3 6 10
36 22 25 7
39 0 14 44
28 28 42 2
27 12 42 5
43 36 8 43
43 9 39 1
48 6 19 1
10 2 7 29
33 3 19 44
15 20 2 2
7 7 22 16
39 9 10 31
24 6 6 37
44 28 40 1
39 34 39 41
25 15 17 0
7 43 2 37
2 35 27 23
5 4 41 9
9 11 27 18
20 17 15 19
14 20 8 12
10 27 10 19
31 45 17 39
37 23 13 2
38 9 7 0
25 10 15 12
9 4 16 48
34 43 22 49
15 3 42 2
44 23 7 16
33 41 32 45
19 17 35 22
13 22 14 43
46 4 19 22
33 35 25 25
31 9 9 37
7 5 13 42
41 35 20 21
42 2 17 5
24 19 45 4
20 27 15 47
42 30 20 25
31 12 7 23
29 7 15 35
27 22 25 40
34 22 6 7
20 4 30 2
27 16 16 43
17 8 3 13
10 27 39 5
43 33 16 35
22 12 9 23
25 17 8 24
23 18 18 21
37 10 42 12
25 23 3 28
10 6 16 24
26 40 4 22
23 12 9 24
44 26 25 5
9 0 24 20
