50 1200 16906 800
36 39 27 9
26 31 9 25
17 18 8 29
43 46 30 46
9 27 8 15
42 39 22 1
36 39 18 27
39 44 29 11
39 46 27 17
39 40 36 21
19 25 22 18
28 25 3 6
48 35 35 4
18 28 30 5
42 47 34 5
43 44 26 37
2 39 7 5
42 41 36 43
39 25 27 42
47 42 34 12
46 46 9 15
42 46 1 19
15 20 32 1
7 31 15 4
25 21 0 8
45 43 39 6
14 20 18 31
13 30 37 4
19 19 35 7
15 38 38 5
22 20 22 25
45 34 32 5
22 39 28 3
25 20 28 6
22 24 34 12
42 43 8 6
7 25 32 40
13 29 22 42
47 44 21 48
24 17 22 12
33 46 0 19
37 36 16 43
13 18 24 20
17 18 30 32
40 42 34 3
39 42 0 3
39 41 19 45
45 41 28 6
12 38 32 8
14 27 30 39
20 29 17 43
41 40 38 42
36 44 28 40
41 40 15 47
16 37 12 32
13 32 26 16
36 47 37 12
40 41 11 10
16 17 27 1
38 44 17 18
36 46 22 4
11 45 16 40
23 14 33 32
14 29 19 48
30 44 28 13
17 21 22 45
15 40 18 8
29 32 9 28
16 23 21 7
35 42 34 7
16 22 11 13
47 35 21 36
9 37 13 22
22 18 24 43
45 43 20 7
43 39 35 7
42 30 31 0
14 24 20 19
18 23 24 43
17 30 3 11
46 40 2 5
16 15 28 9
44 36 22 9
9 29 36 31
19 25 33 7
24 29 30 7
10 38 5 36
10 35 28 1
42 40 28 4
37 44 19 12
39 37 30 39
40 39 23 44
41 43 7 11
39 41 12 9
38 27 28 43
37 31 21 33
23 33 40 5
15 18 25 42
45 36 30 29
43 37 0 11
10 38 22 12
12 25 21 10
42 38 35 1
24 49 27 30
21 15 31 48
39 42 2 13
12 33 25 45
17 30 28 13
39 41 29 32
11 35 19 33
6 41 27 7
5 34 29 25
16 21 20 10
13 34 19 26
46 42 32 38
27 19 26 29
40 46 34 13
13 23 37 21
44 42 27 10
13 18 18 15
20 27 11 31
49 35 4 3
42 41 24 9
45 42 10 34
37 45 5 5
39 38 23 15
34 40 28 21
19 20 35 13
40 46 30 5
37 45 15 13
13 22 33 34
44 39 35 46
6 38 42 1
45 38 33 26
14 34 31 9
14 33 31 10
15 27 28 17
16 41 21 21
38 45 19 3
39 47 27 16
36 42 21 43
12 35 29 7
15 33 21 37
20 21 20 36
16 28 34 2
42 40 30 8
22 20 28 40
39 39 16 16
18 20 37 8
1 29 3 11
46 38 31 26
38 45 16 5
44 42 26 24
40 45 22 28
20 15 28 47
9 35 30 2
1 34 33 8
45 45 11 6
2 39 35 5
34 45 20 24
13 23 22 15
40 43 18 29
12 39 26 47
45 39 23 16
26 18 27 46
32 29 26 39
8 29 28 43
36 36 35 7
18 14 22 33
33 32 28 44
37 34 1 14
42 41 26 34
15 34 32 16
27 28 14 26
21 28 24 2
38 40 11 8
11 42 35 13
9 33 33 25
8 34 26 33
2 37 26 34
24 16 6 33
36 43 0 8
16 33 35 42
14 30 9 4
43 40 23 28
7 36 19 38
43 41 35 15
17 26 30 1
40 39 8 39
26 23 22 41
21 19 32 13
11 12 18 15
24 26 25 6
17 35 8 26
5 29 11 33
23 28 26 40
14 23 6 11
14 23 31 11
37 38 31 1
36 43 32 3
9 18 32 36
44 41 26 41
23 18 5 18
32 33 23 26
25 28 20 8
37 34 22 13
47 45 21 40
42 28 20 39
15 19 31 9
15 31 23 49
47 39 2 9
48 24 31 6
8 41 18 26
30 30 23 37
10 42 23 15
17 19 18 31
11 33 23 29
15 29 17 42
43 40 19 11
44 43 26 41
13 28 19 46
45 40 5 7
37 49 0 16
45 43 17 37
11 18 16 46
38 43 25 38
38 46 19 44
25 14 30 14
22 25 17 38
47 42 27 5
37 32 28 17
44 43 25 43
42 45 27 16
40 40 27 41
42 44 1 18
43 32 16 36
17 19 18 6
33 40 28 6
23 29 21 17
9 16 26 36
25 41 29 38
37 31 30 49
20 30 28 12
12 31 15 20
4 22 22 7
49 49 30 48
37 32 20 17
32 41 24 32
19 30 34 3
37 39 36 0
6 41 33 27
5 30 36 37
16 36 13 45
17 39 37 6
7 40 6 15
20 17 20 29
38 46 29 11
41 40 2 10
25 25 14 38
10 29 29 42
44 40 3 10
18 20 11 39
11 30 28 10
16 21 11 33
40 40 25 33
38 42 1 19
10 32 27 44
19 23 32 33
24 41 2 15
14 40 37 34
42 34 19 11
39 37 10 11
16 29 32 12
29 20 23 32
42 39 12 4
40 43 20 34
47 30 25 39
39 43 15 41
41 41 5 9
30 35 24 11
30 46 17 6
17 33 20 35
44 39 24 45
39 41 30 3
15 35 9 10
12 33 31 44
40 48 13 14
36 48 28 29
7 33 26 43
41 49 23 35
5 30 25 17
39 39 34 46
44 40 9 9
16 28 36 35
16 27 23 7
44 37 31 20
44 42 21 41
6 45 6 25
43 44 8 3
10 34 18 10
26 35 19 31
27 23 0 37
13 22 5 5
6 40 11 34
21 21 21 27
43 43 17 11
11 22 28 10
8 40 20 9
40 38 17 39
20 24 23 30
43 38 16 33
1 39 24 40
19 18 32 12
24 47 25 30
41 42 26 48
8 35 12 31
46 38 23 41
39 36 11 14
16 16 27 45
24 23 23 45
44 40 21 14
39 44 21 39
15 26 24 26
41 41 30 14
34 41 30 15
40 40 29 17
27 23 21 17
42 36 21 39
41 37 31 46
40 43 34 44
21 31 25 27
11 38 15 13
10 35 27 35
34 49 15 1
26 20 12 16
7 42 30 37
19 24 26 12
17 25 34 9
40 41 15 28
14 33 38 2
9 33 23 40
36 47 41 6
43 16 26 25
20 18 27 1
47 40 4 45
17 22 21 49
23 21 9 46
6 28 29 48
34 45 25 10
12 34 3 15
43 38 32 42
23 18 28 2
27 25 18 31
42 35 33 18
42 40 25 4
37 49 17 28
13 23 31 40
47 42 24 26
20 21 19 38
17 21 28 42
36 41 22 15
44 34 30 12
42 43 27 13
8 30 34 4
17 41 20 48
34 19 33 14
8 38 16 42
19 14 24 34
47 29 27 25
23 18 14 39
36 38 39 0
15 39 23 20
18 33 38 37
12 38 38 15
34 40 27 39
43 40 26 15
15 25 26 7
9 26 15 31
44 41 25 31
43 35 26 5
12 25 35 1
41 41 23 46
26 49 23 36
4 36 29 38
37 45 33 8
6 27 19 0
10 33 27 11
17 35 27 39
7 36 29 34
14 30 34 2
15 43 24 43
15 26 27 22
38 45 25 41
15 33 4 9
21 24 11 40
28 33 24 17
10 32 28 44
39 40 26 40
40 39 39 6
47 27 34 47
40 40 31 9
24 17 41 46
16 32 10 45
13 33 32 4
45 31 13 32
34 32 30 24
21 26 15 45
21 22 23 8
17 26 28 22
43 35 8 15
23 15 20 9
13 22 30 4
3 38 27 21
38 48 27 11
43 49 27 1
39 41 21 34
14 36 14 7
18 28 28 20
39 39 29 26
8 33 22 44
43 37 18 47
43 42 3 9
27 23 30 30
21 25 31 3
25 20 30 8
37 42 26 44
40 39 26 11
45 33 16 8
38 40 0 12
46 23 26 46
38 41 11 31
19 29 30 31
34 40 31 44
12 14 26 2
24 26 26 14
47 13 44 3
47 45 25 49
17 29 15 46
19 20 12 47
46 18 23 17
27 22 23 5
34 35 23 10
16 43 13 1
19 25 12 39
18 21 26 47
16 18 24 43
19 20 2 4
40 26 19 3
14 46 3 0
42 39 1 12
45 35 34 15
13 25 25 9
35 24 16 33
17 30 29 34
42 33 25 42
17 27 16 20
17 31 23 12
8 41 45 15
49 39 15 7
41 46 1 36
22 20 17 34
41 40 22 32
7 33 9 14
41 43 24 22
40 46 33 11
39 43 10 14
21 19 20 27
33 30 25 40
41 42 26 39
31 26 30 39
14 36 31 7
24 37 22 41
21 22 7 6
23 26 17 43
16 22 46 10
21 38 28 8
12 38 23 42
47 47 9 25
12 36 11 11
22 15 30 0
38 36 24 34
25 25 36 7
42 43 31 16
18 31 15 7
36 44 11 3
32 27 11 1
24 21 22 14
22 19 24 16
42 39 40 11
14 19 32 2
21 25 22 44
12 31 14 15
14 45 27 14
43 43 31 35
39 47 38 8
7 33 8 11
18 28 8 1
14 18 24 24
14 17 16 44
46 33 24 37
1 34 17 15
34 24 27 31
12 36 19 18
8 40 30 22
23 22 41 30
17 31 24 11
22 34 17 9
9 27 20 7
20 24 26 17
43 40 28 31
25 28 18 10
37 42 25 39
47 45 32 41
18 23 35 5
41 37 24 40
43 42 23 42
40 48 25 25
27 22 11 37
27 22 22 8
12 40 22 11
40 38 29 11
49 42 31 10
17 19 43 21
19 28 20 6
21 27 30 25
22 19 36 0
44 42 38 8
14 16 22 14
44 43 25 48
27 26 17 42
42 37 25 47
39 44 6 15
42 27 20 35
12 31 1 11
39 43 26 37
25 27 31 22
43 34 25 45
48 48 22 43
27 27 6 9
39 39 2 8
28 30 19 43
10 45 27 14
17 21 34 11
14 33 36 3
3 29 26 39
48 45 22 26
36 44 4 8
6 37 5 3
44 36 42 12
14 22 37 14
20 30 19 38
37 42 10 6
12 17 25 37
24 25 36 20
41 39 11 9
5 36 22 10
8 35 22 38
41 28 22 37
34 47 13 9
41 44 16 18
34 38 37 8
18 26 35 45
7 33 20 11
22 25 9 5
39 44 31 38
3 33 12 19
38 37 20 5
11 32 23 7
43 47 33 4
47 38 16 22
22 27 29 17
37 25 28 5
19 23 40 49
40 41 41 34
16 29 31 25
23 26 29 43
25 19 28 49
43 35 18 4
39 38 18 5
42 42 8 16
12 38 27 7
4 35 31 37
42 40 18 32
47 42 37 5
8 30 33 39
38 46 24 40
36 43 12 45
21 35 13 6
41 38 27 3
41 40 28 41
49 28 5 0
9 41 24 44
40 35 33 40
26 28 0 10
21 23 22 15
9 19 18 34
8 38 25 41
38 20 33 9
9 26 19 36
20 12 27 13
18 20 35 35
40 38 41 8
12 29 21 17
22 29 29 2
40 37 15 36
31 43 40 5
20 24 8 11
14 39 1 1
18 24 20 35
35 40 25 8
7 25 30 36
5 38 20 7
21 21 8 29
16 18 21 8
10 32 27 3
46 33 42 31
36 41 22 8
36 49 30 12
15 37 10 11
41 41 28 12
38 26 20 38
42 42 5 5
47 45 27 49
49 39 29 22
18 27 28 18
21 19 11 8
10 23 28 5
5 32 11 15
22 21 36 35
6 43 28 38
45 40 26 9
15 28 24 29
44 34 1 16
36 26 26 43
44 47 34 6
36 43 29 13
25 17 30 7
22 28 18 48
40 43 20 39
42 39 7 10
14 40 20 20
31 41 38 34
36 44 18 4
40 40 37 17
30 23 36 4
18 27 15 22
5 33 15 17
16 22 20 37
27 21 22 37
17 29 13 11
24 21 21 13
40 42 15 38
11 22 17 11
42 47 28 45
4 33 26 1
7 28 32 12
45 47 24 39
37 31 24 46
18 24 35 41
41 33 26 31
47 46 27 3
19 39 27 4
38 47 28 41
19 23 33 8
40 38 37 29
17 23 8 8
14 36 11 12
16 46 28 16
8 43 16 0
3 33 9 18
24 29 19 5
41 45 17 10
9 22 22 40
33 47 19 37
24 16 26 38
28 22 16 29
6 46 15 23
13 32 18 38
35 19 35 3
19 27 21 18
15 18 0 6
48 46 28 13
40 43 41 48
20 28 27 23
26 26 34 0
14 27 20 2
15 21 29 43
11 35 37 4
15 37 13 6
42 40 14 28
16 22 23 40
39 42 32 30
19 30 22 14
24 31 27 13
38 43 34 40
9 32 27 17
47 34 21 3
10 31 16 32
44 42 22 9
24 21 29 3
18 23 27 26
10 29 31 10
39 44 28 38
41 38 40 10
38 36 34 10
11 21 35 17
35 38 17 2
2 40 27 10
14 34 12 28
16 26 19 23
45 41 27 49
23 49 31 32
14 24 25 9
44 34 28 46
46 33 33 18
31 43 26 12
46 47 27 48
11 36 36 0
7 30 8 9
5 33 23 36
35 42 38 30
8 37 16 48
38 47 12 45
6 34 32 32
10 26 21 42
42 41 36 6
9 39 7 10
41 45 31 10
43 46 19 8
36 37 31 43
18 21 24 30
46 40 7 0
44 36 32 0
12 37 24 40
47 38 33 0
20 29 8 37
21 25 4 36
19 28 25 29
46 34 26 12
42 42 29 0
19 20 42 36
9 38 27 49
32 31 0 10
34 43 14 49
10 31 23 48
9 36 26 11
9 32 24 33
20 21 17 41
15 45 24 45
7 33 17 42
14 35 34 37
35 32 25 2
23 16 26 14
13 29 19 34
30 36 28 23
43 37 25 43
15 27 28 43
34 45 19 28
32 26 29 3
4 45 13 32
16 37 30 5
22 22 27 42
4 30 27 38
12 20 26 46
41 39 35 1
22 26 21 31
37 44 29 43
17 27 33 39
25 19 21 11
14 17 2 12
16 34 7 27
42 38 22 33
15 33 36 11
21 27 29 39
11 20 31 6
15 29 31 34
39 40 33 41
17 26 8 11
17 37 26 8
8 40 23 16
36 49 34 1
19 32 30 11
6 35 17 33
21 14 21 44
9 18 35 9
7 33 39 4
13 26 32 5
40 42 33 1
46 35 32 23
13 20 28 46
38 39 14 43
12 30 30 5
42 41 40 20
15 31 28 37
24 24 32 40
10 35 28 41
17 13 25 32
44 40 20 17
5 34 28 36
25 25 25 43
39 48 5 48
43 38 21 40
17 21 19 49
39 36 29 42
16 20 26 42
17 17 26 11
42 32 13 11
21 24 28 37
42 40 30 26
15 22 47 20
0 40 22 40
41 34 5 4
40 41 8 42
10 38 19 13
42 38 36 1
12 30 13 5
22 14 26 12
30 19 32 4
41 43 28 35
24 27 30 2
42 46 31 28
6 36 5 15
43 44 16 43
33 38 27 22
44 37 15 30
15 23 2 13
19 28 12 4
12 22 21 30
40 40 1 11
14 31 2 11
23 28 26 34
41 46 23 34
39 38 38 47
43 42 15 11
44 39 30 7
4 40 22 30
16 35 26 36
27 16 24 41
6 36 36 7
40 40 15 39
30 44 32 22
46 45 24 41
19 31 38 32
34 42 31 35
23 21 26 37
17 27 21 1
14 24 34 6
46 37 24 25
40 36 24 12
16 24 34 9
9 35 33 36
41 38 30 37
38 40 7 9
11 35 29 11
13 47 34 29
11 36 34 8
16 31 23 44
6 31 4 4
45 40 30 9
38 38 21 11
11 24 15 43
15 24 19 17
39 43 27 9
38 41 4 4
17 26 24 47
37 42 25 5
47 38 27 35
9 25 1 17
10 32 12 46
22 40 35 14
41 40 22 9
40 44 18 40
19 27 4 2
41 41 28 9
25 8 28 22
43 38 14 42
48 41 23 44
17 25 21 17
20 28 23 34
41 35 2 3
43 43 26 8
44 31 21 29
11 31 21 46
15 41 27 2
22 33 19 44
2 40 2 13
37 41 1 11
22 28 23 15
26 17 15 43
19 22 28 42
40 41 28 0
14 34 29 34
14 33 38 2
8 33 28 18
6 38 23 2
16 40 33 18
5 31 27 10
47 37 31 30
11 34 30 14
14 27 22 9
8 30 24 26
34 39 40 10
47 44 27 33
40 40 4 18
37 45 21 41
26 33 38 47
40 38 33 34
32 42 0 19
18 24 36 47
23 33 38 36
44 48 32 36
39 39 24 43
37 42 39 11
13 19 20 32
13 41 27 43
14 18 8 20
16 27 23 41
12 8 35 44
42 40 18 44
17 31 16 49
22 28 21 10
38 43 26 46
41 39 28 35
12 19 21 21
28 33 3 9
8 35 25 40
14 14 35 8
20 16 3 21
46 36 33 43
43 40 29 13
3 32 14 39
41 36 21 6
41 40 28 22
19 30 7 3
5 29 29 32
11 42 41 30
16 29 26 45
22 25 39 38
23 33 33 13
40 32 17 24
25 25 24 21
43 41 16 4
40 41 16 13
39 43 37 2
45 36 27 18
22 24 36 12
14 22 14 11
18 21 38 41
21 29 0 11
46 40 12 24
38 42 16 36
11 37 11 1
19 29 13 0
42 38 31 10
42 49 19 28
6 41 31 41
40 42 24 11
9 34 19 38
12 37 27 41
25 36 12 11
42 49 19 8
17 16 18 41
12 35 33 14
37 41 32 41
20 28 6 11
25 23 40 2
11 27 36 8
39 46 22 44
4 20 22 41
5 35 41 45
36 39 37 3
12 41 5 9
37 37 30 39
17 37 29 9
41 44 13 34
43 38 34 13
39 40 7 17
14 35 14 8
12 38 18 8
10 37 16 42
46 40 21 23
10 25 19 37
18 38 30 35
18 31 28 41
43 38 11 5
14 24 18 25
9 27 43 21
32 30 31 40
38 44 27 19
17 26 21 12
34 32 29 11
9 20 37 44
5 37 9 34
38 45 8 14
11 32 33 36
16 24 29 14
20 26 24 1
42 41 34 16
19 24 5 19
41 44 33 10
48 40 25 17
23 24 22 33
42 40 17 18
19 24 30 22
22 24 27 19
6 40 30 40
42 39 1 13
23 28 25 43
16 39 24 7
11 39 10 7
36 38 31 20
8 40 31 41
48 44 23 42
19 15 9 9
37 37 9 17
30 35 22 40
12 26 28 5
40 44 21 40
24 18 5 46
13 28 25 40
43 43 19 15
19 14 35 6
31 46 14 35
14 31 5 4
35 43 30 8
14 22 23 40
2 37 16 39
20 42 6 9
44 44 20 20
19 32 14 10
15 19 7 14
42 40 32 8
33 41 12 25
38 44 12 32
35 36 7 7
49 35 16 45
38 46 27 14
11 32 44 9
18 21 34 11
20 19 34 11
8 35 23 42
28 34 26 41
19 31 40 7
43 44 30 34
12 27 20 39
24 24 20 29
41 40 1 13
40 45 17 10
40 41 32 28
45 40 31 36
40 41 15 11
42 37 29 45
42 43 31 35
17 20 21 35
22 17 18 13
20 24 17 38
21 20 20 6
41 38 28 18
4 33 19 12
9 32 13 37
22 22 18 21
38 38 32 12
16 24 7 44
7 39 10 0
6 31 7 13
46 40 19 14
39 43 23 15
7 33 16 12
35 44 23 44
9 37 30 9
25 18 29 8
22 21 27 32
18 17 32 10
20 38 6 15
42 41 43 4
21 25 25 18
8 17 34 31
41 45 38 31
46 39 29 12
38 37 24 37
20 18 27 36
12 36 10 15
10 39 19 41
37 44 26 22
12 38 17 12
43 46 25 14
38 46 17 6
42 37 30 27
40 46 18 47
36 41 27 43
13 19 20 44
37 41 30 3
37 38 30 39
43 41 1 14
9 36 20 35
42 35 30 8
44 38 33 36
27 30 28 36
16 43 18 22
36 41 29 36
11 22 18 34
21 19 29 8
40 37 24 40
13 31 25 46
42 42 31 28
13 35 12 31
14 25 25 38
13 31 13 23
34 30 33 10
46 43 18 12
41 45 9 10
6 33 31 9
26 25 22 8
13 34 37 2
22 18 19 8
40 42 35 11
11 23 6 7
18 26 11 8
9 36 18 25
19 24 24 44
44 40 24 18
9 31 34 4
13 15 35 15
19 19 7 0
8 41 33 8
17 30 19 49
19 22 17 5
8 41 27 12
44 45 30 43
16 19 6 12
18 11 24 11
36 38 26 39
23 42 23 14
18 29 34 10
42 40 35 6
33 40 20 49
8 33 22 18
34 33 25 41
24 30 20 9
17 28 28 43
39 36 23 20
42 43 28 39
41 49 23 9
38 34 16 25
42 40 28 32
9 23 9 3
11 37 30 14
25 17 22 23
11 32 35 23
9 31 34 21
39 43 15 27
42 40 23 12
44 39 19 36
42 37 10 12
12 35 18 32
41 37 23 15
22 25 8 45
37 38 33 31
14 32 30 13
41 39 16 9
14 41 9 4
18 15 23 15
19 34 32 43
18 34 13 36
12 48 22 42
5 30 38 3
30 24 23 30
46 40 35 36
9 20 12 3
16 29 25 48
24 30 22 47
41 44 4 40
42 34 1 16
42 48 18 47
41 37 16 32
44 47 1 16
40 44 25 10
16 26 11 9
20 23 26 42
16 23 30 45
28 30 18 47
15 20 8 29
10 28 24 16
6 25 7 17
36 31 5 0
32 45 25 7
20 23 33 18
42 39 30 35
12 31 30 11
18 27 22 20
19 15 1 7
41 32 14 40
15 22 25 41
25 33 34 8
11 34 5 10
45 41 15 22
20 23 24 24
18 17 33 42
21 22 42 27
6 36 37 10
