50 201 11846 800
10 44 29 37
12 27 24 49
15 35 10 8
23 41 44 45
11 1 36 41
26 19 41 40
29 16 45 45
11 25 27 43
25 19 38 44
18 41 32 49
6 21 5 49
5 25 2 5
15 28 40 35
19 10 32 43
13 42 0 28
20 20 43 20
29 32 0 6
41 30 7 17
16 27 37 19
19 25 4 1
31 10 18 1
12 33 24 41
42 2 2 41
38 45 0 40
10 7 10 13
6 26 38 38
2 22 37 46
20 31 4 24
24 44 46 44
14 43 15 32
2 38 25 28
2 49 43 40
7 27 38 30
47 25 5 4
12 28 16 46
10 38 20 24
45 32 34 20
15 25 22 26
9 41 14 26
10 33 12 16
42 34 33 26
17 39 30 40
8 19 47 44
38 39 41 23
23 41 28 37
3 39 41 34
16 30 27 42
2 26 39 46
22 38 35 34
27 28 0 1
43 32 3 21
38 16 41 48
23 9 0 9
8 33 10 7
3 28 23 11
10 21 1 8
41 31 17 34
15 4 33 44
43 29 35 36
31 42 34 45
47 32 28 24
38 19 33 48
7 25 43 45
4 25 36 45
9 30 44 37
8 40 7 2
45 30 5 14
6 20 16 11
10 32 40 33
46 28 43 47
14 31 25 39
4 25 26 41
36 18 29 43
36 8 40 35
14 30 42 40
43 28 0 11
17 17 12 11
39 32 34 35
38 29 33 25
18 33 10 14
41 32 30 48
9 25 27 17
19 16 5 11
21 38 13 4
12 8 46 29
19 34 35 44
39 34 1 2
15 22 45 44
11 21 15 48
13 37 39 48
15 32 27 24
15 31 16 39
2 34 14 43
21 34 31 41
14 25 43 42
23 23 31 32
12 27 36 43
28 47 40 47
10 28 28 20
13 24 40 40
18 30 27 46
11 25 39 31
28 46 30 27
8 23 5 5
10 37 15 36
12 31 24 11
6 43 35 33
20 32 43 41
19 28 4 29
12 24 41 25
15 20 43 39
9 16 12 14
19 23 32 49
18 29 32 44
4 29 42 39
33 10 41 41
20 31 28 34
27 42 30 24
18 36 44 41
11 24 10 44
40 5 35 42
21 37 6 13
20 40 3 4
9 36 26 14
5 24 12 6
8 38 37 29
16 35 6 10
18 26 8 28
18 20 25 47
43 33 32 32
30 7 31 44
8 28 13 6
5 48 29 21
17 34 4 36
19 28 31 34
13 30 42 40
9 49 22 25
20 26 13 30
16 32 21 37
13 18 15 48
38 32 26 45
11 20 43 46
8 46 9 5
13 32 42 35
9 47 20 37
9 46 29 12
7 21 24 42
44 43 46 46
42 31 13 37
18 29 35 32
17 24 40 32
12 20 37 44
11 28 35 36
8 41 38 27
25 28 33 41
19 37 38 28
18 30 1 12
17 30 43 35
21 30 25 40
32 21 4 27
20 29 6 42
1 31 37 40
43 34 10 23
16 28 44 37
11 28 14 43
47 32 40 35
18 36 34 46
14 30 40 42
18 27 36 30
21 14 37 48
9 28 45 35
49 45 39 39
44 33 25 38
0 27 46 35
11 22 34 30
7 46 33 24
36 18 12 15
17 24 10 0
34 27 15 14
11 23 13 42
21 34 17 18
18 27 4 5
25 36 37 47
14 27 19 2
41 5 2 8
14 37 32 32
4 46 21 46
6 28 40 34
11 34 21 45
26 36 16 32
42 33 35 32
9 36 25 35
12 31 0 6
12 27 6 10
10 39 49 44
7 28 4 11
13 9 34 38
7 41 42 38
23 3 4 23
46 3 10 16
14 25 38 33
