50 413 17351 800
28 11 32 45
46 15 1 25
22 8 22 48
34 21 3 39
32 25 6 19
33 2 4 5
12 13 24 6
20 20 19 46
3 23 10 46
23 10 12 45
41 4 22 19
8 19 34 8
22 4 37 44
38 17 40 44
33 1 11 47
35 12 35 43
37 41 26 28
22 16 1 32
7 12 32 3
41 11 9 21
31 5 26 14
13 48 12 17
27 25 3 17
5 49 15 7
29 1 13 23
1 17 7 26
6 22 37 43
12 18 34 44
42 12 2 46
22 19 7 18
29 34 5 25
46 1 16 13
1 16 12 13
3 20 3 28
1 16 13 13
7 18 42 42
2 13 12 22
30 0 18 13
38 8 41 45
31 9 7 30
3 26 4 19
13 29 19 14
32 33 0 5
3 31 1 23
5 22 27 16
6 19 19 10
5 4 37 45
25 1 23 12
9 23 25 15
2 23 11 20
10 42 0 16
20 23 25 4
0 8 16 47
44 26 2 0
31 23 19 11
2 31 28 10
21 44 39 45
7 32 13 3
47 12 37 44
0 16 15 4
31 4 4 42
11 42 34 11
5 17 17 21
42 22 41 44
34 32 2 8
6 17 6 46
31 0 10 12
10 21 24 16
13 20 8 25
9 21 24 14
27 19 25 7
3 17 8 35
7 12 29 9
48 17 11 34
8 17 21 14
26 3 40 43
45 45 19 11
9 10 19 13
10 11 10 27
43 15 0 34
42 30 5 17
43 9 4 42
48 3 2 9
43 3 37 47
29 8 1 25
8 33 15 18
1 21 21 19
27 1 5 47
42 17 35 28
0 49 25 16
0 18 16 15
3 24 38 40
42 10 45 47
27 23 13 0
49 3 46 47
2 14 12 37
10 19 30 37
48 3 1 17
1 46 27 3
28 7 9 26
26 5 0 47
44 5 39 38
17 7 16 33
19 31 7 46
40 9 25 36
6 27 19 48
37 8 13 45
32 22 18 12
14 6 7 31
10 18 22 5
29 24 5 32
5 25 6 49
22 8 11 20
42 25 8 3
19 31 15 46
0 47 2 40
12 18 37 36
6 25 10 43
38 21 18 18
1 8 8 16
17 20 10 42
0 22 9 49
46 47 14 15
13 34 44 46
37 25 28 38
6 13 31 16
23 29 42 39
49 26 31 10
43 8 16 6
2 16 11 42
32 37 9 41
15 22 39 43
9 18 19 3
18 21 46 45
31 10 5 41
48 11 17 13
2 17 38 45
3 20 11 21
44 27 17 30
43 10 9 18
14 20 2 27
4 14 12 11
5 13 21 13
37 10 20 9
39 1 6 19
4 42 41 49
9 5 0 3
30 17 24 8
0 10 19 12
6 11 30 39
14 45 25 13
40 3 17 6
26 5 4 25
6 18 19 11
2 39 43 8
28 13 9 4
38 7 11 7
40 13 19 9
28 20 7 38
16 19 15 24
14 19 8 34
28 1 11 8
34 7 40 16
37 16 22 17
7 49 14 13
14 21 1 17
1 22 23 27
26 1 22 7
46 7 40 26
19 26 29 4
46 7 5 48
13 17 25 43
29 1 19 8
9 27 24 3
5 15 40 47
33 12 12 25
33 11 35 45
48 9 2 46
42 0 4 16
6 6 25 13
10 13 33 45
4 19 37 48
30 6 9 0
6 14 26 17
25 10 29 47
11 11 13 16
47 15 19 33
35 9 32 45
4 18 20 6
14 19 28 11
28 28 32 2
24 9 15 0
26 43 4 48
41 21 28 16
36 18 5 47
46 35 18 15
30 0 7 37
1 48 29 12
4 26 17 2
5 12 9 34
47 9 17 20
6 19 0 19
47 9 29 42
29 2 18 31
39 25 4 1
40 22 13 11
28 2 1 25
15 20 43 41
29 1 31 44
7 44 5 35
43 0 0 23
40 22 1 30
27 18 48 0
40 26 35 27
17 21 10 12
2 47 1 32
19 10 39 42
38 10 15 14
4 18 11 29
21 21 25 30
37 12 10 8
14 32 39 47
47 16 19 45
27 6 32 10
4 27 34 16
10 19 17 26
32 6 6 20
23 10 7 36
7 32 40 44
28 32 11 49
24 35 30 31
5 18 11 18
24 34 10 48
28 0 31 46
21 4 10 23
8 22 1 14
46 6 9 19
45 7 21 7
29 3 20 46
10 9 35 30
26 1 14 49
29 4 33 14
4 21 22 33
26 0 27 47
42 7 12 5
46 10 25 41
20 25 2 19
32 16 3 25
26 3 4 24
42 13 9 22
43 12 18 12
41 1 38 47
48 0 24 1
11 17 15 8
2 25 17 46
36 22 0 8
41 4 7 16
29 0 17 16
0 46 40 41
30 5 2 23
13 20 9 27
4 21 9 8
6 49 16 11
10 19 22 41
29 4 4 21
19 23 3 46
24 1 15 17
33 1 7 27
25 2 19 11
28 1 6 21
20 9 37 43
27 0 4 17
48 4 5 20
39 14 17 1
6 17 32 34
1 14 15 47
17 15 14 47
46 3 14 4
28 3 24 19
29 3 26 18
2 25 16 13
45 10 8 6
34 25 43 2
8 24 1 25
36 27 26 14
2 25 19 3
3 46 14 24
44 12 8 16
28 2 22 17
36 7 12 18
11 22 29 12
12 24 13 12
14 7 16 14
45 6 29 3
3 22 37 46
4 17 17 42
8 29 4 19
11 20 0 22
14 25 11 49
25 18 27 10
4 25 19 9
38 25 17 40
9 20 36 18
5 21 24 5
12 17 11 48
47 2 2 24
26 3 27 23
1 49 7 5
34 10 1 17
39 6 26 3
25 22 12 28
26 2 27 14
11 12 39 1
37 12 15 12
29 1 13 45
26 4 8 25
12 19 20 10
13 11 30 29
48 8 25 13
23 7 12 20
48 10 5 42
12 21 11 30
0 15 9 49
30 4 7 21
35 12 24 3
21 34 11 40
6 11 9 48
39 7 3 23
45 18 22 46
42 13 12 18
49 20 39 44
2 19 16 6
1 49 3 4
5 25 45 41
7 15 9 5
35 21 10 10
9 2 17 24
29 3 18 18
40 1 21 17
43 16 4 25
0 17 9 46
1 18 39 46
18 2 37 24
35 8 40 46
25 20 46 41
38 24 18 3
37 1 3 23
25 4 21 16
27 0 16 28
29 42 22 12
23 2 30 17
35 34 15 7
47 27 45 38
19 13 3 23
47 14 7 20
19 29 6 49
0 20 5 49
38 16 22 14
6 18 23 9
37 5 6 11
17 11 15 43
3 46 18 45
8 21 4 46
37 4 19 39
6 18 11 45
26 3 12 30
31 23 7 23
18 13 40 46
36 16 17 11
31 3 3 20
42 13 36 40
0 26 35 40
33 31 38 30
49 8 4 9
12 24 22 12
38 19 5 48
37 24 25 11
25 10 6 6
38 26 10 49
13 18 5 24
26 2 40 46
10 24 35 44
4 24 37 47
32 42 10 19
38 8 39 44
41 6 34 29
13 19 16 43
16 6 4 45
28 2 20 46
6 17 22 2
35 22 4 13
2 48 11 18
5 28 12 6
4 13 30 11
47 8 38 48
9 18 36 46
28 8 2 31
46 1 29 15
16 32 30 30
3 28 0 22
26 29 8 40
7 12 15 12
5 14 21 14
42 7 1 34
40 41 8 9
8 21 32 23
33 9 10 9
32 2 3 15
27 3 13 40
2 12 19 9
16 10 18 32
22 27 7 9
6 11 37 49
