50 133 16558 800
4 21 30 11
4 19 26 49
17 12 25 20
7 25 45 2
20 17 24 12
41 22 19 49
12 6 35 20
4 27 21 12
28 27 25 20
42 38 46 4
22 4 34 12
3 25 20 42
7 21 24 28
0 19 29 0
45 18 23 45
16 23 45 11
26 12 15 28
1 23 37 7
18 11 32 22
48 36 39 14
18 7 22 14
7 13 31 16
23 11 31 23
20 14 39 22
0 23 32 5
14 6 18 18
19 46 25 33
28 30 32 2
42 31 23 24
21 14 31 4
28 37 25 27
37 39 23 45
48 47 46 9
49 40 26 9
17 13 43 11
25 3 29 12
45 31 17 24
41 19 9 19
17 10 23 27
5 27 20 11
32 1 25 22
1 24 8 49
18 7 23 24
29 28 17 48
47 30 29 26
45 47 19 49
42 39 13 28
39 39 37 11
2 22 44 2
38 41 30 28
3 22 16 38
32 23 38 12
32 29 19 43
37 24 17 13
14 10 47 1
34 25 37 1
46 37 25 24
3 26 25 47
44 37 49 19
43 35 34 27
43 47 27 17
3 22 21 18
3 27 25 20
48 34 16 17
5 23 33 13
41 41 18 49
2 29 29 12
1 31 23 20
10 6 26 10
46 49 46 12
5 31 49 11
19 17 29 16
13 13 13 39
5 26 20 20
21 9 15 15
14 4 16 47
6 7 20 37
4 20 13 20
18 13 28 11
34 19 40 0
49 27 42 2
43 36 38 15
15 8 35 38
9 28 25 16
14 2 41 32
28 19 35 16
26 7 37 16
15 13 28 24
41 41 29 16
44 38 42 8
49 16 43 6
44 34 32 17
13 10 29 16
43 24 8 36
7 25 33 8
45 36 20 19
42 45 22 13
11 7 25 39
40 48 35 23
18 3 30 29
48 29 26 10
41 29 3 20
46 38 19 1
31 2 49 2
19 22 48 8
48 37 34 4
41 16 27 32
20 13 29 13
10 7 38 16
42 40 35 20
42 8 18 47
45 31 28 32
32 40 28 22
18 11 15 3
33 14 42 16
34 24 36 3
9 11 33 26
43 42 25 13
31 33 48 12
49 31 23 21
39 37 25 25
48 36 36 10
40 45 22 11
2 16 22 16
46 10 23 17
49 36 15 4
36 37 10 39
8 28 13 27
9 5 16 24
36 18 16 42
43 14 22 47
3 22 9 47
19 10 26 21
