50 104 16634 800
27 1 0 34
42 24 5 27
32 43 35 34
20 37 25 49
43 4 27 13
32 17 39 25
26 26 33 37
14 38 36 40
13 41 31 34
35 2 39 42
21 49 38 42
1 49 12 47
19 41 39 29
36 16 43 20
27 9 31 43
36 49 41 38
9 14 4 25
34 23 39 41
23 17 37 40
22 13 8 14
16 9 36 41
14 35 41 39
44 15 42 45
16 0 31 12
2 13 34 28
29 12 30 43
31 0 27 31
39 33 9 13
24 11 18 48
14 4 29 16
25 38 26 43
8 46 15 29
32 23 36 40
28 7 34 35
43 4 37 12
23 1 19 19
7 3 40 28
10 46 37 42
26 23 36 39
32 2 27 42
14 37 15 33
31 26 41 39
29 10 27 32
32 45 2 22
31 20 36 1
21 3 29 21
18 28 34 25
25 20 27 41
7 40 13 16
24 9 37 43
5 6 38 34
15 14 5 21
8 31 28 43
16 15 32 45
21 8 6 44
15 1 41 41
39 18 34 32
26 23 28 10
16 28 31 28
23 36 22 44
33 5 44 33
30 10 20 24
15 9 42 29
17 41 28 13
13 14 18 20
28 46 35 28
22 48 31 18
6 33 36 43
15 25 27 7
12 34 34 16
31 5 1 39
33 9 43 29
48 7 33 48
25 41 41 43
41 18 35 48
46 3 26 43
13 38 3 7
16 13 7 21
3 31 11 48
5 21 24 4
17 43 34 18
14 26 43 38
35 13 31 15
24 0 46 20
11 23 30 22
34 3 32 41
9 2 28 16
27 39 5 31
27 34 40 47
15 20 29 23
31 1 38 41
41 13 39 49
0 21 37 27
43 14 42 32
7 24 0 19
23 3 37 43
14 35 46 34
45 4 41 42
29 8 22 33
35 49 34 30
13 34 39 13
37 48 28 48
28 3 39 38
13 44 41 46
