50 137 11513 800
8 14 15 47
42 42 23 11
36 24 18 33
30 32 7 10
29 26 12 42
15 21 29 37
39 39 11 31
0 20 12 42
39 24 31 14
4 23 44 28
33 48 14 1
45 15 32 2
13 43 4 7
2 21 48 14
44 43 9 7
44 23 12 36
6 15 29 7
34 3 38 13
20 49 44 15
4 37 36 16
2 45 14 49
25 38 6 11
1 33 39 14
0 15 24 38
46 23 36 24
44 47 29 24
14 38 10 32
5 8 29 41
43 36 11 49
25 14 18 33
8 5 3 6
6 33 19 39
0 32 44 4
40 12 33 2
26 41 47 7
41 38 12 42
32 34 13 48
44 48 25 10
20 5 48 9
1 6 20 21
42 38 23 36
22 48 40 13
19 18 32 5
13 38 42 34
41 38 12 9
0 12 22 11
8 0 18 14
4 34 15 15
35 21 40 10
43 31 39 7
1 23 33 18
22 16 4 5
24 28 23 17
28 38 33 40
4 31 26 3
24 12 43 7
24 43 30 10
43 40 12 5
41 37 38 47
0 30 7 19
7 27 37 38
16 30 3 13
6 30 15 42
34 33 38 7
6 24 46 15
36 34 46 10
13 19 11 32
38 31 32 11
2 22 3 10
2 30 28 35
6 34 16 11
38 27 43 39
10 23 12 5
30 31 35 14
36 26 38 10
17 9 10 3
20 11 14 19
43 16 11 40
13 18 12 47
1 36 35 1
6 10 47 10
21 24 26 7
28 28 28 1
8 26 34 38
35 23 13 35
35 43 21 39
3 30 43 8
45 41 9 12
4 33 18 33
38 35 9 35
16 23 48 12
3 27 20 35
6 22 25 12
24 30 26 38
11 7 13 17
12 29 23 31
43 31 33 3
14 15 8 7
4 21 39 2
35 26 15 10
10 14 18 30
7 27 2 27
31 32 28 39
19 30 36 13
23 39 5 7
13 45 11 34
13 23 37 13
39 41 34 1
27 30 14 7
11 21 10 46
15 34 29 0
38 18 24 35
9 22 24 14
44 32 5 45
7 29 19 45
12 31 26 42
3 35 4 30
0 8 20 16
14 6 47 13
0 23 12 10
9 33 6 5
5 33 36 3
37 29 5 12
20 29 35 6
36 35 33 27
5 15 18 5
12 27 33 36
6 35 4 0
19 16 33 19
8 39 6 16
16 44 21 25
16 32 41 16
6 18 43 7
4 31 9 38
23 20 31 9
6 15 22 18
1 23 18 36
