50 970 18228 800
45 1 14 1
21 29 29 37
45 30 20 43
5 9 31 32
43 3 33 45
20 47 36 18
25 27 11 22
41 18 30 24
6 5 14 6
24 24 42 39
5 3 35 12
14 25 23 46
41 13 2 35
18 23 40 38
2 8 29 38
19 24 17 40
15 22 28 29
14 13 32 21
29 2 46 9
16 22 31 33
39 21 24 45
18 25 36 18
13 24 25 16
5 12 21 35
41 30 19 2
12 24 30 6
20 30 32 17
14 18 40 36
49 28 12 0
15 16 20 21
16 29 10 3
13 16 29 48
18 24 34 36
15 20 33 31
19 21 29 27
15 27 40 34
13 19 21 41
16 18 25 25
18 21 33 29
26 34 19 45
11 26 13 2
49 33 20 42
21 31 14 28
11 4 15 46
28 8 29 4
20 17 24 30
22 23 8 42
37 32 8 3
21 30 11 33
45 21 17 33
32 41 12 30
18 24 17 14
30 10 14 7
7 25 16 37
47 10 8 2
28 35 17 45
36 42 29 21
14 19 22 25
13 19 32 42
19 0 43 38
17 22 36 30
11 27 40 6
45 33 8 5
35 42 29 29
27 31 3 4
26 21 13 46
33 11 28 13
8 44 21 25
20 23 47 28
2 2 12 6
20 46 19 42
21 25 6 47
13 18 5 5
31 7 31 29
45 30 11 30
25 21 17 40
22 21 21 42
23 35 32 25
9 44 10 18
12 44 22 35
5 22 13 43
1 24 16 9
44 27 15 21
11 35 15 10
16 8 30 41
22 29 39 33
22 18 5 45
42 28 33 17
19 25 10 34
20 17 19 22
49 24 9 3
1 34 28 30
22 17 41 20
16 19 21 10
17 46 32 32
27 12 42 15
19 18 38 6
16 17 31 39
16 17 21 38
45 29 10 4
48 4 16 32
3 2 28 36
19 17 40 5
19 28 26 43
13 2 16 41
42 31 17 5
42 41 26 39
19 26 22 29
5 11 36 16
5 2 32 25
7 43 29 23
0 16 22 45
16 16 19 43
42 26 35 16
17 0 23 30
25 35 6 6
45 28 30 34
40 10 8 4
25 41 0 16
17 48 44 8
16 16 29 27
18 17 12 5
18 25 27 16
17 26 4 36
7 13 19 39
21 27 45 21
18 21 13 6
45 30 39 31
2 34 18 40
40 3 38 17
22 23 3 32
15 13 15 4
43 26 41 19
24 15 17 32
19 21 13 10
20 24 32 38
32 13 29 15
23 11 29 41
15 21 26 17
42 29 31 14
6 26 46 28
35 4 12 7
45 37 31 36
17 24 17 39
27 48 18 37
17 20 17 45
33 1 24 49
26 24 6 42
49 30 32 34
14 32 48 2
18 27 7 7
13 24 12 43
44 0 6 40
20 17 8 34
13 35 24 39
14 19 7 5
34 7 22 45
47 35 18 46
0 37 32 22
44 32 22 13
14 37 22 25
19 25 34 28
19 25 41 1
49 29 11 8
40 28 24 31
21 11 31 0
27 30 41 29
18 46 35 27
19 23 37 4
4 36 38 6
32 6 47 15
40 19 32 33
3 18 42 10
41 8 17 10
10 24 41 32
45 30 40 3
38 45 35 10
24 23 13 5
23 16 47 34
49 32 24 19
44 24 14 30
47 33 39 24
45 0 41 38
49 29 39 20
45 32 37 3
21 22 39 40
21 26 3 6
8 5 24 25
12 19 4 4
20 15 49 26
22 25 7 35
13 10 22 48
26 29 21 17
2 8 42 10
18 23 32 20
33 20 44 37
2 8 31 16
19 37 36 35
13 39 8 31
19 36 33 39
47 33 40 8
19 23 23 39
17 22 30 36
27 42 40 25
26 25 37 23
16 12 42 36
47 45 11 36
42 35 35 22
12 32 36 6
20 14 28 31
22 38 46 44
14 21 12 11
32 46 46 7
19 13 4 8
20 17 23 42
30 4 18 20
26 24 22 35
13 15 14 11
15 14 27 23
21 29 8 4
13 44 11 4
27 30 20 45
32 12 1 5
10 45 6 23
26 14 12 0
4 9 18 21
48 36 18 22
43 36 19 27
41 33 49 24
13 34 47 24
21 31 29 38
20 17 23 44
29 48 27 16
38 48 16 46
12 22 28 18
17 27 45 7
41 28 9 1
45 31 22 29
10 21 18 20
9 13 33 27
30 10 36 33
25 18 17 38
9 1 22 31
24 28 15 10
10 2 45 20
22 21 23 41
49 26 17 44
3 1 31 4
13 22 22 40
18 19 11 9
15 5 44 9
22 4 12 19
18 25 26 28
35 16 10 3
24 23 42 18
42 34 21 48
23 45 19 40
28 36 2 45
47 29 8 35
20 19 37 17
11 20 37 40
25 26 10 2
11 8 17 34
25 45 29 46
19 32 47 23
24 37 46 21
49 26 32 26
16 20 8 6
20 29 38 30
47 30 30 2
5 36 47 7
16 23 10 20
41 7 33 26
48 37 29 31
8 46 24 4
27 35 16 11
4 1 18 40
14 21 45 22
24 21 24 40
27 33 28 17
47 35 8 2
49 37 10 9
20 27 22 47
46 20 5 2
17 26 41 19
0 25 46 5
27 1 31 27
43 25 23 11
16 47 11 46
21 40 44 14
28 18 10 7
46 31 24 30
49 25 4 0
17 16 19 41
48 29 24 48
43 5 12 45
15 15 30 18
20 26 10 13
1 32 10 1
19 26 43 15
33 12 15 11
12 21 15 38
33 0 23 12
5 23 14 45
46 23 11 6
2 5 28 37
46 25 9 40
44 32 4 26
43 42 26 40
48 1 45 35
44 33 35 46
49 36 24 10
5 13 27 16
29 40 35 4
47 24 15 9
14 33 12 10
4 35 23 49
12 28 21 14
42 32 9 34
18 24 4 20
36 40 46 11
18 24 23 41
25 33 38 12
19 25 13 8
40 8 26 29
3 39 28 22
33 1 24 42
25 40 16 49
13 33 30 40
19 19 29 33
17 22 40 37
20 21 43 33
19 23 40 40
44 23 32 11
20 19 15 40
21 26 16 29
42 32 17 31
8 13 23 28
44 20 32 36
21 22 12 5
19 22 36 10
26 13 11 43
48 27 8 9
22 25 33 30
16 16 34 16
16 18 35 33
22 35 33 13
18 3 3 5
20 28 25 47
1 46 34 27
38 32 30 38
15 26 2 3
20 29 17 11
18 3 45 9
29 19 32 0
39 9 27 14
4 5 12 44
4 28 23 37
46 20 27 45
22 19 16 7
6 22 24 40
11 25 9 8
39 0 9 9
28 27 1 31
13 18 20 26
19 28 36 14
25 11 13 17
40 28 4 49
18 25 19 14
47 32 15 47
38 26 49 11
44 38 20 39
7 4 23 45
46 36 8 4
15 20 34 15
13 17 33 28
21 31 26 38
19 22 13 5
15 24 35 35
2 35 19 40
34 24 39 10
47 24 23 45
22 20 38 3
48 38 10 9
34 2 46 27
18 24 24 13
8 6 42 34
20 39 30 20
45 31 23 47
0 2 4 44
35 6 25 42
18 22 24 43
22 32 30 2
3 43 36 14
12 20 20 29
20 27 43 38
33 4 10 6
20 33 15 48
21 20 22 48
35 28 16 42
46 31 19 45
17 16 29 37
6 7 26 27
22 22 22 43
21 27 37 37
45 32 17 43
44 25 42 35
25 27 15 46
21 17 24 40
15 29 15 11
16 18 16 49
6 5 20 36
35 5 40 41
23 25 13 0
20 32 14 46
5 44 32 21
14 27 16 33
21 20 43 40
20 24 26 28
29 10 25 21
5 47 42 39
13 21 7 3
48 22 41 41
19 44 14 4
10 45 37 19
7 42 27 30
20 22 48 23
18 22 16 49
48 0 22 41
48 26 32 10
24 32 21 43
14 28 32 10
23 41 0 2
49 21 9 34
40 6 10 10
43 34 19 45
46 27 37 6
46 26 26 46
22 26 2 38
13 21 15 40
13 42 43 21
22 30 14 7
22 39 14 5
36 27 8 14
24 21 45 13
13 24 27 32
33 33 37 39
10 48 48 13
3 0 21 47
49 32 21 14
41 29 7 0
49 24 43 40
38 26 13 2
1 6 35 9
20 44 15 37
23 29 36 21
35 2 16 35
23 25 28 42
12 10 45 25
35 28 31 18
42 22 39 40
28 12 17 5
20 20 11 5
26 37 14 12
23 42 20 39
20 24 19 44
27 14 12 43
20 25 3 38
16 21 16 10
37 17 5 3
47 34 17 42
17 17 18 39
17 49 26 43
25 23 35 22
15 45 13 1
18 29 10 43
13 38 17 45
21 23 17 38
43 26 13 44
41 28 15 1
43 29 39 18
11 5 5 16
43 35 46 17
12 33 1 35
21 20 26 20
14 16 23 43
32 2 31 10
15 28 26 41
17 28 28 24
46 35 32 29
11 19 15 34
48 34 15 3
25 9 7 48
35 43 26 43
20 25 31 43
20 25 24 44
19 27 27 15
37 15 30 12
16 29 34 4
47 32 13 44
46 27 31 3
45 34 25 38
25 36 25 16
16 17 7 2
34 1 41 38
16 19 19 31
20 16 32 13
22 27 29 42
41 1 29 38
21 21 10 8
22 49 44 8
19 16 3 45
12 6 45 22
21 23 34 18
23 20 20 49
22 27 3 43
35 30 19 47
26 26 38 37
17 29 25 38
8 16 16 8
0 8 49 16
4 20 34 30
43 24 13 34
18 27 29 15
21 27 19 32
24 22 19 43
16 27 20 23
20 21 19 36
14 17 41 16
12 48 21 37
48 32 29 40
23 18 40 21
18 25 23 34
49 12 47 28
20 21 28 35
4 21 33 8
24 21 21 46
47 25 23 48
4 1 17 44
22 22 12 41
49 1 24 48
22 24 13 24
17 24 9 1
31 40 20 29
7 14 12 9
11 14 22 46
15 19 15 9
10 15 23 44
48 21 27 39
44 35 40 39
24 36 35 14
11 1 41 35
19 24 15 41
16 31 15 2
18 4 16 49
22 19 35 9
17 21 43 41
27 21 14 3
46 32 16 8
26 23 8 49
32 25 28 33
48 30 19 32
16 18 25 37
8 9 15 5
32 0 22 42
19 22 42 26
11 42 8 48
17 13 22 46
16 23 30 34
49 32 31 22
19 25 33 27
38 12 19 40
16 26 31 16
15 43 14 7
28 28 46 42
46 29 40 36
19 25 29 28
45 31 46 18
19 17 2 2
15 27 40 21
34 3 9 28
18 8 24 43
47 28 15 33
28 26 6 31
15 12 40 11
23 28 41 38
18 7 4 0
9 37 34 45
26 43 5 14
24 21 33 1
48 26 16 1
3 23 31 4
46 36 4 4
47 29 9 2
21 20 10 6
12 16 32 34
44 28 12 7
23 33 12 2
21 15 46 14
25 28 39 1
47 26 15 20
42 30 17 47
49 25 32 35
23 42 9 3
16 21 43 21
26 22 17 49
7 21 25 38
17 13 18 19
24 25 31 35
3 37 34 17
5 31 24 46
19 49 20 41
17 23 29 15
42 26 17 45
26 34 15 35
14 27 19 22
25 26 28 24
14 17 34 16
21 24 3 34
3 34 17 39
8 45 18 1
31 11 29 20
24 23 25 44
24 36 18 9
17 19 42 14
20 24 40 26
18 41 10 5
19 40 27 34
5 23 20 44
22 25 12 8
49 27 11 8
34 27 42 40
19 25 38 27
49 25 20 31
46 35 19 27
22 24 18 41
19 17 18 12
13 41 4 46
47 31 44 35
32 18 41 15
24 18 19 45
17 13 20 20
19 22 2 44
19 24 22 40
32 0 25 5
16 28 12 1
19 22 30 31
30 10 16 10
9 38 33 24
35 3 3 14
6 33 32 3
17 20 21 48
18 46 21 43
16 15 25 38
48 27 25 28
2 34 29 20
31 4 31 27
26 23 26 39
20 25 17 43
23 21 12 11
16 16 7 9
34 16 16 48
49 25 42 41
45 29 11 47
31 3 21 47
40 1 42 41
15 14 12 6
23 28 23 16
48 30 3 35
16 14 41 3
16 27 36 6
47 26 39 28
27 16 33 5
20 15 30 19
16 35 17 39
8 12 15 35
14 13 14 42
13 32 13 9
22 3 36 16
17 20 14 38
48 29 27 35
18 26 41 12
11 31 20 5
45 27 49 17
23 24 35 27
13 48 29 42
48 28 40 9
18 36 17 8
2 6 33 10
38 0 24 47
38 18 15 49
32 26 1 42
13 28 36 15
47 29 22 35
14 18 41 23
17 17 5 28
14 18 7 3
45 38 17 37
19 25 17 19
17 15 13 46
43 6 32 35
15 23 40 41
20 22 35 0
20 16 43 36
19 24 20 38
45 23 42 29
20 21 18 43
19 17 37 1
15 33 41 38
35 19 42 44
17 16 13 40
19 26 47 13
23 25 27 44
12 16 23 8
26 47 22 22
16 24 36 29
18 15 10 37
46 14 32 17
28 21 8 5
21 24 26 11
20 19 31 34
19 38 24 44
13 19 18 3
42 18 27 18
20 24 20 41
21 4 32 22
17 0 23 12
49 26 37 15
18 25 10 41
25 29 34 28
46 28 13 48
12 30 28 10
27 13 30 17
17 27 32 25
45 30 15 45
22 27 12 9
18 27 26 24
8 28 40 27
20 21 30 32
32 1 19 38
30 38 48 28
47 29 24 46
42 20 20 42
49 26 24 22
27 22 16 3
18 45 26 6
16 23 45 17
27 15 9 8
10 7 20 47
12 26 38 33
16 19 11 10
21 28 49 1
16 16 28 23
24 15 34 36
24 20 34 34
47 25 20 39
24 26 46 11
3 19 20 35
38 12 13 3
26 1 11 15
24 20 19 32
46 25 7 2
17 34 30 10
21 10 1 14
48 36 36 26
28 7 13 5
32 28 36 14
35 21 20 9
20 31 23 5
4 9 28 43
10 33 20 49
4 42 31 36
7 25 13 0
24 25 11 6
26 1 20 35
41 24 48 37
48 26 11 24
41 27 6 40
44 35 14 34
26 29 13 9
12 17 37 7
23 24 22 10
18 10 29 14
47 30 8 5
25 23 15 16
20 25 42 39
24 32 41 16
40 22 26 40
3 42 16 47
11 48 13 43
14 18 21 49
25 24 19 5
22 25 27 22
49 28 18 38
1 20 45 20
28 43 21 40
20 26 41 14
22 18 25 48
17 21 43 31
19 1 13 8
21 22 6 4
3 17 4 27
48 38 29 32
14 3 20 45
26 33 36 26
24 26 21 3
23 24 1 8
46 15 27 19
47 31 40 36
15 24 39 36
8 25 13 26
21 12 14 28
23 37 10 6
27 19 3 39
11 8 28 22
24 21 29 22
18 30 22 44
11 11 16 48
12 45 12 8
19 21 40 22
43 8 31 33
21 26 38 38
13 42 20 18
30 41 13 45
23 29 26 44
10 10 19 49
16 18 38 36
49 29 8 12
11 24 17 7
32 13 13 44
27 22 10 38
16 24 40 10
18 46 16 6
10 34 10 11
15 16 23 44
4 35 21 49
15 21 16 42
34 48 20 36
8 32 27 17
15 27 23 42
5 21 41 4
18 30 14 45
47 28 41 19
31 32 3 30
14 38 4 32
34 1 45 22
16 24 27 36
16 19 35 3
7 4 27 28
22 39 11 49
20 45 12 4
48 30 37 2
13 19 15 41
8 38 44 33
46 30 9 3
17 28 27 23
17 19 11 10
22 23 6 23
19 18 35 11
19 24 26 0
49 21 22 41
48 34 26 36
19 26 0 37
19 0 12 9
48 30 27 40
37 31 40 27
26 22 27 5
10 3 40 38
9 24 46 7
30 49 10 8
15 29 7 8
25 8 27 38
38 46 6 1
42 26 32 25
25 21 43 40
18 8 48 5
36 45 11 40
47 33 14 36
20 25 16 9
19 15 11 7
43 20 13 6
44 27 15 2
43 25 20 8
40 43 15 39
14 23 36 12
6 30 27 0
19 30 32 22
49 32 43 19
19 19 14 49
19 7 13 26
24 24 16 43
3 37 26 27
23 37 20 2
11 39 7 44
20 17 45 21
16 23 17 17
18 16 32 29
38 15 30 5
19 31 44 18
23 26 8 49
13 17 20 45
6 33 4 42
44 30 24 28
17 17 45 12
20 19 9 8
20 16 9 3
3 28 30 32
47 35 5 7
40 32 31 25
22 23 43 37
27 21 21 32
22 21 9 41
42 28 14 44
46 29 7 6
2 23 48 27
14 48 23 49
46 24 7 4
43 17 12 3
16 29 35 44
49 34 24 46
21 24 43 37
26 17 42 4
48 28 16 6
32 38 39 33
24 45 24 29
12 19 14 49
19 29 32 17
27 9 15 13
8 16 32 33
32 6 16 2
21 17 0 27
30 30 25 26
15 18 22 41
17 30 24 27
18 24 39 22
27 26 18 43
20 22 32 5
45 25 22 46
27 24 31 40
23 27 9 6
48 28 7 4
17 45 21 43
11 25 40 23
33 4 24 27
12 16 37 25
24 3 7 8
18 13 3 28
16 23 36 25
40 34 32 1
19 17 15 9
18 17 17 10
15 16 44 25
17 25 13 48
25 23 35 31
45 35 35 11
48 34 33 18
11 16 27 35
22 26 34 29
21 25 21 41
19 16 21 46
46 25 13 34
18 25 42 19
29 45 40 1
19 21 23 43
34 21 32 29
25 27 14 36
29 8 15 45
43 32 34 21
20 13 7 41
31 42 18 49
