50 236 13847 800
17 30 13 17
30 29 5 23
32 29 46 8
38 16 38 36
18 27 9 13
21 31 12 20
28 40 43 35
42 18 44 38
17 31 42 39
38 22 23 6
19 30 47 38
17 31 6 19
10 37 40 25
21 31 2 1
15 29 39 35
15 26 34 33
7 37 43 44
45 42 36 1
37 24 39 43
26 42 46 33
17 32 44 12
6 22 4 14
25 46 23 39
17 32 39 42
16 23 22 18
43 46 43 0
19 43 36 43
18 20 43 37
14 30 37 46
35 35 4 8
22 24 35 27
3 29 46 28
14 33 2 17
18 32 38 18
40 39 22 7
17 28 31 44
23 46 29 9
10 42 18 47
45 33 25 17
14 38 11 25
40 45 33 32
32 27 40 34
36 30 37 15
12 31 36 44
35 41 33 22
15 36 34 5
14 32 43 45
18 26 39 25
18 27 29 5
5 37 9 25
2 14 42 31
14 34 9 16
21 28 20 21
18 28 31 22
14 33 41 19
7 16 33 1
19 25 24 11
14 28 6 19
39 27 34 9
16 30 1 17
8 44 32 8
19 31 8 15
16 40 7 14
17 29 41 16
7 47 40 16
21 28 38 5
14 26 26 49
22 28 34 7
31 49 28 33
18 34 33 17
8 30 7 10
36 36 43 5
38 45 34 31
37 30 31 40
7 43 20 13
28 29 2 23
37 45 32 0
25 44 48 42
25 41 40 39
24 29 41 42
3 49 12 24
8 23 31 37
15 25 19 21
37 23 3 23
22 47 33 49
17 37 37 14
37 30 11 28
15 46 9 1
29 34 40 39
29 35 31 45
3 42 42 18
18 28 32 18
30 29 1 26
25 49 46 35
21 31 24 44
45 25 34 22
15 30 40 30
16 31 39 15
18 32 42 0
18 29 37 34
32 30 31 8
17 33 16 6
14 25 44 9
21 42 33 42
16 31 48 42
16 27 44 30
6 20 11 17
38 45 1 18
20 31 9 18
16 26 42 4
36 47 46 12
18 31 40 46
2 45 46 10
32 46 33 34
16 29 36 21
33 39 36 45
19 39 6 17
13 29 7 28
16 28 10 22
5 26 25 40
23 34 47 2
37 31 13 29
13 25 19 13
11 29 23 35
44 33 23 45
16 26 9 13
17 30 47 1
19 33 43 47
15 31 3 18
37 15 38 10
39 39 2 26
18 29 30 34
1 47 8 24
33 17 38 23
17 30 39 44
20 26 37 32
16 30 7 17
41 33 46 9
18 30 40 36
18 29 10 13
23 11 37 35
31 29 22 14
32 29 41 15
17 30 0 16
14 28 16 16
18 29 40 2
35 45 38 9
31 18 36 17
38 31 48 30
36 41 6 21
40 39 46 3
18 33 34 43
35 34 4 19
39 46 38 35
17 29 31 6
21 27 20 33
47 38 2 23
40 47 23 11
7 43 41 32
15 30 35 1
33 33 35 7
13 42 30 20
13 34 43 34
39 29 1 20
43 27 22 29
34 41 3 20
16 32 39 38
39 25 46 27
34 49 49 17
35 38 10 17
3 9 37 47
17 41 46 2
38 41 6 19
6 30 26 2
32 33 12 4
46 49 32 9
45 40 45 24
28 22 32 12
16 33 43 15
41 48 40 23
32 31 30 17
4 0 45 45
44 24 29 33
20 34 45 35
33 31 34 1
7 42 47 35
14 29 40 9
37 27 36 11
11 25 47 40
19 28 9 16
38 26 24 14
24 43 36 19
20 28 25 0
16 28 40 4
11 40 1 15
20 30 32 43
12 31 46 38
39 40 43 38
42 39 31 39
48 44 10 10
17 31 15 19
39 21 41 39
16 29 40 5
14 47 11 8
13 28 34 33
41 36 39 18
30 37 10 9
27 28 43 48
8 22 28 34
14 31 3 27
36 40 3 22
40 47 45 38
44 44 31 6
22 39 30 16
16 27 5 17
22 33 46 27
5 40 44 14
13 8 42 26
42 31 48 43
22 15 1 13
35 43 42 1
31 49 15 16
14 11 40 25
31 34 37 7
9 48 44 14
40 35 30 17
28 43 30 48
27 40 35 34
21 32 44 13
23 31 30 36
27 33 15 14
14 27 23 5
15 28 39 35
32 47 36 23
2 44 49 46
2 25 46 11
