50 104 18107 800
45 19 24 13
49 16 46 32
45 19 39 41
24 23 33 18
16 29 37 16
41 33 8 17
40 17 38 20
47 46 29 39
25 30 19 34
13 22 34 11
46 16 8 15
2 24 3 17
4 38 12 15
40 11 17 9
40 14 45 38
12 26 33 14
48 13 47 35
4 14 36 5
44 17 2 2
4 19 11 15
49 29 15 47
16 40 7 14
13 22 45 25
47 17 42 30
42 18 11 17
42 36 34 14
45 17 4 18
45 17 45 37
49 18 36 15
44 13 14 12
6 22 37 16
33 7 12 22
48 16 24 29
3 21 16 15
3 14 1 17
46 13 33 14
25 30 14 8
45 23 27 28
16 28 3 11
21 2 4 22
41 17 14 19
14 24 40 29
35 21 27 41
26 0 2 14
16 32 14 18
45 30 1 13
1 10 40 32
39 20 33 20
30 19 4 5
45 10 42 38
39 17 12 11
44 21 37 14
10 24 34 49
48 37 33 2
2 31 14 39
45 22 39 15
47 15 19 26
39 10 12 12
13 24 40 45
25 15 26 23
37 19 5 14
12 8 6 37
28 35 19 38
23 32 21 28
48 18 8 18
44 44 36 18
43 20 1 12
21 17 1 15
39 15 17 29
35 11 39 19
43 20 36 14
34 21 46 27
36 17 42 42
47 16 38 1
39 23 7 1
14 25 41 33
39 15 39 27
43 15 22 3
40 17 5 15
29 22 21 38
46 20 11 10
40 14 35 15
5 22 9 18
6 8 5 12
37 24 13 37
15 31 33 15
19 27 14 25
20 30 26 19
11 22 33 3
46 14 33 36
41 16 32 39
20 10 10 19
41 22 7 7
17 46 7 12
20 31 3 4
46 20 43 39
39 21 38 15
12 3 2 1
49 20 22 32
36 48 45 37
11 28 40 32
13 18 21 41
20 15 32 15
40 16 18 2
