50 665 13263 800
1 24 23 42
36 20 4 27
40 26 38 7
35 15 31 8
41 34 43 9
40 40 8 31
12 11 24 30
0 34 36 9
42 38 39 30
9 15 42 16
37 38 40 7
34 15 34 23
38 21 36 10
9 15 33 8
40 29 34 13
37 49 44 13
1 34 31 47
1 34 22 5
2 32 37 8
3 37 30 26
38 24 36 3
33 46 23 31
35 15 35 9
5 31 21 25
41 27 41 21
40 16 42 32
0 38 39 10
42 17 36 47
38 25 30 24
41 18 34 27
4 33 33 16
38 24 32 16
41 27 12 18
8 16 36 7
1 36 34 31
5 30 34 6
19 30 14 29
10 27 20 32
19 49 42 20
1 37 47 38
23 39 48 26
6 35 28 27
41 14 19 33
8 23 17 28
39 23 39 3
39 23 4 46
0 38 30 34
39 15 40 38
11 28 34 11
46 47 35 9
37 20 37 8
47 41 34 6
38 26 9 6
5 20 34 26
39 15 25 46
37 16 24 30
44 42 47 6
39 14 48 38
7 18 37 4
35 26 39 6
23 43 35 7
4 36 17 19
19 43 37 9
10 37 42 24
5 17 13 40
8 22 36 44
39 28 28 15
3 28 27 31
36 15 10 13
36 19 33 6
7 22 24 38
7 39 37 7
11 28 47 42
13 36 26 12
3 39 14 47
6 28 35 6
4 22 48 30
36 30 37 44
37 27 11 21
41 16 39 33
39 19 43 36
38 28 17 27
39 26 28 9
0 38 11 34
39 30 38 13
41 47 35 2
37 15 44 9
5 38 40 34
17 19 26 26
3 34 28 42
14 48 40 7
35 21 8 32
43 27 36 7
8 25 34 8
40 25 11 49
48 39 34 4
3 7 36 12
0 38 9 40
37 47 32 18
3 41 41 14
2 27 33 46
39 24 19 34
37 17 41 29
38 42 43 28
17 24 19 28
45 46 23 43
7 17 36 9
0 9 13 18
38 23 30 29
34 14 34 8
1 35 24 19
4 32 46 24
2 35 46 39
11 26 41 7
36 18 33 41
8 23 28 34
1 34 32 21
1 22 44 8
37 22 30 37
40 26 26 37
36 18 18 8
37 47 38 29
12 43 33 9
0 37 41 43
39 26 42 38
42 26 44 43
9 45 34 6
40 21 35 44
0 24 35 4
39 23 37 7
7 25 32 13
40 18 36 14
0 32 41 40
10 41 29 33
36 26 38 8
41 22 23 25
5 23 37 11
36 27 33 13
39 27 34 11
45 49 20 48
38 14 16 22
36 20 25 12
41 28 14 35
7 25 36 5
39 30 17 41
35 25 36 10
43 47 20 44
40 17 21 28
44 38 13 42
38 17 42 15
35 20 33 9
41 18 31 26
40 14 39 7
20 29 30 39
41 24 35 9
41 17 38 42
1 39 24 27
46 47 35 29
0 37 41 18
0 44 38 31
14 18 35 5
4 29 13 31
49 36 40 30
4 20 23 24
31 12 25 17
39 18 37 8
34 25 30 33
37 24 24 8
40 18 37 9
36 15 31 10
9 33 38 6
37 29 38 25
36 22 23 23
40 27 25 40
39 26 23 27
41 30 45 43
6 16 38 6
40 25 33 8
39 15 20 33
40 44 19 39
1 39 26 18
4 14 39 43
13 28 40 7
37 13 43 41
12 46 16 28
44 29 29 47
44 48 41 23
37 18 28 40
10 40 39 29
32 16 21 39
3 20 33 48
36 19 14 3
0 42 29 22
38 30 45 49
32 19 34 32
7 21 26 22
45 46 40 5
41 25 43 13
21 36 39 7
30 14 33 8
8 24 21 34
25 30 38 35
5 43 30 8
39 13 2 48
38 43 31 4
36 27 31 5
10 20 29 48
42 49 35 18
37 23 33 11
41 30 32 29
14 36 28 20
42 28 36 14
40 18 40 32
12 42 33 32
37 20 38 8
0 35 27 23
8 17 20 25
42 25 11 23
14 46 42 43
1 22 47 10
40 15 36 3
44 44 23 18
32 19 5 20
27 31 22 14
40 28 35 48
35 14 34 20
30 20 29 25
42 23 37 32
14 44 45 34
38 26 37 33
8 18 31 15
21 26 44 30
36 17 6 26
37 19 12 34
7 20 34 20
2 36 13 11
33 18 30 10
38 23 32 25
13 23 27 17
1 40 40 40
39 26 38 35
35 19 38 5
36 26 47 19
38 14 21 31
48 41 26 31
30 37 36 8
21 45 32 21
7 16 37 13
40 16 38 32
11 27 40 10
0 32 35 8
37 16 13 29
38 28 34 29
39 15 39 8
34 24 47 24
39 18 17 44
5 35 33 45
37 25 37 33
25 43 46 39
40 17 29 23
41 30 27 22
48 37 18 28
39 17 31 25
4 35 36 25
39 18 37 35
4 20 36 10
37 19 30 7
2 31 36 13
9 7 30 14
7 46 15 6
0 36 10 38
38 29 20 20
5 34 45 43
2 28 29 19
0 39 34 13
9 23 29 34
49 42 30 39
40 25 20 44
40 20 39 12
25 34 44 23
39 48 37 5
0 35 27 30
36 18 10 37
43 26 13 5
5 24 40 33
43 40 36 10
37 14 36 5
38 15 36 19
3 17 28 44
38 24 33 49
41 24 28 47
3 20 43 13
4 37 22 35
6 25 17 21
36 27 35 8
4 38 17 48
7 23 15 28
39 25 35 34
37 25 18 41
0 34 14 11
41 25 22 21
7 22 32 6
45 34 31 44
39 19 40 36
10 23 32 6
40 26 28 19
37 12 34 49
40 28 29 7
2 39 35 6
47 47 7 46
20 25 19 46
10 36 40 39
2 35 37 30
10 22 22 13
37 27 19 47
39 44 37 2
38 15 23 27
6 16 36 15
3 26 38 10
38 26 27 47
10 35 33 4
3 36 13 11
38 27 42 24
37 18 30 10
2 39 30 9
34 15 32 9
36 45 44 32
40 24 37 28
21 15 26 24
15 39 31 35
0 37 37 4
40 20 33 9
9 20 4 44
3 20 12 26
41 20 36 47
6 17 37 9
35 19 19 37
39 48 5 43
36 18 30 20
47 47 6 25
44 49 48 10
41 25 38 27
49 42 36 12
39 17 28 15
39 24 19 37
10 15 34 49
2 10 29 39
39 26 34 7
40 13 27 22
11 22 44 15
38 18 40 5
13 17 28 18
2 32 35 8
7 14 35 10
39 20 41 30
43 29 41 13
5 40 28 17
6 25 27 40
34 19 20 45
39 21 34 2
4 34 46 18
24 44 31 6
41 27 15 37
38 22 26 24
35 15 22 29
40 47 35 41
2 17 31 6
6 29 13 25
3 15 33 7
20 38 32 11
39 25 32 10
8 16 36 14
2 36 9 38
5 27 37 12
38 28 36 31
9 28 9 19
39 27 25 23
14 26 32 21
38 20 37 6
37 20 32 1
44 41 21 22
9 26 23 5
41 18 22 20
11 30 6 39
38 28 17 32
40 26 24 45
37 20 37 3
38 28 35 37
36 28 33 13
15 20 34 10
11 37 40 6
34 40 27 26
36 21 20 21
40 23 23 11
7 16 37 4
39 41 40 5
1 36 33 40
37 15 34 13
41 42 38 8
37 29 27 47
3 33 34 10
37 28 40 2
38 29 8 46
9 21 29 25
0 37 41 12
38 18 7 48
38 25 33 5
39 15 32 41
39 25 22 26
37 25 29 17
39 49 30 24
1 38 35 7
1 37 38 23
2 36 19 33
39 15 35 3
7 21 35 8
32 19 37 40
9 21 40 4
46 38 40 6
35 23 34 8
11 17 27 21
12 21 36 10
9 20 33 36
4 36 37 6
7 19 31 21
34 17 25 35
12 21 35 9
35 24 33 8
39 25 28 20
34 19 27 23
5 24 34 9
35 20 22 32
7 18 42 18
36 15 36 9
37 25 34 14
37 28 36 11
3 19 37 33
1 37 38 7
14 18 29 10
1 36 37 7
40 27 28 41
39 15 18 26
39 16 34 14
11 7 40 11
35 48 25 37
36 25 38 2
2 25 44 30
36 17 6 30
6 25 30 8
40 26 32 32
2 38 37 11
42 26 26 30
8 14 21 37
36 27 20 30
1 15 18 23
9 33 19 20
36 17 30 31
41 19 35 42
15 42 48 0
19 39 10 48
2 36 26 36
4 19 40 8
15 43 32 14
39 15 27 25
39 24 47 21
33 43 25 43
0 37 37 30
49 31 13 37
9 26 36 8
39 19 1 25
2 18 29 45
4 12 35 35
39 44 31 49
2 39 20 41
0 47 17 1
33 19 41 12
39 15 35 5
0 36 37 12
38 24 17 21
37 24 37 7
38 16 42 26
38 46 9 10
45 36 35 7
38 18 39 3
11 32 36 9
8 19 35 7
8 21 35 48
28 27 15 18
41 23 20 16
35 18 36 5
39 24 22 17
6 24 39 42
13 25 35 13
38 20 37 9
36 28 15 24
6 0 38 17
9 45 21 20
40 25 26 43
38 19 37 5
38 25 32 6
3 35 29 29
37 28 26 41
41 22 25 41
8 36 39 7
40 27 35 12
38 19 37 12
7 32 35 10
42 47 18 16
38 26 37 9
49 35 25 9
35 17 36 5
37 26 15 37
13 21 30 5
40 26 14 34
39 19 39 14
1 5 27 37
1 38 23 2
38 24 15 49
38 25 36 19
6 25 45 46
8 33 39 48
39 28 34 2
19 18 44 4
38 26 33 12
2 22 41 39
37 28 39 10
0 38 34 8
32 20 30 0
39 28 36 12
40 43 28 25
40 26 34 9
36 26 31 9
38 27 33 47
35 41 41 48
42 27 36 47
48 26 35 3
37 15 35 9
36 24 33 18
22 46 34 43
36 17 40 10
36 25 27 6
43 47 33 9
43 34 37 27
34 43 22 25
9 23 41 41
38 48 26 29
39 27 24 17
48 43 36 10
38 19 30 3
34 20 32 11
38 29 25 32
0 37 34 4
31 46 35 13
38 24 33 39
1 21 23 49
37 28 44 49
3 32 40 6
5 37 43 38
37 26 38 4
0 12 19 38
39 15 27 27
4 34 38 10
10 16 39 6
38 21 35 11
38 17 24 24
38 25 15 32
49 43 42 7
37 27 34 6
39 12 49 22
34 19 46 29
43 27 16 9
7 32 27 24
45 15 37 18
39 24 36 34
37 25 9 32
5 8 11 40
15 14 34 6
18 29 35 11
10 40 19 44
47 23 27 21
39 22 16 34
0 37 23 42
41 23 35 34
34 34 24 30
38 21 25 22
39 25 41 14
33 16 24 29
45 43 37 10
29 31 19 43
9 25 47 43
31 36 22 26
35 16 39 31
5 18 9 16
14 32 36 8
9 15 29 16
38 20 18 42
37 19 35 7
26 43 32 10
37 43 41 6
43 28 38 16
40 18 29 37
3 37 35 19
41 15 25 33
28 15 32 36
10 26 32 13
32 19 25 36
7 21 28 19
3 35 35 8
3 38 34 8
38 16 40 32
2 14 43 28
40 12 40 6
1 38 1 25
17 41 38 42
37 41 10 35
38 28 46 43
16 22 23 14
2 44 43 28
9 40 37 11
4 36 40 16
42 30 22 20
38 37 28 31
31 43 33 4
7 23 25 45
35 24 35 3
38 17 35 13
37 15 33 5
38 29 43 37
38 29 31 8
11 20 37 23
0 36 32 8
11 46 23 47
40 35 16 35
3 28 37 5
39 26 23 24
10 37 46 11
4 17 37 7
13 21 43 30
49 48 34 16
36 16 11 30
39 18 28 49
35 18 29 12
38 25 23 10
19 41 15 4
38 27 38 9
37 27 26 42
34 22 40 9
0 38 18 19
3 38 29 23
39 46 38 7
49 24 37 11
37 27 24 43
37 27 31 23
39 26 34 7
37 16 43 27
8 19 34 17
5 47 18 29
25 29 32 34
39 20 35 9
35 19 29 23
0 40 37 8
47 31 36 8
17 35 40 24
14 48 32 38
10 21 41 11
