50 93 18500 800
43 16 39 18
38 14 21 5
28 21 7 25
46 21 39 25
30 37 35 11
14 15 32 2
46 10 3 3
45 24 23 0
45 43 34 0
29 40 31 4
14 39 27 20
44 44 26 22
34 15 34 31
20 0 19 23
26 9 48 46
27 25 20 32
39 24 34 28
17 13 38 22
46 23 34 20
47 21 37 21
28 23 13 12
41 6 32 2
44 13 29 47
37 17 34 9
11 17 38 8
40 29 27 24
25 43 35 11
30 19 39 15
41 17 20 43
37 40 25 3
41 20 22 11
45 25 38 4
49 26 0 15
18 31 2 27
47 29 12 7
26 26 47 3
44 42 35 3
13 9 2 41
35 26 30 13
13 29 19 16
35 21 23 13
20 29 30 3
6 24 33 1
7 34 36 18
25 0 32 16
17 10 22 5
6 13 36 14
15 42 32 1
17 45 27 9
37 31 29 10
24 19 29 3
47 38 28 31
36 15 37 20
35 23 32 4
23 43 37 1
45 28 49 1
40 21 31 0
16 27 34 15
31 1 33 23
37 32 33 2
12 34 43 17
38 28 38 1
43 23 29 2
41 26 20 29
19 44 35 2
16 32 13 27
3 16 19 20
28 19 41 3
18 19 28 25
11 12 7 28
40 11 35 2
47 29 32 24
33 2 49 2
23 20 36 13
45 26 6 16
6 13 10 25
10 19 41 3
11 11 28 12
45 24 35 2
27 21 35 12
47 20 40 5
43 26 37 9
23 30 29 13
45 25 44 9
30 14 28 5
35 46 33 21
49 25 41 0
34 24 38 7
30 27 24 17
23 1 34 1
9 26 45 0
40 22 32 4
38 27 28 3
