50 475 13468 800
42 30 29 45
26 36 19 30
27 32 1 0
39 13 21 39
26 30 12 25
6 47 34 36
38 23 1 18
22 47 15 32
40 33 2 17
29 38 14 32
9 35 30 30
13 45 23 17
39 16 34 15
30 42 4 12
13 33 4 10
44 43 30 12
26 34 45 45
29 27 33 40
2 32 2 14
31 29 22 29
29 36 14 6
23 38 35 43
33 38 10 3
32 40 45 40
11 31 9 12
28 33 22 17
14 43 18 16
3 36 28 25
33 31 18 20
46 38 25 43
34 39 0 25
35 44 28 14
34 26 10 2
28 33 4 3
46 37 31 28
3 21 29 25
8 36 39 13
29 45 8 21
3 23 0 28
43 20 31 39
46 44 31 42
13 41 18 29
33 38 30 45
24 39 28 49
26 29 24 35
40 22 13 39
29 34 48 39
36 20 2 31
12 31 17 36
39 17 29 40
41 39 37 38
4 39 20 21
22 36 10 32
39 33 8 19
5 37 10 44
14 33 18 30
37 41 19 7
32 36 8 21
28 28 35 27
41 21 26 38
27 33 46 40
31 42 35 38
48 14 20 8
22 32 4 33
25 35 14 42
10 42 8 32
7 26 21 48
38 26 22 42
19 34 14 18
7 40 41 21
24 33 37 40
33 39 7 24
19 23 32 19
41 37 27 9
18 36 34 36
40 13 30 27
22 41 14 33
29 31 4 5
30 38 37 19
27 24 6 19
12 31 34 46
21 32 16 13
16 34 9 33
22 23 8 30
23 34 49 37
44 33 11 39
24 30 42 22
28 32 3 40
27 35 11 13
42 33 28 11
31 32 15 28
42 46 11 29
22 30 7 25
19 45 0 3
27 22 6 26
25 33 1 28
20 35 13 29
40 15 27 42
40 28 5 19
42 36 2 25
36 19 12 18
25 34 31 22
3 33 39 19
33 38 33 28
18 40 6 9
33 35 21 48
49 43 33 12
19 26 5 24
41 28 44 40
26 14 13 26
25 31 2 35
38 37 15 28
48 35 35 35
29 37 1 37
24 36 2 30
29 36 40 40
24 41 5 28
30 18 43 20
27 24 18 21
43 18 7 36
16 43 15 31
17 20 30 0
34 23 29 38
26 20 16 30
23 30 27 43
31 42 34 31
43 18 1 24
48 10 26 44
7 36 2 16
35 33 2 31
40 39 12 20
20 43 7 21
13 39 36 6
37 44 31 38
30 28 9 36
23 14 32 36
27 36 7 26
19 30 0 22
25 29 11 20
6 32 4 18
21 35 10 28
6 39 6 24
40 39 2 2
18 40 9 45
5 43 44 33
23 43 13 19
38 12 14 12
43 15 36 41
39 38 21 15
33 29 24 40
20 35 15 25
17 34 8 23
44 46 35 38
13 45 3 38
7 47 10 9
22 35 38 20
25 28 10 24
23 28 48 30
30 38 26 19
3 43 36 24
27 31 9 15
14 31 38 25
31 12 11 8
38 16 22 2
39 15 33 19
1 34 29 31
40 17 8 18
27 27 38 23
28 39 20 32
49 27 14 5
31 44 1 10
20 27 10 17
22 32 2 24
32 32 6 4
31 41 6 17
25 34 3 1
43 19 26 38
35 39 1 4
6 39 8 34
42 16 14 2
12 44 23 17
19 32 16 27
26 23 6 18
3 46 28 0
26 33 14 22
45 18 41 39
22 37 34 28
23 42 31 49
33 38 25 43
30 21 43 39
40 41 19 32
37 30 48 46
36 36 5 25
36 40 12 21
11 36 14 29
31 39 3 29
36 28 12 30
6 37 17 11
37 42 3 24
22 45 6 19
20 32 15 29
13 33 5 3
26 35 5 28
21 38 31 28
24 35 19 34
8 36 32 34
6 46 49 19
37 22 36 42
31 48 6 20
2 38 8 26
29 37 35 32
27 31 27 49
15 34 10 9
45 36 13 10
29 32 39 17
43 43 2 18
16 35 43 32
36 44 12 2
31 33 9 8
25 29 1 18
44 13 12 28
12 28 30 36
31 28 23 43
11 41 37 40
37 19 2 12
36 45 18 11
21 39 36 44
36 36 5 23
25 39 10 44
38 44 42 34
15 37 36 29
13 46 11 32
46 38 3 26
26 40 2 37
8 38 5 8
26 34 20 41
39 48 4 32
7 35 32 27
32 31 5 23
27 30 40 38
15 27 37 42
27 31 11 27
15 38 34 35
36 47 3 26
1 33 17 20
26 30 7 8
23 37 34 30
41 19 33 41
28 36 18 17
41 35 5 20
31 33 39 30
25 40 18 25
28 31 36 41
29 34 44 40
39 38 28 14
26 41 35 32
22 37 0 21
35 28 33 36
38 15 4 18
32 21 10 10
12 45 17 13
19 37 45 47
30 31 36 44
34 42 13 16
13 43 10 20
34 18 40 9
29 38 15 10
26 36 1 26
25 40 20 45
25 38 8 39
24 35 17 38
13 35 30 35
10 29 30 49
38 34 16 2
3 39 20 41
26 41 19 11
30 39 33 47
41 34 12 9
18 16 25 46
28 30 40 20
20 29 2 29
3 48 41 4
28 31 7 41
22 32 0 3
19 22 35 47
2 28 17 40
4 26 41 17
13 36 24 13
42 17 2 26
22 32 17 45
33 37 21 19
42 11 32 39
20 29 9 21
7 35 4 26
31 32 30 45
41 46 2 27
28 37 11 0
22 26 27 36
15 31 34 23
8 37 13 8
36 18 16 23
23 36 13 27
9 36 38 44
29 38 20 21
31 37 34 30
32 42 22 22
26 24 9 8
35 31 17 7
22 30 43 34
16 11 16 26
21 32 16 23
34 34 1 31
28 45 8 26
7 44 10 42
30 34 37 28
39 33 4 33
13 42 8 37
31 28 0 21
32 41 9 27
17 27 28 29
36 36 18 12
45 13 11 31
44 48 9 19
30 40 17 37
32 37 20 29
40 18 42 32
15 30 23 31
24 30 15 7
31 28 0 19
31 39 23 36
40 30 7 34
33 27 9 33
25 32 39 19
33 26 31 3
23 20 1 25
25 32 15 18
24 28 20 35
1 41 2 12
37 47 5 2
9 35 4 21
32 38 3 10
11 40 12 3
29 38 11 27
0 25 11 29
40 39 28 42
14 41 5 34
12 36 4 36
34 37 9 9
24 33 16 33
38 27 6 23
2 47 22 45
27 36 46 35
32 33 20 46
31 36 18 2
37 37 22 21
41 13 18 29
29 36 3 12
22 35 4 44
7 34 43 36
23 39 37 40
26 34 42 38
21 46 28 34
28 29 10 13
43 11 14 34
8 45 8 12
31 36 22 15
20 31 26 23
10 47 29 38
9 38 6 21
32 28 20 7
49 42 3 7
6 30 16 22
33 35 2 3
31 40 8 33
22 39 47 48
11 37 2 21
24 41 15 13
26 36 11 5
21 25 42 19
40 15 8 11
19 41 37 34
40 33 10 33
16 38 41 44
45 37 33 5
49 38 13 8
12 45 7 7
38 35 21 11
41 6 5 0
28 27 45 39
10 39 44 44
27 37 12 30
25 34 17 10
27 34 8 27
10 38 29 44
41 15 36 29
40 49 25 26
20 32 4 22
35 33 27 32
13 28 42 28
29 38 5 20
41 40 16 39
31 34 34 44
43 17 47 32
30 39 11 25
25 27 7 23
31 37 38 24
26 38 41 25
10 46 15 29
28 30 19 26
38 20 19 10
13 38 2 8
19 25 49 41
18 33 5 23
24 27 23 20
0 11 4 26
22 42 0 19
26 43 20 24
30 24 21 27
49 22 48 27
7 43 30 36
41 16 27 49
23 36 21 12
42 16 9 26
16 34 5 17
29 30 4 21
24 32 7 12
37 30 15 26
40 40 11 25
26 37 6 13
10 35 9 17
27 42 5 36
22 31 12 30
30 39 13 22
41 38 27 8
37 36 33 44
7 33 31 39
9 40 18 8
42 43 12 29
21 34 14 11
26 25 24 41
44 17 7 29
25 41 6 10
7 30 15 13
16 40 40 41
40 19 9 25
31 26 0 22
20 48 34 30
31 36 19 34
28 38 47 37
36 39 14 33
44 40 1 40
42 31 20 34
30 26 13 22
34 36 4 12
39 13 26 26
30 35 19 10
15 43 36 39
25 40 3 18
13 41 3 26
22 40 19 46
29 31 12 13
46 23 31 36
13 25 13 14
28 35 30 47
28 38 14 19
37 16 29 20
25 31 2 24
31 42 13 24
9 41 46 32
28 40 42 26
26 33 43 13
23 44 39 39
6 43 6 31
3 39 6 15
19 29 16 4
