50 235 17671 800
10 29 38 28
12 16 35 27
29 9 48 4
26 27 47 17
25 25 41 8
23 32 19 45
12 11 36 19
5 10 39 7
14 24 35 37
32 27 13 41
8 26 35 23
20 33 28 43
16 17 48 10
20 16 23 6
22 25 37 35
40 16 19 17
41 27 44 9
21 12 40 25
24 14 49 37
16 24 29 22
20 26 46 25
23 30 43 23
10 42 19 33
17 36 20 41
16 16 16 33
15 22 44 14
29 4 34 6
32 35 47 0
1 16 44 1
17 32 41 0
19 33 37 20
23 10 43 17
15 31 22 31
16 37 14 32
48 13 38 8
49 4 44 17
18 16 44 3
23 30 19 36
31 17 33 27
23 29 49 16
23 32 39 37
31 22 19 44
21 13 40 0
36 9 18 47
24 26 43 17
17 13 15 44
22 18 26 43
26 25 16 42
6 32 22 40
20 16 0 23
25 32 16 37
48 17 42 20
9 11 33 38
24 24 18 38
31 27 38 41
22 30 22 39
11 18 18 14
27 40 27 28
36 20 5 18
15 29 21 32
29 27 42 15
12 28 36 18
16 19 32 34
19 17 25 30
47 15 34 24
13 18 29 26
23 29 42 34
25 18 16 40
15 17 49 0
26 20 30 12
26 30 34 22
22 22 39 9
16 33 29 31
25 17 45 4
24 38 18 45
35 11 34 24
16 20 16 40
15 11 41 15
26 21 22 34
17 11 17 30
33 11 17 40
26 4 41 5
45 24 44 17
17 8 46 26
17 35 14 39
12 11 40 27
17 20 21 39
16 33 31 15
20 33 41 21
15 12 21 45
7 31 35 44
36 6 44 23
33 5 44 18
18 28 15 39
49 2 47 12
23 18 15 41
45 6 34 29
16 12 14 30
18 21 13 49
42 15 44 4
14 41 42 18
28 4 14 38
49 13 44 1
26 35 44 33
14 36 25 11
30 1 36 27
27 25 47 6
16 22 26 34
17 11 29 16
24 28 0 24
30 25 19 40
16 21 38 19
22 32 12 39
5 1 40 29
30 2 13 40
20 27 27 41
37 3 25 34
33 3 15 41
15 8 48 20
8 20 9 41
27 27 40 13
20 14 19 41
20 12 44 14
15 19 40 0
18 37 6 8
27 0 29 36
22 29 44 13
16 5 39 2
9 27 12 38
43 0 40 19
21 35 43 9
32 16 5 49
24 10 35 24
9 18 8 47
33 17 48 47
27 19 15 47
10 9 31 13
13 27 38 19
39 10 39 38
33 27 15 45
6 2 5 20
27 30 25 44
11 11 22 33
22 42 44 7
25 26 3 21
14 24 37 1
11 28 27 46
31 26 37 43
39 23 40 4
47 0 31 28
11 21 13 44
28 23 39 37
20 14 26 29
37 34 23 36
18 25 43 22
10 15 22 42
27 18 33 20
12 1 26 34
4 3 41 40
14 26 46 36
37 33 1 29
21 16 40 3
19 22 6 19
39 0 27 24
20 14 43 15
25 32 41 31
19 24 17 42
3 4 41 20
20 8 40 15
21 23 20 36
21 24 31 30
15 20 16 38
18 17 31 26
8 13 22 34
20 11 45 12
15 23 33 13
15 20 24 23
3 46 13 41
15 19 41 41
4 24 44 0
13 32 4 20
16 18 49 0
23 17 21 41
24 30 5 7
24 19 36 14
8 21 20 38
29 9 32 31
14 17 21 38
16 17 16 36
18 10 48 9
14 20 19 48
16 25 40 17
19 8 21 48
30 17 33 27
16 26 41 44
38 17 12 33
36 8 46 33
21 31 20 42
34 31 45 14
13 14 44 5
34 28 45 5
15 18 36 24
14 22 16 38
21 18 23 32
20 17 40 0
28 36 3 0
46 7 4 21
22 30 45 19
37 3 28 41
32 9 36 13
16 30 9 16
8 3 27 26
16 17 46 13
12 15 15 33
37 5 17 34
9 7 8 30
44 2 36 25
6 43 20 5
38 16 46 19
28 8 43 16
15 10 46 15
0 9 19 32
21 19 44 21
23 28 46 2
32 22 17 39
5 25 44 3
16 20 9 30
11 5 29 40
20 29 19 39
45 33 47 13
4 14 49 3
45 25 17 37
35 21 0 18
32 21 45 14
15 6 29 32
