50 1135 15825 800
37 20 11 2
11 31 16 46
3 31 28 49
34 33 1 27
6 26 3 40
34 1 17 44
32 24 0 36
42 10 1 35
41 17 6 27
0 37 23 10
6 26 42 13
9 20 21 29
37 19 42 1
2 19 47 4
25 14 36 20
18 16 24 25
8 36 32 14
33 12 45 8
2 24 38 10
1 20 18 14
4 7 31 14
38 22 5 40
36 5 37 21
12 29 24 17
40 3 44 10
16 12 19 24
1 21 38 9
37 5 45 11
1 9 10 25
18 23 37 21
34 15 0 35
2 17 33 16
29 17 43 9
9 24 39 25
47 13 19 15
4 28 42 21
13 16 33 26
8 23 1 28
41 13 5 24
30 14 12 38
34 10 35 15
17 5 21 42
41 16 11 26
2 30 15 13
38 9 21 42
11 21 17 13
33 30 18 17
0 24 1 30
3 19 10 30
44 19 22 29
7 27 34 29
32 20 40 6
3 27 7 43
27 10 16 46
4 23 5 33
43 6 18 8
43 19 42 32
35 10 9 6
26 27 5 35
22 22 40 27
40 1 4 30
12 21 17 18
14 29 49 14
14 33 7 31
10 23 38 23
6 25 3 35
46 29 43 16
8 26 0 36
38 30 43 13
47 8 32 24
9 25 48 17
6 31 38 11
18 6 13 42
10 18 41 21
13 24 46 5
37 9 0 2
42 4 35 1
8 24 13 20
40 31 10 9
1 25 16 10
0 31 10 9
13 8 4 29
43 27 21 11
12 5 6 18
3 16 20 36
41 21 37 22
41 15 5 38
26 1 2 40
1 30 43 23
28 39 7 33
9 26 17 28
17 28 27 39
15 19 38 16
26 35 37 19
6 25 45 18
23 18 21 23
44 16 22 40
44 33 46 16
1 22 47 11
20 5 41 8
2 21 36 27
12 24 49 2
34 18 10 24
38 6 0 26
33 33 36 25
8 16 25 17
8 16 13 17
8 27 40 9
9 34 28 45
41 20 46 22
38 23 16 35
3 22 12 10
7 28 38 27
42 20 3 33
22 18 10 28
36 21 18 42
2 29 23 6
13 13 27 40
40 10 9 7
34 24 36 5
33 35 40 25
16 39 9 28
12 26 28 19
34 29 9 11
44 18 8 29
39 16 6 19
40 32 5 31
38 1 20 23
8 25 44 9
44 17 42 23
35 5 9 24
34 6 8 16
15 22 26 18
6 26 43 7
35 2 19 45
40 5 4 29
40 24 49 13
34 19 7 28
46 22 8 30
45 21 7 15
18 26 13 13
29 16 36 21
7 23 30 30
39 15 6 17
2 29 41 20
1 26 23 36
7 30 34 26
12 23 46 17
9 33 44 18
11 26 42 14
35 7 14 11
37 11 2 34
3 22 0 36
34 14 11 39
41 14 12 11
36 19 31 21
42 18 3 40
25 15 47 22
24 3 0 24
14 36 12 13
41 29 46 7
16 18 45 12
46 20 34 26
29 21 2 32
26 15 4 31
34 35 42 21
35 23 40 16
3 24 24 27
15 22 43 9
45 14 16 7
24 5 3 31
32 18 8 18
39 25 22 42
24 25 8 34
7 27 49 14
35 21 12 9
1 31 27 14
7 27 26 1
41 22 38 10
7 24 13 15
49 25 10 17
44 43 42 19
18 5 1 27
3 38 42 13
49 12 30 8
42 20 27 3
33 22 17 12
16 28 7 26
39 17 7 39
30 13 48 21
32 27 4 17
39 4 1 25
38 17 43 9
39 21 41 9
25 14 31 24
9 15 3 38
10 16 21 12
1 19 44 16
22 15 12 7
39 23 21 13
37 37 36 46
4 29 17 9
7 25 36 20
11 12 28 38
1 26 49 19
42 22 45 10
6 26 7 33
2 17 5 34
1 40 44 11
6 12 3 28
5 33 36 26
2 32 14 17
45 17 0 20
37 23 27 48
33 16 22 28
1 29 29 3
48 24 7 7
26 15 46 9
37 15 2 14
22 0 36 6
44 7 39 8
43 19 14 38
8 16 49 2
42 12 7 14
16 33 12 14
5 36 1 27
37 18 3 40
23 26 10 20
37 2 1 33
0 25 1 33
29 18 46 1
6 28 38 20
31 18 8 17
49 19 34 23
46 21 22 11
5 30 40 28
7 35 1 25
17 16 6 31
39 26 3 46
32 22 44 12
2 33 49 23
0 36 40 27
45 24 14 29
7 47 5 27
41 35 24 7
40 9 1 32
47 31 32 4
33 41 22 41
43 8 20 8
4 23 4 28
36 19 0 39
40 23 4 33
35 4 1 14
35 15 13 42
4 22 38 27
44 14 10 37
36 9 21 24
32 21 44 18
47 37 33 23
35 21 14 27
46 15 19 42
41 8 10 31
0 35 45 18
44 25 0 37
33 9 29 42
36 37 4 13
33 18 12 6
6 35 38 21
27 11 35 30
0 28 2 36
20 37 19 14
13 27 49 20
47 7 22 43
42 27 34 21
33 14 28 0
7 32 7 48
25 29 2 35
5 32 47 21
33 22 8 3
2 23 2 16
38 18 6 13
19 46 3 35
49 18 38 5
37 24 45 7
39 18 10 24
28 13 38 26
23 25 21 37
44 32 1 32
40 13 44 3
2 18 18 22
49 15 19 30
38 11 27 16
33 14 30 32
4 18 41 18
1 38 7 35
32 17 4 34
3 28 26 32
8 42 36 26
37 15 43 10
49 13 7 18
2 29 0 33
37 17 45 7
39 24 12 23
48 20 2 24
38 22 8 26
12 13 26 35
26 26 34 33
49 26 21 21
11 18 5 21
11 13 5 32
5 31 11 9
22 4 21 40
2 34 22 28
34 15 38 25
9 29 40 11
45 35 25 11
31 17 48 4
42 22 29 7
39 8 33 5
3 16 25 42
39 17 16 13
45 22 34 32
4 28 7 23
42 35 39 16
47 18 38 15
21 15 34 30
6 23 3 15
38 14 3 37
15 27 31 29
12 23 23 34
36 20 4 35
49 32 10 12
29 6 40 4
9 23 24 5
32 25 0 33
38 16 15 19
3 22 48 15
23 17 24 27
29 18 27 5
29 20 9 15
2 28 30 0
24 16 25 9
20 34 23 11
40 13 27 47
24 3 5 37
42 18 40 27
37 17 13 12
10 35 10 17
4 30 48 10
2 19 4 33
30 7 6 34
46 19 12 47
34 24 13 16
44 7 2 11
39 6 28 14
3 31 10 26
15 10 39 35
48 19 17 1
42 8 11 36
44 28 23 36
38 24 4 9
1 32 42 12
40 17 2 36
37 18 1 40
1 21 46 16
33 23 1 32
19 37 11 22
17 1 39 13
23 2 42 12
4 26 1 38
38 19 30 23
41 0 33 3
5 21 41 21
46 28 8 49
34 17 17 12
41 6 13 21
13 25 13 9
5 29 9 20
2 31 43 10
4 27 37 12
15 17 40 27
28 15 12 15
7 40 7 34
21 17 6 42
28 22 42 7
30 27 22 21
1 26 13 1
39 13 38 25
1 28 41 6
31 14 8 18
17 33 6 20
23 17 43 3
45 17 46 6
40 21 39 10
6 24 3 37
0 24 19 40
11 35 0 19
6 28 2 36
4 22 47 16
33 26 29 43
7 35 2 33
4 29 14 10
7 31 36 29
49 2 36 25
9 33 42 33
0 30 27 44
4 41 3 24
31 29 47 18
8 23 15 32
2 30 44 10
26 33 47 8
49 29 44 9
25 28 2 34
3 29 7 16
10 20 23 8
5 32 6 47
41 18 24 14
0 17 0 32
43 8 5 26
2 25 5 32
16 34 42 31
49 16 4 12
37 21 34 1
43 9 13 11
29 9 43 3
38 24 48 7
4 17 48 8
10 12 45 5
4 26 23 49
46 19 6 29
46 18 31 1
7 32 49 22
32 9 12 0
10 26 12 22
31 18 16 43
45 14 0 34
37 22 11 17
31 27 4 13
12 15 4 40
1 32 48 10
8 7 22 25
17 17 13 21
38 17 33 24
0 35 11 14
0 34 6 12
5 22 38 28
48 22 1 34
46 2 36 28
38 17 18 5
12 26 11 15
46 21 8 37
7 35 32 23
3 35 1 29
1 35 30 5
39 21 31 42
44 24 24 13
18 2 0 38
34 11 49 6
4 28 2 35
42 15 20 41
1 27 17 4
14 23 9 20
43 0 8 29
33 21 14 12
26 37 12 15
28 23 7 14
32 8 6 38
17 34 16 38
4 22 32 10
35 27 13 5
40 16 12 5
39 19 1 35
8 19 35 21
2 26 4 33
3 30 28 12
32 9 31 28
34 13 9 13
0 31 21 42
10 21 37 35
47 6 43 16
15 13 20 24
6 38 3 28
36 10 39 6
35 31 36 27
34 15 23 15
11 24 36 14
18 34 12 9
31 31 32 18
33 6 9 15
37 34 1 31
28 23 3 36
33 0 11 8
3 28 34 21
40 7 9 14
3 24 15 14
27 24 12 39
11 19 48 15
4 14 5 33
15 20 44 14
25 21 9 7
11 25 21 42
6 34 25 6
0 18 26 28
39 23 1 17
38 17 9 24
4 37 4 26
48 11 46 15
22 9 37 1
38 14 34 22
6 16 42 18
23 30 5 32
0 30 19 20
3 22 21 30
24 2 16 15
29 12 2 27
1 30 16 5
10 25 19 24
4 38 11 22
40 15 28 30
30 7 44 7
36 31 6 31
38 39 37 7
9 34 45 7
9 30 45 12
37 13 1 30
2 18 3 31
5 16 42 23
10 30 35 31
42 14 25 37
8 27 0 2
43 2 28 10
29 14 49 1
13 33 30 22
7 23 15 1
8 32 11 39
22 18 45 16
19 33 27 36
23 25 0 22
13 16 2 34
38 26 0 29
10 29 6 44
2 33 19 3
41 26 46 10
19 18 38 11
4 21 4 13
0 30 15 29
27 10 1 41
8 30 38 11
37 27 42 22
46 9 31 30
45 21 36 4
3 18 3 38
8 27 12 15
43 21 38 13
45 11 40 23
49 24 35 25
44 17 4 30
37 21 44 7
31 30 38 4
13 32 0 34
4 29 32 23
42 19 9 22
41 28 26 6
40 33 42 26
26 32 3 28
14 20 30 26
7 27 44 12
4 28 29 9
36 18 4 38
37 27 7 13
42 27 1 31
46 16 1 33
37 19 19 11
41 34 47 16
24 21 1 35
1 16 20 6
41 17 9 35
42 25 40 22
39 7 3 36
16 21 24 1
39 2 23 33
2 22 2 5
34 20 36 8
43 20 43 12
35 24 16 48
9 18 45 7
35 5 13 48
18 29 37 14
41 33 1 27
18 30 41 21
35 14 16 44
43 14 37 19
4 21 2 38
24 17 5 17
36 33 23 8
49 32 39 16
1 21 1 26
31 0 18 44
45 24 49 8
38 16 27 8
39 23 42 26
4 26 25 46
3 31 38 23
42 21 4 5
38 12 2 40
35 33 44 15
41 20 48 16
2 15 15 11
34 14 9 7
2 23 5 34
24 16 36 28
15 24 33 25
37 12 29 21
30 6 19 40
9 40 2 32
34 10 20 1
44 12 0 35
37 19 38 5
34 4 24 39
48 29 12 11
2 24 16 37
37 24 7 38
47 15 38 12
37 13 2 31
36 13 2 36
2 27 6 25
40 18 8 2
36 19 35 25
14 24 3 33
15 16 48 17
32 14 21 38
8 25 45 14
35 15 38 27
4 28 18 4
4 12 27 7
23 4 37 30
40 19 5 29
4 25 1 28
39 10 12 3
1 26 6 3
13 26 7 29
32 18 29 23
39 17 11 17
42 24 41 15
5 26 47 20
30 3 18 12
3 23 3 37
37 22 15 12
5 35 45 14
46 3 41 12
40 17 24 43
6 27 4 22
35 7 19 2
45 15 40 5
0 22 4 30
47 23 7 32
25 31 36 17
11 28 1 38
37 28 23 42
45 14 37 23
35 37 12 12
30 8 18 45
40 13 12 35
37 10 30 14
43 16 16 5
47 18 49 22
12 13 1 34
5 26 2 11
39 20 48 12
6 31 6 37
47 11 21 48
12 21 0 32
40 20 2 32
35 17 4 25
27 14 37 25
39 25 9 32
35 19 17 42
5 18 9 48
3 29 1 18
39 25 9 10
5 36 5 25
0 27 5 5
3 34 6 21
41 15 1 35
29 29 35 47
31 7 6 16
48 27 1 31
37 16 6 20
30 14 38 13
3 21 17 27
39 14 4 33
24 9 24 29
16 22 3 18
0 18 7 22
29 14 3 30
43 23 31 8
26 23 41 26
7 22 16 39
28 12 14 44
42 27 7 19
16 32 8 37
40 35 23 48
44 17 12 0
40 17 42 21
44 20 18 15
39 11 0 11
45 19 41 18
35 11 10 15
6 29 48 7
46 14 2 24
41 33 39 26
9 22 42 23
7 24 2 28
47 8 4 37
25 38 16 8
44 16 22 49
41 26 4 48
48 15 3 40
7 16 8 38
9 25 4 33
18 18 0 8
2 31 48 13
35 22 27 43
5 10 14 1
4 32 3 41
27 17 5 35
5 22 38 10
28 24 0 37
41 34 40 14
41 21 8 11
3 19 12 30
45 27 46 6
41 12 21 38
24 42 8 15
10 15 13 12
9 29 38 16
4 30 46 12
33 17 31 7
23 45 32 37
1 32 26 33
35 8 13 13
2 30 17 49
39 24 1 42
37 25 44 11
9 27 15 10
1 19 15 30
9 31 23 14
45 36 0 22
29 7 34 23
13 23 23 43
35 24 42 3
5 29 8 15
30 23 5 23
28 18 40 20
43 15 7 30
9 24 28 40
7 27 47 4
19 25 43 15
38 4 30 10
2 35 37 12
0 12 47 9
43 18 1 36
5 16 9 10
2 18 4 27
37 19 13 21
31 15 1 39
3 32 6 26
31 12 14 35
36 19 1 29
43 1 8 31
32 19 21 6
1 32 45 7
18 34 17 21
43 29 38 49
45 19 2 36
4 23 25 8
32 28 29 5
39 28 24 6
38 22 7 25
3 19 32 25
21 16 27 25
33 18 35 24
6 35 10 27
2 28 4 41
46 18 41 8
39 30 25 31
1 29 33 30
43 17 36 8
30 19 36 5
37 28 46 29
5 27 0 13
23 24 24 37
40 15 8 43
33 20 42 23
41 28 15 21
43 17 3 37
12 15 4 33
48 2 43 14
34 12 5 36
34 13 16 23
19 30 23 46
0 30 9 18
3 27 18 7
0 28 14 7
29 13 40 5
46 20 11 31
11 36 9 11
25 25 14 10
49 9 43 24
38 26 26 36
6 34 48 12
47 8 39 10
45 12 21 49
10 18 7 9
2 30 6 18
32 16 16 33
25 14 41 25
39 23 10 17
46 36 3 29
9 14 6 27
16 11 1 15
38 13 12 29
33 18 14 36
7 22 47 15
38 17 18 6
37 25 3 35
37 7 11 41
39 23 4 24
45 22 32 12
31 23 21 14
46 26 0 15
13 17 41 11
48 7 23 22
13 18 33 21
4 28 16 5
24 34 8 10
30 30 18 30
15 13 10 33
29 17 31 10
37 35 39 32
6 8 7 27
47 28 1 30
30 1 2 30
3 7 42 24
36 9 35 22
39 18 26 42
46 14 37 2
2 11 1 27
11 29 42 17
35 13 35 21
33 20 36 25
38 19 12 24
31 19 1 30
2 28 7 27
8 43 35 31
46 24 28 29
29 20 32 25
36 13 6 40
30 38 36 27
43 22 4 38
5 28 42 22
9 16 34 24
6 30 33 5
43 7 14 30
36 26 4 30
44 19 2 33
43 16 29 1
24 21 40 20
19 20 30 12
49 2 42 8
4 17 19 27
40 20 49 3
13 20 1 35
0 30 39 23
7 29 17 23
16 29 39 12
43 16 3 34
43 17 0 14
38 19 0 35
40 13 16 6
26 36 6 37
30 36 4 35
38 17 5 10
47 34 1 34
6 14 17 41
42 9 38 30
0 26 35 23
41 38 37 10
26 19 30 11
5 35 39 22
1 27 37 29
41 15 40 10
2 31 34 33
2 36 34 5
42 29 36 25
40 17 10 4
11 28 32 17
36 28 2 32
13 22 44 15
6 18 45 17
1 26 39 11
37 21 32 17
34 11 3 30
46 16 8 32
39 6 11 31
35 20 2 32
5 39 2 33
0 30 20 27
18 11 7 15
33 12 16 0
38 23 0 36
43 30 6 31
11 28 23 38
44 12 2 12
38 33 17 36
40 27 45 9
44 19 33 43
30 19 36 4
42 9 14 9
47 26 41 26
49 20 2 30
41 11 20 44
6 27 5 47
5 26 40 20
39 8 43 10
9 32 1 30
33 19 24 3
28 29 43 22
43 15 24 4
49 33 3 18
16 21 1 31
16 26 5 43
44 18 48 26
1 30 39 26
0 31 3 3
9 24 8 32
28 23 20 42
37 9 43 5
47 16 2 1
47 8 3 36
35 3 5 28
39 25 22 8
5 28 40 22
48 18 3 16
40 35 22 44
35 13 10 15
13 13 26 40
37 17 25 37
28 18 15 41
37 27 20 48
38 13 11 47
25 15 32 24
26 20 36 26
17 26 30 1
39 11 5 19
9 33 7 24
4 13 8 32
0 26 26 7
41 21 18 21
2 32 19 13
32 12 45 21
45 13 2 33
33 8 20 4
23 29 4 34
30 26 20 31
6 11 5 17
4 23 16 33
46 11 11 45
8 34 1 16
11 23 21 36
3 30 38 24
1 29 17 19
25 23 3 39
38 24 35 31
31 31 20 20
31 22 11 7
5 18 18 48
38 19 18 3
37 13 18 8
12 30 39 23
47 9 44 20
4 28 39 33
7 17 9 9
42 13 31 21
42 13 28 17
17 16 4 28
1 33 38 25
4 24 28 16
45 14 19 38
5 28 6 39
33 21 30 15
0 30 6 12
27 24 31 30
41 18 3 33
42 1 8 17
0 31 36 30
0 26 0 32
43 23 22 15
43 22 4 20
2 23 22 16
40 24 2 11
4 22 22 15
40 21 13 38
38 18 45 14
2 28 3 35
2 15 27 22
32 28 18 23
4 33 48 9
37 24 15 6
45 9 5 35
39 23 3 35
42 16 9 28
42 19 17 10
40 14 39 5
45 12 49 7
4 24 0 30
38 8 1 31
10 20 40 36
6 14 39 6
40 16 19 44
26 16 10 22
11 31 19 1
36 22 20 16
46 11 2 30
2 29 44 34
19 38 28 39
49 2 23 13
8 15 21 15
49 18 2 43
16 18 26 8
39 18 18 12
0 34 6 38
0 22 11 14
31 12 19 13
44 23 41 10
28 14 42 3
35 23 45 19
41 17 15 3
37 28 47 13
49 22 36 5
4 33 8 30
5 25 31 5
9 22 43 20
35 19 35 31
35 7 10 8
42 5 26 7
26 6 6 7
41 20 24 5
47 14 4 38
18 24 23 41
30 13 4 11
42 16 0 17
31 2 19 5
44 11 30 10
10 21 33 9
42 25 5 2
46 39 16 10
39 43 41 28
4 25 34 16
44 31 25 7
3 32 38 35
34 6 4 32
28 20 42 24
0 27 40 26
5 23 47 24
19 19 3 14
41 17 46 9
38 16 11 8
37 24 2 30
32 7 35 23
28 1 4 34
38 5 46 24
36 19 1 33
3 28 7 21
6 27 11 40
11 22 46 21
30 22 11 22
32 24 42 15
48 32 3 30
40 36 44 11
24 14 22 44
47 15 2 20
0 37 9 13
28 48 21 7
33 22 3 30
1 31 44 13
37 17 9 32
32 27 28 39
5 17 48 14
22 36 12 25
29 13 5 20
25 14 11 37
34 13 3 25
35 26 36 5
34 0 7 17
41 22 6 36
2 31 37 12
37 12 1 38
9 27 6 21
4 26 0 31
40 28 7 27
33 5 20 8
31 22 5 37
45 18 8 7
4 26 2 21
34 1 4 29
17 29 6 31
9 31 4 35
7 29 18 40
7 26 17 28
0 19 0 8
22 10 3 36
11 22 8 40
14 4 6 45
1 3 40 10
41 19 18 41
46 7 29 5
44 14 28 35
30 5 4 36
29 5 46 18
2 24 9 13
31 13 0 34
26 22 21 42
8 16 20 43
38 21 46 15
37 20 10 15
37 18 47 11
43 42 3 34
40 36 18 21
1 31 48 10
42 15 3 14
34 9 22 18
44 48 49 16
9 13 48 16
11 22 32 1
