50 53 13049 800
18 30 36 26
31 12 46 7
6 8 28 34
26 25 47 8
37 31 34 44
3 28 9 23
16 21 14 28
16 41 45 31
22 36 17 21
14 13 44 12
23 3 28 39
39 9 24 34
41 48 28 30
31 17 29 38
17 49 43 8
12 46 40 45
38 47 48 6
18 33 37 34
27 37 42 1
48 7 20 21
26 1 13 19
0 21 47 0
14 33 44 4
16 23 47 16
28 25 44 0
22 35 32 10
8 39 39 2
19 43 45 4
13 36 20 32
18 45 40 34
16 49 18 29
17 38 42 11
9 39 11 25
32 46 12 29
28 42 12 26
14 23 12 26
24 47 15 29
19 39 41 0
7 44 32 6
17 12 18 28
39 19 35 44
19 29 41 4
6 40 39 17
7 20 32 34
28 20 16 20
4 40 42 5
27 23 29 44
1 42 36 27
14 41 32 9
10 36 24 38
15 46 19 27
18 49 36 24
36 23 16 31
