50 188 14668 800
46 14 33 47
38 31 13 21
31 39 18 1
37 31 36 24
32 43 35 20
2 33 13 11
8 24 22 0
14 31 17 10
1 18 17 49
17 44 3 44
34 25 15 41
43 42 24 43
33 25 27 6
8 48 17 30
2 23 28 11
32 43 25 4
37 39 19 12
35 26 35 14
15 41 15 9
33 9 18 10
32 28 1 33
35 47 23 25
38 25 25 8
1 36 25 15
33 41 31 33
3 9 32 25
11 26 20 10
30 26 10 40
18 35 23 11
37 45 26 10
37 46 34 38
4 31 22 7
36 30 29 11
34 49 10 8
40 34 19 17
37 2 19 49
41 24 19 45
9 41 28 3
38 24 24 21
25 42 28 20
7 15 26 9
40 31 25 36
33 20 34 8
30 43 12 26
37 48 7 44
38 39 16 13
37 45 25 37
40 32 20 41
32 19 9 36
0 18 13 39
27 47 42 43
42 29 10 7
7 19 9 23
0 21 28 38
31 43 14 35
32 46 24 24
31 44 30 16
25 23 24 47
8 31 20 44
38 24 34 20
34 36 8 34
0 21 9 24
22 25 26 11
36 33 37 10
11 25 34 26
38 33 15 24
16 41 30 26
31 46 28 17
29 48 34 49
13 15 17 14
24 41 14 46
32 23 20 10
34 33 35 42
44 16 23 14
22 27 31 0
6 29 16 22
0 19 25 15
49 28 13 49
28 38 26 5
37 32 27 13
37 42 13 41
29 30 31 14
31 45 10 12
33 46 31 7
37 22 25 44
42 20 23 5
36 47 36 8
7 38 28 31
36 26 30 11
28 18 22 15
2 26 27 33
7 34 10 44
34 33 30 31
25 35 34 46
42 36 15 46
26 35 14 15
33 5 29 39
48 21 29 28
32 32 21 18
34 44 25 11
40 26 33 7
29 30 5 20
39 15 23 24
45 32 19 3
46 9 23 13
31 4 35 13
49 15 23 13
33 22 27 10
41 33 31 12
29 34 24 35
24 32 22 49
43 17 17 12
21 42 31 43
34 23 1 43
36 29 25 17
13 20 7 43
13 27 32 4
33 42 26 48
34 35 23 11
35 37 20 28
29 17 10 46
8 22 24 20
1 42 25 13
2 11 30 12
36 42 2 26
28 34 22 11
45 21 24 13
33 27 15 46
13 26 18 17
24 36 22 16
11 25 23 19
38 31 0 31
6 32 22 43
37 34 29 6
44 41 26 44
1 29 19 12
32 46 28 20
13 5 24 3
29 26 9 48
38 42 19 2
43 17 18 10
33 46 17 10
2 26 8 32
11 31 20 38
6 21 27 47
30 41 15 46
39 24 7 38
35 36 35 27
36 30 17 18
33 15 17 10
31 46 2 44
13 13 36 26
33 48 21 5
32 34 27 24
22 35 33 47
18 20 33 15
34 44 0 49
36 44 38 15
44 37 26 11
32 42 23 9
35 17 29 33
47 9 23 47
28 35 20 26
0 35 3 13
39 46 7 45
29 38 29 10
32 44 28 18
39 32 25 11
6 32 31 38
1 27 21 27
26 39 21 45
5 11 17 13
37 4 16 11
32 40 19 47
35 49 19 48
33 43 26 17
12 24 33 13
32 36 13 15
35 13 17 5
39 38 4 46
33 45 0 45
13 40 15 7
42 34 24 5
16 19 35 15
38 30 4 44
3 18 16 26
5 12 17 21
31 38 4 49
