50 101 12765 800
31 33 28 24
13 42 34 49
48 22 42 3
1 30 12 36
23 47 34 34
38 36 48 45
32 41 36 7
10 39 37 49
9 40 40 2
14 41 30 10
12 39 33 5
23 24 36 2
46 33 36 34
6 24 37 49
40 25 37 38
23 41 40 26
8 21 21 44
25 14 20 7
11 35 47 5
4 46 31 25
34 31 37 14
12 17 27 4
15 43 19 40
2 11 44 1
42 31 39 26
0 15 13 43
11 41 1 26
4 29 46 42
33 28 3 28
35 41 43 3
39 23 40 17
35 32 31 18
28 23 48 35
4 39 42 0
0 33 30 42
0 27 41 49
10 48 20 41
16 40 30 3
20 37 0 34
12 42 31 7
25 14 28 8
18 40 40 2
13 19 29 1
4 28 46 23
7 13 8 27
8 12 46 4
38 22 39 41
16 4 9 29
18 40 1 29
14 45 44 5
15 39 5 25
5 35 43 2
11 46 44 1
13 19 3 49
27 45 13 43
38 28 35 45
6 49 40 2
7 42 41 0
15 24 43 2
0 49 29 12
17 34 5 31
5 32 16 4
41 18 33 6
12 17 41 33
10 48 46 20
45 12 19 41
35 22 40 1
13 39 34 42
1 26 35 9
2 32 48 35
7 23 8 16
18 43 40 19
3 31 31 5
44 26 46 16
2 22 48 38
30 15 28 9
18 43 43 18
23 18 43 0
8 20 41 1
17 18 44 29
4 42 19 13
8 14 27 42
15 41 30 42
29 38 7 37
9 29 16 16
15 30 17 34
1 21 37 0
14 17 3 32
36 23 36 47
6 47 32 14
0 28 32 23
24 26 21 3
32 22 41 2
24 41 32 6
2 19 28 13
8 47 0 34
14 45 38 43
23 42 18 48
16 35 33 48
18 34 6 34
16 39 43 1
