50 694 13589 800
9 32 46 13
9 11 44 29
28 2 20 43
19 38 15 43
12 19 32 41
42 7 24 35
9 10 17 45
41 19 18 44
33 9 11 37
40 10 15 40
16 13 29 41
24 38 42 41
25 14 28 1
4 24 25 41
36 21 16 38
14 38 5 28
0 0 14 44
10 17 20 33
0 13 33 20
14 13 48 46
31 19 29 41
25 1 27 48
0 12 13 45
26 30 34 44
37 22 32 41
13 2 39 38
21 9 19 45
5 13 13 45
14 6 21 34
17 23 45 34
26 23 35 43
13 25 44 16
8 26 20 43
27 33 43 43
5 8 16 42
9 23 38 42
16 17 28 38
12 43 17 46
20 16 38 15
6 19 25 46
1 37 29 39
7 14 49 29
18 21 31 41
27 5 13 38
42 28 20 43
37 30 11 40
37 37 33 43
15 18 18 38
0 15 30 38
28 14 20 46
28 14 14 40
24 2 36 44
1 15 32 42
24 22 23 42
20 11 41 42
20 7 43 41
34 29 16 45
10 18 36 13
18 15 44 45
5 5 35 45
15 8 33 38
19 35 41 48
8 8 12 44
8 7 21 41
12 23 40 38
13 10 16 39
4 0 32 29
19 35 36 36
11 28 39 25
3 11 33 14
18 20 11 41
38 16 31 48
18 15 41 28
10 21 39 30
21 18 34 43
15 22 36 46
0 4 14 40
15 16 24 24
17 2 38 43
32 34 15 42
31 10 17 42
20 13 12 43
38 14 13 45
7 30 33 36
14 5 10 21
34 7 41 26
6 33 31 42
0 2 22 35
18 18 29 14
47 25 15 38
36 21 15 43
25 10 30 47
39 27 27 24
34 7 40 35
16 20 15 42
36 12 15 41
35 1 41 23
8 12 33 46
33 43 40 40
20 24 11 43
1 7 16 36
10 23 45 37
19 11 16 42
28 14 33 44
6 18 31 37
25 34 32 49
27 30 34 40
13 28 17 42
11 2 15 46
42 21 46 47
26 30 39 32
31 32 33 36
27 11 39 27
8 5 22 44
2 11 38 45
1 21 16 43
48 4 30 37
11 23 34 35
44 9 17 40
38 30 15 41
23 33 15 38
4 15 26 48
23 25 17 47
13 11 16 43
16 7 23 7
13 14 13 43
6 35 31 46
6 18 37 49
21 0 21 37
16 7 47 12
33 20 16 41
18 36 16 42
13 17 30 40
10 8 1 12
22 15 16 42
26 8 29 45
16 9 17 38
20 45 16 41
24 26 31 49
0 21 29 37
11 31 14 43
10 30 26 47
41 21 3 5
13 25 20 8
15 12 16 43
25 16 19 44
25 21 42 11
2 8 17 48
24 19 31 35
17 35 37 32
19 24 20 31
31 20 43 30
23 3 26 36
23 35 37 35
1 3 41 39
32 19 15 42
31 13 37 20
5 9 32 43
19 20 8 44
48 21 34 33
36 5 37 39
8 8 32 4
11 1 15 44
28 17 15 44
0 13 10 30
2 29 16 44
48 29 41 44
22 7 28 42
2 5 45 40
39 21 15 43
2 29 46 26
26 3 39 43
41 17 30 42
16 21 12 41
13 11 18 36
16 11 36 39
47 10 30 43
32 8 30 48
6 15 14 13
25 13 28 23
11 9 32 41
17 18 39 43
11 17 17 43
31 13 28 48
22 48 44 42
10 12 28 30
17 9 33 35
9 16 41 46
7 21 31 43
36 26 32 46
13 12 31 25
1 31 20 41
38 22 40 32
15 12 27 17
9 47 14 43
28 9 22 48
5 0 38 40
23 4 27 36
27 13 32 41
10 24 41 20
36 7 39 30
12 19 18 22
14 13 40 43
2 17 24 36
22 16 25 32
28 41 18 41
29 9 33 38
14 20 38 39
18 28 39 44
18 11 38 48
18 4 18 34
21 17 15 44
17 34 38 49
5 13 46 49
8 20 16 44
28 11 4 24
29 23 11 37
32 10 34 35
14 10 15 40
37 19 18 49
11 16 14 42
25 3 36 35
15 7 40 24
24 19 1 34
4 26 8 12
24 15 31 48
3 16 30 26
8 39 33 32
35 24 23 42
17 9 13 47
27 14 41 47
8 44 6 22
32 16 31 37
8 15 29 41
12 26 34 41
49 9 20 28
14 7 21 39
5 11 31 26
18 17 30 21
5 21 28 30
15 12 26 17
11 23 18 41
17 12 36 16
2 16 33 3
2 3 40 47
2 20 14 42
24 8 19 39
1 10 13 44
15 10 41 41
37 15 36 39
21 34 24 41
13 23 14 8
29 17 38 32
26 29 36 46
24 4 24 41
19 6 27 34
24 1 25 32
14 10 18 38
20 6 44 47
8 0 13 39
19 6 45 45
18 1 49 32
17 4 36 33
23 40 16 43
15 14 28 21
25 22 33 37
6 3 34 17
4 16 34 35
3 35 8 27
9 20 8 26
16 4 34 34
18 19 14 41
12 20 16 39
48 42 40 3
7 22 16 9
3 12 47 44
15 14 32 16
48 15 47 49
0 28 0 37
24 7 41 40
13 9 36 30
36 32 41 42
31 1 41 14
15 18 15 43
13 12 20 46
34 22 28 13
8 6 38 42
22 17 16 44
16 17 20 41
4 4 20 32
29 4 18 43
23 2 13 42
41 21 28 21
7 15 13 43
18 25 44 13
27 36 16 44
2 7 44 48
14 4 14 44
17 19 37 41
12 18 18 21
12 10 39 14
8 24 47 34
9 9 16 46
27 14 37 42
21 39 13 44
21 13 14 45
3 22 33 44
13 4 30 40
15 30 14 45
3 20 42 46
20 19 18 40
20 27 8 39
12 21 13 27
15 13 18 37
29 12 27 38
2 31 35 19
24 1 31 46
2 1 18 41
24 14 33 47
3 12 0 36
27 34 18 39
1 35 21 43
15 15 11 41
18 15 45 45
25 4 36 23
4 11 35 37
30 11 16 30
23 1 45 44
30 30 39 45
5 20 14 42
25 19 48 41
0 22 28 47
15 26 16 42
17 3 16 45
22 41 12 42
8 14 29 49
5 18 15 40
21 6 35 21
13 19 41 33
24 14 40 44
20 14 16 39
14 16 36 45
32 23 34 16
20 14 43 32
5 0 40 43
20 13 15 32
45 5 14 42
14 28 33 40
18 10 36 49
12 5 21 42
11 0 30 35
21 6 20 43
14 15 19 39
16 16 14 43
42 3 33 35
6 21 44 40
3 5 28 33
18 32 35 36
31 13 6 28
24 28 49 41
29 7 35 40
22 25 32 43
22 33 23 37
28 24 47 6
40 25 22 34
7 3 18 45
4 16 17 24
23 12 27 25
1 45 15 46
17 8 27 49
22 2 15 40
14 20 38 35
21 29 24 40
1 21 13 47
38 26 16 46
44 16 24 15
11 19 40 47
24 23 36 47
18 10 15 49
10 14 30 29
5 6 47 45
16 9 13 47
2 0 11 40
6 15 45 37
25 17 15 40
2 28 27 44
15 12 27 42
12 8 28 25
12 16 22 13
24 20 14 41
29 27 31 46
39 0 24 44
14 28 30 41
15 29 16 41
26 9 34 39
28 24 46 47
28 0 21 40
18 19 14 22
7 13 17 39
21 17 15 30
12 7 27 44
7 12 14 42
1 4 33 30
5 18 18 41
46 12 24 41
14 10 30 42
18 33 30 24
42 9 42 43
18 24 16 41
16 3 37 42
21 13 15 46
5 7 33 46
11 40 15 46
31 12 11 29
5 29 45 25
11 14 33 37
16 7 37 43
3 11 41 40
0 2 45 37
4 19 38 35
21 27 9 16
12 23 29 32
22 17 40 14
16 9 43 49
3 7 35 28
9 18 6 16
6 29 24 37
49 21 29 45
10 41 29 27
9 14 5 45
33 13 43 8
22 12 13 44
35 30 41 37
36 20 34 42
18 5 37 47
29 20 12 42
15 24 13 40
12 11 29 28
21 7 18 44
31 33 41 16
21 17 35 44
5 19 35 41
6 12 13 42
15 6 33 49
13 4 23 10
16 15 26 38
12 42 32 39
35 20 33 39
25 44 42 32
29 11 40 38
12 14 34 38
11 9 17 40
19 12 44 44
23 15 49 29
13 9 41 21
15 21 14 43
29 7 19 39
15 10 35 6
14 8 30 1
11 10 32 47
17 11 12 38
32 2 25 45
1 19 13 39
21 6 25 43
30 10 23 30
0 25 15 29
36 29 35 40
24 10 47 39
19 11 15 48
36 29 47 41
26 35 49 11
42 5 11 41
14 7 35 40
44 23 48 33
15 12 43 41
32 27 9 42
24 11 26 30
3 7 33 46
10 34 26 35
17 4 41 44
21 34 43 36
23 11 14 46
28 6 38 39
41 13 38 15
1 15 22 33
2 11 31 48
34 5 32 48
9 7 21 42
14 8 36 33
3 43 25 38
4 18 45 43
23 14 20 44
10 36 35 39
14 1 31 37
22 17 17 41
21 16 11 44
33 4 34 41
16 19 29 47
42 31 13 43
23 2 47 38
15 5 10 44
25 5 38 35
10 14 25 25
24 20 15 41
14 8 18 47
16 34 13 42
22 1 30 29
6 9 42 17
24 17 15 43
33 10 42 44
34 39 43 43
12 0 25 44
27 18 14 45
25 16 2 32
15 39 22 48
22 5 22 40
16 5 37 14
26 20 18 45
9 19 36 49
25 21 40 45
14 35 39 41
23 13 44 42
33 17 19 39
5 12 10 27
29 1 16 48
21 2 28 42
23 20 46 27
9 7 8 39
8 5 18 44
22 25 39 35
29 13 44 32
26 6 25 46
6 22 0 15
2 20 36 29
11 15 15 46
28 9 38 25
25 8 17 46
6 9 36 32
30 30 0 33
17 0 33 36
33 30 23 35
47 14 31 48
7 7 14 42
23 8 9 23
15 11 38 39
34 18 30 43
15 20 15 45
29 13 13 41
22 40 37 32
31 12 38 39
19 18 49 36
38 9 28 39
32 4 39 48
6 12 13 42
27 15 15 44
36 11 15 38
22 6 12 45
7 17 44 34
19 13 37 43
27 7 17 39
15 24 39 29
4 12 30 36
22 11 16 33
18 10 17 41
2 13 14 46
23 20 34 47
21 24 32 33
12 19 21 33
17 0 10 41
18 8 23 29
19 13 31 47
1 5 28 42
23 20 36 40
25 21 21 47
31 23 14 42
20 25 40 46
16 2 17 40
19 0 48 25
7 18 17 39
34 14 33 34
15 22 39 20
20 15 36 34
16 22 11 44
40 9 7 40
25 21 17 38
21 7 39 25
7 10 37 46
30 9 27 48
1 22 46 49
28 27 32 42
12 17 16 16
2 10 15 41
24 16 19 43
12 40 14 46
17 5 45 17
39 9 15 47
20 8 34 46
6 2 20 44
1 4 30 26
14 38 48 41
15 18 12 45
1 15 25 46
20 5 30 46
24 20 43 41
14 21 37 44
36 16 14 40
12 33 23 39
12 22 25 42
22 20 17 46
0 4 4 33
7 4 42 43
26 24 32 35
18 14 32 29
26 17 29 42
21 33 38 25
28 26 32 40
1 4 39 36
20 27 17 43
12 6 14 32
30 18 38 37
14 7 12 46
21 25 26 47
7 10 17 44
45 22 37 39
5 14 14 42
17 26 32 9
14 2 8 39
16 13 19 42
10 20 30 23
7 17 20 44
22 17 11 40
21 26 48 46
5 13 39 41
18 17 12 42
36 15 21 42
27 0 39 42
14 44 8 30
0 1 33 41
9 13 37 48
8 29 20 42
16 18 31 22
26 1 1 21
23 21 44 39
14 28 16 44
33 8 46 36
24 4 47 44
24 2 37 31
18 14 23 46
31 20 39 44
39 4 30 38
6 9 47 35
48 20 44 40
28 16 23 39
19 2 28 44
10 2 32 37
22 21 41 41
29 10 39 48
15 32 45 45
1 19 16 42
10 10 19 45
16 21 40 44
4 35 12 42
6 30 38 30
5 14 31 15
18 22 9 1
19 4 38 33
20 30 27 26
9 2 22 37
9 8 40 41
24 2 33 40
3 20 9 22
3 29 11 41
7 10 29 33
22 22 28 38
18 6 16 39
49 28 16 43
34 19 41 26
8 11 16 42
17 15 33 35
2 40 14 46
41 15 13 40
13 19 0 47
12 3 46 47
10 26 38 35
28 21 12 47
15 43 15 49
14 25 39 23
0 8 35 44
9 7 12 46
29 33 16 43
9 13 21 43
2 32 33 21
19 18 18 45
7 23 15 43
