50 97 13897 800
20 40 32 11
0 5 40 11
12 22 42 26
48 11 49 26
9 6 49 32
37 38 10 30
36 28 49 19
9 20 41 14
40 35 40 19
45 39 21 31
46 24 46 18
33 14 35 7
7 22 12 34
17 42 11 33
26 5 39 11
11 11 42 24
21 10 41 26
7 19 7 9
26 41 46 11
45 20 48 16
46 44 14 27
17 13 46 23
23 37 10 5
15 4 11 23
23 36 45 17
26 42 37 1
31 48 8 25
24 18 15 25
9 30 44 22
24 5 46 10
30 41 1 43
11 35 44 10
6 26 10 24
18 7 45 23
43 24 17 23
17 43 43 25
1 37 0 3
19 0 20 9
30 39 46 17
27 4 43 24
16 3 18 28
8 40 42 24
35 34 37 4
47 35 41 18
8 12 39 22
46 22 14 32
29 34 16 24
43 36 25 17
26 35 37 27
34 20 43 10
11 28 45 23
15 9 41 6
7 42 43 18
3 5 46 22
1 8 48 15
35 3 8 15
45 45 11 31
18 3 19 29
18 9 39 7
1 20 8 8
7 28 49 18
39 40 4 10
30 5 15 33
42 28 48 15
15 43 43 32
10 10 18 29
27 1 9 40
12 5 12 30
49 39 35 18
21 4 15 8
20 7 41 23
27 25 30 18
10 19 19 24
46 40 11 16
21 9 21 29
14 33 43 5
3 15 18 24
26 7 30 2
11 32 45 20
20 3 37 9
10 35 44 21
15 8 42 23
23 7 9 20
38 37 11 4
24 6 9 19
38 27 47 24
14 19 14 24
22 7 38 28
1 27 13 24
46 32 44 20
2 5 43 24
24 7 45 23
25 28 16 24
4 42 42 3
45 19 45 29
43 5 9 3
35 28 36 22
