50 79 12214 800
22 23 48 23
30 43 1 13
22 30 40 3
10 4 36 8
40 36 0 16
39 37 29 17
42 37 23 6
41 41 6 17
27 25 30 30
44 28 36 4
19 18 33 10
10 39 36 3
46 41 12 19
16 34 37 10
25 14 34 18
48 36 21 48
14 37 29 7
26 22 19 7
16 46 38 10
35 27 32 25
41 27 15 23
10 5 37 33
26 28 41 13
16 27 42 10
43 30 23 30
47 12 33 7
49 39 23 29
44 33 7 9
48 33 21 24
48 31 25 12
18 34 18 19
35 35 44 20
21 47 39 19
34 33 26 23
46 31 9 28
42 30 7 21
49 30 46 13
33 26 26 8
1 17 35 8
20 25 33 5
22 32 35 7
30 26 13 21
21 30 16 5
21 35 10 33
24 20 37 12
39 22 39 10
16 34 12 26
22 12 22 29
46 30 5 7
12 18 14 26
42 28 5 13
46 26 32 9
19 31 32 22
6 28 46 28
30 26 37 10
37 25 15 1
26 22 44 19
3 5 36 18
46 38 25 30
30 37 11 9
20 36 26 13
24 25 30 11
47 26 36 4
30 5 10 23
45 33 45 8
15 48 20 0
42 22 37 22
48 36 24 12
32 37 34 34
27 6 18 2
44 29 6 13
11 36 7 25
49 34 44 22
44 29 13 22
26 11 14 24
30 24 24 11
1 4 35 6
24 21 11 20
27 18 35 13
