50 273 15044 800
42 48 12 38
7 2 13 17
12 2 13 20
24 40 21 25
2 2 8 18
14 5 39 31
33 13 12 21
21 41 19 13
6 23 24 10
16 40 12 16
15 1 21 18
19 33 16 17
27 41 20 31
14 2 8 22
45 25 5 16
8 23 11 26
22 37 32 2
18 0 13 21
22 39 21 23
8 0 31 11
41 16 20 19
9 1 15 16
16 5 12 21
43 17 32 3
5 19 26 19
26 37 25 12
22 40 32 23
45 42 35 22
41 27 35 5
25 39 19 10
41 26 9 19
14 9 24 22
27 39 30 31
9 3 9 24
13 8 24 16
20 37 36 3
43 29 1 23
18 8 12 15
48 27 23 17
43 12 20 4
21 35 17 14
29 19 22 15
21 41 4 39
16 2 22 3
18 40 32 0
13 1 30 10
35 41 14 19
3 0 6 10
16 45 20 4
21 41 35 1
29 48 7 0
13 4 16 16
34 21 4 42
29 49 15 14
17 7 8 20
13 9 17 20
25 7 13 33
11 28 28 23
19 30 33 2
32 34 14 3
25 32 27 19
31 22 14 6
33 9 13 16
22 38 10 18
38 26 11 16
14 42 37 17
14 0 36 5
45 15 31 3
25 49 13 8
24 45 12 41
24 44 10 44
8 11 33 1
27 46 28 5
33 21 27 1
24 20 29 19
14 8 14 21
20 49 4 30
13 29 9 3
38 17 37 4
31 19 9 16
19 36 0 0
21 31 9 14
24 43 13 26
46 45 10 31
14 24 19 7
24 48 31 0
30 18 12 6
7 6 3 28
28 46 2 34
42 22 12 17
23 25 16 9
23 8 21 18
36 49 19 13
32 46 37 1
17 3 9 6
13 43 25 12
30 25 19 2
34 34 0 24
16 2 12 19
22 43 37 18
30 21 8 19
23 41 32 18
38 37 34 4
45 28 9 11
15 40 18 16
33 22 10 27
19 0 15 25
24 49 14 8
28 44 20 5
10 49 35 19
15 5 21 17
11 0 24 23
35 28 8 25
13 3 10 21
24 42 10 13
27 44 0 36
16 7 24 12
17 3 3 32
8 6 34 18
41 22 33 18
9 5 16 14
23 16 23 5
7 2 15 31
0 4 35 6
31 43 38 4
9 0 24 8
22 10 24 18
33 38 4 35
35 23 11 46
15 13 27 19
23 31 10 19
25 36 4 24
32 26 15 11
14 11 16 4
11 23 6 37
4 0 19 12
48 22 39 2
22 40 12 27
29 30 33 3
21 25 7 22
27 40 8 36
14 7 2 36
12 19 27 27
17 1 11 15
21 11 33 3
23 37 13 22
28 25 14 7
34 36 3 2
26 40 12 21
39 5 8 24
22 39 0 31
14 0 26 17
39 36 8 25
33 28 5 14
19 11 5 35
17 11 19 26
37 2 11 16
31 10 11 7
9 8 4 32
30 49 22 20
27 37 10 20
21 11 18 21
48 30 15 7
10 6 10 17
30 39 28 16
11 1 8 18
4 0 10 40
15 4 6 4
20 46 37 2
26 27 26 1
30 42 37 1
19 40 23 0
48 14 5 34
12 2 6 22
18 38 16 21
21 35 6 9
4 2 14 13
30 7 0 3
40 22 21 40
33 37 8 5
9 6 18 0
26 41 21 0
9 13 8 4
19 4 15 20
13 32 9 5
13 12 8 32
8 9 29 9
23 32 24 18
23 45 29 28
18 5 4 12
15 41 11 20
22 43 2 39
24 46 10 22
15 2 38 2
15 39 12 1
25 39 0 35
44 10 4 29
21 48 0 22
30 41 11 22
44 9 14 20
18 9 33 6
39 2 22 12
22 41 35 6
29 17 9 42
23 42 2 28
22 9 33 5
32 40 4 28
11 1 11 34
25 45 18 9
34 38 8 25
21 36 0 36
12 1 13 24
45 15 22 7
29 44 8 21
31 45 11 25
23 45 14 21
25 42 7 20
30 38 7 15
11 7 19 11
26 24 43 2
15 16 13 19
29 25 8 17
42 42 6 33
24 39 1 38
2 15 15 20
19 22 39 4
25 48 12 19
40 5 18 30
6 5 22 18
14 8 28 12
21 7 14 24
29 41 20 19
34 17 7 23
9 5 26 20
23 42 12 7
27 28 21 22
17 5 38 25
31 34 3 0
27 42 10 14
36 24 33 15
3 37 40 3
40 27 0 38
3 0 1 36
29 17 12 17
11 11 32 3
28 36 28 19
28 29 8 12
20 42 29 8
31 38 8 30
21 38 20 12
18 5 2 38
29 4 13 15
14 4 32 18
33 43 10 26
36 24 28 17
29 45 14 18
45 27 21 20
31 33 4 42
16 26 8 15
19 4 15 10
24 33 22 19
26 32 14 23
24 45 0 43
41 7 2 31
20 35 7 39
28 45 41 25
12 7 6 45
38 8 9 20
44 33 10 21
27 42 21 14
29 28 23 13
21 36 21 15
28 41 37 3
