50 303 14511 800
14 17 45 17
15 30 2 37
23 15 8 44
18 23 34 9
11 12 47 15
12 29 23 33
22 18 5 44
7 19 7 35
2 34 30 37
13 23 2 48
7 26 12 39
14 25 42 23
15 46 4 49
10 23 33 7
15 27 32 13
0 12 22 40
3 4 8 38
17 24 8 49
15 24 14 28
19 21 46 16
18 26 7 41
15 27 21 47
16 21 30 32
16 18 16 26
11 16 44 17
14 28 48 13
18 25 38 11
0 3 45 36
14 24 48 14
13 16 47 48
19 18 8 31
17 28 1 36
23 27 32 13
19 18 19 46
20 15 10 42
24 20 28 7
16 30 49 13
16 21 8 26
9 30 8 37
14 14 33 11
7 26 8 34
8 22 31 16
13 41 3 41
34 1 32 10
16 26 6 42
14 24 39 5
9 27 33 20
40 49 3 35
5 49 37 32
18 24 19 36
17 22 7 37
11 19 33 8
16 28 8 41
26 26 4 43
16 17 7 45
11 43 15 32
9 30 32 10
19 21 6 43
12 19 8 40
14 26 1 44
14 24 39 10
20 13 9 46
16 16 45 18
32 18 30 7
48 34 42 30
18 23 36 36
6 19 48 14
19 18 49 11
15 26 10 41
12 29 29 8
18 24 10 39
2 49 23 39
15 23 3 24
18 33 12 46
30 48 47 14
16 36 12 43
12 37 47 16
12 3 34 40
3 48 8 30
13 28 14 14
10 18 11 45
15 26 48 16
34 43 47 15
18 49 13 44
2 36 18 27
18 18 12 31
31 34 29 26
33 46 47 19
13 26 18 36
15 25 39 36
19 24 48 19
26 14 5 36
15 19 46 17
20 29 36 14
18 20 32 8
21 18 9 45
11 26 42 41
41 38 9 47
18 15 14 31
9 26 37 8
42 44 33 4
38 35 37 11
16 42 18 48
13 20 8 45
23 33 43 26
20 35 11 40
14 24 15 29
13 49 14 40
28 27 16 31
26 30 10 45
18 20 47 24
14 24 34 14
26 15 7 39
18 17 39 10
13 17 15 40
20 4 2 35
31 29 18 8
10 15 32 7
15 22 13 43
13 22 49 17
0 17 11 43
30 16 19 32
4 10 8 34
1 46 12 40
33 43 4 38
12 19 8 44
14 21 14 44
1 12 48 18
4 9 40 15
30 46 36 35
16 21 27 47
12 16 34 3
21 44 46 17
20 20 33 14
7 20 33 4
27 43 10 45
15 23 49 20
13 18 35 10
0 29 15 11
10 10 47 15
28 49 45 18
16 21 11 43
16 13 43 21
45 14 10 42
16 22 48 38
12 45 40 28
20 29 43 44
11 28 47 18
21 14 32 10
5 15 32 16
17 21 36 7
15 18 37 9
29 32 21 44
15 18 34 11
10 21 49 39
8 33 14 44
19 20 37 6
18 37 49 27
18 24 31 17
20 22 49 18
7 20 8 43
2 41 13 45
24 19 10 49
2 6 27 11
27 35 10 49
4 16 27 8
33 28 11 46
13 15 7 20
34 45 39 12
19 21 18 42
32 47 14 42
28 32 48 14
5 45 29 4
34 49 14 47
21 17 19 32
16 22 29 15
21 14 12 42
18 41 36 24
15 14 36 16
13 6 1 38
36 23 38 10
21 25 45 15
27 49 4 46
2 37 7 27
15 22 1 41
30 26 8 48
13 23 31 22
14 25 34 9
16 27 1 35
15 24 43 15
21 46 48 15
17 29 17 40
46 31 30 7
25 45 40 43
24 46 44 27
20 20 43 11
18 7 46 15
11 27 3 23
12 22 35 7
23 49 40 15
31 39 19 42
15 22 12 39
17 22 11 33
22 26 47 14
21 18 35 42
21 27 37 11
21 35 25 47
18 19 8 40
14 26 38 38
46 32 13 38
18 20 11 39
17 27 10 41
16 21 49 19
17 23 46 15
14 37 47 15
7 27 12 39
18 36 35 6
22 27 32 10
0 16 46 15
16 22 34 14
11 19 47 19
15 14 39 8
15 10 10 41
9 22 38 15
8 42 37 5
15 21 38 44
29 38 3 41
18 18 5 39
16 21 9 43
15 24 35 27
18 19 12 44
11 19 43 18
10 44 44 37
8 22 44 15
4 44 45 17
13 34 17 49
18 22 7 40
13 24 48 14
29 29 0 39
14 22 18 38
19 24 26 30
20 23 34 8
19 19 36 11
15 23 7 49
15 28 15 11
16 41 16 27
28 48 41 7
15 20 41 41
12 17 38 12
14 19 6 42
20 17 44 17
18 18 34 13
9 22 11 44
21 27 29 6
16 26 23 42
17 34 1 44
13 30 17 23
1 22 16 38
13 35 23 43
15 21 10 42
20 34 47 31
15 28 21 0
27 39 38 30
1 18 18 24
10 24 8 36
18 39 4 27
14 18 32 7
14 24 4 40
9 27 29 11
15 22 34 13
41 44 46 33
37 46 38 30
13 19 16 37
19 20 7 44
16 24 21 9
12 21 34 11
4 47 39 11
10 15 7 43
15 23 9 45
31 34 39 6
14 24 14 43
16 24 35 8
12 20 30 36
17 20 18 46
14 41 30 11
13 26 29 5
14 18 9 25
28 22 37 24
14 37 43 15
20 25 38 11
5 13 48 20
21 21 0 29
11 26 8 42
13 47 2 39
14 19 35 11
26 45 35 13
4 31 6 36
20 27 35 13
17 32 7 41
16 28 9 40
11 48 5 42
10 44 31 12
17 24 30 25
