50 56 19054 800
43 37 43 1
26 35 45 3
12 42 41 27
27 11 38 3
25 26 47 26
14 34 41 19
39 37 45 26
38 33 46 18
38 39 31 15
7 33 48 21
32 44 45 23
27 47 47 22
9 36 3 26
3 41 28 42
36 4 40 1
32 42 43 16
32 5 36 2
32 13 28 8
20 42 40 21
24 46 41 9
21 40 40 47
25 21 43 16
43 31 31 44
45 32 36 4
9 47 38 14
32 32 28 23
39 44 48 44
35 44 39 28
15 38 43 14
15 36 29 43
29 39 46 23
11 34 48 32
31 37 16 30
35 24 40 35
40 10 38 6
30 38 32 0
12 24 32 49
26 21 39 12
10 41 36 2
40 21 45 27
25 40 42 23
13 36 40 48
10 35 46 6
8 35 36 42
44 44 42 19
1 43 39 25
46 37 34 1
33 38 39 7
17 34 33 3
24 35 31 45
19 44 40 3
47 48 47 26
33 38 41 24
32 42 42 14
36 45 46 30
15 26 46 13
