50 64 12061 800
37 27 39 21
8 28 38 9
1 40 2 46
30 35 43 10
24 16 47 2
45 44 39 9
33 12 40 34
14 13 42 15
34 13 37 6
35 13 34 1
11 36 22 21
11 23 36 45
18 23 48 15
23 3 30 27
38 4 40 12
17 21 15 49
1 33 34 12
27 34 36 8
25 18 42 21
43 49 23 40
7 42 37 31
46 46 35 7
10 41 4 20
36 7 43 21
33 45 46 24
23 3 10 42
6 16 37 8
2 49 14 12
14 28 35 8
43 40 27 12
14 33 33 10
23 19 43 18
8 33 25 31
34 19 41 13
40 45 13 24
5 42 25 5
32 6 30 9
38 7 28 19
17 32 48 20
16 36 46 26
10 48 5 31
33 4 13 11
12 24 42 18
40 11 48 12
28 40 42 6
5 41 12 32
15 17 24 39
42 44 27 0
28 6 6 14
29 4 17 42
6 38 0 8
19 31 30 11
34 31 0 16
35 20 28 7
28 21 7 42
36 14 26 35
15 23 35 17
33 6 30 20
11 6 38 4
10 44 38 2
37 7 0 17
5 28 36 11
47 44 4 22
7 34 42 3
