50 123 18628 800
24 15 28 38
8 28 9 9
27 38 29 17
20 20 27 8
16 29 28 30
23 27 10 19
12 41 31 1
31 36 27 1
5 20 28 12
18 27 24 11
30 12 33 28
27 12 21 33
24 16 18 34
22 2 41 8
16 34 26 18
14 34 23 19
23 33 12 10
34 38 32 6
34 45 32 34
35 26 16 18
24 36 20 20
30 11 43 7
46 5 30 16
45 4 36 5
10 11 26 31
10 36 10 18
31 38 14 25
28 15 10 23
16 26 27 11
32 29 37 17
3 12 22 16
48 4 33 0
48 12 18 20
35 32 21 23
47 7 25 9
26 37 45 14
36 4 20 8
23 34 7 28
1 32 25 26
46 6 31 27
26 33 12 25
14 43 3 26
35 1 15 8
42 45 38 11
40 4 8 27
28 38 25 4
30 37 15 19
22 27 38 12
46 0 14 27
32 26 16 46
16 37 20 16
18 17 25 7
26 33 39 10
42 9 32 21
29 35 26 38
25 33 36 7
30 40 27 13
31 13 18 26
46 16 31 27
24 32 40 12
17 38 13 24
30 32 28 37
12 33 21 26
33 14 13 30
40 21 45 8
11 22 26 22
9 29 45 6
29 40 17 5
22 38 23 13
41 0 18 17
21 24 31 1
43 4 18 29
16 18 17 32
37 17 13 25
30 40 36 0
19 49 31 22
23 27 43 4
49 11 35 2
13 13 6 13
15 18 34 2
14 47 8 11
32 40 22 17
36 38 46 19
20 28 32 9
14 22 27 15
40 27 26 8
41 16 13 34
44 28 14 36
29 28 12 13
17 23 5 42
26 40 32 22
25 28 9 23
16 3 16 10
9 29 7 19
12 28 9 23
40 28 12 20
46 12 36 7
13 23 8 6
24 32 38 26
0 20 0 27
12 20 19 19
47 2 17 32
41 28 31 28
42 13 22 14
48 7 28 32
31 32 23 22
41 33 17 27
17 25 29 0
2 34 41 11
17 36 16 12
20 41 15 29
28 22 0 22
27 25 18 31
38 34 31 15
12 27 37 8
18 38 37 7
26 40 19 4
8 36 39 7
14 30 10 3
19 19 15 36
29 33 27 24
25 39 31 8
47 7 37 5
