50 604 19979 800
31 41 36 32
18 22 10 24
19 17 20 21
22 46 28 3
26 14 3 42
10 35 0 33
14 20 2 20
48 41 33 33
20 42 14 31
32 24 37 9
43 31 33 37
42 18 7 41
24 14 8 33
19 40 28 30
39 21 16 22
15 2 2 44
36 9 3 30
33 26 38 6
33 49 0 37
19 47 8 30
15 38 28 48
40 35 21 12
26 6 9 32
34 46 7 45
20 15 18 32
25 36 39 36
47 33 24 44
42 37 22 44
37 33 3 47
27 37 1 15
14 11 21 10
29 3 3 43
25 22 39 43
35 35 2 12
28 36 20 40
16 40 4 14
27 28 1 9
26 10 0 38
37 6 2 12
42 10 12 37
22 37 6 16
29 16 21 21
33 28 2 42
30 21 4 17
0 37 13 41
38 27 7 22
21 35 2 47
39 36 1 38
45 28 17 26
14 38 24 23
43 20 1 43
19 39 8 9
7 37 7 8
12 40 20 20
34 46 2 20
46 40 2 17
39 49 26 46
10 36 31 6
11 34 29 39
35 38 0 17
24 4 2 16
36 31 44 49
23 21 6 15
37 40 2 19
28 48 49 27
11 37 24 21
24 2 27 46
40 15 3 43
28 16 14 47
17 49 32 44
23 26 9 25
41 16 0 4
3 40 3 12
35 33 2 22
15 16 0 47
9 1 35 37
40 34 2 31
39 20 22 46
20 20 4 17
44 28 8 29
23 19 13 12
30 36 25 45
12 32 33 22
9 42 25 41
5 49 31 24
20 17 40 38
30 47 4 46
42 33 22 39
32 34 22 49
29 19 8 33
12 42 24 43
15 31 9 10
14 29 32 9
32 40 47 28
8 37 28 36
44 19 9 45
30 11 29 19
43 26 22 28
34 12 36 32
43 36 21 23
24 11 1 34
21 41 22 8
47 44 45 49
47 34 15 43
48 46 8 39
31 17 2 46
11 40 11 19
29 45 1 20
5 17 20 43
24 29 2 12
35 39 19 36
24 41 19 24
36 23 18 41
46 38 2 34
37 20 25 33
8 46 10 22
14 5 0 46
35 30 17 32
25 44 28 30
24 28 23 42
12 38 41 31
13 37 6 13
13 7 4 22
30 22 4 47
40 37 4 14
38 18 2 28
38 10 15 22
29 24 24 42
40 12 16 31
37 33 35 44
31 36 36 48
38 28 1 17
30 44 24 23
37 15 47 48
40 18 23 47
42 11 18 26
38 15 40 38
8 41 33 33
33 11 5 36
28 15 25 31
45 33 25 25
27 10 5 47
20 14 1 17
37 19 17 13
35 21 1 10
29 48 23 5
39 25 9 43
34 3 38 6
42 38 8 15
16 45 21 39
29 27 43 42
34 15 36 46
27 5 4 22
40 38 35 9
24 16 47 42
9 43 0 14
26 2 43 37
5 38 34 15
38 46 28 15
16 31 10 48
39 37 0 12
19 36 26 40
26 26 6 49
8 7 28 12
39 31 10 11
43 44 29 23
26 24 8 15
26 35 6 32
24 29 49 42
42 25 48 15
45 25 26 36
7 40 13 34
19 34 30 48
26 33 22 25
33 14 31 27
40 7 28 26
27 22 1 43
34 49 35 32
22 49 31 25
8 25 4 24
37 28 5 34
28 13 13 32
28 26 13 27
5 44 7 20
26 32 17 46
38 7 4 24
10 38 27 34
46 9 30 21
4 39 2 36
40 33 14 43
24 18 5 10
46 38 5 16
27 30 3 11
29 16 41 21
28 28 15 37
20 11 0 14
25 37 45 33
44 15 2 19
12 36 1 42
11 42 49 35
27 23 45 35
7 30 2 41
9 9 9 23
4 41 39 42
8 39 1 14
17 38 12 35
11 45 12 38
31 30 15 27
12 15 5 11
36 40 16 33
36 27 23 37
41 35 36 9
13 46 20 19
27 21 38 7
35 8 27 31
37 48 45 21
9 36 29 49
8 7 3 12
28 33 12 49
40 45 4 17
36 38 0 45
13 42 4 32
43 23 6 41
16 29 22 25
28 20 27 45
37 35 12 23
36 45 18 33
9 37 42 40
43 27 24 45
33 15 40 41
4 45 3 36
41 29 16 32
42 32 36 23
20 49 28 33
29 12 2 48
26 25 3 42
15 36 6 40
32 42 1 15
32 28 2 14
15 43 16 20
12 45 4 33
6 18 12 47
6 48 38 41
49 40 5 15
35 38 31 42
16 42 11 22
17 31 39 49
47 29 6 26
36 26 22 9
41 37 5 12
47 25 8 23
29 25 7 47
38 35 30 26
45 13 0 14
38 39 0 18
18 32 35 34
41 21 2 13
20 39 24 26
47 28 19 26
23 17 31 27
45 23 36 44
40 32 0 35
30 34 8 36
18 35 2 7
9 37 2 43
11 35 33 26
47 42 7 23
46 40 16 37
35 45 7 49
44 29 37 4
12 22 7 23
7 4 37 28
44 39 43 34
9 43 16 36
49 14 42 5
19 9 9 29
21 23 7 16
19 49 23 33
25 24 14 32
36 23 3 15
2 46 25 41
30 11 14 36
48 13 33 15
11 49 12 36
14 30 22 49
42 36 25 19
15 44 37 39
42 31 3 7
30 48 20 31
3 22 8 27
30 40 0 19
26 41 22 48
37 11 4 33
44 35 21 47
10 38 11 26
48 25 20 27
18 46 44 25
44 27 21 39
20 29 26 49
41 27 47 33
16 37 6 39
39 34 38 42
23 22 23 35
2 30 4 43
15 49 23 43
35 17 47 29
41 26 27 49
37 5 3 12
11 40 16 17
28 29 1 16
39 31 34 26
40 33 13 17
23 20 32 26
20 17 4 22
37 27 29 41
42 34 31 43
40 37 38 8
21 43 37 17
21 41 33 8
33 33 18 45
26 8 35 11
43 25 4 49
49 23 9 23
34 16 38 11
13 48 19 13
8 45 25 26
42 16 2 12
49 24 0 15
43 39 2 14
4 35 1 10
9 32 35 12
41 41 24 44
9 43 16 39
31 26 26 33
34 27 31 48
48 29 1 45
14 8 3 9
7 42 4 15
26 34 5 8
20 29 0 44
15 42 26 33
4 40 0 9
42 44 5 11
32 18 0 39
21 10 6 45
30 39 32 36
7 37 7 28
32 44 34 27
37 32 45 33
12 36 46 28
37 37 9 24
38 22 2 14
40 36 33 43
22 24 20 49
37 37 49 35
36 18 39 12
3 36 3 47
14 15 26 40
48 24 4 7
15 13 2 13
29 30 47 13
10 38 23 12
24 47 0 16
14 33 7 43
46 26 3 37
18 39 1 43
42 17 14 17
5 44 46 36
6 38 1 14
15 37 3 49
33 20 40 49
29 42 34 6
1 37 48 40
49 20 0 18
16 48 43 22
44 37 2 14
18 37 43 24
36 39 40 14
30 14 11 44
40 40 44 38
15 28 24 43
23 22 10 1
32 35 13 22
41 37 2 38
7 31 10 38
1 45 23 18
28 43 18 21
18 29 41 32
30 17 15 36
48 39 29 40
8 38 0 17
27 40 21 37
11 40 49 43
23 24 10 5
17 33 7 11
30 22 0 32
19 31 32 42
37 16 39 12
27 24 32 15
8 14 18 47
3 6 14 25
48 27 25 34
16 33 15 43
28 18 7 14
45 25 33 26
20 39 30 37
13 35 37 18
18 26 12 34
10 8 3 45
13 36 1 15
22 46 41 27
11 30 31 39
28 2 41 36
24 9 35 36
36 46 7 19
48 48 26 49
31 30 20 41
18 39 27 30
3 30 18 26
20 5 19 38
4 3 22 11
20 49 4 47
38 34 32 20
16 16 3 18
25 30 6 15
27 30 42 8
6 35 1 42
22 36 36 46
6 41 48 18
12 47 32 27
30 15 46 25
34 23 26 40
18 47 3 27
16 32 7 33
20 11 21 39
12 43 45 34
23 34 25 11
37 38 38 26
23 7 25 31
36 36 11 22
28 48 18 15
21 41 10 29
23 23 35 25
38 28 3 33
44 38 34 22
23 44 48 26
46 44 30 23
37 8 29 26
34 9 10 36
18 40 3 13
45 44 2 45
16 43 46 29
26 12 0 44
10 33 36 6
37 21 30 47
7 37 2 9
28 49 8 18
40 18 6 44
21 4 49 41
38 30 39 44
39 32 31 35
18 29 5 25
30 10 32 14
22 35 4 15
43 14 8 25
45 29 4 17
24 26 30 36
40 29 20 19
37 29 35 17
44 37 3 48
11 29 0 12
39 34 20 27
17 30 17 21
24 3 6 12
35 38 22 29
36 32 2 37
11 35 27 26
24 25 8 35
27 35 32 46
45 20 11 31
29 29 17 25
18 29 40 30
48 1 22 25
28 17 37 36
18 31 21 21
16 20 19 46
12 15 2 11
38 9 10 33
44 39 38 42
45 45 11 35
41 3 16 20
19 47 40 30
15 42 17 39
17 28 4 44
25 44 35 47
4 42 6 46
12 30 16 41
27 34 32 30
20 11 21 26
36 28 43 22
34 25 29 49
46 21 25 37
40 17 14 46
30 20 17 24
37 25 43 42
14 18 4 12
18 42 40 10
19 39 16 49
26 3 23 7
39 46 3 40
16 31 23 43
34 42 34 29
30 7 24 39
17 5 40 49
43 33 0 12
44 34 2 10
30 23 17 46
15 37 39 49
4 28 20 41
29 44 3 14
7 19 12 24
23 36 8 14
17 22 25 0
43 34 0 15
31 28 22 27
45 24 2 14
7 41 5 33
14 42 23 42
36 5 38 38
38 24 26 28
11 38 15 45
40 45 32 28
10 38 24 36
16 48 41 9
48 20 6 39
26 39 4 39
32 33 25 14
32 36 31 32
15 47 3 25
31 47 22 37
21 20 22 4
33 29 24 40
25 8 22 35
29 26 22 28
20 32 47 36
23 34 30 34
11 46 5 20
22 27 5 44
20 38 1 35
36 11 29 40
42 40 21 26
8 27 2 31
28 42 37 25
45 29 3 13
28 49 5 44
40 43 34 36
10 35 30 11
30 48 35 37
38 46 2 19
17 45 34 48
39 14 9 13
33 24 25 41
28 37 2 15
44 31 8 43
39 24 2 43
42 28 28 23
18 17 10 30
30 22 42 32
35 31 1 45
15 39 20 23
38 40 41 24
36 34 18 26
45 14 17 33
13 39 5 40
24 43 24 32
38 28 18 30
11 38 15 25
49 48 11 11
22 35 17 34
23 36 10 45
4 34 4 48
24 14 5 10
14 26 21 25
4 33 24 37
40 31 1 48
27 23 41 47
15 35 11 49
27 16 2 49
8 18 37 46
48 28 4 29
13 37 46 17
30 12 22 29
34 28 17 24
32 35 12 19
21 19 49 27
21 40 13 17
45 42 25 26
19 8 30 45
11 7 0 15
12 38 31 6
21 47 10 17
14 43 5 22
42 42 1 38
31 24 35 8
