50 129 17127 800
9 10 35 30
13 47 40 22
8 15 13 31
5 12 39 13
18 16 24 29
1 11 11 36
16 37 23 25
6 11 15 16
12 11 29 41
20 11 22 30
9 12 38 23
19 11 21 21
4 5 46 30
1 18 44 28
20 37 12 32
10 43 47 30
2 9 41 46
13 15 7 14
13 34 33 48
17 14 11 42
12 16 43 33
7 8 43 48
8 21 7 25
21 15 40 48
5 12 22 42
16 19 17 40
30 25 33 21
13 17 26 42
18 19 26 21
13 14 12 44
5 16 21 47
12 38 48 35
4 8 12 46
5 44 24 44
12 39 10 31
8 6 6 49
8 29 16 41
2 16 28 11
20 35 45 12
27 10 24 41
4 23 44 49
9 32 1 48
6 6 30 44
14 42 20 32
20 11 15 11
2 45 27 49
6 10 6 32
6 2 8 42
23 10 16 24
20 22 44 40
6 11 42 33
8 40 5 16
4 41 44 28
24 17 47 25
13 33 17 37
6 23 43 47
2 21 32 48
16 6 40 27
5 8 24 48
6 24 16 17
6 47 41 49
10 43 22 38
25 47 29 6
4 24 25 44
18 28 25 31
7 20 42 34
23 19 43 31
10 11 39 29
10 11 25 24
2 17 44 26
24 18 20 21
19 28 17 31
23 11 41 49
32 20 33 5
2 36 10 38
7 30 25 44
18 35 11 25
2 3 27 46
4 21 44 34
3 32 27 42
26 13 46 39
10 8 45 32
10 41 27 44
17 42 43 45
12 9 46 29
11 26 8 35
5 10 26 21
11 9 21 47
11 40 48 30
19 13 38 29
21 15 37 45
11 46 25 44
7 38 33 40
7 12 27 48
6 26 31 31
9 10 35 43
19 23 25 42
1 11 11 47
11 20 20 23
14 14 9 40
14 26 42 26
16 15 43 35
27 35 32 47
27 22 34 41
17 20 29 34
7 12 12 32
25 5 27 18
4 9 25 28
4 14 28 41
19 26 42 46
26 13 47 29
22 13 8 26
8 15 28 48
4 11 44 34
3 40 26 45
6 43 42 47
22 16 44 28
12 13 47 32
24 22 25 47
14 34 19 29
10 38 7 34
18 37 32 45
8 9 32 35
9 11 28 49
9 19 12 41
9 10 9 43
18 16 1 22
25 14 14 32
12 37 17 32
