50 1211 18342 800
21 26 19 10
38 40 43 26
47 28 20 8
23 25 45 18
28 8 37 23
20 8 48 8
36 45 16 11
33 27 18 10
38 6 23 11
30 22 20 14
32 19 45 3
32 31 21 13
44 35 42 10
40 17 21 12
36 45 33 9
41 37 22 9
32 1 9 38
20 36 41 22
4 13 17 9
49 28 30 22
37 10 23 9
27 10 4 16
18 30 48 12
34 32 20 12
42 48 12 40
21 30 12 39
46 42 39 14
38 38 35 1
38 8 9 29
26 20 23 44
29 28 21 12
41 41 49 24
20 19 36 38
25 29 20 10
23 21 1 21
19 18 39 4
9 9 36 6
41 20 24 8
40 8 24 8
27 7 21 10
24 23 7 39
26 16 42 32
1 3 44 4
17 35 28 5
23 21 19 11
48 6 44 36
20 25 18 14
4 4 36 39
32 11 47 8
26 25 14 1
14 24 34 23
31 8 20 13
24 5 17 10
21 5 40 38
17 17 19 9
31 23 2 30
40 41 5 21
28 4 17 14
47 2 14 3
17 4 21 9
23 30 20 10
41 47 40 8
42 41 1 29
27 26 35 5
37 38 18 11
38 40 20 11
15 23 14 35
19 31 1 29
0 10 22 33
39 47 36 16
21 9 23 19
13 29 26 42
20 36 18 43
42 47 17 10
27 30 19 10
4 0 5 26
35 41 16 23
23 26 39 15
27 26 1 42
20 22 35 39
26 1 19 12
42 47 19 13
18 32 22 11
40 40 18 9
0 6 24 11
43 47 36 3
25 19 20 6
20 26 2 5
40 38 17 44
38 43 21 11
45 16 33 34
22 22 15 34
28 19 8 12
29 20 4 37
35 38 37 1
1 14 31 23
30 13 39 30
18 23 25 24
20 4 39 10
19 24 21 15
36 42 48 1
21 39 38 9
32 8 23 43
25 16 33 37
37 33 25 41
40 42 1 48
22 25 3 10
3 6 28 31
25 36 49 9
8 18 36 21
41 38 23 21
30 11 0 13
40 13 46 29
33 47 12 28
39 49 13 15
1 4 9 32
29 6 13 43
28 13 21 49
39 29 32 37
36 20 45 6
40 45 4 48
21 30 19 10
40 42 17 9
35 7 49 40
37 34 27 34
1 9 31 49
24 4 45 36
32 13 21 39
25 19 0 42
41 42 25 21
26 33 4 32
33 7 46 3
24 15 35 37
23 30 41 7
37 40 31 41
27 28 19 13
17 27 22 8
39 7 4 34
18 23 2 43
30 20 17 9
20 9 47 26
44 42 22 10
42 45 38 44
20 28 34 27
25 26 17 13
24 1 48 42
22 27 13 16
31 16 23 8
37 35 24 10
16 29 0 39
34 43 20 8
22 25 45 9
34 15 33 38
26 10 48 27
22 17 41 11
22 24 15 46
35 12 12 9
41 41 7 31
19 24 37 26
14 8 30 38
4 6 32 3
48 4 41 32
26 30 48 6
44 42 29 30
39 42 23 9
28 33 25 38
41 3 10 10
22 8 43 5
30 12 38 7
26 14 18 11
21 10 16 47
34 15 40 30
27 6 24 9
45 1 24 35
3 3 39 23
15 23 33 40
37 40 33 14
15 26 49 10
40 43 37 3
45 8 21 11
22 32 41 3
35 13 16 40
34 11 0 43
21 35 18 7
43 46 19 11
14 4 22 10
31 2 21 32
28 28 18 16
18 1 42 36
5 1 13 20
25 19 25 40
20 14 1 25
31 13 29 39
28 24 27 40
39 9 39 22
22 24 46 21
40 12 33 5
30 15 33 24
41 15 23 20
38 19 14 45
12 17 41 3
35 39 47 23
26 14 43 26
16 4 37 3
17 29 6 24
19 20 20 11
40 47 28 44
22 32 45 13
17 24 23 8
26 7 21 12
38 4 21 36
25 29 34 17
41 49 42 5
36 40 48 5
44 45 20 11
23 23 23 10
42 38 3 45
28 13 17 13
13 28 43 10
33 7 20 10
42 40 1 36
24 25 9 49
31 27 9 38
34 46 8 37
49 5 0 16
41 5 19 11
40 45 26 44
0 5 20 34
5 2 18 14
31 45 32 25
37 0 9 25
25 10 42 33
34 29 32 36
27 27 35 39
27 32 42 5
38 44 45 40
44 41 23 37
44 42 20 11
34 26 41 33
45 13 49 0
20 0 17 11
20 32 14 37
30 16 38 3
0 1 9 48
28 13 20 1
40 41 25 38
23 12 44 32
18 26 36 9
22 6 35 21
21 19 38 12
40 17 18 37
34 22 24 12
4 5 21 12
44 36 40 5
42 45 22 10
26 5 3 43
1 0 35 32
41 49 20 12
43 10 45 35
22 26 22 36
37 42 41 44
45 42 17 40
23 23 13 35
41 12 10 13
41 39 3 26
36 47 19 29
23 25 40 13
17 7 33 2
40 34 7 48
45 44 15 49
16 5 34 8
41 48 8 25
46 45 10 7
0 5 24 47
41 43 18 14
42 43 37 15
42 47 23 12
21 26 20 11
28 0 40 14
33 20 35 3
40 47 45 43
20 20 22 6
44 8 25 39
8 4 41 1
33 4 25 37
35 13 49 6
37 43 12 2
25 4 29 34
16 30 37 34
41 40 43 28
29 12 23 35
23 26 48 5
18 30 7 21
39 45 24 37
33 42 20 17
36 42 46 14
22 11 36 36
32 18 19 13
14 11 23 47
29 33 24 36
24 31 24 41
41 49 44 16
41 10 2 7
15 27 41 13
31 44 48 6
9 0 21 16
20 35 38 6
28 29 24 47
41 7 9 21
43 25 21 33
3 3 19 3
33 0 35 26
35 13 12 44
23 22 30 31
29 4 46 6
28 3 29 38
41 39 23 38
40 3 18 12
38 43 45 15
5 9 40 4
37 40 20 45
36 11 22 11
24 22 10 10
36 16 25 38
42 39 23 35
43 24 16 41
49 3 26 34
23 4 33 3
42 46 42 0
40 14 18 10
28 17 20 32
42 46 28 26
34 19 12 9
37 6 28 28
35 44 23 28
28 31 39 10
25 0 21 38
20 30 37 25
31 30 41 21
38 8 31 38
30 32 33 18
45 45 41 44
25 27 9 41
3 3 19 10
48 3 5 36
24 2 18 9
21 25 30 38
18 15 24 41
4 6 26 36
42 47 1 12
46 33 0 37
26 3 30 39
9 2 18 8
21 31 11 11
3 0 22 13
45 43 20 13
22 8 18 41
23 18 43 11
43 44 5 40
44 47 21 7
36 42 46 2
42 36 17 39
19 33 2 18
19 23 22 12
39 48 30 6
9 4 34 34
25 25 1 21
40 24 18 35
20 30 38 9
46 49 9 48
38 45 39 11
26 32 41 3
32 7 21 16
20 25 27 38
5 1 22 40
42 43 40 35
29 8 36 6
42 40 18 12
12 32 23 9
31 3 39 3
27 27 20 13
19 23 20 12
29 30 33 12
0 1 19 41
43 14 33 0
23 28 19 12
27 22 35 24
18 37 41 2
29 18 30 45
47 1 42 24
28 13 45 7
39 37 24 6
37 42 46 6
10 9 20 39
33 9 32 29
38 38 31 11
27 27 40 12
29 15 26 12
12 23 25 18
18 25 30 33
26 14 14 45
40 44 48 37
40 43 14 11
18 30 23 47
27 21 8 21
27 24 40 16
42 4 20 9
37 43 21 10
31 24 19 2
43 47 6 20
21 30 32 18
49 28 31 6
45 6 47 27
43 44 14 13
42 43 35 3
17 33 36 4
2 2 19 15
41 18 7 29
39 46 31 39
22 25 10 39
12 31 5 46
26 27 39 27
39 17 44 7
28 6 21 43
23 23 18 41
27 6 21 27
37 41 10 46
33 38 21 14
49 9 26 24
43 6 15 11
38 42 20 12
26 12 44 21
22 13 20 9
26 16 23 36
28 20 21 48
45 47 43 5
42 41 26 48
40 44 18 33
36 4 3 36
23 18 35 7
19 25 36 38
22 28 20 3
40 46 42 2
49 16 18 10
33 9 49 13
46 7 43 9
30 9 24 15
17 33 22 10
28 13 42 8
25 19 19 8
42 38 9 43
19 20 21 32
37 38 44 8
25 26 17 31
20 34 47 16
0 8 19 30
35 22 20 8
31 21 19 39
22 20 28 32
42 22 7 3
28 18 25 38
39 48 26 34
10 5 42 24
46 5 15 4
39 42 21 12
4 17 21 36
36 45 33 39
44 38 10 18
28 36 47 13
30 3 16 10
31 46 44 37
37 7 4 17
4 5 47 16
40 44 22 17
37 36 45 4
33 45 44 11
41 37 5 7
36 45 19 10
40 42 0 46
13 24 1 21
35 8 21 35
18 2 40 6
7 14 3 19
29 17 17 15
42 41 45 10
24 28 22 14
23 5 5 44
12 29 15 37
48 1 39 0
23 29 49 36
23 28 42 5
16 18 29 47
30 35 12 22
14 25 27 45
24 31 21 11
32 11 0 27
39 45 9 35
22 20 40 8
38 5 20 6
6 4 21 11
16 26 17 13
34 16 23 27
15 20 36 44
42 47 22 10
42 3 4 7
31 4 49 9
37 38 10 24
2 7 4 36
4 10 20 38
32 20 29 32
42 33 19 11
29 5 19 11
37 26 20 48
25 0 11 33
23 24 21 10
22 33 39 21
42 11 22 9
18 36 25 45
30 15 12 25
23 18 42 2
18 24 36 35
41 30 31 25
36 38 19 15
33 8 46 3
41 38 22 10
27 18 48 19
37 12 32 7
41 41 21 32
34 43 18 8
41 43 10 7
29 23 14 34
13 28 18 4
26 2 35 4
14 26 35 38
32 14 18 11
25 30 44 27
44 39 0 46
35 12 15 48
20 30 20 10
40 44 18 48
41 42 23 40
42 40 20 10
39 38 40 4
46 47 49 24
40 39 17 40
45 41 36 11
29 25 39 7
20 21 23 49
4 0 36 25
21 19 17 9
4 9 35 4
18 29 27 44
8 4 8 37
9 29 19 11
32 14 23 13
30 6 27 26
21 22 21 9
46 16 20 6
44 41 45 32
0 7 40 9
41 13 35 32
6 1 19 11
2 3 36 25
39 5 18 11
9 27 17 13
17 29 25 39
23 18 13 13
15 23 24 35
13 30 16 28
32 6 17 29
38 11 20 10
0 3 10 36
44 23 19 13
32 10 15 11
24 27 0 35
28 23 34 30
40 37 31 36
33 1 36 5
40 2 36 29
33 9 21 9
39 48 25 33
19 5 46 8
37 6 19 10
2 7 8 19
18 33 15 28
16 22 18 9
26 8 20 28
24 25 43 13
33 5 47 16
40 43 41 37
23 23 49 33
39 40 19 38
20 28 40 4
48 30 27 38
26 20 20 11
36 47 38 21
43 46 14 43
29 22 16 41
38 23 11 22
31 7 48 27
6 6 29 44
7 8 17 7
16 24 20 10
41 42 27 38
17 27 38 0
42 45 20 10
32 33 41 3
41 45 19 44
44 41 10 14
30 2 34 19
38 43 39 8
38 38 45 22
27 4 17 11
28 6 7 17
37 39 6 48
32 12 19 9
40 8 36 1
1 6 20 42
29 3 22 10
38 42 10 3
31 11 44 24
27 11 3 18
43 46 20 6
42 42 13 38
1 2 19 8
14 20 24 40
36 13 18 11
19 35 15 22
21 25 33 7
21 31 48 0
2 8 18 13
28 1 26 32
39 44 16 9
18 10 29 36
42 43 25 27
30 31 20 11
43 9 21 13
24 17 19 24
35 37 9 34
42 37 15 45
33 6 36 4
17 22 10 43
2 1 26 34
12 9 20 9
35 29 22 10
36 8 19 14
3 9 17 11
25 22 45 21
17 27 9 42
0 8 44 27
24 24 38 1
34 14 23 10
38 14 31 6
42 48 26 22
20 31 20 11
28 18 36 15
5 12 45 35
42 40 19 27
37 44 48 5
28 10 13 11
24 32 18 14
19 7 32 34
14 27 44 7
28 21 21 34
18 15 4 42
28 7 8 45
30 19 40 9
26 28 44 10
26 26 43 14
40 43 43 5
23 6 10 30
37 38 0 42
38 42 7 33
44 42 10 42
23 4 18 9
32 9 43 27
41 15 43 3
22 12 46 10
39 20 48 0
30 11 12 29
21 16 26 36
30 12 22 41
41 45 44 5
43 42 8 44
1 6 33 46
41 12 23 10
38 7 4 31
46 18 43 21
44 44 34 25
35 9 23 42
44 4 38 17
42 47 38 10
13 19 11 40
21 27 21 11
19 17 9 45
37 42 3 47
39 41 39 7
20 13 36 25
34 14 20 11
31 42 16 35
45 10 31 28
47 10 48 15
26 5 34 37
26 26 30 17
40 35 22 31
36 4 43 17
36 42 33 24
41 41 1 39
9 5 44 2
32 25 41 7
34 16 19 21
1 11 42 17
18 23 48 6
5 10 30 30
29 19 42 35
34 21 27 45
37 21 3 37
31 3 47 7
23 28 22 7
22 33 39 28
36 7 22 31
18 24 29 19
47 2 17 36
30 6 13 14
1 0 26 41
20 24 26 38
0 6 31 15
36 3 22 9
1 5 13 19
35 1 20 31
33 16 39 9
25 16 34 41
43 46 37 33
39 40 29 34
31 13 19 13
33 25 45 38
17 22 33 24
25 23 19 12
36 21 20 9
19 22 18 12
36 10 42 31
17 17 26 36
42 37 24 11
42 28 46 23
33 30 18 12
0 12 1 39
44 46 15 25
4 6 44 20
32 13 11 22
40 43 12 4
37 40 46 34
27 30 1 37
22 3 39 17
30 18 20 13
43 43 4 11
29 4 20 9
18 28 43 6
42 48 14 11
37 42 20 11
22 30 23 13
26 16 34 27
32 37 42 0
18 38 11 12
40 37 19 23
38 48 33 4
41 40 17 9
40 40 17 8
14 22 5 35
19 25 34 24
0 4 12 8
24 22 39 2
24 5 31 28
34 10 27 38
34 15 17 46
21 21 2 16
32 32 35 29
34 40 19 33
22 23 40 7
42 45 9 45
29 7 47 5
38 15 20 10
39 43 19 14
37 37 31 33
42 21 11 48
20 26 42 7
38 43 27 39
40 39 46 9
41 25 1 12
28 23 15 29
23 25 39 6
41 43 23 40
27 15 35 19
25 15 18 17
40 43 39 6
6 6 17 21
42 6 21 40
22 5 35 16
36 32 9 11
21 28 49 6
32 47 40 10
41 42 20 10
17 23 32 37
42 47 11 0
40 12 23 9
45 19 7 35
26 3 15 36
1 4 35 25
5 5 19 11
34 9 42 0
40 5 22 10
40 39 20 12
32 25 4 41
24 35 34 36
41 14 47 28
31 14 39 35
21 27 39 22
38 46 43 6
29 10 42 6
20 28 21 10
17 27 18 10
26 14 19 9
43 2 16 28
44 19 35 15
27 18 24 40
33 13 6 38
44 5 45 31
40 39 11 39
29 30 23 13
2 4 19 11
18 17 18 38
41 13 20 7
41 42 0 25
25 28 44 5
32 8 30 41
39 37 5 37
37 38 49 7
42 46 41 7
20 3 21 9
26 10 12 11
32 36 37 12
13 26 25 23
38 43 45 25
38 7 7 37
40 43 15 14
47 2 18 11
39 45 37 2
20 21 49 25
20 32 44 36
29 7 27 41
30 20 23 34
14 28 14 12
44 24 11 24
11 30 40 30
8 5 18 12
26 17 20 8
31 43 15 32
31 26 19 9
2 3 19 39
30 7 21 36
1 5 37 28
42 41 31 34
33 0 22 13
4 8 21 5
39 46 14 18
40 40 16 10
28 13 18 14
19 22 23 11
39 5 21 11
1 4 43 6
6 9 19 39
40 46 18 24
34 0 22 9
37 39 27 14
22 1 24 41
40 36 22 7
38 9 22 10
34 8 21 35
24 26 13 35
39 48 10 23
27 28 48 44
29 12 2 37
40 35 14 8
12 33 41 30
19 32 26 43
39 41 18 26
38 44 20 8
41 6 25 46
28 8 19 9
31 30 48 3
41 46 21 40
18 24 48 6
33 43 35 5
43 27 24 8
26 11 18 28
34 8 20 11
26 21 22 12
25 25 24 45
29 14 41 14
15 15 42 15
41 45 41 11
43 44 45 9
16 22 44 0
29 6 29 16
44 12 25 43
1 12 18 21
39 41 29 35
40 4 39 8
23 32 8 8
39 46 37 8
19 31 25 34
25 3 47 6
25 9 20 13
28 31 16 47
24 18 33 0
16 26 24 11
28 31 22 10
26 10 20 15
25 22 47 5
48 13 24 11
38 9 22 40
42 49 44 0
31 8 40 2
31 6 28 36
44 8 17 40
32 15 20 13
43 27 19 9
32 45 46 39
32 4 49 6
31 0 46 17
33 22 40 45
17 22 49 19
26 22 23 12
38 46 20 10
22 28 35 18
39 44 45 8
22 24 19 8
25 12 19 10
5 17 41 12
39 43 47 11
19 25 23 10
48 4 39 3
44 12 39 5
24 21 4 31
45 27 31 11
36 16 47 22
29 5 21 14
27 6 19 14
2 4 29 32
4 0 36 41
33 17 44 6
35 47 37 30
24 8 43 22
22 28 41 11
38 40 39 27
4 3 21 7
31 33 21 9
43 46 29 38
24 27 12 4
21 17 24 34
28 18 14 5
30 11 38 10
19 26 3 46
19 17 33 32
45 6 14 21
37 39 42 12
39 46 43 7
38 9 20 15
38 39 39 6
39 38 0 24
31 5 43 1
30 10 18 7
36 15 20 11
42 48 20 9
38 47 14 47
4 4 44 36
22 10 43 21
38 13 21 9
41 42 6 36
44 19 24 49
23 1 32 9
25 21 9 46
15 35 3 49
40 46 4 45
25 19 8 47
33 25 20 11
25 10 30 39
21 29 7 44
40 39 46 5
40 42 12 24
31 7 28 35
30 13 20 11
33 38 39 23
32 17 2 31
44 8 46 36
36 7 45 6
15 32 41 6
38 45 21 44
41 44 21 9
32 9 18 9
20 11 44 6
30 12 28 23
40 45 23 37
47 39 1 15
21 26 17 32
48 48 39 17
27 9 46 8
33 16 13 41
28 0 20 8
34 45 43 2
32 22 23 34
34 40 21 12
39 34 7 16
14 27 22 11
31 22 35 5
33 19 22 40
38 13 20 7
11 24 6 31
41 40 23 44
23 34 42 37
6 3 47 1
36 48 47 3
24 9 19 7
25 6 28 46
40 45 30 37
31 12 19 13
18 15 14 42
15 39 18 9
41 43 18 14
20 30 25 36
40 41 22 13
17 32 39 11
39 39 21 12
32 45 11 15
37 32 35 15
36 36 35 12
40 16 2 5
34 17 15 16
43 46 37 17
30 20 49 15
30 5 23 44
4 4 32 6
17 28 34 21
12 33 28 43
40 21 28 33
39 46 23 10
36 45 5 33
23 4 23 14
20 5 37 11
27 11 35 4
44 24 47 20
31 8 27 38
1 12 11 16
35 12 1 33
35 45 19 8
36 7 32 41
38 9 21 14
40 31 46 22
23 16 34 33
21 4 41 11
40 46 11 20
38 45 43 1
20 19 12 3
23 35 11 36
32 15 13 27
46 42 27 38
26 15 18 12
27 28 12 1
22 31 18 11
24 1 10 28
44 45 41 26
26 39 18 43
23 22 21 10
28 9 24 15
27 3 20 9
30 3 20 7
35 45 4 28
44 44 13 49
21 12 43 3
40 41 23 9
14 10 27 38
25 28 47 2
26 30 45 35
41 39 21 11
48 27 15 41
25 12 25 29
27 24 23 9
36 43 49 8
26 5 23 30
2 9 48 20
16 29 32 7
39 41 21 13
43 43 31 41
45 4 24 8
22 10 23 33
33 8 22 44
42 45 23 19
42 4 45 2
39 7 27 9
22 27 36 7
27 33 21 25
32 41 19 42
41 5 8 12
22 22 32 25
34 10 39 26
23 28 47 7
25 11 46 3
23 2 47 26
20 19 46 10
24 5 29 34
37 40 19 29
29 13 47 24
23 22 17 11
38 36 38 7
29 25 46 0
37 43 20 11
23 26 29 27
31 18 37 1
0 11 18 17
44 44 12 7
40 37 14 20
38 11 21 13
27 35 20 9
38 33 21 14
3 2 21 9
39 38 9 16
27 17 33 1
27 2 8 19
42 6 17 9
42 40 32 39
40 47 30 32
39 1 18 11
42 38 5 45
15 2 35 34
40 12 2 33
34 46 14 40
34 8 30 9
23 28 49 15
29 26 21 14
26 5 21 11
27 34 23 38
30 10 3 13
40 48 41 25
44 43 10 23
31 18 49 1
40 48 36 32
22 26 4 13
42 41 20 35
35 47 17 47
23 34 33 32
34 8 43 2
37 18 38 26
11 21 27 36
31 12 3 17
25 12 18 13
32 46 39 19
35 41 22 25
26 22 40 0
29 4 5 23
28 32 40 10
3 6 44 36
39 43 17 12
28 21 20 11
40 37 46 18
34 32 43 8
34 37 39 0
33 46 47 26
46 42 45 10
47 3 30 40
25 13 24 26
31 22 19 36
20 22 18 10
22 24 16 34
27 21 31 1
40 40 32 35
29 9 21 24
0 9 37 5
43 2 30 33
17 29 21 9
19 33 45 22
36 41 45 0
23 22 3 30
39 40 19 12
35 43 19 9
24 24 7 17
23 33 16 13
23 5 38 1
20 2 47 11
22 30 40 6
25 31 10 24
22 15 4 32
1 10 40 1
22 20 34 32
39 45 20 10
16 31 26 35
37 45 27 40
39 36 16 28
37 20 47 22
36 44 19 9
24 9 3 27
13 23 44 1
28 24 38 10
2 6 5 27
43 42 0 34
28 8 26 38
45 45 47 7
31 20 38 10
37 20 18 20
36 48 45 6
23 18 1 43
37 38 22 36
32 29 47 10
