50 1048 12678 800
7 25 37 33
4 24 29 9
8 25 41 4
27 43 32 5
1 22 32 2
4 20 35 46
5 19 29 44
19 4 30 47
6 21 30 49
6 28 29 8
12 22 20 43
22 1 43 12
6 24 41 45
40 22 31 9
42 43 33 36
0 27 26 11
3 22 45 10
1 20 24 40
2 27 27 33
4 23 37 0
10 34 44 7
27 9 24 43
9 22 19 12
4 28 41 11
13 34 48 21
3 22 33 0
19 4 28 43
8 18 15 34
2 22 36 0
22 43 26 0
12 26 23 8
6 25 30 29
2 24 29 46
1 22 30 9
2 47 30 49
7 46 28 15
15 48 28 12
30 24 26 43
31 48 48 9
26 48 30 16
1 12 26 31
1 16 41 38
6 25 27 43
1 24 37 0
3 24 42 6
4 25 37 46
23 20 29 2
35 32 48 22
23 17 48 17
5 9 29 5
41 32 36 4
37 13 38 1
28 35 46 39
16 35 41 7
31 40 3 4
6 31 27 40
2 22 40 2
2 21 49 23
11 17 32 47
35 37 27 43
34 46 29 48
26 28 5 17
44 16 37 0
10 40 33 14
10 1 43 6
33 28 28 48
37 43 28 44
17 24 31 38
21 34 35 47
5 41 26 44
1 23 36 45
19 42 28 45
14 43 33 15
3 12 26 46
1 17 29 5
41 4 31 16
24 9 28 49
3 25 18 16
6 19 29 6
4 9 36 3
0 15 12 18
28 42 21 48
3 16 45 7
28 22 49 9
19 47 39 12
2 20 24 44
37 24 30 46
7 27 25 46
16 49 26 43
2 26 48 10
5 25 36 41
18 14 44 10
27 48 21 43
1 23 30 21
20 46 35 3
6 22 33 8
2 20 37 9
2 27 33 48
28 6 39 6
2 20 32 9
0 38 35 43
0 23 43 11
1 22 42 15
7 21 37 6
12 43 38 15
23 14 37 10
0 20 47 15
5 18 26 38
27 19 30 42
4 46 46 38
33 25 41 15
3 30 27 13
7 21 28 44
26 41 43 14
4 18 46 16
5 22 27 43
5 25 29 7
29 5 25 12
19 10 31 48
23 47 38 5
0 29 29 46
1 18 37 43
2 20 30 3
37 43 12 44
16 43 40 7
1 19 32 43
37 46 39 1
0 20 8 14
4 19 33 43
1 25 31 9
2 24 29 42
1 38 33 46
2 27 47 22
3 28 46 10
4 23 35 43
4 26 12 5
32 17 29 41
5 23 26 37
4 21 4 47
1 46 20 15
12 18 9 35
26 6 29 13
7 25 49 47
14 41 37 8
3 26 31 6
3 20 45 23
7 24 46 13
2 24 26 40
27 42 32 41
13 25 42 2
14 0 41 0
7 22 38 1
35 11 27 46
18 8 48 9
2 29 25 13
14 28 29 8
7 28 42 1
2 28 42 21
18 23 48 8
2 28 48 3
0 24 49 12
35 44 32 11
0 18 12 32
10 10 21 16
21 39 38 1
6 4 32 28
16 36 34 1
4 24 44 11
48 13 35 44
3 21 31 35
40 17 46 12
13 18 43 13
4 13 25 29
4 23 25 8
6 22 31 41
14 47 38 7
5 1 34 11
40 26 42 19
0 23 27 43
3 25 30 49
11 12 27 49
26 23 37 12
0 2 30 42
14 0 36 42
8 43 45 17
29 27 24 44
0 48 38 4
4 19 46 10
0 24 39 2
3 28 37 1
32 45 36 35
9 42 0 32
28 0 0 38
37 46 35 11
0 24 11 49
40 14 31 48
39 7 37 37
6 29 45 12
49 29 22 45
2 30 44 14
3 18 34 40
6 25 33 43
12 21 37 35
2 20 33 46
14 38 24 48
40 48 32 3
0 12 40 6
14 45 27 45
19 28 37 3
25 13 41 12
20 49 20 18
42 23 31 48
29 27 43 1
41 32 27 43
19 11 45 6
24 41 33 0
28 5 42 6
0 22 35 6
22 29 30 48
3 20 35 41
18 4 31 2
43 37 27 41
2 17 20 34
0 27 10 43
16 10 29 10
37 3 15 18
2 18 45 1
29 42 39 49
29 31 42 14
3 22 30 48
8 0 27 18
0 25 43 4
5 30 46 16
1 31 47 6
41 38 22 24
0 2 44 2
1 22 31 35
18 46 34 33
5 20 28 48
0 22 34 46
6 27 16 17
5 0 34 0
0 23 32 49
1 23 13 26
1 19 46 4
4 23 36 4
13 41 47 6
1 29 21 31
3 20 18 47
20 25 29 38
5 24 38 17
24 31 26 48
6 26 31 39
29 46 29 34
9 41 32 7
4 44 22 34
6 24 26 6
4 20 43 15
20 43 28 27
34 43 23 7
5 27 29 9
13 31 46 9
13 49 26 19
15 3 49 4
18 30 43 13
8 43 32 45
34 25 43 1
20 5 30 48
17 11 34 9
19 3 4 36
8 23 38 35
33 28 31 39
3 12 33 1
20 25 45 2
5 24 21 32
6 20 25 43
13 4 26 49
24 11 37 33
0 30 47 35
0 20 7 27
2 26 22 39
38 27 29 47
4 21 38 2
2 24 23 48
1 24 26 38
1 30 24 3
30 23 30 47
7 8 37 4
5 22 20 0
32 43 40 2
0 16 32 46
31 30 34 49
25 18 33 7
1 23 33 5
23 26 30 46
2 27 35 47
23 40 36 8
19 7 32 45
34 42 46 11
43 10 20 43
0 27 6 29
0 20 44 18
15 17 26 44
42 12 38 9
19 18 31 16
6 28 23 39
21 10 31 44
13 28 34 46
6 28 40 6
1 32 30 11
2 22 32 49
38 17 27 1
41 31 32 34
13 24 29 6
6 25 33 35
10 19 36 8
3 38 34 30
2 24 30 49
3 29 24 44
11 29 25 49
1 10 22 46
0 26 18 26
12 37 45 15
4 25 33 5
2 20 38 0
3 24 32 4
12 24 37 45
24 25 40 45
33 8 39 9
1 18 33 0
8 21 22 46
11 11 31 1
14 31 45 26
26 0 24 45
3 22 28 9
9 29 29 1
23 17 27 1
32 15 22 44
16 42 24 42
23 36 19 39
1 23 33 12
22 40 24 0
8 30 20 13
2 23 49 12
29 17 34 47
16 43 41 0
25 18 35 6
0 22 14 40
31 21 33 43
8 7 33 39
4 21 30 49
7 35 39 39
9 48 30 21
0 22 34 47
9 11 31 2
0 26 24 40
4 24 26 31
33 3 40 15
0 30 40 7
16 25 10 27
17 13 43 43
39 41 25 45
8 35 30 44
36 43 36 14
4 37 24 45
32 18 28 44
34 37 38 49
14 16 37 32
6 24 22 43
9 22 27 45
12 37 34 42
1 20 38 49
10 17 39 7
2 20 32 48
10 8 36 44
40 21 21 48
19 32 45 14
7 18 42 8
1 18 15 3
9 3 29 13
19 44 32 46
25 17 45 5
23 10 42 13
0 34 41 0
1 4 27 45
1 22 34 3
1 17 25 43
38 17 46 13
5 18 46 7
14 14 37 11
24 43 28 27
10 42 37 24
14 14 8 5
17 16 29 8
5 20 34 36
1 24 23 26
0 16 26 4
5 39 22 39
12 4 30 48
40 0 39 20
13 33 44 1
27 21 7 16
35 18 28 48
4 21 39 0
18 38 27 3
32 47 24 39
3 15 39 43
2 44 37 0
13 0 29 43
9 49 20 46
0 42 35 46
4 45 35 0
1 28 34 7
7 29 37 14
0 22 4 40
4 25 46 6
15 35 33 48
35 19 32 0
2 24 40 45
34 8 12 29
9 46 21 49
3 23 39 8
13 2 39 9
18 45 32 48
16 48 2 45
1 24 25 38
5 27 34 39
1 28 36 34
36 18 45 12
21 26 40 10
5 21 11 13
0 49 43 4
5 31 29 5
0 23 30 42
7 14 22 43
25 12 7 16
11 16 25 24
9 39 29 33
1 24 31 46
1 25 41 49
6 29 32 10
0 23 28 24
5 22 39 14
3 24 47 15
2 24 28 41
22 48 37 48
39 15 44 10
25 42 24 37
22 49 40 4
10 36 48 11
1 48 46 11
22 42 25 46
19 48 45 8
1 20 26 44
12 3 38 45
1 23 36 2
0 21 41 5
5 21 31 49
31 39 38 3
2 29 27 40
19 24 27 36
8 39 39 5
5 26 28 47
14 7 29 33
35 36 38 5
1 19 34 9
0 25 45 22
49 23 34 41
2 24 21 47
0 21 39 41
3 45 33 4
18 39 30 5
40 18 29 7
44 20 26 10
22 22 28 4
31 44 22 47
8 19 32 19
10 6 34 2
23 3 44 13
2 25 33 6
6 29 30 41
31 18 23 48
10 46 39 32
9 29 39 43
14 32 23 49
27 42 32 40
5 24 42 0
22 42 30 41
4 26 28 41
19 47 29 37
0 31 16 42
8 4 15 2
0 23 23 49
14 18 31 25
28 18 39 0
8 28 32 43
26 15 15 28
0 24 21 43
12 18 25 47
24 37 34 10
16 38 22 43
2 25 32 43
0 24 39 45
4 28 42 6
3 25 28 43
42 0 43 26
24 41 15 25
1 21 45 3
27 25 28 42
1 23 45 10
0 24 43 14
45 46 38 1
13 38 17 19
3 26 0 18
0 30 19 42
6 23 39 4
32 48 29 42
21 44 16 22
12 32 29 42
34 20 31 11
16 2 42 8
21 3 40 4
21 48 27 47
35 13 44 8
3 18 48 6
21 32 36 14
40 11 9 23
7 40 47 5
4 31 35 37
5 35 19 37
38 44 23 43
5 23 39 34
2 22 46 14
3 25 41 2
12 13 39 1
28 48 33 44
29 16 34 46
10 47 38 9
9 32 3 25
4 31 23 48
16 33 25 42
41 36 19 47
14 8 48 11
2 21 15 12
9 23 40 8
3 30 27 36
10 2 29 10
16 42 28 40
8 35 47 10
6 31 43 14
7 20 48 20
1 20 41 18
38 41 6 23
3 28 7 0
6 27 29 49
15 28 22 37
24 34 35 9
0 23 41 17
14 11 37 20
8 49 41 8
5 27 29 46
3 22 29 0
0 27 36 45
30 12 42 1
3 48 42 14
32 35 43 20
19 12 26 46
7 23 38 4
4 28 24 48
23 35 34 13
18 22 24 44
7 10 2 24
2 22 36 41
5 19 42 0
5 25 25 3
3 30 1 18
1 19 29 46
4 43 43 0
0 24 29 3
15 49 36 40
4 23 35 45
4 26 39 19
3 15 32 2
1 19 36 21
21 28 36 13
14 6 26 7
4 22 32 43
11 35 36 7
4 17 21 5
1 41 44 24
21 38 35 5
24 0 29 30
14 30 22 44
5 16 36 43
10 49 36 39
5 47 22 33
4 24 32 4
31 9 39 43
6 24 45 14
2 27 31 41
0 18 31 39
2 28 36 0
1 25 48 16
3 22 30 1
33 33 24 8
35 4 29 42
19 6 41 7
20 45 29 46
7 18 21 47
23 27 46 12
20 40 47 8
33 45 34 11
28 33 46 12
21 29 35 1
6 44 27 2
9 2 36 3
1 17 36 9
14 42 27 1
1 35 21 33
4 21 38 4
10 45 28 47
12 30 32 45
28 46 36 35
12 37 28 38
38 14 27 43
20 28 37 13
7 48 21 36
11 37 24 5
0 24 45 16
31 3 15 37
13 6 41 29
41 7 36 14
1 24 37 18
18 47 34 0
0 21 37 4
1 23 34 7
25 32 12 14
4 18 26 4
2 24 20 14
22 45 49 17
2 26 44 3
10 27 32 38
12 49 30 41
29 44 36 16
5 43 34 3
2 28 37 1
21 16 32 17
15 48 20 46
16 1 27 36
1 25 40 2
20 27 28 46
4 27 29 19
12 45 23 32
3 28 26 49
3 17 39 3
18 29 37 18
2 21 40 8
1 26 25 44
20 8 35 48
11 20 8 11
0 26 34 0
7 33 36 4
4 25 28 39
2 21 45 14
34 24 31 41
13 7 13 21
10 22 45 4
5 36 25 22
29 3 35 1
36 22 34 12
0 29 25 21
29 20 43 27
32 44 40 8
15 3 36 5
2 20 29 45
9 36 29 36
6 15 41 48
26 33 37 46
6 20 4 3
4 24 22 48
4 25 45 8
45 13 38 4
10 19 37 3
2 18 31 31
1 31 48 12
1 16 39 2
0 25 30 46
18 7 21 25
27 48 39 38
21 37 18 8
14 40 28 46
1 46 40 23
0 22 39 42
16 26 24 45
11 47 39 0
3 26 30 47
30 15 29 10
5 20 33 42
4 28 27 46
5 22 35 7
11 45 14 31
1 27 37 3
0 26 49 10
27 42 33 0
14 15 35 9
4 47 45 4
31 18 48 1
42 43 39 45
5 26 19 13
0 16 34 43
24 5 47 4
5 6 32 47
10 24 29 48
9 40 43 5
0 23 27 49
8 22 38 16
5 27 41 47
3 23 46 16
22 17 45 19
14 22 30 46
0 26 34 42
0 26 29 37
6 26 31 42
1 24 14 38
2 26 15 44
3 27 38 18
5 26 24 47
22 4 36 3
0 23 38 5
33 49 29 43
5 25 31 40
2 27 39 3
4 26 45 11
45 25 43 6
31 12 26 47
1 29 24 45
39 31 26 45
15 29 25 48
9 17 39 3
0 24 26 17
16 48 27 49
4 25 26 43
3 21 30 40
28 13 39 44
0 2 32 9
29 41 34 40
4 24 2 16
7 39 49 7
25 21 46 5
9 35 35 47
2 21 27 38
3 43 32 49
16 6 31 4
24 38 37 3
4 16 39 49
23 5 37 15
23 11 25 44
2 25 36 13
4 32 34 5
10 39 20 20
18 40 43 7
24 36 29 42
3 23 28 12
4 25 30 44
1 26 32 48
1 36 28 47
24 27 31 41
21 11 36 9
16 8 34 43
14 47 49 7
15 24 32 2
34 8 40 3
33 7 23 28
26 6 18 35
11 7 22 42
2 22 48 9
2 21 35 3
6 48 40 16
15 43 30 37
23 47 46 19
7 25 9 9
41 12 16 9
2 28 36 7
4 7 49 19
15 10 28 47
0 0 49 9
12 2 32 47
3 36 31 17
13 4 25 4
1 2 48 8
1 27 37 15
15 31 45 44
8 23 42 15
18 24 48 14
3 22 36 47
29 19 32 1
7 31 44 8
5 24 9 22
1 21 32 46
37 34 43 5
35 27 42 14
13 43 36 49
1 26 47 2
30 17 38 8
29 39 22 47
6 25 35 5
9 35 32 42
25 23 36 43
5 31 21 24
5 18 43 9
5 9 37 6
27 27 30 7
1 24 29 48
0 21 42 14
2 35 32 45
4 19 32 48
29 39 46 1
13 20 47 14
3 16 21 41
16 9 17 27
16 45 33 45
6 37 24 44
9 33 31 40
5 26 38 39
20 32 39 4
3 24 34 45
3 19 44 11
17 42 39 17
0 26 48 11
16 37 24 48
7 34 23 43
26 32 28 38
4 41 39 43
15 30 34 45
1 27 34 45
13 3 37 6
7 19 22 38
0 31 32 12
11 41 29 43
22 14 39 47
4 37 37 20
30 31 45 21
2 22 48 3
19 26 45 18
3 23 29 45
1 43 41 8
10 42 32 43
19 47 33 5
5 22 23 38
13 21 24 8
2 22 45 6
2 21 34 18
34 35 28 44
16 23 30 39
9 23 33 47
2 26 39 44
2 19 43 21
13 27 34 36
14 31 26 42
45 38 34 32
3 28 47 17
1 25 10 48
37 17 32 10
3 30 35 47
3 26 33 8
21 32 41 12
17 4 41 3
11 37 46 19
28 34 20 9
0 29 32 10
38 46 29 8
30 47 8 22
8 36 28 44
21 39 44 29
3 25 13 49
23 35 46 0
13 2 22 40
16 22 44 32
13 33 46 12
21 9 44 16
19 12 20 21
1 24 28 31
2 24 34 33
10 48 32 49
33 24 34 0
8 33 41 6
5 39 39 7
31 16 42 1
11 18 39 4
6 16 27 49
1 27 33 49
6 42 30 47
3 23 43 45
23 25 24 42
7 49 28 39
1 25 28 6
14 18 27 44
24 36 7 9
33 9 31 0
6 35 23 23
16 36 42 5
1 19 30 4
0 18 20 8
3 22 47 32
36 25 15 20
4 44 47 16
24 38 41 13
2 43 31 5
30 44 27 10
21 37 35 42
32 29 27 41
7 27 36 9
0 20 26 7
24 42 35 49
45 5 39 23
11 22 27 1
7 44 21 23
17 39 1 12
0 16 34 46
10 29 27 37
0 45 10 16
26 28 32 41
13 7 27 47
42 14 47 15
3 28 28 48
1 30 29 47
13 12 39 9
4 33 36 48
7 8 42 41
21 29 30 16
27 27 24 42
1 18 43 16
3 20 41 8
15 32 28 31
8 0 34 44
15 16 22 41
13 21 31 6
23 34 37 24
3 26 47 7
20 19 28 43
10 42 29 41
29 46 38 5
2 29 33 41
24 10 35 5
18 45 40 48
33 24 25 47
6 13 49 5
32 34 0 24
32 25 33 9
3 23 30 41
32 27 26 45
3 42 38 10
5 7 36 1
4 24 42 9
6 25 38 32
20 8 29 43
1 17 45 22
5 21 37 7
21 25 28 17
23 42 42 11
10 22 43 13
0 22 38 47
27 20 31 18
17 10 27 25
26 42 27 6
14 46 39 16
0 17 29 43
5 27 26 39
22 8 32 48
20 25 40 21
2 26 41 15
1 23 12 21
11 40 42 42
18 42 21 34
1 23 28 47
2 14 21 45
19 1 25 40
25 10 41 8
34 32 30 39
31 18 44 3
1 20 41 5
42 29 35 4
1 22 32 45
5 26 42 8
26 18 39 6
2 40 30 16
2 24 32 4
16 46 27 49
3 19 39 0
5 26 31 47
1 28 42 8
2 20 31 45
6 20 29 39
29 40 30 2
13 40 12 24
15 48 42 5
23 46 29 1
6 20 30 47
5 15 38 38
39 40 33 43
2 32 39 5
3 29 36 49
23 31 14 0
2 32 35 45
27 40 38 9
12 47 26 47
8 28 34 0
33 31 16 47
26 8 29 21
9 1 35 0
4 24 33 7
16 37 38 46
20 24 27 41
35 6 34 44
17 30 34 47
7 40 36 37
3 29 27 41
5 35 6 22
24 30 44 10
27 37 42 41
0 24 40 32
39 39 34 40
10 28 42 14
11 27 7 44
18 2 36 9
8 13 29 43
38 14 28 46
3 25 46 22
14 23 10 18
22 7 45 13
2 26 34 0
25 4 24 21
24 49 15 24
3 26 44 27
7 21 30 2
14 7 36 5
1 22 24 46
0 27 39 10
14 20 30 46
22 49 33 4
5 46 33 22
35 42 48 6
37 8 33 5
1 24 30 43
10 25 48 10
3 28 42 25
30 42 24 45
12 38 34 44
