50 90 19434 800
9 40 10 18
11 28 3 22
43 15 41 29
11 47 44 48
32 26 42 22
24 31 40 23
12 35 12 27
10 27 40 30
25 31 45 19
32 31 40 25
28 28 46 24
46 18 48 13
10 28 40 31
21 10 17 4
31 32 32 46
10 29 48 28
27 16 37 48
28 18 45 25
47 25 44 49
4 4 30 34
35 18 43 28
34 25 34 5
31 24 8 42
34 18 4 8
26 47 35 38
34 21 26 36
35 22 24 41
18 29 49 30
26 45 46 11
13 41 29 47
9 23 38 41
9 27 42 12
43 30 47 6
12 26 26 4
36 24 37 17
7 22 41 15
47 24 3 3
10 19 43 20
11 44 47 37
17 48 46 23
20 3 40 24
6 23 21 42
47 33 31 24
33 21 27 26
34 11 2 26
9 13 31 20
28 23 7 10
4 3 21 14
29 15 10 30
32 48 31 38
14 27 43 38
10 36 19 34
8 28 40 22
46 49 45 33
12 25 40 14
26 26 20 16
39 33 41 45
36 28 19 13
36 26 27 6
31 39 17 24
8 34 44 36
25 44 48 26
7 23 46 20
42 23 42 31
10 30 43 35
42 22 14 16
10 28 31 29
0 10 18 18
37 28 40 23
25 21 44 39
9 25 34 10
0 6 11 18
30 21 48 21
22 46 40 27
14 21 22 30
11 45 30 35
39 34 27 49
29 48 44 0
19 49 46 26
24 38 35 5
11 26 41 16
38 28 22 21
42 13 7 20
6 29 36 30
12 45 46 47
9 24 24 27
13 24 39 26
4 9 5 24
7 27 3 9
5 9 34 13
