50 535 11387 800
24 45 7 35
0 16 4 43
37 45 30 36
23 48 26 46
37 38 11 39
47 36 28 7
48 29 23 11
35 40 16 31
31 29 49 20
27 40 17 19
18 46 14 43
18 24 12 49
22 3 31 33
20 0 43 39
38 23 13 48
41 39 2 2
26 21 39 35
33 49 15 10
36 34 46 24
33 11 28 19
25 16 11 27
13 15 46 39
48 37 12 24
22 27 49 19
38 32 30 17
8 29 16 14
25 39 11 17
1 20 29 28
4 9 40 38
24 35 13 1
28 23 6 25
20 1 22 15
5 40 14 39
4 31 44 25
15 5 19 21
34 34 41 37
6 23 29 27
16 38 38 38
17 3 5 7
13 27 12 9
8 18 15 25
24 43 9 3
17 28 20 31
5 20 16 22
33 5 9 14
8 39 8 34
33 36 7 39
36 47 48 23
12 31 20 42
25 25 19 37
16 7 12 40
35 41 22 31
29 39 23 37
22 3 4 8
10 24 16 26
39 34 14 15
9 21 12 39
1 27 8 23
0 14 9 26
25 38 0 10
47 34 23 31
22 36 13 14
3 42 18 35
22 3 2 21
10 18 49 9
5 23 21 30
42 32 15 8
14 1 2 49
8 14 47 21
29 26 23 39
20 4 39 30
19 25 18 13
32 15 15 15
46 35 1 9
6 18 23 36
21 3 43 37
37 29 20 26
12 18 17 19
42 29 21 12
48 43 20 43
4 17 49 20
4 33 18 23
44 14 9 44
7 24 23 23
5 1 47 34
35 17 10 31
30 36 8 28
21 24 47 25
2 20 40 37
40 39 27 33
34 34 34 27
21 30 32 40
35 17 29 11
43 37 21 0
30 25 34 12
9 32 45 25
17 3 29 31
17 10 7 22
44 42 13 29
15 36 11 43
14 34 18 14
22 15 25 28
15 5 20 19
43 37 25 26
13 27 41 18
43 33 7 16
23 35 6 25
10 30 18 16
22 3 6 7
37 29 38 18
30 18 41 36
7 15 23 10
16 47 17 28
38 39 49 24
0 4 5 11
13 40 19 34
30 6 6 32
25 34 19 38
9 39 41 36
5 15 26 25
14 35 46 19
43 39 17 17
5 32 4 20
16 8 1 4
21 42 16 28
17 2 43 7
1 28 28 12
43 43 7 44
49 43 17 19
19 0 19 34
19 30 20 9
37 48 19 41
49 48 28 46
25 3 15 37
9 20 41 35
2 19 12 40
9 35 49 24
36 45 12 22
3 24 34 41
10 10 32 16
18 38 26 43
13 39 16 48
23 24 7 6
0 28 1 39
32 47 26 49
40 32 45 13
8 0 40 35
34 34 24 10
1 28 48 34
10 15 16 20
4 19 12 24
9 19 42 38
16 35 24 12
39 42 11 18
5 35 14 7
14 21 16 43
8 7 22 43
4 34 48 24
12 9 28 16
9 14 19 31
19 38 5 10
16 4 15 29
39 42 18 20
32 34 39 14
31 31 29 5
27 37 35 34
5 25 32 26
40 41 1 26
44 46 27 19
39 32 7 36
19 33 17 20
6 14 48 19
38 40 41 1
4 7 9 12
11 17 24 39
33 34 26 29
19 49 15 47
13 4 29 39
34 35 45 23
17 21 23 21
21 44 20 19
25 37 27 24
7 11 36 19
24 9 14 28
12 18 0 21
37 32 48 26
33 34 14 22
5 30 15 49
27 46 22 36
15 3 4 45
18 0 49 24
13 19 45 38
27 37 13 18
42 48 11 3
41 49 22 40
19 6 41 35
14 46 43 36
40 32 46 22
38 44 26 44
13 18 38 35
38 33 48 23
28 16 20 1
19 1 29 35
43 34 19 41
17 41 42 32
9 43 15 27
2 24 22 21
44 40 0 27
37 33 30 44
17 22 44 35
22 44 24 17
14 11 44 37
13 4 47 21
3 3 28 20
30 47 17 3
21 1 10 15
6 18 6 12
29 0 10 41
46 19 20 37
4 15 5 11
18 4 7 34
22 3 22 17
44 29 27 43
10 26 14 16
36 31 8 21
5 13 9 1
9 13 24 33
8 26 19 23
0 28 1 8
19 4 26 23
18 1 14 9
21 35 11 3
19 47 22 13
37 40 48 26
11 34 48 22
8 6 36 41
21 44 24 29
7 45 48 21
32 33 1 5
46 35 20 28
38 44 6 30
33 43 14 10
34 39 39 24
44 25 30 27
17 47 13 33
4 14 5 35
38 37 49 20
14 30 47 25
43 31 5 42
42 44 43 33
35 42 48 35
45 49 14 33
12 17 37 21
6 16 9 2
29 43 19 13
14 38 46 22
4 39 2 7
14 21 38 36
34 17 21 37
37 35 25 19
4 12 9 26
8 17 20 49
11 35 17 43
2 22 15 35
43 48 18 31
39 33 35 38
19 20 41 2
15 3 49 24
15 20 39 8
18 27 5 47
26 35 44 34
36 31 8 33
36 42 44 39
36 32 17 30
3 14 9 40
20 1 3 4
5 19 25 24
15 16 23 47
10 31 26 45
33 33 5 30
13 37 8 42
21 19 22 12
4 31 9 33
11 18 18 47
20 11 16 15
31 11 17 48
35 39 9 26
31 32 20 26
20 46 45 22
3 24 46 21
40 41 36 36
39 47 49 27
0 41 14 34
33 23 49 25
1 3 6 19
15 8 18 18
46 27 46 20
14 4 19 19
20 19 13 31
15 1 20 5
32 38 20 45
21 0 21 17
35 34 14 0
31 27 10 1
42 46 2 5
11 9 11 28
17 9 49 25
18 18 11 22
12 46 4 38
42 48 46 22
32 36 2 27
17 41 1 3
9 27 28 30
25 13 17 15
32 23 27 15
21 0 11 18
4 16 12 11
8 24 5 35
41 38 14 32
27 33 48 21
7 15 38 30
0 14 9 26
14 14 6 19
24 28 10 49
5 20 19 21
30 32 5 32
0 33 46 23
3 38 7 15
11 35 20 38
42 42 16 15
39 30 44 33
9 34 27 8
20 30 23 3
22 45 35 37
31 45 49 24
1 27 45 21
38 45 17 40
20 9 46 26
28 41 16 32
39 43 47 23
7 17 29 13
21 45 42 16
31 25 22 9
23 49 17 20
41 34 36 28
20 43 21 15
35 48 1 35
2 14 41 38
45 34 21 5
17 4 16 23
29 40 19 49
32 36 31 6
35 41 27 31
35 39 9 6
15 10 41 34
4 10 32 21
1 26 47 24
24 27 29 40
16 2 9 3
9 16 27 41
41 47 13 3
11 28 48 22
14 4 15 36
19 5 4 25
3 26 31 34
15 43 38 36
24 15 36 11
36 33 29 12
41 42 42 36
1 27 0 43
17 0 22 44
36 40 9 45
2 34 11 27
27 35 6 39
12 31 4 14
28 45 49 25
21 36 47 41
5 10 21 40
41 33 41 9
3 8 30 7
4 8 47 21
16 42 10 36
48 30 49 25
10 49 0 21
18 9 1 46
39 30 49 28
20 5 23 9
28 20 12 23
32 36 16 22
12 10 23 13
12 10 44 39
18 4 25 29
14 3 37 24
22 33 30 24
36 30 45 27
41 16 39 22
19 8 48 24
20 2 2 26
43 37 17 27
42 27 48 32
40 34 33 40
17 1 17 27
13 23 17 18
20 15 47 24
11 25 4 34
32 45 48 23
20 4 37 17
9 45 10 30
15 4 22 45
3 11 13 11
28 25 15 34
10 8 4 13
19 38 9 28
19 5 9 22
44 21 6 36
0 32 19 36
7 3 8 12
13 36 48 26
8 46 19 22
12 14 24 43
15 46 7 32
24 12 48 24
13 45 48 19
13 2 41 4
29 46 23 7
8 3 19 15
33 32 46 22
10 38 0 15
0 8 19 23
43 36 23 42
45 41 11 37
19 5 36 4
20 0 36 31
38 49 21 31
15 5 9 29
26 0 12 25
31 35 2 25
12 14 2 22
0 9 19 21
40 35 5 42
38 33 38 42
16 11 12 21
30 30 20 48
39 33 18 39
21 25 15 16
45 43 15 42
33 48 10 31
38 42 9 16
15 36 15 9
19 4 31 28
49 43 14 32
12 23 23 32
6 9 19 27
15 16 36 14
24 47 39 39
4 43 11 36
22 24 15 12
8 33 2 5
5 36 46 23
4 5 43 35
49 31 44 33
28 2 32 23
22 7 16 38
22 18 7 25
0 20 18 41
7 22 38 21
33 29 1 15
20 37 21 2
37 39 32 24
7 18 45 19
12 8 27 24
37 47 4 12
15 46 2 20
31 40 14 9
41 46 13 33
21 42 11 39
40 49 10 36
17 26 28 34
20 38 28 42
38 38 31 9
13 28 48 29
43 26 45 35
36 40 25 47
10 44 21 32
42 45 24 38
23 0 35 49
15 2 44 35
9 4 20 4
45 30 26 46
29 19 3 12
6 12 23 16
17 14 20 28
39 37 28 24
35 47 28 39
14 27 39 39
20 3 24 4
0 21 11 6
25 40 29 11
9 25 48 26
12 31 0 27
10 21 17 17
36 37 46 26
18 0 16 23
15 47 1 49
29 34 17 11
42 39 45 22
6 36 2 46
37 37 49 29
33 34 25 3
8 10 43 33
1 23 8 31
13 8 3 12
49 41 46 24
35 13 45 38
24 47 48 20
4 22 40 40
34 9 6 3
18 7 49 20
9 13 17 31
30 31 21 0
45 39 30 18
33 39 11 44
41 23 33 16
43 47 23 24
11 20 22 30
15 13 7 38
32 44 4 16
48 28 43 7
42 33 9 28
38 37 47 23
32 28 44 38
17 36 37 22
23 35 37 46
21 1 36 37
42 34 13 43
