50 861 11059 800
46 40 21 4
30 37 27 1
22 32 1 11
5 32 33 24
8 32 48 44
16 38 13 33
15 44 18 13
16 30 27 37
11 5 6 10
20 37 21 5
7 29 10 14
15 41 44 32
14 35 15 30
16 36 19 43
39 38 37 19
7 31 24 5
12 46 17 0
30 17 2 15
41 19 33 41
35 18 11 32
16 47 33 2
16 29 11 28
13 38 16 31
43 29 26 17
12 35 31 28
41 40 33 7
49 40 8 11
46 38 31 16
16 34 38 41
45 37 2 2
23 41 35 0
11 35 14 9
10 43 15 35
6 13 14 25
9 33 10 3
8 37 11 42
20 22 5 18
18 22 37 43
21 19 18 5
49 40 5 2
21 16 16 20
14 37 20 0
16 38 25 12
21 23 19 30
16 44 11 12
33 14 14 24
1 31 20 16
2 26 12 31
9 36 35 5
2 32 13 43
12 17 47 33
46 45 35 1
13 28 7 9
15 19 36 45
10 10 14 30
28 21 22 4
44 44 17 3
15 42 48 42
13 23 22 27
14 36 45 17
14 40 19 33
37 24 15 11
18 43 20 6
13 39 41 17
16 37 43 6
25 27 15 32
20 36 44 6
12 21 6 17
47 47 28 45
19 37 40 21
33 19 22 31
14 31 29 1
6 17 35 1
17 38 44 47
46 39 33 5
23 2 44 2
5 38 5 10
15 43 48 37
2 42 25 1
39 29 36 17
34 19 10 8
39 43 20 4
18 21 11 23
1 28 29 48
41 43 4 48
47 25 11 23
8 36 9 1
17 30 8 20
22 33 17 39
28 21 9 22
14 36 9 2
20 37 27 6
21 31 18 14
18 23 27 40
17 37 23 29
43 43 41 14
8 43 9 6
42 46 23 1
37 8 19 28
18 22 4 17
14 39 14 23
23 38 29 6
15 41 16 9
20 19 22 1
14 39 39 10
9 47 27 40
16 28 20 33
29 22 14 33
27 25 45 5
24 37 7 15
49 42 13 3
24 3 13 47
3 4 10 46
25 29 30 36
27 41 2 2
42 22 38 45
10 37 17 35
10 26 39 3
14 49 44 33
32 30 9 18
9 27 10 11
49 30 14 13
11 9 46 34
18 36 25 4
40 13 26 44
17 18 47 8
38 47 44 45
17 45 17 13
22 42 13 30
21 21 19 31
7 39 45 5
45 46 5 23
48 42 13 31
18 21 12 4
46 38 45 0
30 30 16 11
25 43 22 19
10 45 3 13
21 35 33 2
13 35 32 2
18 39 3 27
16 18 21 0
24 12 13 5
14 37 30 39
16 40 25 13
2 41 49 19
2 25 30 4
28 28 7 34
23 48 19 5
21 37 17 1
2 31 36 3
13 27 19 11
23 34 19 42
14 37 17 44
19 37 11 38
24 40 7 5
7 36 21 23
16 11 9 21
45 46 9 22
17 46 44 24
20 47 12 6
18 32 9 6
45 16 21 7
15 36 12 13
20 0 4 5
16 47 8 17
15 33 21 2
32 38 23 0
18 46 33 31
45 44 13 21
34 18 5 9
18 20 8 4
19 16 20 7
13 29 10 7
24 34 46 20
24 45 21 32
20 18 11 35
45 37 36 44
37 34 12 2
45 32 10 1
14 19 14 36
13 7 42 17
16 39 36 13
20 18 8 14
11 4 16 0
39 7 8 22
5 46 43 42
14 48 48 26
2 38 49 49
18 10 31 20
21 38 21 28
20 48 18 30
28 42 11 11
22 34 14 39
17 35 6 17
17 21 29 48
21 19 16 36
14 36 14 12
13 49 36 1
21 31 46 15
17 44 2 1
37 45 3 29
24 33 0 14
28 42 12 16
25 21 13 0
17 39 10 28
19 33 25 38
32 21 10 28
22 20 48 6
34 47 9 4
25 33 4 2
11 27 7 15
12 34 38 33
16 39 3 26
15 43 16 30
39 1 34 17
49 37 9 8
18 22 47 42
18 39 35 2
1 36 33 2
16 42 6 3
45 38 31 39
20 33 44 7
2 27 48 34
36 34 23 8
14 35 28 2
0 33 21 3
30 47 12 3
5 29 16 5
15 44 22 31
18 32 46 3
3 7 26 2
18 34 43 37
45 38 41 42
11 33 14 15
17 34 4 16
15 38 46 7
29 6 11 21
19 33 21 11
13 20 18 27
14 47 36 3
18 24 33 10
14 31 26 9
23 8 18 4
17 13 37 14
12 36 13 3
12 42 29 30
11 42 14 2
15 29 16 22
22 17 4 13
48 49 20 37
47 42 37 4
16 11 5 16
25 23 8 8
18 49 13 35
6 33 21 42
10 48 9 31
10 37 24 5
43 28 35 7
40 43 42 39
18 38 30 8
35 35 14 41
11 28 33 16
17 45 44 35
20 13 39 7
13 34 33 39
7 30 33 1
26 41 43 1
47 37 32 46
15 21 43 20
19 49 18 2
17 43 6 22
12 20 35 48
39 30 33 7
13 22 41 42
13 18 3 17
17 19 25 5
20 38 14 1
43 20 49 5
19 14 6 15
12 40 9 18
21 47 10 16
10 39 15 32
20 12 21 6
28 26 3 21
13 29 17 36
22 38 24 41
36 45 43 44
44 42 45 34
44 38 20 43
28 41 9 28
16 33 11 20
1 9 43 5
42 34 19 6
14 48 48 2
23 42 8 34
15 34 37 3
47 38 36 7
45 41 7 2
15 19 3 18
10 23 5 25
15 35 23 29
18 36 12 40
7 49 35 8
15 40 13 26
31 9 32 2
5 29 46 43
27 27 24 16
12 37 1 23
31 44 13 33
11 35 46 38
20 26 19 9
10 16 29 2
21 38 12 25
18 41 30 0
18 38 11 49
20 38 17 7
40 44 26 7
46 42 43 4
37 16 6 10
32 36 17 40
22 42 14 38
20 18 28 2
18 37 31 1
11 10 28 46
12 32 15 25
16 44 31 44
23 42 16 21
13 45 38 12
17 33 31 0
13 46 3 17
12 17 17 18
19 45 42 30
23 18 11 10
18 33 17 2
15 23 33 2
15 35 35 31
21 22 10 36
17 23 33 0
17 32 31 4
20 30 34 4
18 37 28 27
7 18 28 23
44 43 12 12
8 26 22 11
33 39 1 12
21 27 10 2
22 26 6 18
21 34 32 4
9 19 46 39
25 38 45 25
31 42 31 25
45 40 6 25
8 20 8 6
15 42 22 8
9 34 18 3
43 49 34 6
35 30 27 9
10 34 37 41
20 22 9 38
16 38 41 29
38 12 39 45
43 17 22 21
22 11 21 6
15 33 19 1
3 38 11 38
44 39 44 31
19 24 45 7
8 21 8 5
19 34 4 37
49 38 10 33
34 37 22 27
45 17 3 25
5 24 49 9
25 29 32 26
16 20 10 41
20 21 16 33
10 31 14 2
18 31 4 38
19 23 6 3
14 33 15 13
30 13 19 22
17 38 23 33
22 15 13 27
19 36 6 24
8 31 22 29
12 35 19 34
7 31 21 38
43 36 24 33
21 47 15 32
17 36 37 10
19 9 21 31
19 16 35 34
20 36 46 32
21 43 11 5
11 42 12 14
14 48 29 10
25 35 11 26
13 42 47 8
15 39 2 41
2 26 46 37
14 37 17 7
20 37 25 14
9 17 11 39
19 34 7 4
0 17 28 3
48 32 16 31
19 22 5 12
48 44 8 13
14 45 21 24
11 4 14 18
18 42 37 46
46 46 40 6
17 20 5 4
2 24 11 31
46 33 32 6
21 41 25 4
33 32 15 18
18 45 18 1
45 32 18 0
27 17 14 36
16 35 27 19
25 8 49 37
39 35 48 15
11 39 13 24
15 44 20 5
4 27 20 20
25 18 15 25
7 35 33 1
17 38 44 36
28 17 14 31
20 20 11 1
7 37 8 3
38 18 13 44
14 37 34 34
21 41 9 10
21 17 3 5
31 36 7 8
7 46 17 12
12 47 1 22
14 34 19 30
37 28 33 35
36 11 22 4
1 16 23 1
22 38 19 5
43 23 39 14
4 28 26 36
9 30 45 30
46 44 6 17
41 19 45 25
5 47 47 33
18 40 31 7
5 35 19 3
16 37 10 23
11 21 8 0
12 35 4 5
15 28 31 4
18 42 37 36
47 45 17 18
14 48 6 17
14 44 36 0
15 38 4 15
16 29 12 6
16 34 7 1
13 35 24 0
15 35 47 42
17 37 15 8
6 37 37 6
24 39 40 38
49 41 18 13
16 38 44 9
27 23 45 6
43 10 5 7
14 37 31 11
47 45 3 9
19 24 35 2
18 15 9 12
29 27 35 7
18 18 3 9
13 29 17 0
41 11 17 10
28 22 18 17
17 35 15 27
12 39 10 17
13 40 18 2
2 12 14 47
38 47 7 26
17 41 41 5
12 26 45 26
19 19 35 46
18 39 5 15
1 13 42 42
48 38 22 33
12 36 18 32
47 40 27 37
8 39 10 25
12 45 14 22
10 39 35 39
11 40 7 17
31 33 7 18
11 28 47 42
17 36 47 6
14 40 28 30
15 33 11 9
32 23 8 5
40 33 37 23
14 42 14 28
17 44 19 40
3 47 15 12
20 45 15 49
13 30 18 5
27 35 40 29
29 46 8 14
21 38 16 43
22 37 13 5
23 37 0 17
1 27 11 22
39 47 46 45
19 33 13 30
13 39 37 35
46 47 16 12
40 37 25 25
10 28 6 23
9 37 30 46
18 31 9 41
10 39 29 12
30 20 4 21
19 15 24 12
26 8 18 10
9 37 7 5
20 39 17 11
4 15 19 39
3 5 16 27
25 41 22 39
15 31 15 12
11 25 44 30
32 18 14 26
15 19 41 13
12 35 21 7
13 37 10 13
5 26 30 2
23 38 29 8
20 39 34 45
17 33 6 0
21 37 2 22
12 21 29 5
11 24 15 14
18 42 19 11
47 37 20 8
26 39 30 19
16 40 45 4
21 38 33 7
20 36 15 27
11 35 22 36
49 38 39 2
21 41 17 43
17 34 9 19
40 47 46 11
33 14 22 2
23 38 15 32
12 36 26 6
18 37 26 3
15 40 10 6
32 1 10 28
48 36 35 10
8 39 16 1
30 43 16 43
18 20 36 10
12 9 16 11
19 25 14 8
14 39 47 26
13 29 26 17
41 39 36 3
3 31 17 35
40 44 11 5
16 35 28 20
14 35 17 8
12 45 8 25
19 18 7 23
5 33 34 19
8 38 8 20
13 42 1 11
20 39 16 30
13 32 17 6
11 31 43 43
14 32 7 43
16 36 12 21
28 20 40 25
34 35 8 2
13 31 15 40
16 32 7 23
32 32 12 26
1 13 40 42
18 39 14 23
16 47 5 11
17 34 18 41
42 38 18 12
29 37 21 4
10 18 5 12
21 5 24 24
26 28 14 37
16 28 17 1
6 38 8 19
14 39 8 14
7 22 33 7
16 45 18 9
20 15 23 20
13 0 27 8
44 43 40 24
10 30 15 7
10 45 34 2
48 42 17 0
15 30 21 4
42 35 22 4
16 30 46 39
2 37 10 7
49 44 3 12
19 33 21 30
21 15 32 2
26 18 26 6
2 34 30 3
17 39 12 2
48 42 18 12
13 38 14 30
20 18 23 49
13 38 25 6
23 37 20 45
11 28 25 24
12 43 8 0
48 34 11 2
31 35 26 34
24 37 18 6
13 40 19 10
20 42 11 25
10 32 37 44
17 42 13 4
12 46 18 38
10 38 6 19
26 46 7 18
15 48 45 4
12 42 21 14
39 43 12 13
14 36 33 45
19 47 23 32
17 40 44 35
2 30 10 3
7 16 7 8
12 28 16 31
20 34 16 3
8 38 24 28
4 43 6 11
19 39 14 7
14 35 23 27
37 43 14 28
45 44 28 7
18 37 16 2
14 39 22 5
38 35 6 22
6 2 11 10
14 19 16 7
49 8 6 9
38 13 6 14
21 19 5 16
1 17 25 1
0 14 16 18
25 39 42 13
19 37 8 38
19 34 45 44
49 36 3 19
29 11 18 29
13 35 33 24
12 7 8 9
23 40 15 32
23 18 38 11
40 31 22 0
18 23 22 36
23 32 3 25
37 25 13 11
40 48 20 12
23 45 41 22
21 38 24 12
47 40 21 23
35 43 12 37
30 30 19 8
16 6 10 21
23 18 4 21
4 22 3 5
17 38 32 44
16 36 12 6
35 43 16 13
38 39 9 3
31 38 11 30
19 24 18 0
14 41 36 9
20 40 13 19
16 40 14 34
14 44 36 16
17 28 19 33
28 25 7 35
17 15 10 25
16 35 24 7
21 28 48 6
21 36 3 18
19 18 13 27
36 40 17 35
44 24 21 7
19 20 7 14
27 43 22 15
4 31 28 15
18 38 46 46
48 36 40 2
15 36 13 16
38 6 34 8
15 37 11 9
32 7 5 17
16 40 33 39
16 41 24 6
3 29 18 22
17 38 49 17
21 21 26 29
17 45 27 7
18 31 11 33
18 35 10 20
30 44 21 0
26 28 14 0
40 44 18 13
39 28 18 35
34 35 16 26
18 44 22 27
3 23 47 43
29 22 13 6
20 37 14 28
16 22 4 9
21 45 43 7
12 47 13 15
10 30 48 12
17 38 20 34
14 38 11 18
35 42 5 20
9 31 10 6
19 17 4 6
46 38 11 20
37 45 6 8
44 43 12 2
4 23 3 12
15 37 48 38
30 8 25 49
12 4 27 2
19 45 0 13
7 14 12 27
22 41 35 22
12 40 8 26
18 40 22 22
32 45 35 36
22 12 7 16
21 32 9 19
18 42 46 5
46 41 13 30
48 37 16 12
48 48 16 30
46 41 29 18
14 35 27 31
22 17 14 36
2 38 32 12
16 32 22 3
4 18 5 5
8 33 8 1
16 43 4 18
18 21 41 43
18 21 11 24
16 38 17 31
18 39 48 10
12 42 8 31
45 18 17 5
36 29 13 40
11 47 6 19
2 27 2 11
47 45 7 6
5 24 23 5
36 22 16 48
28 36 47 6
19 41 10 32
42 8 48 40
7 34 15 12
12 49 5 17
12 27 13 39
11 24 26 25
23 39 40 11
13 48 22 7
35 24 9 6
28 20 2 36
8 11 18 31
41 38 15 7
16 36 27 45
5 32 31 2
8 33 32 2
18 19 49 41
18 41 31 1
17 30 5 30
18 35 20 9
25 44 20 36
17 35 41 30
9 35 36 4
2 27 20 12
24 11 26 4
14 36 38 31
11 48 13 7
23 23 34 0
22 19 34 17
15 39 3 8
18 22 47 49
17 36 10 17
31 42 8 15
14 39 13 3
20 48 12 17
40 18 11 24
45 8 10 14
1 31 33 3
4 12 43 47
5 3 16 22
19 22 0 19
22 32 7 20
30 33 30 38
39 37 6 22
16 32 41 39
1 12 32 10
45 31 8 14
2 34 17 35
18 39 33 8
11 48 11 40
30 13 16 2
11 34 20 6
27 12 23 25
4 47 14 38
11 28 16 39
12 40 34 20
22 38 31 15
9 46 21 17
17 25 14 45
14 17 23 46
10 19 11 0
23 11 37 2
13 29 35 42
13 33 9 40
14 38 22 12
39 21 5 19
15 39 15 6
20 20 10 13
28 14 7 33
48 46 34 9
3 39 5 31
42 49 6 19
31 27 12 17
13 35 42 46
18 40 14 9
17 39 47 6
8 35 26 5
4 22 19 3
37 22 15 0
9 41 14 2
16 22 31 34
