50 738 14278 800
37 9 34 19
29 0 23 21
45 42 22 9
4 34 22 17
41 36 14 8
39 34 37 9
39 5 15 6
14 27 14 22
26 48 21 29
42 33 16 24
3 45 41 9
27 36 33 19
15 8 6 9
1 46 1 6
10 16 12 0
32 21 5 7
38 1 19 21
16 11 9 29
12 23 18 47
28 34 18 29
35 33 40 8
9 10 46 15
5 11 41 5
9 9 24 41
5 11 6 16
2 17 22 23
35 29 26 8
29 3 8 28
14 10 27 30
0 48 36 23
39 31 42 16
18 4 33 14
33 5 9 8
18 12 45 9
36 0 23 34
0 45 7 19
12 17 13 13
0 19 21 30
33 47 13 15
13 19 23 41
4 15 3 25
14 48 22 18
0 10 13 37
13 8 46 15
5 26 9 18
46 37 37 34
11 11 9 15
10 32 2 19
34 21 40 15
8 18 48 8
45 15 31 46
41 42 38 9
43 49 48 4
15 11 7 13
16 8 24 20
36 47 28 45
32 15 38 8
17 3 12 24
26 37 7 17
45 9 22 21
13 12 30 1
3 44 47 7
14 39 41 5
12 33 22 14
4 24 32 10
36 22 48 10
48 22 18 22
45 21 46 10
15 6 8 22
24 21 47 10
45 40 44 5
18 9 47 4
0 34 18 40
7 8 47 15
4 8 45 4
6 25 9 22
34 48 37 11
20 34 11 14
3 23 42 7
14 7 2 3
47 24 43 9
22 11 43 8
19 35 13 20
0 28 17 0
25 30 30 2
34 14 44 17
13 9 18 32
13 16 25 37
3 30 49 10
4 13 5 25
24 6 0 15
21 34 45 14
16 12 8 17
9 0 47 11
0 48 25 47
9 12 20 15
14 31 10 24
38 1 20 11
24 32 44 8
7 29 10 20
4 42 6 11
48 27 2 5
12 11 4 28
24 5 25 9
6 7 4 13
3 24 40 11
6 12 31 37
32 37 13 7
40 43 49 14
38 16 49 9
33 4 19 42
2 34 32 33
14 8 26 11
45 29 10 20
4 46 26 46
3 2 26 27
12 17 39 22
27 26 37 6
35 26 29 29
25 30 25 49
38 2 40 18
15 48 4 13
47 22 29 43
8 34 31 46
18 34 5 10
4 40 27 26
8 21 49 14
5 6 3 14
5 31 17 32
24 4 17 16
23 23 14 18
41 49 33 37
11 4 19 8
47 39 25 27
22 19 41 2
10 5 30 35
12 11 12 30
28 19 31 43
2 46 28 19
1 40 36 39
13 7 46 11
32 44 43 6
42 20 26 32
30 13 32 40
22 42 7 20
13 10 40 15
10 45 18 6
8 39 46 10
17 47 23 7
30 44 24 20
28 23 21 4
37 30 6 12
8 35 6 7
12 34 44 11
41 13 34 38
9 45 37 10
4 32 11 38
16 39 47 16
13 11 48 13
13 26 45 6
45 7 9 8
22 12 45 12
39 5 41 13
4 43 10 19
39 5 10 20
12 10 22 11
35 41 10 16
38 12 42 11
13 7 8 16
43 8 28 7
43 28 23 13
48 35 13 2
18 36 46 12
6 40 0 19
0 38 21 40
39 16 22 29
17 3 5 15
9 17 4 19
1 43 43 8
38 34 28 44
12 42 26 20
34 24 46 7
45 34 1 17
28 29 7 23
4 9 2 16
44 29 17 20
35 13 21 0
13 46 16 11
3 35 33 39
9 6 17 37
23 19 2 3
29 18 22 15
45 34 17 4
8 45 19 5
15 31 25 10
40 8 39 47
35 36 30 11
11 9 28 30
2 21 21 20
20 6 16 13
17 25 28 12
27 23 20 0
4 17 47 10
46 26 28 10
43 12 13 5
7 38 42 17
6 40 17 8
22 36 46 22
19 42 7 15
49 19 15 11
16 9 28 35
12 3 11 19
34 38 33 43
49 2 25 16
34 1 28 19
10 14 38 20
40 20 31 44
31 35 17 18
36 26 2 19
3 32 0 23
25 41 15 7
46 38 44 17
11 34 36 8
32 39 45 4
0 28 20 41
1 49 28 45
39 6 21 0
32 3 12 38
5 27 44 13
18 0 28 15
48 17 3 28
33 47 14 39
9 33 28 42
13 38 48 16
31 7 13 40
13 9 28 41
8 20 34 13
40 15 11 11
6 12 2 18
25 41 24 34
25 23 40 16
12 48 35 19
33 6 29 28
38 8 45 9
33 19 10 21
43 13 19 23
22 41 49 24
5 10 47 18
35 19 39 26
0 38 14 16
9 22 45 12
3 41 21 13
48 12 7 23
11 42 45 15
38 30 40 43
0 38 15 8
9 15 10 36
12 5 40 11
8 10 16 5
6 40 27 14
49 49 9 9
8 11 28 37
10 0 37 19
37 13 20 19
3 47 32 1
42 48 28 9
42 49 2 20
45 41 6 18
27 12 23 29
35 6 44 12
34 29 30 35
42 48 37 11
1 47 39 44
46 3 21 12
43 15 45 3
3 33 21 19
6 45 32 21
17 0 46 29
42 46 18 44
2 45 23 17
12 12 46 17
10 6 42 7
2 45 37 8
3 14 40 9
33 28 23 14
32 48 17 27
21 3 16 17
44 23 28 34
4 37 7 31
10 19 44 20
39 12 10 19
20 44 40 5
4 8 17 30
0 29 20 10
35 20 0 33
11 10 16 3
34 35 15 8
2 41 33 47
23 31 6 6
21 38 23 14
22 47 22 11
11 38 38 23
8 33 39 8
26 29 48 9
34 18 14 30
15 11 43 6
22 36 2 8
21 47 29 47
37 3 48 15
11 6 43 13
16 48 43 17
3 40 27 23
11 10 24 25
12 44 24 28
8 16 16 10
26 31 27 41
42 11 20 19
26 42 37 14
33 42 15 21
1 30 17 2
15 47 25 12
15 8 44 12
14 6 44 8
5 48 35 34
26 10 0 33
28 19 46 12
5 33 10 15
41 33 49 16
36 33 38 23
31 44 40 14
6 10 25 23
0 48 22 34
17 14 22 20
14 29 29 29
20 21 19 1
12 12 9 10
10 18 14 14
6 42 24 34
44 6 11 36
3 32 12 10
3 6 38 16
43 14 18 13
20 20 18 45
38 34 13 25
13 47 26 34
40 3 25 40
48 34 14 1
25 45 18 13
40 27 2 35
10 47 28 46
48 32 32 43
33 8 9 8
37 29 10 11
33 44 45 15
10 12 44 13
11 45 35 41
2 36 13 3
8 43 15 24
1 10 47 7
45 46 9 12
25 28 48 18
12 32 13 15
26 48 20 18
7 16 26 14
42 32 23 38
12 0 14 15
11 12 6 6
46 26 25 18
5 39 12 3
12 0 34 42
40 5 17 19
1 40 24 31
9 7 1 15
5 48 39 19
7 39 48 17
26 10 16 23
24 46 26 2
23 32 29 5
39 4 17 16
23 40 29 27
5 35 32 22
39 12 11 21
9 5 48 6
31 2 41 15
38 41 8 16
5 37 15 10
6 11 45 13
21 9 43 10
8 10 10 14
18 39 24 48
16 47 17 25
18 1 8 12
22 6 13 23
38 15 14 5
37 28 12 0
40 37 19 10
29 44 12 18
16 4 20 0
4 33 42 9
47 15 27 26
7 38 47 12
30 5 19 21
32 33 49 13
15 20 37 30
20 37 28 32
14 42 25 29
47 41 16 22
6 43 27 36
17 22 38 9
13 7 10 9
23 17 46 9
33 20 47 16
4 22 23 22
28 9 48 10
8 23 47 6
10 18 10 31
3 23 6 20
31 13 43 8
31 20 2 14
31 17 14 23
12 11 46 12
20 31 5 25
3 28 47 12
6 11 17 20
11 5 24 0
40 23 8 6
46 14 18 14
6 16 0 26
9 48 48 18
25 27 26 36
38 40 27 35
11 14 43 18
36 44 7 46
4 11 38 4
34 46 19 19
33 34 10 13
44 47 44 6
17 5 48 16
18 22 36 11
36 19 0 24
18 46 12 49
48 28 6 12
20 34 26 11
47 22 3 25
21 46 9 20
44 44 42 15
8 44 4 18
9 13 45 10
9 26 11 22
17 8 38 3
44 26 4 17
7 39 21 15
26 31 17 20
10 13 10 22
25 11 24 34
1 36 46 27
11 31 8 15
27 46 19 25
11 20 26 15
34 0 47 18
5 22 22 25
13 10 5 18
33 49 49 16
9 11 17 10
37 40 49 12
31 10 47 8
6 35 31 36
10 16 35 5
1 26 9 35
0 40 16 12
29 27 24 23
30 39 2 23
0 15 17 2
30 2 28 43
16 2 33 30
46 40 38 13
5 15 20 16
21 30 34 41
41 49 19 14
45 27 14 6
16 37 13 21
4 46 30 39
38 43 44 11
41 1 18 14
25 12 27 7
0 49 40 19
1 23 28 2
9 6 15 9
35 31 19 24
48 4 18 13
8 11 43 10
23 1 46 2
45 21 33 38
5 45 5 23
32 28 19 29
9 12 48 8
3 32 5 13
10 47 16 27
5 41 34 11
49 45 49 17
5 38 4 15
43 41 41 15
33 43 25 29
33 20 23 21
26 46 47 15
2 13 34 39
10 14 9 43
17 12 8 12
28 43 40 14
21 25 37 32
25 44 35 4
34 14 32 33
11 5 45 10
42 11 14 9
0 10 28 6
39 0 15 15
38 24 4 9
15 45 31 9
36 6 18 3
33 3 10 15
22 4 18 41
9 49 15 27
14 7 13 24
14 35 22 8
14 7 46 15
2 36 33 14
32 12 23 4
34 39 19 1
8 4 43 7
15 42 20 36
3 27 9 15
16 12 40 47
42 44 45 14
6 27 35 44
44 43 11 14
11 8 43 9
33 21 29 43
0 40 21 7
19 19 26 16
9 44 29 20
36 4 45 15
26 4 46 13
26 48 18 27
14 34 20 32
36 14 39 20
46 4 25 13
8 0 6 19
30 33 9 0
46 37 28 44
10 47 31 35
42 33 12 7
5 28 11 7
16 47 27 0
39 31 20 5
20 10 44 16
25 39 10 22
6 49 2 18
18 0 24 36
13 14 18 12
23 43 12 16
23 9 4 25
29 24 16 19
37 1 41 9
13 6 18 28
43 18 31 34
18 39 13 1
23 16 31 39
6 10 11 29
33 3 46 3
17 38 46 14
28 25 17 31
5 37 25 44
11 42 5 20
33 20 29 19
13 11 41 10
7 11 29 8
46 27 27 5
29 23 8 16
21 31 17 14
40 42 49 8
18 49 11 36
41 45 40 11
17 30 10 17
41 5 25 2
5 12 24 10
27 36 5 24
17 39 11 16
7 3 18 38
37 32 43 15
1 15 16 28
35 11 22 28
11 6 24 10
47 39 7 33
20 38 11 28
4 2 34 39
15 17 45 8
10 29 26 12
26 49 9 11
26 24 39 11
4 7 46 13
42 27 5 22
44 47 43 12
3 9 49 13
49 45 24 9
6 20 3 30
1 30 30 20
40 8 22 26
31 20 39 11
39 3 15 29
5 25 28 28
48 9 8 12
35 10 8 28
48 47 20 13
49 45 29 19
7 9 6 15
47 43 20 21
5 45 0 24
38 18 11 13
37 8 47 9
11 49 48 17
16 16 40 6
25 33 41 14
34 44 7 18
16 37 44 44
45 21 0 12
15 9 22 15
22 34 46 10
28 34 30 44
18 34 44 16
27 28 39 3
28 21 35 10
9 10 33 8
24 33 45 16
22 32 30 27
25 32 13 14
30 1 24 3
34 27 35 4
42 1 42 12
13 6 44 19
44 42 26 27
15 13 12 30
31 7 6 17
16 4 47 4
37 31 32 45
33 2 4 16
1 27 22 17
31 5 40 8
1 45 43 12
18 34 49 11
7 14 25 4
10 13 26 38
46 2 28 2
49 38 30 32
7 41 0 17
15 12 22 13
6 8 18 20
7 36 28 43
4 32 40 11
1 34 44 14
2 3 16 18
18 24 2 36
22 37 41 36
7 26 11 9
18 2 49 12
14 40 25 40
19 5 12 2
22 43 12 12
45 31 32 19
37 46 13 18
31 19 49 13
38 11 21 5
19 36 9 16
44 21 20 14
42 41 17 4
24 16 28 20
30 22 36 31
7 0 14 13
38 4 24 18
49 20 12 12
14 15 7 1
4 11 19 7
36 25 49 19
14 35 14 13
6 11 12 23
8 16 19 27
25 27 49 16
44 4 11 32
29 10 22 19
21 17 39 37
18 0 29 5
35 9 6 21
17 6 19 22
25 12 10 24
3 41 6 5
47 22 9 13
26 18 26 27
5 18 44 10
33 36 33 41
35 0 15 7
29 18 23 0
22 32 16 5
11 18 11 1
18 11 42 5
4 12 18 46
27 29 17 18
47 11 9 49
7 2 9 11
10 41 40 25
19 42 6 12
49 48 2 12
14 47 30 35
44 36 44 17
31 30 12 22
42 42 2 18
43 26 30 13
34 37 38 34
9 11 43 12
29 38 17 26
32 15 37 4
34 10 30 4
40 34 18 42
23 7 30 1
39 19 24 27
38 43 18 14
45 35 39 7
44 25 26 3
26 25 12 39
48 24 47 11
32 36 23 42
26 8 10 0
18 11 20 2
10 16 15 38
11 41 44 11
29 34 41 12
44 32 13 6
29 5 15 37
36 36 44 10
17 47 22 18
