50 1508 12222 800
36 40 22 1
28 11 17 30
37 2 19 18
21 16 23 28
6 43 9 0
20 36 29 44
38 2 23 22
32 40 32 34
23 43 19 20
35 31 7 0
19 46 32 34
35 14 19 26
31 12 21 4
34 26 36 39
28 13 23 22
39 13 23 14
34 29 13 38
38 22 45 41
2 49 48 39
41 6 22 44
38 17 33 44
15 27 16 15
31 17 23 21
9 26 16 21
1 5 16 38
38 7 21 21
19 18 25 18
44 10 20 19
29 22 17 19
26 48 17 4
26 15 19 20
20 10 21 15
38 7 8 24
28 19 23 16
38 38 39 33
29 18 27 49
14 26 18 40
36 9 26 28
14 38 30 41
36 4 8 6
42 17 20 20
37 5 29 47
33 31 20 20
41 4 6 10
2 19 21 18
5 12 16 29
38 4 0 12
9 43 35 48
37 3 16 22
33 6 30 42
40 25 22 19
26 12 18 19
30 47 7 14
31 23 12 10
34 4 22 30
27 21 24 28
38 32 20 22
23 37 23 19
47 20 21 12
35 15 26 34
43 26 2 18
11 43 14 4
42 8 28 43
38 30 6 14
12 32 20 21
14 29 21 24
38 4 0 27
18 24 24 40
39 19 18 21
5 19 15 42
39 33 21 17
4 48 7 33
26 16 20 8
35 27 32 30
32 7 1 31
12 3 21 21
6 44 5 6
36 9 28 29
37 5 26 30
29 24 22 9
21 44 23 17
22 16 0 28
18 15 36 29
41 6 22 22
37 5 9 30
20 45 22 18
33 6 22 21
17 31 27 36
38 25 20 19
38 34 16 8
22 20 14 14
22 13 24 21
19 39 23 14
32 37 20 24
24 12 21 19
31 29 32 38
31 22 22 19
25 23 31 40
23 12 21 18
33 33 30 36
13 36 21 23
9 48 23 23
18 37 21 14
19 16 30 39
23 42 21 15
39 7 28 32
32 6 32 41
41 7 47 38
21 13 29 45
20 17 11 10
42 26 28 49
47 25 30 38
19 6 25 38
23 41 29 39
14 22 23 21
39 10 25 7
13 5 22 20
38 6 4 20
34 4 44 26
18 45 23 26
38 6 23 33
34 3 26 37
37 7 25 32
23 46 13 26
18 20 7 16
14 27 32 32
24 30 18 22
6 32 35 40
43 24 18 6
40 6 30 33
31 32 21 18
9 28 21 19
19 21 22 18
20 14 11 4
19 14 1 12
2 49 30 40
19 32 36 41
26 44 19 43
29 47 20 44
25 41 32 29
36 40 21 19
35 7 9 7
24 9 18 18
33 27 26 31
43 19 23 25
9 36 12 23
41 29 21 21
20 13 23 30
29 36 27 31
26 33 19 8
21 20 3 13
20 0 32 32
33 6 22 20
26 42 20 21
34 43 26 39
28 32 31 29
11 23 34 35
21 10 9 0
19 17 24 45
25 45 12 31
18 48 22 19
17 23 19 46
25 49 29 42
23 41 17 19
16 46 17 24
8 40 24 19
21 19 32 49
22 23 0 12
27 25 37 29
28 14 22 24
14 10 23 21
38 5 34 21
28 34 20 22
25 16 21 28
24 24 7 42
22 14 35 30
7 26 43 34
9 31 39 48
37 10 17 10
9 37 23 14
18 43 20 2
31 31 18 10
25 22 23 19
10 28 26 43
9 17 28 44
1 23 33 39
32 4 19 20
22 48 25 9
26 24 22 19
12 21 19 19
35 30 28 32
32 26 30 11
30 6 24 39
32 29 40 32
9 12 11 9
39 6 24 19
40 27 31 37
27 35 19 32
36 30 22 25
32 10 22 4
19 16 21 19
36 4 7 20
41 18 9 19
23 22 16 23
35 3 28 25
19 6 23 16
20 33 38 42
19 17 43 37
24 39 14 35
42 2 14 21
5 12 26 43
38 6 32 30
42 19 37 35
27 11 24 15
11 12 5 31
22 31 21 17
38 6 33 3
14 49 32 48
40 43 15 38
38 7 23 22
22 36 15 30
40 0 31 25
17 39 17 18
35 6 20 18
38 5 20 21
20 21 26 30
22 4 47 26
25 17 32 26
29 1 18 10
39 7 30 36
26 31 20 44
6 7 36 33
20 41 11 25
25 27 18 31
20 18 8 20
3 10 8 26
37 27 20 21
37 1 17 30
28 6 21 33
25 28 27 37
44 23 25 36
37 10 3 13
16 42 40 9
38 4 24 19
24 28 34 28
37 6 29 26
34 44 6 48
32 10 45 39
40 4 25 45
11 49 22 21
28 16 21 32
8 20 21 18
30 32 23 41
35 6 22 19
0 48 20 19
40 20 7 6
47 35 18 21
45 35 29 39
20 21 23 23
27 24 45 31
41 2 21 15
20 19 12 17
46 26 20 15
33 22 21 45
16 11 21 35
39 2 25 25
33 4 24 19
11 26 20 20
13 45 24 38
39 1 23 19
5 14 25 21
11 12 23 18
25 6 8 28
40 7 27 34
10 36 22 22
9 3 20 18
38 34 24 18
28 38 17 26
21 17 15 2
31 36 17 22
33 21 30 39
21 7 22 36
18 11 39 47
24 19 7 22
25 37 38 45
37 7 17 29
33 8 19 19
29 5 34 41
25 26 35 34
23 0 22 6
15 18 15 35
5 16 7 32
40 4 20 21
21 15 19 20
31 22 28 35
38 5 24 16
24 43 26 8
21 14 33 35
23 21 25 49
35 47 46 1
16 35 16 17
14 11 8 21
38 26 27 21
36 8 20 21
19 22 22 14
13 7 16 3
25 18 35 33
45 23 26 22
35 25 10 11
37 3 23 30
19 15 24 23
46 22 4 41
43 11 26 40
16 43 39 35
21 20 18 26
13 7 35 41
37 4 19 19
43 21 10 28
38 5 24 45
29 31 15 33
16 6 22 41
36 7 31 32
30 21 0 19
31 12 26 39
33 30 19 18
13 38 15 30
38 34 25 37
33 16 10 19
24 20 31 17
28 42 15 23
20 9 3 14
38 5 26 35
23 41 11 3
19 30 36 34
38 8 18 3
22 26 28 8
26 23 11 41
41 32 19 31
23 21 2 20
13 18 18 10
17 41 23 20
38 5 2 25
43 13 21 19
45 24 15 20
37 40 26 21
32 13 30 45
15 43 24 15
43 23 22 19
37 49 9 11
13 5 22 48
39 6 6 19
39 3 24 20
25 16 29 49
33 28 22 19
41 3 20 18
26 48 19 30
40 27 20 22
16 34 18 20
10 19 33 33
22 14 19 17
38 5 25 24
21 47 20 22
24 46 23 42
38 7 23 43
22 38 45 27
30 28 30 39
36 1 22 14
35 7 35 29
38 5 5 0
31 30 3 19
39 1 18 19
32 31 19 20
12 30 39 35
13 20 34 31
37 16 19 20
20 31 26 49
38 29 22 22
30 48 20 28
38 4 30 33
23 43 27 29
38 8 21 44
20 16 7 19
39 6 21 19
24 45 19 20
13 40 18 24
37 5 25 16
6 43 19 17
35 8 14 20
24 20 30 35
25 18 37 45
14 9 34 28
1 43 25 23
37 10 20 20
40 6 17 19
25 21 18 21
26 11 22 15
37 27 10 15
21 14 21 20
37 27 36 38
14 14 21 22
20 49 33 46
48 18 28 31
18 36 17 7
37 6 23 38
37 6 5 20
31 38 20 21
25 23 15 22
40 22 2 20
40 37 10 1
21 35 22 26
6 21 26 22
39 11 10 26
31 10 21 19
10 22 13 46
12 26 17 22
8 5 23 47
17 29 40 49
33 4 21 22
40 3 21 20
37 6 37 45
34 7 21 23
9 33 18 23
36 30 26 22
26 23 22 22
22 20 24 26
29 21 29 16
37 26 23 24
35 9 26 30
32 26 26 31
27 21 9 18
37 5 28 45
32 16 18 19
0 12 27 39
37 10 24 19
38 4 21 43
41 6 9 14
26 34 21 20
36 9 24 19
30 23 1 28
47 31 7 15
27 15 33 29
21 49 15 18
16 34 33 44
43 25 3 16
36 8 18 31
23 43 24 21
43 17 21 40
21 17 20 22
24 46 21 19
31 18 27 42
43 25 23 26
25 16 26 34
27 20 31 38
30 14 23 34
28 27 32 29
15 24 19 18
17 16 23 34
26 10 19 25
11 10 4 10
24 47 1 15
35 4 19 13
40 7 34 30
35 8 15 15
32 19 22 20
24 17 16 24
36 7 12 29
29 25 33 35
18 15 17 10
20 7 28 33
16 48 36 38
40 6 8 11
29 39 19 17
34 29 24 43
29 15 2 9
37 31 2 28
36 1 18 33
18 14 27 34
36 22 38 19
10 38 23 41
35 32 10 39
31 28 29 22
42 2 22 22
22 9 24 16
28 12 16 20
7 31 1 14
33 1 5 9
8 27 17 7
37 30 31 45
15 35 17 25
37 6 13 32
16 35 24 20
43 28 49 28
37 5 23 17
5 18 20 21
36 8 4 4
36 7 0 13
20 17 30 32
33 20 32 47
35 2 30 19
26 12 22 25
39 9 28 19
24 12 21 16
28 8 33 36
10 48 18 21
18 45 31 23
30 43 27 37
29 40 21 18
27 6 35 31
40 8 18 18
47 43 30 25
11 36 21 22
5 20 34 37
34 23 29 49
34 4 29 38
36 1 11 47
30 31 23 23
37 5 23 10
13 3 21 21
38 22 19 19
21 39 30 39
25 48 24 21
37 4 24 12
42 24 18 48
35 9 20 20
37 6 26 35
41 34 34 44
20 31 37 38
13 29 36 16
39 8 21 18
15 5 23 19
34 22 24 16
41 28 19 17
26 11 19 23
26 14 22 23
36 10 28 45
33 12 27 22
37 16 25 34
14 15 18 40
2 20 19 22
5 40 24 20
30 7 22 20
39 8 18 17
39 26 23 21
41 11 28 45
34 21 4 24
23 36 21 23
29 17 7 20
20 11 36 11
21 11 28 41
40 25 22 22
23 36 23 20
27 7 10 19
20 10 33 30
39 28 21 27
6 33 40 25
24 29 17 36
45 28 24 42
39 4 42 34
42 38 4 21
26 16 20 33
14 22 27 14
43 24 20 20
41 23 17 19
24 36 45 43
24 46 22 18
4 8 24 21
13 9 23 18
3 32 15 21
35 8 15 20
31 33 20 21
12 18 4 39
39 6 4 6
49 27 30 44
27 27 40 31
36 5 24 23
35 6 45 36
38 49 24 41
34 14 22 21
20 37 26 27
39 29 31 43
17 12 23 37
38 4 20 22
13 36 21 22
28 17 22 35
8 1 24 20
23 20 33 28
23 19 33 21
36 30 24 23
26 19 16 23
35 37 17 18
2 29 29 31
10 42 21 20
42 30 20 17
10 13 27 14
17 44 22 18
15 16 40 34
26 19 28 32
17 11 20 27
35 8 29 25
31 39 4 32
34 11 19 21
39 7 24 22
18 18 33 38
17 4 13 2
38 10 21 18
12 47 28 33
38 3 36 18
42 27 19 18
35 8 9 13
40 10 19 44
33 13 32 41
18 18 22 14
37 10 14 25
15 9 37 37
9 35 39 35
7 12 32 29
36 2 23 33
40 15 9 24
24 41 18 16
12 25 32 40
24 39 24 18
39 22 23 21
30 16 25 22
4 30 27 36
35 43 22 35
41 6 23 43
10 44 27 19
41 2 28 39
36 9 20 16
20 31 20 22
32 15 18 20
14 45 24 39
21 21 19 24
14 32 21 34
20 22 41 39
30 46 35 44
40 24 19 44
39 9 11 17
35 0 14 24
23 17 32 42
30 46 22 29
15 15 22 23
41 38 23 22
26 24 30 36
19 34 22 17
24 37 3 14
39 16 27 36
36 24 16 37
24 34 17 20
14 6 20 19
20 17 14 30
20 19 30 17
40 5 25 1
14 41 24 49
42 14 16 19
27 13 19 33
41 6 22 39
31 27 1 8
24 14 17 12
31 38 24 31
19 29 33 27
38 6 21 22
31 23 18 20
23 47 16 28
41 4 13 2
22 42 4 20
26 45 12 19
18 35 27 38
39 5 19 19
38 3 16 19
40 7 4 15
14 24 19 1
38 9 22 22
24 26 21 17
12 17 42 48
22 14 32 32
33 9 17 41
17 34 12 21
40 17 27 41
40 6 22 18
26 26 25 7
18 7 22 19
42 26 33 33
19 19 11 38
36 26 21 18
36 4 11 8
28 27 36 27
34 6 10 11
38 31 15 13
38 8 17 49
25 16 37 42
38 5 24 38
15 33 13 20
38 1 19 20
21 46 22 33
37 12 29 46
11 22 21 30
36 7 20 6
21 22 5 5
34 5 14 8
20 48 23 21
14 48 17 28
36 5 24 20
9 21 15 6
17 13 20 19
24 41 8 2
26 33 22 21
26 12 4 9
10 48 18 19
41 24 26 40
23 48 21 45
16 24 22 22
20 10 14 7
37 23 32 31
16 17 21 12
14 19 20 45
6 49 1 10
25 20 31 34
15 16 31 39
23 21 5 27
19 42 19 32
28 10 15 37
14 9 30 33
28 44 5 19
6 22 18 17
20 45 26 18
37 0 30 21
35 28 24 17
39 2 22 19
41 28 34 37
22 10 33 28
14 25 26 23
17 47 43 34
19 43 39 46
14 42 19 35
42 4 27 36
32 21 37 29
32 28 13 35
14 41 43 44
31 41 6 26
22 27 36 36
15 35 21 18
34 9 31 27
35 15 6 26
16 19 21 42
38 4 21 39
35 4 25 30
46 32 21 22
35 27 23 40
32 15 9 25
40 10 31 38
12 45 8 23
35 30 23 35
9 24 22 17
29 37 19 20
36 6 49 45
35 19 0 8
34 4 37 38
37 8 25 21
9 33 30 37
38 6 21 19
4 25 31 30
37 20 21 20
42 17 10 41
7 10 29 39
20 37 29 46
25 33 22 41
26 23 21 21
41 13 17 20
33 12 36 33
15 11 24 31
38 42 23 4
36 7 6 19
25 7 30 37
4 40 38 25
34 22 27 20
10 23 21 23
30 19 17 21
15 48 13 6
27 29 34 49
19 44 17 20
28 38 24 19
38 35 27 47
19 5 23 20
34 29 22 21
35 7 13 27
37 25 39 35
42 40 34 15
40 13 37 29
34 18 21 20
43 20 22 37
11 7 26 29
27 27 36 39
21 36 17 22
38 4 31 33
18 47 26 18
31 15 26 27
16 16 25 18
7 11 20 22
22 15 22 39
17 46 21 20
28 15 20 21
43 39 9 25
43 24 4 23
22 3 20 21
37 4 24 17
17 11 20 14
8 36 26 39
30 17 2 16
38 9 19 19
41 24 31 48
16 39 26 38
25 18 16 49
39 3 24 34
30 23 24 24
14 30 24 22
12 18 22 20
35 9 8 32
8 16 23 19
18 10 18 21
11 48 23 19
21 43 3 23
31 20 29 32
26 31 20 25
34 25 19 49
19 37 25 29
40 15 33 40
48 23 23 19
38 43 33 37
25 41 23 16
38 10 5 10
13 26 38 30
11 43 25 30
40 27 40 41
25 17 21 13
25 19 40 49
33 43 17 22
1 16 27 30
33 28 3 25
22 33 24 36
40 6 1 8
28 25 23 18
25 18 20 24
21 37 19 20
10 8 9 25
28 27 26 18
30 5 34 40
5 8 20 19
23 29 7 28
16 29 21 21
10 17 33 42
3 24 19 15
48 14 26 18
16 12 24 41
21 20 24 17
23 36 22 22
40 8 17 21
26 18 31 39
39 24 17 17
35 5 17 21
33 25 30 15
33 36 19 18
41 10 20 17
15 28 25 21
24 26 22 22
13 43 28 36
41 30 19 27
39 10 23 35
11 22 1 11
37 8 48 44
22 13 5 15
21 21 31 33
40 29 13 2
21 48 16 35
29 31 27 35
18 13 22 21
37 6 23 20
38 5 24 19
18 39 18 19
16 44 31 35
23 16 1 23
10 40 26 33
28 20 30 30
30 33 18 32
28 16 30 43
36 7 29 32
31 26 2 12
23 15 43 40
12 47 20 31
39 10 6 11
16 8 12 14
10 26 5 32
32 9 25 31
31 5 7 15
27 15 23 19
22 15 32 41
47 33 26 18
43 19 19 21
19 20 21 11
21 13 15 23
15 29 4 19
15 13 25 19
28 32 21 21
36 7 24 18
20 40 4 31
41 34 16 1
19 2 12 36
23 31 4 17
22 23 48 42
28 17 3 5
3 41 14 2
9 32 11 40
0 6 2 19
22 19 33 6
11 24 28 32
8 35 22 20
35 5 33 43
30 9 18 21
37 46 20 19
29 23 34 35
11 19 9 33
37 7 20 21
36 7 27 35
25 34 19 44
37 36 21 23
22 8 28 42
17 4 16 18
13 12 22 16
38 10 40 43
22 41 44 34
27 38 25 21
12 25 10 11
18 43 25 20
8 47 23 44
32 28 23 19
25 15 24 20
37 42 31 33
31 12 34 43
38 20 19 7
38 20 27 20
32 12 26 46
39 20 18 21
32 5 23 25
21 29 8 15
33 9 20 22
8 42 8 13
45 28 22 20
15 8 30 28
21 45 22 19
35 5 22 21
18 26 20 14
36 32 10 25
10 21 24 49
21 48 19 19
17 35 20 22
17 45 4 10
27 17 28 48
18 12 24 21
41 20 21 31
33 49 20 24
34 38 29 44
33 21 29 37
1 20 2 7
27 14 17 26
9 17 36 26
32 45 28 43
10 3 35 32
35 28 8 19
23 8 26 37
22 17 27 29
35 2 23 20
41 0 26 39
8 24 22 21
36 21 24 30
36 5 25 34
32 7 19 22
2 30 17 19
19 20 35 44
17 48 23 17
35 11 23 23
38 4 14 11
27 48 22 19
0 37 30 29
39 8 32 37
13 18 19 30
12 40 19 20
4 35 8 13
35 17 20 22
19 12 25 38
8 12 26 41
7 13 23 19
30 18 13 18
6 28 9 21
11 16 44 27
37 8 31 35
21 13 20 21
5 24 24 34
17 2 22 41
34 10 5 9
25 19 36 33
39 11 22 18
47 24 26 35
17 48 23 17
25 41 17 23
8 42 32 27
20 26 33 22
43 21 17 19
36 5 22 21
5 13 20 20
36 9 26 32
32 8 11 5
37 30 21 20
32 46 17 18
43 35 22 21
40 19 31 35
38 24 2 21
8 15 19 19
27 11 26 23
36 10 18 37
35 32 17 19
12 30 24 22
19 11 0 14
36 7 23 44
42 16 5 16
5 42 30 40
38 6 36 37
40 10 19 31
16 12 32 45
15 48 28 15
18 9 18 41
33 22 23 22
38 7 26 29
34 8 16 44
35 25 25 31
37 7 25 21
36 26 20 22
27 8 12 26
15 17 32 33
28 25 28 43
22 16 25 30
11 29 20 19
26 17 22 18
3 31 19 19
21 45 25 35
24 1 22 31
21 49 24 24
10 9 13 30
33 28 18 22
32 24 32 13
14 31 16 17
17 25 21 23
25 13 32 46
21 38 28 38
18 33 33 31
31 10 13 16
36 7 16 41
42 7 19 36
19 23 25 35
36 4 22 15
34 16 40 36
19 4 18 22
34 3 22 22
5 41 34 36
29 21 17 24
26 46 9 15
34 6 28 35
43 26 27 39
1 13 19 35
45 26 1 31
35 7 21 19
8 42 24 25
41 3 8 10
32 25 20 8
46 30 5 35
37 4 20 20
36 2 22 24
41 21 21 17
12 1 20 0
28 11 21 21
34 4 30 38
12 42 25 19
16 47 21 24
36 13 5 7
22 28 28 31
2 43 36 31
37 9 24 23
28 25 26 18
13 38 37 36
33 10 1 13
32 32 27 35
22 17 32 30
40 7 18 15
6 43 17 43
32 8 12 24
30 10 18 12
23 13 5 27
35 25 23 37
18 17 30 41
21 13 27 31
20 31 20 20
39 2 48 45
39 8 45 34
5 5 33 42
35 7 4 9
37 13 22 22
12 41 23 20
38 4 27 48
22 7 31 29
46 23 40 38
28 20 36 32
15 9 25 40
34 27 21 23
38 22 17 17
26 18 21 27
39 18 25 45
38 5 23 22
38 25 7 10
15 8 20 16
38 6 2 30
37 22 35 32
42 32 20 14
42 9 11 11
26 38 13 15
16 9 0 29
27 12 23 21
40 7 28 23
38 46 21 20
45 32 20 19
22 27 32 37
37 6 31 33
38 5 8 37
11 36 32 40
37 5 23 22
34 4 19 30
40 11 20 19
38 1 48 34
31 41 20 38
40 0 24 14
18 7 19 14
16 19 32 31
26 25 11 32
16 34 45 32
20 31 30 39
29 20 19 26
34 28 18 20
9 39 7 4
32 25 3 14
7 19 23 19
24 0 7 21
28 14 16 17
36 23 26 5
39 6 28 22
29 16 38 47
13 26 2 14
26 46 34 22
19 40 17 20
8 44 6 25
39 6 25 20
35 8 19 23
42 10 15 10
8 30 22 17
31 27 22 21
26 22 20 25
27 36 40 40
27 33 42 39
4 39 16 18
14 20 35 30
28 24 33 36
40 5 21 33
25 21 39 37
39 7 15 39
30 18 20 16
28 30 25 21
19 45 16 18
23 16 14 32
32 32 27 37
4 24 16 38
38 7 9 27
34 20 29 27
34 8 4 2
11 29 22 42
34 29 1 41
42 26 29 44
32 21 26 44
34 2 2 25
25 34 17 15
19 20 2 5
26 20 20 19
35 18 19 37
16 16 30 34
35 6 19 20
47 22 25 29
39 2 19 19
33 23 21 33
34 23 21 20
34 10 17 20
24 15 19 10
18 29 34 40
35 5 2 3
32 31 20 33
47 22 34 41
34 18 6 13
3 18 2 25
25 46 34 39
35 44 25 39
23 18 23 38
38 29 26 36
40 11 24 20
28 24 28 11
35 31 46 36
47 25 14 35
36 11 18 17
23 19 25 34
16 36 23 28
9 42 35 34
14 25 12 29
49 23 0 28
41 6 13 20
41 12 19 21
26 10 22 4
22 8 20 17
25 26 34 44
12 21 24 4
36 17 22 12
35 28 20 21
14 12 19 34
17 19 24 13
32 2 21 22
29 40 13 31
35 23 36 39
26 17 19 35
41 6 33 29
10 43 12 7
39 29 37 18
22 18 30 37
14 9 31 32
47 20 7 1
30 33 13 41
42 19 29 27
30 47 20 19
11 47 33 20
35 4 12 14
2 40 35 34
23 35 36 43
9 14 36 42
28 43 10 7
10 25 9 16
10 7 20 21
41 10 21 22
38 10 21 19
3 47 27 15
27 22 20 17
46 23 15 21
23 20 24 24
5 45 15 13
12 19 3 15
34 1 29 29
17 40 30 28
21 16 12 16
19 44 10 9
15 8 30 23
17 17 19 38
37 25 11 24
21 20 29 36
41 7 5 25
23 26 25 19
14 31 17 25
35 7 26 38
42 4 10 31
23 10 20 24
34 23 23 11
10 48 26 18
38 24 14 23
30 14 11 13
20 16 8 2
39 33 27 38
23 11 22 16
21 39 24 23
28 49 6 14
14 28 17 17
15 11 20 23
9 38 44 42
18 22 24 21
11 12 2 26
31 43 24 21
8 19 19 18
15 28 24 44
36 45 15 33
13 37 23 30
35 47 17 39
27 17 22 42
35 14 25 16
13 26 41 36
25 18 8 17
37 4 39 41
15 30 29 29
16 9 22 17
14 11 21 20
2 29 36 29
14 45 33 41
22 49 8 8
18 35 21 21
14 44 17 16
8 36 45 24
40 21 25 19
42 28 22 39
27 23 23 18
12 28 9 7
22 13 12 35
36 9 21 23
32 13 21 18
15 38 24 24
24 33 22 21
21 6 25 19
4 46 21 19
29 1 29 33
19 19 27 33
20 31 36 39
23 39 25 16
25 10 17 0
0 18 26 29
17 23 19 15
41 30 6 5
22 6 25 44
12 44 22 25
24 22 29 35
1 22 22 38
42 47 20 18
40 2 28 34
41 6 21 21
12 44 24 18
46 18 35 41
13 41 21 16
29 12 10 11
41 27 20 22
10 13 18 33
39 5 20 21
27 19 20 18
34 9 13 44
40 5 24 18
24 17 32 40
21 26 37 27
13 35 21 19
9 7 18 18
14 39 20 18
17 43 17 22
8 42 25 37
34 24 37 34
21 18 27 36
42 38 34 20
34 9 6 25
17 32 17 42
18 38 24 35
44 34 47 39
32 7 22 19
3 18 26 27
39 24 17 16
27 30 35 44
32 7 22 21
45 24 16 21
38 8 1 14
30 30 5 26
34 27 42 24
43 33 22 24
34 49 16 4
38 8 39 26
2 9 19 21
41 16 36 46
39 8 8 12
21 1 20 13
22 26 20 45
32 34 16 40
3 19 23 34
34 11 19 17
30 12 1 0
39 7 20 17
33 33 21 12
24 26 21 15
36 6 28 25
33 42 17 19
39 36 23 16
40 38 41 32
31 32 11 37
35 30 27 26
36 28 24 25
38 3 18 23
36 6 19 20
34 13 32 22
29 35 18 24
40 3 21 21
28 17 40 43
43 21 18 20
30 12 18 38
37 8 43 37
14 44 22 16
2 19 22 22
28 16 21 37
25 31 20 18
25 11 23 14
34 28 28 26
28 46 24 18
30 35 21 39
40 29 25 35
11 18 20 19
28 14 16 6
33 43 34 31
12 45 0 3
20 21 10 20
32 44 27 42
45 25 23 17
39 14 15 40
15 48 24 23
22 28 31 42
8 31 29 28
35 48 27 22
37 37 8 17
27 3 22 17
43 25 27 46
21 12 42 41
41 33 29 35
34 6 22 40
31 41 19 23
10 24 18 35
14 12 4 17
12 34 44 44
37 8 32 30
26 42 22 39
8 46 23 17
28 15 26 42
9 36 24 20
46 32 20 16
37 10 13 27
44 44 19 21
6 19 22 28
25 49 28 32
30 10 4 5
1 12 7 17
32 4 30 20
8 5 33 49
17 37 9 26
36 15 22 18
30 3 19 22
4 12 25 38
24 25 4 14
37 25 32 34
8 27 30 49
27 16 21 17
15 35 36 23
34 8 22 48
31 3 19 18
37 10 28 34
4 24 15 32
24 40 19 22
36 7 19 9
17 45 21 29
22 22 0 19
26 23 7 24
31 6 28 27
39 6 23 15
20 14 24 24
42 2 23 18
19 3 17 15
37 5 23 14
2 22 23 18
31 26 15 12
31 26 8 18
37 4 30 35
40 9 24 21
38 4 19 19
41 6 18 28
40 0 42 46
26 41 24 20
47 17 22 31
21 46 33 37
40 7 18 42
18 21 24 37
38 5 22 19
40 6 15 35
33 22 6 41
18 46 21 29
30 13 25 48
31 16 20 24
17 45 2 32
34 0 25 20
27 42 11 7
21 37 21 22
25 8 32 38
27 41 22 19
36 46 23 19
28 22 18 41
37 3 24 33
35 6 18 18
14 41 22 17
38 10 16 21
34 17 18 9
14 23 10 0
14 30 25 22
9 25 19 14
30 8 33 32
9 21 18 24
41 21 23 17
13 44 34 41
33 7 22 18
18 10 26 38
15 44 20 19
37 32 19 21
33 17 21 20
39 34 30 36
