50 85 11461 800
41 32 32 44
43 39 40 28
33 46 30 39
16 49 39 23
34 40 46 14
32 33 29 20
26 49 48 15
49 44 10 39
21 20 22 1
19 20 41 29
7 11 32 7
17 20 19 49
17 12 32 18
37 28 42 21
16 45 2 5
37 34 23 25
28 28 17 5
15 20 37 10
12 15 37 22
48 43 14 7
16 16 33 2
35 43 13 33
25 18 43 38
1 32 48 34
43 21 41 26
33 39 3 38
43 19 35 26
38 46 7 36
11 9 12 35
30 35 39 22
24 31 43 45
19 39 44 26
10 13 13 35
12 10 39 11
10 8 9 39
33 20 44 11
47 32 31 45
26 41 49 27
13 25 9 42
18 21 35 1
11 12 7 38
13 19 7 39
26 36 40 33
30 37 37 24
14 11 8 41
29 11 7 18
45 32 40 33
39 30 33 21
46 34 9 27
12 41 13 3
21 26 39 23
36 28 42 16
37 43 8 40
7 7 26 45
11 11 34 20
14 35 30 41
10 8 28 13
26 38 29 6
17 47 10 1
38 34 19 5
13 8 21 39
16 45 46 13
48 37 48 43
20 38 15 35
12 12 48 9
48 21 36 49
15 24 44 20
7 2 11 7
24 36 26 26
18 5 25 37
23 39 46 18
15 49 20 38
12 22 34 49
31 36 5 32
13 13 42 23
15 30 34 11
40 46 24 44
27 44 11 4
11 9 29 47
8 26 42 34
9 9 3 18
18 10 40 35
44 30 36 23
39 20 42 29
30 40 15 2
