50 51 18385 800
41 43 38 20
17 6 40 45
16 8 30 47
16 32 47 16
23 21 39 40
27 41 48 37
8 41 41 42
14 33 31 6
33 14 0 30
36 47 14 12
36 22 31 20
19 19 21 49
49 12 30 34
17 0 20 43
5 17 39 22
15 24 27 39
29 29 34 49
15 38 45 23
6 43 33 46
29 7 39 28
13 36 31 22
10 43 29 38
14 43 41 47
28 22 10 44
1 28 8 28
18 12 16 23
39 33 34 7
46 21 30 20
24 22 1 35
24 18 39 44
46 1 48 7
16 33 41 48
19 36 35 31
28 5 37 27
34 21 37 34
12 35 34 49
19 13 18 44
20 37 35 35
48 5 22 26
30 42 17 30
31 6 12 48
27 29 14 15
15 16 35 45
2 21 18 45
36 12 32 37
26 47 30 5
24 47 41 43
12 10 17 47
26 15 1 49
7 40 21 43
12 37 47 30
