50 204 17462 800
46 4 22 26
31 26 48 33
27 13 45 25
44 12 30 36
46 12 23 37
2 27 7 8
47 11 20 31
9 4 38 32
41 1 8 47
43 30 10 35
44 16 21 37
23 6 19 42
31 31 34 23
47 15 24 37
32 11 20 33
37 13 18 44
49 2 35 45
36 14 31 4
8 11 21 29
43 15 31 24
42 15 13 27
44 21 37 4
28 16 22 31
45 19 14 13
45 11 39 32
22 15 21 41
44 14 26 12
47 4 14 39
40 18 28 34
8 18 13 21
0 30 43 29
45 13 17 36
41 12 27 28
4 28 35 1
47 12 43 19
48 22 25 42
18 27 25 29
48 15 33 39
3 11 14 17
4 30 31 23
43 19 6 32
14 7 26 32
5 10 31 26
30 19 17 42
46 7 7 16
42 5 4 38
14 12 36 38
48 12 13 7
46 14 18 36
18 21 9 4
20 21 13 41
5 42 13 43
47 5 22 11
40 11 27 43
42 10 38 9
10 22 39 1
4 4 11 3
26 7 28 22
32 22 24 29
39 8 27 31
11 8 6 46
45 10 32 33
43 6 17 29
49 14 30 5
26 31 36 38
40 12 28 28
37 30 17 9
46 18 12 34
23 20 37 9
7 4 13 13
21 18 37 34
40 25 22 8
43 9 13 35
38 0 25 44
30 15 15 36
48 2 40 4
44 2 22 23
40 13 26 39
18 8 18 34
3 15 29 23
3 18 32 15
45 5 14 15
15 21 10 3
42 7 38 40
5 12 24 42
14 5 14 44
40 13 2 17
47 19 28 6
23 11 23 31
15 31 14 14
3 40 19 30
40 15 11 16
42 13 25 8
41 21 19 49
46 27 25 46
37 21 20 19
47 47 31 38
5 37 31 34
43 22 36 23
2 16 14 44
5 28 16 25
44 18 21 38
42 10 14 26
37 7 22 28
22 10 9 22
45 14 14 15
38 13 22 45
29 28 5 16
49 11 32 31
10 20 41 31
49 19 23 49
44 5 38 3
38 20 18 10
45 10 6 43
4 49 30 35
16 11 11 30
45 18 40 32
44 9 19 32
16 0 28 32
11 20 29 32
48 1 21 32
9 16 36 6
44 28 19 47
37 3 31 28
35 20 39 0
46 29 8 38
43 7 17 48
5 17 15 34
39 13 29 41
45 15 23 34
44 12 13 7
46 16 16 26
9 28 13 10
44 11 23 19
37 0 1 38
34 37 41 0
29 3 16 48
42 13 10 40
46 2 31 30
41 10 14 44
40 23 12 33
49 28 28 39
35 16 19 3
44 10 28 12
49 5 31 42
44 9 15 36
48 16 14 24
45 12 20 31
45 11 8 10
13 2 40 11
46 3 10 27
48 7 40 3
45 10 17 19
42 18 39 5
47 3 21 24
27 2 23 34
36 5 34 28
37 28 37 1
8 9 28 4
43 17 41 3
10 34 35 36
11 31 21 42
41 11 42 40
13 4 15 29
40 7 41 31
45 10 26 8
39 19 27 37
46 12 19 39
44 7 19 13
44 17 26 13
5 7 16 37
46 15 23 38
49 14 13 27
34 27 22 4
49 9 44 26
7 31 20 39
13 35 11 21
4 13 18 18
10 33 23 25
44 9 15 27
42 10 24 20
41 20 21 20
5 25 14 18
11 13 21 6
32 5 6 40
45 1 11 15
27 36 34 19
33 19 13 36
2 12 21 30
48 8 16 14
45 20 10 37
34 11 40 4
48 12 15 48
36 16 11 10
22 23 16 11
47 1 12 41
11 2 19 12
9 14 31 37
0 10 21 34
42 15 19 32
10 11 15 7
14 37 18 39
7 14 14 11
48 30 1 47
