50 234 15353 800
32 32 40 21
16 34 29 35
48 17 14 25
4 37 47 39
20 13 28 30
15 29 13 19
43 33 17 17
24 34 34 39
12 26 18 24
2 5 36 15
36 18 2 9
18 26 30 41
13 29 24 42
37 31 36 21
30 31 43 32
22 36 27 26
15 33 41 8
4 12 37 33
38 29 40 46
5 26 44 42
35 29 26 28
18 35 47 37
36 46 18 26
20 6 12 30
12 31 46 40
25 21 38 23
17 35 44 33
6 22 39 47
4 27 46 28
6 24 22 26
46 18 25 24
43 22 21 26
44 42 28 22
13 41 29 29
7 30 48 32
37 15 23 24
33 36 6 36
27 21 38 33
8 11 9 25
31 25 5 29
43 21 22 30
33 11 26 26
23 32 46 45
22 34 42 38
17 33 9 14
33 14 36 30
3 16 3 3
2 21 46 35
13 26 42 41
37 36 33 30
44 28 35 23
22 21 49 41
14 30 45 33
17 45 18 30
48 23 38 28
47 25 46 40
24 26 8 12
8 34 19 28
48 31 11 18
7 19 15 40
11 22 43 47
47 33 25 28
18 27 6 17
48 45 20 33
19 23 12 23
22 48 26 32
19 21 49 11
13 26 27 28
13 9 34 29
14 36 25 26
40 43 21 14
5 12 49 34
3 34 24 29
13 35 47 33
36 28 22 29
9 25 49 46
27 32 44 40
21 43 26 33
1 12 43 45
7 3 21 28
9 44 14 18
17 35 26 3
8 36 19 32
18 34 40 38
4 21 39 19
18 37 38 24
5 13 30 35
31 18 38 40
18 33 20 6
13 24 42 31
43 12 24 22
7 39 42 27
45 23 48 31
4 10 37 35
18 33 34 32
12 15 42 19
16 19 10 18
15 34 28 27
4 21 24 24
9 15 32 23
21 27 22 33
44 27 26 29
24 31 2 26
8 14 38 32
3 36 34 39
17 24 23 42
37 21 25 27
25 23 49 37
18 36 38 42
14 27 32 37
10 8 24 31
29 49 48 33
21 30 25 23
39 16 39 39
47 38 24 27
8 17 19 32
13 36 9 35
26 12 42 38
5 38 9 34
12 17 36 30
11 41 33 25
10 7 26 36
17 31 23 33
12 31 5 14
2 39 25 24
3 6 32 23
2 1 16 26
42 33 35 47
7 13 26 20
25 30 15 37
20 24 41 26
9 24 12 31
13 34 26 20
28 22 29 27
11 32 9 24
13 20 1 30
7 10 25 39
5 24 25 24
29 36 34 35
34 31 24 24
30 29 49 41
36 33 44 6
22 20 25 28
6 17 41 36
31 15 22 18
9 24 25 30
5 32 42 32
14 28 23 25
6 29 15 29
12 15 46 43
44 16 42 36
31 45 5 27
6 28 43 44
9 25 47 32
41 15 49 42
12 1 43 35
39 22 39 43
47 44 10 25
12 21 47 42
8 44 20 26
3 0 5 33
40 23 14 26
32 13 42 42
18 17 47 40
16 35 37 25
4 16 24 27
8 21 19 20
44 17 13 25
7 5 22 21
7 10 44 34
7 7 2 14
20 24 19 37
9 25 16 17
35 23 29 36
6 17 21 30
42 23 32 45
0 19 3 26
47 39 37 24
18 24 24 25
33 9 48 36
11 32 20 28
4 2 32 24
27 31 47 42
21 29 26 23
21 16 17 26
15 38 20 25
18 8 7 25
3 18 43 26
14 32 46 14
17 45 28 23
33 12 46 34
5 40 44 49
2 30 47 45
39 26 46 44
13 5 45 41
15 9 44 41
22 30 45 38
8 34 35 13
9 24 41 21
15 39 3 29
5 17 45 43
13 32 2 36
42 11 21 12
2 16 46 35
15 18 28 41
2 3 45 33
17 18 28 31
4 21 23 31
29 7 49 38
6 14 23 25
9 33 24 33
2 22 48 46
7 3 23 28
19 36 33 49
41 44 49 0
46 30 39 44
40 24 17 34
5 20 43 42
48 27 13 19
26 33 37 32
8 15 1 18
5 24 38 14
8 23 17 32
9 35 33 25
6 23 30 28
9 33 20 25
10 30 49 42
0 10 6 33
24 31 31 29
33 29 15 30
2 37 37 24
14 8 22 33
16 16 26 21
28 33 42 36
