50 100 19216 800
36 14 23 39
4 27 13 7
24 20 21 27
21 35 30 41
34 10 4 13
28 34 25 24
17 20 14 40
38 31 13 31
26 35 0 39
6 10 36 25
21 21 22 7
41 27 21 24
1 11 26 21
6 27 14 34
12 29 26 48
29 34 18 36
37 37 19 13
26 25 21 25
28 22 47 44
17 8 13 42
35 33 21 10
44 35 13 47
34 27 33 15
47 27 17 46
41 21 12 6
40 13 32 35
0 19 34 47
8 24 9 35
23 21 10 5
35 30 33 24
13 39 12 44
38 25 36 35
33 35 11 38
5 0 10 7
47 41 40 19
16 19 23 3
39 33 43 37
5 36 33 42
15 26 13 34
14 21 0 15
24 26 27 10
33 26 31 12
17 31 14 0
12 28 24 43
40 33 14 36
31 28 13 1
17 38 49 18
33 28 33 42
28 34 34 22
26 16 26 37
37 34 36 9
8 4 34 36
10 30 11 9
10 24 6 9
27 34 18 2
46 35 10 32
26 40 24 6
11 23 7 38
12 17 21 42
32 16 40 17
18 17 14 42
23 22 13 7
39 23 10 2
18 22 1 4
38 48 8 9
33 15 12 38
5 9 30 2
39 33 11 0
37 26 33 15
22 19 29 34
36 9 11 37
6 31 16 35
20 2 41 48
20 21 18 29
14 29 0 34
49 40 25 32
47 47 16 31
44 34 27 13
0 36 22 16
47 18 14 8
9 4 48 24
36 36 16 43
46 36 26 20
41 21 10 7
17 31 7 2
9 27 43 19
27 32 34 1
44 39 26 3
40 23 29 16
9 21 28 37
49 22 26 13
17 26 19 39
5 18 12 35
23 28 27 24
41 12 15 8
11 26 16 26
33 24 24 25
21 17 9 1
19 21 23 15
34 35 26 2
