50 71 16545 800
5 28 0 16
42 25 2 11
15 13 28 25
9 47 11 12
6 25 7 12
29 45 17 15
37 25 12 10
24 20 49 15
3 31 7 10
47 36 40 44
9 27 48 15
0 9 25 25
45 39 23 17
11 23 33 30
42 34 34 35
4 28 7 12
32 5 11 15
14 46 46 18
24 5 29 29
44 30 17 0
40 37 27 8
30 42 39 0
0 25 8 12
32 17 12 13
46 25 41 43
33 37 42 19
7 27 26 33
4 16 39 49
9 8 46 22
43 31 36 33
16 23 26 0
5 22 39 42
49 37 30 40
4 23 10 7
38 27 43 18
31 40 43 10
34 45 47 22
33 8 31 20
22 20 37 8
41 30 37 16
6 41 24 16
7 35 11 43
4 20 38 43
4 26 9 19
15 0 36 19
27 46 29 11
48 28 7 14
28 8 42 10
36 29 41 29
19 30 48 22
29 19 11 17
33 36 42 15
22 6 36 39
48 23 29 5
23 49 30 23
45 12 12 10
1 24 45 15
11 22 44 20
7 25 9 12
14 43 10 11
35 33 37 41
18 19 12 11
5 49 39 23
2 48 30 0
7 45 45 16
5 28 16 11
7 43 44 23
8 44 45 43
26 35 39 43
41 33 36 48
4 32 31 37
