50 106 19992 800
34 11 4 1
36 21 17 31
19 16 4 36
49 21 42 7
21 15 44 27
27 6 41 46
40 21 29 20
8 26 27 27
44 33 15 47
34 35 25 32
42 14 36 23
8 43 33 23
31 7 2 39
48 35 16 26
32 27 16 41
28 3 9 24
27 0 44 9
30 38 34 22
32 35 17 31
30 7 6 38
28 37 8 40
37 28 40 34
14 17 47 18
23 27 13 44
4 30 45 27
5 21 30 33
37 3 3 37
28 15 10 30
37 17 45 36
44 12 49 25
49 23 21 29
15 12 48 33
32 29 10 47
16 22 21 0
30 1 43 24
31 34 24 22
11 11 28 41
15 31 0 35
33 6 27 42
29 15 20 44
12 35 12 8
32 11 34 21
49 21 16 44
3 29 45 21
17 27 5 32
2 14 6 35
11 33 8 36
2 37 16 16
16 28 15 15
5 36 45 5
26 14 22 49
3 35 40 9
11 42 42 24
32 23 13 15
21 30 27 34
5 15 44 22
11 34 28 22
44 39 23 30
29 3 49 25
23 11 38 26
0 27 8 32
6 33 13 26
28 6 9 23
26 4 39 33
34 5 15 7
29 47 17 37
25 12 41 13
25 19 39 33
5 35 43 24
22 10 8 27
46 23 12 28
34 37 47 16
2 29 22 11
41 24 0 21
5 34 4 28
7 34 44 8
31 8 25 47
6 28 39 22
30 13 35 22
8 16 30 33
19 40 30 29
23 24 2 17
48 14 36 30
35 16 9 19
29 27 28 48
47 26 12 17
2 18 17 24
34 35 43 14
41 24 26 28
17 13 33 33
45 23 19 11
30 33 8 37
2 18 14 35
45 27 20 24
20 41 43 34
11 35 45 17
15 7 41 11
34 5 6 39
25 17 13 48
12 0 37 20
18 47 5 27
33 19 35 31
9 18 13 31
30 37 6 27
31 32 40 25
46 25 29 20
