50 82 17899 800
31 11 21 28
0 30 11 49
12 4 5 39
18 31 43 21
2 26 14 23
9 30 46 19
32 7 14 0
36 11 35 33
38 35 3 13
9 35 18 41
11 24 18 47
13 24 12 28
13 30 41 31
28 37 18 35
16 1 16 29
12 27 19 31
29 8 13 35
35 16 13 16
7 28 41 33
24 30 36 35
31 41 39 37
34 35 20 30
38 27 2 21
13 24 25 24
7 34 12 45
9 2 10 7
1 25 32 27
13 43 26 21
38 33 10 29
30 12 18 13
32 8 14 30
38 48 31 9
15 4 18 26
43 35 10 48
18 47 14 29
47 48 47 18
11 6 32 36
8 28 44 35
13 32 7 48
9 27 23 26
7 37 17 33
0 33 40 27
15 22 44 22
35 43 29 27
33 31 47 20
16 27 15 32
11 32 32 11
1 39 26 29
32 38 49 6
29 9 15 27
9 19 39 24
10 24 10 40
29 32 11 17
2 30 8 26
9 26 26 26
33 12 29 43
43 26 11 23
31 12 9 29
19 22 15 33
7 39 18 18
9 27 30 33
35 15 10 8
5 40 5 49
46 38 14 10
14 1 6 38
28 26 14 15
27 48 4 47
33 36 48 34
30 17 14 31
28 12 15 43
39 36 13 28
15 28 12 31
16 39 40 18
5 32 38 22
4 35 43 28
6 15 21 44
31 26 14 38
28 23 37 19
33 11 47 16
13 26 14 47
11 25 43 32
29 46 19 46
