50 813 19332 800
45 37 36 47
22 14 8 28
30 1 40 15
18 11 30 11
16 49 40 9
12 32 23 25
29 18 39 22
19 13 0 31
8 23 38 42
20 1 46 17
45 9 31 15
47 29 18 12
14 44 7 44
13 32 39 39
37 9 35 34
31 39 6 21
13 10 43 13
48 16 39 22
17 3 32 20
1 26 21 38
10 11 37 42
33 46 27 15
21 41 49 9
23 19 36 7
30 32 14 26
22 2 24 25
15 21 34 38
24 7 32 1
39 40 6 4
47 31 27 12
36 45 29 21
49 31 36 36
34 48 43 9
34 46 35 18
24 34 10 22
17 1 21 15
24 3 9 11
16 1 26 6
12 18 38 18
27 15 9 12
24 8 41 25
42 38 16 2
21 0 20 32
3 21 34 44
14 7 32 24
19 3 35 43
16 20 45 11
28 44 45 17
33 8 47 14
12 3 15 5
24 0 21 43
27 32 34 16
17 2 37 18
37 47 4 30
38 20 33 48
44 30 36 19
29 8 47 2
3 20 46 20
6 39 12 15
34 42 33 9
47 26 12 14
42 29 45 16
42 46 46 18
21 1 37 43
49 31 19 28
37 41 10 31
20 1 21 15
15 2 40 12
18 9 8 21
21 33 29 23
40 42 34 40
18 0 35 39
7 17 33 38
23 2 11 30
16 10 36 15
16 25 22 6
28 44 23 15
11 11 1 28
7 27 22 9
14 5 40 13
5 26 17 26
25 21 48 3
44 39 44 5
46 9 29 5
48 35 12 33
7 33 30 11
42 46 18 0
24 28 29 26
27 43 38 45
14 12 43 11
15 20 34 14
19 8 33 41
29 36 35 43
23 5 35 43
13 14 28 4
19 10 7 13
20 11 6 22
22 48 36 14
20 0 17 7
27 12 43 14
41 46 0 17
47 33 32 6
41 45 32 44
29 15 28 11
28 49 36 43
34 8 25 21
49 26 33 10
25 1 28 34
48 45 29 3
32 9 40 37
3 1 24 30
35 44 31 27
33 40 23 12
39 31 30 14
23 2 19 21
1 12 32 41
32 27 6 1
28 8 12 9
27 27 48 10
4 36 30 42
6 6 31 10
21 19 37 44
26 34 5 36
24 39 9 19
19 15 20 39
36 33 25 41
13 1 22 7
44 30 22 46
23 3 46 17
8 17 41 20
45 38 8 20
15 34 39 0
10 23 42 8
35 36 35 48
23 19 42 13
41 48 7 12
13 15 41 16
34 34 23 7
40 25 39 21
7 11 33 21
25 42 1 32
30 7 5 27
39 46 33 20
15 10 38 11
7 12 39 7
29 26 31 44
41 41 35 43
13 19 41 21
34 38 16 6
33 15 36 17
10 3 11 14
44 40 11 30
9 5 13 16
24 18 41 22
12 8 10 1
9 12 49 21
45 35 23 27
40 42 33 21
19 8 39 20
26 18 23 33
24 19 39 44
31 38 5 17
45 27 42 24
6 17 35 23
19 1 34 47
48 25 40 14
39 48 43 14
48 34 43 9
26 9 17 8
3 24 34 48
13 7 21 38
38 19 30 17
32 31 7 38
17 21 36 39
31 37 17 15
33 29 23 11
34 44 35 15
20 2 44 17
15 20 34 46
23 30 40 12
42 28 40 18
22 1 26 7
13 13 36 40
22 2 38 41
1 36 39 44
22 2 9 1
46 19 36 20
10 29 20 9
18 5 35 13
30 3 29 18
49 49 30 31
13 16 37 14
23 15 13 26
30 10 28 17
24 48 19 24
26 38 37 22
19 7 20 29
0 14 33 16
15 5 32 7
23 1 40 4
21 41 40 4
13 1 17 36
44 16 28 39
34 42 21 17
27 6 39 3
31 3 33 13
4 6 46 9
19 36 14 39
21 44 43 40
30 45 31 41
30 44 12 17
38 47 33 13
46 1 7 26
7 8 3 18
37 32 24 15
6 7 13 44
18 21 39 44
21 2 8 33
42 45 37 40
12 14 14 8
35 29 34 43
41 33 27 8
46 26 20 24
33 42 35 3
31 43 5 37
23 10 46 18
20 3 9 37
14 14 42 13
18 0 37 3
13 36 37 36
9 36 43 8
4 21 34 16
36 46 30 43
36 46 5 45
9 7 36 10
23 8 29 10
18 18 18 47
22 2 39 16
39 27 37 9
38 19 36 43
30 25 38 1
24 1 39 18
47 14 33 27
29 24 38 42
13 3 36 16
30 37 24 16
39 42 33 44
26 42 36 43
37 10 49 5
18 26 9 17
10 30 8 0
33 27 40 44
22 12 41 23
15 12 36 16
49 28 41 23
13 22 40 17
22 2 38 21
22 3 32 40
14 34 8 43
40 46 31 11
36 7 25 3
2 2 19 32
40 49 11 29
12 37 36 21
22 4 46 15
44 29 9 31
24 29 10 14
28 10 16 47
41 31 20 37
35 38 18 18
30 17 40 13
39 19 10 30
11 29 46 18
46 27 37 5
17 22 39 10
33 46 10 34
46 35 26 4
33 15 35 42
12 8 38 38
22 20 38 40
48 33 35 21
25 16 21 13
24 20 34 40
39 6 39 23
32 22 39 40
35 38 46 18
39 23 29 21
34 47 27 6
20 10 33 20
19 7 11 38
33 26 20 25
39 19 22 29
14 32 21 27
37 45 31 45
32 13 34 45
21 1 14 21
26 6 36 6
38 38 38 44
48 27 37 12
45 29 29 16
6 36 16 27
16 30 11 34
20 19 9 19
22 2 33 8
41 31 40 8
15 8 48 10
22 0 42 17
7 34 32 13
18 21 28 14
37 35 26 9
19 14 38 19
25 17 17 10
16 32 32 17
16 23 9 18
13 9 24 43
49 29 9 40
46 33 34 46
24 27 41 43
45 36 31 4
39 31 37 21
33 49 39 45
35 8 17 29
32 11 9 40
38 8 32 40
17 23 48 11
46 28 19 16
18 7 49 8
45 11 20 31
49 1 1 20
15 7 46 7
44 30 19 13
19 6 19 15
31 49 16 11
8 3 30 42
42 32 21 15
40 40 29 11
39 41 36 18
33 36 10 4
22 5 35 17
21 24 35 2
15 0 34 23
33 41 38 8
8 11 29 17
19 0 12 34
12 19 2 41
20 31 18 13
17 7 15 21
34 28 36 19
33 38 45 23
17 5 12 31
34 15 36 19
21 4 35 42
5 26 39 14
20 4 38 3
24 1 11 33
3 23 25 45
22 43 12 9
7 26 37 45
1 3 3 21
16 3 39 17
12 27 11 17
20 10 20 27
3 11 43 6
23 3 5 26
19 4 48 19
24 16 46 16
20 31 1 31
44 27 31 6
23 0 33 9
42 39 33 17
7 18 38 17
39 12 3 32
34 37 9 44
26 19 7 37
5 27 39 39
44 28 48 2
42 27 20 6
14 6 40 18
42 35 33 44
37 20 32 24
29 19 28 14
31 41 10 24
28 39 40 5
48 24 24 31
20 0 34 42
24 10 10 18
34 24 27 24
29 13 46 18
22 0 29 9
4 6 10 15
19 0 11 20
33 39 34 44
45 42 38 19
26 9 4 4
21 23 37 28
2 19 16 19
35 46 7 49
21 37 38 24
34 8 41 1
35 37 17 32
36 49 33 43
19 34 14 16
40 3 2 23
11 20 28 4
16 40 1 21
19 0 34 45
22 0 48 20
5 18 40 23
39 43 32 38
47 27 26 13
17 4 41 15
21 0 38 25
42 29 30 10
22 31 17 40
43 46 45 10
17 25 37 43
29 36 47 7
27 27 11 41
36 25 35 19
2 6 36 39
16 7 42 2
4 34 34 37
45 31 23 6
2 17 19 27
3 22 38 42
10 21 28 10
29 13 37 41
34 3 41 15
0 0 29 12
29 10 38 14
32 1 23 10
5 9 47 13
0 30 12 16
11 12 32 9
48 25 1 37
27 25 15 29
9 2 43 14
6 15 4 41
16 2 36 20
44 32 33 3
22 27 4 29
22 26 40 16
8 22 12 8
2 17 45 4
28 17 21 42
33 23 22 26
21 12 44 27
36 20 25 4
30 7 14 8
33 19 44 4
16 3 4 35
46 32 33 44
31 47 28 18
48 41 33 38
35 16 38 43
20 1 40 19
23 1 40 13
26 14 36 41
33 10 29 6
37 11 26 13
12 5 36 44
13 3 4 13
38 13 41 20
18 9 38 6
17 29 44 11
28 23 49 13
20 13 19 4
24 21 36 45
34 42 36 48
15 17 37 42
29 18 36 42
11 17 36 40
43 33 33 9
36 23 24 22
47 30 32 23
40 20 40 44
10 30 40 20
25 23 30 19
14 33 35 8
18 0 25 5
5 7 18 42
6 9 42 10
8 2 15 25
19 32 27 6
36 42 40 9
1 35 42 46
14 3 37 20
23 1 45 1
38 43 36 40
44 16 12 40
27 16 37 17
30 0 14 38
40 16 6 18
1 30 41 13
19 2 24 21
4 32 19 26
28 10 39 38
39 41 15 34
27 20 0 13
8 9 33 6
45 30 27 17
45 33 4 38
38 42 19 33
42 6 41 14
48 31 4 35
27 16 32 47
5 28 2 23
37 37 39 47
45 32 3 5
22 3 34 38
31 36 37 20
36 29 36 43
29 41 36 43
0 44 34 43
12 6 47 19
23 28 21 25
26 38 33 8
12 12 2 47
32 36 9 33
30 16 25 19
34 48 40 22
20 2 35 18
45 29 44 19
22 9 11 27
19 7 6 25
9 28 31 16
26 45 31 19
9 3 25 6
32 25 35 42
25 25 36 44
14 15 37 38
41 43 46 45
18 8 45 15
23 2 23 36
33 24 37 9
22 3 45 7
5 27 39 9
12 41 36 15
21 10 2 16
41 5 37 13
20 6 14 22
38 29 41 24
29 34 34 44
28 7 27 24
27 3 35 5
10 23 36 14
19 4 12 43
29 10 37 15
9 21 37 38
28 32 10 30
31 30 35 11
12 4 40 19
48 32 7 18
35 40 37 17
46 26 27 4
18 47 42 19
6 0 43 15
22 19 34 23
29 44 32 23
4 37 12 23
30 20 45 13
32 41 44 22
39 14 31 6
32 48 19 37
18 7 38 32
18 17 33 44
25 3 39 25
43 35 30 9
44 25 30 16
22 10 35 42
5 30 16 12
40 44 36 17
33 0 40 18
36 19 4 17
28 7 25 28
47 26 0 35
22 31 24 6
13 8 28 26
21 8 37 16
30 7 49 17
9 21 43 22
47 15 26 14
24 49 12 38
26 26 10 20
30 9 14 20
19 1 16 33
49 18 34 27
31 39 18 10
26 3 40 25
23 26 32 12
18 3 35 38
14 31 33 5
19 0 16 10
12 1 18 43
0 9 15 24
35 16 32 19
40 42 24 8
29 15 10 12
26 36 9 46
38 43 22 12
15 24 9 7
21 2 38 43
34 35 38 17
37 28 36 36
31 30 21 13
43 30 35 24
35 35 46 13
19 16 41 12
29 40 1 30
18 5 25 28
13 5 33 39
14 4 29 11
18 15 31 18
47 26 49 3
28 41 46 25
32 34 15 20
23 18 13 26
28 15 26 10
17 36 29 27
13 13 16 15
17 14 34 43
15 4 37 12
3 23 9 22
49 32 17 6
10 15 4 0
33 46 19 34
3 6 26 17
39 33 20 9
19 0 11 28
29 2 39 42
29 21 1 41
21 1 40 19
31 37 43 10
25 37 43 4
12 21 46 11
14 19 35 2
30 39 41 19
26 48 35 14
30 9 8 17
34 42 41 8
17 19 20 12
14 2 13 9
4 20 42 22
13 18 38 18
5 18 38 20
24 0 43 10
21 2 30 19
25 17 0 36
30 44 11 37
40 49 20 35
31 38 3 13
41 33 34 8
13 28 41 21
37 41 9 9
22 0 36 17
8 15 44 16
45 14 40 43
22 0 37 12
25 25 37 19
27 34 35 17
5 28 36 42
25 0 41 16
49 27 19 5
25 25 46 3
33 32 37 37
10 19 44 9
16 1 21 17
15 0 40 38
49 31 35 20
39 23 40 5
29 26 5 2
40 39 7 21
41 17 16 31
24 44 23 22
43 34 39 12
27 35 29 4
22 12 28 13
26 12 21 16
39 40 27 24
12 25 39 49
34 49 41 14
41 46 37 44
32 21 43 11
47 30 19 6
15 10 47 15
18 24 35 14
16 7 23 18
37 17 23 42
35 1 33 20
11 10 42 9
37 31 38 13
7 35 39 43
8 7 25 8
45 27 37 27
47 33 42 9
22 20 31 41
20 3 17 36
17 2 17 9
29 21 28 37
19 20 5 17
30 10 31 37
35 23 38 20
15 8 17 15
20 6 42 42
11 0 36 7
38 35 34 44
22 22 40 10
24 0 15 16
7 25 36 39
37 45 16 17
32 16 21 12
13 13 29 7
32 24 40 44
45 33 11 23
45 34 5 46
21 7 8 14
21 16 32 14
47 45 27 15
37 44 29 18
19 14 44 13
22 20 40 20
23 33 40 24
5 45 37 38
18 14 35 42
33 12 27 41
42 18 24 13
31 8 6 5
33 30 28 12
25 26 35 8
22 0 38 40
17 17 36 38
8 2 24 16
14 16 33 44
48 31 18 28
38 36 40 7
39 42 47 20
11 19 33 14
29 25 36 18
33 10 33 24
37 19 32 18
15 9 36 19
28 1 33 13
2 18 38 19
37 47 31 19
8 4 17 24
4 31 45 6
41 44 29 26
38 2 31 40
30 37 18 12
30 13 38 7
29 1 33 40
27 40 34 14
34 4 35 14
27 3 39 5
34 34 25 20
32 32 46 13
34 47 19 25
18 37 20 10
16 37 21 17
31 39 23 23
23 3 20 34
47 31 29 16
21 41 28 25
42 1 19 21
35 48 40 40
30 37 8 15
19 9 15 26
32 11 21 33
21 38 36 7
24 5 33 40
28 26 33 20
45 36 15 13
4 2 14 13
2 16 5 2
1 26 16 18
13 5 25 4
32 6 29 13
16 0 12 26
8 6 6 33
32 4 33 39
8 2 5 29
12 20 16 30
22 0 37 17
5 19 48 16
19 0 39 23
38 43 22 7
11 7 21 28
14 24 35 44
13 21 14 27
21 4 0 13
31 33 11 13
35 44 13 23
5 39 33 2
32 21 22 4
43 32 38 1
30 2 29 47
25 30 49 6
9 17 41 11
48 27 29 2
17 6 0 1
49 25 30 22
32 38 31 15
27 15 30 11
35 32 17 10
22 4 7 28
11 19 36 16
14 7 24 5
3 7 12 4
17 22 20 3
29 37 43 23
31 32 35 23
37 15 36 42
45 28 18 11
