50 86 15581 800
49 46 29 5
11 36 35 13
4 7 18 32
12 43 18 38
7 44 17 8
36 42 8 43
41 21 26 24
7 44 32 12
10 43 30 8
46 41 5 48
24 17 33 14
3 7 30 4
10 6 8 42
13 45 2 45
1 12 39 7
26 16 7 13
7 44 29 4
2 11 15 23
48 24 13 4
27 41 8 42
7 14 10 4
1 11 28 20
6 17 14 19
8 39 31 7
26 15 2 38
20 17 6 6
10 45 5 17
2 16 28 2
4 13 36 14
5 3 49 3
34 49 24 4
1 6 9 36
46 18 6 27
3 7 24 16
27 13 44 9
44 31 29 19
42 20 6 24
15 43 5 1
6 7 48 27
48 26 2 12
15 48 7 32
4 48 13 34
7 0 3 47
31 45 14 25
0 4 13 5
41 34 15 33
9 42 2 13
27 21 7 5
14 43 5 4
27 14 38 23
42 46 26 31
8 10 9 36
7 46 40 23
43 47 17 22
23 19 1 0
16 46 10 4
9 12 4 43
7 6 6 23
3 7 13 43
45 27 31 5
9 42 38 12
30 16 20 19
10 43 46 7
25 16 33 15
5 4 39 20
47 37 26 21
45 43 35 17
37 33 15 11
26 25 6 19
5 12 5 29
8 40 44 21
1 7 47 27
47 29 20 29
12 44 32 5
44 43 39 1
25 21 25 6
33 46 29 15
11 9 14 3
9 42 5 46
48 37 14 34
6 40 8 44
21 42 39 23
25 16 30 3
44 44 19 24
7 44 20 10
11 3 26 9
