50 81 18692 800
40 49 38 31
20 10 21 3
36 31 11 25
41 1 10 22
23 19 8 17
18 45 18 4
38 20 11 44
34 15 17 24
16 11 11 30
27 34 7 25
39 46 16 36
46 26 17 10
37 43 34 20
16 20 30 23
34 29 11 15
27 43 12 35
20 15 7 3
16 17 16 28
37 23 21 1
27 29 2 31
34 28 7 13
49 24 42 24
35 29 6 45
42 29 14 25
10 26 33 22
33 6 10 36
46 22 7 16
3 18 13 28
35 23 26 18
32 30 7 21
45 31 17 39
42 21 10 25
38 45 11 30
43 42 0 16
45 41 6 22
25 20 2 46
42 33 35 29
23 15 7 32
26 34 37 30
19 13 41 8
38 44 38 26
29 19 12 25
20 7 22 21
38 27 13 23
26 37 21 28
37 23 12 21
40 20 10 19
15 2 16 27
38 6 43 27
43 6 42 23
22 43 45 17
34 31 16 22
17 38 22 13
10 32 6 14
27 13 10 25
16 28 7 0
20 45 10 37
36 9 6 33
40 21 4 25
38 33 29 30
41 22 14 29
7 12 33 29
18 10 15 32
23 25 12 22
41 24 10 35
43 21 22 8
20 42 29 18
33 23 17 5
33 38 15 33
35 20 13 4
20 16 12 24
25 38 35 33
46 35 37 24
32 22 5 35
33 18 7 23
22 15 24 49
32 13 10 0
37 23 10 38
44 25 34 23
46 30 6 35
35 32 44 20
