50 74 16620 800
40 11 27 41
21 15 27 6
18 30 24 41
47 10 34 26
36 4 30 29
27 31 14 33
15 30 37 19
20 18 37 31
42 8 12 44
48 42 37 43
34 8 21 35
39 15 11 14
30 13 34 21
24 33 45 26
24 11 26 41
24 35 20 23
32 11 44 21
38 11 23 28
36 4 44 36
41 14 45 13
19 33 44 8
34 13 45 30
22 11 44 32
43 26 18 47
27 46 28 25
15 7 11 49
43 7 40 19
26 21 31 32
22 20 11 14
36 1 7 33
33 45 28 5
46 4 43 20
27 4 19 45
20 22 46 5
42 9 24 41
20 13 1 37
44 19 21 43
46 19 47 15
24 14 29 34
37 4 43 26
18 19 14 45
37 9 42 14
38 38 10 30
11 14 17 28
35 13 37 24
29 43 22 22
35 17 19 48
41 13 38 26
40 5 13 37
26 49 9 42
22 36 36 39
44 4 29 46
28 16 2 3
36 5 1 49
9 37 11 49
40 5 47 28
7 9 47 12
17 38 37 23
21 45 19 15
42 23 12 43
22 30 27 39
29 33 30 37
29 49 3 31
22 48 26 37
36 35 39 19
42 10 13 21
39 6 37 24
18 30 25 43
28 16 19 49
44 26 31 47
35 5 16 40
22 11 15 30
28 17 45 23
11 11 47 19
