50 638 17203 800
22 45 12 12
24 34 36 1
30 20 32 12
44 38 3 40
37 20 30 26
24 35 42 15
14 29 9 20
43 31 39 25
32 14 30 28
11 31 24 12
10 12 44 16
38 31 4 45
47 7 31 4
4 27 5 39
43 29 3 39
25 35 5 42
18 31 21 3
23 28 33 19
45 28 17 16
22 32 5 45
38 12 38 21
13 12 40 23
46 21 22 27
13 11 32 26
9 16 4 44
6 33 38 11
23 2 12 3
0 38 40 18
42 38 47 16
14 32 39 12
9 26 4 42
9 34 36 20
17 27 26 15
5 32 19 18
11 33 6 45
12 43 36 3
18 32 4 42
49 4 7 45
13 33 9 46
9 36 5 42
23 7 29 32
27 37 11 20
48 33 9 47
47 36 17 44
10 4 5 46
30 24 16 30
7 28 5 44
23 19 7 19
12 34 18 28
23 29 40 17
12 28 20 16
30 21 41 18
14 5 6 39
38 0 3 41
15 30 26 4
9 29 11 14
25 44 6 40
19 30 41 22
14 30 4 42
8 5 37 23
21 35 36 31
22 34 26 25
28 11 14 21
9 9 5 46
28 25 38 24
31 15 35 18
23 33 5 41
11 30 29 12
13 41 27 15
38 16 4 46
24 29 21 8
39 33 25 14
11 29 22 14
11 40 34 17
14 33 18 16
24 35 44 17
24 5 11 23
36 34 33 18
15 43 9 20
9 29 28 15
23 43 3 44
13 21 3 43
13 19 10 27
20 34 31 28
39 34 5 44
19 31 23 2
5 48 9 13
16 25 9 31
22 16 37 16
47 25 20 4
48 16 30 29
11 31 23 12
34 12 8 43
11 34 46 9
45 37 5 48
43 39 32 32
20 33 0 44
37 2 3 26
15 16 5 41
0 44 34 21
38 13 16 25
29 48 38 11
14 10 44 19
9 20 33 10
36 14 5 45
43 34 9 16
19 43 5 44
15 23 42 20
38 5 27 20
13 27 44 8
43 30 33 15
26 25 42 22
39 6 22 18
12 8 19 15
6 36 42 23
15 33 40 16
11 5 40 15
12 33 4 46
11 43 6 43
12 3 0 42
41 44 25 27
32 12 33 29
28 11 0 44
25 31 39 16
13 32 8 40
21 2 3 44
14 32 18 9
0 40 46 21
14 28 37 27
16 0 17 27
23 31 29 17
12 32 8 43
17 30 38 15
13 32 27 9
43 2 37 26
46 14 14 16
13 8 36 17
41 17 19 30
9 28 10 41
13 31 26 20
14 0 19 20
15 41 6 46
48 42 26 23
21 38 34 5
10 26 41 23
39 33 7 42
12 28 7 29
9 30 40 18
45 30 18 39
0 30 3 43
31 28 26 17
25 33 32 15
37 16 28 10
27 16 36 17
42 25 4 45
32 9 2 43
10 4 48 21
26 44 2 43
14 29 9 49
16 32 41 34
43 32 8 43
24 32 47 21
45 4 7 44
10 4 1 41
40 4 38 16
35 23 39 13
2 38 15 21
18 29 38 2
8 33 4 41
11 28 4 46
5 42 17 9
14 36 2 44
48 37 2 41
40 34 48 5
15 29 22 8
8 2 6 28
43 27 7 47
9 28 6 46
35 41 46 5
39 17 1 46
5 19 18 14
11 21 4 39
39 19 1 41
23 42 7 10
44 44 5 43
43 40 0 46
6 31 43 8
33 12 12 19
43 25 48 16
13 5 40 20
11 40 25 26
14 2 19 13
13 31 34 22
25 24 6 44
9 11 9 42
2 35 6 41
8 36 23 31
17 20 2 43
23 37 21 4
13 33 6 37
10 42 49 7
42 27 2 42
9 26 31 20
22 19 9 15
36 6 21 7
23 40 4 44
12 31 45 15
48 4 1 42
7 33 1 42
24 29 10 28
43 31 41 13
30 14 22 14
26 37 29 9
9 30 39 31
20 24 42 22
8 15 42 9
9 6 5 41
6 28 2 47
6 39 21 39
15 28 4 48
45 6 5 44
16 28 4 43
29 8 7 42
38 16 32 21
8 8 4 43
17 37 3 37
33 42 8 36
14 34 28 11
5 15 41 5
35 3 5 25
21 14 32 3
13 29 23 12
38 33 29 16
11 4 36 26
23 31 12 30
10 35 24 32
12 2 40 18
32 5 37 18
32 26 18 12
48 24 6 47
27 22 5 49
48 41 0 44
44 16 31 19
42 28 8 24
19 22 5 45
39 30 1 42
15 40 5 48
24 11 47 19
42 3 18 15
8 16 38 8
23 32 14 17
11 34 5 43
11 0 8 41
42 27 33 17
26 0 2 45
13 32 9 14
45 42 33 31
49 18 5 43
5 29 43 25
49 5 1 13
13 32 33 22
20 7 4 44
32 9 6 43
5 7 14 14
25 46 9 40
21 30 46 26
18 46 4 45
10 11 13 29
7 17 6 42
13 31 4 43
32 8 39 17
24 33 6 43
9 15 18 13
37 26 31 21
24 33 47 20
12 32 7 43
16 30 33 16
10 12 11 27
14 36 47 11
19 37 5 44
3 9 39 18
11 32 8 45
33 32 5 39
11 25 41 22
38 26 6 46
19 31 16 13
34 25 4 7
10 5 38 26
40 33 13 27
42 49 4 43
21 27 7 43
23 19 7 12
15 29 42 17
29 0 16 16
46 24 33 23
45 42 6 46
37 2 42 17
6 34 12 27
11 25 40 16
12 5 41 4
26 29 27 16
16 26 42 18
27 35 34 14
1 38 36 21
12 17 39 23
15 27 3 40
26 19 2 46
2 17 39 17
45 34 2 45
3 39 3 45
44 37 12 30
23 32 2 17
27 1 20 8
6 15 14 18
46 17 28 9
5 8 12 29
22 7 6 46
34 8 5 44
12 41 34 27
15 44 3 45
12 30 25 23
12 26 42 20
3 3 41 25
8 18 7 44
46 32 4 34
17 45 49 7
12 4 40 21
44 11 9 23
42 30 1 30
29 4 32 21
10 5 12 27
30 3 28 12
6 0 21 9
41 36 4 39
19 23 43 32
46 31 32 12
15 34 5 44
18 34 43 12
8 36 22 5
7 40 39 25
35 17 43 15
15 27 3 45
45 13 5 26
9 0 3 41
41 33 44 7
14 0 0 45
8 3 45 12
18 33 29 25
35 25 37 22
11 30 11 44
9 24 1 47
21 48 21 15
49 36 28 12
44 31 5 46
15 27 15 16
19 36 45 37
30 41 11 27
11 9 6 44
40 7 19 23
48 34 17 34
12 28 8 44
14 32 15 19
15 8 43 18
24 37 6 42
30 33 48 32
7 33 40 20
23 6 15 32
31 15 38 20
13 42 21 17
13 25 43 9
21 24 3 47
13 4 4 31
12 24 8 40
16 29 38 23
22 32 45 11
24 37 7 43
2 11 48 5
2 8 17 6
10 30 25 26
44 20 5 42
40 6 44 17
46 10 5 44
43 0 3 44
15 24 33 15
12 30 7 44
4 32 40 21
44 15 42 23
13 13 40 21
43 32 7 19
27 38 25 21
13 28 3 25
11 15 5 42
24 3 41 18
11 27 21 8
39 34 5 44
29 9 6 45
37 11 6 40
29 20 6 42
9 10 46 7
20 34 6 42
37 9 25 14
4 5 37 28
13 39 40 7
5 9 23 6
37 16 6 42
6 37 2 46
32 37 28 22
18 14 6 46
13 48 16 41
12 29 27 31
24 33 6 43
4 31 12 37
20 22 38 16
43 43 3 45
12 2 4 41
23 34 1 42
6 18 38 19
42 33 10 39
33 39 13 38
9 27 3 46
8 46 6 43
12 33 42 18
48 13 42 23
11 31 6 42
14 28 23 24
28 6 5 41
11 3 19 38
48 9 26 15
12 5 7 47
13 29 6 23
34 10 3 44
23 3 40 13
41 30 33 9
9 2 17 43
46 32 6 46
36 12 4 44
27 34 35 32
5 34 39 21
38 22 38 27
25 48 43 18
41 34 26 12
7 10 7 45
36 7 30 34
13 30 38 12
24 19 28 13
49 24 20 31
6 10 7 44
6 12 26 7
16 35 44 21
6 0 34 28
4 9 29 14
11 42 25 15
27 33 3 43
39 7 21 36
41 7 19 27
12 14 49 13
25 39 38 27
11 32 40 19
10 8 20 12
16 26 37 14
46 35 4 48
13 21 26 10
21 29 5 46
46 32 48 12
8 3 0 47
15 31 5 40
21 28 43 7
40 25 22 12
34 15 18 5
24 31 28 20
3 47 3 39
37 15 3 42
14 33 25 3
5 36 7 45
13 30 6 43
34 28 34 20
8 21 17 28
44 35 7 42
48 43 32 8
10 14 6 41
10 5 25 6
11 29 23 12
26 35 18 12
34 3 24 14
8 14 8 41
14 39 36 22
16 28 37 14
18 37 7 47
19 35 21 16
36 22 20 30
12 29 6 42
41 26 45 21
42 35 39 20
13 7 35 20
14 28 23 26
44 25 43 31
24 37 35 26
19 32 21 19
5 21 26 40
40 14 23 28
11 47 22 26
47 47 3 44
15 32 3 49
14 26 6 44
35 23 5 43
24 32 11 32
26 26 10 21
5 30 1 43
19 44 45 32
15 39 12 17
18 33 30 8
14 16 38 21
23 39 43 27
15 49 5 45
10 36 16 10
2 8 20 6
5 12 25 23
6 4 20 43
19 37 5 41
22 22 39 21
4 3 4 41
46 12 4 40
26 34 4 40
49 19 4 44
10 33 7 46
23 16 5 42
6 33 22 7
11 30 43 18
33 30 19 39
1 17 23 25
28 31 28 11
22 42 5 42
11 27 7 15
25 38 5 46
13 31 30 26
13 31 27 21
32 26 43 2
45 10 5 49
24 22 6 44
16 30 27 26
29 30 28 44
44 5 3 28
9 3 29 12
29 45 20 16
8 15 5 20
42 49 2 42
34 9 3 43
43 23 4 40
22 27 39 23
14 11 28 4
10 32 5 44
35 17 17 13
14 30 42 4
27 20 4 44
10 28 18 10
28 16 3 7
21 37 8 44
13 41 6 43
42 11 3 43
12 47 42 17
36 41 30 16
11 10 24 8
22 0 41 15
9 13 8 43
49 5 2 47
13 41 11 37
9 41 7 28
32 36 33 24
11 7 6 44
35 25 6 46
11 15 41 5
45 31 3 49
16 6 38 17
20 35 42 28
22 39 8 48
12 1 38 3
36 12 25 2
32 14 22 11
5 25 19 17
26 36 39 23
35 32 4 44
22 29 19 8
12 28 1 42
16 27 13 43
6 7 0 44
40 22 11 19
49 5 3 44
13 9 10 27
12 27 5 42
24 34 5 40
18 23 22 11
11 31 38 30
6 39 6 47
44 34 48 19
30 22 3 48
15 25 5 48
44 5 3 47
12 31 20 36
38 15 4 45
42 36 38 37
16 27 5 41
44 38 48 20
7 44 22 6
17 43 3 46
15 44 26 24
41 23 42 14
15 29 23 28
39 24 31 42
9 3 1 41
9 3 5 42
27 32 23 14
13 29 15 25
25 28 47 0
9 31 2 43
24 34 2 47
17 28 6 46
45 10 42 30
39 3 45 29
48 19 22 4
22 33 22 8
30 34 25 0
7 35 16 17
4 46 15 28
47 6 36 24
48 31 40 18
15 39 5 38
46 36 13 10
10 14 6 44
13 24 6 47
29 28 33 18
5 3 1 35
13 28 43 16
16 8 11 24
36 7 15 23
11 30 38 8
4 12 6 43
39 10 19 13
8 3 7 45
