50 117 16553 800
45 12 9 30
18 37 3 18
17 43 49 31
21 40 30 10
41 3 13 24
3 5 48 45
26 18 40 49
20 47 26 33
9 22 14 32
10 12 9 34
14 36 21 38
37 4 15 33
28 3 21 29
9 32 1 25
18 24 21 34
22 28 42 28
7 16 37 2
27 44 42 43
22 43 1 17
0 19 11 3
9 13 8 25
26 48 29 34
34 32 31 40
41 17 8 14
5 36 26 32
16 38 38 10
8 16 38 31
17 9 41 28
7 25 3 19
1 13 11 5
28 13 8 35
37 17 23 35
23 2 15 2
14 23 48 19
13 44 26 30
25 13 48 44
32 13 36 1
36 28 44 31
30 24 23 16
23 38 21 33
3 25 22 47
23 28 37 48
39 0 2 15
36 20 13 31
40 24 37 5
2 14 25 34
40 49 36 30
42 27 21 26
0 13 30 11
41 8 44 12
18 11 12 42
18 31 21 11
9 17 43 10
6 23 31 39
10 22 26 37
26 26 42 19
16 16 24 28
13 35 48 38
40 7 19 33
36 14 29 28
33 29 42 39
17 39 15 35
35 16 20 33
10 6 42 45
13 17 42 2
32 40 5 23
28 38 42 10
14 37 16 3
15 20 37 35
26 6 6 32
8 22 25 31
17 49 20 37
26 4 33 8
32 27 17 41
19 15 41 38
31 9 45 46
15 46 26 32
0 18 21 2
10 15 30 26
31 17 30 41
12 31 28 35
21 17 13 16
3 18 49 8
23 42 41 21
7 15 9 9
43 22 35 38
35 14 25 32
23 23 1 20
37 47 11 2
1 22 37 34
21 47 48 24
43 33 22 14
39 9 1 26
12 17 16 16
10 39 41 29
7 38 25 25
35 0 26 28
9 8 4 26
12 36 25 31
35 45 23 33
11 19 35 37
24 4 43 2
7 11 28 43
26 44 22 31
18 40 13 35
24 33 29 40
1 17 22 22
4 16 43 15
3 13 23 29
39 6 46 12
12 29 9 40
5 48 9 15
3 27 12 40
0 36 23 35
1 12 19 38
4 25 22 23
15 41 6 29
