50 827 13290 800
18 13 9 6
30 25 5 6
36 23 39 6
41 4 20 15
21 18 35 24
25 15 12 21
27 18 24 4
20 43 22 18
21 43 21 7
25 17 6 47
20 25 19 20
19 42 11 23
24 13 5 34
43 27 41 13
29 23 4 24
16 47 35 26
15 40 10 3
26 15 30 12
29 19 15 10
15 47 36 14
19 45 35 17
18 43 38 18
20 7 7 14
20 15 34 23
23 18 22 14
25 16 9 21
16 42 9 8
21 43 34 23
25 16 4 15
20 17 30 5
27 17 39 23
19 46 41 20
6 11 44 18
18 43 42 0
32 25 40 23
42 33 34 27
34 28 1 4
16 44 22 6
16 2 16 22
26 19 7 7
23 12 46 16
29 15 34 26
16 45 4 19
46 5 9 4
43 46 4 7
31 27 15 17
20 46 25 13
25 16 5 5
33 36 46 0
19 28 22 15
20 43 39 25
13 32 36 25
42 26 29 12
35 38 1 42
37 29 17 8
25 15 0 18
38 32 6 13
44 18 39 24
26 10 6 7
13 45 1 9
23 25 31 5
27 29 33 4
25 14 45 14
14 46 32 0
16 24 6 12
27 3 41 19
39 17 34 25
23 15 39 2
14 38 46 11
31 15 20 14
22 16 19 18
16 31 20 11
43 23 37 11
14 48 38 3
16 35 48 29
23 29 34 26
36 33 43 22
28 21 49 7
30 21 4 25
23 15 7 5
42 5 48 13
26 16 32 15
23 20 0 22
15 10 27 9
28 29 49 11
36 29 25 14
41 30 0 3
35 35 35 6
18 45 15 9
14 45 48 16
20 43 11 44
30 33 0 17
31 26 30 7
45 13 20 17
16 45 3 18
18 45 2 6
31 32 38 2
32 22 22 16
25 40 13 4
39 32 33 14
40 27 35 22
25 15 42 16
38 24 41 11
9 5 43 12
31 36 30 6
24 17 49 19
31 36 17 43
16 23 11 7
15 39 42 5
15 41 44 9
25 15 35 28
28 25 45 26
28 17 47 12
33 31 26 18
39 12 35 0
27 11 22 21
42 27 5 7
20 19 4 36
30 44 42 23
28 14 40 8
16 8 17 39
42 12 4 13
25 16 8 7
33 37 24 5
25 22 36 2
26 17 48 7
21 15 3 25
18 34 46 12
17 45 38 6
33 4 4 7
24 26 0 6
24 16 14 0
23 42 24 22
44 29 8 24
30 19 16 6
15 48 34 16
47 8 6 6
38 23 6 17
32 32 0 22
15 45 7 9
22 41 29 8
23 15 4 7
20 32 35 18
26 17 23 24
41 23 37 26
20 18 3 10
35 25 39 9
24 23 2 12
48 15 35 17
19 42 19 15
11 18 39 26
37 28 39 5
37 31 33 4
19 4 47 16
34 45 7 7
10 10 39 26
25 19 13 15
32 36 35 16
48 28 6 8
36 17 25 19
47 47 38 4
25 13 0 17
15 23 41 16
25 26 48 3
44 31 37 25
45 18 45 9
41 36 15 23
18 40 1 24
30 43 37 26
35 24 23 5
26 30 24 21
35 46 25 7
23 19 4 9
41 29 17 1
32 18 28 17
45 34 47 9
27 30 25 5
46 16 37 9
23 23 2 22
40 24 27 6
24 15 41 6
37 37 11 0
14 6 35 28
18 19 8 6
21 14 37 8
18 37 28 17
31 38 8 7
46 30 12 5
23 11 24 18
21 16 38 23
4 7 12 2
45 25 10 8
36 27 47 12
21 14 43 3
22 16 4 11
21 13 5 19
20 15 4 41
22 14 44 21
16 41 27 8
43 29 8 18
34 4 36 25
11 27 35 1
32 27 27 26
27 27 4 9
20 27 9 5
37 42 45 12
15 45 31 29
13 26 13 3
14 15 6 19
31 27 23 11
36 25 4 15
22 19 44 0
17 47 6 22
21 15 7 9
20 2 32 12
21 15 3 23
38 33 38 26
40 33 4 36
39 28 1 44
26 16 5 18
42 28 27 10
18 30 9 9
42 42 41 7
12 8 23 6
21 17 16 16
25 13 7 6
23 40 6 14
19 13 7 9
37 11 11 21
33 8 31 22
19 15 0 24
35 28 29 3
25 14 20 21
31 20 19 13
39 22 35 27
16 42 8 5
45 28 39 25
39 21 47 8
7 32 24 9
22 47 21 9
44 45 29 12
35 30 35 24
17 16 9 30
38 15 5 19
35 30 46 26
19 44 29 26
17 22 30 25
49 29 20 10
38 29 15 8
19 45 6 24
23 36 15 49
33 6 23 15
20 42 10 15
7 15 20 16
21 38 5 7
17 42 5 12
19 31 0 13
19 42 22 8
19 2 5 4
33 39 31 14
24 34 10 15
25 14 2 26
34 28 21 15
27 9 4 12
42 20 46 0
16 41 31 7
9 10 47 14
30 27 4 16
20 49 46 4
36 3 35 25
39 21 2 5
38 28 42 5
19 45 5 1
28 18 44 5
16 45 36 26
20 31 10 10
16 42 5 14
13 30 5 8
16 45 9 7
23 13 36 26
36 0 35 25
24 15 34 26
45 36 37 26
13 14 6 18
20 35 3 3
27 43 39 16
24 18 35 13
23 19 28 9
34 29 7 27
26 17 42 19
26 31 14 15
26 15 23 6
26 17 39 23
18 34 6 8
17 41 25 11
18 46 41 4
11 18 43 12
17 6 43 22
18 43 28 6
22 10 24 15
38 20 37 10
26 15 8 32
24 17 40 29
2 28 2 16
39 25 1 18
22 31 33 8
32 18 23 15
15 43 22 40
6 42 21 17
25 16 37 25
20 44 19 13
18 7 35 5
49 7 44 10
14 6 12 13
37 32 46 5
43 27 7 20
40 16 44 19
17 42 19 49
22 11 45 4
39 36 15 13
13 21 40 4
23 37 7 20
20 38 26 16
35 30 42 14
36 0 35 23
37 28 21 29
28 38 4 5
11 26 3 18
15 44 36 26
27 16 10 8
16 44 6 22
14 43 48 1
26 15 37 26
17 47 23 15
38 26 3 48
17 49 28 20
26 20 7 10
30 3 49 10
32 9 34 23
28 18 40 17
25 32 40 24
30 22 45 17
27 16 35 2
37 21 8 7
24 29 10 23
40 31 20 15
12 45 21 3
48 21 31 15
48 15 12 15
20 21 3 5
19 23 12 19
20 47 5 2
27 19 1 20
28 15 1 15
23 18 47 8
24 15 10 10
26 16 5 26
49 29 38 23
14 41 42 15
36 27 39 23
32 2 37 24
28 15 4 5
12 46 38 16
29 33 40 18
36 12 48 30
27 18 37 27
16 49 9 23
28 13 36 9
23 13 32 2
21 18 36 24
26 36 16 15
29 16 11 3
34 31 22 5
49 33 44 17
17 38 20 14
30 34 45 9
47 30 34 24
19 47 15 3
36 38 25 18
45 26 15 11
22 37 2 24
14 41 47 11
33 24 39 25
10 36 26 27
20 47 42 13
23 15 38 26
25 17 1 8
26 27 22 12
23 19 10 7
43 37 19 16
17 40 20 22
26 40 34 20
18 45 40 7
14 33 39 26
19 43 8 31
30 23 4 47
43 29 43 19
14 41 32 4
37 18 31 1
23 16 24 21
31 19 40 28
25 20 35 25
46 29 9 21
37 37 36 24
28 22 8 11
24 17 36 26
43 35 0 24
43 27 35 23
26 15 45 12
30 29 41 3
16 41 35 26
24 15 36 3
15 42 23 11
31 7 27 41
25 32 39 26
26 18 21 41
27 17 4 3
21 17 12 23
29 35 6 15
26 17 32 7
18 46 35 1
42 43 22 14
34 30 16 7
25 16 12 18
24 3 47 23
40 2 2 47
24 14 11 21
47 18 20 12
43 11 18 12
22 27 5 7
26 14 27 10
33 40 27 16
25 14 44 9
31 8 37 17
25 37 15 45
10 13 6 2
16 46 4 0
23 47 17 9
29 16 14 11
15 27 48 31
18 42 5 8
39 25 22 15
36 34 43 12
22 16 35 11
24 16 37 26
12 36 41 10
24 17 38 29
36 41 42 8
22 43 6 8
44 28 17 12
42 47 39 22
22 36 12 18
34 47 18 18
48 21 2 32
32 39 7 9
19 44 1 9
41 15 6 20
20 17 24 13
23 21 1 22
25 26 7 46
19 47 2 16
43 26 1 27
15 26 1 21
48 4 23 17
44 19 24 16
36 31 7 6
19 46 3 18
33 5 21 15
31 36 17 14
32 23 43 13
45 41 38 27
25 19 4 9
17 46 38 25
35 30 27 13
38 31 18 22
30 2 12 14
35 33 2 4
29 16 35 25
3 42 45 3
47 23 8 9
38 20 5 1
16 32 8 13
18 40 9 11
29 31 14 6
41 35 43 15
43 18 34 25
18 46 6 6
13 16 0 11
26 17 1 22
14 33 47 12
32 13 7 3
6 4 23 27
2 23 31 11
40 19 12 44
15 24 5 5
43 31 6 29
36 26 12 8
38 26 29 5
29 19 17 47
18 27 19 14
15 45 3 5
41 23 21 15
32 18 7 19
48 24 13 7
27 12 6 42
36 38 37 26
20 44 22 18
26 15 31 33
15 44 36 8
27 17 10 12
14 40 35 26
22 13 25 6
35 29 38 4
21 15 0 31
26 20 22 18
19 37 24 17
20 42 32 25
24 19 40 5
48 33 41 9
33 25 37 23
31 31 21 5
29 35 38 16
1 28 1 18
46 20 20 10
45 33 30 7
22 18 3 22
46 32 37 24
23 20 21 16
19 41 25 13
15 31 33 22
11 33 27 16
36 27 3 11
34 18 5 10
36 33 40 0
28 43 8 23
19 39 16 17
43 24 47 9
39 9 38 27
34 31 38 4
17 42 39 25
19 32 38 26
17 43 9 11
32 21 35 28
22 20 6 9
46 41 23 14
40 16 5 12
17 42 37 24
25 25 48 2
44 28 12 9
31 7 5 30
19 43 37 24
25 14 20 13
43 7 8 19
43 20 38 27
26 18 11 3
27 19 17 4
21 16 5 29
24 15 35 26
30 33 25 17
35 30 38 27
18 47 36 21
33 36 41 13
40 3 36 26
18 44 24 16
17 41 49 3
30 25 34 1
18 42 10 7
23 36 49 14
24 16 1 22
35 19 2 16
29 11 36 2
25 16 7 16
12 16 43 15
46 31 4 44
38 2 26 18
24 14 8 27
18 42 33 25
26 31 36 22
40 29 18 43
31 43 6 6
19 5 10 17
41 13 10 21
18 47 35 18
3 8 22 15
23 16 9 24
28 19 4 6
40 43 34 24
20 46 3 5
35 42 7 6
12 13 26 13
27 16 30 12
40 30 37 16
33 21 33 16
24 31 45 2
20 48 0 14
12 29 33 22
25 23 23 15
34 27 11 6
28 29 9 10
19 41 0 14
41 26 48 12
32 38 10 43
35 29 4 10
21 3 12 9
34 25 5 15
26 18 23 3
25 17 5 9
42 30 19 18
33 33 3 7
16 26 6 10
19 19 33 9
42 12 24 11
24 15 49 17
13 18 49 15
36 46 47 9
27 13 39 29
21 13 8 8
17 14 46 7
26 24 15 14
28 38 37 4
20 15 1 17
13 45 9 10
23 16 25 13
17 2 42 16
13 47 49 13
49 23 36 24
12 19 6 43
21 40 21 13
17 21 0 18
24 15 1 26
22 29 43 1
16 43 7 20
31 15 47 22
31 15 10 26
41 6 49 5
16 45 26 15
38 32 45 3
17 42 23 16
42 28 39 23
9 22 41 3
38 20 19 0
49 30 8 8
27 47 6 2
38 10 8 5
27 46 22 24
41 5 26 15
20 12 18 2
25 17 38 24
32 23 42 12
22 29 8 9
37 26 4 15
23 35 47 16
40 24 2 12
24 15 26 8
26 14 1 25
26 17 45 8
45 46 25 11
18 47 29 24
32 8 1 18
17 44 26 12
13 31 24 15
41 28 24 5
24 16 31 2
33 20 26 4
44 20 13 15
30 4 20 11
34 30 21 8
21 15 1 48
44 24 33 5
19 25 18 21
22 16 15 19
16 41 28 12
33 11 38 26
24 22 1 10
12 46 22 19
38 24 19 15
16 47 5 11
47 33 47 10
40 23 16 11
42 23 6 15
31 12 8 6
34 28 11 3
14 36 12 5
23 20 7 3
3 4 40 4
33 16 40 15
25 18 33 29
9 42 42 16
17 20 31 14
16 42 30 13
24 17 39 25
26 17 18 2
32 17 20 12
7 10 21 16
39 33 34 2
21 33 4 24
19 32 6 7
39 28 0 19
49 2 1 24
26 13 36 27
22 12 36 4
19 42 36 0
23 6 12 9
2 28 39 3
37 41 16 21
39 24 13 3
1 4 43 22
45 24 1 45
30 38 4 25
18 34 24 15
24 17 35 5
30 14 11 17
35 24 4 14
19 14 32 27
27 0 25 13
25 14 47 14
24 14 2 9
22 18 15 16
17 47 16 17
6 21 33 20
11 20 18 17
27 22 47 9
17 46 5 18
26 18 36 11
19 43 21 15
32 36 5 21
21 20 20 45
29 42 1 15
42 39 11 7
22 15 13 8
2 16 37 15
25 14 5 49
34 30 35 10
20 46 9 11
41 45 38 29
20 46 3 7
10 16 5 15
31 22 20 12
44 37 24 14
37 35 38 27
19 45 5 12
48 22 46 9
28 41 29 3
23 13 25 22
28 27 5 24
16 48 4 7
27 12 9 5
36 31 23 11
47 27 2 12
23 14 2 42
36 26 5 1
44 20 26 14
24 17 47 21
34 28 29 18
34 32 38 25
42 21 3 10
17 9 40 2
26 33 6 20
42 37 10 14
17 45 29 18
18 46 0 7
35 12 9 11
23 17 35 25
11 6 3 23
23 12 28 18
10 38 22 23
40 35 23 15
25 18 37 11
13 43 1 38
16 44 30 9
38 18 4 41
28 16 4 20
29 30 13 12
13 38 2 4
18 45 39 18
25 15 39 7
18 46 3 17
5 18 39 27
23 19 1 8
27 18 21 14
29 34 9 6
15 42 38 22
13 47 1 5
20 18 24 9
34 35 40 26
12 42 28 31
25 16 38 9
25 17 4 1
20 34 38 13
24 4 6 12
43 26 0 19
36 24 1 42
23 9 21 18
30 21 32 18
29 47 3 3
28 38 19 48
10 17 19 12
15 47 6 9
8 46 39 13
18 25 3 28
34 23 9 10
24 19 26 15
20 41 6 5
33 24 24 41
21 19 24 49
23 17 3 36
17 25 14 1
38 10 45 8
47 4 28 9
36 47 34 21
21 37 39 6
26 16 6 11
36 43 38 13
15 32 3 7
18 48 33 23
23 13 16 7
15 46 36 9
40 12 12 21
29 24 49 5
35 21 3 22
36 28 23 11
25 16 30 5
47 31 37 22
30 5 40 27
26 3 44 16
19 13 1 45
28 32 4 15
