50 72 12560 800
39 15 31 19
5 34 37 31
47 37 23 42
34 15 40 39
22 7 5 8
30 19 19 38
37 19 34 21
47 35 31 16
8 45 5 12
29 19 27 28
48 14 18 18
33 19 30 11
2 21 5 9
34 12 28 22
35 18 27 17
10 9 48 35
34 6 18 43
47 39 0 9
12 25 30 35
0 28 39 34
4 32 4 10
49 32 35 19
42 31 15 41
21 3 27 11
8 21 36 37
20 9 33 39
37 36 30 43
14 4 36 10
33 12 32 49
42 36 31 10
30 5 24 19
49 24 35 32
3 38 46 43
16 1 40 17
35 19 35 13
10 33 40 36
12 2 41 32
28 34 14 36
35 20 41 8
36 12 43 49
34 20 26 13
1 31 27 42
48 27 22 10
1 37 31 12
36 15 44 33
15 26 3 6
48 28 16 43
3 0 13 46
34 16 10 6
49 42 1 8
31 26 34 24
42 41 8 10
1 26 11 27
40 34 25 20
22 6 42 24
12 0 28 14
43 22 35 39
11 34 41 32
32 20 43 25
46 32 17 35
10 44 18 42
15 8 6 14
48 37 19 43
35 16 10 45
45 27 31 22
35 18 31 30
30 8 17 43
43 15 28 29
6 35 6 14
46 39 13 40
23 10 39 15
1 32 22 25
