50 65 13342 800
8 31 11 20
5 14 8 20
5 6 25 6
8 44 18 2
6 13 9 3
0 16 29 6
0 32 34 4
13 5 18 0
17 25 25 18
14 18 25 41
10 37 23 13
15 7 3 21
44 26 31 40
7 48 31 39
13 11 26 2
0 41 24 7
3 3 41 19
30 43 23 8
41 38 30 11
13 27 1 22
1 36 13 16
11 10 9 2
15 25 46 16
18 39 7 36
13 46 17 1
8 47 10 25
10 3 7 20
8 41 25 0
0 45 5 23
27 17 22 1
17 11 25 48
8 32 17 8
27 28 6 31
6 21 16 38
12 22 2 34
4 36 28 6
21 28 35 41
10 10 37 47
7 32 6 40
13 44 36 11
15 30 31 41
15 8 0 36
2 36 3 23
33 24 10 16
15 19 29 40
19 6 10 34
13 43 5 26
14 37 1 4
22 12 24 17
14 20 28 31
14 7 35 35
22 16 13 6
18 1 7 22
18 10 28 5
23 13 6 23
11 7 7 30
11 43 9 23
6 34 36 4
2 42 1 11
24 47 23 22
17 19 7 32
10 9 32 43
22 38 6 19
1 49 9 16
4 46 37 20
