50 261 18426 800
7 2 28 23
42 26 38 29
8 16 19 15
4 19 36 31
8 13 30 23
5 9 48 20
40 26 41 4
8 16 46 18
13 16 39 46
35 41 4 21
3 7 11 1
14 12 22 26
43 27 37 31
43 37 28 18
2 8 21 18
14 14 44 43
3 6 31 21
11 18 47 24
7 2 39 44
3 10 45 14
26 16 43 26
47 28 40 19
5 11 26 17
1 4 44 19
6 5 15 3
6 17 24 4
14 16 20 24
28 17 4 6
44 23 44 29
14 16 24 39
5 9 26 24
47 25 7 2
49 26 14 12
42 35 40 22
42 24 40 43
15 15 37 26
44 27 40 48
44 25 5 13
11 17 42 45
0 4 28 21
6 6 26 5
18 23 14 44
46 25 18 20
3 9 32 14
13 10 31 28
46 30 30 28
17 11 12 6
44 29 35 20
3 30 49 27
4 10 47 20
3 6 11 8
13 16 41 49
19 16 38 46
45 26 47 11
29 13 5 7
45 28 20 17
13 15 11 28
4 5 17 13
21 21 30 10
8 44 17 5
13 13 10 7
4 8 13 10
17 1 38 21
7 19 27 20
4 11 19 19
6 10 40 19
22 35 41 22
10 15 32 27
8 16 48 24
43 29 17 0
5 2 42 18
14 13 34 23
8 14 36 1
28 31 25 19
10 16 31 32
8 9 43 23
28 0 49 42
37 20 43 23
23 22 45 27
3 5 15 7
4 35 33 15
29 29 34 16
15 18 22 28
1 5 35 46
15 21 24 9
42 35 40 13
11 13 14 1
8 14 34 40
3 6 27 15
3 4 34 37
15 17 36 16
14 15 17 2
9 10 5 28
7 2 49 26
33 24 36 49
5 5 29 3
19 13 43 45
4 5 28 28
7 8 24 4
18 24 31 1
21 17 18 37
6 17 40 24
31 2 39 27
23 35 32 25
18 18 34 4
24 4 40 29
2 0 4 10
49 30 36 17
11 13 15 41
44 28 32 22
24 26 47 27
11 13 12 2
14 14 2 12
7 4 26 12
3 7 14 18
18 24 18 15
5 3 23 21
12 11 33 6
3 5 32 16
6 6 25 4
4 14 42 23
9 11 9 1
45 32 44 20
3 2 48 43
17 22 44 47
15 9 44 41
1 7 32 37
4 4 21 16
11 12 27 16
36 35 27 29
16 16 44 6
14 8 33 21
4 8 17 13
3 7 32 23
3 8 46 25
13 21 4 5
28 24 37 26
12 11 12 3
20 15 39 5
9 16 27 18
20 15 40 28
12 15 7 6
5 5 41 48
43 22 43 48
46 23 24 8
32 14 33 22
16 13 37 26
25 35 28 2
20 19 7 15
16 22 25 14
14 32 3 7
2 6 33 43
28 23 28 35
2 5 23 21
3 6 15 13
10 30 38 23
17 17 31 46
4 2 34 22
17 11 25 5
14 19 22 16
15 16 38 19
14 19 12 1
2 6 34 16
3 6 22 28
44 33 37 27
4 33 40 44
2 6 28 22
1 11 9 42
20 17 42 32
16 7 20 10
2 6 45 46
17 22 38 49
43 29 39 27
14 14 42 45
9 16 21 26
16 8 40 49
12 11 8 19
0 6 35 12
42 22 4 8
4 3 12 0
3 4 48 26
47 25 19 3
5 4 43 46
9 12 39 21
9 13 27 33
14 12 5 5
0 8 45 20
32 29 23 12
3 6 10 17
16 20 26 19
11 15 37 18
2 1 30 16
7 15 44 39
6 29 1 26
37 23 5 4
11 27 21 8
43 33 39 48
11 27 18 8
47 31 25 28
6 5 28 15
16 13 32 23
2 9 14 19
44 27 37 20
3 7 43 15
10 12 29 23
39 25 41 17
6 7 37 31
12 10 17 29
26 31 34 43
4 1 44 0
4 5 38 21
13 20 31 19
35 17 49 19
39 27 25 26
9 5 10 0
9 30 30 24
15 18 49 19
11 9 23 25
20 11 41 41
4 8 18 15
44 25 39 41
16 24 29 14
21 16 13 12
46 28 47 17
0 2 32 1
5 5 40 45
49 27 45 0
46 28 36 13
44 20 27 28
11 16 36 15
46 26 41 23
11 15 18 7
2 17 42 32
13 14 35 28
31 13 19 25
4 6 27 17
2 7 25 10
25 17 41 13
43 27 38 28
39 31 37 15
45 28 36 3
14 14 1 27
3 8 43 28
43 21 26 24
8 5 43 27
1 3 28 12
37 25 19 5
16 11 39 33
18 21 40 15
0 10 46 8
34 3 41 23
19 28 38 19
1 6 12 1
44 25 29 22
3 17 40 27
14 28 31 23
33 12 41 47
5 20 48 22
11 32 48 14
8 17 38 0
5 7 36 8
