50 211 18371 800
12 17 20 40
40 37 19 25
43 36 26 40
41 1 6 31
0 26 0 31
12 41 19 9
4 35 20 41
47 24 14 12
30 23 20 48
20 28 18 17
39 11 15 48
14 15 3 23
15 12 23 46
8 14 28 3
39 10 9 37
29 23 21 39
24 21 29 40
18 26 27 41
9 38 26 37
20 39 5 10
0 14 18 11
4 30 31 10
14 17 5 16
21 20 25 26
44 7 17 31
13 41 18 24
26 16 9 2
27 24 6 36
41 28 27 8
7 38 19 46
46 27 13 24
6 9 20 23
9 7 3 27
25 11 9 8
5 29 23 23
26 20 2 2
1 31 19 20
8 38 17 10
27 28 1 13
28 18 16 30
14 4 21 1
5 28 26 47
36 13 1 33
42 5 20 45
9 13 3 30
37 42 9 30
46 7 29 2
21 24 15 17
16 35 20 3
16 28 7 19
13 38 4 30
34 23 25 36
5 31 11 15
28 5 41 28
8 29 25 20
49 36 27 38
17 38 16 5
27 9 10 29
5 32 9 12
32 13 13 10
39 13 19 7
1 35 20 24
48 27 20 26
6 7 20 47
39 0 39 6
24 21 19 20
36 32 11 18
33 12 19 27
39 25 15 38
8 28 26 13
28 16 35 6
9 44 28 39
37 17 5 32
4 3 24 38
12 31 18 40
43 11 10 19
32 35 15 19
41 9 17 27
5 21 20 9
27 30 18 36
45 35 21 42
7 37 9 17
33 14 11 18
33 34 12 22
37 8 11 14
44 49 1 0
1 3 14 20
41 23 15 30
2 33 17 16
8 28 4 29
39 12 25 5
7 20 47 6
46 32 11 17
3 21 1 14
34 2 11 20
8 15 23 38
6 42 12 7
15 37 22 8
30 9 24 37
4 31 19 25
10 41 23 42
10 33 27 23
34 7 3 29
6 20 8 1
47 7 21 24
9 19 15 8
28 4 11 15
4 35 4 43
23 7 12 18
17 1 22 22
10 33 13 35
22 0 22 48
28 6 18 37
33 1 4 31
9 33 21 21
4 33 30 43
38 26 21 25
30 4 21 25
3 5 30 0
9 42 19 45
38 21 24 42
8 44 28 27
20 10 10 26
1 26 14 35
6 36 36 48
23 27 14 17
5 10 21 21
32 32 26 23
33 24 26 25
15 34 26 44
5 1 34 8
4 41 10 15
4 7 12 15
42 11 16 22
44 5 17 31
28 34 20 1
3 9 34 16
26 15 48 8
3 9 18 12
33 13 24 21
36 25 14 39
16 12 0 28
38 5 23 44
46 22 8 13
4 49 25 1
3 5 16 34
41 34 25 41
48 34 18 2
47 29 10 15
10 36 19 41
30 2 21 21
46 10 25 28
14 31 21 8
14 23 15 11
40 31 0 27
14 33 12 30
14 6 22 14
27 10 22 36
41 48 1 14
13 9 22 34
49 28 24 41
42 16 44 4
24 31 9 32
16 37 21 28
33 32 1 2
5 35 21 22
24 21 10 16
34 29 11 32
12 7 1 21
9 31 12 1
5 33 17 7
48 16 19 20
45 9 28 2
39 10 19 47
40 12 2 0
41 12 16 26
37 8 26 22
7 32 26 33
42 29 8 10
48 3 3 28
48 5 25 11
46 12 18 40
15 40 21 36
6 27 26 36
13 12 22 41
32 26 7 18
27 47 12 20
43 20 20 47
7 38 16 8
1 9 19 23
47 30 23 24
30 20 14 6
14 40 18 20
16 25 30 8
32 11 43 9
41 39 24 12
42 7 22 46
33 9 21 44
47 35 2 31
37 28 23 13
40 7 4 31
48 32 22 26
8 6 13 43
3 12 4 5
41 3 47 8
31 8 19 43
45 40 14 10
43 23 22 41
18 1 32 31
1 31 13 26
36 39 31 4
