50 70 19398 800
14 25 2 9
8 18 15 2
35 32 37 21
27 23 6 13
25 38 7 2
23 21 35 2
12 16 49 26
41 21 7 12
49 11 31 10
25 24 49 28
31 28 16 28
24 29 26 4
9 22 41 39
34 31 27 19
33 14 5 33
7 21 3 7
11 27 14 9
32 28 45 29
46 15 31 28
12 14 48 18
16 30 2 30
29 32 42 36
12 46 26 27
22 20 29 8
23 31 38 15
17 30 34 15
5 10 32 34
6 29 25 30
1 25 41 15
25 0 15 7
28 29 33 11
35 26 44 8
16 19 30 9
34 40 0 3
40 2 48 12
23 16 8 3
38 31 7 14
28 27 29 8
26 36 40 27
49 24 29 15
7 26 36 22
33 28 30 22
29 32 47 47
4 18 25 4
39 19 36 45
28 28 6 7
34 29 2 32
16 1 15 38
3 30 22 19
36 22 35 5
6 13 5 5
16 21 37 7
29 22 46 27
24 15 4 3
11 32 48 33
7 9 45 26
35 31 25 35
6 26 14 43
23 25 3 16
3 18 33 11
31 30 32 47
28 28 32 46
33 26 28 35
4 5 37 5
36 32 14 14
33 25 30 39
30 35 26 22
17 23 31 10
26 25 42 4
3 20 36 5
