50 69 15351 800
24 27 3 25
48 33 15 35
6 8 15 35
24 28 6 45
38 36 9 26
31 28 47 12
10 19 15 30
12 0 45 8
9 21 0 32
4 18 3 32
47 37 4 21
47 36 16 27
17 33 49 2
25 27 12 33
45 15 7 34
42 28 10 34
49 19 16 30
21 26 18 36
28 16 12 36
38 25 12 33
23 14 25 34
15 13 10 36
2 7 16 35
4 11 12 33
19 32 1 37
22 25 12 33
30 17 1 9
49 45 2 30
42 42 7 21
36 48 18 33
46 14 3 35
34 14 3 28
43 36 3 32
31 15 15 33
6 5 48 11
20 28 7 29
29 33 46 10
29 16 5 41
39 2 45 12
24 32 5 42
45 46 13 32
31 9 49 7
23 30 15 30
33 32 9 29
21 29 2 42
19 26 12 28
10 3 5 29
22 14 46 13
36 42 4 37
20 32 48 3
27 29 10 27
20 29 12 32
19 33 2 16
27 36 2 38
24 25 14 30
48 39 17 32
7 7 47 10
40 32 27 29
19 28 23 37
37 16 11 36
32 24 16 35
24 38 12 32
40 5 2 46
21 30 47 0
41 11 3 33
21 32 3 36
41 29 8 42
35 15 6 32
18 30 17 36
