50 110 12631 800
28 12 36 4
4 26 23 45
7 30 18 29
1 16 10 38
10 21 6 34
23 24 10 39
13 16 45 34
40 43 3 46
36 9 23 35
29 18 20 48
47 14 2 41
8 32 41 16
24 3 2 0
38 7 10 46
40 6 9 49
28 18 46 19
24 3 5 21
44 39 27 29
48 34 33 19
4 26 49 43
31 37 28 24
46 11 18 10
44 38 11 48
29 11 17 45
37 0 16 32
44 11 6 2
19 36 21 11
37 5 3 14
44 30 38 37
39 35 49 28
13 16 43 44
39 8 10 8
47 3 36 42
26 9 37 16
28 14 21 0
13 21 11 35
20 32 10 42
10 36 25 41
34 48 37 4
49 37 10 42
35 11 14 10
42 41 23 1
22 11 16 0
34 32 8 13
5 33 20 48
38 39 11 6
3 16 18 9
30 11 21 33
47 34 15 0
42 32 21 5
45 40 4 43
29 45 13 28
47 48 19 1
28 29 37 34
42 47 19 5
43 30 17 43
33 13 7 44
7 22 18 33
45 42 12 29
9 40 11 47
36 15 43 29
28 7 41 16
18 30 48 43
27 7 14 36
46 26 21 31
46 32 16 46
39 40 42 21
35 9 27 37
17 21 12 29
28 6 42 23
27 20 16 37
36 32 34 27
34 10 22 10
34 2 21 20
10 34 5 9
9 42 17 49
10 17 2 10
43 4 39 25
15 31 26 36
38 30 13 16
8 26 49 29
26 14 21 17
6 46 15 10
37 3 1 30
31 10 7 13
16 36 17 45
25 13 49 16
27 6 22 11
20 12 49 22
35 13 43 28
34 2 9 9
46 12 10 41
26 31 21 45
46 27 39 9
18 14 10 48
43 44 17 41
21 27 28 16
41 9 49 35
27 8 11 45
44 34 5 21
33 3 30 12
23 12 39 26
46 9 23 7
40 30 39 25
11 18 16 11
17 27 8 5
41 34 41 27
25 20 11 18
25 19 14 3
4 26 13 30
