50 454 19944 800
6 6 27 6
46 24 7 24
31 30 41 36
38 10 4 31
13 45 43 31
41 24 34 5
4 2 1 19
31 13 21 25
43 24 34 17
37 13 46 16
17 10 9 18
47 37 16 11
24 17 12 16
23 38 30 25
2 2 17 15
32 15 5 24
39 17 7 4
25 33 5 38
18 3 2 20
37 16 45 29
2 36 44 4
14 30 34 41
45 37 15 33
7 41 28 13
34 46 12 24
15 33 0 21
20 26 15 34
34 13 2 24
33 42 2 29
17 18 31 40
46 14 6 17
26 4 24 40
36 42 33 45
32 12 45 31
45 16 29 27
35 41 45 47
9 1 24 34
34 25 39 23
45 29 27 39
26 23 5 14
21 15 6 24
35 22 2 33
12 43 46 7
17 36 48 35
5 27 26 33
22 27 3 23
29 37 5 10
34 7 3 23
30 11 26 1
42 25 14 32
0 11 14 30
44 18 6 17
20 14 20 35
16 42 2 26
31 17 45 33
6 32 0 29
35 14 40 11
37 33 35 19
12 30 16 36
4 34 19 26
31 24 15 9
0 0 30 36
41 48 29 49
29 9 40 46
16 45 16 36
44 30 7 22
29 10 41 20
24 5 14 19
3 5 15 40
2 2 48 18
29 14 15 46
23 12 32 35
8 42 5 30
3 38 49 11
40 18 1 5
13 38 9 35
48 16 42 44
40 27 47 15
30 7 6 23
46 21 40 24
15 17 40 9
7 39 49 30
1 0 2 26
39 46 42 36
5 10 30 16
26 36 43 2
20 19 31 49
0 1 2 29
42 37 2 46
14 38 33 24
29 38 45 42
5 31 24 18
45 32 0 24
14 46 9 23
41 46 5 11
30 28 15 17
26 0 49 12
18 15 41 28
3 42 46 32
3 2 41 31
33 3 9 20
28 24 48 24
34 27 3 22
47 14 19 15
9 7 42 48
5 45 7 39
8 39 10 23
37 16 41 14
20 46 45 13
18 27 29 33
6 2 30 19
39 15 21 15
33 12 39 7
15 23 32 29
42 39 6 36
5 1 40 22
17 8 10 35
26 30 36 8
26 25 28 1
6 28 43 26
37 49 47 38
21 7 5 23
27 13 13 38
35 23 40 49
43 29 46 41
49 28 1 24
33 3 3 10
25 22 18 11
43 23 30 28
23 13 46 29
32 5 22 18
47 1 4 23
2 0 28 14
39 22 2 21
3 14 3 3
37 43 48 20
24 0 39 24
47 43 33 18
39 41 37 31
33 47 45 24
37 28 8 15
32 48 14 32
46 6 2 36
5 3 38 13
48 10 3 33
8 8 4 24
26 38 18 39
19 0 13 38
24 37 7 31
31 6 18 27
35 31 27 23
44 37 6 27
29 13 6 22
42 13 26 22
12 43 25 16
15 28 17 39
44 43 6 26
17 34 25 23
44 31 40 39
7 3 0 22
40 18 37 21
36 9 21 20
32 9 6 12
13 37 24 37
35 48 27 34
23 39 48 32
11 31 30 16
28 7 5 14
5 32 7 24
17 29 44 22
43 37 37 29
31 12 5 28
18 22 32 19
22 27 44 29
4 1 7 10
38 22 24 44
20 39 3 28
41 49 2 25
28 14 20 18
42 25 16 37
28 7 12 32
9 35 8 22
15 34 46 44
48 23 19 46
32 15 8 45
35 13 0 22
0 17 5 26
14 21 36 33
39 31 13 35
1 40 44 36
34 11 6 26
39 24 4 32
43 15 9 15
9 35 46 23
25 6 19 13
42 22 42 7
34 18 43 5
3 13 42 20
43 24 0 24
39 8 21 46
24 20 31 19
38 20 42 43
12 34 29 16
31 36 37 40
45 35 19 40
27 14 2 39
31 25 43 39
33 15 43 19
40 30 14 25
45 29 14 15
19 41 7 27
44 34 8 25
26 20 42 35
42 40 36 45
42 15 15 23
27 12 40 37
28 31 22 19
36 23 34 7
5 36 2 32
17 3 46 29
21 37 0 41
30 17 18 19
34 22 44 26
45 36 3 19
26 16 49 18
31 5 43 14
29 12 2 23
16 6 30 45
47 17 8 21
48 44 18 34
34 8 7 14
42 38 14 38
4 5 36 20
13 2 2 28
12 40 42 18
46 25 45 34
10 28 23 43
8 40 27 23
1 3 49 8
43 16 40 33
12 26 19 33
15 47 15 39
11 43 47 14
29 3 2 22
40 20 42 4
2 0 7 7
9 27 47 19
27 9 12 12
32 41 30 37
45 23 47 39
41 15 46 13
17 36 3 18
45 42 38 10
12 12 4 33
22 35 21 27
37 10 9 28
15 24 23 36
28 16 27 0
35 10 21 10
44 9 9 5
15 12 38 42
32 1 7 41
4 27 37 45
11 43 1 17
39 48 0 24
7 0 9 35
16 35 4 17
48 19 16 9
45 8 41 24
27 17 18 28
27 14 10 4
8 30 15 44
4 29 30 17
34 45 7 23
14 22 26 41
32 47 49 20
32 14 45 48
34 36 8 21
17 5 12 9
48 42 5 17
23 13 32 43
18 42 36 31
25 15 38 33
46 34 18 19
5 0 5 12
1 30 13 32
6 42 12 26
15 45 13 36
18 17 39 9
35 22 1 18
20 41 44 47
35 48 7 33
41 38 4 0
15 44 40 45
33 11 7 23
22 18 48 25
21 4 13 21
43 1 13 12
41 18 44 10
9 15 6 21
36 45 29 30
40 2 46 26
32 13 10 40
35 9 20 15
4 16 5 23
4 46 20 39
7 2 38 37
36 41 42 35
17 5 31 32
13 11 5 28
4 0 13 42
17 29 12 36
41 13 3 25
44 19 41 4
43 48 39 39
2 35 0 26
9 32 2 31
30 17 13 11
46 0 24 34
4 28 34 7
21 27 36 26
46 11 16 36
46 27 13 40
21 14 19 40
46 34 1 25
3 1 16 30
12 3 30 43
20 14 10 30
12 26 39 1
3 5 42 22
25 27 43 47
43 14 42 45
13 5 19 35
7 49 48 7
10 33 1 29
1 43 0 19
31 18 40 12
36 16 13 7
31 34 44 29
18 12 34 31
19 41 13 19
8 37 15 41
39 46 6 42
15 42 46 24
48 47 29 27
24 15 3 22
41 4 4 25
26 11 23 15
44 23 9 28
45 29 36 19
3 36 26 20
38 42 46 8
35 23 11 16
24 11 24 17
31 10 17 36
36 47 39 24
32 28 4 22
40 25 39 29
35 29 8 24
14 44 7 27
10 11 45 24
8 47 2 33
22 9 13 46
41 49 36 29
40 26 14 38
34 24 47 22
4 48 19 15
38 1 45 26
36 20 48 10
17 43 35 36
32 23 18 40
3 5 32 14
32 28 4 26
23 41 2 25
10 8 39 25
20 32 2 21
16 37 33 37
45 1 15 18
32 46 45 31
26 21 44 10
18 38 47 11
8 26 13 30
7 4 0 14
7 6 16 35
14 29 34 18
47 27 9 38
22 25 13 35
18 41 34 39
5 17 21 36
44 29 49 26
31 36 15 28
26 31 39 44
11 32 41 38
37 47 17 38
27 31 19 27
43 41 33 8
34 48 44 23
9 39 42 38
5 2 2 25
30 25 12 10
31 21 31 29
34 47 42 39
28 48 27 22
8 2 5 37
21 17 34 34
43 18 9 17
43 41 21 30
46 33 35 23
3 34 38 9
9 19 23 11
7 0 16 7
2 49 49 23
6 33 45 30
36 5 9 40
5 42 5 22
16 35 0 4
22 19 13 21
3 19 48 26
22 3 34 38
5 30 10 47
30 46 6 19
45 9 2 19
42 37 1 32
18 33 30 24
10 29 10 5
2 27 2 11
12 30 5 14
46 23 43 13
48 38 4 22
30 9 3 25
46 26 5 14
14 49 2 28
36 8 39 27
43 34 33 17
45 23 33 43
34 14 47 27
6 35 41 22
8 34 48 47
7 31 36 22
11 22 43 30
9 32 32 13
34 17 40 34
32 13 18 32
46 11 12 18
23 11 17 33
17 25 26 24
15 5 28 19
3 17 19 34
0 10 11 40
32 22 44 5
26 18 47 41
38 14 48 46
36 14 41 6
10 34 48 49
