50 707 13589 800
48 17 36 34
34 49 5 13
8 4 29 48
11 42 48 25
32 32 12 6
30 42 26 8
10 21 37 38
28 26 45 28
10 46 35 7
39 34 2 4
43 20 16 10
20 3 25 42
23 37 22 20
22 7 47 11
16 19 42 36
11 48 47 24
10 47 42 17
14 47 33 5
13 49 12 11
11 45 44 29
2 36 44 31
23 24 49 22
17 18 43 24
6 36 47 23
15 34 9 25
11 46 32 32
17 41 29 18
10 48 22 12
4 38 48 23
29 43 10 11
36 29 45 29
11 18 18 4
44 9 45 24
28 38 41 20
16 25 39 23
10 46 47 24
32 33 14 5
28 27 27 22
10 46 35 8
22 26 49 23
15 36 9 23
37 32 37 37
15 46 37 27
22 17 47 27
14 21 28 30
34 21 21 39
39 34 44 22
28 40 15 34
26 22 16 24
34 29 43 24
12 48 19 13
34 31 14 28
10 45 44 22
11 46 21 13
20 15 49 1
10 48 34 17
13 48 21 19
8 48 39 28
18 16 43 13
16 21 28 15
13 45 39 10
44 0 15 4
46 9 22 2
11 47 32 21
16 28 26 33
24 14 43 22
48 29 11 26
32 45 38 32
28 6 1 12
37 43 25 22
18 20 43 20
27 19 44 19
24 2 37 32
37 31 15 6
24 20 39 42
20 18 15 17
20 15 44 22
14 46 28 32
18 15 9 17
31 46 17 7
30 49 38 4
46 43 38 29
44 28 30 8
15 13 13 20
38 27 7 33
19 38 48 9
23 22 41 25
12 48 9 14
19 22 32 32
22 22 36 27
17 28 24 20
40 17 47 25
9 46 23 30
29 20 43 28
24 15 17 4
31 49 43 27
33 48 42 7
34 48 38 22
21 24 24 9
14 45 1 12
26 46 33 2
8 4 32 30
18 43 39 22
44 5 37 37
10 47 31 16
12 34 11 10
14 3 13 8
40 40 37 17
38 37 43 21
15 26 43 22
10 40 23 33
22 12 49 21
18 35 44 21
35 18 49 27
11 10 44 28
20 13 17 10
21 40 2 6
32 34 30 18
34 27 33 41
11 46 48 23
10 43 27 15
11 47 15 22
33 43 24 0
48 10 36 23
39 43 45 26
11 48 48 25
7 46 48 24
17 20 19 11
31 40 6 14
12 13 35 3
24 6 48 16
34 48 16 18
34 46 43 28
33 48 23 21
37 25 46 22
19 20 44 31
40 30 36 11
17 24 41 1
13 16 44 0
10 25 22 7
14 21 17 25
34 1 8 2
48 17 33 13
9 45 25 15
38 28 18 16
27 47 12 6
21 18 11 0
7 47 11 10
22 11 26 28
19 23 47 24
12 11 34 11
24 14 12 9
26 48 43 27
27 10 44 41
17 40 44 29
4 1 10 6
31 6 27 11
26 21 14 7
14 23 31 26
9 49 20 15
15 20 8 12
33 5 25 35
18 26 36 40
9 33 44 9
24 36 5 27
14 13 37 24
24 28 43 25
12 38 43 25
28 47 9 11
19 10 49 31
32 42 14 26
16 17 41 25
12 49 10 18
18 36 3 22
13 23 9 9
9 49 30 37
14 26 38 0
46 9 13 10
39 30 13 41
3 46 43 23
27 48 25 8
39 30 37 43
1 8 16 16
48 13 27 22
11 48 10 18
5 19 33 4
11 29 48 16
17 17 22 6
26 7 48 13
31 15 13 8
22 24 13 18
11 49 35 4
11 39 45 20
17 20 38 0
17 28 3 11
18 20 18 3
30 42 47 34
36 31 30 11
33 31 30 40
31 2 25 24
27 25 46 27
32 43 33 33
31 46 14 16
15 43 10 11
21 25 44 32
30 13 40 13
5 27 21 25
38 33 39 2
38 8 38 28
35 32 47 21
15 38 19 40
18 25 46 25
8 7 27 10
34 48 13 19
16 13 4 29
25 4 13 15
22 14 14 5
9 47 35 13
3 44 31 18
29 44 14 6
10 35 15 3
17 14 14 48
21 16 15 42
20 19 9 40
27 19 44 24
21 41 28 9
37 34 19 36
7 47 25 19
33 31 44 23
18 23 19 9
21 18 11 15
29 26 34 39
6 14 33 16
9 47 46 16
0 45 39 22
10 1 27 9
12 49 19 19
41 38 43 19
8 46 42 33
23 26 20 40
31 17 20 10
45 41 12 10
5 47 34 7
27 22 16 32
44 19 20 13
29 49 49 19
13 47 20 1
14 46 32 25
34 32 33 26
43 10 38 8
20 43 42 17
38 16 10 1
6 48 24 8
22 47 33 18
28 4 43 29
10 49 25 9
29 7 38 9
22 9 36 1
32 31 19 1
35 47 46 21
12 45 47 24
10 41 34 13
26 48 21 0
36 29 37 21
40 8 40 25
14 7 29 15
33 43 24 20
17 32 37 32
19 18 23 10
37 34 45 27
14 27 1 7
0 31 27 11
29 11 5 21
44 25 29 18
33 33 43 27
24 38 28 6
20 22 4 19
22 21 15 10
36 48 27 14
39 28 46 40
34 40 16 28
6 49 40 27
25 38 5 17
36 30 47 30
37 12 21 8
29 15 19 14
12 29 13 2
15 47 6 6
33 20 43 0
16 35 44 28
42 27 15 19
14 41 49 26
24 26 47 7
27 24 18 11
12 48 16 8
11 45 9 22
35 32 28 23
37 44 40 22
23 15 43 6
34 32 34 41
9 47 18 12
7 37 6 7
9 48 25 8
19 15 9 7
31 43 16 33
19 17 43 21
12 46 25 22
10 48 25 6
35 42 7 29
46 12 21 30
20 6 48 38
6 0 15 29
17 21 35 20
30 47 38 10
10 47 31 19
28 35 12 41
26 3 39 0
19 17 33 5
47 10 24 19
44 15 47 22
11 29 32 9
37 36 42 30
24 49 41 7
5 49 6 27
40 26 24 28
10 47 44 10
29 27 14 10
15 22 9 0
18 31 17 6
12 31 27 15
19 17 23 3
13 38 28 22
11 46 47 22
34 41 38 18
11 48 44 23
16 30 41 27
20 10 43 1
12 32 30 44
33 44 39 17
32 49 25 3
25 44 24 24
9 47 42 22
35 34 47 8
18 30 7 21
8 45 46 28
17 22 16 14
32 45 48 30
22 15 16 16
40 49 40 27
18 32 44 30
10 44 22 10
22 26 23 21
37 33 7 24
25 22 1 2
38 35 14 24
42 18 15 17
39 44 14 13
40 42 26 18
34 35 39 23
49 20 46 29
15 42 32 38
37 31 42 42
20 3 44 21
38 33 29 5
30 49 19 10
10 48 12 13
37 29 48 25
41 44 45 18
15 48 49 41
29 3 32 19
35 30 49 35
24 25 38 2
43 32 41 21
19 25 34 23
20 46 15 38
15 18 49 28
5 6 27 14
8 48 1 18
17 22 49 34
4 24 22 26
33 49 34 7
26 23 37 27
24 10 24 24
22 42 9 15
34 37 33 17
44 29 27 18
9 37 26 8
8 8 10 17
21 19 8 25
16 18 3 23
22 17 42 5
30 10 37 26
31 48 37 32
37 29 30 17
30 41 11 9
17 8 44 27
11 49 20 44
35 41 20 21
37 27 45 43
10 47 44 1
12 26 42 24
18 23 24 20
35 34 16 3
11 47 33 2
22 21 9 34
27 13 35 28
19 26 42 32
10 47 25 36
12 49 32 18
12 49 24 9
27 37 40 9
2 33 47 28
39 31 25 30
35 48 21 26
9 46 37 12
32 29 23 26
13 46 44 25
24 8 21 2
3 6 8 32
15 0 8 19
18 42 16 0
13 24 44 0
33 29 37 8
37 30 19 8
21 22 43 22
34 33 39 12
6 24 42 18
12 43 42 21
28 8 35 31
12 25 43 26
21 37 39 30
12 48 46 6
11 47 12 18
31 31 43 25
27 11 26 16
13 28 42 27
33 49 30 39
40 43 38 26
28 30 37 20
9 49 18 24
20 26 39 24
15 19 43 39
19 24 16 4
25 22 18 28
45 13 23 22
22 38 5 11
21 46 49 20
27 35 46 21
21 22 33 28
6 46 43 25
49 14 44 8
43 48 29 16
28 43 8 13
26 18 5 13
18 27 38 25
43 7 19 13
42 10 11 6
34 36 32 22
16 34 28 3
7 47 44 26
24 16 43 24
14 46 41 18
37 33 16 23
24 24 45 25
17 24 33 10
14 34 47 20
39 41 26 8
4 34 16 24
17 45 46 32
24 24 16 0
36 42 23 42
26 16 5 12
36 33 31 10
30 49 45 13
29 10 21 22
27 22 2 24
13 49 46 18
44 47 49 18
32 14 13 0
18 13 13 4
4 46 14 7
4 19 44 25
35 29 42 26
35 33 14 33
17 24 41 30
30 8 23 7
10 47 31 10
34 35 37 10
31 45 7 0
49 29 15 10
8 47 46 16
18 16 30 1
7 42 33 13
10 49 4 14
37 48 44 2
14 44 23 31
15 24 46 24
12 40 32 25
3 43 43 20
17 9 44 22
22 19 23 11
31 32 38 26
14 8 5 3
18 8 17 20
16 26 16 17
48 13 24 1
26 36 43 17
16 34 40 24
21 8 18 2
37 34 22 23
38 34 35 17
34 32 40 4
12 40 41 17
17 47 14 11
18 27 35 27
11 46 21 21
34 35 49 31
27 42 13 17
14 21 37 15
23 32 6 12
32 40 39 17
12 49 28 1
38 29 26 9
20 6 46 27
39 44 27 39
31 47 13 27
33 43 42 10
22 9 41 33
28 1 25 7
19 37 36 23
40 26 43 22
15 26 37 11
11 47 15 2
12 48 2 2
35 17 43 26
32 31 45 27
10 46 6 19
39 3 38 22
42 33 43 23
47 10 21 14
32 32 43 20
23 8 12 20
35 29 13 12
24 21 27 38
34 42 39 17
13 41 27 17
12 13 35 27
18 21 28 10
44 9 46 27
21 19 16 30
23 21 35 29
29 48 18 9
19 21 23 7
24 31 32 10
45 10 47 19
44 24 32 2
15 37 45 23
49 12 43 13
34 29 0 34
46 24 14 12
8 48 8 3
12 26 45 38
11 46 9 28
11 45 30 18
17 6 3 1
7 13 49 28
25 18 48 30
27 20 20 11
23 41 3 2
21 21 7 22
39 43 48 15
30 8 10 18
35 2 38 6
11 49 30 43
10 47 29 18
22 25 26 3
30 45 23 33
19 12 29 38
24 16 14 7
25 3 45 29
44 46 24 7
39 33 29 32
38 38 44 28
13 23 41 16
25 30 22 0
17 42 30 30
27 26 20 49
6 31 32 40
34 40 15 15
13 47 31 25
12 16 17 11
48 11 14 17
8 46 12 27
40 47 38 27
38 24 48 25
12 45 45 22
30 40 20 27
48 12 37 5
46 40 41 37
45 19 41 29
34 34 47 23
15 41 38 6
32 7 11 20
24 37 32 21
14 46 16 14
14 15 35 25
22 31 35 4
32 6 17 15
34 35 27 31
33 48 40 31
20 25 38 36
35 46 30 28
42 47 25 5
32 30 33 4
47 11 18 33
38 30 24 18
42 3 35 38
21 25 33 3
12 46 13 1
5 10 16 8
20 23 26 8
30 2 29 30
22 23 10 23
9 8 36 10
22 29 44 27
3 44 3 12
9 35 30 9
27 44 43 29
28 20 12 22
11 11 33 32
35 39 31 13
21 31 0 9
22 14 26 30
19 24 22 21
14 24 18 1
22 20 31 28
22 44 7 25
18 24 20 31
35 30 44 13
17 2 35 7
17 25 44 21
36 9 22 34
37 28 42 41
29 0 21 44
16 8 4 35
22 42 10 24
4 34 9 18
11 46 16 21
4 24 2 13
34 6 45 25
5 33 38 6
46 20 26 44
18 26 14 25
24 22 27 4
25 32 40 24
35 44 14 15
35 10 45 10
31 39 32 17
18 26 28 17
16 23 29 22
36 36 8 3
14 47 7 5
34 31 26 2
13 1 24 24
22 28 16 9
22 7 46 23
35 13 10 25
17 26 12 34
19 2 26 8
11 48 45 10
43 7 26 36
30 21 23 28
25 3 21 11
37 45 23 15
49 7 45 19
16 33 22 49
26 24 35 19
27 47 27 24
24 17 41 32
18 29 25 12
23 21 48 37
12 40 45 20
37 4 31 21
43 40 43 26
48 13 43 20
1 0 31 33
22 44 45 7
28 26 39 22
16 39 26 22
18 21 38 21
32 38 14 30
47 4 37 25
32 43 42 24
11 4 40 16
11 48 39 10
32 48 43 23
45 5 37 7
36 36 14 1
16 25 28 21
13 48 10 29
28 47 30 13
15 22 18 8
38 33 2 16
13 13 20 6
23 33 2 16
31 9 8 7
21 41 30 5
