50 427 13172 800
29 11 14 6
20 18 22 2
21 2 10 10
8 3 24 20
16 15 30 44
8 47 42 10
25 12 8 14
23 10 46 6
29 22 11 9
4 21 25 21
19 15 42 7
4 44 38 7
28 7 35 43
28 24 39 19
36 24 27 22
32 39 27 13
36 9 6 20
6 25 33 34
26 10 41 12
24 35 48 34
22 6 35 15
11 16 38 9
26 16 43 0
21 13 39 6
29 16 40 9
15 0 44 6
21 17 40 4
31 27 44 7
26 12 30 9
19 15 33 6
29 17 2 23
34 27 36 42
13 48 44 42
26 6 45 13
12 18 0 14
36 30 34 40
26 11 27 18
28 19 5 13
38 14 28 17
27 13 42 4
10 31 23 30
32 17 23 28
37 7 18 4
31 9 29 2
19 19 47 12
16 5 4 16
28 16 49 3
27 12 39 8
30 34 43 10
19 18 46 18
11 33 4 16
38 8 37 48
25 6 41 8
35 16 1 23
32 14 32 3
25 8 40 14
39 11 4 18
31 17 47 0
27 8 35 17
32 14 38 11
25 12 45 16
23 18 36 16
7 18 44 9
17 37 5 25
42 25 42 7
35 48 40 11
11 42 35 28
27 12 39 35
0 22 40 2
11 46 47 11
14 30 1 20
11 29 1 6
9 36 41 9
3 24 37 10
6 32 7 11
31 13 47 14
30 10 2 22
7 7 11 16
47 29 44 6
48 24 44 15
1 0 23 4
12 41 8 11
12 49 41 10
7 18 34 12
31 3 39 6
32 16 4 24
41 29 42 10
48 34 40 8
15 21 32 3
28 18 8 14
28 49 39 0
13 30 44 39
23 2 44 44
28 29 43 11
38 19 3 20
11 13 46 7
14 12 2 5
19 17 8 12
21 16 36 5
31 25 31 31
36 15 11 8
24 20 32 27
35 36 48 10
36 24 34 8
6 5 38 17
30 15 45 14
27 11 11 14
13 19 39 5
18 3 48 36
26 14 37 3
38 22 35 43
45 13 43 8
38 2 7 8
24 6 13 22
13 14 1 8
14 12 35 4
12 49 5 13
44 25 36 31
26 4 28 10
42 19 38 10
19 22 44 20
21 16 40 2
27 28 41 6
8 22 12 30
28 18 46 3
29 8 40 13
30 16 34 26
26 20 13 31
14 48 16 11
16 22 41 10
20 23 32 11
11 21 13 6
9 33 41 3
12 43 47 18
44 6 0 10
28 47 33 7
30 30 40 14
29 16 31 44
28 9 37 6
18 38 41 6
18 25 40 30
6 5 48 11
15 34 35 10
27 12 41 5
5 3 43 7
28 13 40 7
24 30 26 11
10 26 42 6
29 5 26 2
18 6 29 14
19 38 42 0
16 31 6 23
31 14 1 32
2 16 7 25
3 25 26 14
6 43 41 5
33 15 8 15
27 24 23 12
15 27 34 7
28 26 29 42
16 27 41 3
21 6 32 28
20 14 30 0
33 15 40 37
15 6 39 32
6 23 29 41
22 41 21 20
20 44 15 20
20 19 40 8
23 3 20 7
1 14 25 6
25 2 43 16
25 16 49 18
40 22 40 9
25 21 33 35
18 5 22 25
25 14 5 23
25 3 29 16
35 13 8 27
16 3 36 0
19 49 44 43
27 17 17 14
19 27 37 7
26 15 43 13
19 38 34 37
25 17 43 41
6 8 30 12
25 14 40 8
26 41 32 9
15 19 23 36
19 0 9 6
30 13 41 8
18 41 34 29
35 20 4 8
22 11 34 1
32 31 40 9
5 34 29 36
26 30 37 20
25 17 40 4
32 20 13 16
15 15 46 39
16 22 48 30
16 31 42 7
19 24 2 12
2 26 6 20
25 15 41 8
18 25 40 19
35 30 25 25
14 21 41 20
30 26 0 9
10 27 34 7
22 16 31 40
35 35 35 27
48 10 26 44
3 4 47 1
5 33 28 3
15 17 20 8
28 37 43 10
18 25 11 17
16 36 41 7
14 18 35 12
31 23 40 6
36 30 40 1
19 16 2 21
24 14 32 27
31 20 39 0
22 1 36 18
39 12 40 3
9 41 40 29
31 26 39 9
21 14 4 15
28 17 35 7
34 23 37 7
30 11 4 17
11 9 3 28
35 13 5 20
32 14 17 14
33 36 33 30
15 36 4 20
14 41 39 12
11 13 2 24
12 22 49 11
23 10 37 7
14 7 45 17
27 28 26 46
38 26 18 10
7 36 25 48
28 6 35 9
19 27 9 14
23 28 4 21
7 29 49 4
14 10 45 10
36 4 13 19
1 42 43 23
25 8 18 9
27 24 4 18
0 20 35 48
32 39 37 12
33 17 39 8
4 4 35 14
14 37 36 14
25 13 11 20
22 24 34 8
34 27 34 14
17 26 32 14
30 12 22 9
17 32 44 24
23 16 12 19
22 33 40 4
45 42 14 0
14 44 21 4
0 40 43 32
12 15 49 44
10 40 40 8
22 19 38 6
27 14 38 8
33 12 2 26
22 4 37 2
19 5 38 9
27 39 42 31
30 4 37 14
22 21 31 32
10 29 5 23
20 22 45 16
9 21 39 2
33 25 32 21
25 12 48 13
34 16 36 8
19 13 49 22
9 25 39 38
33 11 37 15
7 23 31 15
5 12 36 14
25 27 21 5
24 14 22 36
26 31 30 48
27 17 9 17
23 47 47 16
32 12 46 35
12 21 46 28
18 18 9 17
29 7 3 12
26 6 16 11
32 18 2 20
29 15 39 10
35 36 39 34
6 48 28 17
23 27 23 7
5 42 11 0
16 8 28 7
41 21 35 4
9 47 39 9
17 11 43 6
31 4 37 11
21 19 5 9
12 22 9 0
13 20 8 11
3 23 40 17
32 29 41 16
8 26 49 6
16 20 41 8
26 14 32 24
17 40 9 4
32 13 45 8
16 9 42 12
20 20 25 11
25 23 6 28
1 18 12 3
16 10 43 13
28 8 41 44
37 18 35 49
20 21 49 39
35 23 44 2
20 29 43 9
9 45 12 27
22 18 39 7
29 10 23 16
30 36 44 6
17 11 38 5
25 17 11 5
31 15 13 20
26 15 0 11
30 16 48 35
29 9 38 14
29 26 42 15
38 18 8 15
19 43 31 18
30 11 46 8
31 6 42 13
9 34 41 12
29 0 41 19
32 13 40 3
23 23 48 14
24 14 24 21
24 33 2 24
23 16 36 11
18 18 29 41
9 38 41 4
45 18 12 7
2 34 41 48
21 15 27 37
18 47 18 26
5 21 8 6
12 27 39 13
5 9 31 22
8 21 36 41
27 32 45 9
20 36 47 23
6 36 11 1
10 28 37 11
33 21 31 5
16 22 37 11
36 21 39 7
7 2 41 4
24 12 32 47
18 29 7 15
14 5 40 23
16 46 47 12
35 21 19 34
30 17 32 11
9 26 35 11
35 8 49 3
34 9 45 2
25 27 30 21
24 19 49 45
36 15 43 13
45 3 3 4
30 1 42 37
18 16 38 13
26 23 29 35
26 21 45 12
11 41 37 11
20 13 33 10
38 42 5 16
27 17 10 8
28 9 32 11
33 23 18 23
12 20 33 8
26 11 15 3
27 13 4 0
27 30 32 10
28 12 28 2
1 33 21 33
27 24 40 5
3 22 26 10
7 25 14 16
14 34 31 6
19 26 37 6
29 23 33 17
7 33 1 16
14 35 3 24
25 8 38 10
27 26 49 21
28 9 43 7
21 22 36 10
12 36 38 8
30 13 6 21
26 12 35 29
4 45 44 13
5 19 32 28
15 45 35 44
15 18 6 2
21 20 1 16
28 10 32 33
1 39 30 18
29 22 16 11
15 31 14 10
