50 480 18308 800
2 12 29 26
33 24 39 9
31 2 25 16
39 31 27 21
15 34 49 17
32 2 2 6
47 40 41 17
24 38 25 16
9 41 35 27
3 16 18 21
32 21 38 24
15 37 21 6
29 38 27 23
43 34 39 38
39 10 40 22
21 34 20 6
35 46 41 14
31 38 0 0
21 35 48 32
20 42 4 10
40 47 24 8
11 8 30 23
37 23 47 18
42 8 30 24
18 21 38 24
43 26 24 29
34 30 17 30
23 35 38 35
38 8 48 33
39 4 42 46
45 32 31 20
38 33 46 14
24 32 36 32
14 12 4 13
21 45 32 29
20 33 45 35
19 6 44 31
33 47 20 7
37 27 20 4
38 6 20 2
27 38 19 9
37 21 44 13
32 5 28 17
22 23 40 8
36 26 33 11
32 38 26 20
39 9 49 17
49 23 39 7
16 33 21 9
37 7 47 38
9 35 47 37
17 24 42 12
11 39 2 14
37 23 37 15
18 21 0 15
19 25 9 6
26 27 36 19
49 8 15 18
24 20 46 16
37 16 14 4
45 11 42 23
24 16 31 22
35 27 24 9
36 9 3 3
43 8 2 10
13 40 49 15
43 15 38 9
28 38 48 43
20 31 29 13
26 49 30 17
36 7 28 13
27 39 24 26
36 19 41 48
26 8 42 17
34 15 38 27
28 23 45 12
6 30 9 12
24 16 18 18
43 35 21 3
6 10 16 15
33 8 39 14
32 24 18 22
25 40 39 17
15 47 24 28
35 11 22 4
40 45 22 6
26 0 46 11
38 8 26 14
37 9 29 20
33 25 32 38
0 29 36 24
42 7 29 30
32 24 46 33
11 44 31 27
11 35 46 36
17 29 33 13
36 18 19 12
19 44 32 0
35 34 30 16
17 19 43 35
40 25 16 10
44 27 41 19
25 46 25 15
19 38 41 19
24 25 32 9
20 29 45 35
29 34 45 12
19 29 30 9
40 6 3 16
12 38 41 26
35 21 0 15
34 21 34 4
42 49 27 8
22 29 38 12
10 26 46 36
27 41 28 24
41 5 38 28
27 39 42 28
14 40 40 38
33 6 40 30
6 30 35 15
18 38 2 13
37 5 40 37
38 26 41 12
40 3 48 7
41 41 44 13
24 35 34 27
40 11 29 11
5 22 32 7
32 22 1 12
16 1 48 35
13 24 47 34
3 38 17 8
42 26 34 7
9 33 48 41
35 40 40 17
17 1 24 17
27 37 44 15
45 22 25 1
16 28 22 23
36 4 41 9
36 5 28 1
35 24 7 12
21 28 42 27
7 23 44 31
13 37 49 38
19 46 37 10
35 23 46 25
24 31 27 24
13 40 44 11
3 43 33 23
21 35 7 8
44 34 45 48
3 12 20 7
26 37 46 34
38 10 27 10
20 8 27 24
22 25 46 37
21 8 0 12
42 23 25 15
31 35 32 11
28 20 13 2
34 42 42 9
11 30 27 18
22 40 33 12
19 49 42 10
31 0 16 28
12 39 43 38
35 23 24 31
36 30 39 35
39 25 43 34
40 9 40 42
43 12 14 13
15 30 30 12
41 21 6 1
37 5 19 15
18 13 39 8
13 32 34 30
34 28 34 14
23 36 31 8
42 7 39 44
32 21 44 32
29 35 40 27
29 23 38 18
28 30 20 11
39 9 34 6
30 31 36 2
42 25 34 21
31 15 34 28
22 31 30 5
34 29 48 29
25 21 40 28
32 11 46 33
12 31 39 31
13 1 47 5
45 37 49 21
40 8 27 33
32 21 27 1
33 39 17 13
8 10 41 24
37 20 44 21
32 35 43 6
46 30 20 7
34 20 39 29
36 23 49 13
37 36 31 30
33 30 33 38
48 24 46 33
18 32 45 43
23 42 23 37
41 36 9 16
36 23 40 22
42 37 28 13
28 19 26 10
48 5 22 29
17 30 40 38
17 34 39 29
25 41 4 9
34 33 25 19
37 12 18 6
24 13 3 9
8 6 48 41
36 20 42 20
16 20 42 47
29 42 43 33
25 29 27 11
39 11 28 4
12 26 44 41
32 23 29 26
11 29 15 7
42 15 45 35
45 28 20 11
40 9 30 20
23 43 29 19
19 49 46 14
28 40 44 35
43 14 24 7
9 30 35 1
25 28 48 22
29 25 21 17
21 48 48 37
37 11 22 3
30 38 42 12
23 31 42 43
19 19 44 28
29 37 47 13
27 37 48 44
40 36 44 19
15 35 49 48
24 37 37 32
27 37 40 29
18 38 34 13
39 2 30 10
8 4 15 3
45 12 23 19
24 27 39 17
33 19 11 3
27 21 45 20
18 29 40 44
24 8 36 34
18 25 49 39
39 10 47 17
14 38 43 32
46 30 41 16
22 34 21 8
32 23 44 23
9 9 13 24
28 39 19 10
31 38 44 36
28 27 33 14
36 23 33 15
32 22 38 29
48 16 45 36
44 7 28 3
21 26 49 28
24 38 46 19
21 48 17 1
1 34 38 40
32 11 19 5
19 1 27 18
24 42 25 19
39 9 14 7
7 44 11 8
22 25 49 21
33 14 49 32
34 10 38 0
36 25 14 1
22 24 41 31
27 12 21 14
35 10 25 17
40 49 39 15
14 12 10 2
37 5 42 47
43 41 47 37
13 20 45 37
34 39 11 6
13 23 20 13
36 21 2 11
34 30 29 31
24 26 41 19
38 30 45 11
47 32 39 29
34 7 35 25
27 21 35 16
36 23 38 47
42 6 1 12
45 31 44 27
25 26 0 11
20 35 0 6
42 10 18 6
24 29 22 3
18 17 38 20
42 9 33 9
38 32 37 18
25 39 38 9
19 35 0 12
34 8 49 11
9 26 2 6
12 41 37 17
21 45 38 20
30 21 14 4
40 21 44 36
21 37 0 4
17 32 15 29
38 9 33 45
29 37 9 9
26 39 26 8
28 32 5 13
37 11 25 23
38 3 40 17
26 27 24 11
14 31 27 16
37 3 6 5
36 6 40 22
11 30 37 17
47 37 12 7
13 37 46 28
28 29 49 15
26 48 42 37
38 21 29 12
4 24 34 29
41 3 34 15
15 34 45 11
17 25 47 29
38 0 36 15
28 40 37 12
28 2 25 19
31 23 5 10
32 25 24 0
44 12 1 3
36 9 21 9
18 12 44 9
47 22 42 43
19 24 32 28
19 38 49 16
17 14 33 18
38 30 30 21
36 31 49 28
26 42 42 30
33 25 34 12
19 13 21 0
30 30 3 3
5 40 6 8
35 37 16 19
34 35 32 10
0 44 47 17
13 8 44 12
35 4 42 39
19 34 24 15
19 24 35 11
13 29 14 17
42 5 34 10
22 14 45 6
34 23 47 12
17 31 47 16
23 26 26 19
41 5 26 5
10 19 45 48
26 40 45 34
31 47 18 39
21 20 47 37
39 12 18 29
31 39 20 15
36 5 25 3
31 31 45 24
36 28 42 2
27 37 27 21
32 9 36 5
29 26 23 4
33 33 15 10
42 8 26 38
42 32 46 14
21 32 42 12
33 5 21 15
26 25 22 14
39 28 26 19
31 26 44 31
8 3 40 45
15 37 46 24
16 33 29 8
15 36 18 11
37 25 33 28
30 13 27 30
20 9 48 13
15 38 34 11
40 7 8 9
2 25 0 7
36 6 15 0
21 11 38 30
40 13 24 27
47 10 23 19
37 9 11 1
41 10 38 4
41 41 14 8
8 23 38 26
29 17 17 8
10 35 34 28
24 29 47 6
23 13 31 7
18 18 26 12
15 33 37 18
40 13 2 14
41 23 37 16
43 24 39 9
25 29 49 33
35 19 48 19
29 27 4 16
36 8 27 7
39 4 48 40
33 49 45 33
19 37 25 17
16 30 21 2
36 12 0 13
26 49 21 12
38 7 27 3
42 5 47 18
37 49 48 38
40 4 25 5
38 27 48 21
29 39 33 3
21 38 20 8
28 22 35 17
4 29 27 15
19 25 45 19
47 49 6 13
12 22 5 35
33 7 42 17
37 9 22 11
32 48 43 31
49 18 16 33
45 23 25 0
18 46 33 27
17 26 19 14
34 23 13 18
42 47 42 34
29 26 32 18
15 32 27 7
48 14 26 4
34 36 30 19
46 33 14 4
26 46 1 9
14 15 21 1
11 27 25 16
25 31 26 14
3 42 38 30
34 25 42 31
38 6 35 14
27 41 34 16
34 18 4 12
20 27 45 9
35 27 24 10
34 25 34 31
26 39 16 27
30 20 22 6
39 33 45 2
35 7 46 24
27 38 33 12
15 39 0 11
46 40 32 19
33 3 15 1
