50 1327 12349 800
22 47 18 24
30 36 28 43
25 49 24 3
49 46 43 0
19 10 21 17
46 47 25 33
28 39 25 23
27 41 21 7
10 17 25 13
12 44 14 26
20 36 36 7
42 21 17 29
18 27 23 43
16 15 17 33
9 17 13 20
31 41 10 28
3 22 19 17
29 47 21 32
42 36 20 7
12 24 19 38
26 34 21 34
19 35 35 5
28 41 20 22
22 45 26 26
29 36 48 19
27 45 45 38
30 43 49 21
28 44 8 21
23 45 16 49
28 45 49 8
7 48 40 14
21 27 19 33
44 40 18 30
48 34 32 25
16 25 17 29
40 29 26 11
30 27 31 10
29 44 34 33
39 45 18 37
40 34 18 27
39 29 18 26
4 25 21 34
29 45 27 3
36 26 18 2
7 32 3 45
18 40 28 5
44 20 12 23
43 41 14 34
24 27 32 7
6 28 19 18
26 47 21 33
26 48 8 40
31 37 17 34
24 23 42 30
27 40 32 23
7 21 6 42
47 32 49 25
12 14 1 41
14 30 22 35
17 49 25 33
17 19 43 16
3 10 33 18
48 30 30 41
41 44 31 4
16 29 20 27
2 36 42 48
43 38 25 35
44 44 13 21
29 49 30 19
39 45 44 43
17 24 10 47
24 37 20 31
44 30 34 3
15 39 33 19
24 44 21 26
38 39 47 44
23 10 21 32
22 24 13 21
22 19 3 21
27 41 38 41
45 37 26 9
28 46 34 22
34 13 14 33
33 42 26 29
28 26 17 21
7 6 35 20
3 26 36 17
10 12 16 14
29 18 19 33
15 17 22 30
35 31 9 16
18 17 43 13
16 23 43 10
42 39 46 24
11 10 32 31
7 16 34 2
6 22 19 31
4 42 0 49
12 10 16 32
6 42 43 25
23 46 19 30
42 30 11 42
49 43 40 9
21 33 32 15
2 22 45 21
45 29 29 22
41 30 49 8
9 42 21 22
2 13 26 7
5 11 39 5
33 19 22 27
4 30 23 11
37 31 25 12
24 47 44 8
36 43 24 28
44 48 6 42
30 48 44 46
38 31 11 46
27 44 21 14
22 44 40 9
8 28 9 14
28 46 6 40
29 46 45 6
32 46 5 41
12 41 31 25
15 39 18 19
26 7 15 24
24 30 23 14
35 10 0 45
8 14 46 48
11 36 13 10
40 12 49 15
48 38 42 2
23 44 24 15
15 20 22 10
16 20 48 6
12 44 4 33
40 48 45 41
26 16 16 42
19 22 37 39
6 7 20 30
45 33 39 22
42 40 13 34
35 49 29 27
35 40 41 11
28 16 21 3
33 40 14 36
1 31 38 14
13 25 6 44
30 20 32 33
25 46 17 14
21 20 38 25
39 39 21 16
47 37 28 27
39 39 46 43
0 9 3 19
23 47 28 34
45 16 17 34
11 44 36 25
19 44 16 31
45 44 41 33
5 26 46 35
1 22 27 13
19 24 3 43
18 15 21 10
32 47 36 3
7 15 18 35
39 41 20 12
1 9 49 21
27 43 21 20
8 37 7 43
46 44 4 15
0 7 13 31
8 43 13 42
19 18 26 33
40 35 32 16
42 41 14 20
28 47 23 31
31 45 29 30
12 43 25 1
24 43 49 26
28 47 33 30
49 32 41 36
3 20 29 30
48 22 24 26
23 11 4 40
27 43 31 19
20 40 0 45
22 46 29 17
38 8 18 15
24 25 30 45
21 23 17 36
21 19 18 31
32 24 36 18
26 45 1 47
6 40 22 37
17 36 9 48
48 34 24 9
23 47 2 46
27 45 18 5
17 23 47 19
4 47 16 40
26 41 47 11
27 47 28 26
20 8 20 37
39 41 3 15
17 16 20 28
15 29 19 26
3 23 34 20
26 40 49 21
46 31 23 10
37 36 42 35
30 49 4 42
29 48 20 21
15 12 4 47
34 39 43 12
10 7 46 22
27 31 37 29
25 33 34 22
25 16 35 6
43 36 18 23
8 12 36 21
14 23 26 12
22 40 17 26
13 30 21 24
8 33 40 43
39 30 8 47
29 20 39 34
21 47 5 45
17 39 1 41
47 40 45 35
28 25 24 29
31 46 36 19
32 7 39 27
34 41 16 4
26 17 17 46
13 36 32 24
29 44 15 0
9 30 16 47
21 38 27 18
34 27 27 11
19 25 21 28
9 13 14 48
28 47 14 38
44 41 28 42
17 21 18 26
47 35 15 6
13 23 4 5
48 29 23 24
18 15 3 19
9 8 27 4
44 33 4 42
14 19 6 31
14 20 7 20
25 45 41 25
30 39 33 13
29 10 13 44
28 42 27 11
39 22 22 20
15 0 28 26
10 26 25 30
11 24 21 10
11 41 36 34
14 21 21 45
21 14 17 34
16 21 29 37
23 48 49 45
28 46 3 49
9 16 32 15
14 45 6 44
5 10 30 46
4 1 29 12
19 41 24 37
34 45 14 30
23 18 3 37
16 41 31 16
9 15 25 29
16 17 20 30
32 45 31 22
34 20 14 40
12 23 11 3
15 25 7 7
27 39 36 16
1 3 39 3
39 30 0 26
8 14 13 30
31 40 46 17
11 9 20 10
3 49 5 2
18 17 21 32
20 46 12 14
11 31 45 49
30 41 30 16
32 29 22 25
38 45 5 45
27 18 21 12
28 49 2 36
34 37 16 42
44 35 26 29
37 46 6 47
16 19 17 33
40 11 47 10
3 28 16 18
39 5 36 8
20 19 4 42
15 25 15 34
7 15 29 5
11 16 40 13
41 42 13 29
15 27 21 6
12 1 43 46
9 15 17 37
46 39 32 14
20 21 16 31
41 40 13 27
40 49 36 21
39 48 28 23
20 14 1 37
31 35 3 42
27 38 34 16
42 22 24 20
8 10 28 27
0 23 20 5
23 38 8 34
27 30 26 41
23 42 40 49
16 40 44 6
41 16 1 45
39 21 12 26
27 23 46 39
15 19 12 5
46 46 23 49
48 39 3 44
23 22 14 7
7 14 45 7
42 34 20 4
18 24 23 30
7 19 19 32
3 1 4 27
46 33 18 10
14 16 25 26
11 8 17 25
42 19 21 22
33 46 38 40
26 46 41 42
17 4 26 4
0 38 18 8
43 6 24 30
12 33 6 24
5 38 18 19
26 5 10 46
47 49 19 28
17 26 5 45
7 29 42 28
13 24 47 2
23 42 19 22
24 47 14 25
2 9 23 45
15 28 41 8
17 35 45 12
27 45 33 16
9 14 21 27
11 11 5 14
38 17 26 29
17 22 25 27
43 47 43 12
49 33 2 42
4 35 25 6
14 45 30 35
17 18 22 33
30 24 11 40
29 30 38 32
9 14 34 43
5 42 9 22
29 40 26 26
17 46 23 32
26 46 25 9
18 19 9 20
9 32 26 12
6 16 31 4
31 37 34 11
44 21 12 36
9 43 31 13
44 33 19 30
4 32 37 32
27 38 43 11
8 0 46 16
19 48 43 12
30 49 21 31
45 14 26 13
37 26 22 33
2 12 19 31
38 33 22 23
23 43 0 46
29 49 21 23
27 49 3 45
24 47 21 3
8 16 32 9
15 19 34 36
34 42 4 47
43 44 24 33
18 22 20 35
6 24 17 12
43 28 48 13
32 47 17 30
15 19 27 0
15 25 44 34
24 49 20 16
19 28 18 34
19 46 38 9
40 31 28 34
19 34 47 7
29 21 33 36
28 48 23 35
26 47 28 19
24 38 19 28
32 25 24 19
13 48 48 31
39 3 49 23
22 31 26 41
12 8 49 25
13 36 29 6
36 45 34 8
20 26 16 9
27 35 29 26
27 37 33 8
45 21 22 14
8 12 33 25
6 13 12 31
39 43 19 26
23 48 17 47
49 26 40 12
5 22 22 16
24 44 35 5
32 45 33 20
14 41 23 10
27 42 22 29
39 31 17 34
29 25 8 42
31 49 16 49
4 26 34 39
32 30 21 34
6 22 2 17
47 37 22 35
28 48 43 17
18 11 23 11
22 37 13 34
35 41 31 21
11 11 23 30
34 44 44 35
16 25 23 39
29 48 12 1
0 13 0 37
22 24 12 40
25 46 22 17
38 29 15 43
12 39 39 13
19 8 26 30
29 17 9 15
30 48 43 25
9 32 38 23
41 33 38 5
44 49 39 30
39 32 18 9
6 12 22 22
23 22 32 17
18 25 10 16
29 46 20 25
14 19 16 8
27 30 16 3
32 44 13 47
34 35 23 18
32 23 44 13
47 8 40 33
38 30 25 30
10 38 12 43
21 44 26 14
27 16 20 46
28 20 2 48
34 22 15 36
17 30 8 43
20 44 18 6
34 48 24 30
24 37 4 43
28 41 25 28
19 28 13 9
25 39 34 18
20 42 16 43
17 20 18 11
12 12 26 26
44 35 9 41
33 44 36 40
39 36 0 44
27 49 14 27
8 31 38 45
28 41 16 24
33 25 27 20
21 15 33 22
26 41 16 39
39 36 21 30
27 47 6 19
10 22 5 47
14 25 29 29
31 43 23 21
28 44 7 6
15 45 28 34
15 31 23 24
27 23 7 9
2 20 14 2
17 14 19 28
7 25 26 1
22 17 20 32
42 35 30 29
18 22 22 14
49 33 6 27
30 20 39 38
38 12 43 12
12 45 21 28
12 13 20 33
23 47 33 36
33 7 30 25
16 22 6 41
32 45 44 22
38 16 33 38
17 13 14 43
25 11 32 17
14 16 26 28
24 49 33 22
30 39 46 11
23 44 19 32
13 26 36 1
27 49 46 11
7 26 16 10
32 45 30 19
19 46 12 7
25 46 6 49
19 19 44 18
21 48 1 39
17 25 0 38
20 32 4 7
22 20 0 47
42 39 5 15
31 49 29 30
24 48 29 8
23 12 48 48
44 34 19 14
28 39 18 36
25 23 28 31
19 38 5 42
20 27 37 7
12 6 9 22
32 36 48 45
30 36 17 37
24 43 28 41
28 45 48 25
11 47 45 31
25 41 0 10
21 32 45 36
28 33 28 17
17 21 20 34
9 15 40 8
28 48 17 33
36 22 35 10
6 22 39 45
23 19 26 8
44 25 8 47
20 30 17 41
20 28 25 3
22 13 2 39
23 43 9 19
28 17 39 47
29 23 20 27
43 28 33 8
23 43 33 24
12 41 33 34
26 14 26 3
24 31 23 43
13 33 49 12
1 15 26 24
24 45 34 47
0 4 14 7
34 34 18 30
29 46 5 35
21 25 40 23
27 47 19 31
10 15 24 20
14 25 41 48
17 47 19 26
15 33 12 21
5 35 30 37
22 34 27 31
4 26 19 26
43 41 26 31
34 45 3 36
31 32 4 43
26 37 32 10
42 28 21 20
22 21 11 30
44 45 43 37
13 15 34 15
25 12 20 27
35 33 19 31
13 40 13 33
20 28 18 37
12 19 20 28
17 16 35 15
31 24 19 25
33 34 27 5
11 40 15 36
12 16 39 47
28 38 22 0
32 30 8 44
40 30 36 1
22 37 39 24
18 44 8 8
24 39 42 4
29 10 13 36
24 40 0 45
28 36 8 43
8 10 17 35
24 45 22 32
29 48 38 22
17 21 24 25
20 26 3 7
28 44 14 44
13 23 20 23
23 13 18 34
34 5 24 41
21 36 17 11
18 43 19 28
34 46 24 35
2 9 26 32
7 13 16 31
39 17 24 22
15 45 2 38
18 18 19 25
23 28 12 22
24 40 27 21
37 33 23 35
45 20 5 40
27 32 9 37
25 49 7 31
38 33 11 19
27 39 38 7
13 20 24 21
33 6 30 32
20 44 12 43
14 0 30 3
23 32 18 26
29 44 10 41
19 12 33 34
23 19 23 40
27 42 32 11
43 37 27 20
39 27 32 40
8 18 16 24
23 42 19 30
22 49 18 10
27 49 9 41
17 10 15 26
30 18 20 30
35 41 36 8
24 45 8 14
7 11 18 22
28 46 19 25
32 35 15 19
23 47 39 8
8 15 44 43
11 1 24 28
16 11 24 27
28 14 21 26
17 20 1 39
3 25 17 32
21 45 37 48
15 27 47 45
29 48 49 21
22 16 44 44
38 28 26 32
16 21 32 24
27 43 42 3
35 46 2 45
47 29 32 10
42 47 12 42
22 28 45 34
6 18 44 14
49 41 21 9
29 21 24 21
34 34 33 47
32 24 35 10
40 24 5 29
20 34 9 47
33 46 13 16
2 16 29 33
24 44 47 23
27 36 16 32
24 32 19 38
19 18 21 7
24 45 32 35
11 39 24 38
24 24 10 44
5 25 30 8
0 24 26 38
18 12 11 29
24 41 24 47
33 39 27 23
34 22 11 17
8 8 19 29
14 38 25 5
49 40 18 20
26 45 22 25
8 7 29 32
36 9 42 13
6 15 22 36
7 25 21 42
25 46 29 25
27 37 16 32
7 40 9 44
30 46 28 6
34 45 17 16
48 37 17 27
2 39 30 5
15 25 22 32
9 13 25 15
11 38 38 11
49 15 39 17
48 25 38 19
25 19 45 45
30 22 42 46
5 29 25 26
45 37 0 19
17 10 19 33
28 36 17 39
22 44 12 30
25 45 13 30
10 19 15 33
26 44 6 5
12 48 30 9
10 45 22 41
28 47 12 31
29 21 34 27
44 12 47 49
45 34 16 35
20 48 4 45
27 42 16 45
41 43 12 42
26 42 20 25
15 25 19 23
2 27 43 32
23 23 28 14
18 21 23 21
31 48 22 25
36 32 40 33
29 46 40 12
47 26 36 16
10 11 21 25
36 35 26 21
46 38 45 9
3 24 19 27
12 29 30 17
7 21 23 26
3 17 6 46
44 25 44 31
32 44 26 30
32 41 40 11
35 32 17 29
6 23 20 28
8 40 24 12
20 29 27 20
44 37 11 16
25 44 38 16
17 29 33 23
15 12 20 26
17 26 5 7
41 32 12 46
22 46 47 2
25 44 27 14
45 33 29 32
42 31 44 23
7 22 36 24
32 18 35 22
13 47 14 31
24 46 32 23
48 39 37 34
20 13 46 22
26 48 15 29
45 22 41 36
3 28 34 14
41 34 3 41
33 36 9 45
41 43 29 9
25 9 25 29
18 32 19 15
3 49 30 35
49 39 24 27
10 13 11 17
13 24 38 11
16 15 6 35
12 12 9 14
14 45 1 41
32 29 25 22
7 33 27 11
18 48 36 17
26 35 13 35
28 35 22 32
11 39 4 14
25 45 16 28
24 42 28 21
11 32 47 3
22 12 26 21
49 46 22 31
10 43 5 45
21 18 19 9
32 9 17 28
42 37 23 33
6 21 8 45
36 23 14 15
46 27 13 31
24 41 9 30
10 15 15 45
49 31 6 43
37 19 29 22
19 19 8 47
31 48 10 13
4 5 44 14
27 48 4 2
6 34 2 47
27 44 19 25
41 20 5 42
34 35 46 37
28 45 38 43
46 47 20 16
17 21 8 38
49 22 7 42
3 21 18 34
16 25 23 24
4 43 42 42
31 26 45 14
20 14 3 42
47 46 38 20
26 25 45 36
5 47 17 2
12 44 5 12
19 23 5 37
31 42 31 19
25 41 20 30
23 12 15 28
47 35 38 39
44 30 20 29
20 14 13 27
41 44 23 28
39 36 31 17
28 10 28 27
47 30 30 21
30 45 19 26
26 17 21 28
13 11 28 26
11 13 1 16
23 24 31 24
26 45 47 20
30 46 23 17
42 37 19 23
33 8 8 48
25 33 22 11
34 46 26 27
37 33 35 17
37 5 30 23
30 44 31 12
21 47 27 16
12 22 32 12
11 37 7 28
33 15 17 27
19 26 25 28
26 48 22 17
39 46 44 39
22 45 15 17
17 25 45 34
48 39 20 22
37 20 33 25
20 49 32 31
31 46 17 29
19 5 10 38
39 27 15 38
29 41 4 42
40 14 7 27
46 23 23 43
33 47 26 30
10 17 26 41
18 22 47 29
10 43 33 21
21 30 16 28
15 26 29 19
24 42 32 12
28 43 16 33
31 35 8 22
10 11 25 37
47 26 8 48
24 46 28 48
15 48 38 35
21 4 22 49
23 43 10 35
30 48 34 14
29 46 44 37
1 18 33 14
22 25 21 32
20 20 36 8
19 36 18 23
24 26 0 27
10 11 20 19
24 49 21 29
12 44 21 36
32 27 14 12
36 39 35 18
12 40 38 14
6 44 20 31
6 20 41 32
7 10 32 13
16 9 3 47
19 44 35 15
1 5 20 19
47 37 24 43
10 11 24 10
12 21 23 6
25 41 21 37
28 7 24 5
26 19 16 2
1 17 19 25
32 11 22 36
30 43 46 36
12 21 35 14
21 43 46 39
22 46 7 45
34 49 28 25
28 49 17 34
18 45 43 10
20 39 26 12
40 32 20 27
26 46 22 28
20 29 49 42
42 12 23 28
25 49 35 4
45 43 19 32
32 9 4 41
8 33 15 28
23 44 39 9
2 5 20 31
41 31 22 3
29 44 46 47
6 27 9 7
25 36 19 44
13 28 18 24
8 7 38 21
36 15 44 38
7 13 31 10
24 41 12 19
22 49 21 34
32 48 22 30
25 47 15 15
29 49 21 11
18 22 32 34
36 30 7 43
24 21 45 17
33 13 24 24
25 42 15 43
43 21 11 5
23 42 29 30
42 29 1 49
34 39 12 8
21 41 20 19
7 15 26 29
27 28 48 23
9 4 25 20
4 12 28 42
28 41 42 21
28 46 24 13
27 48 38 16
32 33 10 38
18 28 25 31
28 25 25 23
5 33 18 24
37 49 9 16
33 39 11 15
35 38 30 18
32 36 24 18
11 17 22 9
26 26 16 26
33 49 7 26
19 49 19 24
18 32 16 36
22 42 23 31
47 32 25 25
24 2 47 30
10 15 33 1
36 44 26 20
44 34 21 27
45 38 19 44
29 47 25 39
16 20 46 41
16 6 0 23
31 44 26 31
43 7 16 30
9 40 4 7
39 5 37 17
27 22 37 21
30 48 22 33
1 41 38 19
33 26 5 42
27 42 34 36
46 33 33 29
3 43 22 12
30 49 41 49
44 30 2 46
27 32 31 18
12 49 33 48
35 49 14 28
33 24 24 18
5 22 0 3
6 27 28 32
30 28 13 30
44 25 18 27
14 49 4 44
43 33 35 5
3 1 23 19
25 43 22 28
17 48 38 18
25 44 43 39
49 39 43 31
11 12 41 15
26 42 36 7
25 49 27 3
0 11 26 23
22 45 48 25
24 31 30 20
40 32 47 32
18 19 7 12
11 43 11 10
21 24 17 25
4 44 24 7
15 16 30 6
26 42 1 49
5 31 1 3
20 16 14 42
35 46 10 11
33 22 17 29
33 19 28 23
6 46 18 44
19 26 8 10
26 43 40 15
37 33 5 16
45 48 32 34
40 44 21 33
36 42 32 5
8 10 21 32
26 48 21 1
46 35 37 32
28 42 23 29
15 32 18 41
26 44 22 33
30 36 27 23
4 12 19 37
24 7 16 12
22 15 33 11
26 47 23 37
3 48 35 15
27 47 7 41
39 33 38 25
7 11 3 24
33 31 20 28
45 45 20 26
27 47 32 20
26 49 17 49
6 8 43 47
22 30 33 17
1 38 18 28
25 18 9 49
9 15 27 32
20 8 1 41
41 43 6 42
22 32 25 37
35 45 39 28
43 40 15 23
41 32 43 20
20 33 29 28
31 42 14 32
21 44 38 21
10 42 23 25
33 26 13 29
24 24 31 13
27 29 12 13
24 3 37 28
21 13 18 24
16 18 37 32
29 48 19 26
17 46 49 29
25 40 22 28
12 17 27 26
13 37 40 20
22 26 8 45
18 24 22 25
13 19 20 0
37 23 6 46
26 40 43 48
16 28 23 31
27 41 27 6
48 39 29 45
17 7 26 16
34 47 34 24
7 3 0 41
25 8 15 28
24 49 42 42
29 39 44 15
29 43 4 40
29 24 27 16
38 46 6 10
21 25 18 28
46 23 33 20
43 46 38 8
23 44 29 8
39 47 49 44
31 44 13 36
19 19 43 39
37 30 27 41
34 27 30 25
28 40 22 8
20 42 12 25
25 44 43 18
44 33 34 11
7 14 2 49
19 40 49 13
25 44 24 34
13 36 38 45
17 45 48 7
26 45 17 2
31 41 26 28
10 47 23 17
33 43 14 23
35 41 18 20
19 45 49 33
25 17 3 30
22 49 42 28
37 13 27 7
37 14 44 42
12 39 16 17
26 27 37 19
30 23 13 44
25 16 37 20
18 27 34 41
0 38 21 34
7 12 13 10
31 34 40 27
38 45 44 48
34 27 29 24
9 16 17 40
21 22 20 38
38 25 14 22
0 23 32 19
22 18 48 46
29 49 40 22
18 24 49 40
41 12 18 21
44 6 8 44
29 41 41 34
0 47 22 23
10 12 0 10
20 19 31 9
19 42 26 45
16 24 23 26
18 41 17 21
45 29 6 25
8 19 23 7
29 45 38 8
29 44 25 31
6 24 15 29
25 46 24 34
48 1 10 15
12 10 35 28
34 49 27 28
46 46 19 33
36 34 20 13
33 44 40 14
38 27 16 31
24 46 22 1
14 18 6 38
18 22 32 14
27 16 42 30
6 34 33 18
49 0 39 23
19 13 18 25
26 20 20 28
20 19 16 36
10 15 37 26
12 16 19 12
46 36 22 29
22 10 43 20
14 44 20 12
12 26 40 32
25 21 9 30
29 45 21 26
28 21 40 25
36 30 29 6
28 44 16 39
4 30 11 17
8 15 28 15
35 14 20 35
13 25 4 22
24 5 21 21
22 18 35 38
36 31 34 19
24 21 28 27
22 44 35 39
44 38 2 39
37 42 40 20
20 39 22 9
14 44 8 33
42 26 9 45
1 32 32 10
18 46 25 25
19 22 17 31
33 41 16 30
36 39 48 32
24 47 5 23
20 37 17 29
7 15 9 44
8 28 25 16
29 25 17 12
31 41 6 34
22 45 25 36
6 19 49 17
17 21 3 42
26 22 11 28
14 41 27 18
26 14 18 22
10 12 26 18
24 47 18 25
49 43 3 7
49 40 24 5
13 27 24 36
10 12 49 28
4 34 29 32
11 33 39 13
27 43 41 20
28 42 22 20
23 42 20 37
8 18 24 34
28 37 24 25
39 39 6 47
25 32 27 7
5 22 20 16
21 27 20 10
48 36 24 16
11 45 21 36
27 41 14 26
24 40 32 22
49 40 29 19
24 25 48 46
25 45 38 20
20 23 47 23
8 33 24 10
34 48 22 26
30 49 16 28
25 41 48 8
42 49 20 5
18 46 6 46
23 44 7 4
43 49 35 40
14 38 23 20
22 17 18 29
7 40 48 28
17 6 41 20
11 27 10 3
28 47 30 35
0 37 22 28
12 24 34 40
2 17 11 21
28 11 40 12
15 39 43 40
10 17 31 37
42 18 17 27
33 16 5 46
18 21 39 19
15 20 17 28
13 45 39 30
29 39 24 34
12 3 32 18
14 22 1 46
36 40 41 42
26 47 46 18
19 28 16 4
5 9 15 18
24 37 34 0
19 26 21 29
31 39 16 32
29 42 23 31
22 17 20 26
45 36 22 22
26 42 22 35
6 25 1 46
39 34 24 35
24 27 40 27
24 16 6 41
49 27 11 10
8 19 38 33
11 13 15 26
25 40 17 37
33 47 34 16
23 39 27 41
31 42 20 25
47 23 34 44
22 26 7 44
18 16 19 35
10 16 1 41
43 26 49 34
42 43 37 3
2 40 1 9
29 13 27 19
28 47 25 31
6 49 48 10
31 40 14 40
30 44 29 15
11 47 27 19
39 32 21 34
26 45 0 40
43 37 3 23
23 49 3 45
49 12 21 34
49 39 30 18
16 21 16 32
19 45 21 21
