50 171 17515 800
42 17 19 15
35 22 11 20
5 26 3 43
22 9 10 12
30 47 19 13
21 28 9 14
29 30 27 33
35 23 10 27
26 5 10 8
36 32 16 37
39 26 13 14
2 10 13 16
2 38 13 13
19 33 23 27
5 15 48 36
27 37 22 34
24 18 10 28
12 12 8 23
23 18 46 35
21 20 16 27
21 18 8 11
20 36 18 46
48 20 5 46
31 27 14 4
6 19 9 6
42 15 2 23
13 15 4 1
46 13 14 26
12 7 41 34
23 25 13 14
21 16 14 17
17 32 16 15
14 10 5 17
16 16 16 10
45 17 20 36
30 24 29 3
10 37 47 29
7 12 12 14
31 25 37 46
47 18 8 14
16 25 33 5
10 14 47 36
27 5 8 31
21 12 15 14
18 5 12 22
27 21 7 14
44 11 23 26
30 25 12 35
11 28 8 1
34 27 27 35
22 26 9 36
22 14 12 15
29 1 3 24
32 24 1 39
11 33 21 35
49 16 6 22
24 27 14 15
7 33 23 21
49 12 15 4
21 24 7 37
37 18 10 12
3 10 19 14
10 10 47 31
34 37 8 13
17 11 8 20
24 28 8 20
14 29 8 36
30 4 10 31
8 31 20 30
29 31 8 22
3 22 20 25
19 34 14 31
44 21 31 49
45 13 5 22
25 20 0 39
17 28 28 42
26 6 3 39
25 12 41 3
17 14 10 14
25 33 26 41
45 17 24 37
3 22 13 24
35 33 15 20
47 18 9 22
29 27 13 39
35 7 32 27
45 29 16 11
6 8 17 39
23 36 17 39
17 25 16 17
3 39 28 25
37 43 32 35
22 28 6 27
6 43 11 28
16 22 1 1
14 14 12 26
20 27 7 16
24 27 6 9
9 5 9 15
28 21 5 34
9 35 26 35
2 37 7 2
13 38 15 15
39 24 12 18
1 12 8 43
22 16 15 13
23 19 42 1
14 30 4 23
26 31 12 16
43 15 16 19
30 22 36 31
43 5 13 13
44 8 25 4
33 27 16 44
9 16 0 33
31 18 10 14
12 14 5 40
5 42 46 15
18 27 11 16
47 23 0 26
9 13 44 23
40 17 10 43
23 16 14 2
27 21 17 32
7 26 37 29
33 17 11 17
20 12 32 17
39 16 10 29
18 10 4 32
7 35 20 20
20 15 46 38
49 19 24 27
11 21 42 16
39 19 24 10
48 12 16 26
23 10 24 28
25 30 13 26
27 26 20 25
37 23 11 17
25 7 35 14
17 42 28 16
6 22 12 16
16 6 6 27
29 7 23 22
9 25 25 47
24 21 11 40
9 6 20 36
48 11 41 33
42 10 12 33
20 13 3 13
43 9 47 29
25 7 15 12
11 36 27 36
25 26 36 32
8 20 12 28
34 28 24 25
2 18 14 41
14 24 27 15
11 0 49 33
18 35 46 29
32 19 39 29
12 34 13 6
15 38 24 41
44 12 35 6
16 15 44 35
6 3 6 16
48 2 15 27
12 33 17 32
2 30 16 22
47 18 26 37
14 34 14 12
