50 215 13701 800
24 26 10 20
27 8 6 32
0 38 15 16
17 46 18 3
30 15 47 14
40 38 13 27
45 28 22 6
8 47 28 18
22 23 3 21
1 30 30 5
27 6 19 33
39 30 5 12
9 35 12 11
26 15 10 25
42 27 3 25
33 33 5 10
46 23 8 33
27 6 21 0
36 32 20 30
7 43 38 19
8 25 3 5
1 18 5 14
28 19 23 8
25 15 0 23
10 38 49 2
16 28 24 4
33 29 6 42
20 24 3 8
2 40 4 34
34 44 2 16
7 6 0 24
33 9 5 21
10 4 24 22
45 31 17 23
13 30 27 4
31 40 45 3
48 19 31 19
47 18 5 25
33 45 11 29
34 31 24 2
12 16 29 16
45 33 45 4
38 1 30 8
40 11 2 12
3 26 9 24
26 22 10 0
46 35 21 4
42 26 22 16
9 26 22 36
33 5 17 8
4 23 25 41
42 9 2 13
38 20 7 5
21 20 21 35
35 44 7 9
7 14 0 10
5 29 22 20
23 23 0 17
5 22 10 22
7 39 18 27
35 37 2 21
22 27 7 7
44 25 8 30
37 31 23 43
21 15 26 9
1 14 28 6
28 6 7 12
23 29 25 26
34 0 28 3
23 19 16 35
1 32 4 22
28 24 25 7
7 5 5 9
27 39 7 12
43 28 22 36
34 19 10 14
39 0 31 1
24 14 6 31
19 27 33 4
25 8 4 7
31 9 10 27
26 4 17 11
23 0 27 4
30 23 29 8
41 27 4 31
19 4 20 26
45 20 34 6
13 10 3 22
19 47 19 8
31 9 20 20
16 47 24 32
25 7 11 38
24 11 1 17
44 46 16 41
17 8 6 15
33 22 0 33
13 27 41 16
40 26 33 18
36 26 3 29
23 28 26 18
39 13 10 41
29 12 1 24
9 45 16 26
20 39 9 47
48 33 21 25
45 11 7 4
15 7 4 7
24 41 40 5
12 34 22 35
19 12 31 12
31 31 10 12
8 47 25 5
19 29 49 3
10 30 18 36
26 13 24 2
4 31 19 2
48 2 0 24
31 20 18 14
24 47 28 2
43 29 33 9
14 21 30 10
43 0 26 16
25 36 31 3
5 40 8 32
26 13 2 26
0 10 1 26
6 33 8 28
19 10 13 45
42 39 24 14
25 9 3 33
6 34 26 34
36 34 30 0
21 6 49 8
24 16 9 6
18 17 3 12
18 29 2 9
8 34 40 5
5 16 19 13
40 19 18 31
4 31 16 14
49 34 22 31
25 16 45 11
31 42 6 15
35 46 20 6
30 3 0 14
19 18 11 35
28 29 48 0
5 1 3 5
10 2 6 16
18 6 14 26
24 12 4 14
32 36 8 10
8 35 10 13
44 17 2 14
28 43 21 10
19 12 23 14
25 47 6 47
19 39 0 18
42 5 21 9
34 31 1 32
17 38 33 9
27 6 5 9
33 21 12 18
29 22 7 22
29 16 32 4
35 5 28 1
46 29 31 4
16 16 24 0
49 46 4 27
45 44 19 32
0 33 20 7
22 43 36 13
17 8 25 14
42 36 26 4
26 17 39 9
17 48 25 14
2 14 23 18
7 33 16 11
20 14 6 6
32 10 6 13
11 31 18 22
42 3 2 26
49 25 35 23
33 15 1 23
3 30 11 35
36 3 15 30
14 2 23 20
36 33 20 36
9 27 0 9
26 14 9 13
17 30 24 0
43 29 24 19
39 46 39 14
6 20 18 31
20 15 32 6
30 10 0 26
23 5 26 7
34 8 4 24
9 14 0 22
6 41 4 15
42 25 28 10
1 36 3 29
11 26 37 10
6 49 11 22
19 40 9 18
30 7 7 10
1 32 11 8
27 21 1 24
41 36 21 16
32 21 6 16
42 16 19 5
22 44 4 31
25 9 4 12
24 9 35 11
31 47 27 9
