50 299 18219 800
3 44 30 39
24 12 20 31
17 20 6 3
18 25 23 40
33 38 43 48
19 46 28 32
16 26 24 38
25 16 25 31
20 18 23 1
17 46 11 26
27 21 3 34
19 48 25 41
32 17 4 18
48 4 13 26
7 7 10 20
32 28 1 42
20 17 4 34
33 0 11 39
33 17 11 6
26 14 36 37
3 23 6 11
40 3 46 21
29 6 25 44
44 34 33 43
16 4 1 15
14 41 41 39
33 4 6 44
37 4 18 14
32 23 37 32
18 32 38 38
4 33 35 46
15 49 9 42
3 26 28 46
20 44 0 33
17 12 7 22
36 4 8 38
34 48 44 32
15 27 3 41
28 37 40 37
17 11 32 46
10 40 23 45
34 25 6 39
42 23 32 47
19 44 38 49
10 0 17 41
17 26 34 27
6 10 5 28
16 47 40 49
10 18 41 39
4 14 29 49
10 36 40 29
45 15 36 45
26 48 36 49
48 24 1 4
43 12 2 35
25 22 4 37
24 34 41 41
8 9 40 45
8 37 18 37
23 26 28 41
31 35 28 38
18 14 13 32
26 4 21 47
14 27 31 44
14 49 24 43
10 23 2 39
36 11 6 38
20 48 35 46
16 40 30 47
7 4 5 47
9 22 23 42
9 31 3 2
47 4 22 42
38 26 31 40
17 23 5 39
23 7 0 9
14 47 3 42
45 21 28 39
14 17 37 34
16 25 12 49
20 47 5 38
28 20 6 40
23 46 42 44
15 15 7 9
9 4 37 49
20 36 4 42
32 5 23 32
0 30 16 37
25 21 25 40
13 3 37 47
29 43 24 36
5 12 11 37
11 26 6 17
21 6 6 34
10 30 25 45
30 28 40 8
7 18 22 42
12 0 0 34
12 43 10 30
6 25 0 15
13 36 32 41
21 43 36 40
23 26 15 32
15 13 34 28
15 48 4 41
8 35 2 43
23 2 8 38
34 19 39 49
14 47 25 43
31 36 22 36
15 48 14 7
13 44 0 33
24 35 2 35
4 18 38 48
10 33 8 43
34 35 20 35
19 46 12 26
20 16 7 31
27 9 36 39
20 24 14 16
9 18 28 49
37 6 29 31
19 36 28 37
45 28 24 42
33 12 34 41
29 36 2 40
29 32 12 16
10 21 39 39
18 46 11 42
5 7 5 0
31 8 2 43
17 29 1 32
2 4 15 14
35 14 10 7
1 16 27 46
17 44 37 20
32 13 34 42
8 20 36 48
13 0 11 5
4 17 3 23
16 36 31 46
19 47 17 27
3 26 22 41
12 19 31 25
24 29 19 11
17 0 19 11
26 40 29 38
6 9 44 27
23 42 2 25
6 21 0 31
17 49 23 14
17 46 0 32
20 47 3 38
4 13 6 35
32 38 26 31
14 46 24 23
12 12 35 22
21 11 9 41
23 42 42 43
14 21 2 36
39 8 3 30
7 38 23 48
6 15 31 46
13 34 22 46
10 23 22 47
10 30 20 46
33 10 0 44
17 25 24 29
17 1 7 32
15 46 7 44
17 49 26 13
11 16 18 21
49 12 34 33
28 16 34 40
41 47 20 48
16 41 31 42
23 17 40 40
32 23 9 12
8 42 25 38
8 18 19 37
37 18 9 37
37 5 13 14
11 28 38 24
5 24 33 27
9 4 1 37
10 12 9 4
20 44 6 25
2 23 31 47
32 33 20 45
5 21 20 45
33 47 4 36
11 7 35 43
33 45 37 42
42 8 7 18
2 30 16 46
36 30 24 49
26 25 20 28
11 37 23 0
6 26 22 49
15 33 26 41
38 17 33 43
8 19 13 49
13 19 31 47
11 16 31 40
6 22 34 44
7 39 1 37
4 27 26 34
17 5 32 46
33 15 8 14
21 26 35 49
33 16 38 45
21 34 23 45
10 17 1 35
23 20 32 22
49 22 35 48
0 39 11 33
17 48 12 11
40 21 49 36
22 46 1 26
6 26 8 48
7 16 33 39
22 29 25 21
37 3 11 18
21 4 2 38
35 27 25 38
14 15 17 40
3 36 17 42
26 15 28 45
16 28 1 38
39 47 1 19
12 29 6 36
22 42 33 36
17 19 2 42
32 3 2 25
22 27 24 47
19 49 14 16
3 16 39 37
7 21 33 47
47 8 34 43
17 1 23 45
25 27 1 37
19 48 41 47
14 46 5 30
49 34 44 43
19 16 1 37
17 18 8 36
2 27 0 36
1 9 17 22
18 21 38 44
4 39 2 35
24 37 5 44
17 46 44 30
23 11 29 20
8 16 31 31
43 19 3 41
28 45 7 43
41 9 5 36
22 36 38 44
28 20 27 48
24 22 25 49
18 47 6 45
21 30 33 39
17 19 3 35
36 46 45 43
21 29 20 43
17 10 46 40
21 29 32 47
11 22 28 39
26 34 24 10
10 7 37 41
24 20 1 40
9 20 12 13
13 21 9 44
33 7 29 47
21 17 7 43
49 28 3 9
2 48 46 36
10 9 6 37
13 9 36 41
18 46 31 41
30 24 1 40
24 27 36 48
21 17 23 36
29 24 35 46
22 25 11 37
23 20 32 37
25 24 10 18
31 39 30 46
9 19 5 44
12 37 35 36
34 17 6 29
19 44 5 46
40 25 28 36
9 18 42 35
18 19 26 16
15 48 27 34
17 36 16 44
35 41 40 37
21 23 4 44
