50 1078 12942 800
30 42 16 44
1 27 32 49
20 12 37 22
27 37 5 25
21 8 37 34
5 2 13 35
5 10 8 23
8 43 12 39
19 31 27 24
26 49 33 43
30 36 12 41
30 10 10 40
23 46 8 32
31 43 12 34
27 35 25 41
18 8 3 27
31 38 9 32
31 38 15 46
39 25 20 48
14 17 27 32
46 20 14 27
34 28 36 39
32 36 24 38
12 30 33 17
35 36 17 38
36 44 0 36
21 13 19 32
14 5 35 44
19 17 45 43
32 34 41 41
25 11 8 38
26 35 10 24
24 9 18 33
13 3 38 46
12 22 9 35
6 24 36 32
33 40 38 42
21 5 22 25
13 40 5 28
24 43 26 38
13 28 17 33
23 11 29 25
17 26 15 34
30 39 23 40
16 10 10 26
22 14 40 40
13 40 27 37
31 42 44 37
14 35 20 36
30 44 8 27
8 31 41 14
0 39 21 39
32 31 27 38
27 40 3 47
16 18 41 30
21 14 32 35
32 34 16 39
17 12 18 41
28 41 3 34
14 17 10 25
22 26 7 32
29 11 19 46
13 10 7 23
29 39 35 38
24 44 26 22
26 11 13 42
31 41 25 29
41 17 32 27
5 25 23 40
24 40 19 31
31 42 17 41
7 34 27 42
31 39 17 38
33 35 30 42
35 21 14 41
25 26 18 41
21 10 7 34
16 16 47 44
25 14 25 41
38 9 24 28
0 11 21 37
21 16 18 37
6 43 23 42
16 4 30 9
31 43 22 27
16 36 44 44
27 12 18 39
19 12 46 36
28 39 20 47
28 36 17 38
22 8 15 43
1 34 16 38
31 40 17 41
43 20 20 27
16 9 22 43
17 6 34 32
22 13 15 45
23 9 23 23
31 41 23 38
26 39 14 37
32 42 21 32
26 13 40 40
18 25 16 33
6 42 29 35
30 40 8 23
21 9 41 36
21 1 21 44
25 25 20 49
32 43 17 38
21 11 20 5
22 9 10 23
33 38 30 47
43 11 35 32
22 27 11 27
39 0 21 30
2 11 19 36
39 44 33 43
20 36 40 47
31 39 19 38
23 11 30 37
43 14 48 37
28 8 13 36
35 35 18 20
33 37 6 44
13 10 15 15
36 17 22 42
0 24 30 46
22 7 19 40
5 49 2 41
43 19 32 34
33 41 11 45
12 27 19 49
30 40 16 33
20 7 28 35
31 40 12 41
7 38 25 17
8 37 14 38
46 34 31 43
26 9 18 23
15 30 22 36
25 7 12 28
43 0 15 46
28 37 22 44
28 42 5 33
22 12 18 38
30 42 23 49
31 10 15 32
3 12 19 40
7 12 25 23
21 9 22 40
23 7 4 29
4 29 11 32
33 44 19 35
35 18 8 47
28 36 42 15
19 14 41 47
30 24 10 34
34 27 2 30
25 2 14 41
15 21 12 36
27 5 19 41
2 38 26 20
22 12 19 42
12 2 13 32
46 11 11 42
31 39 8 40
30 40 19 30
26 28 14 39
16 26 25 42
31 40 24 26
39 22 41 37
41 36 28 28
31 37 14 37
11 8 11 36
2 33 6 24
4 9 18 18
21 5 13 39
26 16 22 41
28 36 39 28
33 35 11 37
32 44 9 40
30 39 21 39
30 36 10 31
29 38 35 42
31 41 33 31
26 27 1 23
3 13 15 34
23 17 34 19
6 36 17 38
25 8 21 45
18 12 12 17
27 11 21 9
24 10 21 44
25 38 14 29
10 12 29 27
27 15 16 35
14 10 21 22
32 37 12 34
23 48 29 47
18 24 20 38
38 8 15 39
28 42 24 47
27 39 10 33
49 34 6 26
28 42 16 46
27 40 25 43
30 38 2 23
21 13 21 37
37 8 20 43
29 14 17 32
38 29 42 33
25 40 19 35
17 20 36 37
9 41 15 39
30 41 36 42
31 38 14 25
10 49 32 22
33 16 45 35
34 38 18 12
6 1 35 45
36 26 7 47
17 32 21 44
20 17 20 33
30 39 14 33
28 39 22 47
28 41 26 30
17 11 22 37
34 41 40 25
23 19 14 10
8 3 25 34
31 19 10 32
20 11 49 30
29 37 21 31
27 5 15 34
7 27 39 41
16 12 8 23
24 11 19 35
21 9 9 28
29 41 9 28
5 45 17 46
19 14 8 35
10 0 0 23
10 10 13 45
18 13 26 40
29 42 20 36
19 10 24 47
24 15 33 35
21 10 15 37
14 22 36 45
8 8 42 49
28 8 11 42
14 25 33 36
37 45 23 36
38 9 12 44
23 40 22 47
19 7 13 42
30 35 18 36
16 15 14 32
37 37 7 36
28 12 23 47
20 10 19 41
21 7 4 30
17 16 24 29
19 46 5 23
20 11 22 46
22 32 26 49
27 35 34 46
8 6 37 21
19 15 12 45
12 35 38 32
5 35 4 30
1 27 21 40
20 11 33 30
11 16 27 42
16 36 34 28
27 13 24 37
21 9 17 21
3 24 13 45
32 32 15 41
25 21 13 19
11 18 23 31
32 37 0 37
5 35 15 39
41 3 19 39
15 37 11 29
31 42 20 46
32 36 4 27
29 38 48 41
23 19 36 30
47 7 11 25
5 34 16 21
24 36 22 48
27 31 22 40
23 21 23 45
5 23 21 35
32 37 22 48
26 6 12 28
32 44 1 24
19 5 18 36
15 20 28 44
29 40 8 30
29 33 26 49
7 14 19 35
20 14 12 32
32 34 6 37
1 1 31 30
22 11 16 27
30 39 24 25
21 7 34 39
31 40 15 25
24 12 5 44
27 40 35 21
16 23 10 27
28 38 10 34
32 35 9 47
12 15 22 42
2 43 15 41
14 37 9 27
19 9 47 43
21 8 24 33
27 35 11 29
21 4 15 32
18 4 23 41
22 13 3 34
32 6 21 41
26 1 5 33
8 22 14 39
18 17 14 46
22 13 26 33
14 16 18 45
2 42 22 48
29 32 27 19
30 33 20 40
28 38 5 35
18 1 4 43
31 39 18 31
19 33 13 44
20 45 16 37
20 20 1 26
21 15 19 38
32 14 31 40
19 15 24 41
24 10 9 26
33 45 39 35
21 11 11 28
4 20 24 35
19 11 9 28
21 11 33 27
33 41 9 31
20 8 32 40
21 12 15 45
29 41 16 32
24 13 23 36
22 7 31 40
18 12 27 29
46 22 16 19
14 18 39 24
31 40 26 29
31 37 18 42
31 36 22 43
18 33 38 23
35 13 18 42
28 11 8 42
41 30 6 21
33 37 8 31
36 25 8 27
26 35 10 31
30 35 24 48
29 37 34 31
25 12 22 36
24 9 11 29
25 14 44 44
7 11 37 42
21 21 30 43
16 15 8 25
29 38 8 45
13 30 31 19
13 26 37 35
37 36 46 23
1 38 38 47
18 6 28 45
20 4 20 40
31 47 23 30
28 4 12 35
28 30 12 19
23 0 21 47
16 16 31 31
27 17 16 41
33 38 14 32
18 8 38 39
18 20 16 37
32 48 13 37
29 13 15 38
9 21 14 36
42 5 13 38
27 9 20 30
28 37 16 18
33 42 17 40
12 36 35 43
4 49 19 26
31 41 9 27
29 42 23 46
8 28 11 40
4 2 8 41
27 36 22 45
10 45 21 38
7 10 21 35
31 37 15 33
30 38 3 35
30 36 17 45
27 23 8 26
30 39 38 37
31 20 14 34
29 13 10 30
22 14 13 42
22 17 5 37
33 37 10 29
6 4 11 22
13 13 16 38
29 39 16 41
22 10 28 34
7 25 18 36
47 14 36 36
10 27 20 24
19 12 19 44
22 14 12 26
21 23 13 41
42 29 48 25
20 9 12 41
23 11 21 47
18 8 5 28
17 15 20 36
18 16 16 31
16 14 25 42
38 17 17 40
44 23 16 33
26 11 17 41
29 41 15 43
11 7 25 30
30 31 9 25
31 38 22 46
21 11 10 43
28 39 44 34
6 19 24 30
29 40 24 24
24 12 7 15
29 43 16 45
5 20 12 36
25 19 31 23
28 12 35 34
29 40 17 25
14 19 21 42
12 37 27 46
9 40 15 41
21 16 8 31
20 22 9 25
7 21 17 37
10 1 13 39
31 40 14 38
19 12 35 23
30 43 20 46
36 36 6 49
32 38 15 38
29 39 20 36
5 19 12 39
27 26 17 29
27 41 18 44
27 39 42 46
21 23 31 44
43 17 36 44
21 30 33 44
34 17 14 36
27 41 32 41
35 39 7 28
31 38 28 45
0 28 10 28
26 38 17 46
24 7 13 41
21 13 32 44
30 26 26 39
5 13 17 35
29 38 19 31
23 14 35 33
36 19 18 42
32 39 28 28
30 40 11 35
30 41 26 23
8 32 23 41
27 35 25 45
30 37 15 40
32 10 8 26
26 33 23 40
7 15 15 43
30 21 12 34
14 15 23 39
2 31 29 21
32 37 7 29
1 21 10 32
34 36 7 35
25 7 20 33
11 46 4 32
7 33 40 48
18 7 5 28
26 25 9 5
31 39 15 39
27 39 22 27
28 39 24 42
22 10 45 36
19 24 38 41
20 3 27 31
11 33 12 39
17 18 7 31
18 47 13 34
19 9 4 23
34 35 19 43
30 42 13 47
27 38 8 37
18 14 35 26
41 40 35 19
19 3 8 28
30 37 18 46
21 28 27 26
26 14 13 39
13 7 9 25
7 15 9 35
10 33 6 37
31 40 18 40
24 35 13 40
0 25 22 42
30 41 21 41
22 14 18 42
31 39 15 33
17 27 23 26
25 42 10 22
29 39 11 39
35 3 21 37
29 38 22 37
22 32 26 34
17 20 19 36
12 24 44 43
21 14 10 28
24 8 30 28
32 41 12 44
5 41 20 37
29 36 36 36
32 39 39 26
45 8 17 31
22 47 24 36
13 10 1 26
30 4 23 36
0 38 5 31
30 44 4 26
2 47 26 45
10 11 19 37
18 12 16 42
22 10 17 34
5 13 27 17
28 3 17 45
13 45 31 36
34 37 13 35
44 13 21 24
31 42 17 37
28 37 18 47
14 41 24 41
18 10 45 44
13 10 23 37
32 39 27 45
33 36 22 35
25 13 15 41
30 39 18 31
0 20 5 45
29 38 24 34
32 35 38 43
16 9 18 42
37 26 22 36
29 37 34 31
23 6 15 39
34 5 24 45
21 15 2 29
28 11 28 42
24 14 22 29
30 40 27 36
27 13 12 45
28 39 13 26
18 46 15 24
16 42 41 32
30 41 13 40
14 2 10 46
19 12 20 29
36 9 21 15
25 9 3 22
31 19 11 36
4 26 22 32
27 40 16 41
24 4 10 25
18 11 17 37
25 9 33 40
31 41 17 48
19 14 5 33
21 12 0 34
18 49 7 23
22 12 15 39
18 12 15 34
4 49 16 40
25 12 5 24
20 16 14 35
30 37 17 42
21 1 37 46
14 44 13 40
2 12 43 43
11 25 19 36
20 9 14 42
26 36 22 38
36 23 26 45
31 39 45 15
35 5 12 28
37 14 20 45
2 24 13 40
8 34 35 19
26 14 18 37
36 38 29 27
17 8 23 32
25 40 19 32
28 13 10 33
24 13 16 32
33 39 33 30
40 29 11 33
21 15 12 22
28 41 24 42
28 40 21 39
21 6 26 32
22 7 35 43
23 44 6 41
32 43 6 31
19 8 37 46
21 10 21 24
21 43 20 47
43 23 24 23
41 26 35 39
35 42 26 49
14 7 31 14
29 38 9 31
9 6 25 43
30 1 23 30
27 41 28 37
31 17 24 37
6 6 36 34
9 17 12 36
21 15 10 18
2 38 5 24
26 7 24 43
30 41 10 47
34 13 20 31
32 43 12 36
18 8 17 40
27 40 6 26
21 17 5 22
7 40 43 48
28 8 18 49
34 43 6 28
22 10 14 36
28 39 20 23
33 38 29 34
48 24 16 27
27 39 19 43
32 2 12 45
0 42 9 23
32 43 12 39
19 13 33 39
25 13 18 36
29 38 25 34
19 39 9 39
49 48 24 28
14 25 30 40
34 39 13 24
24 14 41 27
40 6 10 48
4 42 41 24
28 38 24 32
2 11 10 38
27 12 39 37
4 14 32 28
19 8 24 38
15 26 11 30
8 5 22 41
20 4 28 33
23 38 20 48
29 37 14 36
29 40 22 24
20 10 33 31
1 23 1 29
28 37 18 35
33 38 11 33
28 40 7 45
24 9 28 44
20 14 9 27
21 12 19 21
33 37 21 33
1 14 19 34
17 26 27 20
47 21 17 37
13 16 7 27
20 9 17 39
45 4 39 42
33 38 22 28
3 26 28 47
29 15 21 27
22 8 5 27
30 10 9 19
30 37 47 34
32 40 14 39
22 12 7 25
31 38 12 21
3 21 7 38
31 37 32 45
31 48 16 19
9 29 30 29
2 38 0 26
31 41 14 28
25 38 41 44
17 27 18 45
12 40 11 22
22 17 22 35
4 8 20 25
22 29 12 36
7 13 9 25
33 39 17 23
30 16 32 36
10 30 38 24
23 29 13 34
25 21 26 29
22 12 34 30
20 11 22 35
30 40 9 33
29 38 5 25
35 33 22 37
7 4 7 44
26 10 8 40
33 39 17 30
25 24 18 45
4 48 9 32
14 11 23 38
21 6 18 40
42 30 13 24
29 39 10 34
22 33 24 40
13 16 17 38
33 43 24 32
8 21 18 37
18 22 46 37
26 15 13 34
4 29 16 28
7 17 5 24
18 9 28 32
12 16 9 39
42 17 13 20
35 35 9 28
20 16 47 33
22 10 23 49
32 18 38 38
14 21 43 41
9 19 22 32
22 41 4 38
32 38 16 40
26 35 13 36
20 9 8 36
30 36 22 49
22 19 8 49
22 20 34 37
20 41 22 35
14 25 11 31
22 9 12 37
21 39 28 45
20 16 21 41
19 13 11 25
33 42 21 43
46 7 31 45
38 42 12 42
2 30 7 23
11 10 35 45
24 12 7 30
2 25 4 16
31 39 40 40
17 21 26 26
9 14 34 48
27 34 19 35
27 34 12 31
35 30 15 30
19 45 49 33
37 39 7 25
30 42 28 48
7 12 21 42
0 49 16 47
30 35 24 40
46 4 21 25
25 12 12 40
21 32 11 34
16 7 10 40
23 13 11 23
20 12 36 27
19 12 11 44
44 28 11 42
18 19 4 27
13 32 10 38
21 8 19 34
0 45 23 38
29 37 24 31
13 11 30 32
49 40 38 33
30 37 19 37
28 40 9 39
20 20 23 32
14 33 38 39
5 38 20 44
27 4 41 27
30 35 23 41
34 49 30 23
28 38 21 36
31 41 9 28
21 15 6 21
33 39 13 37
33 41 30 34
27 42 33 47
29 37 14 33
25 19 10 34
21 11 40 36
28 36 8 25
30 35 9 41
22 6 7 29
24 19 9 39
21 5 11 22
27 27 12 36
25 10 13 21
45 22 16 38
32 38 15 41
21 18 34 26
26 32 13 46
23 12 22 38
2 14 37 39
9 15 16 35
20 7 22 33
30 37 27 45
19 14 17 37
25 13 34 32
30 40 23 18
28 39 9 45
3 24 11 29
30 40 22 42
32 40 3 25
32 44 23 45
27 5 7 32
32 33 45 49
24 15 24 42
33 36 17 34
34 43 15 41
30 40 12 37
24 10 47 47
29 40 14 44
16 28 26 31
30 37 38 33
20 13 16 49
37 31 4 49
29 38 29 31
19 15 14 45
36 37 27 45
32 41 24 27
19 5 23 41
27 36 15 35
29 40 37 34
33 41 11 39
31 38 30 33
39 10 13 41
27 41 29 35
28 37 13 37
35 36 11 26
3 41 23 40
48 21 27 41
26 33 5 47
24 43 12 37
35 38 23 43
30 38 16 36
22 9 2 38
29 34 16 38
30 36 14 41
38 21 7 28
5 16 10 28
31 21 32 43
6 42 36 47
11 27 39 14
17 11 41 39
33 39 15 46
35 24 11 29
30 10 20 47
16 44 23 34
32 40 5 29
8 11 36 38
18 20 20 34
1 48 17 34
11 21 43 49
21 11 9 43
30 41 17 35
30 26 15 35
14 6 18 45
43 1 21 45
31 39 34 14
31 42 4 25
19 11 41 22
22 9 20 49
18 5 12 44
22 12 20 48
39 23 6 28
33 39 7 33
3 31 21 27
4 12 20 32
31 39 11 37
16 12 31 34
31 38 9 28
49 17 9 39
16 33 8 26
26 38 21 35
31 40 21 48
12 9 16 39
25 9 4 25
17 23 11 30
19 9 16 37
2 26 5 24
24 26 34 29
31 39 19 14
21 18 23 41
16 29 13 21
21 9 29 33
31 18 16 35
25 43 10 45
28 39 18 29
24 11 46 44
28 43 37 35
34 36 20 37
27 37 17 45
7 48 19 32
26 10 31 42
28 33 44 43
23 16 12 25
22 8 21 44
30 40 8 39
25 11 24 27
21 35 24 20
13 9 19 34
8 1 12 29
33 39 44 25
9 22 25 41
23 4 12 40
20 11 20 35
13 11 10 23
34 19 20 36
32 36 15 44
34 9 18 35
30 37 9 28
9 44 15 37
15 35 37 38
21 13 10 22
1 10 24 44
25 38 14 38
34 41 9 23
27 38 31 19
17 23 9 25
20 9 24 17
7 7 17 23
38 31 12 33
16 19 16 29
20 25 49 36
36 6 23 36
1 24 7 28
0 45 24 26
3 25 40 35
10 21 27 22
33 38 10 46
29 36 23 31
3 19 20 31
20 13 12 23
21 7 16 30
32 36 36 44
31 13 25 41
48 33 9 20
26 20 23 39
37 14 13 49
31 37 45 36
32 32 39 39
34 38 22 37
39 21 17 28
36 17 11 39
23 34 21 40
24 12 34 49
13 36 20 45
20 7 24 38
30 39 26 49
6 1 8 22
21 9 5 22
44 35 40 44
5 24 10 22
4 29 12 34
13 33 11 38
33 41 15 34
26 8 36 42
19 12 26 17
7 9 11 42
40 8 8 37
33 36 25 35
19 31 15 37
19 15 15 39
13 44 26 30
20 7 4 19
32 36 9 28
27 29 24 19
25 25 38 33
34 37 39 12
17 17 42 28
28 36 34 25
26 40 19 39
40 35 25 48
16 17 12 20
18 16 12 33
27 37 3 32
30 27 20 38
23 12 13 44
19 13 34 31
8 18 14 39
23 9 44 39
11 3 46 43
25 40 33 28
27 39 11 30
13 18 23 47
35 10 19 44
24 15 43 40
5 10 23 46
33 41 31 37
43 29 30 48
31 2 15 35
30 40 41 49
26 40 10 33
30 36 26 25
14 44 38 47
30 39 13 37
29 37 18 36
26 40 16 48
22 16 17 36
5 12 8 37
9 31 18 44
24 16 23 26
32 36 12 37
13 30 14 34
32 40 19 21
14 26 0 33
28 39 16 37
29 42 40 37
31 39 9 19
32 32 21 18
19 11 19 43
18 5 17 37
13 5 39 21
27 6 21 37
12 18 22 47
26 38 12 36
26 38 14 35
21 31 5 35
23 17 11 42
16 30 24 24
29 45 7 30
1 48 30 42
28 36 13 29
5 4 14 24
33 41 8 27
30 36 9 23
32 36 11 24
16 28 20 30
29 28 12 36
10 12 18 36
8 32 6 23
26 8 33 39
