50 405 19924 800
29 43 42 48
25 34 34 36
7 2 45 42
35 39 17 19
27 21 34 34
22 42 7 2
33 25 37 37
18 35 32 35
34 38 0 44
0 28 9 8
20 25 48 48
35 34 7 32
44 22 37 38
5 9 49 45
23 40 5 7
28 35 32 40
5 29 45 41
19 33 40 37
2 29 6 18
11 32 49 43
5 37 3 4
16 28 5 0
19 39 34 41
39 37 34 34
30 34 47 44
9 47 8 23
30 29 37 33
5 45 37 32
20 31 37 38
15 10 42 46
37 29 38 39
34 31 1 6
34 1 4 18
16 8 37 37
22 24 4 7
21 49 12 9
30 7 0 10
44 14 35 36
3 20 34 39
39 37 5 19
26 28 36 33
27 43 34 35
5 39 1 6
4 43 30 36
19 21 32 33
34 44 32 38
27 31 41 35
22 31 39 44
41 42 39 33
24 34 35 37
22 44 36 42
47 24 36 41
38 28 49 46
47 37 43 43
0 13 10 4
17 35 35 41
4 37 6 9
30 7 48 46
8 47 12 29
20 41 37 43
43 7 0 5
31 34 43 46
26 44 35 34
37 31 37 36
10 13 36 37
2 44 36 33
25 25 4 12
1 39 38 44
18 37 6 12
6 18 5 22
37 25 39 34
39 21 44 44
3 35 33 43
47 9 33 36
1 23 8 0
11 43 49 41
12 1 30 37
10 40 30 36
8 43 1 8
14 33 35 32
30 39 35 43
10 30 31 38
13 44 42 34
6 43 32 33
11 48 0 11
40 27 47 39
40 31 11 27
30 34 6 2
8 46 36 34
32 17 46 40
24 45 8 26
49 22 34 34
42 23 2 4
19 13 0 7
0 35 48 45
44 25 35 38
9 48 30 34
40 28 36 43
22 47 37 34
36 26 31 38
23 37 32 31
41 32 3 6
49 12 5 8
19 15 31 40
3 15 34 36
49 2 25 27
37 46 34 34
39 15 37 35
45 20 36 33
27 34 46 47
1 35 34 36
44 42 36 34
42 28 36 36
14 37 5 10
43 23 1 43
27 36 37 38
27 34 48 48
27 43 6 6
26 3 1 13
45 31 32 35
36 31 34 34
34 22 13 17
16 20 6 45
13 21 47 47
49 18 35 34
47 15 32 43
14 37 36 39
27 26 35 40
41 21 40 35
38 11 6 8
43 38 35 38
13 34 1 10
9 25 35 38
5 45 5 35
26 31 35 34
3 42 45 36
13 6 34 36
16 28 39 42
38 10 37 38
14 37 36 37
25 46 12 22
17 6 48 45
7 41 0 10
3 33 47 44
40 27 11 31
24 0 39 31
27 48 10 8
4 29 5 20
16 40 38 36
36 31 31 31
4 47 37 40
14 20 36 38
24 41 36 33
34 25 0 3
20 41 38 33
42 32 35 38
18 38 33 40
20 33 27 34
8 11 13 4
46 15 12 33
40 15 2 13
21 28 33 39
15 47 41 33
25 29 45 47
42 15 46 44
6 49 33 37
42 5 37 36
25 35 36 41
31 34 36 29
38 43 3 1
13 30 30 36
1 31 40 35
40 43 30 34
20 35 38 37
33 30 10 2
23 10 1 32
25 39 41 31
14 43 17 10
7 39 38 36
17 2 8 11
8 12 35 30
2 7 0 19
25 45 48 48
25 28 2 28
37 21 9 9
4 14 4 4
32 36 0 3
21 42 35 37
9 1 35 37
3 4 0 31
21 49 30 34
44 22 44 45
19 42 35 34
48 20 8 4
10 36 28 35
23 31 47 44
47 35 10 8
44 22 38 38
3 3 38 37
33 31 37 36
27 41 38 35
42 18 33 29
32 35 6 2
9 32 33 32
48 15 32 33
18 32 6 9
41 22 28 33
32 20 34 43
49 27 37 37
13 39 36 34
10 13 11 37
5 29 42 47
11 34 21 34
35 31 1 14
1 39 30 38
17 22 45 41
22 35 35 37
13 18 36 40
22 37 6 6
44 7 36 43
43 22 6 9
6 21 30 34
10 36 33 34
1 29 33 41
25 5 5 16
43 31 32 40
33 35 37 39
34 27 35 42
3 24 35 38
9 28 45 46
26 41 10 5
19 24 33 30
4 17 38 36
6 39 34 37
21 7 33 34
18 10 35 38
21 45 35 43
20 32 34 34
34 23 39 42
38 26 43 45
36 39 44 38
43 40 11 0
20 42 44 44
37 21 35 42
38 23 40 37
20 13 11 24
2 41 37 35
17 8 39 36
41 25 39 35
24 41 22 26
5 24 40 41
28 16 12 2
18 48 1 36
23 48 44 42
27 39 35 38
43 3 35 42
29 47 37 38
18 47 43 45
7 25 46 46
34 1 36 34
34 38 40 36
15 45 35 36
45 2 35 39
17 41 9 6
41 37 34 36
31 36 40 38
39 25 33 36
37 23 3 28
19 41 47 47
27 47 48 42
41 31 29 33
9 4 1 8
1 35 30 30
6 36 35 38
43 5 37 37
31 49 35 33
17 37 46 47
27 48 37 30
48 44 40 39
5 49 11 8
19 17 39 44
46 25 7 16
35 30 8 2
38 41 45 43
14 23 2 5
31 31 34 37
15 44 26 38
21 49 32 36
18 37 38 34
34 41 46 44
44 27 34 35
0 25 8 26
43 10 29 32
49 12 39 38
45 42 34 37
29 28 33 39
17 4 41 37
1 16 17 17
45 44 14 8
42 39 33 38
37 42 30 34
2 38 3 11
5 15 35 40
16 21 1 25
6 14 37 37
40 11 38 33
35 20 36 40
17 40 36 38
48 38 37 40
20 42 39 34
4 21 32 40
20 40 4 6
7 11 33 39
43 41 35 39
0 23 44 46
1 11 37 44
8 37 34 43
17 38 0 10
14 3 39 34
44 37 30 40
29 39 35 31
14 35 11 14
5 37 34 31
19 8 38 41
17 43 40 46
43 28 39 35
28 21 31 33
1 39 34 36
46 46 6 0
12 27 28 35
7 25 33 37
32 36 4 12
28 42 8 37
47 34 14 13
40 22 35 38
6 27 30 38
36 32 39 34
17 32 5 26
16 37 38 35
41 34 36 36
15 34 29 37
46 3 28 29
48 31 5 14
38 27 37 45
7 43 47 46
17 38 37 37
27 35 32 38
19 43 39 36
39 41 9 18
34 40 37 35
23 43 47 44
27 39 39 39
28 32 35 35
19 43 48 49
39 30 34 36
43 20 39 34
1 9 5 0
12 14 44 45
3 28 48 49
2 37 40 33
13 28 26 15
28 42 34 36
26 21 36 37
26 37 39 33
21 36 39 41
7 20 37 33
2 20 36 40
17 36 37 34
8 42 43 41
20 45 12 22
47 19 33 36
2 18 42 44
22 30 5 33
32 36 5 23
5 13 37 34
11 45 37 37
15 19 31 37
48 5 4 9
6 32 35 41
23 45 38 32
27 49 1 9
19 38 41 33
30 49 33 41
41 20 35 36
3 47 7 9
18 38 8 1
29 47 35 37
16 41 33 36
26 33 1 10
42 28 4 8
2 2 8 35
16 16 34 39
14 36 6 6
15 43 5 26
33 33 41 45
11 39 33 32
15 30 34 34
0 23 34 32
45 10 32 41
22 44 47 46
39 46 34 35
19 44 43 46
28 44 3 4
45 1 2 15
13 39 8 16
