50 96 13937 800
10 33 33 45
44 29 31 2
4 9 41 24
17 12 4 32
25 18 32 9
41 15 19 4
27 44 23 40
44 41 27 9
4 34 44 21
39 22 25 30
40 20 48 7
41 24 48 25
45 40 10 36
42 43 0 32
14 33 39 37
35 32 10 15
1 3 41 41
38 12 8 0
21 24 21 41
12 20 1 15
14 14 30 11
13 7 0 20
40 10 9 22
37 17 36 28
31 8 5 48
26 16 40 16
13 24 47 33
44 21 36 41
19 11 39 42
14 23 36 44
24 23 33 11
36 16 15 27
18 26 37 36
19 12 38 0
33 15 41 37
41 9 39 27
40 15 35 49
45 41 6 6
12 30 43 1
41 9 34 41
26 40 40 1
27 33 37 17
13 40 19 48
9 18 0 28
42 16 5 26
22 23 19 21
46 20 34 16
37 15 48 41
41 13 9 25
44 18 28 29
29 14 8 30
41 42 38 48
38 11 9 11
20 18 42 28
48 14 39 46
37 18 33 29
43 40 14 35
40 24 5 20
25 7 48 32
20 10 37 16
41 15 41 21
20 41 39 30
14 40 0 29
40 14 44 44
20 44 40 43
16 10 40 30
14 16 40 11
37 17 38 48
30 41 11 16
13 18 6 40
39 17 1 18
43 18 19 22
47 36 45 13
40 43 43 32
23 7 15 30
44 46 43 22
36 20 28 10
33 45 31 33
41 13 33 4
7 19 42 35
4 7 11 26
41 12 5 17
20 43 19 12
20 8 9 34
42 4 31 45
36 13 40 21
21 3 44 4
40 11 48 14
43 11 43 29
40 20 3 31
12 15 14 23
42 17 33 7
25 25 36 22
43 39 14 29
40 14 4 4
42 17 7 25
