50 64 15088 800
16 23 35 21
11 33 42 46
12 37 38 34
42 49 42 7
37 46 40 1
13 28 39 6
26 31 39 3
6 28 11 8
17 32 14 12
1 49 3 41
13 23 43 11
21 24 12 8
45 44 30 11
16 31 21 24
8 44 15 13
13 22 43 4
24 42 9 24
3 20 14 12
8 26 11 31
38 36 27 18
16 28 4 7
15 28 43 11
13 32 11 7
6 23 49 10
39 38 12 25
1 40 43 32
8 45 23 22
1 25 46 0
13 15 47 14
12 23 1 9
36 34 6 23
12 34 11 2
22 25 41 6
14 33 18 12
42 46 48 22
11 37 11 4
37 10 45 22
20 27 5 22
45 48 39 9
6 23 31 2
9 22 48 5
9 20 48 35
38 48 48 17
0 34 31 9
6 17 36 27
9 31 15 21
12 37 10 15
37 46 32 22
42 48 41 13
29 49 7 30
13 29 35 28
12 27 39 21
43 32 10 17
47 45 6 27
19 23 6 21
33 44 1 16
6 29 43 3
38 32 22 5
11 40 21 16
31 12 24 21
12 22 11 10
2 13 34 22
28 31 19 21
38 31 36 8
