50 126 17535 800
14 47 25 13
5 33 5 8
20 47 34 29
3 16 12 8
13 26 2 7
37 37 6 30
25 39 13 4
24 22 4 8
8 3 47 47
12 47 15 23
24 23 30 46
19 34 32 5
13 6 0 37
4 20 11 19
21 47 20 32
9 42 46 47
11 1 29 43
20 34 24 32
20 25 11 15
17 6 7 18
14 6 36 8
27 19 6 32
22 32 14 10
30 35 14 8
12 17 17 49
8 23 26 7
12 1 20 35
7 6 7 39
2 20 7 34
41 34 16 37
19 43 10 13
18 24 27 31
24 44 13 19
17 4 18 43
13 22 12 9
10 39 21 33
36 10 13 1
43 26 27 38
17 25 13 7
27 42 11 12
26 33 4 28
17 8 9 5
9 32 40 40
12 30 23 11
24 26 17 4
26 34 10 5
23 7 36 14
15 14 29 48
37 13 34 46
14 48 13 3
17 11 9 7
44 34 11 9
4 44 16 6
18 39 47 24
15 46 4 44
34 31 7 9
22 0 10 2
23 1 6 45
41 14 26 31
22 24 31 34
20 8 12 14
3 43 8 14
20 19 3 15
33 14 13 33
24 21 11 8
16 48 24 30
23 27 19 6
19 1 6 27
17 5 2 11
26 27 33 13
44 9 8 7
35 16 24 33
19 15 8 42
19 35 15 19
21 15 39 16
15 46 8 8
7 7 11 25
30 41 20 37
30 19 16 37
23 19 14 25
43 31 18 7
22 16 5 27
32 11 14 28
27 28 11 11
15 15 25 12
46 23 34 10
11 10 24 15
5 19 11 17
3 23 20 26
16 17 32 43
31 30 28 24
24 5 26 12
8 41 3 9
30 27 21 8
36 17 19 17
33 42 22 23
12 30 14 14
5 29 25 10
6 6 19 29
46 10 41 47
11 47 11 20
10 22 21 4
12 20 3 19
16 38 21 10
42 25 2 19
25 43 11 7
23 14 8 19
21 29 30 29
18 30 40 25
12 12 22 6
26 12 21 36
36 10 23 3
31 1 36 37
31 39 10 7
22 16 8 27
33 24 16 21
15 22 1 29
26 3 44 18
27 26 16 12
15 14 24 18
25 39 20 41
15 49 38 41
32 35 7 19
23 34 27 30
36 34 43 28
24 36 27 29
