50 60 13997 800
1 34 33 8
31 32 38 27
26 2 32 28
34 36 18 18
16 30 41 42
17 43 7 18
3 20 36 41
13 44 15 5
12 43 18 5
19 3 34 43
10 40 35 42
22 30 19 5
4 30 30 13
24 25 31 32
29 16 41 34
37 44 6 18
20 45 33 35
4 29 42 41
11 15 1 40
38 47 22 12
4 24 24 13
33 47 24 18
20 47 38 31
15 9 18 5
38 5 42 6
4 34 8 37
41 3 32 1
15 37 1 19
6 6 15 10
11 32 27 4
44 44 0 17
29 12 19 14
6 33 22 10
34 29 45 40
13 23 23 23
23 16 14 15
37 3 26 11
28 4 0 9
10 27 28 4
42 0 20 9
14 45 33 15
12 33 25 9
14 31 3 22
45 0 0 13
18 33 1 16
5 15 23 29
8 27 26 17
36 47 45 37
40 38 29 12
5 1 21 6
3 42 4 8
5 33 44 9
6 32 15 26
42 38 16 25
27 21 40 35
30 5 37 28
46 46 26 14
12 27 43 34
16 41 22 25
31 2 0 12
