50 1546 17133 800
31 20 7 9
6 35 7 10
20 47 40 3
30 33 24 24
4 16 9 23
22 13 4 33
24 24 10 2
27 37 11 10
35 3 35 47
4 26 7 6
47 23 36 44
14 3 9 16
45 16 4 8
44 21 1 6
44 9 3 1
38 33 9 5
11 2 28 44
23 22 7 16
1 31 2 13
16 34 8 22
40 36 13 19
38 23 0 4
3 38 7 3
23 42 2 9
15 47 14 11
24 41 22 33
45 15 28 45
40 20 0 13
41 33 28 42
35 43 8 10
14 42 35 42
4 22 35 32
35 31 36 9
12 41 13 20
31 36 34 42
8 15 17 39
1 15 5 22
42 16 2 1
12 17 23 30
4 13 15 13
42 11 5 14
22 1 30 40
36 29 34 47
37 31 12 10
28 1 7 26
0 3 34 49
40 39 0 4
42 17 27 25
25 4 22 2
22 34 10 5
16 43 2 16
7 4 16 4
48 24 16 19
24 25 28 33
12 41 8 8
0 5 4 26
36 8 20 35
4 21 17 29
37 16 12 14
48 29 10 8
14 48 19 14
2 16 5 8
42 27 33 40
32 46 0 36
19 45 17 1
31 19 9 10
46 44 5 25
46 39 18 11
21 11 21 17
35 20 3 19
39 25 3 9
32 14 10 4
0 33 35 19
31 42 5 4
7 21 23 7
16 3 14 6
16 14 2 18
15 5 48 42
16 4 31 19
38 43 17 10
46 40 0 9
10 8 7 14
11 32 12 7
13 8 14 15
4 3 18 2
37 34 12 10
4 29 8 2
29 39 7 12
36 20 27 33
16 7 14 25
14 6 0 11
8 30 21 31
8 16 2 13
44 14 0 13
48 44 1 4
32 37 26 11
45 27 39 38
14 21 10 32
45 46 43 7
13 38 44 1
44 43 20 20
23 16 35 9
17 10 11 14
42 32 9 4
29 19 12 22
4 0 1 47
37 16 17 43
18 40 5 15
0 1 8 18
17 14 35 33
22 5 28 44
45 42 27 20
21 22 9 8
14 8 34 28
12 6 32 25
38 15 5 29
9 37 17 20
29 6 36 45
41 25 19 39
42 35 12 23
41 25 32 35
16 18 13 12
6 38 5 28
32 14 3 14
11 33 36 45
6 30 15 5
17 27 1 6
10 6 24 42
40 44 14 5
6 12 4 8
38 28 1 5
15 14 9 47
24 19 15 21
2 13 31 37
48 31 22 38
17 24 2 0
49 10 3 9
13 11 0 3
9 36 0 3
31 30 22 34
2 13 18 16
19 45 33 42
6 11 21 8
30 42 14 28
38 10 9 34
11 31 12 14
35 41 24 46
37 10 19 12
31 32 13 16
20 39 25 30
28 19 8 27
29 25 6 7
31 1 4 4
0 15 9 7
27 20 18 21
5 2 3 7
17 48 21 25
6 48 7 15
26 12 2 32
36 37 26 34
14 38 28 34
0 21 12 12
45 25 14 23
44 14 5 1
17 34 5 9
20 10 9 36
30 33 42 41
17 35 18 9
10 7 0 2
12 31 35 38
45 31 33 43
27 33 42 30
6 34 21 42
43 12 17 4
4 35 5 6
8 17 16 25
46 27 20 24
39 7 28 34
7 11 18 40
12 47 9 33
16 39 36 37
44 19 17 19
10 20 17 24
6 26 13 7
41 19 25 36
34 12 28 44
46 30 25 26
28 39 5 30
10 9 35 46
44 33 9 14
46 25 17 4
18 41 33 42
24 4 20 22
8 18 24 39
17 32 3 12
24 39 40 4
39 43 20 41
4 6 2 12
22 46 11 7
13 42 28 40
24 26 11 0
6 28 0 7
20 34 9 9
6 17 1 6
7 21 31 46
18 16 5 1
2 16 1 5
45 32 22 22
34 18 25 45
8 17 6 8
29 35 33 6
11 16 9 40
9 45 5 25
33 18 8 41
38 24 5 1
6 40 13 26
34 21 14 9
45 15 32 39
9 42 28 43
1 20 8 1
9 6 8 15
33 19 4 10
27 30 15 29
26 31 39 48
34 3 10 1
12 39 0 13
33 4 35 18
48 15 22 26
49 14 36 35
42 7 6 40
9 33 17 21
46 38 28 36
21 47 3 15
44 32 21 28
30 46 24 29
0 45 26 40
26 1 26 26
28 27 49 4
4 35 5 13
35 7 11 6
43 35 7 6
4 14 7 17
12 12 30 21
9 9 16 44
1 25 15 9
11 16 37 42
33 33 17 34
42 24 1 14
36 1 8 3
4 19 27 14
21 18 19 23
43 20 4 10
42 21 5 4
41 34 12 18
25 33 41 46
40 43 2 9
10 48 38 37
30 39 26 9
45 27 5 22
39 3 13 0
49 12 26 30
0 11 2 17
40 36 11 32
6 25 7 17
16 37 26 5
5 11 1 4
40 49 4 9
24 9 33 41
33 17 6 19
4 10 28 44
9 43 15 14
37 11 7 6
22 6 36 29
3 12 19 27
27 45 3 6
49 21 6 4
13 49 14 9
36 49 19 9
37 16 31 48
42 19 3 9
32 38 27 34
42 28 25 47
28 14 6 11
44 23 1 2
34 4 0 9
6 17 24 25
28 15 8 23
18 22 33 24
22 26 2 13
18 15 7 17
36 26 12 7
41 10 32 48
1 14 6 45
2 6 3 21
49 7 34 44
38 49 21 24
20 17 5 4
7 18 1 12
1 29 3 10
10 0 1 13
24 44 15 2
4 0 3 16
13 45 34 38
31 39 30 44
23 7 8 10
3 2 19 19
21 39 6 18
10 16 7 7
41 16 37 22
18 1 32 40
4 2 34 1
1 7 3 30
24 3 1 7
4 10 5 18
26 17 29 49
30 38 12 7
9 5 3 12
16 47 11 8
14 8 12 30
35 8 1 11
2 14 23 20
30 19 6 26
9 38 2 11
9 39 33 41
46 39 35 14
32 25 33 41
33 34 13 13
1 11 30 47
31 4 36 36
10 25 29 35
35 36 23 39
19 34 25 38
1 28 38 17
33 33 6 48
16 14 47 8
10 9 29 38
33 33 11 22
1 7 6 12
33 23 14 17
15 35 28 33
48 24 35 31
7 14 24 20
49 24 2 15
3 17 5 28
16 8 30 38
34 22 13 21
2 35 4 8
5 16 39 43
13 49 40 9
10 25 18 11
40 25 28 15
29 48 26 39
46 5 11 23
0 25 26 36
1 12 36 43
3 5 7 45
46 23 1 18
43 48 8 8
19 8 35 10
24 47 16 3
5 18 35 38
12 9 15 26
11 15 11 10
1 24 3 16
11 40 40 13
40 33 12 8
39 34 3 13
8 35 13 6
33 23 28 21
41 34 6 9
8 10 12 29
30 41 7 4
1 33 30 38
39 33 42 47
0 14 24 31
10 6 33 14
29 21 32 44
7 14 9 10
48 22 3 7
16 22 12 11
14 18 2 9
16 44 17 9
20 34 19 8
25 11 4 15
20 15 9 6
3 4 7 12
28 22 7 28
22 35 35 44
17 25 7 10
28 43 10 14
43 0 18 6
5 43 26 22
38 12 14 5
34 31 21 1
41 39 0 12
29 35 15 7
0 36 13 2
3 40 34 45
35 30 20 5
40 20 0 6
48 20 27 27
30 45 10 47
3 36 29 47
21 26 9 8
10 21 24 15
28 21 17 20
31 20 3 25
8 36 42 5
38 11 13 9
22 12 8 1
38 23 20 13
1 31 37 43
44 14 0 4
2 33 11 21
0 26 31 49
49 33 12 10
7 45 5 19
9 21 11 24
48 25 12 20
21 25 4 1
42 8 3 4
35 16 1 5
45 22 30 44
23 7 8 24
16 6 8 4
20 6 32 11
4 14 20 14
3 11 29 48
3 49 1 14
22 23 9 11
23 48 14 12
17 46 12 4
44 18 25 26
31 32 29 9
5 22 29 0
9 27 32 45
48 8 24 11
38 14 8 10
46 21 28 33
25 36 17 14
14 41 14 30
17 17 3 23
12 16 10 0
18 6 1 15
5 28 33 42
11 17 23 6
12 44 34 40
8 37 28 44
29 34 10 1
13 15 12 21
48 30 10 1
30 32 6 1
6 34 28 43
12 29 13 23
19 20 14 5
9 2 12 9
14 6 0 25
37 16 10 0
37 19 2 10
38 10 7 34
16 12 32 45
23 46 27 18
20 7 34 44
3 1 7 10
13 3 31 17
11 8 10 23
6 11 31 48
44 16 15 22
29 9 10 9
29 16 37 6
4 26 1 10
6 42 38 45
24 39 4 17
30 5 2 45
34 31 17 7
9 26 16 13
46 19 10 16
38 30 15 25
41 20 18 39
46 8 35 48
42 17 9 9
13 8 8 10
17 13 1 9
0 17 7 3
41 29 5 12
19 0 7 18
26 39 22 43
12 16 39 34
0 2 36 42
21 16 2 5
44 7 9 2
16 30 27 42
9 21 17 8
2 28 19 25
22 15 16 23
35 24 9 13
25 42 4 7
3 36 24 6
0 8 13 26
47 25 19 27
27 8 2 46
31 32 2 5
45 23 25 43
36 30 3 0
17 5 26 49
41 4 6 12
32 32 18 18
17 12 24 22
31 31 23 22
0 12 2 1
42 11 31 45
21 35 33 48
11 7 9 15
38 28 20 8
22 29 24 10
42 25 6 3
48 16 3 36
38 24 12 25
44 42 19 8
48 9 4 20
41 40 2 13
9 43 32 14
14 30 10 44
17 24 20 4
2 15 43 35
49 41 16 19
34 26 10 14
8 14 18 2
13 23 6 5
10 8 16 7
12 29 13 17
2 47 5 6
44 28 30 49
3 17 6 24
5 17 8 7
34 42 10 7
13 10 8 30
32 12 49 39
11 13 5 3
4 9 6 38
43 36 18 26
34 15 32 41
44 24 9 10
38 26 11 3
34 8 33 36
39 20 16 10
30 43 13 1
36 14 39 47
19 18 2 5
16 12 37 25
5 0 40 19
49 27 26 46
39 15 9 2
38 24 2 9
11 10 18 27
16 5 6 10
34 11 6 3
7 44 16 27
38 26 5 8
3 7 23 13
22 14 16 2
4 24 8 1
16 33 15 10
14 20 4 34
5 11 47 16
44 16 5 18
23 35 1 3
6 0 41 16
1 14 19 24
38 5 40 1
9 41 17 5
29 49 7 12
11 23 1 3
3 42 3 1
48 25 7 19
5 24 39 7
36 32 9 3
24 34 14 8
37 22 19 19
9 15 13 26
7 35 24 1
22 13 2 2
46 34 4 13
25 25 28 44
4 9 1 6
25 3 35 44
24 46 40 45
29 13 6 7
16 36 34 49
0 14 3 24
21 13 41 13
20 25 12 38
13 46 0 4
20 27 10 8
33 41 24 40
36 46 7 29
27 29 12 31
2 27 7 17
11 15 33 15
14 4 12 23
17 33 3 7
40 19 6 9
5 44 7 37
26 12 5 9
8 43 8 7
15 42 6 27
46 39 7 25
48 16 10 4
48 17 7 24
20 16 5 15
3 22 2 1
28 43 23 24
33 12 0 11
14 37 7 26
25 34 41 27
13 10 33 45
0 22 40 3
1 49 4 0
14 21 11 38
41 15 23 0
34 18 38 36
31 22 9 17
0 20 0 13
49 46 27 16
8 3 1 2
32 33 30 46
22 22 0 10
37 29 11 4
3 2 3 16
7 15 45 5
45 17 26 43
47 26 14 33
47 3 9 49
47 21 7 4
17 24 10 24
42 18 27 43
47 38 16 9
49 19 3 4
38 26 4 4
33 44 44 36
28 32 35 47
21 42 22 38
47 7 2 10
37 17 15 17
19 22 11 5
6 45 39 44
15 25 23 37
42 15 4 10
20 42 9 9
21 40 8 37
15 18 43 6
8 6 3 14
20 40 34 1
42 21 28 10
35 19 34 13
37 37 32 43
33 18 4 27
8 3 17 29
34 31 17 43
47 19 8 13
30 37 4 5
14 39 28 49
48 25 4 18
10 48 5 6
4 8 32 48
19 8 28 43
38 2 17 14
6 9 16 9
48 11 28 31
17 0 5 9
6 12 11 26
14 30 2 12
4 6 17 8
32 21 16 0
38 8 18 37
0 34 3 15
37 22 7 7
16 27 21 23
49 38 6 4
30 42 6 5
39 39 2 6
23 20 14 5
9 22 33 44
44 47 18 22
40 24 6 24
30 24 25 14
12 15 12 34
2 7 1 14
15 34 4 16
8 18 17 8
11 10 10 21
16 21 7 3
41 37 13 15
38 21 1 9
48 24 28 48
46 8 3 6
12 39 16 8
17 14 19 6
0 16 6 15
1 19 28 46
21 47 11 8
20 46 15 32
43 29 49 4
23 33 29 28
39 49 30 37
10 42 2 13
21 34 1 6
22 3 4 12
37 48 3 5
12 3 14 21
19 33 3 30
24 46 4 37
49 5 47 23
19 26 12 23
22 32 16 8
48 31 12 6
11 48 37 49
1 30 30 43
39 17 16 5
10 29 14 20
6 6 1 12
30 37 18 24
35 10 18 31
3 35 28 47
6 5 28 49
6 20 3 28
6 31 14 8
27 4 6 5
1 6 31 48
10 25 2 2
30 30 16 35
2 10 5 0
39 29 10 30
32 17 3 22
5 42 3 14
37 27 40 49
22 46 1 27
27 29 4 24
10 42 11 5
3 14 13 27
42 27 13 13
33 12 38 24
10 36 5 12
15 22 17 30
34 21 7 28
14 9 7 18
5 12 27 42
46 20 3 15
33 23 8 14
43 28 12 17
2 20 6 17
39 44 21 20
10 2 35 36
1 15 21 14
6 11 39 5
45 17 14 5
11 31 0 18
26 20 6 6
30 7 1 15
35 17 12 5
47 16 30 36
42 29 4 17
3 47 11 9
3 11 37 44
49 13 15 4
20 41 18 16
0 7 7 8
14 49 24 28
16 40 19 22
30 27 3 3
43 16 19 39
45 28 1 14
33 20 2 19
46 37 0 13
42 9 9 23
47 20 5 2
17 21 3 6
42 16 19 9
8 40 3 14
26 3 10 7
17 27 8 31
27 12 16 4
28 42 39 7
41 29 1 10
6 26 30 38
14 20 21 26
9 11 26 38
33 16 7 4
41 33 2 4
42 39 6 15
33 24 9 28
4 0 2 6
25 49 13 0
20 39 28 47
26 23 7 14
5 43 14 13
38 35 11 0
11 22 16 0
41 5 27 46
4 35 22 19
25 29 28 41
22 11 25 15
31 19 48 1
19 33 16 17
32 45 0 12
31 11 25 41
21 16 29 43
45 13 7 23
11 30 12 5
12 36 30 45
3 36 26 34
0 13 5 29
42 18 26 6
48 14 2 13
1 3 15 8
8 48 8 0
12 35 3 9
27 30 41 48
12 8 19 28
29 31 11 0
47 27 12 19
22 37 14 18
28 16 0 5
36 21 3 4
9 3 23 17
25 5 10 24
29 25 18 7
14 21 43 15
2 15 16 4
17 1 34 0
41 21 19 18
18 32 3 4
31 14 0 19
40 14 16 18
18 22 32 10
48 12 1 18
32 31 10 35
40 25 19 24
3 25 2 4
36 9 44 15
31 46 15 4
0 30 10 6
31 26 5 27
14 25 3 11
34 16 25 14
17 29 6 7
19 24 32 41
34 17 20 30
4 40 27 20
21 24 2 14
29 23 27 36
41 20 1 14
25 9 27 43
27 48 5 13
8 14 17 11
44 11 3 18
10 16 7 14
5 0 13 11
45 44 32 36
40 35 22 8
22 26 28 43
25 18 23 28
23 44 19 12
22 24 4 12
20 5 30 43
27 23 40 6
29 13 8 6
8 41 22 28
39 29 34 43
10 23 25 47
31 43 36 38
26 40 39 30
20 37 36 46
42 7 17 4
48 41 48 0
18 38 30 42
39 26 2 9
31 11 19 18
26 48 22 11
20 43 30 42
5 30 11 4
9 44 1 20
0 7 8 15
2 20 6 4
7 25 17 37
23 34 11 6
7 9 35 1
41 13 34 14
22 34 8 5
42 13 4 13
30 12 13 20
2 17 7 16
28 28 32 33
20 3 7 31
29 43 2 27
15 26 36 37
1 3 34 12
26 10 6 13
1 25 26 23
21 14 2 4
44 22 19 20
27 12 21 7
39 43 0 14
1 45 24 17
11 19 14 46
39 29 5 26
13 4 35 13
27 44 16 14
29 43 17 25
35 40 28 23
48 8 7 27
28 18 11 6
27 42 32 43
8 23 12 2
40 24 38 20
3 24 31 49
44 21 11 0
11 10 26 43
48 41 18 14
1 27 6 0
35 33 11 31
32 16 25 34
37 27 5 25
12 39 24 27
12 20 6 10
19 10 15 16
7 22 27 48
17 43 1 12
16 11 21 8
5 9 23 8
38 26 6 16
16 45 18 18
46 34 21 30
41 5 35 7
11 17 0 6
2 14 4 3
12 46 2 16
40 25 6 9
38 40 13 6
20 39 14 16
5 8 27 39
21 21 5 5
21 40 20 35
5 26 36 48
13 37 27 27
24 48 28 20
16 8 22 23
31 48 21 6
4 36 16 10
0 20 12 4
8 25 6 9
28 8 34 28
49 26 33 38
13 4 5 5
43 32 2 4
9 15 22 29
11 12 8 23
43 9 38 46
30 39 4 5
42 1 43 14
16 35 5 18
27 14 4 14
8 42 0 18
38 28 2 7
44 26 34 30
16 3 3 16
49 29 7 45
8 42 29 24
6 14 1 22
38 17 28 39
19 47 43 5
21 21 2 17
40 25 35 48
32 16 23 37
0 34 29 16
14 25 23 15
35 18 14 10
9 15 11 28
48 45 7 30
28 44 17 6
7 33 10 48
48 10 30 44
29 26 28 10
30 35 40 45
44 36 16 7
47 42 4 12
42 32 4 13
32 36 5 36
0 14 20 26
38 3 7 42
29 10 28 47
38 31 33 41
1 1 1 20
25 35 28 47
5 24 14 6
27 17 41 27
29 34 8 11
40 33 34 45
42 20 30 24
42 38 8 39
29 11 6 12
19 39 32 28
47 32 13 22
42 4 7 6
22 14 4 12
20 42 33 14
39 24 0 1
10 30 8 10
3 24 7 9
1 23 18 7
6 26 7 16
37 35 34 42
47 34 3 12
40 23 31 47
3 17 9 31
14 37 1 8
1 17 12 27
18 12 6 20
46 12 28 41
33 32 42 10
1 17 11 16
47 23 0 14
46 8 8 35
26 11 35 38
17 45 5 4
25 24 7 29
40 21 33 26
21 37 10 16
0 15 0 34
18 25 28 11
21 49 15 4
35 35 14 11
20 1 5 25
11 29 39 1
24 17 0 6
41 31 2 5
4 1 8 0
22 4 10 7
28 41 3 5
28 11 35 41
34 22 12 13
32 9 4 17
21 39 10 22
42 14 7 14
4 15 30 44
27 36 21 30
25 32 0 13
46 17 13 15
14 36 48 2
27 41 5 13
32 23 2 20
2 30 9 2
24 32 9 24
0 28 27 40
6 30 1 11
8 49 5 15
48 20 12 17
15 35 21 38
9 14 17 28
48 12 30 42
9 15 37 6
8 4 6 7
43 10 8 8
4 6 32 2
6 16 36 45
38 17 5 16
40 44 18 6
2 38 3 4
35 20 20 11
4 36 8 19
13 38 37 39
6 20 5 6
20 32 8 4
49 12 23 29
11 8 8 11
48 25 1 14
21 24 21 12
48 21 28 19
3 29 39 39
44 42 3 5
12 43 9 2
3 18 12 32
40 36 1 6
11 18 4 8
23 34 13 6
43 14 12 46
14 15 40 19
47 15 22 26
5 17 12 26
7 13 1 5
43 13 15 4
26 31 18 20
37 35 27 39
11 20 34 38
27 10 5 3
26 1 22 26
14 5 1 7
39 10 25 19
7 41 36 28
16 42 42 46
2 28 17 14
8 6 12 4
34 24 7 6
22 45 2 27
26 23 4 5
0 35 23 1
10 48 7 13
44 31 9 10
49 17 0 0
4 46 17 13
0 4 9 31
17 23 19 29
49 6 16 12
6 48 1 7
32 26 13 12
42 19 6 21
38 22 33 47
21 19 25 29
45 47 8 7
4 24 22 47
45 1 31 32
49 15 2 14
10 37 1 7
25 43 11 5
10 7 10 27
6 19 4 3
9 1 27 9
28 9 28 39
27 18 0 22
12 49 14 14
45 25 29 44
7 2 5 10
49 35 1 13
6 9 34 45
43 25 0 9
15 25 1 32
46 9 11 21
12 20 39 10
33 30 14 5
49 20 48 4
6 4 4 11
22 8 25 47
7 35 28 1
25 10 14 5
1 20 6 11
28 35 6 11
15 37 16 21
40 39 2 13
43 18 9 10
35 38 11 36
2 0 12 12
29 32 7 5
42 12 23 7
45 35 3 9
23 33 12 39
11 35 19 36
46 46 4 20
1 27 13 19
48 26 0 10
8 34 2 15
44 2 11 14
15 34 23 33
10 41 35 49
41 17 5 20
16 49 32 28
0 21 20 23
35 22 18 8
10 45 23 10
10 15 13 17
32 28 9 3
49 31 30 40
29 31 2 12
5 8 2 3
48 37 6 14
25 23 11 28
36 37 9 6
34 7 15 10
42 21 36 46
37 31 1 19
32 46 29 43
35 28 6 20
11 40 6 25
31 36 1 16
21 9 1 16
21 45 39 30
10 16 41 8
8 34 24 11
29 15 13 7
43 0 1 20
18 23 26 30
23 4 40 0
43 25 6 12
40 32 5 5
4 12 8 16
5 12 24 39
15 46 12 9
12 40 4 4
34 28 16 34
1 49 15 1
17 36 2 14
39 33 2 11
29 21 16 14
6 37 35 48
36 34 12 13
33 14 0 13
27 48 16 24
33 44 29 31
11 24 31 42
40 29 12 17
8 43 7 22
20 36 7 19
5 15 1 9
46 25 15 17
21 31 2 8
25 42 6 37
19 39 12 3
27 44 3 4
26 19 3 5
21 1 17 22
11 16 0 24
41 26 7 31
14 0 25 46
18 39 19 5
28 24 30 31
31 23 8 11
42 23 8 11
15 22 7 8
0 7 18 15
41 3 2 17
34 42 20 30
16 13 15 33
12 17 11 5
23 41 40 25
48 48 1 17
32 32 35 44
43 26 5 5
18 18 15 2
37 2 18 41
37 22 40 46
6 17 8 5
48 24 20 18
9 11 35 47
2 33 10 38
43 32 2 2
39 25 31 3
22 43 9 22
5 33 32 47
12 39 0 5
13 41 2 15
48 14 1 6
38 17 26 32
17 46 12 6
17 34 35 41
47 16 35 0
6 34 12 10
11 16 0 26
44 35 47 15
48 9 10 16
24 40 17 2
18 45 18 27
34 16 6 26
19 42 16 11
11 22 27 49
8 23 31 42
45 21 18 16
10 46 28 34
40 24 8 49
22 38 8 2
42 8 3 11
7 10 38 15
7 21 36 37
12 47 34 41
45 36 37 5
3 15 22 25
2 15 11 22
21 5 10 5
13 40 4 36
48 24 8 2
6 20 35 47
29 6 20 11
12 12 10 6
12 35 3 15
13 0 25 18
4 12 12 6
11 28 29 45
42 31 37 42
32 35 9 25
10 13 30 47
3 26 20 40
45 10 4 6
40 19 15 19
48 10 18 17
28 48 5 5
27 17 13 46
20 28 11 33
31 25 26 46
8 4 5 14
32 37 19 46
18 36 15 23
39 29 6 12
2 0 18 8
45 34 6 1
47 29 7 1
15 0 5 21
16 5 1 4
30 26 6 8
14 21 43 12
12 14 35 34
5 10 13 15
42 25 8 14
10 17 13 14
43 28 6 3
9 7 12 35
39 24 4 42
10 13 17 28
26 45 5 21
31 14 8 21
9 14 34 38
5 38 4 12
28 19 5 8
33 35 0 2
44 21 6 33
19 31 5 26
14 35 43 2
8 17 38 22
3 22 27 44
46 44 30 48
43 43 14 1
38 33 5 1
0 1 8 30
43 10 45 3
13 48 13 28
0 14 3 6
34 20 8 27
20 27 10 15
0 4 34 15
46 12 24 30
10 9 37 45
17 44 18 24
14 21 29 5
31 14 39 11
20 44 5 28
16 6 49 4
42 35 16 27
7 23 24 28
37 25 7 6
6 20 4 7
49 3 2 34
28 13 37 39
16 33 6 11
13 30 1 5
15 43 19 41
47 28 23 35
7 8 2 5
48 10 2 2
37 17 3 5
32 26 8 6
0 41 0 3
24 39 19 26
40 43 12 30
23 40 9 13
26 21 17 5
3 4 2 17
10 44 47 12
24 35 1 7
45 21 4 17
8 11 2 5
20 41 19 10
34 36 19 30
44 39 27 42
44 29 36 41
7 16 11 2
10 7 5 6
44 47 5 16
38 18 15 2
8 3 3 3
17 39 15 43
33 32 6 7
9 12 36 20
34 37 1 7
24 20 3 17
16 23 26 23
44 28 10 7
32 14 13 5
11 20 37 6
2 45 18 27
47 35 16 17
4 8 32 8
3 14 43 9
41 26 28 18
45 23 0 7
46 30 30 20
11 45 19 19
15 13 25 24
33 25 13 12
45 33 6 2
5 7 3 22
6 35 37 43
9 5 41 7
14 22 2 11
16 27 0 9
48 19 9 1
26 28 37 5
12 15 21 34
31 37 6 5
16 2 23 39
39 25 32 25
47 29 3 6
20 15 6 11
31 22 29 13
39 21 16 13
11 36 6 14
15 47 6 19
9 34 17 42
25 25 18 27
15 5 22 46
16 11 12 17
31 22 14 2
31 29 45 19
34 19 21 24
19 10 0 13
31 12 2 8
35 25 20 44
3 26 37 48
37 36 10 12
48 44 1 5
48 28 26 22
49 32 1 0
26 18 17 3
45 17 1 10
5 14 4 4
27 18 20 20
26 22 10 9
30 21 4 1
14 36 8 11
44 15 31 47
26 4 21 21
37 10 31 39
25 2 3 1
35 13 17 15
32 27 40 45
0 6 26 42
0 4 37 37
45 16 31 48
15 20 13 41
40 12 4 2
32 35 37 44
44 33 24 44
22 24 0 12
6 13 7 7
13 13 10 4
34 33 16 11
16 12 31 39
49 19 4 11
4 5 12 10
11 28 16 3
9 37 1 9
4 14 28 27
22 10 7 5
23 37 2 8
33 11 2 17
3 22 2 7
36 14 2 30
33 43 6 3
25 14 11 19
23 26 1 11
48 13 15 29
17 7 4 3
41 43 24 32
35 23 15 8
4 21 28 47
49 25 16 4
29 37 32 49
47 45 0 14
47 39 10 10
4 49 29 47
5 9 3 1
20 1 11 6
5 12 21 31
9 12 12 23
42 15 7 15
42 10 5 30
19 8 17 3
46 22 33 40
41 43 24 45
42 29 11 40
1 13 13 41
40 38 7 11
29 29 8 16
22 42 2 6
1 13 23 30
15 17 25 36
2 10 2 5
29 6 11 21
14 36 17 21
40 26 17 10
8 40 13 15
18 11 5 3
29 17 4 9
23 25 9 11
31 22 15 8
1 6 35 45
29 6 34 41
1 30 2 24
45 7 22 38
49 39 38 2
34 29 11 8
9 17 1 22
7 24 5 35
0 26 7 7
23 48 36 49
40 22 31 38
16 35 16 14
10 19 2 4
30 17 4 5
38 33 4 22
44 33 12 21
33 27 39 11
39 13 2 27
22 39 10 25
9 47 15 3
42 28 14 36
22 49 0 14
9 11 14 5
1 18 6 11
45 31 16 14
8 32 32 43
11 18 9 5
14 2 18 12
0 12 20 41
2 8 1 2
10 0 0 13
28 34 21 18
28 34 15 3
41 33 2 12
27 11 4 16
22 30 34 46
26 45 6 8
2 16 0 1
20 20 2 15
33 25 17 1
14 18 35 0
22 10 8 17
19 26 15 15
40 31 29 17
22 43 37 12
