50 1362 17651 800
35 7 3 2
20 7 3 16
19 22 11 17
39 5 19 44
36 6 29 48
8 20 12 24
18 5 4 10
33 1 3 5
33 15 1 10
8 47 3 1
34 17 19 32
9 21 2 17
2 26 4 9
3 10 2 28
41 6 9 11
10 18 3 3
36 0 2 12
9 27 6 9
4 43 6 15
19 21 5 14
27 39 16 18
14 21 7 14
21 7 1 9
9 31 3 13
4 33 3 7
48 9 23 43
35 15 1 15
3 10 1 13
0 6 10 10
4 33 4 42
38 5 17 21
40 5 30 34
38 5 14 38
29 8 0 10
30 45 0 27
38 1 19 18
45 8 26 21
10 35 24 26
41 6 7 38
25 29 9 12
13 13 4 13
13 28 14 41
25 17 8 36
19 23 29 5
40 29 12 15
4 24 1 14
40 10 0 11
41 19 12 41
36 6 4 8
8 7 4 42
33 25 33 15
42 29 14 20
35 4 7 15
20 9 27 23
37 20 4 11
38 5 30 21
11 48 2 3
38 5 17 33
47 23 14 13
28 14 4 5
33 14 8 3
3 4 20 27
28 35 5 27
36 5 30 20
24 43 16 41
15 39 3 7
4 40 27 41
40 3 20 3
27 3 2 3
25 17 2 5
40 3 5 17
40 4 44 11
18 46 21 22
14 12 5 40
24 26 8 17
20 31 0 6
25 45 9 37
13 31 12 0
21 0 2 6
46 27 11 11
41 4 10 6
8 1 2 6
28 48 8 1
1 43 3 17
12 17 2 7
37 4 9 4
24 16 36 15
27 28 0 11
25 24 8 16
27 42 5 12
10 30 6 6
17 39 4 13
6 15 17 49
25 3 16 19
29 23 9 27
46 43 2 9
34 8 17 46
30 2 16 18
19 21 25 23
7 46 15 32
33 5 9 6
35 38 4 14
3 17 4 26
20 2 0 7
25 14 2 12
30 25 2 29
5 48 22 27
13 18 12 41
11 38 20 5
34 4 46 32
27 39 8 16
42 44 5 8
37 35 8 10
24 23 8 31
15 22 7 18
35 3 18 32
40 30 0 12
38 4 2 12
7 8 22 47
2 28 2 8
44 5 3 12
26 15 7 6
6 21 0 14
16 24 11 16
13 13 3 9
18 11 28 30
22 35 19 13
38 6 15 15
34 24 33 15
10 11 25 39
18 23 36 17
9 42 9 10
39 32 13 16
40 5 10 16
39 20 1 3
17 1 7 24
22 20 18 46
44 19 9 13
13 30 8 3
25 20 3 9
41 9 5 25
2 7 18 40
30 26 42 13
34 31 6 7
8 2 15 12
32 47 25 31
44 30 2 10
19 13 21 3
39 2 4 4
39 8 10 3
39 19 4 12
43 19 12 31
46 21 6 18
15 21 0 8
5 42 7 17
3 34 9 35
16 42 8 11
4 44 21 8
20 25 1 8
35 14 11 9
38 4 29 21
36 30 18 42
13 33 34 3
2 8 3 3
39 2 3 14
16 9 3 1
11 14 18 21
8 9 1 19
1 48 7 20
27 37 2 3
2 10 6 9
22 11 25 22
5 16 19 26
37 8 5 37
31 23 5 9
5 16 3 10
0 3 25 6
29 17 24 3
19 1 4 0
22 34 37 36
38 11 34 21
29 17 5 30
19 47 1 12
1 43 14 9
14 25 19 20
3 28 8 5
38 4 5 11
43 6 2 35
15 3 6 31
5 21 9 10
43 3 0 6
22 33 15 17
30 13 12 35
18 11 2 24
19 10 3 4
5 47 13 36
36 2 36 26
37 1 10 42
36 3 5 14
29 29 0 1
33 30 22 31
12 34 6 37
34 1 3 13
42 34 31 12
9 18 3 17
15 15 18 43
34 3 33 11
23 13 0 17
39 21 0 5
24 16 7 4
7 33 5 9
18 22 1 12
8 7 20 18
38 6 6 17
35 26 13 36
8 15 3 44
15 28 9 13
16 18 5 3
44 37 21 35
15 11 19 23
48 20 5 10
9 0 7 41
3 28 14 17
20 38 2 1
30 32 11 33
34 5 12 44
4 29 4 8
3 7 1 10
26 17 13 35
26 30 13 13
48 8 0 11
21 4 2 10
39 4 3 12
2 19 21 34
6 48 18 25
48 42 29 40
3 42 21 5
26 21 22 15
16 9 17 15
16 48 4 6
5 2 7 35
21 27 9 8
3 49 10 8
40 4 3 43
29 13 0 44
11 25 30 20
5 44 3 20
17 11 20 36
19 42 24 37
33 41 16 33
20 19 6 0
9 22 14 19
42 3 12 17
0 10 3 14
37 5 1 2
27 12 8 1
29 15 0 5
14 4 7 5
25 43 10 5
38 5 3 12
7 10 27 18
41 30 1 4
25 17 1 9
41 5 4 40
41 42 9 9
12 24 11 9
40 8 24 41
15 21 12 12
24 35 3 10
30 32 1 20
39 6 11 6
3 33 31 41
38 6 14 38
25 9 27 40
21 14 8 9
7 24 7 4
9 41 26 27
34 3 7 14
36 10 0 8
7 42 9 22
15 4 1 14
4 5 23 43
32 25 6 8
10 18 4 4
39 5 5 12
27 34 9 38
26 32 4 6
18 30 6 5
35 15 0 9
23 1 9 7
39 2 4 17
38 5 3 8
19 23 13 7
23 17 1 1
12 27 15 32
8 12 2 12
38 4 16 33
20 6 2 0
20 26 1 7
15 10 15 45
23 28 39 33
37 3 3 11
40 6 3 13
40 0 17 1
2 45 3 7
14 27 6 37
43 6 5 13
38 4 11 29
25 5 8 14
9 18 6 13
24 5 15 12
13 27 30 26
39 0 7 0
47 25 38 18
24 37 27 0
7 41 4 14
14 30 0 3
13 38 6 14
24 10 6 14
39 26 6 10
24 11 10 37
8 1 18 3
16 19 7 39
6 19 24 27
49 19 5 13
37 3 10 30
9 21 1 8
40 7 0 9
33 17 38 17
4 39 3 8
21 29 3 7
40 18 12 21
35 7 7 15
19 1 8 23
13 36 24 23
6 2 29 48
40 25 15 20
10 5 6 40
2 27 20 32
41 2 4 9
37 4 29 38
35 26 15 23
19 29 0 10
42 8 0 12
22 18 6 46
9 29 13 30
23 31 12 29
35 16 22 38
12 45 2 9
40 5 2 6
39 6 4 13
1 17 18 21
42 5 12 35
29 3 0 7
37 1 1 5
0 46 1 9
21 16 14 42
3 18 0 8
11 43 4 42
23 40 21 32
15 4 3 4
19 27 2 12
38 1 7 14
34 25 4 7
37 4 1 6
18 40 2 13
33 13 4 15
35 18 2 6
21 2 3 5
40 6 5 3
23 35 16 40
11 43 5 11
31 31 11 15
6 6 15 19
36 24 6 20
40 2 14 10
4 36 7 12
6 34 15 28
2 18 4 14
23 2 14 39
3 14 21 32
27 22 2 18
18 25 24 19
38 6 9 20
35 23 4 4
13 16 7 2
6 31 22 33
11 39 4 6
44 8 12 24
37 19 7 14
4 41 9 25
48 25 5 26
39 7 3 6
24 24 12 49
6 15 29 9
12 44 2 10
17 2 12 5
6 42 4 12
27 5 17 44
23 20 16 13
37 3 17 29
5 8 14 42
21 16 31 15
19 30 1 5
15 6 12 1
31 46 0 5
4 30 5 7
36 20 18 5
6 29 1 26
5 22 11 36
20 22 0 2
13 41 8 8
1 24 13 21
34 24 12 23
28 11 1 0
37 3 4 3
31 37 0 13
24 28 13 5
17 40 1 8
28 37 43 40
1 47 9 29
38 4 19 10
39 36 1 11
20 49 31 26
17 24 2 6
18 40 32 42
40 3 19 31
22 24 29 32
41 4 7 44
39 4 2 37
49 8 2 5
29 5 4 7
35 5 13 24
31 12 17 38
2 44 6 9
37 3 11 22
2 46 0 10
14 40 3 7
29 28 20 46
21 3 1 5
46 14 8 11
8 23 4 12
34 4 9 10
11 18 5 4
38 1 1 7
6 0 15 23
37 1 28 28
13 22 17 33
33 35 7 29
49 24 18 30
40 5 24 35
22 44 2 8
14 31 13 24
13 31 15 8
24 9 1 10
4 34 1 11
7 35 2 30
15 35 21 30
20 40 0 9
32 45 22 44
38 1 27 37
35 4 1 7
40 1 45 23
0 15 13 5
11 49 42 23
31 22 13 20
46 31 17 28
39 3 19 24
44 9 16 33
41 2 15 7
41 4 3 16
38 4 0 9
27 28 36 17
37 4 17 7
28 17 0 8
30 45 19 41
25 21 3 7
14 37 8 7
12 16 6 9
37 39 7 2
27 41 17 41
14 23 12 9
36 12 1 24
23 31 31 36
2 8 3 12
45 16 0 14
12 7 1 6
49 17 7 28
11 7 14 34
35 15 9 9
33 13 24 28
1 45 0 10
5 28 6 2
43 10 3 13
43 14 14 26
16 13 10 39
46 5 3 11
9 5 4 7
20 9 19 40
34 22 12 1
42 3 19 6
14 22 4 34
13 20 12 3
37 4 0 9
4 37 14 21
47 11 0 6
21 29 3 5
9 8 8 20
40 3 15 26
22 25 31 8
33 12 30 7
38 4 7 25
15 32 20 20
40 7 24 43
15 41 6 5
36 4 1 8
7 11 37 16
30 26 3 37
28 20 13 8
15 21 7 29
39 4 0 13
3 23 5 2
20 39 4 11
4 38 17 18
8 10 5 34
9 43 5 10
6 29 1 11
37 6 4 19
38 10 1 8
10 22 6 16
9 21 45 7
8 18 6 4
3 35 3 9
36 23 0 21
19 33 21 8
41 7 14 14
21 47 10 39
15 2 4 8
8 14 11 3
24 19 14 41
14 36 1 2
37 0 40 26
5 45 9 14
18 22 4 3
10 6 19 39
8 0 1 15
18 15 10 39
7 0 2 10
37 4 7 8
49 13 2 7
36 4 5 8
35 1 5 10
44 27 24 14
16 18 2 15
9 2 2 5
30 29 11 23
39 3 22 27
22 2 2 8
34 5 4 4
12 25 22 34
23 9 5 7
40 4 9 25
34 20 4 5
16 2 11 10
29 14 1 9
8 37 3 22
38 4 21 2
36 1 2 43
8 18 14 39
25 27 1 7
39 3 5 13
14 22 29 36
19 8 4 4
43 18 4 9
13 46 8 24
31 47 12 9
7 19 20 31
3 42 5 5
3 21 16 39
6 0 20 3
25 37 21 46
9 22 0 13
22 7 18 34
4 13 15 28
30 10 2 11
10 37 16 23
39 30 1 6
10 37 1 13
8 39 9 35
14 19 19 37
15 26 20 42
36 3 37 19
40 4 0 4
31 9 25 29
38 3 7 10
9 28 45 14
12 7 7 9
8 5 3 17
8 27 4 8
28 2 25 40
28 10 7 15
19 33 6 9
13 19 9 2
20 26 22 29
47 27 2 1
44 15 10 4
36 4 12 45
35 47 27 47
6 23 7 1
10 18 6 10
49 37 14 42
3 5 5 12
15 22 20 40
26 48 2 13
6 35 0 6
20 45 11 12
32 24 0 4
26 14 4 7
13 13 6 8
8 29 0 4
8 29 29 34
19 25 5 9
40 2 10 29
4 10 6 38
14 16 5 8
5 13 4 9
3 36 16 46
1 8 28 15
17 47 20 40
8 32 5 20
31 36 2 10
39 7 7 11
34 3 17 16
19 32 1 11
18 21 12 11
34 28 17 41
16 15 8 7
42 29 4 11
16 39 2 12
29 41 34 37
2 9 21 48
36 25 1 7
3 19 23 41
38 4 23 26
44 20 0 5
5 7 11 22
25 12 15 38
12 19 9 6
28 12 0 5
39 39 17 0
38 7 3 6
17 43 4 12
39 32 13 10
0 38 0 15
35 39 15 23
39 3 9 2
28 7 32 34
0 20 19 33
38 25 9 9
30 5 6 4
0 25 27 29
27 19 1 13
14 14 10 47
36 14 9 4
27 14 17 40
23 45 3 46
4 43 24 36
1 1 0 9
32 23 2 5
37 25 14 36
16 27 7 5
35 0 0 15
6 32 6 1
3 34 12 4
30 13 11 38
19 36 1 3
34 15 13 41
39 2 21 30
3 18 7 21
9 15 22 25
43 23 4 5
12 27 8 21
6 37 5 11
40 15 7 8
23 30 7 11
20 28 15 36
37 20 41 30
8 2 12 4
24 41 12 40
27 31 4 6
1 14 9 11
24 23 17 27
42 5 9 13
0 39 7 35
21 29 18 19
19 47 2 6
41 45 21 34
14 34 8 9
0 34 0 14
35 5 12 32
20 10 6 9
47 15 19 30
39 8 20 25
4 17 4 11
36 27 6 41
38 17 15 31
5 13 3 8
12 9 3 31
3 47 13 49
21 29 17 33
16 16 4 12
3 4 18 19
38 3 22 41
22 25 19 35
36 29 7 39
35 22 16 22
22 18 1 9
5 19 3 7
40 4 15 33
25 46 4 5
41 2 8 9
2 26 4 5
13 34 7 10
15 38 6 24
27 0 36 18
33 34 4 12
46 0 15 15
38 4 16 13
37 0 11 20
21 3 16 24
17 22 14 38
26 47 16 31
36 2 3 1
32 27 7 15
38 6 9 22
34 2 3 10
38 3 19 1
34 9 7 3
40 30 2 9
7 24 12 8
27 8 21 20
27 19 20 35
46 33 14 35
14 7 0 8
15 13 18 31
47 14 32 24
13 12 4 34
39 3 8 12
38 22 2 24
16 15 18 21
40 5 3 0
36 3 18 20
40 10 5 37
34 21 5 30
30 13 18 15
6 43 11 5
9 31 8 5
6 33 1 11
1 31 3 8
27 36 11 19
37 3 39 28
5 9 1 15
5 28 4 12
4 35 2 10
48 19 10 41
16 20 4 5
37 4 2 6
10 37 33 40
30 28 6 26
38 21 19 39
46 8 32 13
5 44 10 7
18 38 14 7
26 49 21 34
26 17 6 8
36 9 21 28
23 16 26 24
24 42 4 6
10 0 21 32
9 8 4 7
19 12 8 9
29 15 37 29
39 3 39 19
10 39 14 14
37 4 20 29
37 3 17 37
9 21 21 43
15 27 0 13
25 10 15 10
43 23 2 15
49 8 20 32
49 1 12 26
16 39 7 32
8 24 8 32
5 36 4 8
20 35 46 33
38 37 0 9
22 13 16 9
4 40 1 5
9 25 17 44
37 5 30 45
40 3 24 18
22 12 4 10
7 9 14 17
17 5 14 39
40 4 5 8
4 36 8 8
18 8 10 18
3 47 1 10
42 3 2 7
24 28 14 15
23 33 26 4
5 31 1 17
28 49 6 1
15 3 35 4
14 23 5 0
23 35 12 4
27 14 12 4
39 3 12 15
10 17 10 5
38 3 14 14
7 26 0 6
25 9 6 4
41 2 10 41
12 34 29 21
11 9 27 39
1 28 1 7
6 0 17 27
15 3 8 37
35 5 11 40
0 13 13 20
10 18 38 3
11 23 11 30
7 9 14 28
41 6 17 17
19 48 10 26
27 22 22 29
37 2 1 12
21 27 6 13
23 9 5 8
24 35 1 15
6 20 6 12
13 14 19 36
32 8 3 20
4 30 3 5
16 22 28 11
42 5 4 8
17 36 2 14
14 47 1 20
15 26 2 8
37 4 11 22
29 24 5 9
8 2 6 12
33 21 6 10
37 1 14 32
0 28 11 12
40 12 8 6
18 20 0 3
35 23 1 8
33 28 4 11
11 11 4 9
12 28 33 36
31 19 7 5
34 27 0 6
44 4 18 18
41 23 46 23
2 6 19 26
42 27 1 0
34 48 29 29
27 10 3 14
28 24 6 6
10 34 42 13
4 19 17 23
19 14 21 23
38 7 1 4
35 19 4 46
41 3 0 8
40 27 1 2
40 15 14 48
0 37 6 14
17 35 10 2
10 6 1 11
29 3 9 2
37 6 3 11
0 10 12 1
43 19 1 10
11 17 8 4
37 4 8 34
15 11 3 13
47 4 22 41
15 12 30 48
27 28 15 32
28 35 7 17
30 25 9 10
33 4 5 14
10 19 6 10
43 26 30 34
8 20 0 10
16 23 23 6
37 4 11 2
19 29 28 21
42 5 16 22
26 26 24 40
17 36 12 37
36 14 14 29
7 22 4 8
0 38 5 9
37 3 26 33
27 7 7 10
47 21 17 49
12 6 5 13
8 45 43 31
5 44 6 0
37 2 10 27
28 11 4 10
11 45 2 8
33 21 16 36
11 42 9 13
9 48 8 14
10 35 4 13
41 26 7 13
36 12 9 14
39 24 5 42
4 28 15 39
48 11 7 22
13 36 11 16
39 4 7 34
10 12 4 30
33 32 3 1
4 49 5 8
15 33 3 7
35 10 2 11
30 15 18 31
6 32 1 17
7 31 14 11
19 11 5 9
4 22 3 10
8 29 6 5
12 19 6 44
22 17 42 16
24 30 6 5
5 5 18 47
18 8 3 7
5 34 42 23
27 27 0 14
23 28 3 9
49 29 4 32
38 14 15 27
18 24 11 23
11 6 22 32
31 17 0 7
15 25 2 5
13 44 0 1
39 3 14 1
27 19 0 7
38 5 5 8
4 44 0 8
15 43 5 49
38 3 11 9
8 22 6 18
14 10 16 21
13 22 5 12
36 2 7 5
14 28 17 46
34 4 9 3
28 35 5 17
7 33 2 45
9 7 5 30
1 23 9 39
48 24 2 8
12 14 14 21
40 29 3 10
5 41 7 35
43 30 5 10
44 3 20 19
3 42 10 8
3 33 6 13
15 19 0 12
10 25 7 5
39 6 22 8
17 26 7 9
37 3 8 38
13 14 6 18
12 24 1 2
11 43 16 16
5 20 1 29
24 45 22 39
45 19 5 6
37 3 30 35
16 27 25 15
15 19 2 3
9 41 9 26
29 14 31 37
18 25 3 10
13 35 21 26
45 4 8 11
20 15 3 4
17 19 9 7
41 3 0 8
0 39 4 10
29 2 7 13
3 26 2 10
47 13 7 9
36 2 31 15
40 3 21 28
21 15 2 1
33 10 21 24
2 28 26 23
3 28 3 7
30 7 5 5
14 21 16 9
4 35 3 13
32 40 4 9
42 35 6 24
43 7 0 17
27 20 9 4
38 3 17 45
0 19 5 14
20 7 17 31
19 48 19 40
38 4 2 9
40 1 9 7
37 3 5 2
37 4 3 11
7 35 25 14
7 33 0 5
34 17 12 2
8 11 8 6
46 27 12 11
38 27 2 10
33 11 30 6
38 5 7 6
37 4 19 29
27 16 1 8
13 33 14 20
36 4 3 12
32 40 0 11
34 1 17 33
30 20 8 18
29 8 27 37
11 46 8 1
31 11 1 9
24 24 12 41
10 7 9 15
5 22 3 8
7 21 4 5
49 17 6 15
40 3 4 4
21 11 25 24
41 2 24 20
8 15 3 4
16 40 8 12
8 37 27 32
20 20 15 40
16 24 9 16
1 25 6 7
2 35 8 7
39 5 15 46
38 12 1 48
37 19 13 32
22 4 15 41
36 2 10 18
31 22 25 18
14 39 9 18
26 28 12 8
8 14 6 10
21 22 13 3
5 29 12 3
13 20 12 32
18 31 0 10
27 36 10 3
24 13 3 25
24 20 11 34
39 3 6 8
43 9 19 47
42 32 1 3
25 24 4 9
3 20 6 3
9 32 12 39
15 24 2 17
17 20 5 14
39 0 13 47
37 3 19 4
32 26 0 9
43 5 11 29
42 26 2 6
34 23 28 40
36 1 8 41
12 44 42 18
36 2 23 35
20 41 3 7
34 5 6 34
5 34 5 9
9 23 5 18
40 6 4 17
18 7 3 21
0 45 9 26
22 25 14 32
40 6 5 7
48 18 6 22
37 5 11 19
8 40 10 5
21 31 4 30
14 19 18 6
9 36 5 5
8 15 11 40
38 4 12 15
17 28 7 13
14 17 8 24
5 47 6 36
22 12 28 30
16 25 19 45
13 19 18 42
35 5 2 0
1 42 0 14
9 18 2 13
14 29 9 0
40 2 13 11
27 18 7 8
39 16 2 11
38 31 1 6
47 31 3 9
12 16 20 45
42 9 5 10
20 12 5 6
1 17 4 39
8 40 9 44
1 29 6 9
16 14 10 13
34 1 21 26
35 15 4 10
15 23 5 15
12 43 0 49
9 44 14 42
28 28 7 26
20 22 1 40
11 34 18 30
40 1 0 11
19 33 5 13
1 8 43 14
22 22 8 13
28 28 2 9
39 1 5 8
32 26 21 29
2 16 21 23
40 6 12 12
42 17 10 49
40 6 5 8
40 20 24 2
6 16 12 9
34 15 3 13
44 7 4 12
33 28 15 21
6 14 5 19
8 17 10 20
22 3 5 8
14 20 30 40
37 3 0 14
30 3 12 30
1 44 4 12
17 10 5 16
23 43 27 20
15 33 2 33
33 0 8 9
9 39 49 21
1 42 29 8
19 45 20 18
49 30 4 7
10 43 1 23
41 4 9 5
4 40 6 10
4 21 14 8
41 1 24 41
23 6 4 32
15 32 39 6
0 46 3 8
26 32 17 17
20 38 5 4
2 42 8 1
41 8 1 7
38 4 15 49
17 41 5 3
33 18 5 12
16 29 8 34
39 7 17 26
23 35 13 24
34 5 9 5
10 1 6 5
15 47 2 7
7 22 0 17
10 36 13 24
43 5 42 28
14 31 7 8
33 33 5 10
19 4 16 8
36 4 18 49
40 4 1 8
5 25 6 35
7 31 0 2
39 19 4 10
5 22 3 34
34 3 10 29
6 14 28 39
16 13 6 5
1 29 14 20
3 30 6 5
13 30 33 20
41 2 5 2
23 36 15 11
8 14 18 28
23 17 34 35
17 18 12 4
38 24 17 36
6 21 9 16
39 14 22 39
21 24 3 12
38 2 2 27
34 22 15 11
19 27 26 25
3 28 5 11
28 36 13 43
14 9 19 22
14 21 12 39
24 19 8 5
7 2 17 40
13 46 8 8
41 21 19 34
19 44 5 21
19 48 9 6
12 22 18 3
3 13 11 9
40 0 20 32
34 3 6 10
29 12 7 22
7 9 22 46
47 24 4 30
10 38 2 11
32 16 4 10
39 3 3 7
15 9 43 3
14 15 3 19
41 3 18 45
6 26 24 28
19 15 17 43
39 6 0 11
34 2 11 12
36 33 48 23
6 16 7 5
4 28 12 30
35 16 10 16
29 14 12 26
7 33 3 10
8 25 2 8
16 31 4 2
38 2 39 35
40 8 20 10
27 29 22 14
16 4 6 15
41 31 0 6
39 5 5 10
17 14 9 14
6 20 28 36
41 37 28 47
16 18 4 27
47 32 20 28
15 44 2 7
26 25 7 1
36 4 26 20
26 33 1 10
44 45 5 11
18 40 5 1
4 22 45 15
12 29 19 23
37 4 13 31
23 46 28 27
48 37 21 49
14 19 3 5
22 6 27 24
26 43 7 7
14 37 4 9
27 20 2 5
19 33 13 29
17 13 4 34
7 20 6 1
16 44 27 20
5 11 2 6
3 9 4 4
6 33 2 8
3 18 9 39
0 30 5 7
40 1 0 12
36 3 4 19
0 38 2 2
39 10 28 37
24 0 48 27
38 8 8 12
13 47 6 11
35 4 9 8
0 44 2 2
13 36 18 46
20 28 9 4
11 19 5 4
7 31 11 28
46 24 39 25
9 11 6 15
5 32 3 12
7 13 34 29
11 45 25 49
14 4 11 14
37 0 13 33
33 7 15 17
39 5 6 10
33 20 1 13
16 12 19 30
33 21 4 16
24 33 19 3
48 49 2 14
33 37 0 3
0 27 8 4
35 28 17 23
41 40 3 34
38 10 4 9
26 8 7 10
35 30 27 21
22 21 4 8
5 34 39 34
31 23 14 12
36 6 17 37
6 49 3 11
38 7 23 22
22 40 18 34
34 9 7 43
40 28 16 4
30 15 18 39
10 40 6 8
22 24 15 40
39 1 7 12
36 4 26 15
30 10 0 17
11 34 9 21
45 12 1 8
7 32 2 8
36 37 2 7
38 3 8 16
40 3 9 26
42 4 0 14
24 5 5 18
37 4 6 11
32 33 5 9
36 9 1 7
14 13 3 9
7 44 3 6
31 36 5 2
8 24 7 10
30 2 3 39
11 48 0 4
41 2 9 12
5 35 28 47
35 7 9 12
12 10 14 30
18 27 2 37
42 5 20 32
