50 512 15788 800
30 20 18 14
35 14 14 5
13 27 20 32
17 11 8 32
25 12 13 4
29 19 20 2
27 24 2 18
41 48 14 31
41 35 36 1
15 26 38 35
41 28 14 30
33 14 40 36
23 28 16 16
20 3 37 45
27 2 34 11
13 26 35 40
10 39 25 44
27 42 35 0
26 25 12 10
35 21 39 49
27 28 30 26
20 35 10 15
26 16 41 10
1 6 19 27
27 20 24 49
45 11 25 35
21 32 34 46
44 9 9 43
48 25 25 33
19 23 42 40
20 3 34 37
18 16 38 2
7 36 29 49
23 4 35 40
24 4 10 18
10 40 21 19
23 15 42 29
17 37 17 16
25 20 0 7
23 8 37 13
21 0 14 18
21 6 34 45
0 23 31 46
40 35 35 21
32 37 8 8
22 4 8 49
23 6 17 49
28 11 19 14
28 28 29 38
31 32 33 35
27 1 17 14
36 46 22 37
28 6 27 45
28 25 16 30
39 30 28 23
24 7 21 35
9 42 23 22
35 10 28 19
27 22 41 44
23 3 15 14
12 22 41 42
17 20 49 42
1 33 39 42
25 12 38 43
22 5 23 23
11 36 47 38
10 20 28 9
23 29 44 13
16 39 31 30
28 25 34 17
19 1 19 25
43 40 39 45
22 16 20 34
40 1 34 21
23 2 6 25
5 34 47 38
32 21 17 19
48 38 31 1
14 19 36 5
27 18 3 13
31 20 14 23
41 47 28 35
21 1 41 35
19 2 17 32
24 36 17 29
28 18 31 6
15 24 38 9
33 10 30 12
30 24 34 41
34 9 25 18
8 31 49 3
27 23 12 33
24 3 44 33
17 17 17 47
23 3 5 9
21 4 33 5
2 47 22 12
22 39 48 39
29 34 11 20
43 35 38 25
25 13 31 42
26 12 21 32
49 45 43 35
48 28 23 42
23 0 36 22
26 38 45 29
7 28 1 25
2 20 30 36
26 47 42 32
35 41 31 30
18 18 31 41
19 16 31 48
27 24 13 5
17 42 33 38
34 34 33 27
30 19 42 49
20 7 32 27
31 17 22 3
46 40 45 46
30 10 27 44
24 49 18 25
4 32 29 6
24 36 2 26
29 15 36 38
20 42 26 20
31 30 26 13
46 9 43 42
25 25 29 17
27 6 20 4
40 7 35 15
22 6 38 36
24 3 30 35
31 10 2 12
18 41 22 30
26 1 19 20
25 16 33 47
13 35 38 16
1 16 5 18
21 17 43 36
20 10 27 20
30 24 33 44
26 12 27 25
0 26 17 19
28 49 13 17
15 37 13 17
24 19 18 18
44 40 11 4
23 2 43 42
18 8 40 48
35 39 44 38
31 16 29 23
21 2 1 2
32 43 23 30
17 16 12 2
6 21 9 33
37 13 28 35
15 34 34 35
40 21 16 11
26 1 41 42
25 19 38 38
39 19 30 39
35 20 35 44
23 30 13 41
23 1 34 18
17 33 35 11
13 18 9 17
37 17 32 11
17 13 46 27
17 11 31 14
2 28 14 24
31 43 23 24
24 1 17 32
31 12 31 31
24 26 29 14
29 34 26 21
36 44 31 18
35 23 16 28
19 3 46 19
27 15 22 32
31 43 39 34
12 26 21 26
23 43 18 4
37 13 34 19
19 16 40 16
27 19 39 34
10 32 14 26
34 32 40 43
21 32 18 1
21 22 41 4
1 39 12 19
21 1 14 15
30 10 10 25
26 43 44 43
28 2 24 47
14 27 13 6
23 1 4 16
32 18 4 32
2 42 23 30
9 34 3 14
43 23 37 43
19 35 17 29
16 32 18 1
34 33 38 40
44 33 25 5
17 10 8 26
21 1 22 28
18 16 20 41
30 18 33 27
29 18 4 23
19 34 14 9
22 6 16 33
42 7 13 13
33 21 14 22
18 8 22 5
26 12 37 42
26 16 41 49
5 30 17 8
25 43 14 17
2 27 41 47
20 44 20 15
24 47 33 42
10 32 26 21
33 37 8 23
29 27 42 46
32 33 20 49
22 26 36 36
12 35 26 37
19 31 26 4
43 27 44 48
29 13 20 30
14 44 9 18
19 19 21 29
17 38 42 34
24 14 11 17
15 45 33 9
4 13 8 14
8 40 17 35
30 18 14 17
15 29 39 49
22 29 35 18
6 16 35 9
23 44 25 27
20 2 13 30
26 0 21 5
9 30 38 24
28 16 10 22
38 31 42 5
34 14 24 19
33 14 5 2
25 4 34 3
44 27 29 35
33 47 28 19
3 20 9 32
10 27 44 48
21 3 14 30
24 23 42 44
35 30 3 11
28 7 32 12
29 18 32 38
37 12 15 2
23 26 24 36
20 1 15 25
28 16 35 32
6 39 33 2
13 15 33 45
38 46 20 32
31 3 12 21
37 37 20 30
25 1 38 24
27 12 16 23
14 9 42 46
16 37 22 14
18 16 12 21
11 23 33 4
24 31 30 49
44 34 36 46
29 20 28 15
19 47 20 27
41 30 27 23
4 27 23 25
15 38 34 39
19 3 46 4
23 11 34 40
38 18 48 3
20 22 29 25
27 7 12 26
15 27 19 34
37 21 35 11
16 46 10 33
16 46 8 34
19 17 25 13
49 19 9 0
23 21 32 37
24 23 19 34
38 37 44 7
2 33 33 40
49 39 46 47
43 20 13 39
21 2 39 4
26 14 28 38
12 32 21 11
15 15 30 38
27 35 8 13
48 38 35 4
35 24 10 41
35 40 21 40
32 9 17 38
27 49 42 48
23 2 15 22
15 25 44 45
28 15 5 9
25 21 17 22
15 15 11 29
24 20 18 3
15 18 36 38
34 27 39 37
14 44 10 19
24 13 33 33
31 24 36 36
30 38 32 0
17 11 22 26
28 35 29 6
13 9 42 9
11 22 25 41
35 39 14 17
31 31 13 21
15 17 39 29
8 33 34 33
15 14 12 22
24 10 42 46
18 14 27 28
25 32 43 43
31 20 41 46
20 16 43 46
21 17 20 28
12 16 27 43
22 44 34 25
5 12 28 37
17 13 17 42
33 33 24 42
18 15 12 15
24 28 14 0
41 30 18 18
36 10 14 19
22 25 34 14
0 36 41 49
34 27 19 30
18 34 28 29
22 12 42 11
23 22 25 18
18 12 7 38
31 27 14 19
22 29 38 11
10 37 41 40
42 49 18 6
25 1 15 28
2 29 24 38
28 15 11 28
11 20 22 17
48 34 24 38
22 35 6 37
2 49 22 19
22 6 18 25
26 16 19 10
15 32 13 13
25 30 47 9
33 15 37 49
2 36 14 38
19 32 48 5
27 14 32 40
26 27 40 40
26 18 16 34
14 15 41 46
17 1 42 22
37 30 0 21
9 30 44 8
22 1 23 36
35 24 19 35
28 44 29 8
43 7 47 3
32 40 26 35
30 25 15 11
27 17 26 1
24 1 35 43
35 36 42 43
26 16 37 38
48 43 36 11
42 30 15 29
33 23 39 46
8 49 26 9
27 19 44 16
25 28 47 45
35 1 32 6
44 24 29 47
34 46 33 3
14 28 13 17
48 25 10 42
9 23 36 7
44 38 32 14
24 13 22 20
31 4 24 34
15 10 25 29
40 24 32 43
13 38 46 32
44 17 23 14
11 26 35 39
28 38 9 26
21 17 37 43
22 5 13 24
25 3 27 40
43 46 28 24
42 42 10 23
29 38 21 28
24 47 29 17
8 7 2 1
33 4 48 12
26 37 16 31
23 18 0 2
26 18 9 7
18 5 14 20
0 29 42 45
25 2 18 29
18 22 33 32
23 31 33 37
27 26 8 0
26 15 19 27
48 30 18 30
20 4 38 23
26 1 40 43
23 16 46 37
26 42 48 30
7 28 43 38
25 2 40 29
27 2 27 8
22 28 8 17
29 20 14 32
28 21 21 47
9 30 19 19
42 33 43 44
26 14 43 46
39 19 15 14
23 4 14 17
0 28 46 46
46 4 40 44
19 25 19 18
14 34 16 24
27 2 37 14
24 7 35 8
11 16 42 37
3 35 41 33
35 24 20 28
16 14 28 21
15 19 33 44
13 30 19 11
31 22 31 2
17 42 24 7
22 2 43 47
29 3 22 46
36 2 8 14
23 15 42 32
47 7 12 1
19 1 41 49
14 40 2 4
12 12 11 19
4 5 45 42
24 27 14 19
23 17 37 34
34 0 23 36
23 0 36 48
15 18 29 45
33 13 19 17
22 1 31 21
26 42 49 2
4 34 23 42
2 34 25 8
7 20 13 29
27 19 0 4
19 33 39 19
18 0 32 36
13 15 25 4
13 33 18 28
34 19 45 41
37 37 13 28
18 34 5 2
39 15 26 40
33 16 22 5
22 10 36 47
4 27 14 13
46 14 8 2
32 28 42 37
27 20 34 25
17 18 42 8
33 18 29 9
39 14 35 47
22 0 4 18
24 49 27 38
21 19 13 29
32 19 16 21
28 15 26 33
19 8 27 11
27 27 43 41
33 25 10 29
21 14 47 44
21 13 12 8
33 33 35 36
21 49 29 5
2 39 17 38
45 47 4 23
9 18 40 46
20 38 23 28
7 23 24 46
27 38 31 44
