50 58 17014 800
2 43 49 42
34 6 39 30
2 48 30 12
36 28 40 24
32 9 4 9
40 40 23 29
33 5 20 29
9 42 49 3
46 41 2 16
43 41 29 18
24 18 42 10
6 47 16 3
30 45 29 25
42 24 34 12
32 13 43 15
37 48 9 45
38 46 47 41
3 41 9 28
40 44 47 25
40 2 42 18
48 46 20 45
32 6 27 13
1 44 3 19
6 39 14 40
6 40 34 39
42 4 21 13
10 33 13 42
7 43 21 25
8 47 30 48
7 46 42 25
5 37 34 16
39 12 46 42
42 47 9 34
8 37 23 9
45 16 38 14
11 43 48 14
2 48 25 14
34 29 38 25
4 34 20 21
10 13 38 34
18 44 47 2
35 41 41 5
45 27 21 12
5 44 45 10
9 41 35 33
39 20 14 9
33 43 12 11
14 37 30 11
36 23 29 43
5 44 33 15
43 44 6 6
29 2 37 34
5 47 1 9
10 41 30 32
13 40 34 18
40 47 29 10
0 35 30 17
38 10 40 2
