50 55 18263 800
33 27 29 6
45 8 9 35
46 4 19 2
28 16 20 32
1 21 26 44
22 23 23 2
3 41 27 34
30 13 4 36
24 39 31 17
3 32 49 39
39 3 19 23
35 7 33 24
40 35 5 28
18 45 19 19
15 33 30 4
43 36 9 40
22 18 37 39
35 37 10 21
44 8 20 3
34 37 46 39
32 10 44 37
3 42 5 36
22 15 36 29
15 13 25 0
14 11 28 14
20 25 3 19
1 12 6 26
23 5 26 47
46 9 34 38
38 14 33 11
19 36 37 35
38 18 30 30
26 13 23 23
19 28 34 22
42 19 8 41
38 15 1 38
9 22 37 10
2 40 9 42
46 8 46 40
10 9 39 37
9 38 29 47
49 21 46 45
23 14 3 30
44 10 18 14
29 24 21 48
37 10 10 17
13 13 4 3
39 20 18 17
49 5 29 6
17 43 23 12
4 46 20 23
5 18 18 10
12 49 9 43
43 11 8 43
27 12 36 28
