50 694 17539 800
20 38 27 22
12 45 43 28
18 39 29 27
11 36 34 33
15 24 8 2
5 27 22 44
7 4 35 31
0 33 31 31
4 38 37 7
21 38 27 29
12 48 25 42
18 17 41 35
10 28 21 48
32 19 19 44
26 32 46 33
4 37 15 44
23 9 42 33
17 11 43 4
0 45 16 48
12 11 33 42
12 33 23 27
20 17 34 29
12 33 26 25
32 21 26 48
6 38 45 9
5 29 27 31
16 42 12 49
20 7 35 33
18 9 33 29
40 47 28 34
18 29 27 23
11 47 19 33
23 25 30 31
46 27 31 49
11 44 24 47
21 16 33 36
19 9 20 49
6 44 26 32
13 34 11 0
43 24 28 13
12 35 9 40
18 41 21 33
13 40 27 29
35 46 22 29
17 10 16 38
18 17 27 31
12 28 18 35
3 48 33 31
44 28 36 29
17 48 37 27
44 43 45 23
32 46 20 33
3 32 23 47
5 26 27 32
24 16 16 45
6 49 32 34
1 34 28 35
11 42 27 27
40 26 34 35
17 36 21 37
10 2 38 27
12 34 12 47
29 47 13 1
21 44 27 40
10 44 23 31
23 45 16 1
18 30 41 20
19 20 32 31
20 16 15 40
21 23 8 41
23 46 27 33
19 15 16 44
5 40 28 33
22 16 31 40
5 38 30 43
5 32 44 36
24 14 34 32
25 37 29 27
44 16 37 33
46 10 23 43
7 44 27 35
40 18 21 24
27 41 20 48
17 44 34 44
10 47 14 45
5 49 33 33
10 41 19 37
13 31 23 39
18 15 40 19
35 43 27 45
24 38 13 19
22 17 33 41
18 26 24 45
14 16 25 37
22 16 18 40
2 30 33 48
24 35 35 12
47 3 33 17
4 35 36 31
29 15 39 8
27 43 27 30
11 39 16 23
12 37 39 1
15 39 20 46
8 47 15 40
14 17 17 42
2 39 30 30
4 34 10 3
30 42 34 30
28 24 16 26
26 19 49 8
9 40 9 48
24 42 17 47
18 8 30 23
20 38 4 47
10 34 22 7
2 40 11 1
1 3 21 41
19 14 29 26
4 45 47 29
10 7 11 2
42 28 24 0
33 36 15 0
16 46 35 44
5 45 33 28
32 24 20 39
9 44 18 43
19 16 26 44
10 36 30 49
6 37 29 32
24 20 32 30
10 39 12 1
22 27 36 25
20 15 26 37
4 39 20 49
5 43 14 5
4 44 43 41
0 27 45 31
35 43 23 47
6 44 10 20
3 47 32 37
8 42 28 36
21 47 15 47
23 1 13 32
4 21 27 37
18 28 21 38
1 44 12 3
22 8 35 32
15 39 31 33
24 16 43 35
13 3 27 40
24 19 45 36
3 46 26 28
36 39 10 2
28 34 8 3
9 49 30 38
5 40 12 2
33 47 35 32
19 35 34 35
16 40 26 28
9 30 26 14
23 11 16 44
41 42 26 29
7 8 24 39
6 30 23 40
28 13 34 31
23 12 30 27
5 44 13 0
21 42 36 30
28 32 24 42
7 26 29 32
2 26 18 42
22 35 28 31
10 47 29 43
16 44 27 35
18 45 36 29
13 46 28 32
7 43 18 31
22 40 41 38
7 31 29 34
4 47 25 37
12 41 31 46
15 4 31 36
8 45 18 43
47 47 24 48
4 40 30 41
5 37 14 30
1 49 22 40
10 44 23 47
12 0 41 28
8 30 18 49
7 11 34 33
42 33 23 16
4 43 28 49
14 38 7 3
22 27 28 33
16 7 13 0
7 44 29 42
3 35 40 32
11 8 23 49
34 44 26 22
4 48 16 39
46 47 40 47
11 42 27 44
4 23 23 42
5 45 35 24
24 40 29 44
7 35 32 31
30 29 6 41
29 19 25 30
14 38 20 27
21 16 8 48
5 12 17 47
8 40 32 26
27 36 22 37
28 11 14 49
25 17 30 34
25 46 31 28
17 44 31 28
21 9 30 43
22 16 22 48
28 38 24 34
1 37 17 30
5 39 33 31
2 33 12 46
9 42 28 32
44 37 16 48
43 26 8 28
8 29 25 32
21 15 26 31
8 44 26 31
8 36 20 36
10 37 37 27
20 0 28 31
34 29 18 36
33 47 39 32
9 43 23 36
2 49 18 40
17 34 29 30
17 28 39 39
11 40 30 35
9 15 32 46
39 34 28 33
17 5 30 31
14 37 34 31
7 29 24 43
45 38 19 45
6 46 28 47
27 5 27 37
36 25 30 28
21 21 32 36
7 30 15 47
4 43 9 4
0 41 25 20
10 47 38 27
34 38 34 28
9 49 30 29
23 29 11 33
9 38 35 47
23 23 40 27
17 42 25 27
44 37 31 31
27 31 13 2
7 39 27 33
10 34 12 0
6 33 38 29
10 44 29 27
12 49 33 43
2 34 40 21
20 9 33 32
7 31 14 44
8 49 31 26
11 0 19 32
22 19 26 33
1 43 48 20
32 40 20 41
12 29 31 29
28 15 15 47
18 34 18 49
23 11 37 40
29 2 36 31
21 24 39 25
22 46 7 1
41 4 19 48
18 12 30 47
9 30 10 2
17 42 29 31
15 12 18 37
28 8 29 28
2 36 28 35
11 27 4 2
21 1 23 31
2 38 24 34
16 7 24 43
36 21 16 38
3 44 45 44
6 49 28 44
0 35 14 44
25 12 37 29
13 16 29 29
33 49 19 34
6 37 39 22
28 30 17 37
12 41 24 32
23 13 29 47
16 11 8 47
16 23 33 32
9 31 3 13
16 10 34 23
4 38 35 36
8 49 19 34
0 28 38 48
13 22 23 39
3 42 31 37
11 40 16 47
5 43 30 35
7 39 26 30
6 41 28 29
1 44 11 0
5 49 11 0
38 30 25 33
8 49 33 48
30 5 23 42
25 21 43 18
14 1 10 3
36 20 21 45
1 44 40 31
16 14 38 29
19 6 34 35
49 37 24 39
21 28 29 42
22 5 15 46
7 41 15 43
10 35 28 44
12 41 38 19
2 43 22 42
9 23 26 42
21 33 19 48
14 32 7 42
13 15 38 28
40 28 19 40
13 12 23 31
34 33 18 43
40 7 24 27
13 5 20 35
34 7 26 37
13 35 44 41
11 38 12 1
25 34 14 0
10 47 38 20
21 12 18 43
18 10 34 26
21 13 22 22
29 35 46 26
7 36 23 33
11 42 44 25
25 27 25 37
11 48 43 40
43 34 29 26
1 44 10 38
35 31 33 41
13 36 16 25
19 28 25 21
9 8 23 19
11 35 1 40
33 9 30 42
10 12 26 38
19 10 35 35
9 5 8 1
3 32 25 41
20 13 34 34
48 10 27 23
8 44 13 22
12 14 46 28
29 32 34 20
19 41 9 2
5 49 18 40
4 42 40 34
9 43 23 44
17 27 25 44
19 8 34 28
25 35 28 41
6 31 37 33
38 32 25 49
33 27 30 31
9 39 39 35
11 3 24 27
20 7 14 41
31 28 27 34
45 47 30 31
13 49 44 32
13 11 29 31
8 41 39 33
3 24 33 36
26 42 15 1
12 42 33 39
19 40 26 34
19 22 38 32
0 44 18 48
39 9 23 46
4 39 13 2
24 48 39 28
40 6 17 36
37 46 14 1
18 19 21 35
7 41 17 47
1 41 22 33
9 41 13 1
2 38 13 2
6 42 34 36
24 39 8 43
5 41 20 44
7 45 27 29
5 32 32 29
14 36 18 27
11 46 1 45
24 13 24 47
30 42 19 19
16 21 18 39
25 37 28 25
10 38 12 34
5 39 19 41
36 20 19 44
11 44 11 39
32 26 10 46
0 48 24 33
16 22 10 5
23 47 29 46
12 49 24 32
26 11 28 28
34 2 7 2
9 39 33 30
8 43 16 46
24 43 30 27
9 39 33 28
17 16 37 16
23 10 44 41
28 18 13 46
20 20 20 47
25 43 24 49
47 29 32 30
14 46 27 35
1 27 31 37
0 33 24 46
30 31 24 36
10 0 19 38
17 44 14 36
10 47 46 25
8 17 28 32
23 25 28 30
0 32 18 44
27 24 30 29
17 22 11 2
4 41 42 26
7 36 41 48
12 39 22 40
1 48 17 36
25 18 34 24
18 29 35 32
13 34 27 22
12 35 37 38
0 47 23 29
45 30 38 17
22 34 32 9
14 6 28 29
10 41 33 28
8 38 24 44
20 15 34 36
43 31 35 35
26 13 28 45
20 9 13 49
6 4 20 41
26 21 11 3
48 3 5 49
3 39 25 27
20 13 41 33
17 7 26 48
5 35 26 39
8 44 24 46
2 43 13 45
13 23 31 33
29 28 45 43
10 47 25 44
20 37 28 43
10 37 35 34
23 42 7 17
10 29 36 48
15 40 39 21
44 45 27 37
14 37 18 25
44 12 21 32
1 41 34 26
41 30 10 4
8 29 30 38
28 3 24 45
23 6 35 30
3 42 28 42
43 21 21 30
26 33 17 45
27 5 20 31
27 21 12 44
43 37 30 30
43 23 13 2
0 40 31 32
20 36 32 38
9 38 16 35
0 2 33 37
8 36 28 27
14 34 29 25
17 28 40 45
7 47 27 47
21 40 12 36
13 29 24 36
6 40 32 20
6 46 23 34
8 10 34 27
21 28 34 33
14 15 38 10
43 41 13 35
3 43 31 30
0 39 30 30
16 48 30 39
11 6 19 27
15 30 25 36
14 37 24 28
20 19 28 33
7 32 23 32
1 39 22 39
5 33 24 28
43 25 27 35
16 22 26 25
40 24 35 34
25 47 12 4
17 20 12 2
6 10 22 42
10 37 38 5
35 18 20 37
15 39 32 30
13 34 16 47
6 35 16 47
2 40 19 35
35 43 27 25
35 10 13 2
10 40 15 36
39 25 26 24
34 33 7 2
19 16 8 0
44 44 24 43
2 34 25 39
1 19 30 34
3 46 22 31
21 16 27 26
31 4 26 44
32 12 11 38
5 27 26 48
12 46 26 35
15 34 30 28
48 2 43 22
21 36 24 30
20 47 17 49
31 44 28 28
19 19 17 1
18 12 22 38
6 43 25 35
7 37 32 29
6 47 28 31
25 15 18 42
35 34 29 36
29 24 18 33
16 35 33 34
12 16 22 40
18 25 12 45
38 38 21 45
23 15 30 37
35 39 37 25
1 19 34 27
0 37 11 47
7 38 28 28
21 8 28 15
2 32 23 43
2 37 12 42
24 8 44 26
8 34 31 34
11 45 21 46
5 38 11 44
38 38 27 42
20 4 40 35
47 24 24 47
7 39 45 32
27 17 26 33
8 43 12 0
0 47 34 30
21 21 27 9
13 49 12 27
16 31 23 32
4 48 33 33
7 44 25 32
2 39 5 37
2 34 14 48
20 16 16 1
8 11 19 7
36 12 47 26
45 20 24 43
17 9 21 48
1 44 17 43
19 35 11 0
14 9 7 0
8 43 10 49
48 25 29 32
13 41 26 21
44 24 21 36
16 15 32 8
2 35 20 18
21 20 34 32
16 30 17 45
10 26 7 37
15 43 19 47
20 33 32 40
20 24 28 32
26 40 10 0
14 30 29 17
5 34 28 34
17 20 20 26
39 15 31 32
3 25 24 41
16 38 31 42
6 39 30 30
9 30 11 1
12 42 33 42
24 14 18 39
23 11 8 13
14 22 33 35
9 6 19 32
2 48 25 15
21 14 14 41
13 27 26 41
10 44 33 26
25 17 28 32
32 29 30 32
28 17 28 30
4 46 32 30
8 32 25 43
9 40 31 31
12 47 27 39
21 10 14 4
8 34 4 45
39 43 13 0
20 35 12 31
14 35 37 34
13 32 18 33
10 44 38 32
4 43 6 2
20 11 36 26
36 13 4 48
10 26 25 27
3 44 13 4
20 43 36 31
24 10 33 38
11 32 10 6
26 16 42 40
10 45 5 42
18 22 37 22
17 33 14 3
5 34 29 37
12 31 15 1
23 19 36 35
18 16 17 44
12 15 22 45
7 20 24 49
34 19 47 14
18 25 28 38
1 35 29 36
10 31 29 32
22 25 20 45
26 35 12 48
35 34 1 25
11 17 31 27
11 38 44 46
18 31 49 36
3 43 21 25
23 19 16 37
5 42 24 37
2 49 26 44
6 41 21 48
10 46 48 12
49 34 20 46
25 48 39 32
3 48 42 22
5 3 31 32
21 25 16 0
7 38 29 27
6 28 16 46
12 22 24 32
38 36 32 32
