50 57 11050 800
14 9 27 3
18 27 26 13
26 13 23 35
42 44 24 2
11 10 15 35
13 8 37 11
16 33 16 39
12 6 31 7
32 28 26 38
2 7 12 32
15 49 27 42
19 15 20 35
8 48 18 30
5 13 24 33
38 17 12 9
23 7 8 14
17 13 7 4
32 30 25 29
21 12 13 46
49 43 15 39
10 22 36 14
17 28 6 12
42 28 21 33
13 10 23 9
11 34 10 3
13 43 12 21
27 35 8 32
11 19 8 40
15 30 43 26
0 32 10 10
32 21 24 26
32 26 43 38
15 22 16 6
35 27 30 11
22 5 18 24
22 29 0 44
28 29 22 26
24 1 1 4
19 0 30 5
19 9 8 37
5 43 15 11
49 38 17 8
13 33 13 46
47 41 16 21
16 16 24 31
32 25 24 1
13 15 8 23
22 7 6 36
8 26 37 30
19 13 20 8
22 10 12 26
28 26 31 40
23 29 18 14
47 42 28 9
25 23 23 0
9 31 46 16
15 25 22 41
