50 122 11229 800
32 7 15 7
38 7 22 36
32 14 30 1
1 16 13 38
29 43 26 4
26 46 39 29
33 5 1 25
8 30 19 7
22 23 15 18
27 8 22 9
12 34 34 2
23 16 43 23
32 14 33 7
20 24 24 28
14 25 24 5
48 8 40 5
13 44 22 31
33 8 25 2
37 4 47 21
28 37 23 40
43 8 35 36
49 21 13 36
15 33 29 38
21 21 33 6
22 31 29 43
48 16 17 2
26 8 24 47
12 35 46 17
47 19 30 30
41 25 23 4
21 1 44 25
22 17 32 27
37 22 44 36
20 9 28 8
38 14 40 9
35 20 6 19
20 31 40 38
16 13 26 37
26 27 45 1
35 8 22 34
11 29 22 6
28 43 9 46
14 26 38 45
25 20 20 46
28 12 17 26
6 30 22 2
38 13 23 16
46 25 28 5
11 23 36 31
14 42 19 4
8 40 19 5
17 5 19 34
23 20 45 25
2 2 21 40
15 24 33 5
27 40 2 35
9 33 10 23
20 12 44 18
2 1 26 31
9 29 21 7
29 46 32 13
38 13 18 5
13 31 27 4
32 3 48 28
31 4 24 0
11 27 28 32
14 6 43 34
9 24 24 5
11 25 21 31
33 2 35 5
27 14 41 28
13 32 14 36
31 20 44 2
25 23 15 3
17 21 14 35
35 28 21 9
21 28 18 2
0 3 25 6
22 13 22 27
26 40 21 45
41 10 32 37
35 11 27 32
26 3 22 24
21 21 42 13
32 21 16 19
27 4 37 46
6 9 25 28
10 21 33 4
23 3 49 16
21 33 24 29
11 33 49 33
23 11 22 37
21 34 22 4
45 27 47 30
8 26 20 34
25 16 22 36
12 42 18 22
14 33 33 3
31 9 9 24
25 34 10 48
36 23 29 32
28 10 29 25
28 16 38 30
8 35 45 21
30 29 12 38
44 28 23 33
42 7 19 7
0 6 18 6
21 46 19 15
19 36 35 37
39 20 24 31
19 37 14 6
22 23 19 4
29 20 17 5
6 0 31 10
25 8 38 21
28 20 22 1
10 35 15 9
21 31 24 6
38 6 45 21
29 15 30 4
14 25 39 40
