50 817 12803 800
28 23 48 3
23 16 21 21
47 23 40 26
22 10 17 13
29 33 18 33
13 24 40 30
29 34 43 25
18 38 40 6
36 23 38 5
30 18 17 20
34 13 21 42
25 6 46 11
32 44 22 39
44 31 37 16
25 24 20 40
32 23 30 36
22 42 38 20
36 40 18 26
18 3 34 48
35 34 18 31
18 46 6 17
27 40 40 22
38 26 19 38
15 20 6 14
29 30 16 19
29 19 22 30
29 38 36 2
36 33 5 17
27 35 29 22
29 18 42 11
27 26 27 11
26 25 34 14
12 35 39 13
34 22 2 23
19 32 7 14
23 48 36 21
37 46 7 10
22 22 28 17
26 25 30 14
17 30 43 21
33 29 42 34
30 41 25 42
35 21 25 15
13 42 15 29
31 43 32 2
25 28 43 12
33 32 49 4
24 31 28 28
26 20 35 24
19 43 32 32
16 16 19 40
19 47 20 10
34 19 16 36
25 28 24 45
40 10 23 31
19 45 43 23
33 33 18 30
8 8 44 19
35 39 49 33
26 39 30 22
19 11 11 35
29 17 14 19
44 44 15 41
27 40 7 7
28 23 34 20
37 13 12 41
24 43 8 28
25 4 37 18
17 6 41 33
31 28 49 4
21 14 2 20
29 33 45 32
24 16 20 31
17 28 46 6
28 33 21 0
14 1 37 30
23 10 25 17
22 23 41 19
23 23 21 37
26 29 32 33
46 31 28 23
18 20 30 31
22 43 31 29
20 35 33 29
45 35 3 20
19 44 31 19
24 20 34 11
36 49 30 12
21 46 33 37
21 5 28 12
30 12 45 2
35 44 23 7
26 47 33 28
21 30 19 36
26 30 17 25
37 18 6 30
33 6 22 31
26 38 25 34
3 19 21 32
23 13 4 8
23 33 31 23
37 1 20 32
40 29 20 34
25 42 34 30
35 33 16 18
49 31 23 32
19 8 22 20
31 38 27 21
48 39 38 9
17 21 15 16
23 37 43 24
28 9 41 12
40 9 11 35
26 33 24 41
33 46 38 11
30 37 42 14
23 8 20 42
1 0 33 39
21 7 17 31
21 34 32 5
12 44 32 40
20 5 32 24
32 44 10 25
39 28 8 30
34 33 47 40
26 36 42 21
31 29 44 28
31 7 26 43
23 2 22 25
24 37 21 30
20 13 18 33
25 39 6 15
31 21 48 9
37 4 20 42
18 9 34 14
38 45 31 23
25 24 12 31
49 15 40 6
20 8 37 32
45 13 38 38
38 32 32 11
39 30 36 10
45 29 47 17
26 34 0 28
39 29 23 27
17 33 44 27
34 46 42 28
12 44 45 3
33 35 48 5
12 7 38 45
27 34 46 4
30 28 41 23
32 46 31 27
33 47 18 35
35 41 22 33
11 10 24 20
9 7 38 23
40 46 39 17
11 14 17 33
27 34 21 46
21 19 7 12
28 43 41 21
29 34 21 39
35 2 46 9
44 37 20 39
32 30 30 15
15 9 40 45
13 20 24 19
33 26 38 31
33 48 15 37
32 24 25 37
23 11 44 11
46 18 32 20
25 15 47 13
41 32 25 33
20 35 11 25
38 38 19 19
27 24 22 43
26 43 16 4
25 26 42 17
36 28 45 4
31 28 49 18
27 28 5 9
29 36 22 29
26 6 31 13
22 7 24 2
40 27 33 23
22 49 23 30
30 30 42 7
25 34 6 4
26 37 32 12
23 29 48 27
36 48 32 40
23 46 49 16
40 29 31 13
35 33 16 2
35 21 21 8
23 45 26 16
37 28 2 3
40 47 5 9
30 20 46 20
42 10 16 31
38 16 31 13
22 45 28 16
47 17 39 33
18 49 34 25
18 20 35 12
29 11 6 19
21 12 41 19
42 39 36 33
38 32 19 37
21 33 43 24
8 7 20 36
42 27 39 14
24 39 26 29
31 38 22 13
48 35 39 23
43 26 10 16
29 33 27 24
26 47 21 23
16 8 48 7
17 30 13 23
24 45 36 26
29 30 39 28
28 37 29 47
33 28 28 24
43 37 47 21
25 30 49 14
29 10 35 21
41 31 17 32
25 34 44 14
29 25 46 19
32 19 12 14
26 30 44 5
25 21 42 32
22 17 21 33
17 7 5 19
34 44 36 28
16 46 20 34
15 45 24 10
23 12 48 21
30 17 34 44
20 25 28 40
17 8 28 37
30 32 23 32
26 28 39 9
43 34 43 25
22 29 47 22
28 28 31 25
31 37 47 33
30 36 32 22
29 30 20 38
30 32 32 23
34 25 27 41
45 26 41 41
28 36 42 6
49 28 23 24
31 31 34 40
28 17 11 11
22 2 40 5
42 35 45 16
23 8 31 10
8 40 33 27
37 36 35 13
5 5 23 38
22 32 21 18
32 16 25 47
33 25 39 11
32 31 17 37
30 31 33 4
36 26 20 31
30 25 24 33
32 38 40 32
19 39 33 42
13 27 38 16
33 27 18 15
24 32 36 18
34 40 42 2
31 34 24 20
25 26 24 43
29 40 18 30
21 25 16 37
21 44 15 30
34 9 20 39
24 41 17 2
28 32 40 22
25 34 34 0
33 25 47 26
32 21 22 24
28 0 48 23
39 38 43 34
28 29 38 13
28 27 21 37
28 36 22 31
32 39 32 15
45 45 24 43
25 30 10 4
33 40 44 47
22 46 22 40
36 47 34 9
7 0 36 15
27 42 8 16
22 22 15 32
30 22 34 11
47 44 29 22
29 4 43 20
36 31 19 36
14 3 14 10
48 18 0 22
42 30 42 19
27 28 36 24
28 27 14 21
39 45 25 16
16 49 34 14
23 27 49 4
33 36 48 28
37 41 39 6
33 32 18 34
46 34 23 47
28 0 33 15
25 46 20 42
5 40 39 16
31 42 46 21
44 33 22 28
21 21 29 10
34 27 24 43
21 30 37 6
24 27 43 12
29 28 48 22
29 7 28 31
30 3 42 4
36 41 27 2
1 2 42 38
10 48 33 5
12 42 45 2
37 29 23 39
21 24 22 34
34 37 39 16
16 30 45 27
24 43 22 23
30 38 35 29
16 18 36 32
1 11 45 1
17 15 48 8
39 45 27 41
24 21 36 42
26 25 38 31
38 13 29 11
25 11 37 32
26 17 27 37
26 29 45 20
30 19 41 13
30 40 15 11
29 31 41 27
16 47 4 15
34 37 37 28
34 26 40 22
27 23 29 14
19 7 25 28
27 34 47 21
30 35 21 34
36 20 7 4
17 35 11 21
41 30 36 22
35 36 38 25
41 47 23 46
47 44 11 25
36 42 35 25
18 34 40 13
25 43 44 3
31 18 37 30
42 41 26 32
28 48 6 17
31 34 6 1
32 45 27 10
25 34 27 27
1 25 31 6
24 39 4 27
44 3 38 34
23 24 23 31
21 25 37 31
46 44 37 31
46 45 41 21
26 27 21 33
17 49 27 17
28 42 30 17
23 38 19 36
26 34 49 20
29 24 25 20
30 26 49 16
19 20 15 9
31 16 27 46
14 48 17 29
26 29 18 29
25 25 46 26
23 29 42 15
7 11 44 22
41 18 43 3
13 45 42 23
20 21 24 30
31 5 28 47
10 23 19 33
42 25 23 33
44 43 21 34
47 31 17 39
17 10 49 15
12 20 42 17
20 22 34 10
32 41 4 16
23 28 47 17
24 7 27 21
39 34 25 31
35 33 23 32
35 30 30 22
38 33 45 12
33 28 25 26
37 36 20 32
34 44 23 22
46 17 47 28
40 40 29 13
33 22 18 21
38 12 19 32
31 39 34 18
28 32 20 30
26 49 11 34
46 35 10 23
30 22 23 27
28 38 35 29
18 30 20 34
20 19 24 35
29 8 33 27
21 4 35 10
18 39 20 31
28 35 34 27
35 34 42 12
33 42 37 17
35 36 37 18
28 35 20 42
28 33 2 12
21 16 28 10
32 46 39 29
26 15 21 37
27 46 18 14
20 28 32 5
29 30 34 23
34 43 47 13
42 33 37 35
45 20 49 10
27 44 30 31
17 7 16 18
27 24 25 42
45 28 40 16
25 20 18 35
29 25 36 4
35 22 24 39
26 8 38 16
33 37 42 30
17 43 47 8
22 38 44 24
30 12 11 26
26 34 40 39
32 17 18 32
28 2 23 25
27 25 39 29
34 31 31 13
21 33 41 16
25 34 26 5
30 3 9 7
27 45 42 27
23 3 44 17
30 15 20 25
47 32 4 25
37 21 35 25
25 43 6 27
33 29 38 17
23 25 43 14
16 24 33 34
20 33 29 28
33 29 36 48
10 3 32 16
33 17 31 33
31 31 26 30
21 21 32 23
25 23 46 23
47 38 45 28
45 34 28 23
46 29 13 15
22 43 19 35
17 3 30 37
49 43 38 15
32 45 24 32
34 23 21 12
20 32 32 32
28 48 28 5
41 48 43 27
30 23 23 37
10 2 35 32
29 26 7 34
49 48 26 38
19 33 49 13
16 14 16 25
27 9 8 5
42 27 22 48
35 1 18 8
28 28 35 18
33 46 49 18
20 45 44 21
41 21 36 32
26 28 28 25
24 17 29 49
37 36 19 40
31 30 32 20
31 46 23 41
28 20 16 9
33 29 37 15
26 22 26 43
33 28 18 36
35 38 46 27
29 23 18 19
42 49 23 37
34 38 5 26
17 27 19 34
21 22 30 16
23 17 31 13
17 19 32 18
24 26 48 17
14 49 41 28
42 16 25 40
29 42 42 10
21 37 16 35
11 40 23 41
16 10 41 18
14 15 42 9
21 27 46 9
28 41 31 16
10 35 15 33
28 39 7 22
22 34 23 30
26 22 21 30
40 36 29 21
37 35 11 19
32 23 22 18
34 47 15 29
19 28 41 31
48 30 28 33
26 39 5 11
47 43 38 14
32 40 21 32
41 49 20 38
21 6 30 20
30 34 46 1
25 33 42 33
36 21 36 28
34 25 31 3
22 49 16 35
2 26 34 29
27 16 47 14
23 25 5 24
13 3 34 33
38 27 34 38
29 28 1 19
31 35 24 36
10 38 39 16
38 34 31 0
39 34 14 15
24 10 21 48
27 37 23 46
22 17 39 34
41 15 19 33
37 25 32 38
40 41 32 23
34 24 7 22
27 31 24 15
26 48 34 28
19 10 35 25
18 28 37 12
38 12 22 43
26 15 26 36
42 32 16 36
24 33 19 22
40 17 22 29
45 18 34 16
39 16 15 36
31 17 34 29
31 35 32 25
33 29 5 23
25 46 14 31
22 28 31 23
28 36 25 40
18 18 43 22
42 8 22 5
31 31 32 9
41 39 27 25
26 4 39 4
18 4 33 39
32 46 31 16
49 34 47 10
15 36 18 27
36 27 18 31
14 41 40 15
15 4 42 26
9 23 8 1
20 8 43 5
32 20 4 33
37 44 22 39
19 31 45 16
23 28 34 14
28 24 24 16
44 32 5 16
23 32 31 19
22 21 29 10
28 25 33 28
40 45 6 40
43 33 30 41
35 9 45 4
16 43 45 16
49 36 41 18
24 24 49 26
23 6 11 33
27 38 44 13
28 31 19 7
27 12 15 24
47 9 31 22
25 44 48 12
37 33 13 21
22 27 40 14
21 30 37 27
17 29 14 38
37 23 15 34
21 27 7 18
24 49 22 31
31 29 34 12
27 12 26 39
27 24 6 10
25 8 34 21
22 36 35 28
34 40 35 15
44 23 0 9
35 36 18 30
16 19 19 34
40 33 36 20
28 25 36 2
31 19 8 11
36 36 21 29
39 49 27 12
19 46 25 22
32 29 31 16
23 13 48 16
37 48 48 4
10 10 19 32
25 17 5 19
20 16 14 34
29 6 32 19
6 47 2 16
30 22 14 26
36 24 23 23
25 46 10 4
3 13 49 2
18 10 32 15
2 3 45 2
30 33 43 18
30 43 45 4
44 31 19 35
25 28 26 5
30 30 24 45
37 16 16 23
34 36 47 1
35 22 26 31
24 21 42 1
33 40 36 12
22 43 20 32
36 43 7 5
25 41 48 8
33 26 5 16
13 8 42 30
30 45 22 21
14 10 43 26
32 45 6 17
26 37 38 31
10 46 47 6
26 14 7 10
19 3 17 35
33 30 37 21
23 29 32 24
31 26 34 13
35 0 42 6
24 25 38 18
11 0 20 15
12 29 40 12
28 35 33 14
33 8 41 20
26 19 40 21
34 14 30 21
31 16 44 32
28 31 49 7
22 33 11 23
33 8 28 1
25 20 36 10
21 21 45 15
34 43 6 22
31 33 49 13
22 31 41 45
23 33 25 40
24 36 19 25
14 43 20 6
40 33 38 40
26 8 30 21
35 9 18 37
16 6 49 21
43 30 21 27
43 31 19 35
28 27 32 38
17 5 26 39
23 11 34 35
30 26 44 36
36 42 14 8
28 46 41 30
31 49 18 11
35 22 33 18
35 42 43 3
42 31 20 36
29 34 2 19
28 35 49 9
26 22 44 28
27 11 15 23
39 32 3 25
39 5 40 13
42 24 9 11
28 34 21 35
23 7 5 28
34 33 23 31
30 6 41 26
28 43 23 46
17 24 33 27
23 34 17 42
30 37 37 15
38 25 40 14
32 33 17 28
33 31 43 20
14 4 21 45
22 45 46 17
44 26 48 13
18 18 22 15
28 28 23 41
18 39 22 27
23 38 29 35
33 39 28 33
33 6 37 21
11 39 15 12
44 40 44 5
22 41 23 33
14 9 37 38
32 45 49 19
18 15 44 35
24 34 35 21
26 19 23 34
41 48 27 26
34 28 15 9
43 42 21 32
47 37 10 17
24 41 35 19
42 44 28 23
25 30 31 35
28 20 35 47
29 25 41 30
34 26 26 15
37 32 26 30
38 34 19 29
29 14 20 45
49 5 32 12
34 37 9 16
27 12 23 35
22 35 18 30
23 19 44 20
39 33 15 39
27 28 29 39
34 21 9 5
33 39 45 6
34 5 31 17
29 16 44 4
10 40 29 14
43 38 3 17
27 18 36 27
16 21 38 21
34 7 21 45
31 27 42 35
28 41 10 20
5 11 29 18
46 47 43 6
14 26 29 33
16 31 30 16
20 36 6 27
34 41 49 0
28 43 33 25
30 43 34 31
32 21 32 33
5 5 8 35
27 36 17 6
45 40 43 24
28 39 37 39
49 46 27 36
20 35 33 26
38 37 3 24
39 33 19 42
32 33 37 31
31 40 16 32
28 14 45 15
25 14 37 6
31 21 16 25
30 43 22 31
32 48 17 45
39 5 16 16
17 10 37 22
24 30 40 13
35 8 15 38
24 18 15 28
39 40 22 31
