50 840 11111 800
6 4 0 47
30 22 20 45
4 17 40 46
15 10 41 44
34 9 29 32
33 20 30 49
18 48 8 37
0 6 19 11
18 14 18 30
35 31 49 31
38 32 40 6
3 11 38 43
42 7 21 15
32 13 20 14
43 20 19 19
23 48 14 41
17 40 22 28
29 16 29 42
49 6 24 49
9 7 16 19
31 4 26 16
30 19 16 40
36 9 21 15
0 9 34 30
24 10 27 13
47 20 30 48
9 38 13 41
27 20 21 35
12 45 17 12
33 32 21 17
33 11 0 43
24 22 19 29
22 46 33 43
33 37 15 38
44 15 18 42
30 11 18 21
9 6 30 45
11 34 16 22
41 24 24 17
19 10 31 47
39 21 21 40
18 20 25 19
46 40 19 43
46 34 5 44
14 16 17 45
29 13 19 44
29 25 18 15
28 16 29 38
45 18 9 31
29 23 16 35
31 5 8 37
14 39 13 18
22 41 24 14
9 19 28 38
17 26 37 49
19 31 46 44
20 30 21 13
11 35 15 46
24 47 27 26
24 44 17 36
46 12 33 37
18 13 20 19
26 48 26 43
12 24 30 46
41 14 20 13
22 43 17 35
47 9 38 45
16 24 18 32
17 43 20 16
35 18 46 1
17 4 16 15
36 20 22 18
19 5 11 41
6 4 19 15
16 20 19 34
10 6 20 37
32 11 18 15
23 7 20 15
6 9 19 42
41 17 31 36
38 35 14 46
23 14 15 13
27 11 23 38
42 12 22 37
33 14 5 43
12 9 48 11
24 7 6 47
22 20 9 35
11 9 49 47
6 47 27 33
9 27 14 42
40 47 17 20
18 19 8 40
31 22 5 33
4 27 48 5
36 11 45 39
44 16 28 32
36 10 17 18
22 25 15 21
8 11 18 16
33 20 20 18
21 13 25 20
11 8 10 45
17 20 11 45
14 26 18 13
30 45 20 17
8 2 17 40
18 38 4 22
42 1 16 16
17 49 1 37
17 20 4 47
13 8 21 15
34 13 0 40
20 24 1 47
41 25 18 12
22 29 20 43
37 42 19 30
30 15 8 44
0 10 22 17
11 10 23 16
18 44 15 37
11 39 18 11
27 12 5 40
24 16 22 13
32 43 46 3
34 13 17 39
42 21 6 45
31 34 39 47
34 11 19 18
18 33 33 37
25 17 44 49
30 13 5 39
25 12 32 34
44 4 16 11
33 45 17 19
26 5 31 48
5 19 7 38
35 15 16 47
42 13 18 22
35 30 26 34
43 32 18 45
37 31 26 22
20 3 16 10
48 18 22 16
19 25 20 41
20 14 29 37
30 10 12 22
28 13 15 16
34 37 42 5
37 15 11 32
45 6 15 11
36 11 17 35
27 47 15 40
47 48 4 36
40 4 22 30
43 3 17 41
32 16 16 21
25 40 32 31
20 5 20 45
28 15 22 17
17 10 19 28
41 7 12 39
35 1 38 38
17 27 21 40
15 48 40 46
16 37 49 39
2 29 41 43
34 13 13 31
31 19 7 27
41 32 21 42
25 32 25 18
2 12 14 18
20 46 1 48
26 48 22 41
45 11 8 42
18 35 38 45
26 41 18 21
43 8 20 17
16 45 4 42
7 12 23 11
34 18 18 18
23 3 30 41
17 44 13 32
27 22 11 20
26 18 12 39
18 36 13 26
41 28 22 24
43 24 17 49
13 19 25 40
30 13 13 44
33 11 14 10
40 13 3 33
19 37 19 18
13 46 19 15
27 37 27 49
21 32 20 18
2 13 14 45
24 34 49 35
19 38 48 43
27 24 29 48
2 21 18 16
34 9 41 35
14 25 29 46
4 45 30 47
38 39 19 40
36 41 12 15
20 3 40 46
28 33 19 17
39 15 25 49
0 12 1 37
14 36 16 15
49 10 21 41
15 41 15 32
37 36 6 48
18 46 15 49
8 25 20 12
35 14 23 26
38 18 29 29
10 48 19 14
18 23 2 44
42 24 28 39
5 25 20 42
2 27 42 39
23 8 14 35
26 16 27 47
45 17 14 16
28 14 16 17
15 30 24 11
12 23 17 25
8 19 20 24
4 26 14 31
19 27 20 17
43 20 16 13
47 4 19 17
22 8 15 20
30 46 38 47
19 21 41 33
30 15 31 37
35 20 22 28
35 14 27 41
36 49 35 31
35 34 23 38
30 40 25 15
48 14 26 28
13 10 34 37
40 32 18 12
25 33 17 42
30 2 31 45
26 45 18 33
32 47 13 30
26 42 22 14
30 43 19 35
7 21 16 25
22 26 18 16
23 6 20 15
40 14 4 45
23 2 18 15
28 14 16 17
35 15 23 42
25 3 47 48
28 10 5 36
42 21 46 36
27 2 4 48
11 40 9 19
12 28 15 19
23 41 45 47
14 21 12 16
5 30 20 14
15 45 35 37
46 22 21 26
33 14 16 19
40 44 18 16
40 45 43 42
15 3 33 38
31 9 19 19
21 34 29 49
48 20 13 37
5 35 22 16
11 7 12 47
35 43 15 12
31 46 22 28
10 40 17 22
43 10 15 33
11 9 15 20
33 16 3 41
4 28 20 21
13 37 5 48
27 16 27 37
17 42 20 37
33 11 14 36
9 15 18 21
17 45 22 18
0 0 21 21
9 30 46 3
31 45 34 40
23 33 17 35
48 11 17 16
44 3 30 43
23 37 13 32
12 12 19 17
4 9 2 27
28 10 37 36
34 16 40 44
22 11 38 24
47 15 5 30
24 38 18 17
41 15 9 33
24 5 23 35
44 5 9 49
5 18 41 39
27 14 28 35
19 37 36 45
48 5 28 35
8 19 16 40
32 46 23 18
28 49 18 32
27 46 17 9
33 45 14 45
12 42 41 47
37 44 15 17
28 46 22 13
43 18 41 45
22 35 18 15
21 33 2 47
43 5 27 42
31 10 28 30
5 14 20 14
28 13 15 37
35 8 10 42
39 30 13 20
19 45 18 10
16 36 13 14
32 38 19 13
23 46 37 49
27 48 21 13
35 6 45 38
10 30 31 47
31 47 17 42
22 38 17 49
44 35 16 45
36 9 34 45
10 24 14 32
47 42 32 46
7 12 19 35
10 46 35 36
10 28 4 42
13 36 25 48
28 30 35 42
25 28 17 45
26 37 37 32
34 13 24 35
20 31 11 18
25 43 10 35
41 13 17 17
27 12 18 20
31 1 26 34
14 40 12 43
31 10 19 15
38 2 21 13
18 18 14 37
3 27 19 19
21 6 37 40
25 1 18 15
44 12 20 24
44 12 23 16
41 49 16 36
26 48 44 46
6 17 9 25
30 18 27 41
10 27 46 48
16 9 18 35
22 46 1 40
17 5 19 13
10 44 23 44
49 10 15 19
23 12 26 31
10 23 34 30
6 7 16 16
42 15 30 36
30 13 7 33
40 12 20 15
19 39 18 16
21 33 31 45
4 27 31 39
29 5 38 3
10 25 23 42
47 1 8 48
34 11 19 38
6 36 17 15
33 2 38 47
24 32 1 49
24 6 22 29
33 14 21 13
20 2 14 13
41 23 22 14
40 14 13 15
15 10 19 12
36 15 15 29
46 18 31 43
42 27 5 49
45 7 34 27
13 17 2 48
3 41 19 23
36 14 23 36
15 28 20 44
7 1 9 42
5 24 12 40
5 15 7 37
49 13 19 18
12 22 16 13
1 6 22 38
22 19 3 32
36 9 25 37
36 15 37 34
12 15 11 41
19 46 25 41
43 15 15 23
14 21 23 35
4 5 17 18
41 25 17 21
23 44 28 20
5 35 31 46
27 34 24 29
2 44 24 40
31 13 19 14
45 13 36 43
28 44 21 38
17 21 26 18
38 4 21 19
32 24 20 13
30 16 23 18
4 25 30 44
34 11 23 47
14 46 17 16
42 16 30 40
49 0 8 40
9 13 7 47
42 5 16 17
29 7 16 15
22 39 35 48
30 1 33 31
22 2 6 47
41 8 44 40
32 16 32 42
18 7 36 47
48 23 4 31
42 36 15 11
48 10 12 45
46 20 29 45
49 8 36 45
34 32 1 46
18 46 22 44
47 2 15 32
44 23 21 41
3 43 33 43
31 13 28 38
7 25 17 44
16 42 17 33
14 11 23 21
46 15 16 18
8 7 15 15
1 2 16 14
5 29 44 39
24 17 7 39
14 32 20 18
35 12 45 49
41 13 10 46
36 15 13 38
24 42 14 40
23 18 32 43
13 46 15 15
19 16 24 18
11 34 6 42
22 1 21 15
47 19 32 41
16 44 17 37
31 47 34 38
37 11 35 41
31 15 35 47
47 8 13 15
19 44 36 44
31 29 36 42
33 12 22 33
8 32 26 37
32 4 12 46
20 24 26 48
32 2 23 46
21 19 22 30
29 44 15 44
6 27 23 17
27 40 22 18
17 34 7 42
39 33 13 49
43 23 21 42
1 0 7 44
17 9 27 37
46 6 23 40
45 14 45 32
49 11 15 29
28 14 26 34
17 24 13 34
30 44 11 40
14 41 22 21
28 10 25 38
5 2 21 43
20 26 16 30
22 12 33 45
32 46 16 13
36 30 15 19
49 17 21 40
6 2 19 41
14 24 17 17
5 3 22 31
13 31 7 46
44 17 4 32
25 22 7 30
0 0 14 39
11 1 14 44
5 29 8 38
48 38 19 46
20 8 20 40
5 14 18 39
13 20 32 32
43 12 19 14
47 21 40 34
11 45 26 33
35 32 12 18
21 3 30 47
39 1 19 15
8 14 16 15
20 5 17 46
31 16 24 30
34 17 12 49
9 16 32 40
46 2 28 47
37 10 22 14
21 28 10 48
4 27 19 15
42 3 24 17
43 3 15 42
32 21 20 15
30 6 28 49
23 23 38 44
46 13 12 44
42 18 10 42
19 34 23 32
22 14 21 38
12 10 21 23
19 5 39 41
38 38 47 47
14 33 26 48
21 14 4 34
21 40 26 40
9 16 17 36
45 17 23 41
32 14 24 16
38 20 19 45
33 6 20 28
1 34 21 22
34 42 14 14
13 4 12 30
43 4 18 16
4 37 15 45
20 8 43 45
19 15 26 49
34 9 5 49
47 17 20 40
43 19 35 49
36 47 31 34
13 40 16 49
49 18 19 39
29 43 10 26
35 11 37 43
14 34 48 39
25 16 11 21
46 5 11 36
9 8 31 48
28 14 4 38
17 49 20 14
21 13 1 28
35 8 18 12
21 20 23 41
3 19 20 18
37 15 41 49
45 29 17 12
31 2 17 19
32 17 45 41
49 23 47 36
13 12 14 46
7 5 17 19
16 16 7 31
39 15 4 48
10 42 19 31
20 42 25 40
35 15 35 48
29 11 20 18
29 32 20 15
29 20 5 39
46 19 19 46
38 14 20 17
28 38 35 45
34 0 20 12
36 14 8 38
49 11 16 28
46 6 17 41
25 1 25 15
43 10 23 42
36 14 27 37
41 14 35 44
8 26 2 35
35 40 25 24
20 14 9 27
25 41 11 46
37 37 22 38
25 12 16 15
16 48 16 22
45 12 24 35
1 32 9 29
49 11 24 31
41 18 28 27
24 39 20 15
26 44 17 21
12 22 18 25
20 9 21 38
30 38 20 18
33 26 23 24
35 11 47 4
32 14 21 37
32 7 21 31
22 10 13 35
29 35 35 49
46 14 37 41
21 7 10 49
1 14 20 39
16 10 45 39
33 20 20 14
25 32 19 43
14 35 20 19
35 15 46 5
25 12 22 35
19 7 12 20
31 5 18 11
23 45 18 39
42 4 11 39
33 33 33 45
46 10 30 46
34 9 47 44
33 23 18 14
14 39 19 13
13 47 33 48
34 18 22 16
22 19 8 26
16 26 16 16
28 44 22 44
7 21 21 42
28 16 15 18
44 16 17 46
16 10 28 45
25 39 16 14
24 3 26 18
28 13 29 43
12 17 31 27
30 38 0 29
46 13 47 4
4 7 40 48
6 35 22 44
42 11 10 37
24 39 19 19
37 22 18 48
9 49 19 36
4 4 13 47
19 34 28 37
37 44 44 9
20 24 40 5
16 14 17 20
29 1 23 15
0 12 19 20
36 3 15 46
18 48 2 43
36 2 20 20
45 12 18 47
15 33 37 9
28 34 18 18
33 4 20 17
30 15 36 47
23 23 21 19
44 16 19 28
0 8 47 11
18 19 24 41
13 21 17 17
14 20 36 45
14 14 9 28
18 26 11 43
36 21 15 37
33 9 23 16
20 25 17 11
31 13 24 16
45 32 32 42
31 17 23 36
33 18 17 18
41 1 45 49
42 15 31 32
43 8 3 43
47 10 21 20
15 46 26 41
25 48 46 44
23 27 40 39
23 13 18 33
26 4 29 29
33 24 24 37
22 44 18 20
10 0 18 14
14 1 22 16
49 17 27 41
31 13 32 24
38 49 10 24
11 26 14 18
13 42 28 48
18 9 31 28
11 38 34 47
27 29 0 42
44 24 16 30
32 11 7 45
20 24 35 17
26 14 15 21
10 43 21 16
0 8 19 19
8 3 48 33
49 18 30 49
22 2 34 42
15 23 18 14
5 38 22 42
30 4 10 44
20 1 26 17
27 12 21 14
32 15 19 34
44 17 17 27
33 14 44 48
46 11 14 38
7 24 1 40
7 14 21 20
23 41 23 18
26 1 18 14
25 19 34 31
7 22 12 25
45 5 8 45
18 14 16 19
22 8 24 39
32 4 17 37
41 40 26 35
47 18 44 6
49 14 17 18
23 20 16 32
8 43 2 49
23 20 5 34
28 1 0 42
41 9 13 48
47 8 22 29
41 23 17 32
44 32 15 21
36 8 27 46
38 25 27 39
36 46 21 43
38 13 17 12
35 14 26 35
10 12 41 40
40 28 26 23
38 14 39 36
39 12 7 25
27 14 21 17
27 31 15 39
5 20 14 49
36 16 17 20
40 6 15 13
13 45 9 43
29 23 27 35
42 0 14 24
37 48 47 33
15 8 33 37
19 37 16 48
49 11 19 29
16 5 31 42
6 1 36 47
45 2 30 48
9 16 35 36
33 20 5 47
24 20 35 40
36 7 18 19
0 17 24 27
9 16 0 30
48 5 16 18
33 19 25 36
33 16 21 17
34 16 17 15
18 15 23 17
17 7 49 4
25 19 27 34
2 39 13 46
23 48 22 20
45 6 24 32
34 9 22 24
22 40 15 19
14 45 40 40
36 13 3 25
29 11 32 40
1 31 14 48
30 16 15 36
2 6 33 26
37 42 28 35
16 23 23 35
20 33 24 18
18 47 20 36
36 23 15 35
35 35 20 18
17 49 26 41
15 9 18 20
45 33 34 46
32 44 3 44
26 46 13 20
24 16 26 38
6 42 21 42
41 5 22 10
36 8 20 27
0 22 23 37
17 39 40 47
20 28 17 34
10 49 15 14
18 18 44 36
6 23 24 36
45 13 21 34
11 4 33 40
33 16 25 17
46 5 33 49
25 27 24 40
49 12 9 45
10 35 23 35
11 1 30 44
31 15 18 19
42 13 22 49
14 38 29 42
