50 862 15601 800
19 12 32 48
14 11 39 21
17 22 35 46
17 16 49 9
21 18 28 0
22 17 47 11
18 14 47 6
10 17 49 10
21 14 48 12
17 27 44 36
17 19 26 5
13 45 30 4
30 38 39 32
20 18 21 24
18 24 11 4
36 19 27 0
12 19 44 14
18 18 45 7
10 42 34 47
7 16 33 2
19 15 12 37
16 21 37 45
31 17 47 5
32 18 47 40
15 13 25 0
11 41 34 24
20 39 45 7
16 38 7 34
15 43 36 26
13 11 15 3
19 17 49 8
21 17 4 41
21 14 47 7
17 18 48 9
27 20 25 2
19 15 1 33
11 24 36 27
14 41 26 42
20 16 42 43
10 21 26 10
15 18 1 32
18 15 36 45
19 11 43 1
20 15 25 34
9 17 47 3
1 45 42 29
30 30 30 43
17 41 41 24
27 23 26 1
16 16 31 48
15 47 48 8
14 40 46 42
19 38 32 11
23 18 38 47
19 16 35 49
18 41 36 42
11 16 44 43
17 12 47 14
23 12 39 47
10 42 48 7
19 39 35 27
3 33 16 20
14 39 23 31
13 41 35 47
15 41 6 46
22 15 29 0
19 37 26 7
18 42 42 37
17 37 37 47
11 22 39 49
12 23 44 7
35 26 49 10
10 20 34 34
15 39 12 8
20 19 36 47
16 10 36 47
10 38 16 18
15 19 35 45
29 19 37 45
18 42 31 2
8 14 17 29
21 49 43 26
19 14 42 11
18 14 35 49
13 42 48 10
19 12 14 34
16 41 37 45
33 16 36 44
13 16 27 6
8 38 13 18
38 32 47 17
20 36 13 18
15 17 17 46
21 41 31 3
18 19 35 5
21 28 26 33
18 18 38 6
21 19 46 8
23 20 17 38
3 27 34 23
13 42 18 29
11 40 29 3
22 15 23 25
6 21 12 23
12 14 25 5
23 44 45 6
17 45 35 47
17 42 19 27
21 16 47 6
19 21 10 19
22 12 30 45
11 38 46 8
17 41 17 2
12 21 27 1
14 15 34 31
14 36 29 5
13 43 19 45
19 16 45 13
16 18 49 6
32 5 42 18
14 16 31 1
14 13 10 48
14 41 30 41
16 20 43 21
36 33 44 13
12 37 7 28
15 16 40 8
20 16 34 46
14 22 36 44
22 22 40 44
19 16 30 3
11 20 24 31
20 20 38 18
33 20 39 22
16 18 31 2
15 40 48 6
15 39 43 29
28 22 30 34
22 28 32 31
12 12 33 48
21 18 39 11
14 41 17 20
16 14 49 3
14 38 26 2
5 41 49 8
10 43 5 38
17 17 30 18
9 39 35 45
18 39 32 1
11 24 34 48
30 34 36 47
11 37 34 43
14 19 26 7
20 41 33 4
13 22 35 35
7 16 42 44
12 21 28 27
9 15 20 42
17 13 31 24
16 22 21 32
13 21 37 44
24 34 32 40
12 21 44 6
5 42 36 40
14 38 49 10
11 38 38 29
22 14 42 8
22 17 48 10
18 38 38 45
3 18 38 43
18 13 38 9
9 34 33 43
18 19 44 11
15 49 33 46
13 15 23 39
17 26 36 49
21 19 37 19
19 15 44 11
16 13 20 10
16 39 41 35
17 16 15 25
13 41 48 8
21 17 41 35
18 13 42 9
25 26 15 46
19 43 25 39
7 31 43 5
14 42 39 27
20 18 35 43
17 14 34 32
19 15 33 37
34 7 28 6
17 35 47 10
9 13 42 49
21 14 44 5
13 13 41 32
21 36 36 42
19 21 34 43
18 39 33 47
5 38 44 11
18 12 41 38
14 40 48 8
19 20 39 46
23 13 40 25
15 23 23 0
4 35 49 13
46 30 42 45
15 44 31 47
15 42 41 10
21 14 46 10
6 32 38 44
14 20 31 1
22 17 47 8
7 27 48 6
17 13 49 6
8 21 45 12
20 18 37 37
35 18 27 24
16 41 48 23
10 20 31 30
21 17 46 7
16 43 1 39
16 42 40 46
13 37 3 44
19 44 48 5
3 40 33 43
25 26 35 43
22 14 44 7
4 38 47 4
17 41 43 10
20 18 45 10
13 16 1 25
8 22 44 1
11 14 42 26
19 47 32 49
14 18 44 7
18 40 30 7
22 17 33 43
18 34 33 34
35 13 29 6
19 13 25 19
21 18 32 1
19 15 6 44
18 14 42 20
15 34 36 29
19 21 35 48
22 14 49 25
5 17 35 47
23 17 44 25
19 39 45 7
16 43 24 32
18 32 32 24
17 21 31 1
18 16 33 24
15 19 48 8
19 41 40 11
9 17 26 5
16 43 49 10
21 14 29 27
22 17 44 4
18 19 44 9
20 17 30 20
14 41 32 1
18 18 35 38
12 8 46 12
19 22 48 11
15 25 42 5
12 15 36 0
16 20 44 7
8 41 49 10
21 16 17 17
19 19 29 6
13 24 39 46
29 17 25 5
22 37 23 4
10 18 34 44
16 36 7 38
21 15 37 48
20 20 28 5
17 43 39 36
10 40 37 41
32 8 23 38
18 42 47 5
21 18 30 2
13 35 3 45
20 16 32 4
9 45 47 32
20 16 36 30
19 19 34 47
19 26 46 6
14 41 47 10
17 19 25 47
16 35 27 28
20 16 23 32
8 20 37 44
15 16 39 12
16 20 25 25
3 36 49 8
19 14 35 47
14 21 47 6
33 15 36 48
35 10 39 37
12 44 47 12
17 42 15 20
17 18 5 36
11 22 32 24
14 39 36 45
15 23 33 2
16 20 31 3
17 38 21 45
18 22 39 25
15 34 23 28
4 33 34 2
38 30 43 10
21 15 26 6
18 18 44 14
11 17 38 45
13 43 48 6
3 36 42 11
18 12 43 15
22 38 49 5
22 12 47 9
12 12 30 0
17 21 12 12
7 40 36 44
18 17 31 5
1 36 44 6
21 18 10 39
10 38 49 4
16 11 35 44
19 14 17 39
14 27 38 49
37 29 43 38
34 16 47 7
14 22 34 35
18 15 45 6
19 16 35 48
7 19 24 44
21 18 26 8
19 15 35 46
7 28 27 26
14 42 48 9
11 14 25 41
21 18 22 25
17 17 18 48
16 38 24 19
44 11 1 11
17 40 36 48
16 23 25 33
14 43 33 44
32 22 44 8
17 36 25 1
15 19 10 18
12 17 15 4
20 16 6 45
23 17 35 44
23 20 46 10
17 15 42 6
12 18 34 48
37 19 13 10
10 19 34 18
13 18 46 15
19 18 35 47
17 24 43 6
18 20 28 0
28 21 48 4
20 18 49 11
8 43 35 39
11 23 40 25
23 18 47 9
18 19 48 14
22 17 35 2
24 16 47 8
12 48 36 47
34 14 48 10
15 45 26 7
10 30 49 6
20 19 47 17
22 43 17 5
19 17 35 46
11 15 0 7
20 13 16 17
31 30 29 0
5 11 34 46
14 44 34 42
20 16 39 20
15 12 44 35
16 18 19 41
13 16 7 37
17 39 7 48
14 35 32 41
15 41 28 5
13 44 7 28
18 39 30 23
29 12 39 43
15 16 41 48
17 33 49 6
19 18 27 48
18 13 35 46
12 37 37 47
19 13 1 32
11 44 40 49
19 21 45 10
18 23 45 8
14 40 28 28
21 22 24 4
21 18 44 9
10 15 49 5
16 14 37 49
33 11 47 48
14 38 30 47
11 16 34 45
15 36 35 5
16 37 9 40
14 42 47 4
19 17 33 26
18 15 23 28
22 17 35 48
11 35 21 2
14 35 44 8
13 23 12 29
16 23 29 48
10 42 39 42
24 42 38 45
20 12 39 14
20 18 38 46
24 18 4 5
17 38 44 43
15 17 34 4
12 44 35 47
17 39 36 23
6 37 30 2
16 43 29 28
16 17 38 48
30 9 42 3
11 15 36 45
15 14 33 48
18 18 42 4
22 17 44 3
10 44 45 25
18 19 47 6
19 16 43 1
17 19 38 10
17 22 35 45
12 20 34 44
9 15 44 4
15 22 30 49
22 14 35 48
17 21 21 37
16 39 36 47
18 14 36 46
16 41 46 38
9 41 7 0
14 43 24 3
6 17 32 27
16 35 26 32
21 16 21 49
17 15 35 45
15 21 43 32
18 39 48 4
11 18 27 34
16 40 49 11
22 15 45 11
19 42 36 37
19 22 26 5
19 24 1 35
20 18 9 30
16 42 39 47
12 38 18 18
18 15 29 11
19 17 26 4
22 17 35 49
20 27 30 4
18 42 25 4
22 18 33 5
13 38 17 19
17 43 17 12
18 33 45 37
16 37 19 43
17 16 39 6
6 39 6 9
17 18 44 16
37 25 32 42
10 36 37 47
13 19 36 47
11 36 35 49
18 15 46 5
25 24 16 33
22 15 46 5
12 14 37 47
18 13 34 48
3 46 34 25
10 24 28 33
16 39 44 8
21 15 33 44
20 13 35 28
15 40 35 42
17 39 28 25
20 18 17 38
20 16 37 45
21 16 47 10
18 20 34 43
5 36 44 5
13 42 47 11
15 30 31 14
17 39 41 8
11 11 21 17
14 15 34 46
31 21 42 34
11 22 18 6
13 25 36 48
12 36 48 5
19 15 48 12
20 16 34 23
18 16 42 10
20 16 34 7
13 26 34 40
18 17 38 47
20 17 35 29
13 42 43 9
16 38 29 2
14 15 35 20
13 38 7 5
9 26 19 18
28 18 35 40
19 20 30 11
9 21 48 6
22 37 31 47
16 41 32 49
15 16 44 11
19 15 48 13
18 17 34 3
13 13 37 49
30 25 29 45
18 43 49 9
10 37 46 7
18 17 31 43
31 26 36 44
18 15 48 6
6 37 30 30
20 9 26 28
15 41 4 32
16 42 0 5
11 22 39 45
15 41 38 46
18 14 46 5
18 45 37 20
12 45 45 11
11 19 45 10
19 17 39 37
11 42 32 45
11 42 49 5
14 41 18 25
20 15 5 42
14 27 1 31
12 25 34 46
39 26 41 46
9 13 47 7
22 16 14 42
16 47 47 9
13 41 44 11
16 18 32 7
0 43 32 49
15 21 36 47
22 17 40 27
19 43 37 39
15 16 24 17
11 16 45 15
17 40 16 15
14 44 4 40
18 17 19 41
14 39 48 12
16 41 37 28
21 19 47 9
25 14 49 10
36 22 13 39
12 16 45 7
23 42 43 7
17 14 42 9
18 39 45 9
15 19 33 46
12 25 25 30
14 47 27 2
7 12 46 13
16 22 29 29
7 36 43 4
14 41 32 47
14 22 43 11
15 19 37 40
21 16 43 26
12 38 23 25
14 18 5 10
0 44 45 8
12 46 34 4
21 16 48 8
13 12 33 32
10 16 34 4
11 17 45 4
10 40 27 22
11 30 36 13
19 41 49 45
9 43 33 44
39 21 46 5
20 14 14 33
15 24 24 1
14 10 29 15
11 18 13 45
39 18 20 47
10 43 48 7
20 21 40 37
19 41 35 47
19 22 36 44
9 33 6 5
11 24 12 17
21 18 2 26
42 25 33 48
2 27 43 32
18 17 21 41
14 14 31 4
19 16 44 17
17 16 45 14
18 20 8 7
8 13 47 39
10 20 33 29
21 18 46 8
21 13 44 28
15 15 39 43
17 41 31 3
19 40 33 45
16 19 13 3
40 18 33 24
7 39 43 34
13 23 13 32
6 32 37 45
17 29 18 42
18 40 33 1
18 16 10 32
18 13 15 31
11 37 36 46
22 10 32 2
10 40 46 35
19 44 4 43
38 47 36 44
14 38 30 37
10 18 32 2
18 18 28 27
23 14 35 46
18 15 45 7
14 22 34 36
22 18 35 32
17 21 25 7
16 20 46 8
18 24 42 48
24 16 19 20
20 17 36 44
4 37 48 10
25 17 27 1
12 11 38 11
14 25 48 3
18 19 28 2
15 20 38 46
21 13 46 10
22 35 28 8
16 41 48 7
12 37 36 47
17 45 37 46
18 10 38 43
9 21 38 47
0 31 45 7
16 36 20 33
18 14 22 2
17 16 31 29
20 17 33 1
12 16 48 8
17 34 33 49
13 36 37 47
19 17 0 37
28 17 41 8
16 41 4 49
5 40 48 8
35 26 30 3
0 14 12 39
9 19 45 6
15 17 38 3
17 21 0 38
7 36 37 32
38 23 29 5
26 18 31 43
17 43 48 6
19 46 33 20
11 41 31 24
17 14 40 5
17 15 25 38
22 20 36 25
9 22 36 9
17 16 36 46
11 40 33 45
14 21 35 45
13 23 30 40
20 36 43 8
20 19 35 43
22 40 36 27
18 12 44 4
19 39 37 41
18 16 31 1
32 28 32 43
26 19 48 7
12 25 28 1
19 15 6 32
15 34 39 11
29 16 45 13
16 16 44 40
17 42 45 15
13 17 32 46
15 15 32 27
29 20 35 47
38 44 49 7
14 42 35 47
29 23 35 29
12 16 30 34
20 44 25 17
18 13 43 26
32 38 45 7
14 16 43 8
21 39 49 8
15 16 33 29
16 19 21 23
21 16 31 40
25 16 15 1
17 22 39 6
17 19 37 46
1 9 4 37
16 21 6 37
18 43 17 25
16 15 30 5
16 42 31 1
20 14 33 30
14 44 34 43
43 19 27 6
14 20 8 49
18 25 28 4
13 21 32 8
17 39 44 8
13 37 11 18
17 23 8 36
13 44 33 13
16 17 33 43
18 39 19 22
12 37 35 49
18 13 34 48
11 33 28 25
19 24 40 43
10 18 43 6
17 14 23 1
15 22 33 47
5 25 36 48
18 16 41 25
18 15 47 20
20 20 47 8
19 17 47 10
11 19 32 28
7 37 27 26
16 22 46 9
13 18 49 10
11 23 33 49
19 40 37 45
38 17 36 46
13 17 44 7
6 30 7 44
13 26 38 18
13 19 45 6
22 20 24 4
14 38 43 21
14 16 35 2
19 16 37 47
20 16 33 49
18 20 48 1
8 37 32 46
17 18 19 24
14 38 49 12
23 15 36 46
17 36 48 11
11 21 47 6
18 39 30 5
19 21 26 35
21 19 27 0
13 41 9 30
12 36 35 47
12 16 33 19
12 17 33 20
32 39 35 46
9 40 29 4
10 20 43 5
39 25 36 49
19 15 37 41
11 34 24 2
18 39 42 12
13 44 48 7
12 41 36 23
11 26 33 38
12 24 33 48
19 20 26 31
11 39 31 49
14 17 48 5
16 39 31 49
13 41 30 45
13 17 7 6
14 40 35 46
13 39 35 14
15 37 6 39
15 40 31 2
13 43 34 46
15 20 17 39
16 33 32 43
18 18 45 2
20 39 49 10
19 12 34 46
9 42 46 38
14 35 45 7
20 41 39 42
3 42 45 3
12 16 44 12
16 42 5 45
12 38 34 45
21 15 32 44
20 17 38 30
19 15 36 2
2 39 32 19
19 17 1 40
18 16 23 27
15 21 47 6
19 18 22 24
17 16 8 44
11 14 41 21
14 38 45 6
11 39 6 48
23 16 45 13
20 12 45 6
11 36 9 0
12 20 35 44
12 26 22 9
11 18 30 2
16 19 39 20
15 34 2 49
16 17 36 46
42 29 48 6
14 21 27 0
13 46 27 5
18 16 34 46
15 40 14 34
16 41 47 28
10 39 31 1
25 12 29 27
5 13 36 16
18 46 36 46
12 18 14 45
17 40 31 3
18 18 37 45
15 13 6 19
18 39 46 11
19 19 25 4
19 26 41 26
