50 94 11255 800
42 25 7 24
0 31 44 13
21 4 34 14
9 41 25 26
19 42 39 14
28 25 4 19
21 3 27 25
44 29 11 19
18 17 39 12
35 29 25 25
42 38 25 20
33 32 22 27
32 38 42 11
37 35 11 39
18 5 25 25
21 4 30 33
39 35 23 19
25 5 24 23
17 45 23 24
18 42 26 35
46 19 22 22
42 36 25 24
14 47 25 28
17 1 26 19
20 36 41 15
36 38 21 34
37 30 46 15
37 21 38 16
23 5 21 26
34 41 23 20
38 34 42 12
13 36 24 25
39 26 41 14
21 3 44 18
24 41 4 23
33 24 26 23
27 42 19 33
44 39 26 24
23 19 45 11
33 21 26 21
40 27 30 35
30 46 28 12
37 29 22 25
16 5 39 16
32 36 41 16
11 42 24 24
19 47 23 48
19 44 41 16
44 36 8 16
39 34 41 13
17 49 22 20
20 44 35 13
34 49 40 13
19 47 23 15
20 3 40 15
39 30 38 8
29 30 25 25
37 21 22 38
45 34 35 16
16 44 27 23
18 48 40 13
16 37 26 20
20 43 19 28
8 48 41 12
22 5 19 36
42 32 25 23
21 7 23 40
11 35 41 14
39 26 10 42
38 28 25 22
26 5 6 17
22 4 27 33
46 15 36 19
41 42 26 27
25 34 24 25
31 25 27 38
37 27 43 12
23 3 22 23
19 4 6 21
17 36 38 13
22 41 36 16
43 39 43 16
46 36 25 36
20 35 25 42
20 0 22 24
43 36 42 16
34 26 24 26
41 42 38 10
43 31 39 12
10 47 27 24
28 39 32 24
40 33 40 9
14 43 42 16
45 45 35 41
