50 163 14461 800
39 2 2 15
31 9 12 3
33 5 12 5
5 17 21 12
29 16 26 1
5 26 32 41
18 1 15 18
0 29 49 23
18 5 8 6
45 6 1 15
36 1 35 9
34 11 20 11
36 3 44 32
40 5 40 20
6 22 18 12
18 8 32 38
49 12 24 6
10 25 26 19
40 1 4 13
2 28 30 2
43 5 44 12
33 13 16 37
13 22 22 26
43 15 6 16
36 1 33 3
42 17 11 25
32 6 39 37
36 2 14 19
31 12 39 42
33 5 30 38
30 15 34 10
35 8 26 3
33 6 1 10
31 13 11 44
2 10 16 10
39 2 10 4
9 27 37 20
4 29 41 6
26 16 7 20
32 17 6 17
14 33 33 10
38 15 20 11
41 8 18 8
27 13 2 17
5 27 21 38
37 10 6 11
23 11 4 2
27 9 35 38
6 25 15 9
37 3 4 16
35 7 33 21
49 17 36 4
37 4 14 15
35 12 24 5
33 14 32 4
34 0 18 6
29 14 35 8
30 12 15 12
20 8 5 14
3 35 24 27
41 1 13 10
30 4 3 27
31 11 14 1
26 11 42 13
34 17 40 14
32 4 14 2
32 3 37 16
27 12 4 17
26 10 9 10
23 1 11 25
35 10 31 43
25 3 22 29
18 5 13 7
3 26 26 20
29 13 21 13
40 8 26 0
32 15 3 13
8 31 22 18
35 0 32 10
19 8 8 20
18 8 12 2
8 26 18 5
3 15 10 15
35 2 22 9
41 6 46 30
0 26 37 13
1 13 16 18
27 10 23 26
27 8 33 25
2 9 30 19
20 5 40 6
39 1 9 13
24 4 41 4
37 1 7 6
7 25 12 35
24 8 5 36
44 4 34 15
38 6 35 10
3 45 12 21
8 24 40 35
37 9 49 17
2 31 28 24
43 14 19 17
1 17 27 37
38 7 30 27
34 7 6 15
33 1 47 42
36 9 11 16
27 14 36 38
32 13 37 15
31 14 1 12
27 13 1 13
41 8 39 26
43 9 39 11
30 8 3 15
3 13 16 6
33 2 42 7
32 15 18 36
38 5 2 12
29 2 1 12
1 15 23 3
27 16 23 42
36 14 7 14
8 40 47 10
24 12 20 16
33 5 25 16
38 1 23 11
38 14 43 10
37 5 23 12
38 10 21 12
38 22 3 10
9 31 21 18
29 2 30 19
30 8 20 14
8 4 2 12
3 20 4 16
2 32 24 3
29 7 24 34
24 11 37 21
43 4 23 11
22 1 12 10
31 1 30 14
34 14 30 34
4 25 32 8
32 1 37 11
24 11 17 20
35 10 3 16
22 15 25 44
28 10 37 14
42 3 28 12
28 0 15 24
25 17 37 28
38 12 39 16
37 9 36 40
34 12 32 20
34 4 36 37
6 29 33 13
24 7 5 2
34 13 31 5
27 14 17 15
46 3 9 8
39 5 24 9
11 28 29 7
