50 422 16474 800
26 0 1 28
27 19 36 24
10 36 32 15
8 20 41 43
33 28 3 9
7 40 18 6
43 35 33 42
16 37 35 15
10 30 37 2
11 14 37 15
30 12 40 40
46 29 34 17
26 26 36 37
35 35 19 38
45 34 48 27
41 28 29 41
35 24 33 14
39 13 30 44
5 28 37 40
10 40 43 13
43 30 35 17
39 6 31 47
2 37 35 14
5 26 37 45
6 10 0 7
34 24 38 19
8 32 28 3
9 8 48 43
9 35 20 2
0 2 34 15
5 18 33 17
48 33 31 44
18 34 41 49
24 6 36 43
20 14 25 28
44 17 8 9
31 7 20 49
4 32 33 13
41 15 28 20
43 33 18 43
40 31 2 9
45 35 39 23
18 19 48 13
29 27 23 44
6 36 25 27
29 0 16 32
35 23 35 28
44 16 35 42
11 37 16 34
32 28 25 34
40 3 4 11
1 39 45 38
1 39 37 15
5 36 41 15
14 17 49 21
23 20 40 15
31 31 24 34
30 19 43 49
20 0 49 49
7 32 18 39
10 1 30 14
49 29 7 12
12 23 38 16
12 11 22 12
8 17 16 47
23 17 1 8
38 19 39 14
26 14 44 42
26 0 46 1
13 42 4 27
6 32 34 14
20 34 38 39
13 32 37 18
0 37 35 12
7 1 44 2
4 42 34 9
39 9 21 30
44 40 37 16
39 12 33 18
45 4 31 27
11 11 31 16
12 33 37 19
9 33 20 43
13 10 22 33
11 33 33 31
7 36 43 32
39 33 37 18
41 30 30 15
7 24 18 46
24 13 35 15
36 28 46 17
27 0 29 45
13 12 33 15
2 27 37 9
12 24 28 45
47 0 36 19
28 36 23 40
5 24 38 45
43 14 39 13
29 39 21 44
12 37 38 15
42 15 18 37
9 12 13 9
49 31 34 25
49 30 26 48
9 30 49 23
31 6 33 9
21 39 48 8
43 26 33 16
45 31 22 40
10 32 38 12
14 18 45 49
25 18 35 16
39 41 35 14
20 17 16 16
15 35 40 35
10 33 35 48
28 42 33 2
8 35 43 47
41 27 38 15
39 2 28 9
13 33 14 15
43 2 17 39
6 15 38 22
42 26 17 9
34 37 31 21
23 11 33 35
43 31 42 48
15 25 36 18
36 24 32 11
48 20 36 26
20 14 33 18
32 38 36 14
41 33 44 48
16 9 14 31
4 44 27 47
4 13 19 1
32 5 38 48
7 40 35 44
40 9 39 19
30 34 35 17
13 27 38 16
21 21 39 46
36 11 34 20
41 8 36 30
32 9 20 38
6 25 36 11
13 26 36 28
22 23 37 14
10 39 48 30
18 1 39 39
14 10 47 18
5 13 15 45
27 29 31 15
7 22 33 29
11 47 25 48
14 14 23 1
42 21 30 4
10 31 18 21
46 42 35 14
46 36 0 34
27 15 35 11
45 8 26 32
42 22 33 48
8 30 18 39
35 12 25 47
2 24 49 8
48 16 47 34
0 35 32 14
6 38 37 15
26 28 0 31
16 30 40 16
9 24 36 10
40 18 40 11
13 23 25 42
49 13 8 8
8 31 34 39
11 10 45 46
28 3 34 35
34 33 34 15
1 39 40 36
12 4 23 47
1 40 39 29
28 20 21 39
22 23 22 43
48 34 31 42
45 33 18 12
16 43 23 47
22 11 34 14
40 30 48 31
15 22 23 48
0 39 20 32
4 9 48 32
12 36 36 19
8 40 38 33
7 19 24 24
36 4 4 8
19 28 37 18
41 37 32 17
36 31 33 12
6 39 26 29
23 36 19 42
37 37 26 29
11 32 49 22
35 46 32 10
12 33 20 44
45 43 40 41
3 47 26 48
12 37 37 12
44 0 47 31
40 34 29 37
2 27 27 10
39 22 34 17
18 2 28 4
22 8 36 18
13 40 31 33
27 22 33 47
15 26 34 43
25 7 36 14
17 34 34 35
8 9 37 13
20 32 34 12
6 41 36 25
37 32 49 22
13 15 31 49
31 27 36 47
15 38 7 42
7 34 31 5
23 22 21 44
33 21 6 9
7 23 44 8
43 13 33 12
29 3 46 27
4 33 42 17
22 22 2 7
34 0 33 36
9 12 31 43
15 32 9 19
12 7 23 36
0 32 46 48
9 30 36 33
5 32 13 2
34 14 38 20
0 36 35 14
33 4 27 44
41 24 27 39
36 34 36 16
5 31 13 19
19 11 39 12
10 28 33 19
29 13 37 19
22 10 38 11
28 4 37 14
33 34 13 23
47 0 16 33
38 22 23 34
35 9 36 20
10 35 15 5
12 30 36 43
24 24 35 37
1 24 5 39
36 28 49 26
20 35 30 13
44 24 18 26
42 19 47 33
9 30 28 25
27 1 38 14
36 0 38 16
38 38 27 21
45 39 37 18
24 23 27 30
39 13 39 46
33 27 23 46
23 32 18 44
19 2 30 23
8 35 34 40
44 7 42 28
46 1 46 28
39 34 34 16
12 5 18 49
18 18 36 17
39 22 7 15
24 6 7 46
27 10 31 14
41 39 1 14
14 25 40 32
39 27 35 44
7 33 19 16
37 27 38 15
49 25 17 48
12 9 34 10
4 25 38 13
10 36 35 43
34 29 36 14
10 31 29 23
31 19 15 13
12 18 26 45
42 2 0 15
21 6 39 25
22 40 33 16
9 37 36 39
13 11 34 14
5 14 30 11
39 19 35 15
13 34 48 30
38 45 24 41
24 11 45 39
10 9 33 17
31 4 16 47
18 11 33 1
35 2 11 20
27 40 41 15
13 15 40 13
18 15 35 12
24 0 33 17
5 33 36 16
38 2 34 14
35 16 3 8
9 10 34 17
46 43 46 11
40 21 5 0
6 11 23 40
11 24 33 17
49 26 3 3
27 27 11 23
35 31 13 9
32 6 15 44
44 31 34 46
31 14 38 17
37 31 23 31
19 33 40 24
38 23 2 3
27 34 31 10
10 48 26 49
10 32 45 41
3 33 31 12
12 5 22 23
28 20 31 24
9 33 18 46
43 34 37 16
18 5 28 32
12 33 24 38
30 2 48 25
7 37 37 13
43 20 27 39
19 37 18 31
10 31 30 13
26 27 32 41
25 21 33 48
10 15 37 31
12 38 46 43
5 33 30 35
31 14 31 41
26 15 35 10
3 29 41 28
11 0 31 16
16 0 31 40
20 28 2 11
36 21 36 34
18 41 33 12
40 32 29 31
36 15 24 49
2 12 35 16
41 16 22 40
20 16 47 25
14 8 5 10
2 6 16 45
5 32 19 44
29 19 31 11
47 23 39 45
10 28 35 15
16 38 37 14
31 22 7 8
29 22 38 15
36 14 25 3
33 42 36 31
3 12 20 31
34 40 27 33
7 20 38 18
5 29 48 9
30 14 28 46
42 44 1 8
17 7 16 38
32 27 49 39
6 42 28 37
26 31 28 44
11 26 24 34
29 46 24 46
36 44 6 13
15 15 45 1
45 5 23 41
38 19 31 46
8 42 40 21
23 46 1 22
16 3 25 41
33 41 32 21
8 39 32 15
27 41 36 16
34 16 29 47
10 33 33 23
16 42 26 44
15 29 30 48
36 4 35 17
3 30 38 12
47 19 25 39
11 36 34 0
19 25 19 45
11 19 29 15
23 2 4 13
4 16 47 17
48 36 34 14
37 30 45 23
28 31 42 6
5 46 36 15
26 7 33 16
19 18 19 37
16 33 40 15
2 30 27 43
5 12 33 15
29 22 39 14
12 30 35 31
17 26 21 38
