50 101 13415 800
16 26 30 17
8 31 45 46
20 4 14 38
4 1 36 10
26 10 49 40
48 32 49 43
11 35 44 37
4 35 14 2
48 32 36 3
19 11 20 45
29 20 31 48
24 22 36 2
13 27 15 7
11 37 46 23
27 28 45 39
21 17 41 30
3 36 48 32
21 38 33 7
39 2 25 38
46 33 49 30
49 34 20 4
13 10 25 47
40 13 28 3
12 13 48 4
15 7 43 41
17 8 1 45
1 32 0 43
49 33 33 4
1 23 35 33
48 33 1 38
10 32 43 37
16 8 21 14
8 11 38 10
7 19 30 39
40 21 43 40
35 25 28 41
22 38 43 30
47 32 20 45
27 29 41 48
10 32 19 9
30 6 47 44
15 7 21 43
3 29 47 20
9 47 9 4
48 27 22 38
47 31 11 38
14 11 30 14
3 31 32 28
40 12 40 42
11 15 45 24
0 24 33 11
19 8 22 3
48 34 16 37
27 34 34 44
48 35 15 0
16 21 45 27
33 11 40 49
45 37 32 13
13 0 2 14
4 24 25 45
31 6 21 1
28 16 31 11
28 21 12 5
12 10 47 43
25 13 46 33
15 15 23 6
26 12 24 6
21 13 9 36
14 3 43 22
4 32 33 34
5 7 40 29
0 17 45 31
13 20 42 44
19 47 7 49
19 30 19 0
41 8 18 45
44 19 30 9
1 33 31 13
15 18 45 39
49 31 25 6
10 8 13 49
45 30 10 42
44 20 33 24
19 12 24 9
9 15 37 12
15 11 18 5
12 31 38 31
46 33 3 5
17 12 44 43
4 48 25 18
3 30 15 32
2 35 41 42
34 35 37 15
49 30 0 4
34 38 43 12
8 35 44 37
11 24 37 44
0 38 36 36
41 3 15 3
4 28 49 24
25 11 21 42
