50 1310 19238 800
22 2 15 29
3 18 36 12
21 28 28 21
17 17 4 30
5 19 0 5
7 15 1 32
22 47 1 32
9 18 48 24
13 15 34 4
31 35 28 32
1 17 26 33
3 17 3 9
8 6 0 28
4 12 26 19
22 24 35 22
23 37 13 11
24 8 40 24
34 35 15 4
0 7 2 26
14 38 16 22
9 24 2 34
14 38 25 9
25 39 3 31
34 33 9 31
32 25 10 35
12 43 21 27
39 26 4 28
4 16 24 4
2 7 27 0
7 20 7 36
15 18 2 39
21 10 30 20
38 26 19 17
34 13 29 26
25 13 38 8
7 26 9 49
36 29 24 12
5 20 46 14
21 20 4 33
44 48 31 19
7 22 12 28
2 12 34 6
28 26 6 10
2 19 20 14
7 11 16 33
36 36 8 22
11 16 28 21
34 37 39 27
49 32 26 11
0 26 1 19
16 20 19 3
10 14 15 44
1 21 6 30
3 19 28 42
1 4 28 20
21 30 34 9
10 10 12 45
7 17 18 48
30 20 23 0
35 18 24 6
37 43 3 12
30 27 11 17
10 1 8 29
18 12 21 25
1 21 41 2
34 35 27 23
31 46 20 18
25 42 7 30
10 10 32 18
25 37 27 5
3 19 4 14
13 36 20 1
25 17 6 29
11 15 35 9
15 21 43 14
42 37 8 31
23 34 7 32
28 39 41 11
8 16 13 1
9 21 30 2
21 18 35 2
26 32 38 2
26 36 12 0
3 20 22 39
22 9 13 40
27 34 44 9
23 44 15 2
16 0 10 14
2 18 16 13
9 13 8 1
25 18 10 40
14 0 44 31
43 12 9 25
6 13 26 34
2 15 11 7
3 19 21 28
25 39 7 29
24 33 23 3
3 25 32 18
32 5 27 33
5 17 46 33
3 26 27 24
4 23 1 11
26 34 35 32
4 20 30 17
4 15 24 19
5 14 31 34
0 16 25 30
5 5 30 32
1 23 29 11
4 13 19 21
8 18 49 22
3 19 2 33
7 11 30 14
5 21 25 25
24 33 30 6
1 13 18 11
4 23 11 22
13 42 24 27
42 34 23 30
14 16 7 6
29 36 33 21
32 23 28 7
10 41 28 14
18 25 2 40
22 3 39 29
14 9 22 3
13 14 0 25
20 9 24 13
15 35 5 34
38 25 7 30
37 32 31 17
8 19 30 12
34 30 6 30
2 12 22 16
24 25 16 35
8 20 46 5
5 15 26 6
5 24 30 11
8 16 30 13
6 10 39 1
8 16 21 26
12 23 30 33
21 45 38 24
31 46 33 24
11 1 36 23
6 41 13 8
9 12 33 3
11 15 2 27
14 6 2 31
0 13 9 35
6 27 16 8
8 41 22 12
0 15 32 8
10 29 21 23
12 29 22 29
12 43 2 31
34 33 11 6
15 9 12 35
1 17 8 26
3 14 34 41
32 22 44 4
0 19 13 16
17 6 1 30
10 47 6 32
25 41 2 25
19 16 32 13
4 16 26 8
37 38 4 28
10 20 6 34
27 38 40 39
15 6 37 1
10 6 34 22
6 17 5 29
10 2 40 5
30 44 5 15
34 8 21 21
1 18 34 12
4 24 9 15
29 24 21 25
27 25 34 24
17 11 20 8
10 10 21 17
12 11 31 19
5 19 8 41
33 44 37 10
6 12 27 9
23 39 17 7
0 12 16 6
19 14 29 30
12 36 31 3
10 15 32 13
15 18 35 14
7 14 48 18
32 35 20 21
18 25 42 3
22 38 7 32
17 12 28 17
42 45 37 32
5 24 32 14
45 43 34 28
26 19 25 33
2 22 24 2
0 21 13 24
23 39 6 29
32 27 36 31
8 14 20 38
4 23 17 13
17 16 36 19
12 6 14 47
5 6 6 24
3 4 4 28
30 45 43 4
27 1 30 12
5 11 14 10
2 16 25 30
36 47 8 39
7 17 41 11
6 6 21 29
3 8 24 14
14 24 36 38
11 3 9 30
2 17 5 6
13 3 41 21
1 14 29 37
6 4 9 25
6 14 6 32
10 19 16 7
18 2 8 2
22 34 1 21
22 46 31 34
3 21 4 29
12 8 26 17
10 8 19 43
36 44 44 17
7 17 0 21
21 20 7 20
5 14 3 8
23 18 24 22
12 8 6 13
2 11 11 29
22 14 49 12
27 20 39 15
30 5 1 34
21 44 6 1
17 0 29 21
23 37 3 20
8 10 14 23
12 2 28 26
28 36 46 2
7 14 13 9
44 42 5 12
40 35 2 26
15 38 8 5
10 26 33 17
36 41 36 26
5 42 7 12
11 18 1 12
37 42 5 31
2 18 10 15
11 20 29 0
6 9 26 20
12 10 22 9
37 36 6 8
31 43 9 33
14 14 7 10
44 41 26 11
7 13 37 21
38 45 41 24
6 27 7 31
17 40 36 10
4 2 1 22
16 44 9 30
7 1 17 25
33 45 22 22
26 34 40 18
22 21 27 14
5 12 27 34
11 21 14 31
6 1 22 0
10 14 12 30
15 0 36 22
7 21 8 32
7 5 11 25
22 29 7 11
23 24 6 35
10 5 27 12
0 24 0 14
13 15 16 6
23 3 6 32
3 25 23 5
9 17 35 1
12 16 4 2
4 27 29 8
28 23 0 9
7 12 11 41
17 17 10 33
2 31 6 28
25 28 0 2
19 22 16 24
1 9 22 11
21 11 8 38
28 29 33 29
10 14 40 19
15 17 38 7
10 13 26 27
22 23 8 28
29 27 40 12
22 40 19 23
13 9 9 14
23 45 25 32
20 16 15 24
0 13 31 15
4 21 27 17
30 40 32 13
25 21 32 34
30 15 9 22
22 19 33 22
15 6 1 33
24 45 21 5
24 24 9 12
14 5 40 6
6 9 13 40
0 6 26 27
10 22 3 17
37 34 29 23
9 11 37 22
47 21 44 32
21 44 22 20
30 1 44 3
3 22 2 28
11 9 32 26
36 19 26 36
1 0 8 19
36 31 1 33
9 12 30 18
14 18 20 15
20 42 2 15
1 17 14 16
35 43 6 14
12 12 38 2
18 37 3 21
8 4 2 35
6 16 29 13
9 22 9 33
21 10 41 26
5 26 10 23
9 17 9 34
3 14 39 22
8 13 41 30
47 25 21 4
21 23 37 1
27 14 34 13
1 1 15 21
11 20 12 27
35 49 38 14
1 22 3 13
17 13 14 35
16 18 3 37
2 10 23 26
0 8 13 47
7 30 24 20
7 19 7 9
8 8 7 37
38 34 1 21
3 21 43 14
21 17 43 22
23 12 7 28
17 28 19 5
29 40 20 26
3 1 26 1
15 28 37 0
39 43 21 19
4 34 4 25
26 16 11 3
6 3 6 37
22 44 39 22
4 19 45 4
42 28 24 19
7 17 7 30
6 15 37 0
33 36 34 2
14 7 5 15
5 15 22 10
7 13 21 12
12 33 20 10
8 20 25 13
19 26 0 11
31 38 8 17
26 36 10 24
3 21 37 16
36 15 7 28
6 21 6 4
7 14 8 42
27 20 14 29
13 24 42 20
22 38 14 1
39 29 1 7
27 49 28 21
26 1 21 7
37 10 4 34
0 21 17 49
15 44 5 26
31 38 27 28
5 19 2 1
2 22 18 4
43 32 3 17
2 9 10 28
15 13 32 7
17 16 23 9
17 20 27 26
23 19 8 26
13 15 16 41
13 1 2 31
2 10 24 27
34 42 47 11
25 35 4 30
27 29 11 22
31 41 8 32
11 36 29 26
20 26 2 8
2 19 3 31
13 16 30 18
17 26 38 39
19 24 7 37
14 29 0 11
20 42 4 26
18 33 3 4
0 18 19 21
4 20 14 7
28 33 34 41
5 14 24 32
9 2 47 21
27 32 7 6
27 6 2 23
18 12 33 23
8 6 37 32
34 27 3 21
0 21 4 29
11 18 22 24
3 15 25 8
8 21 38 7
11 27 15 49
13 4 7 30
33 5 22 42
5 16 37 28
35 23 4 31
9 10 47 14
5 23 15 48
16 17 1 31
11 9 6 0
43 33 12 27
4 10 5 24
4 12 11 23
28 1 9 11
0 13 12 14
12 16 5 7
1 12 4 25
26 31 24 26
8 10 32 20
10 10 10 25
28 36 12 5
21 33 9 28
25 41 2 1
1 20 17 8
6 17 29 12
5 7 37 35
20 33 33 7
10 3 18 12
33 37 21 21
31 41 7 38
26 8 5 18
26 29 6 44
1 7 24 18
3 17 2 28
18 11 10 20
32 44 6 11
16 31 4 26
14 11 25 25
15 23 4 30
11 25 7 34
23 27 8 0
3 22 4 15
14 35 5 22
26 47 10 20
9 20 7 31
49 35 24 24
22 22 35 6
8 22 42 18
9 19 4 23
20 12 29 16
22 43 37 0
21 29 11 30
30 40 43 31
15 39 29 24
42 44 6 31
12 18 20 4
13 7 14 23
26 43 1 27
8 6 4 36
22 43 21 5
34 3 5 31
4 9 10 26
32 48 45 43
32 32 27 30
6 1 5 34
21 27 16 3
26 26 12 6
6 4 14 22
37 31 2 22
17 32 16 15
12 15 4 32
17 11 11 31
38 43 26 36
0 13 11 1
10 13 40 4
45 45 23 13
25 43 19 25
37 46 8 1
17 11 24 36
22 37 26 5
8 18 26 10
31 15 30 4
7 2 4 48
15 26 38 15
12 16 32 18
33 26 12 18
16 0 10 23
34 13 26 23
28 35 23 1
32 36 35 23
26 10 19 16
25 25 6 26
5 12 47 5
20 17 26 15
5 4 31 1
8 3 0 16
12 24 8 35
21 10 37 3
3 29 27 12
27 36 45 21
21 10 29 31
22 10 20 17
14 38 44 27
15 27 6 29
24 28 0 34
17 38 5 29
4 23 10 29
31 21 25 19
18 42 39 11
13 23 9 37
7 11 2 9
2 1 9 33
1 13 15 3
1 3 7 35
1 23 0 9
6 22 32 11
8 17 4 39
10 10 40 14
42 37 11 11
19 16 31 29
6 12 48 24
7 13 2 15
4 11 0 42
10 16 14 25
19 45 5 31
1 15 43 10
6 10 10 34
10 32 19 1
10 45 43 20
40 32 0 48
17 20 27 12
11 0 35 16
7 17 25 15
36 22 15 39
27 40 0 3
37 33 33 14
28 40 24 17
12 0 14 49
9 14 5 34
25 20 9 1
9 24 29 13
30 2 1 20
32 33 25 30
37 42 18 2
6 22 27 16
28 2 37 2
4 24 38 3
35 24 6 2
36 36 23 22
0 11 6 17
1 19 20 4
37 46 12 16
33 34 11 24
10 17 46 35
17 28 1 34
3 16 0 35
19 35 25 36
6 23 16 9
6 9 28 9
24 47 26 2
2 3 44 33
18 15 25 7
20 15 7 30
5 7 27 22
4 15 37 18
36 20 28 24
4 1 10 29
6 14 15 32
0 17 11 2
11 10 15 2
4 9 20 26
24 38 14 28
5 17 12 38
3 12 21 7
32 41 18 17
2 0 32 21
4 19 9 27
10 9 4 24
23 3 22 28
3 15 1 30
8 14 31 29
2 18 34 22
25 31 21 21
3 24 6 30
7 4 26 22
40 32 22 46
33 24 6 32
14 12 0 24
5 26 19 29
32 45 5 29
20 12 0 20
24 28 29 7
1 14 3 34
0 16 18 26
29 33 13 17
5 12 44 15
5 11 6 16
21 10 3 16
32 13 18 29
8 15 5 4
4 18 41 40
19 7 13 30
22 17 40 8
4 11 28 42
18 46 4 27
5 15 31 22
38 33 36 23
44 27 33 46
2 9 6 32
25 15 21 9
15 6 5 28
19 25 17 44
15 23 4 6
2 21 28 22
9 14 7 29
3 17 23 25
3 6 6 4
46 29 27 14
28 30 22 12
20 15 47 27
12 21 21 23
7 0 3 33
31 47 22 19
22 20 11 23
36 42 10 13
21 17 11 18
28 19 4 36
7 21 10 0
16 19 2 12
16 15 13 9
3 2 8 14
10 18 7 28
3 46 1 11
19 7 38 28
3 12 15 4
7 10 15 4
6 23 0 6
8 25 30 40
20 13 5 10
5 5 12 28
16 15 45 1
10 37 2 2
6 22 20 30
6 5 7 37
3 9 32 26
1 18 0 39
0 38 17 7
2 11 37 39
2 17 12 29
11 15 10 32
7 16 18 5
16 1 1 6
36 34 11 11
0 23 14 10
5 14 19 27
21 21 22 25
3 15 30 20
9 15 36 15
0 20 19 21
6 9 2 24
3 18 3 23
2 30 43 20
31 45 16 5
33 36 9 32
28 37 33 4
18 20 8 22
7 15 41 23
34 37 12 23
16 19 35 26
21 5 42 46
22 20 0 1
13 6 42 24
10 19 31 26
15 11 16 17
28 45 34 12
5 11 1 34
18 38 7 4
4 14 22 28
0 10 9 27
19 9 8 12
5 14 41 0
6 10 21 40
26 10 1 16
7 16 27 32
12 2 5 28
27 32 21 24
16 6 14 37
35 46 48 7
9 2 23 26
37 33 17 27
39 27 2 28
13 4 21 13
11 7 3 10
40 35 5 25
7 18 5 38
6 20 7 39
10 7 32 16
12 34 7 21
20 32 0 16
2 36 27 3
0 10 3 39
5 19 6 38
33 43 14 26
26 26 19 14
30 36 9 29
2 21 16 6
6 13 7 7
36 38 48 12
8 33 38 12
2 25 44 1
35 46 30 12
14 19 5 39
5 18 8 25
2 27 29 24
2 0 36 8
33 40 46 19
0 9 36 19
3 10 15 22
21 23 4 28
0 22 34 10
35 32 31 19
4 13 23 1
1 9 5 40
23 46 11 30
3 18 12 14
7 10 4 23
8 21 30 37
3 0 11 31
9 22 45 29
6 18 7 6
4 9 35 26
11 13 27 49
27 12 3 1
40 40 13 39
3 0 3 26
11 37 35 22
4 24 26 29
11 11 41 2
5 23 30 34
20 22 24 39
0 7 6 36
43 48 30 2
26 41 14 2
15 9 1 29
32 2 16 23
7 10 42 29
5 21 5 10
26 40 13 15
4 24 32 10
2 13 28 0
30 17 30 38
36 26 14 32
33 10 7 31
21 44 39 0
2 17 6 4
6 21 6 41
5 11 24 18
16 7 25 28
3 14 35 30
47 44 32 20
0 10 25 33
8 48 10 30
46 29 19 39
35 36 19 21
5 20 8 22
16 12 18 20
2 7 36 12
6 25 9 31
3 35 9 20
1 25 16 9
19 18 43 32
23 45 25 19
7 22 27 26
3 18 10 25
12 6 2 35
8 19 26 14
10 6 9 14
2 0 20 18
16 42 7 12
19 24 39 48
6 18 34 1
28 45 3 15
10 21 10 27
17 19 30 9
0 11 9 10
9 20 32 18
2 18 20 32
29 19 23 46
26 17 9 13
4 22 40 3
1 11 12 29
21 25 19 21
2 12 21 0
4 10 8 25
1 11 46 2
41 36 20 21
10 20 4 34
31 27 5 30
5 15 8 26
23 18 34 5
37 45 20 24
18 14 39 29
3 36 29 6
2 20 12 28
20 23 23 13
29 27 3 19
22 29 0 38
18 20 12 21
9 9 26 0
4 19 13 6
27 28 4 20
1 21 1 29
2 9 38 5
32 22 5 11
4 17 9 32
21 4 7 30
29 36 1 1
15 47 9 12
35 41 3 31
2 12 25 34
6 21 2 31
18 22 3 8
10 23 40 17
49 39 22 21
12 36 26 21
8 15 43 11
29 27 39 35
27 29 43 3
28 37 21 1
38 47 17 17
20 46 42 0
10 32 33 28
34 40 43 44
14 18 2 31
23 35 26 33
9 23 25 17
13 14 10 30
7 5 4 25
9 11 27 20
9 16 11 5
11 15 22 44
6 3 33 21
18 33 8 4
4 17 28 24
33 36 21 0
13 8 41 23
6 16 3 30
15 11 19 8
35 39 20 31
8 26 19 35
3 14 13 5
12 29 21 5
0 7 6 26
12 9 15 14
1 10 12 32
24 34 31 9
1 18 31 26
12 16 5 23
21 13 42 5
39 9 41 15
1 16 44 34
14 1 14 6
9 25 12 5
26 29 13 8
8 19 12 32
1 16 27 44
6 13 2 9
27 35 8 2
21 38 6 43
36 42 3 28
19 4 30 44
0 24 5 1
40 35 4 14
14 42 15 1
4 6 27 39
4 11 19 29
30 15 10 37
18 33 2 18
34 41 38 15
2 17 42 23
5 19 10 0
7 19 20 5
22 17 40 20
25 19 22 2
5 14 2 36
3 20 21 7
20 22 18 8
17 14 14 26
23 21 10 20
10 19 20 24
26 31 1 2
1 24 41 35
18 1 4 41
17 25 30 24
28 9 38 44
33 18 22 9
5 20 24 17
16 20 18 1
0 24 28 31
3 20 9 30
16 15 6 28
14 43 4 33
20 15 34 19
45 33 41 2
24 40 10 24
1 8 38 8
19 18 21 29
34 32 19 19
0 2 2 33
39 8 12 19
38 37 23 9
15 0 31 21
3 16 4 0
7 15 17 2
16 12 47 14
45 41 34 29
9 10 4 35
21 13 44 3
26 35 8 28
3 21 36 23
17 6 0 27
40 17 11 30
27 6 31 23
1 28 38 6
3 17 5 0
10 13 0 30
27 25 18 27
5 11 33 2
6 6 12 11
11 24 4 30
40 25 1 31
24 8 16 5
16 10 37 11
14 21 46 11
6 14 6 27
9 21 34 43
11 38 3 33
1 27 18 15
47 18 43 33
5 10 11 25
47 20 9 3
6 17 35 14
6 19 12 40
19 43 15 20
49 43 34 47
16 40 42 27
23 38 40 26
23 20 26 26
10 11 4 37
30 13 7 26
14 26 11 11
28 41 18 3
6 19 3 30
7 17 6 6
5 21 22 23
7 7 25 17
13 25 9 24
25 29 4 16
33 19 7 5
27 19 4 28
1 16 21 1
19 42 9 30
25 31 18 11
19 13 3 32
6 17 13 33
36 45 31 33
44 48 7 37
11 9 36 29
7 8 1 35
18 18 38 11
24 35 3 30
6 38 1 40
22 2 9 44
9 17 0 30
33 39 4 30
19 35 34 13
40 38 10 3
11 10 4 5
9 8 1 28
4 17 29 20
3 15 5 28
19 17 8 22
22 23 6 27
7 9 12 20
38 35 18 15
23 10 37 28
27 28 16 4
6 3 30 3
22 29 3 36
7 16 36 21
25 22 2 32
25 12 41 0
9 14 5 24
40 46 49 2
8 44 4 5
6 40 7 18
15 14 35 10
22 45 31 11
18 8 24 19
4 13 17 6
28 13 12 44
25 27 37 26
4 12 32 24
2 14 22 23
7 15 37 25
4 24 29 25
24 16 7 12
23 35 10 6
34 34 8 27
21 0 33 1
13 8 5 5
3 22 5 26
12 19 0 26
2 21 34 17
24 4 40 8
14 14 2 30
1 7 39 25
29 37 7 34
15 16 8 10
9 18 10 22
37 39 0 31
5 14 11 40
18 5 40 31
4 13 22 25
3 14 29 13
1 12 14 16
6 18 7 2
12 34 34 10
0 10 9 34
8 7 39 14
3 32 8 6
11 15 19 4
11 3 9 39
6 15 34 40
7 2 41 10
32 3 10 25
42 47 38 1
13 19 18 3
1 21 11 30
2 10 31 25
30 46 7 33
7 18 25 1
41 37 23 15
20 20 5 24
26 27 0 27
24 35 11 6
0 8 45 14
37 38 27 36
27 43 41 22
19 19 6 29
6 2 7 34
35 29 1 16
27 44 7 30
1 21 21 13
4 11 6 30
16 12 18 5
24 18 7 36
37 35 19 18
25 13 4 18
4 6 10 13
4 17 0 28
13 7 19 8
2 6 17 17
22 15 25 34
17 18 19 13
13 28 7 40
10 28 33 9
20 47 16 19
30 35 18 10
6 15 29 29
1 13 17 0
5 19 32 12
0 11 30 21
29 7 4 34
24 11 0 1
24 39 10 36
5 20 14 7
3 6 31 43
24 14 8 26
27 24 4 39
16 14 24 15
18 49 19 1
28 44 38 13
49 35 27 26
6 23 38 10
0 17 33 2
3 12 31 9
9 18 21 22
22 34 30 18
15 30 20 30
25 41 30 26
28 39 33 5
16 19 10 28
18 11 12 28
0 16 34 19
0 15 6 4
4 12 0 13
11 17 9 4
8 15 21 15
9 15 4 26
15 7 35 7
0 21 34 5
36 44 31 3
46 29 25 6
38 38 25 8
13 23 0 8
11 8 9 1
27 39 26 19
6 9 17 19
29 36 6 29
1 21 24 36
31 31 4 28
0 16 2 28
9 16 30 17
0 19 13 31
8 14 18 3
29 15 28 25
8 16 36 22
5 14 32 37
18 36 9 31
1 9 15 24
8 15 8 26
22 11 36 20
45 31 28 17
11 35 17 17
8 13 28 17
22 21 32 26
0 31 28 25
4 24 19 22
32 32 19 27
9 29 31 22
11 22 1 46
8 16 14 29
30 36 32 19
0 17 2 25
19 10 27 5
27 9 29 35
27 24 46 22
19 43 37 15
14 13 6 34
43 7 45 28
31 37 16 38
6 11 17 48
11 22 32 30
25 21 7 27
4 15 15 2
18 9 12 18
30 26 25 1
8 7 22 49
2 8 36 34
5 12 24 46
19 30 20 8
20 19 32 14
32 40 14 2
7 18 9 30
37 18 39 0
21 33 1 35
9 21 49 43
4 13 28 6
18 9 5 7
2 1 2 26
20 29 7 14
14 5 20 17
8 3 21 3
22 41 1 32
31 34 38 16
11 21 7 2
17 44 26 13
0 14 29 8
11 41 2 31
38 37 25 10
10 39 27 25
25 22 30 11
38 47 29 10
6 22 10 45
3 19 22 16
23 22 11 21
4 4 39 25
3 19 29 24
25 9 6 30
0 17 39 37
10 18 15 4
12 19 47 20
23 32 28 21
43 40 26 16
1 12 5 35
9 0 10 20
22 18 5 3
4 17 15 14
23 33 39 0
3 26 32 21
10 18 2 7
16 39 32 9
26 48 13 18
0 23 24 7
30 44 18 6
2 12 3 4
1 6 43 21
6 19 0 8
9 3 2 25
26 18 24 22
0 18 23 20
1 22 33 17
12 20 27 22
1 11 0 29
45 41 48 20
10 24 32 20
14 25 8 30
40 17 5 7
7 2 23 17
20 8 16 10
21 14 44 13
33 14 8 27
15 17 36 11
19 9 5 36
8 14 3 28
17 11 3 22
4 16 4 27
12 24 24 8
35 40 13 34
4 22 32 32
9 19 6 37
7 2 8 16
38 7 26 2
1 8 41 19
30 6 2 31
8 19 15 16
28 49 47 11
2 15 5 35
23 20 9 9
7 7 0 12
40 11 20 8
1 21 42 39
0 14 1 35
1 9 48 9
5 22 41 23
27 10 25 16
9 2 26 34
24 28 20 7
12 12 31 16
0 11 35 7
33 34 46 0
18 2 31 29
9 16 23 18
15 16 28 23
4 6 2 28
21 10 23 13
2 15 39 3
18 42 45 27
6 9 23 22
2 18 14 3
0 28 32 27
34 47 25 30
12 24 25 12
25 26 41 15
28 45 6 38
1 6 44 20
33 38 28 30
20 0 15 2
0 7 16 16
21 3 30 12
3 48 25 42
5 41 5 32
4 18 15 33
15 7 10 31
27 39 42 27
2 20 6 37
10 19 7 30
28 31 13 26
