50 174 17001 800
30 12 45 28
43 34 4 47
46 28 12 21
16 19 5 25
46 49 36 20
25 19 6 24
23 16 43 25
41 38 2 45
44 5 40 36
29 19 9 47
16 43 6 48
39 8 6 25
39 30 8 26
34 9 6 30
17 13 49 25
33 3 8 44
35 34 49 18
37 23 12 25
29 14 40 27
30 16 6 29
37 14 43 22
34 14 3 48
16 16 8 45
28 18 9 26
21 16 11 26
21 31 6 27
28 28 30 46
19 2 44 23
38 28 7 25
22 36 45 16
31 23 37 30
17 28 5 22
29 12 5 49
25 31 29 13
29 5 4 28
6 14 4 24
28 0 8 24
31 16 1 44
30 14 3 25
29 15 7 21
36 24 32 17
17 14 5 19
32 13 3 45
43 27 7 27
33 16 43 29
42 13 32 23
27 45 6 23
32 37 4 40
43 38 45 15
35 46 47 34
32 16 3 48
44 31 41 24
31 47 45 27
32 17 48 17
24 15 49 17
30 10 42 18
35 20 45 21
30 18 9 27
34 48 33 16
31 16 42 15
33 13 42 13
36 37 2 45
29 16 27 37
33 35 12 49
33 42 46 22
17 36 5 47
33 12 23 17
43 23 7 23
25 39 48 27
49 33 46 42
4 15 4 45
41 39 19 47
30 22 38 29
40 39 8 23
33 12 41 22
21 4 4 43
31 23 41 41
28 17 8 26
37 40 47 7
39 31 8 25
31 10 25 11
26 14 30 26
16 17 35 48
15 20 35 17
32 15 10 24
13 22 10 43
27 13 5 47
47 11 42 25
9 44 6 25
25 10 9 26
28 17 9 29
32 17 2 46
46 36 12 41
10 16 30 28
28 10 7 27
16 42 37 16
31 7 9 26
38 13 36 20
37 14 9 27
32 16 0 48
18 26 8 22
30 14 7 27
17 14 4 29
46 23 3 25
25 46 49 18
33 31 37 24
26 44 1 46
25 10 45 17
34 29 4 44
34 26 5 27
26 15 3 43
18 22 45 26
38 0 5 47
20 40 42 4
46 38 7 26
45 19 41 30
6 11 6 45
44 9 29 35
30 14 4 48
30 39 46 33
45 44 4 43
41 31 8 25
21 26 1 49
30 11 40 26
22 20 6 48
14 18 38 20
28 17 8 22
11 29 10 24
49 20 12 25
21 21 34 24
34 13 6 41
29 19 19 43
21 14 9 19
23 36 44 29
28 9 9 27
30 39 46 36
31 14 34 24
33 15 39 23
18 27 11 24
33 18 31 33
45 34 33 0
34 22 9 28
44 17 28 19
33 27 9 49
24 17 11 26
28 12 11 46
16 12 41 20
14 25 48 42
28 16 42 24
31 37 47 12
30 15 14 23
25 10 4 21
29 32 39 27
42 46 6 25
31 12 34 22
20 49 7 22
18 26 9 25
28 17 45 11
27 36 12 43
19 18 9 25
38 32 7 29
36 11 7 26
30 14 46 19
28 23 33 15
31 15 42 19
28 23 37 22
22 39 7 30
34 42 11 28
42 36 34 43
34 20 12 23
39 12 4 47
38 22 41 31
25 17 7 26
33 24 41 21
