50 658 15843 800
26 36 8 9
42 35 39 49
27 35 39 11
24 0 46 46
21 49 25 27
12 38 16 0
15 6 30 31
24 20 35 30
35 45 42 5
10 36 41 42
30 5 27 34
23 25 46 39
27 44 40 24
15 16 40 19
43 45 25 26
20 28 9 6
15 39 27 33
9 22 9 0
17 7 42 46
19 17 24 20
24 38 19 41
16 40 34 42
12 7 39 29
41 24 35 16
26 33 14 40
19 5 22 18
14 26 17 11
17 11 33 25
12 41 33 28
32 10 12 6
11 27 45 46
13 39 41 36
4 25 34 18
24 33 26 36
27 36 15 14
36 33 34 37
14 27 26 37
3 33 33 16
9 46 21 18
28 38 26 15
36 23 21 0
22 19 14 2
35 18 30 27
23 29 33 26
22 5 16 10
21 5 5 18
26 4 30 28
29 31 17 16
4 39 48 14
28 45 11 25
41 18 22 36
6 19 24 47
33 45 4 12
32 30 44 32
16 31 29 46
44 43 38 48
27 41 49 42
18 27 2 9
31 37 9 11
21 20 44 40
13 5 25 42
25 42 38 22
36 19 34 24
22 28 30 44
14 4 40 42
25 41 29 33
20 39 40 37
26 6 18 3
12 36 10 9
14 5 44 44
24 39 19 2
40 37 25 24
22 24 46 29
16 29 25 11
7 21 19 44
43 40 14 19
15 27 28 32
41 42 29 28
16 31 46 33
19 23 34 25
15 43 25 23
40 24 14 5
36 20 17 19
44 43 33 38
15 10 22 28
41 9 44 20
31 43 26 31
32 41 1 13
2 29 20 8
23 47 31 22
30 27 2 14
17 33 30 35
5 48 46 35
22 18 47 37
13 2 40 19
19 2 37 14
26 20 45 42
14 0 6 3
17 22 32 25
29 5 49 25
28 21 28 32
14 7 37 32
11 32 44 25
11 16 3 7
24 21 33 21
6 15 37 44
18 8 29 30
29 20 20 11
14 6 40 44
14 32 40 48
21 42 11 10
35 46 31 20
15 47 48 39
8 20 26 40
17 31 47 14
25 23 48 40
27 31 20 2
8 38 26 26
19 28 42 16
20 7 4 14
2 20 48 19
18 2 43 29
19 12 37 28
30 13 29 6
42 6 27 26
7 17 47 43
13 30 48 47
30 28 10 4
10 28 4 2
35 15 0 0
11 2 16 37
12 6 7 12
20 22 45 3
5 43 21 5
23 20 30 31
39 49 44 0
22 48 17 11
18 18 7 2
25 26 26 32
35 39 41 46
33 17 45 42
14 29 19 32
35 25 12 11
39 26 21 37
47 30 25 42
25 29 32 23
42 24 16 6
15 17 23 21
46 17 28 43
8 27 28 37
10 38 49 17
21 29 40 6
6 29 3 2
13 28 45 4
41 10 26 9
14 27 28 14
21 3 47 22
36 5 25 47
20 3 14 22
17 1 38 33
16 29 49 39
26 10 33 33
2 24 17 16
20 31 26 14
6 11 4 29
14 19 43 41
12 7 31 25
17 32 26 25
2 30 43 34
31 34 14 31
22 31 28 16
31 47 14 6
2 24 27 29
9 25 48 22
11 17 47 22
25 21 9 10
19 30 14 30
7 19 19 12
15 24 31 33
6 11 18 1
46 31 18 7
23 36 46 41
13 33 44 1
24 47 47 16
40 26 40 41
28 33 37 34
7 42 31 30
1 38 39 22
27 18 20 25
11 31 17 3
8 25 44 46
26 30 31 15
25 9 17 17
1 37 46 13
5 41 34 12
15 0 30 27
4 32 32 35
15 2 43 14
40 23 48 7
10 22 2 3
13 5 4 21
22 39 6 0
3 23 12 13
16 17 16 33
5 49 38 9
20 11 34 28
42 15 23 9
5 27 12 12
8 34 31 25
19 34 3 24
28 18 26 25
39 38 28 24
12 27 34 40
22 30 44 48
16 3 29 37
20 33 48 40
24 38 49 48
21 4 36 36
41 29 38 44
31 21 33 38
19 31 16 27
41 39 30 19
24 28 33 40
42 21 45 44
24 42 16 15
18 30 33 9
33 30 14 1
32 48 21 40
10 26 36 29
1 32 14 3
13 4 19 12
19 29 27 26
35 29 49 2
8 44 44 9
17 10 45 18
14 1 47 43
16 5 30 34
2 37 31 27
21 4 42 39
31 14 11 7
28 25 36 22
12 44 13 2
42 36 25 21
30 19 42 40
33 23 13 45
35 46 3 3
21 25 45 43
19 19 40 29
22 13 17 37
7 32 43 36
8 28 28 1
36 27 45 7
21 24 28 23
15 24 9 7
17 6 8 7
19 28 44 31
15 21 25 32
3 11 30 38
18 0 35 24
8 21 47 7
38 31 23 2
20 35 29 27
5 19 15 24
13 33 11 4
20 23 4 2
24 28 23 32
15 14 32 34
15 20 45 28
19 32 12 24
18 5 36 19
40 44 19 14
23 25 29 36
45 14 17 36
45 9 3 35
29 49 5 0
24 36 22 44
15 39 13 11
36 31 5 7
0 40 30 3
40 28 2 8
12 1 26 17
4 32 45 48
48 33 20 0
13 27 38 40
20 2 30 31
37 47 10 14
40 0 7 9
19 22 29 31
22 34 8 13
18 20 31 30
3 36 30 15
8 21 31 29
9 29 34 34
6 31 2 4
17 39 33 29
18 31 9 13
19 33 43 44
6 38 45 33
41 35 18 31
29 47 32 40
21 27 45 45
10 36 44 19
34 25 32 33
10 32 19 38
17 17 30 46
9 27 2 2
19 15 47 33
10 28 27 25
21 42 21 28
29 45 3 8
6 44 26 20
7 34 8 0
17 0 13 6
13 46 16 17
11 20 25 10
41 32 45 42
48 31 33 14
28 23 29 43
24 2 35 42
15 19 43 43
22 37 37 33
25 48 26 24
36 29 36 45
32 35 49 36
18 2 49 22
24 12 36 30
6 31 17 49
9 37 41 5
10 18 38 43
22 2 17 6
32 43 46 41
21 16 17 2
13 26 24 6
27 16 12 11
45 35 28 24
14 7 27 12
39 22 6 13
12 44 3 7
32 29 48 45
25 41 20 14
17 6 25 13
41 20 29 35
19 27 39 18
1 28 47 48
5 37 15 30
38 20 38 43
16 2 33 35
16 4 36 9
18 49 33 3
2 17 42 7
15 15 11 24
26 18 31 32
6 24 29 31
27 48 14 21
25 39 44 26
27 24 35 12
8 40 48 32
14 2 25 10
4 41 3 4
34 8 45 44
15 1 30 26
3 16 34 27
22 43 47 40
11 19 42 37
35 16 24 28
14 42 16 15
13 31 22 33
36 40 47 26
19 25 30 29
34 19 11 4
15 1 48 27
39 41 42 14
7 30 25 23
28 26 4 7
10 15 5 3
16 30 39 25
2 33 28 31
16 16 39 38
43 4 19 6
26 29 12 4
2 29 13 9
8 31 33 22
30 14 48 41
28 22 14 27
15 29 46 29
26 14 14 16
25 11 30 37
5 47 37 39
18 36 26 5
44 29 14 26
17 36 32 26
36 19 14 15
12 19 37 40
20 27 31 24
43 7 20 27
21 22 45 1
41 40 46 6
1 28 11 11
16 47 32 32
25 31 12 3
7 15 7 38
17 0 49 42
7 49 36 38
5 23 46 42
32 35 15 8
42 33 29 29
25 22 6 10
32 40 7 12
37 33 30 12
9 27 41 49
17 28 11 3
28 23 31 27
28 6 37 32
12 3 36 45
19 44 36 40
22 23 33 13
19 0 46 40
36 29 45 49
12 31 33 28
42 21 49 34
27 45 38 6
33 36 28 48
34 24 5 13
19 44 33 49
31 39 43 37
27 7 39 7
33 42 25 46
34 42 37 37
15 17 31 14
10 25 47 42
15 7 28 24
34 30 41 45
9 14 27 18
11 1 15 20
29 17 8 9
13 30 20 14
22 7 46 46
12 1 1 5
28 34 43 45
19 27 8 38
21 19 37 16
22 7 48 22
18 24 6 9
8 25 32 29
6 42 29 47
24 22 22 28
4 39 30 27
42 4 37 13
5 43 29 49
37 34 28 46
19 45 35 3
13 40 31 42
5 31 24 24
19 6 34 40
20 38 42 47
26 22 25 36
23 27 16 31
0 13 26 28
17 39 32 26
6 26 36 17
36 26 37 18
29 20 15 22
22 2 40 23
40 43 17 3
32 16 45 18
37 36 47 3
13 42 31 27
12 6 23 17
37 26 30 18
3 17 34 15
46 33 35 49
47 47 25 5
48 49 9 16
17 15 22 15
14 3 41 26
18 29 29 17
23 31 30 44
24 45 17 10
17 0 14 9
6 15 43 43
8 24 19 6
30 33 12 5
17 5 35 49
18 42 37 30
5 13 26 29
35 26 32 31
14 22 28 21
14 31 4 4
20 27 43 35
37 30 20 25
17 35 15 11
33 47 26 7
37 37 29 49
25 8 29 34
30 40 28 5
38 40 42 18
33 45 11 11
14 1 1 22
14 37 9 6
31 20 22 43
21 29 32 8
49 32 31 24
11 39 24 42
13 45 37 39
7 11 43 41
12 4 17 7
32 45 29 10
5 37 43 21
0 28 44 20
12 15 28 32
4 20 22 8
18 12 33 28
27 32 43 40
19 12 6 18
12 31 39 31
18 19 26 3
11 32 33 48
9 42 25 38
13 27 33 36
46 4 38 38
11 25 34 8
14 4 39 38
8 39 26 31
36 33 49 8
2 34 42 41
15 33 27 25
12 10 31 37
7 27 40 0
3 30 14 5
21 5 26 6
19 4 4 10
21 5 15 21
23 42 41 29
19 4 44 41
22 3 42 4
29 15 35 39
10 2 13 43
14 29 7 21
49 31 8 12
19 25 10 21
25 14 32 27
21 0 47 35
45 39 34 25
15 3 26 24
30 23 40 35
12 11 14 0
11 49 0 36
1 25 23 29
6 20 38 23
15 34 33 36
17 30 0 13
32 15 30 28
16 5 10 14
23 22 8 6
22 41 18 39
39 11 8 3
28 25 41 44
10 23 48 41
28 24 6 13
38 26 27 22
10 12 31 29
49 22 46 10
7 31 32 25
29 11 19 16
13 0 36 46
24 48 24 22
11 35 19 18
44 37 43 41
1 31 24 31
27 12 25 24
39 32 20 13
26 42 13 8
21 23 44 44
19 23 30 12
19 34 46 39
15 25 8 5
0 45 33 28
7 26 30 42
27 19 31 24
15 7 39 48
15 2 35 18
13 49 44 40
39 44 48 43
15 9 31 9
36 29 21 18
14 36 33 17
11 37 26 28
16 28 41 47
41 27 33 30
19 6 35 27
8 31 18 11
29 33 29 44
20 22 39 46
7 24 42 49
47 25 41 46
14 40 23 15
12 28 32 42
32 38 37 35
17 3 21 44
35 30 41 28
17 22 8 14
12 0 45 32
37 49 32 36
24 38 44 24
24 24 46 49
16 4 25 45
1 18 45 38
29 32 45 29
35 29 6 3
19 28 46 38
45 26 44 46
1 25 46 47
41 39 9 5
17 20 30 32
27 34 36 46
26 47 41 34
37 26 27 9
11 4 14 7
29 15 31 31
20 5 35 23
26 19 34 39
11 36 6 46
13 23 23 27
20 14 35 34
31 27 25 12
3 22 44 47
21 20 34 39
21 17 49 31
32 8 3 18
8 33 32 25
31 21 12 11
44 4 38 26
36 10 31 26
0 26 41 26
27 44 18 23
27 18 20 7
26 33 19 13
19 42 38 48
7 28 26 19
35 33 18 6
28 43 17 10
7 33 29 29
24 39 44 7
21 40 37 44
17 30 38 25
13 8 20 9
26 6 8 6
28 26 26 43
18 4 38 16
34 47 30 28
12 33 10 5
30 27 41 48
34 14 19 20
42 44 30 24
15 32 15 10
36 34 27 19
23 35 30 26
8 33 31 21
