50 51 14767 800
34 33 28 44
33 29 49 7
20 45 35 30
2 11 47 5
25 11 34 12
19 18 17 29
23 35 29 48
5 48 27 23
8 36 48 10
25 3 45 21
18 33 15 37
12 1 17 32
7 7 48 10
13 3 47 13
24 14 25 44
45 7 15 31
25 1 28 43
31 16 49 5
38 34 29 36
45 39 43 14
37 14 46 12
48 30 48 2
12 16 47 9
22 44 18 33
12 14 22 25
24 13 23 48
24 29 46 7
15 23 40 33
6 7 25 21
39 30 29 28
7 1 33 34
29 27 49 7
4 20 49 6
19 9 47 10
33 11 14 36
8 44 42 36
3 40 11 32
27 36 8 34
37 19 20 47
38 8 11 36
15 8 38 43
15 45 17 34
20 9 31 32
10 43 47 10
23 4 47 6
15 46 46 7
20 25 48 10
38 48 47 10
10 24 19 37
13 17 15 35
15 43 45 4
