50 1363 12091 800
25 26 15 5
17 12 47 7
30 8 37 11
28 29 31 17
9 32 31 47
18 30 34 18
28 17 17 8
17 7 25 18
27 19 48 34
29 18 8 10
36 40 23 22
0 14 47 9
28 31 29 16
13 28 28 38
36 41 38 11
17 7 30 21
13 22 25 6
40 42 47 15
21 34 12 42
22 32 29 6
32 24 24 19
23 27 8 5
34 20 46 34
30 16 3 37
41 39 26 9
40 34 30 34
38 18 33 15
24 2 16 41
9 5 24 42
46 19 2 26
27 29 25 47
47 38 40 29
5 35 17 38
31 39 46 32
25 28 12 39
32 15 22 13
33 30 0 37
31 31 16 31
37 18 5 43
23 10 26 34
23 29 25 19
31 25 26 35
49 40 4 31
0 40 29 24
26 31 5 40
10 13 1 5
18 8 29 20
5 28 33 26
32 46 10 30
18 13 2 41
28 24 26 6
28 23 15 8
24 16 5 2
16 8 31 19
31 23 37 17
36 15 21 18
34 33 36 17
42 11 28 21
37 9 24 12
46 28 25 16
19 16 31 9
19 39 22 30
49 28 28 21
26 23 13 20
14 48 14 3
22 38 16 39
25 40 22 22
6 18 42 22
32 10 6 14
35 30 39 23
39 32 47 38
25 45 25 17
22 6 7 7
22 48 39 4
28 25 28 30
31 21 27 20
44 36 27 6
22 7 25 12
41 3 28 7
38 30 47 26
27 21 31 34
39 32 2 4
25 29 15 42
10 24 35 18
32 41 35 8
24 3 28 19
26 47 20 33
48 28 27 16
0 33 43 22
2 9 2 19
22 43 30 5
21 14 14 6
41 13 28 13
38 16 36 23
49 46 28 15
49 10 33 20
31 22 36 24
10 17 35 19
31 27 32 48
9 7 32 21
10 6 6 43
31 20 5 26
18 45 4 12
26 21 30 23
16 9 31 23
5 3 31 17
11 14 5 36
28 34 35 22
17 23 36 22
22 27 7 0
23 42 25 9
44 38 26 28
14 30 43 29
26 26 37 20
44 45 32 7
28 40 39 28
34 4 42 20
34 40 49 19
0 40 22 49
7 48 33 22
24 15 33 10
27 31 35 39
27 29 26 10
26 23 40 39
16 9 29 7
41 4 4 39
41 41 29 0
26 28 28 12
29 29 3 4
26 3 20 1
25 22 39 32
37 44 12 26
35 32 42 6
24 23 1 35
18 44 27 30
30 15 27 19
42 11 7 40
37 34 5 21
31 30 20 5
30 0 5 44
26 18 48 1
29 27 31 13
34 42 36 17
12 39 35 41
17 21 31 13
19 34 9 28
42 46 3 8
9 29 5 4
26 44 28 23
19 37 12 29
24 23 37 35
30 39 39 12
42 30 7 25
31 27 31 18
22 27 3 43
18 43 36 9
41 35 13 21
9 23 16 23
10 43 24 19
37 28 13 9
19 48 25 47
16 48 16 27
38 37 28 34
29 27 6 42
32 28 8 8
23 23 17 19
26 23 30 24
30 4 35 14
27 21 37 10
19 9 17 16
26 45 27 18
11 30 12 2
28 24 27 19
26 22 44 18
40 49 25 6
5 19 30 16
38 24 35 15
49 48 36 27
11 26 41 25
34 14 38 33
31 29 2 8
18 33 30 23
10 20 33 12
13 19 4 2
27 27 39 24
0 35 10 20
6 33 5 41
8 39 24 15
42 45 24 0
19 10 24 22
48 40 19 46
29 32 27 16
14 33 31 33
37 32 32 20
37 29 42 24
40 49 48 15
2 25 7 33
30 37 48 13
27 35 19 9
3 20 14 21
13 0 32 25
25 30 43 4
9 6 11 37
14 16 35 11
20 17 6 0
28 8 13 1
47 35 46 15
36 3 36 14
24 35 19 36
25 43 16 1
24 27 32 19
25 24 16 12
24 33 23 16
45 35 8 6
28 46 30 35
31 4 24 24
14 4 24 16
3 41 29 4
29 27 23 8
30 48 38 23
28 42 2 8
6 17 44 13
33 44 25 2
30 12 26 19
11 0 35 15
28 27 23 23
35 15 47 37
30 26 38 14
28 28 7 37
4 17 32 15
45 1 27 16
36 29 5 4
1 43 28 31
18 16 26 35
27 17 12 46
25 32 0 46
39 34 27 14
26 22 9 2
24 1 42 13
31 29 28 47
7 21 16 18
22 28 38 15
31 16 30 3
23 48 37 0
32 25 28 41
38 10 21 34
46 38 38 17
16 44 9 4
6 42 27 35
12 33 44 6
15 41 26 38
25 37 20 17
18 43 14 35
12 35 43 20
21 6 28 21
27 35 30 12
29 0 41 23
42 22 12 16
36 23 1 31
10 24 11 37
12 13 43 23
9 30 6 14
38 42 30 36
9 33 13 38
12 4 31 24
6 16 10 28
0 30 44 32
4 3 15 31
42 42 38 3
35 24 29 3
31 35 26 16
3 24 43 44
3 33 24 20
27 33 32 44
18 38 46 36
32 13 12 6
12 8 19 2
3 37 28 16
41 29 44 34
0 20 38 19
32 40 30 16
22 46 25 17
29 15 30 25
23 30 27 11
26 48 17 29
29 30 33 13
31 2 26 11
44 27 26 22
32 29 24 18
31 20 29 13
30 26 35 47
28 45 24 20
25 33 0 6
33 24 31 9
31 26 26 16
20 42 6 20
36 30 2 40
6 37 34 21
44 18 10 37
40 32 22 13
20 34 8 1
26 22 21 31
44 32 31 13
5 44 42 24
12 33 22 18
22 45 29 22
29 33 41 14
22 45 17 44
38 0 48 26
11 47 28 20
33 33 36 11
31 26 20 18
16 31 29 15
22 1 41 17
39 6 14 29
32 29 38 18
30 45 34 13
7 10 25 14
42 32 40 25
26 26 27 17
39 29 35 32
30 29 41 28
31 38 31 20
31 27 35 38
38 43 25 14
29 27 14 5
35 30 45 17
32 23 20 25
22 15 5 1
35 8 12 13
8 28 16 32
33 24 16 42
35 24 46 4
48 5 46 26
24 17 8 12
16 35 31 19
15 41 45 25
37 36 44 8
26 23 47 4
20 40 40 28
33 45 24 14
13 49 4 43
8 6 43 16
37 34 13 33
30 26 35 18
28 24 17 16
1 37 18 45
34 9 26 19
2 49 43 5
33 6 10 42
7 25 32 14
26 30 21 33
26 36 42 13
20 11 16 35
30 10 0 44
9 13 18 4
26 36 39 26
34 47 17 32
34 10 31 15
45 10 34 7
16 22 31 20
42 20 16 35
32 37 0 29
32 37 35 26
6 7 45 11
23 21 14 36
31 8 24 4
5 39 2 5
14 37 9 36
10 15 30 16
34 28 32 5
46 44 6 5
27 27 22 15
32 25 3 42
21 24 46 31
9 33 38 14
30 8 14 33
16 20 20 42
1 34 36 13
29 22 46 29
23 34 3 37
27 34 33 11
26 47 39 7
7 44 31 39
32 16 30 22
13 1 26 17
38 9 13 29
24 35 16 8
9 19 35 11
23 48 21 11
27 23 32 16
31 1 26 9
37 38 22 24
1 45 23 16
25 40 32 22
26 14 32 15
11 48 20 39
10 4 36 2
9 49 6 25
24 28 41 30
35 31 30 17
31 31 20 45
23 21 23 13
9 44 26 15
29 31 11 0
23 1 36 7
7 11 20 23
26 28 14 11
28 23 6 3
13 7 34 11
9 36 32 23
15 49 11 44
15 5 35 22
40 33 41 5
31 32 27 12
17 3 32 15
30 41 18 0
32 39 28 22
28 22 26 13
9 11 41 27
29 24 33 8
19 4 7 22
47 40 43 35
44 7 33 43
17 16 22 0
32 31 9 16
49 9 34 19
31 26 2 14
36 33 46 29
17 10 33 16
40 48 45 23
10 12 19 43
21 2 24 19
2 4 12 17
29 28 28 8
25 40 27 10
24 27 28 2
36 40 34 5
20 3 11 27
34 15 24 0
18 36 21 17
37 38 40 4
14 6 29 21
28 31 6 17
28 27 20 22
28 31 38 25
13 25 47 9
23 27 46 46
45 16 12 44
19 3 24 26
30 29 4 11
30 26 22 14
44 12 24 44
22 37 13 6
29 3 16 21
27 42 33 7
0 30 10 23
14 14 29 15
26 45 38 37
47 29 29 13
12 43 44 34
41 39 25 11
19 35 25 15
5 10 10 0
30 38 3 35
27 3 47 25
30 35 31 22
15 44 35 13
25 27 20 17
9 33 43 22
2 17 41 14
39 3 17 36
19 18 47 19
37 14 19 31
22 8 8 9
31 3 27 18
31 30 30 16
4 22 17 31
24 25 15 5
25 40 10 2
23 37 20 34
34 28 15 49
30 28 38 13
30 10 20 28
25 47 37 13
32 2 23 15
32 27 0 30
16 4 24 4
10 37 0 17
17 11 41 28
21 29 18 16
36 6 4 3
41 8 17 47
44 38 47 1
0 35 26 40
31 14 22 25
2 7 21 11
33 40 48 36
30 26 5 35
27 24 48 21
35 22 38 27
31 40 36 11
36 25 1 9
20 36 24 39
41 20 31 10
23 33 5 2
28 21 29 40
17 10 9 6
30 18 3 10
34 43 7 33
19 45 13 14
14 48 9 21
30 26 6 12
25 33 12 0
4 0 1 46
5 22 29 18
40 10 34 30
28 27 22 15
42 15 8 27
27 23 5 3
22 7 8 27
47 10 44 16
29 37 25 36
27 24 25 18
30 43 31 2
44 30 8 11
27 21 39 19
30 18 24 15
29 38 20 37
5 22 14 16
20 24 19 10
27 21 36 31
16 41 18 21
9 33 24 34
7 6 13 24
30 22 41 15
12 4 1 22
24 13 11 1
23 10 24 17
37 33 13 28
14 35 2 3
24 5 8 22
4 23 2 15
28 25 40 11
24 26 3 22
42 44 28 14
12 14 17 35
22 24 42 6
11 26 21 20
33 41 46 5
30 25 17 8
43 9 4 2
32 27 25 19
35 18 15 4
20 8 16 24
1 26 44 39
7 17 23 39
18 3 45 23
27 31 9 9
27 25 16 41
10 27 41 24
19 43 15 9
29 31 15 29
9 24 31 13
38 14 43 31
19 21 13 40
19 24 24 10
34 29 29 41
7 26 25 13
42 43 17 44
37 4 23 20
28 32 16 1
10 5 44 3
28 13 34 28
38 20 30 8
19 24 27 12
28 27 47 25
2 42 28 38
30 12 18 23
18 40 29 17
31 21 34 15
37 35 2 8
6 5 23 21
27 36 18 15
36 19 10 2
30 23 12 24
40 30 19 31
24 28 25 38
20 47 20 2
20 22 13 24
38 8 22 14
24 3 40 14
16 8 43 0
41 2 3 8
11 25 28 23
12 5 27 7
12 45 27 19
17 34 7 5
27 7 27 26
34 28 49 28
24 5 23 37
37 28 29 21
20 38 48 31
0 5 37 23
27 26 4 12
2 1 8 47
24 28 25 21
8 44 25 5
32 31 22 17
33 24 38 10
12 40 47 29
17 33 5 2
33 22 6 5
20 45 44 32
1 36 27 5
9 23 39 34
44 18 27 15
33 9 38 16
19 28 42 1
45 31 26 20
30 23 28 14
9 18 1 43
13 9 34 32
11 0 28 31
30 28 26 11
36 7 2 23
36 8 45 12
33 21 5 40
38 26 17 42
4 2 23 8
26 16 46 8
34 42 41 27
33 29 31 20
3 38 42 35
15 1 43 20
32 32 38 4
26 30 34 9
27 23 32 14
38 10 44 33
42 26 43 21
26 29 16 40
29 35 4 6
27 39 18 36
24 33 18 15
29 28 24 24
39 35 26 19
20 37 44 19
24 34 17 29
9 36 36 46
28 0 10 11
18 47 43 8
17 3 27 9
35 36 21 15
22 25 33 22
28 34 33 22
33 32 26 37
27 27 26 18
22 12 39 24
38 32 1 25
43 1 49 33
11 5 28 19
29 24 14 5
30 31 13 37
4 45 38 5
26 28 30 24
41 31 34 18
13 30 35 20
29 19 33 23
38 22 24 19
19 47 35 28
38 13 6 0
29 24 2 45
23 49 2 0
12 21 39 14
42 40 5 45
3 35 31 17
26 2 31 36
27 31 47 0
31 27 29 12
45 36 25 24
18 11 25 16
38 26 23 25
20 10 16 37
45 4 33 24
6 5 20 26
31 26 7 34
26 27 32 12
22 8 18 1
48 34 6 41
10 10 27 10
38 35 25 7
40 38 33 28
27 49 13 47
35 4 6 9
13 13 37 9
26 5 3 2
8 25 4 44
2 40 38 3
22 28 22 18
23 9 47 30
30 46 38 27
15 2 26 37
29 22 25 34
16 24 20 10
4 32 37 14
25 30 31 15
34 40 44 11
29 5 7 37
2 14 32 20
39 27 37 33
1 49 10 7
39 8 38 16
40 1 33 14
34 34 45 13
44 21 29 10
26 25 15 39
29 31 46 8
2 7 40 7
15 15 21 44
18 7 20 30
28 23 40 19
26 22 15 31
4 47 46 25
29 28 25 13
38 11 14 30
16 12 34 26
28 26 32 36
6 36 43 40
30 26 24 15
37 44 20 20
3 34 26 31
25 12 45 15
19 37 21 45
24 40 24 21
0 2 18 35
30 32 3 29
29 0 29 12
40 45 27 14
39 26 6 30
35 33 43 19
41 44 16 10
22 49 33 19
28 5 28 13
31 22 10 9
21 18 14 13
29 38 6 26
35 19 36 32
4 20 42 33
33 49 31 18
20 22 24 13
26 2 32 22
27 30 43 22
32 44 10 13
29 41 14 13
8 35 28 15
27 20 23 16
27 30 18 45
24 32 17 31
40 10 43 7
23 10 31 10
44 41 26 23
34 38 47 2
34 26 45 7
30 18 24 17
28 25 28 8
36 43 37 9
27 43 6 22
23 4 25 26
36 48 7 17
30 27 23 13
28 41 32 22
25 46 21 21
45 8 36 5
25 42 28 10
36 29 33 15
24 37 32 22
27 38 9 25
22 27 29 24
29 37 30 11
28 0 29 41
26 40 36 20
14 6 23 15
5 8 13 1
37 35 17 14
10 41 27 12
25 47 30 36
33 30 23 9
45 27 31 19
22 4 31 27
5 10 30 27
30 25 2 30
20 13 12 39
42 36 17 44
21 23 17 44
33 45 49 19
32 29 0 5
34 45 0 0
24 26 13 40
14 43 2 36
6 31 34 10
7 42 49 22
19 31 4 7
28 29 26 22
15 40 46 23
10 1 12 37
45 47 28 20
26 22 15 43
3 36 34 21
4 35 21 16
24 4 31 15
29 25 44 30
22 28 13 22
5 49 24 21
19 6 31 40
27 10 16 19
28 39 23 9
33 30 39 14
6 9 19 7
3 42 26 47
32 26 41 25
28 25 22 46
49 10 1 36
1 4 12 40
1 24 43 14
0 11 16 38
11 18 25 17
46 27 23 6
30 18 27 45
28 24 28 9
45 34 26 22
27 13 34 30
12 2 16 26
25 31 37 26
10 41 39 31
16 14 33 11
9 46 23 37
0 41 30 16
30 45 27 17
25 30 9 10
17 24 33 19
17 41 2 38
30 28 23 9
25 24 32 22
7 25 13 37
28 31 43 22
13 35 32 14
25 40 14 5
27 10 38 25
8 11 35 7
32 49 6 9
32 19 11 27
9 4 1 1
3 43 34 26
9 46 30 19
36 36 17 44
43 9 5 24
48 42 43 25
34 48 10 30
30 28 45 24
2 47 31 18
29 28 28 13
38 1 49 12
17 46 20 14
15 19 23 19
24 3 16 30
28 24 12 44
21 44 48 32
5 36 43 15
37 38 22 48
2 36 45 10
10 30 33 17
0 14 44 28
27 28 38 23
28 27 45 11
21 42 37 2
27 14 15 3
28 21 17 2
32 13 13 45
45 35 47 12
30 19 49 32
28 30 47 28
9 14 23 17
26 28 26 44
14 25 1 24
30 27 18 7
5 10 0 0
32 26 12 31
49 29 31 11
34 16 10 5
22 25 37 17
2 6 20 28
37 30 4 1
48 49 27 47
15 21 15 44
26 46 37 20
24 24 25 31
34 24 41 14
13 9 32 26
22 22 28 16
29 32 25 16
42 0 48 21
42 38 12 4
29 30 33 13
15 42 6 3
24 20 38 8
31 9 12 41
25 47 21 26
9 11 25 14
19 33 28 32
27 28 21 8
9 44 9 30
27 44 28 19
27 28 19 13
29 19 8 28
23 23 36 10
10 3 0 32
35 29 34 10
15 44 0 16
27 17 46 27
5 39 46 7
30 25 45 38
44 42 24 34
43 14 46 27
7 8 49 19
33 26 31 19
9 34 1 18
9 16 20 25
39 46 44 36
37 30 41 23
28 21 27 12
34 22 33 17
2 48 24 44
13 38 44 32
20 6 16 33
25 45 22 18
25 23 40 26
7 37 31 8
22 9 9 4
48 34 39 39
28 23 36 3
42 41 34 10
2 42 9 37
45 45 48 17
31 47 27 39
33 9 40 33
33 38 7 9
9 28 28 20
18 23 8 37
38 34 22 22
25 17 19 33
12 23 45 34
46 37 6 7
9 4 17 14
35 6 38 14
29 26 9 0
40 29 2 32
28 37 30 19
13 5 20 35
5 23 10 39
45 37 43 6
36 37 39 34
30 0 5 8
31 27 48 11
27 24 5 26
47 44 20 18
29 28 9 2
21 35 2 35
38 43 2 10
38 26 9 46
40 13 4 17
30 29 12 29
16 28 25 17
31 18 25 17
35 31 8 11
0 16 41 12
28 40 6 41
29 27 26 20
19 12 41 17
12 25 29 11
49 20 45 44
38 28 47 32
34 1 26 13
1 46 39 13
47 39 3 11
14 21 31 45
8 3 23 14
38 0 31 33
10 9 13 47
9 46 35 23
24 35 34 26
10 9 25 19
29 11 31 15
27 23 5 3
30 3 44 22
29 43 43 9
32 49 3 17
32 26 4 28
2 10 7 16
25 5 38 27
24 29 8 6
3 25 26 16
18 43 8 9
3 7 20 0
17 16 41 17
32 8 25 20
30 28 30 18
37 47 28 19
21 44 30 17
36 41 34 6
30 21 23 14
19 3 16 6
29 29 4 34
4 25 38 38
39 27 34 28
31 23 6 26
2 3 34 33
1 2 42 2
39 39 39 27
30 27 46 32
31 7 41 40
20 38 12 2
7 33 11 11
39 6 40 34
0 14 34 16
22 5 36 22
30 27 21 38
22 47 37 12
30 26 19 8
49 20 46 28
25 41 25 13
16 41 21 26
31 38 21 31
40 41 8 35
44 38 9 2
4 4 27 16
27 1 41 37
4 25 4 39
32 25 27 11
9 19 42 34
35 44 46 12
24 23 38 18
1 26 38 32
10 28 28 45
14 21 7 12
22 49 2 24
32 26 43 25
28 24 33 8
29 23 23 15
21 19 28 24
6 48 14 41
26 29 30 4
39 15 6 32
9 26 20 19
31 33 35 16
40 20 27 19
29 24 36 13
8 5 26 14
30 25 38 26
32 29 9 29
15 24 30 14
28 33 47 18
10 32 35 17
37 45 23 15
4 30 12 31
42 24 48 16
36 31 13 38
29 20 20 46
6 47 36 34
26 28 37 29
11 34 17 33
25 35 2 17
9 24 10 14
23 37 27 17
17 40 13 38
30 30 36 10
19 6 25 13
24 27 28 12
6 20 18 42
23 49 8 22
30 32 2 34
31 27 11 0
15 27 39 33
24 38 22 16
11 47 32 39
35 25 27 20
14 34 3 13
30 25 26 20
34 27 49 0
24 17 7 32
35 1 38 19
23 23 27 21
41 30 24 17
46 29 23 13
22 27 19 11
30 27 26 29
38 34 31 19
8 33 18 18
20 45 39 26
13 5 30 19
24 38 7 4
23 21 29 13
27 13 46 2
5 1 20 12
35 39 29 19
20 31 9 26
40 22 26 21
30 26 10 1
32 6 3 46
28 33 28 9
25 26 25 17
23 9 35 26
40 8 30 25
33 8 48 27
44 28 28 18
23 2 43 24
49 42 24 14
26 25 34 9
29 26 44 38
43 40 18 7
42 46 37 18
1 28 19 43
27 29 45 23
30 45 7 1
49 43 46 5
24 39 11 33
47 37 21 18
14 40 22 35
5 31 44 31
8 5 31 26
41 22 34 22
7 5 17 13
11 34 3 6
0 36 35 9
31 40 21 29
9 39 47 31
10 37 21 30
34 16 15 27
32 29 21 8
40 41 22 21
20 27 29 16
31 36 25 11
2 47 8 30
32 5 45 24
36 35 29 18
33 28 29 11
42 42 13 28
29 24 5 33
33 1 34 34
8 11 20 34
27 15 25 2
41 8 27 14
37 45 8 0
31 33 12 11
21 30 17 31
25 6 17 13
21 32 29 7
13 5 7 2
35 29 18 29
7 35 2 16
31 27 30 14
45 36 20 35
5 16 16 40
42 7 21 21
34 41 6 3
13 38 38 29
26 4 10 32
25 3 29 14
16 2 0 0
27 30 29 25
30 30 31 13
30 29 26 20
26 5 35 17
26 39 3 22
12 42 19 35
16 30 21 28
29 24 24 17
15 20 28 36
29 23 35 14
5 47 37 20
21 8 28 16
14 39 26 12
42 26 27 15
40 39 42 25
7 6 45 28
29 25 34 26
41 47 30 6
24 32 7 4
24 33 11 32
38 49 30 20
34 31 9 19
30 24 23 7
33 19 38 9
11 3 18 20
34 16 14 39
40 26 47 33
21 36 37 16
26 14 46 30
17 41 35 8
27 19 37 4
40 12 40 29
13 4 29 16
9 29 9 35
30 49 27 13
25 40 2 16
24 20 27 13
28 40 30 30
43 15 8 4
27 31 28 11
34 16 3 10
31 41 31 12
47 33 23 29
33 30 26 16
31 37 38 38
41 29 31 20
37 28 42 32
42 29 24 10
25 41 44 12
26 34 32 44
35 44 4 48
3 42 31 18
27 4 26 47
24 41 25 21
25 2 3 48
2 10 29 18
34 19 47 23
13 32 33 28
29 26 39 22
17 40 14 22
18 42 22 37
24 27 32 37
30 28 33 15
4 24 30 19
10 42 23 22
2 24 34 36
30 20 21 12
44 16 24 33
28 18 31 5
37 42 0 27
26 45 13 18
28 28 39 28
28 40 12 26
21 7 28 34
25 40 31 32
38 9 14 31
29 27 2 2
29 37 41 1
34 29 16 47
26 49 24 20
15 23 40 6
29 20 32 16
19 14 43 16
7 22 26 14
30 0 23 22
38 11 37 18
29 29 18 2
39 42 15 32
36 43 24 32
19 20 26 38
37 47 16 32
31 22 23 9
1 29 30 32
25 25 39 24
31 24 0 29
26 21 46 21
32 35 31 10
34 27 39 47
6 42 8 18
41 8 19 13
19 35 23 15
24 40 31 19
27 28 22 17
1 16 24 28
10 15 31 40
17 16 27 20
36 35 11 27
34 30 32 19
23 43 30 39
26 26 25 20
41 8 28 18
14 4 28 17
31 28 7 31
8 8 38 20
24 30 31 11
38 34 22 10
31 21 42 11
12 47 7 6
37 24 49 29
4 2 39 32
46 35 33 9
13 45 29 12
10 23 28 8
33 16 28 43
36 39 18 6
10 26 31 18
26 20 20 16
31 29 29 14
45 3 33 28
27 44 7 0
28 19 21 24
29 6 27 33
10 22 5 5
33 40 7 40
1 2 20 27
23 12 15 3
6 47 21 3
34 4 21 7
17 20 15 5
9 26 28 36
28 39 36 6
28 26 37 29
36 37 43 28
3 38 40 22
31 27 17 35
27 42 44 36
40 47 10 7
14 25 10 5
33 24 16 4
3 0 26 3
24 21 14 27
33 14 13 15
24 28 24 13
29 33 39 16
9 19 20 22
23 27 8 42
13 2 30 16
20 36 27 19
9 4 11 35
4 10 33 21
29 6 23 14
0 37 35 17
20 5 45 29
25 30 43 20
30 27 3 16
1 26 28 12
24 26 27 18
19 33 46 27
27 26 31 20
9 36 9 13
10 11 31 11
38 8 43 32
22 40 16 12
21 6 32 19
15 40 4 28
20 5 11 44
2 47 44 19
3 13 0 35
9 2 24 18
6 18 2 22
20 42 28 12
47 41 28 22
21 25 47 29
31 7 6 5
14 26 30 20
40 7 2 49
47 34 15 25
37 34 18 40
39 25 5 38
24 25 40 7
32 16 38 27
27 33 25 19
30 32 31 16
32 21 9 45
43 23 12 1
