50 171 19246 800
22 10 16 8
44 49 5 11
30 41 8 17
32 15 1 44
36 46 4 49
24 15 0 48
18 30 7 13
9 16 24 13
38 41 44 46
4 27 19 5
39 46 10 8
34 42 15 35
22 23 47 31
16 33 9 16
34 40 25 49
47 31 17 17
19 13 3 17
32 44 23 47
28 29 21 0
18 26 7 43
27 32 10 21
16 25 17 14
23 20 15 4
18 25 0 43
33 43 8 0
22 32 38 39
34 39 10 9
23 20 1 7
30 41 0 39
37 46 6 43
23 1 17 11
33 44 17 1
13 31 22 2
47 44 16 46
27 43 21 7
36 42 6 4
33 44 3 41
33 47 6 4
35 37 42 40
17 27 1 10
32 45 20 11
29 2 39 30
36 45 47 32
44 43 34 23
22 28 24 44
33 21 1 38
35 42 16 21
43 16 28 37
32 43 44 42
17 27 2 43
32 8 44 34
17 12 16 5
12 31 46 20
19 26 2 18
15 31 21 13
24 24 17 21
21 21 1 10
37 43 8 30
2 40 35 27
21 25 31 6
4 43 36 43
25 28 16 13
25 33 17 18
34 40 33 19
35 42 19 4
8 48 8 9
25 19 1 42
2 48 8 40
35 7 5 28
35 40 7 40
45 22 16 20
22 37 48 34
12 25 10 18
21 11 26 46
19 27 10 15
28 27 15 10
34 43 11 2
36 43 36 24
14 25 12 20
3 23 2 1
32 44 27 21
29 41 1 26
20 26 25 35
23 27 12 21
15 21 10 2
4 27 46 28
38 42 8 10
15 24 10 40
26 13 3 48
38 47 0 41
15 16 24 3
48 48 43 35
34 47 6 35
23 17 31 4
36 42 43 20
36 41 7 9
0 43 0 1
38 39 1 8
16 35 6 37
24 29 39 42
36 32 8 5
18 4 21 1
35 43 3 1
34 44 44 36
17 26 23 2
32 45 42 42
33 42 10 31
21 11 18 9
18 27 19 9
35 41 4 12
6 40 8 47
33 42 24 49
25 19 43 17
5 44 32 11
22 30 8 12
18 12 36 17
30 40 15 18
34 44 2 42
37 43 14 10
36 38 17 48
36 42 8 13
39 41 11 39
20 24 12 6
24 24 11 12
32 7 23 48
38 39 21 44
30 11 27 2
36 43 7 5
18 24 25 46
21 28 12 46
17 29 17 6
25 25 43 42
14 30 0 14
29 21 3 34
20 27 15 6
22 10 0 45
20 28 9 49
23 29 3 33
37 29 45 44
5 32 28 46
29 33 5 11
14 18 4 7
31 45 5 43
9 29 11 9
36 45 29 49
35 42 26 49
31 40 21 2
34 40 25 14
20 34 31 43
36 45 4 7
11 0 18 1
44 32 19 7
32 40 37 19
31 43 20 13
26 25 20 2
39 42 4 8
30 43 7 2
33 39 11 15
18 14 32 4
31 43 20 47
18 36 13 10
23 24 8 9
19 34 6 41
30 42 5 0
17 28 30 15
10 33 18 18
25 22 1 2
25 29 37 19
21 21 7 45
28 4 3 3
29 48 10 46
