50 99 15212 800
21 48 49 21
23 20 4 33
22 5 28 21
20 46 37 19
19 29 7 26
35 10 43 20
15 24 16 12
18 44 7 7
19 29 15 28
18 44 23 27
10 37 9 16
12 29 49 29
30 32 8 28
16 36 16 26
12 32 17 24
12 34 16 27
22 38 0 47
26 37 7 44
7 39 5 7
10 36 41 18
16 14 0 42
10 29 14 20
24 46 1 33
8 35 0 41
18 43 49 25
16 35 23 33
32 33 34 16
12 27 49 25
2 42 12 47
47 9 45 22
20 10 18 27
30 35 48 18
8 38 49 20
16 35 41 17
25 11 47 24
10 31 43 23
13 32 46 25
42 9 23 14
9 15 45 17
7 29 47 21
9 35 48 16
9 40 1 12
26 33 13 34
33 9 19 25
11 2 7 49
25 8 43 33
11 34 42 19
17 41 14 27
24 19 18 24
16 37 46 24
14 42 20 39
11 38 19 30
25 38 47 23
21 7 0 10
28 7 45 23
28 28 47 17
29 29 5 36
15 35 0 42
36 41 17 25
29 28 14 42
29 34 2 8
30 30 47 21
18 46 23 32
8 41 23 26
32 36 12 25
12 13 11 33
40 16 19 45
19 31 2 10
24 39 7 14
9 30 49 13
15 36 3 41
10 38 5 36
8 38 2 39
13 41 44 23
25 13 42 21
21 42 16 23
6 29 5 14
7 42 44 16
20 12 16 6
6 38 1 19
5 29 49 18
24 7 13 48
22 9 41 20
30 10 0 38
19 32 8 28
12 26 16 25
3 45 27 23
31 31 24 28
4 13 23 18
34 32 3 36
7 37 8 8
16 30 7 36
26 45 49 25
29 31 21 31
9 49 21 26
21 35 36 8
17 35 0 25
12 25 42 16
42 4 2 26
