50 299 17980 800
40 12 48 20
12 27 41 6
14 32 38 24
14 33 45 30
19 35 26 23
33 13 45 1
30 7 49 17
34 41 34 13
20 38 45 19
31 12 15 10
6 18 7 3
13 26 29 34
34 0 39 31
19 20 47 20
20 12 8 0
44 16 43 2
16 36 26 34
16 42 14 9
5 7 27 3
33 7 25 16
10 39 46 14
18 35 35 5
19 38 18 20
14 11 19 23
19 29 18 33
26 32 24 0
17 34 21 10
15 34 25 15
25 44 14 9
23 4 33 17
19 16 42 42
7 29 14 17
20 8 27 36
20 31 27 31
31 2 29 39
22 34 31 10
32 12 38 20
21 42 31 16
11 38 23 13
22 47 5 15
15 6 23 24
36 16 1 14
23 37 27 20
39 43 11 18
20 11 23 25
13 4 31 26
18 35 21 27
47 30 46 26
15 37 24 13
22 17 31 12
3 23 17 10
28 13 4 32
24 13 27 5
12 22 49 25
23 9 49 28
26 1 30 26
22 8 8 14
20 36 45 29
24 2 46 31
17 37 22 25
10 6 22 9
18 39 15 35
18 21 37 7
25 1 21 27
27 14 13 26
20 8 48 27
17 0 12 31
14 41 17 12
18 8 28 31
17 23 43 27
34 3 38 33
16 35 5 23
30 12 11 9
28 3 37 7
16 36 2 12
12 17 24 30
26 14 11 28
23 14 12 3
24 12 13 17
23 10 22 25
46 15 15 4
11 41 29 8
14 41 49 35
21 48 40 11
12 44 47 1
24 33 47 31
23 34 49 24
26 44 21 26
28 17 30 4
21 48 21 26
13 33 48 12
20 11 4 18
24 15 49 5
17 35 43 19
23 49 27 5
17 23 41 23
28 0 2 12
42 43 46 24
18 22 8 15
16 34 36 28
5 41 13 24
13 35 34 12
12 39 25 8
24 38 8 29
32 16 42 4
18 32 34 31
8 13 15 13
17 35 27 11
14 33 22 24
45 13 23 31
19 37 20 9
27 8 25 1
30 14 32 21
11 4 24 28
31 4 28 24
43 48 34 42
41 0 25 21
18 27 12 6
23 30 30 6
28 1 49 21
11 16 49 26
20 31 29 21
47 11 24 12
17 43 28 10
18 42 46 28
24 41 47 35
36 38 29 48
16 39 16 26
25 18 22 11
22 14 44 21
35 14 13 21
14 38 19 1
19 34 12 6
35 9 22 30
18 36 44 35
18 29 19 37
16 33 3 31
16 5 13 26
26 4 49 18
32 4 32 22
21 31 15 12
8 31 20 22
14 35 15 29
8 31 28 1
15 35 44 17
20 1 36 18
17 38 14 28
15 36 22 22
17 18 19 26
45 49 23 23
28 0 32 23
20 35 45 5
12 29 28 14
8 24 44 32
17 32 12 3
26 11 25 15
13 40 21 17
24 8 17 23
12 35 35 10
15 31 48 16
12 24 9 35
13 47 0 14
34 3 15 16
22 30 10 17
12 27 11 31
36 23 17 18
24 15 29 8
20 2 19 17
25 18 46 21
13 21 25 18
15 33 48 31
30 37 23 7
10 16 23 29
18 40 28 21
16 49 22 19
11 28 14 8
38 12 15 28
29 32 25 13
21 37 16 30
29 22 13 16
28 39 18 15
23 47 46 18
21 22 2 44
42 9 45 27
25 19 21 34
31 16 6 17
14 34 27 6
19 39 44 31
15 25 21 4
19 36 9 9
30 47 32 3
46 15 5 10
11 41 27 17
13 25 16 32
26 42 32 20
22 45 48 37
11 14 4 4
41 0 31 4
26 10 2 9
16 39 42 16
37 31 33 36
20 26 36 0
37 38 43 29
48 14 27 16
35 4 48 30
22 5 43 17
36 22 24 25
22 21 24 6
15 2 4 7
18 35 22 26
13 18 5 12
31 46 17 23
18 20 35 6
22 2 45 25
25 36 42 12
15 29 28 15
3 26 27 17
12 8 19 10
38 8 8 5
14 33 12 17
10 34 13 22
16 1 19 4
23 12 18 27
12 16 41 19
4 31 26 40
23 8 34 7
17 18 8 16
33 11 22 26
41 20 41 38
17 28 13 1
29 1 19 28
40 20 42 13
16 38 42 28
14 11 31 13
31 15 40 7
16 26 10 11
16 4 14 20
12 25 10 4
25 22 29 1
7 11 47 30
17 36 40 37
49 25 16 0
16 32 25 20
9 36 8 5
20 36 25 23
39 42 11 21
28 3 24 11
13 26 22 29
35 4 18 14
20 27 46 32
14 35 26 17
10 45 46 40
10 24 12 29
12 5 19 6
14 16 46 37
15 35 27 10
49 48 14 32
36 8 32 2
26 11 30 8
18 35 49 29
15 7 45 29
15 30 20 37
26 37 24 1
19 42 49 24
15 24 5 29
16 35 11 38
21 1 13 36
35 9 15 1
8 25 45 40
19 38 4 13
24 7 41 0
17 41 9 26
12 20 45 27
11 41 28 16
33 2 22 41
11 35 38 0
23 8 36 19
18 2 7 6
26 13 45 23
39 8 6 16
1 23 23 29
15 32 3 0
31 34 26 31
13 36 48 38
17 36 19 29
19 35 15 4
41 44 12 30
19 34 39 22
14 8 46 2
15 34 31 27
20 1 1 1
21 6 24 1
12 35 21 38
25 5 7 18
14 1 36 15
15 38 49 29
11 24 49 36
23 15 6 32
37 35 38 17
