50 245 11421 800
37 3 35 21
38 6 33 10
21 34 34 20
40 10 21 43
2 48 2 5
27 25 38 37
32 18 2 10
38 1 7 8
7 13 12 27
16 43 40 16
8 45 6 8
11 25 18 31
32 6 27 20
12 40 33 10
9 49 40 4
9 42 47 36
32 7 9 19
37 5 1 9
36 49 4 11
7 20 5 10
29 41 15 21
10 40 42 14
7 47 2 10
11 29 15 41
15 19 32 30
3 42 36 22
44 21 8 33
22 15 31 38
1 42 5 11
3 31 25 33
41 11 34 28
1 13 29 23
41 0 41 30
13 43 36 16
9 25 5 6
1 43 40 21
16 23 6 32
21 19 25 2
13 43 7 12
38 19 26 20
11 22 7 1
30 19 6 13
5 34 20 26
38 23 25 19
45 21 29 39
10 44 4 7
38 26 15 0
28 16 4 44
7 39 34 8
30 31 47 13
47 16 27 6
27 33 42 4
3 28 4 0
24 33 4 13
48 26 43 15
44 11 23 4
45 6 7 12
11 11 13 40
33 20 21 31
43 20 16 13
15 45 41 17
21 34 36 22
26 10 43 1
26 32 5 11
7 46 36 24
2 4 0 24
9 17 20 21
2 22 12 40
43 38 40 22
12 25 22 30
1 43 38 36
10 46 9 7
37 33 5 10
26 24 29 34
14 44 2 9
13 45 37 2
9 38 31 28
42 1 24 35
10 15 2 5
5 27 40 18
47 28 11 32
9 39 30 36
1 34 39 47
16 21 13 4
22 24 37 2
46 11 42 8
21 42 4 35
13 5 35 28
23 18 1 29
26 23 41 20
24 37 20 12
30 45 26 35
0 40 8 28
7 39 39 32
21 14 49 47
2 24 6 10
11 33 9 41
38 3 2 12
25 6 34 13
8 24 32 34
44 9 0 36
39 2 6 16
23 23 25 4
16 27 7 22
49 30 25 5
44 3 43 39
39 2 35 27
21 36 21 25
9 48 16 1
41 14 22 23
20 24 5 25
4 46 2 8
16 44 13 11
7 28 22 25
27 44 45 43
41 6 26 21
43 6 15 18
39 21 4 13
21 42 5 8
27 41 27 17
38 28 9 28
42 34 35 18
25 36 45 2
21 35 9 48
27 48 30 24
36 20 31 9
22 26 8 11
34 41 30 37
29 32 36 31
18 21 41 25
36 43 34 27
22 13 32 23
30 11 35 0
33 10 29 30
7 30 9 6
5 48 2 29
30 28 35 27
11 28 34 34
9 16 30 1
19 8 9 8
23 30 36 34
42 5 31 20
3 22 15 20
32 45 5 8
30 26 47 21
4 36 13 38
5 38 9 13
48 13 5 13
14 26 30 23
19 45 45 27
10 25 20 30
8 38 16 43
29 20 6 6
3 37 3 5
34 0 33 22
16 15 7 12
24 6 6 10
16 35 35 40
7 18 30 13
19 15 2 13
12 31 32 26
29 18 19 36
11 20 38 4
16 27 35 18
38 17 28 30
13 24 31 37
43 10 32 27
30 33 34 31
26 37 2 9
7 32 29 12
45 3 33 48
45 14 3 32
4 45 35 27
19 10 41 41
28 39 20 22
4 18 20 15
19 23 4 21
26 3 3 12
42 17 13 13
18 24 7 9
18 35 12 45
7 33 5 9
13 43 32 22
44 14 2 12
42 0 9 8
15 25 10 47
25 45 41 13
45 11 34 0
14 43 4 12
16 14 0 11
5 32 5 9
24 44 10 32
3 49 8 29
33 48 7 10
42 8 0 9
7 46 20 29
10 42 5 8
8 48 4 12
33 24 38 0
31 15 4 5
34 39 36 0
20 32 31 28
15 35 9 13
8 43 37 13
6 44 10 3
8 44 20 22
14 20 26 36
4 40 9 10
10 45 17 21
3 42 10 22
8 5 32 19
19 48 7 8
47 8 1 11
17 26 2 10
7 31 42 5
4 26 17 45
19 35 36 29
44 13 37 10
30 39 48 14
40 11 8 9
28 7 48 7
30 33 6 9
22 44 10 26
8 32 21 12
5 18 43 29
5 29 7 10
7 22 9 41
19 45 24 17
24 20 21 35
10 24 21 32
33 4 5 12
2 47 39 21
46 2 38 33
24 37 2 11
23 26 27 34
29 10 10 15
41 14 7 3
1 42 39 22
19 22 7 8
24 36 39 33
19 16 26 0
46 18 6 10
27 27 7 11
30 11 4 2
19 22 29 27
