50 958 11538 800
26 1 0 3
44 46 49 35
49 32 2 10
21 1 41 16
24 0 19 28
12 17 15 7
15 43 4 40
19 12 21 1
48 41 26 48
11 30 49 21
10 22 14 11
13 43 48 12
35 28 8 24
14 36 8 0
26 39 43 27
45 30 20 39
39 33 8 3
34 6 42 36
31 4 4 8
33 1 15 44
47 32 11 34
9 38 3 10
41 28 6 1
40 32 13 20
11 45 4 12
14 1 22 1
12 46 26 44
10 48 20 38
12 8 9 23
45 16 11 12
37 25 1 10
4 17 45 35
44 47 11 18
16 24 6 25
48 22 32 40
40 40 21 30
28 35 5 42
24 18 38 24
27 33 16 36
13 43 12 15
17 32 0 6
11 44 18 16
26 38 21 32
22 21 17 31
19 3 34 25
12 0 47 18
19 18 20 41
28 35 38 0
22 1 23 31
27 3 4 13
11 32 22 2
7 46 14 37
29 33 15 9
30 10 21 2
22 34 41 17
38 47 42 24
25 1 38 9
36 36 24 3
20 49 8 16
7 47 23 42
45 22 14 20
24 1 20 21
24 3 12 6
45 23 25 43
20 10 36 13
18 35 32 19
14 45 12 21
25 24 37 20
12 47 44 32
30 13 0 3
13 23 8 3
6 30 19 22
44 34 46 37
10 48 8 11
31 25 7 7
8 27 2 30
26 1 43 29
14 40 31 31
29 34 34 18
16 22 21 42
7 22 26 0
1 30 12 14
7 28 12 19
8 18 7 13
24 3 20 41
25 43 5 33
21 6 3 0
38 36 20 40
19 49 10 21
27 1 8 30
8 45 45 24
26 4 9 3
7 29 14 47
38 22 20 40
31 49 7 33
17 31 6 22
8 34 21 23
33 45 38 6
20 44 2 8
21 46 41 32
34 5 10 12
34 7 13 28
27 6 7 42
12 9 28 21
12 10 9 7
42 46 45 42
36 36 9 0
10 36 8 8
1 43 28 7
22 4 34 34
30 36 14 17
33 39 43 21
46 26 30 31
16 32 18 39
6 21 11 13
48 23 9 45
39 44 22 16
16 15 29 1
30 43 17 31
24 0 44 9
14 46 37 13
1 40 22 33
47 47 6 43
28 40 23 0
32 1 25 2
22 47 0 37
24 2 36 38
25 43 12 12
21 43 23 35
20 41 36 37
12 29 6 0
24 1 9 12
15 7 10 21
30 34 4 2
15 33 42 18
5 44 14 16
34 36 5 35
29 40 10 18
39 22 11 40
23 2 9 15
32 21 35 23
11 47 3 15
35 38 44 31
3 20 24 1
27 1 6 9
10 26 7 20
15 3 14 25
16 33 9 7
36 36 4 9
13 28 15 38
46 32 18 38
5 16 20 17
9 46 20 3
26 38 13 21
6 34 16 22
10 46 3 5
21 32 2 31
25 1 29 20
34 43 24 1
23 2 11 23
18 4 19 41
39 43 7 46
40 12 20 45
32 31 14 28
30 25 9 20
7 22 15 26
13 44 35 7
4 30 4 43
26 4 16 37
31 5 6 9
32 45 18 8
9 45 25 3
22 44 18 40
18 42 28 14
17 4 23 44
16 14 32 30
8 14 38 48
27 1 44 32
12 3 40 33
38 28 13 29
13 30 4 30
24 39 12 22
19 48 4 30
14 42 20 41
22 21 39 9
36 5 26 2
35 37 22 19
27 39 41 24
14 31 23 1
12 5 4 28
22 46 36 5
18 33 1 38
24 5 16 20
27 46 8 33
45 47 9 11
47 28 10 16
29 2 38 42
24 31 17 47
27 24 41 42
18 18 4 9
23 3 23 25
28 49 12 21
30 34 13 21
30 38 13 14
20 13 8 49
30 23 11 18
20 44 35 22
34 25 19 40
14 13 41 47
24 44 43 39
20 34 19 42
13 37 33 25
38 41 4 5
37 41 20 13
29 45 39 28
38 36 16 19
24 22 21 45
11 38 19 0
24 41 11 22
32 35 43 22
32 31 48 20
45 39 3 6
14 27 21 42
26 4 1 12
17 43 21 6
35 29 6 46
38 17 27 29
25 40 4 18
37 45 34 15
15 26 23 2
34 27 6 27
17 27 24 1
28 26 13 22
40 41 19 25
34 45 11 28
30 18 14 21
26 42 12 46
16 32 12 15
9 34 22 6
45 47 34 33
43 31 31 45
27 49 8 22
38 39 4 13
14 21 3 45
24 2 3 16
29 2 7 19
25 2 14 46
37 28 45 32
31 35 0 46
32 8 10 22
14 49 39 13
21 44 13 13
23 9 22 14
32 20 14 16
33 47 13 36
26 16 33 24
48 31 0 22
8 22 35 14
29 37 15 22
32 32 18 42
48 31 11 32
30 36 15 12
21 40 9 24
22 7 4 12
28 31 6 19
30 17 17 13
36 36 4 27
34 46 43 7
26 16 25 37
14 1 23 0
37 23 29 33
33 43 15 17
16 27 12 16
18 13 6 22
32 44 11 2
33 43 8 24
8 37 7 0
26 33 19 38
26 4 8 32
28 45 40 48
38 26 22 45
13 45 27 17
23 2 39 22
10 45 17 21
34 14 22 41
22 7 46 47
9 49 27 18
25 30 46 41
17 4 0 1
12 43 42 19
49 26 23 1
18 38 30 17
11 31 11 4
35 40 18 40
36 28 41 23
8 16 1 3
43 16 12 17
18 43 10 7
7 46 27 27
49 36 9 23
28 32 40 26
8 6 16 26
11 24 18 43
34 35 18 23
29 18 4 34
42 24 27 15
32 27 10 37
31 26 34 24
7 29 7 35
9 48 47 25
14 40 34 26
33 29 9 19
7 45 15 2
16 36 7 5
30 32 1 29
13 18 11 47
2 40 24 37
45 46 40 36
25 2 5 21
10 27 14 17
23 36 16 43
14 41 23 35
8 38 25 2
6 8 7 16
29 37 17 47
14 36 22 11
29 23 11 33
29 14 18 38
15 31 5 33
19 36 25 19
23 36 10 26
9 14 20 44
30 31 21 1
14 31 7 25
13 22 4 2
25 45 37 23
29 2 13 6
25 16 7 47
34 26 17 37
45 32 19 18
13 43 16 23
26 14 18 18
30 44 17 49
41 23 15 20
37 47 20 38
19 3 44 25
19 15 25 0
47 30 0 17
2 32 12 22
17 23 15 43
18 28 23 48
20 7 15 44
6 39 37 30
20 45 25 3
20 49 31 9
27 23 9 28
32 33 46 37
25 43 1 7
42 10 5 11
47 20 47 46
26 7 1 5
31 21 22 5
16 41 9 41
46 47 0 14
16 2 18 26
24 40 8 21
27 48 24 2
12 0 32 28
30 20 44 21
16 3 8 7
38 40 12 17
9 13 8 21
16 41 28 22
25 43 1 2
48 34 37 23
25 26 9 27
48 31 0 32
25 49 43 30
42 33 13 22
24 27 19 15
47 32 44 49
26 21 12 34
38 20 10 19
4 19 22 2
38 33 25 2
12 39 11 21
25 38 10 7
13 44 40 34
22 14 37 38
37 41 31 23
38 42 35 12
44 46 30 49
40 19 19 39
15 42 47 41
37 26 48 44
18 37 23 0
27 5 30 21
18 34 5 35
47 15 6 39
24 1 21 39
44 41 20 44
22 41 10 7
31 36 25 43
26 8 22 0
35 26 6 43
28 18 33 12
14 21 26 27
36 48 20 0
18 7 49 21
24 35 0 30
33 28 42 16
39 44 21 0
17 39 22 5
24 5 7 17
43 28 18 8
28 31 36 21
17 44 21 37
26 38 14 11
25 32 43 7
16 44 11 1
14 36 16 26
29 6 14 10
19 26 47 23
27 42 9 0
28 13 21 1
25 26 10 20
29 37 11 23
26 19 17 42
23 34 45 25
31 23 26 29
9 43 17 19
34 22 28 39
41 32 18 21
34 39 13 6
14 49 12 2
23 48 13 28
15 44 3 0
26 32 36 18
5 45 19 7
31 38 30 4
44 37 13 37
35 45 22 33
5 38 38 29
7 8 26 41
22 47 24 3
8 16 21 41
24 32 6 16
21 7 2 6
22 38 14 40
12 48 16 39
10 36 16 13
26 3 18 24
34 33 42 43
28 2 36 26
35 6 44 9
25 5 20 1
25 1 27 19
23 24 4 1
20 28 28 35
28 10 12 21
37 31 24 15
19 20 42 29
18 26 10 23
16 28 18 20
37 38 29 0
15 9 19 11
48 43 44 7
20 10 35 26
13 29 7 0
4 5 26 23
46 44 3 40
35 27 27 30
22 25 11 8
33 35 24 43
16 7 14 1
41 32 22 43
3 5 37 25
5 45 16 24
26 16 22 27
22 42 11 16
26 39 22 2
34 43 24 0
19 46 0 5
35 32 14 19
21 12 23 39
5 49 16 25
34 47 7 26
12 10 16 24
40 38 7 5
14 48 42 25
4 11 21 2
33 22 4 6
20 12 20 43
43 35 21 35
26 2 39 38
22 47 26 30
33 36 34 14
1 2 20 20
19 49 9 42
42 8 8 31
22 35 22 17
13 29 21 31
25 2 5 12
28 1 3 7
47 43 9 9
34 31 47 21
11 23 0 46
14 46 32 21
29 39 41 21
45 31 15 19
10 43 43 30
30 36 23 43
18 23 22 25
25 2 18 43
16 43 18 22
30 21 33 4
32 36 13 12
49 47 47 7
30 23 22 5
11 22 17 17
23 48 39 28
24 9 20 21
48 34 23 2
27 38 19 27
14 11 22 1
44 40 13 36
16 10 35 47
37 34 23 2
18 47 24 30
45 11 41 35
35 20 44 16
12 40 9 17
5 19 23 0
11 9 22 2
49 48 28 20
33 45 29 27
42 37 6 28
22 48 11 42
6 46 24 1
35 43 14 7
10 48 23 39
12 48 13 44
34 49 20 45
46 32 23 43
20 5 23 38
33 28 16 38
19 16 7 19
16 45 5 8
24 35 12 5
47 35 6 23
40 33 5 36
30 42 21 41
23 41 22 3
27 34 15 39
33 47 3 13
33 32 12 1
44 41 39 33
25 5 16 43
26 32 10 9
18 7 48 18
25 1 31 28
14 48 24 7
43 34 1 14
13 47 24 20
18 7 23 37
24 29 12 6
16 39 25 45
39 37 48 34
15 30 5 28
45 23 1 32
32 38 14 17
14 20 25 46
40 13 35 27
19 12 24 1
23 2 22 42
28 26 6 1
16 39 13 26
9 36 40 49
7 24 10 43
10 45 36 32
11 10 23 47
37 30 14 23
9 29 46 48
30 27 19 31
25 39 3 26
10 14 18 43
6 13 3 2
22 14 41 22
19 45 22 41
23 45 1 45
41 32 10 46
11 45 1 48
15 27 5 31
21 36 0 33
36 21 11 36
18 14 46 1
32 35 11 15
31 30 32 21
32 30 21 39
23 32 45 12
31 33 36 43
25 12 31 11
26 4 26 42
21 31 14 39
18 26 5 10
38 28 10 12
12 44 17 20
22 46 2 31
37 9 21 1
32 32 21 28
6 31 6 16
6 25 39 16
29 36 2 48
25 5 12 22
10 32 39 19
18 13 4 37
39 45 45 22
3 13 20 43
44 35 23 36
29 5 13 0
28 5 17 8
23 4 11 17
42 41 3 9
28 4 20 43
5 18 49 27
16 15 13 22
12 49 4 13
13 8 24 42
32 34 22 37
27 29 10 9
28 42 41 48
26 0 3 18
13 18 20 39
28 2 49 10
33 36 35 28
25 0 35 31
30 5 27 1
43 48 25 37
38 45 18 18
34 45 23 43
19 24 2 23
43 38 16 41
49 12 36 21
18 46 10 20
23 30 24 4
41 36 16 16
16 42 34 25
43 48 15 29
27 1 11 48
37 34 21 37
26 3 30 48
16 27 4 13
36 8 20 40
34 24 20 38
25 43 8 14
29 37 12 10
3 27 37 25
30 3 8 44
33 48 22 2
15 29 45 18
39 31 44 25
14 47 27 24
22 27 7 44
12 7 9 12
19 16 9 6
14 47 40 37
20 4 37 21
23 27 11 45
24 47 3 21
34 46 48 31
22 45 23 18
14 33 6 7
39 41 46 22
16 17 10 9
29 37 11 22
20 39 26 39
21 34 24 4
30 34 13 19
23 14 33 23
37 23 9 19
43 8 6 5
11 15 2 36
26 49 11 1
18 0 8 0
24 5 17 23
26 43 24 22
36 35 14 12
25 3 19 45
45 40 15 35
9 41 33 23
37 26 12 29
11 46 15 11
41 21 10 19
40 48 9 14
32 40 7 11
34 24 47 23
22 44 0 39
37 33 24 2
9 35 14 19
23 42 28 12
21 2 0 3
23 42 0 30
22 40 16 37
34 33 18 19
40 35 11 4
36 45 22 0
40 31 14 34
22 13 15 19
11 8 41 15
17 24 22 4
19 35 18 42
9 45 27 27
27 43 46 12
19 47 14 21
10 4 33 41
10 48 19 14
11 40 14 8
45 15 43 28
26 38 10 16
32 28 34 34
33 47 21 1
9 27 44 11
22 33 25 2
2 29 19 0
33 27 5 2
23 0 12 39
8 28 4 45
22 1 21 43
47 39 34 30
25 41 38 38
6 20 47 17
3 1 8 13
10 48 6 21
48 36 1 9
25 3 10 19
3 48 21 4
39 40 21 39
35 42 0 8
14 26 34 9
35 28 27 17
16 0 15 32
19 42 7 2
37 28 16 45
24 36 40 26
18 22 23 19
34 12 28 49
35 45 16 20
47 6 18 39
39 40 13 46
10 49 49 30
39 33 23 40
42 32 30 18
26 28 45 29
11 45 13 16
45 35 20 22
39 30 27 11
29 33 23 36
18 10 5 7
27 28 34 7
24 18 10 13
6 22 23 43
43 30 0 41
49 28 1 12
25 26 16 32
38 35 42 30
6 47 16 16
31 40 44 34
7 3 35 32
37 13 45 19
36 33 24 44
28 27 22 39
10 40 4 14
8 9 0 24
45 46 14 33
13 21 16 32
24 4 23 34
39 46 5 35
27 18 20 16
14 35 11 12
6 34 6 20
21 44 3 12
28 8 14 25
17 20 25 9
23 3 7 25
35 49 40 17
24 7 24 1
18 32 42 21
14 49 13 4
28 39 11 13
10 36 33 44
25 19 15 15
36 39 4 32
28 15 13 19
21 25 32 38
34 16 46 38
13 33 4 44
23 18 32 46
35 44 10 6
43 26 9 8
34 28 19 21
32 39 27 4
18 14 18 34
22 13 9 25
31 48 7 17
6 47 8 14
16 44 2 13
49 28 49 22
41 41 28 30
22 20 19 30
40 39 32 46
4 44 11 26
11 38 9 21
4 6 23 41
36 30 1 41
40 20 0 11
6 42 16 42
26 5 17 25
37 41 15 28
31 30 8 42
29 14 24 40
38 25 25 44
8 18 15 24
27 0 21 40
13 13 23 0
41 29 5 15
9 29 2 22
31 1 43 19
42 29 0 5
40 32 33 12
5 33 32 42
21 1 39 38
32 30 12 4
23 26 12 6
38 40 21 27
25 3 34 31
29 45 42 39
30 33 45 34
21 33 5 45
28 49 15 26
21 0 20 40
26 22 18 42
23 42 44 14
42 36 9 22
25 49 46 18
25 17 27 37
22 39 40 25
9 43 36 24
29 33 2 3
11 11 10 4
48 9 6 10
8 22 20 41
1 23 1 8
22 2 35 19
16 18 14 39
32 25 7 12
15 1 9 21
15 30 13 18
27 37 33 19
27 24 38 16
30 45 37 26
33 9 22 22
23 47 39 12
5 23 6 10
24 0 30 29
25 0 22 22
3 19 7 16
9 23 14 25
10 12 43 1
25 0 9 41
19 43 9 0
23 5 7 29
10 40 10 30
9 1 45 16
39 32 16 35
43 29 46 39
14 35 6 34
30 24 16 10
22 14 22 4
11 5 15 11
3 31 20 2
46 15 21 0
40 15 36 25
3 30 38 2
8 22 21 37
15 13 21 42
20 36 3 1
21 7 14 36
11 25 25 8
7 41 22 2
30 28 10 4
36 41 23 47
29 41 7 0
26 46 14 23
26 0 1 32
18 20 38 49
17 17 43 21
16 29 20 44
26 43 48 16
29 2 43 12
30 29 16 47
13 23 27 36
9 21 29 21
31 45 14 31
26 11 18 18
48 18 26 3
16 45 12 16
29 27 16 14
31 38 29 26
24 38 24 17
39 28 25 33
20 25 22 32
35 31 15 17
2 32 9 14
25 34 6 3
33 48 25 23
20 37 5 13
36 28 9 40
44 13 1 9
26 16 4 41
20 13 10 15
33 11 30 21
49 40 31 2
36 46 34 8
5 34 9 36
13 7 11 18
29 38 14 16
9 47 24 26
29 1 4 38
0 19 7 26
20 28 41 39
20 47 48 3
28 39 15 3
17 36 27 35
8 34 10 18
32 21 38 5
18 27 20 15
44 30 7 13
11 49 20 43
41 22 19 19
45 43 14 4
17 41 10 49
32 21 9 0
17 10 37 40
36 46 23 40
35 45 48 39
45 40 15 14
38 8 40 2
41 46 18 23
24 43 29 18
5 11 13 45
22 36 2 29
21 40 39 10
14 48 5 9
9 49 10 17
25 36 26 3
44 45 34 28
12 40 15 49
31 36 12 22
