50 1315 15182 800
7 35 17 31
13 35 31 5
21 34 29 19
14 36 36 7
12 11 20 21
8 18 29 14
11 35 20 37
45 28 13 17
11 48 39 7
11 20 44 15
8 41 21 18
2 40 1 17
32 42 37 15
2 39 11 22
7 34 34 45
9 42 23 20
32 42 16 14
9 42 17 9
33 42 27 9
22 14 29 34
36 36 14 19
2 19 32 1
15 38 29 47
10 42 38 16
19 47 27 8
2 23 33 38
12 34 26 6
13 32 24 30
34 17 12 14
21 9 18 17
0 17 12 27
17 29 37 37
5 39 48 5
10 15 17 14
15 44 7 24
5 1 19 16
7 42 38 8
5 20 29 8
5 35 28 5
23 4 9 9
20 41 29 7
9 13 9 34
8 7 13 49
20 10 14 17
11 46 39 4
22 45 22 15
30 19 42 35
10 23 30 16
17 37 39 0
11 5 31 33
1 37 12 21
1 24 2 16
7 42 0 0
7 37 16 16
25 17 24 7
38 32 6 34
3 20 27 20
2 34 21 33
0 42 38 10
26 31 27 4
34 46 13 14
33 41 31 3
40 47 19 14
35 39 28 12
14 4 10 13
4 36 11 10
0 13 21 13
17 44 22 27
7 30 1 5
29 30 16 46
30 42 14 15
3 47 46 2
22 38 22 10
5 39 22 30
31 28 36 19
3 49 44 0
23 24 13 20
13 14 30 4
8 4 27 14
6 22 35 27
3 21 25 5
17 38 9 36
10 43 19 11
4 42 4 5
29 43 48 0
14 38 16 18
10 43 43 30
9 24 16 4
8 33 13 37
3 35 37 37
9 10 30 6
6 42 25 12
10 38 20 1
27 22 19 9
41 41 42 49
12 40 32 0
6 41 44 16
7 26 23 13
11 44 19 24
8 25 38 13
8 32 26 35
36 42 41 14
4 43 29 8
17 41 42 48
34 43 12 13
6 37 34 17
23 13 7 9
0 27 8 17
23 27 31 8
20 13 29 10
17 26 4 5
37 42 12 17
31 34 0 24
4 20 44 24
20 33 11 0
35 39 20 20
40 45 26 4
6 36 30 2
0 26 25 6
27 32 44 29
11 40 44 25
9 21 29 26
4 40 4 31
12 49 28 8
1 29 12 22
38 35 44 6
14 9 16 23
13 41 3 9
30 28 11 0
2 15 31 36
22 18 19 38
9 25 17 46
19 9 16 11
25 35 39 42
6 30 20 18
36 34 4 18
6 38 33 34
4 41 33 4
18 39 33 30
24 38 23 22
3 16 26 12
35 26 8 16
12 37 14 21
13 38 46 6
41 40 31 11
8 10 49 6
0 22 17 43
14 13 27 42
33 32 13 6
3 3 39 34
34 34 6 8
5 36 30 12
16 38 27 38
11 46 6 4
15 29 39 0
1 46 15 17
22 44 34 13
28 29 27 21
19 38 23 33
15 8 44 34
32 43 1 24
13 20 11 31
10 43 46 1
27 41 16 31
20 0 39 38
9 40 3 15
31 40 5 11
8 37 31 21
14 10 32 17
11 23 12 14
3 39 30 9
5 28 13 12
21 10 36 0
36 36 0 0
35 15 12 11
24 10 9 19
14 24 31 36
7 45 21 16
14 31 35 39
10 45 33 24
23 26 17 21
26 25 9 14
36 42 31 42
4 37 49 19
8 42 37 45
4 20 37 5
15 37 29 10
22 37 29 33
8 45 48 3
29 22 23 2
14 6 37 44
12 31 28 10
6 22 16 11
28 49 46 8
9 15 22 4
7 20 32 34
17 47 34 10
17 46 36 39
22 18 9 25
3 25 13 23
26 0 39 4
36 41 22 19
4 40 5 27
1 38 11 8
2 25 41 2
2 9 30 42
13 27 25 11
20 34 29 30
5 22 32 12
3 39 10 28
21 8 37 4
5 25 21 20
16 41 7 11
32 35 44 18
2 8 17 16
5 41 44 29
3 40 36 0
16 6 29 8
24 31 33 9
32 41 35 0
5 42 13 13
10 47 0 9
27 42 33 34
6 15 25 1
10 40 32 38
9 46 7 41
19 35 40 8
15 12 36 44
9 25 39 10
10 13 34 2
30 47 30 22
1 15 28 5
39 37 34 2
10 42 17 20
24 8 32 2
14 12 20 1
7 36 1 0
4 17 19 16
0 27 38 38
15 7 17 15
20 31 19 42
13 28 19 25
2 6 10 20
11 16 26 48
20 16 18 20
39 48 28 8
4 42 35 16
18 40 30 37
12 13 2 1
12 10 13 21
35 27 49 18
4 34 24 16
10 41 26 48
0 28 16 6
24 23 35 15
5 24 21 17
1 45 13 24
10 30 7 26
6 37 21 8
5 28 33 11
17 33 15 18
8 41 44 4
7 32 29 35
41 26 32 49
5 41 35 17
9 39 32 41
7 38 16 34
32 49 27 44
12 41 21 7
14 1 34 31
13 12 41 19
7 24 33 1
14 26 25 15
2 29 19 24
20 8 44 7
12 20 28 9
16 29 16 24
5 38 21 10
14 25 11 14
13 25 14 16
36 43 28 15
1 14 44 5
43 8 49 12
8 29 24 7
14 37 28 24
4 24 24 2
4 38 17 24
5 22 43 2
12 15 40 36
22 42 26 8
13 13 31 42
30 22 12 11
6 44 37 41
40 1 15 16
12 19 31 16
49 43 9 31
30 49 35 8
4 10 7 25
14 15 32 3
39 22 34 5
13 47 20 33
19 22 49 21
28 35 11 11
18 44 2 36
4 27 14 22
0 41 33 21
7 16 30 33
6 39 1 22
11 8 10 27
20 40 27 26
12 36 19 5
1 37 33 4
8 38 3 2
17 34 37 1
6 28 1 12
12 38 21 7
25 13 15 17
4 26 0 4
2 30 14 17
12 20 25 45
19 47 18 5
17 27 38 5
0 19 34 29
3 23 31 5
37 38 31 0
8 37 29 12
21 41 30 19
3 40 39 6
4 9 37 15
2 17 14 24
12 44 29 45
18 0 20 35
21 14 34 12
7 46 29 40
5 42 7 19
2 34 6 10
16 17 39 1
4 41 39 39
19 5 34 39
6 41 8 19
4 35 26 29
1 38 17 24
14 21 33 34
1 40 41 44
8 22 32 9
17 46 8 14
27 34 34 9
10 36 25 35
10 21 2 15
1 38 17 42
28 36 41 5
6 36 28 42
3 42 48 29
19 34 30 5
35 21 32 0
12 35 36 44
2 24 17 24
25 31 19 25
19 40 21 24
5 31 19 17
31 32 32 11
6 18 38 24
2 18 2 11
25 4 18 16
31 14 12 26
29 40 23 40
10 5 40 26
5 9 20 42
9 6 29 25
5 15 7 18
11 40 29 14
41 19 9 23
32 34 36 16
14 10 14 31
34 41 21 20
6 12 28 29
11 41 27 6
34 38 18 6
17 46 14 17
18 36 32 38
23 26 9 6
11 38 38 7
3 28 19 35
26 43 28 28
18 12 42 41
7 12 28 45
4 41 29 11
13 41 17 9
5 37 26 15
15 7 19 5
20 4 18 11
16 30 35 26
8 39 32 46
13 20 20 19
11 44 33 3
16 11 3 41
12 46 29 40
16 21 28 41
23 25 45 10
3 23 28 3
21 39 17 12
21 25 43 7
1 43 0 4
17 1 30 21
15 13 32 0
17 40 33 7
10 7 27 20
9 40 22 10
9 28 16 14
2 22 39 10
7 34 28 12
6 45 20 2
12 43 40 11
9 29 3 5
9 26 22 18
8 34 3 29
36 41 32 8
7 45 35 40
23 17 5 19
4 30 22 21
18 16 23 37
8 42 47 15
8 37 48 15
3 43 14 2
43 13 16 20
0 35 47 8
8 44 30 9
21 48 15 23
20 42 39 4
43 48 41 7
14 30 8 19
30 1 13 31
15 8 31 39
17 14 26 28
0 13 43 48
7 10 30 15
3 42 0 7
14 3 3 4
9 29 16 19
47 14 18 19
6 22 17 13
27 40 17 13
20 20 32 8
16 11 12 6
9 28 49 29
29 42 11 19
4 42 15 2
28 20 13 27
7 24 14 18
5 46 31 48
35 26 14 18
39 39 41 9
24 25 21 29
13 36 17 37
15 6 1 2
49 12 41 6
14 48 11 16
23 2 40 33
9 29 13 17
26 27 1 43
30 45 35 9
15 18 17 11
20 15 46 15
31 26 30 49
13 32 39 24
12 0 13 40
35 37 7 8
43 42 31 12
6 40 25 40
31 44 8 26
15 7 46 9
7 22 37 15
1 29 35 3
11 10 19 14
20 9 12 13
7 37 8 6
27 24 47 23
22 4 23 12
1 38 17 8
23 38 39 24
20 32 13 17
4 37 10 6
12 45 14 15
13 25 24 25
32 19 34 8
44 42 27 15
11 38 19 17
13 44 8 14
15 26 33 34
11 25 32 10
22 32 15 23
2 32 32 32
5 12 29 22
15 44 2 15
23 42 15 48
30 41 17 6
3 31 46 4
12 12 41 34
18 31 34 45
14 42 26 15
10 16 4 7
11 39 19 33
3 44 23 46
8 20 41 9
21 37 38 5
41 26 36 22
23 17 20 15
9 16 31 12
24 1 29 9
0 40 8 19
23 31 42 16
0 37 13 7
13 31 19 2
35 41 13 29
26 17 2 43
7 1 26 18
11 24 31 18
0 42 12 3
29 28 32 10
41 37 25 27
2 35 14 25
18 39 34 14
17 10 5 7
31 40 20 8
19 26 48 39
8 39 46 4
19 35 0 11
4 24 32 10
1 39 31 6
22 7 41 7
43 24 34 45
5 35 15 22
9 37 21 3
14 38 30 49
31 40 20 20
17 36 24 44
5 13 26 4
13 3 43 6
8 15 16 9
26 48 28 0
33 36 17 32
8 21 27 19
3 40 15 22
13 32 29 23
19 31 6 21
20 33 27 0
1 41 48 43
5 7 11 1
0 31 21 38
31 23 24 15
3 18 16 18
17 1 32 1
20 12 35 27
7 41 19 31
4 43 30 16
30 10 49 22
32 3 35 34
18 32 24 34
7 36 3 27
6 34 1 3
4 35 42 1
36 38 31 7
7 42 29 5
14 46 44 48
10 48 31 3
13 17 31 26
16 43 9 19
15 13 0 12
9 41 5 13
20 8 38 11
29 29 27 12
5 43 49 28
14 8 31 6
6 38 19 8
5 5 40 4
10 41 26 40
2 20 12 48
15 32 16 18
10 43 27 28
7 21 35 16
7 39 37 12
39 32 28 2
10 40 29 8
17 32 25 24
3 32 23 22
33 24 9 31
10 43 23 45
4 29 44 46
18 37 0 8
5 23 18 17
11 45 16 25
15 12 42 28
12 42 14 13
14 33 27 38
37 40 32 7
30 42 24 27
9 22 21 38
1 40 33 11
11 35 30 11
22 43 41 15
27 31 39 34
5 36 5 4
11 32 45 8
0 3 26 9
8 20 26 6
29 27 16 36
1 43 30 2
30 18 9 18
6 15 40 42
27 24 37 30
32 37 43 7
8 42 41 4
5 31 16 38
39 26 11 10
9 41 5 16
3 38 21 17
5 40 11 16
7 49 20 40
21 42 22 33
4 33 27 11
28 30 12 15
23 40 12 3
4 43 24 26
3 8 8 13
33 47 36 16
30 33 40 14
8 40 8 11
11 19 16 15
10 27 23 13
3 44 34 4
10 25 24 44
9 26 32 4
32 40 12 28
2 35 19 4
30 19 29 25
33 14 28 15
3 42 31 2
19 33 48 18
14 42 38 6
20 46 32 9
23 3 33 19
20 30 32 18
17 30 39 47
24 42 14 19
5 41 38 41
9 39 28 8
1 38 38 28
41 42 38 47
21 33 37 21
9 24 23 3
16 39 27 36
7 41 17 17
1 40 13 24
21 30 16 29
1 34 39 2
18 15 1 47
3 45 16 20
1 40 6 5
19 26 0 13
33 41 17 13
12 43 7 8
5 25 14 26
16 42 49 8
23 35 22 7
9 28 21 3
12 19 31 38
3 28 42 40
7 27 33 9
33 33 24 5
25 16 42 31
10 26 30 32
3 19 44 33
2 43 46 43
28 38 39 14
32 47 14 22
7 19 4 4
9 33 13 18
18 25 27 0
3 42 20 46
9 15 6 12
1 29 22 18
10 28 23 12
30 40 21 23
25 40 10 12
30 38 31 0
37 5 27 2
6 35 12 20
14 17 34 36
12 21 28 18
12 37 40 8
14 46 3 28
15 26 20 38
11 27 23 19
35 42 37 15
4 35 40 38
11 9 38 0
10 17 25 23
6 40 14 18
12 30 14 15
3 12 28 6
7 20 11 23
3 19 29 18
9 36 42 1
6 42 29 5
1 12 0 3
5 43 11 19
12 49 9 28
6 31 13 12
1 25 47 1
24 27 22 45
22 40 12 2
5 20 22 9
22 15 14 16
15 1 36 19
24 45 33 43
18 43 37 2
8 45 7 5
13 31 1 11
5 12 26 15
36 42 38 2
1 39 6 1
29 48 13 16
27 18 16 25
8 15 30 43
7 35 25 6
24 42 45 12
16 28 34 5
15 35 23 14
30 39 31 45
4 31 45 29
3 47 21 23
29 10 12 43
5 43 20 33
1 18 14 34
4 41 6 9
14 9 22 21
3 41 27 28
9 37 41 3
6 47 28 12
8 29 12 3
3 27 23 2
6 33 28 7
28 34 36 45
12 4 13 14
12 24 19 16
1 41 27 16
10 42 44 14
19 41 17 22
23 35 13 12
30 36 14 19
31 45 1 38
8 14 10 2
12 43 26 39
6 10 27 46
1 35 36 19
24 15 40 12
11 0 23 1
7 19 15 12
8 31 34 24
2 35 48 20
6 32 16 23
8 47 10 20
11 44 8 17
20 14 7 29
11 41 12 14
0 38 13 27
4 37 27 3
17 5 3 16
1 20 23 47
5 43 11 16
12 27 32 5
4 38 19 24
8 33 12 41
44 40 19 16
7 39 8 22
9 23 17 22
24 21 45 20
3 9 46 41
6 17 32 33
8 11 46 8
9 39 23 31
9 43 14 3
32 44 35 12
22 24 32 1
8 42 22 14
6 47 16 20
7 38 44 37
16 38 9 27
4 43 14 16
26 47 23 41
11 32 22 44
1 21 44 12
30 44 45 17
25 44 16 16
7 39 22 18
32 43 27 34
10 44 29 0
13 46 3 4
14 21 19 15
6 38 6 5
11 14 13 27
11 45 20 18
38 25 38 0
26 20 21 19
7 33 1 44
26 17 47 28
6 41 49 37
5 40 40 6
3 43 11 22
23 32 41 26
28 48 27 4
18 16 27 29
7 20 19 4
8 41 4 13
4 12 12 22
2 42 28 13
29 39 12 22
27 42 35 30
12 14 22 26
4 42 48 40
4 43 12 35
20 27 13 17
15 42 29 30
2 20 18 37
20 16 41 7
1 27 6 11
8 32 18 22
6 31 46 10
11 38 30 3
0 28 22 4
11 20 38 48
22 5 48 10
0 3 15 7
7 31 12 4
12 38 30 16
13 16 33 19
4 42 8 36
16 8 46 9
22 5 16 6
19 45 43 36
26 39 43 4
46 6 11 45
21 27 34 1
24 32 25 16
1 35 25 20
12 38 38 24
20 45 5 17
19 1 24 9
7 16 41 10
8 3 39 0
11 23 36 48
21 32 32 2
15 6 25 4
44 30 5 12
24 47 15 19
28 9 15 24
17 31 40 14
0 33 9 8
14 16 16 20
30 36 0 8
7 35 17 29
21 25 35 5
15 40 21 10
35 27 16 6
9 45 29 9
20 47 30 4
1 31 3 25
23 13 28 3
1 15 42 3
3 16 17 4
7 24 17 18
33 11 6 18
9 41 39 15
5 43 14 20
22 24 27 11
5 29 22 34
2 36 12 13
19 28 1 35
30 35 4 0
6 44 37 35
37 47 25 34
11 14 36 14
5 41 22 1
12 35 49 43
40 7 28 19
5 38 20 19
5 37 31 24
22 24 3 17
1 40 20 47
3 38 35 46
28 38 8 3
7 19 20 36
21 24 11 45
24 47 42 4
3 3 23 9
21 33 23 24
5 37 20 23
38 23 41 33
12 24 15 22
6 35 12 6
6 34 11 21
32 38 2 4
12 37 24 13
10 41 18 41
30 6 17 13
30 26 28 11
35 35 37 32
5 40 40 11
9 32 13 35
9 27 2 16
6 33 11 28
15 44 48 6
19 33 24 26
5 18 19 22
40 42 37 9
44 26 13 7
4 35 26 9
5 25 29 15
6 32 41 1
30 45 24 30
4 41 39 45
3 40 24 11
16 20 49 1
6 19 19 17
44 16 2 18
20 45 25 24
24 44 35 15
3 31 15 19
38 41 39 17
6 38 44 25
1 23 12 20
7 3 22 12
30 39 34 37
13 17 27 10
27 41 21 6
9 43 23 13
2 41 20 6
43 36 39 8
8 43 5 6
30 40 31 8
35 13 18 25
5 32 28 15
15 24 32 0
36 43 26 24
35 35 31 49
1 16 14 2
9 37 16 34
0 43 36 5
7 11 12 17
18 2 33 15
3 37 29 37
5 33 7 3
23 5 41 41
10 26 12 21
18 37 26 3
11 40 30 45
26 41 30 13
13 41 28 20
12 10 27 38
36 37 25 9
8 34 33 11
5 37 14 9
2 34 23 18
16 11 42 43
5 16 46 9
27 38 1 41
31 33 14 15
7 40 18 28
7 8 11 27
1 44 38 14
2 12 23 15
14 12 35 12
23 34 22 11
5 37 13 13
33 17 8 29
10 39 33 21
45 47 13 18
12 27 24 6
6 29 39 21
31 34 9 8
20 0 25 7
29 44 13 17
11 35 20 19
10 35 27 6
4 41 20 4
28 38 25 15
28 17 38 11
0 26 16 29
12 19 15 22
33 44 31 31
2 40 40 26
6 41 19 15
34 33 19 19
39 40 14 8
1 30 23 4
11 41 45 27
8 43 28 27
4 40 29 9
15 4 23 36
5 40 21 18
32 31 24 19
21 38 43 26
10 2 40 36
36 45 38 34
24 36 2 22
23 41 27 10
2 20 33 28
0 18 39 27
37 32 43 11
23 29 24 23
4 30 19 16
6 44 20 33
10 11 18 10
16 28 35 9
1 22 32 38
14 29 18 22
39 34 32 45
42 43 42 36
9 38 17 21
20 29 4 12
33 41 12 11
19 28 37 17
5 38 48 11
14 1 36 9
5 42 31 14
5 38 6 0
3 40 8 12
18 25 8 11
0 42 41 23
10 38 32 11
22 40 32 24
27 32 32 45
14 1 19 30
2 38 25 10
39 49 1 12
9 42 37 4
3 40 14 13
22 7 17 16
32 7 22 35
26 3 45 37
16 32 10 13
29 42 21 14
20 25 9 18
7 42 11 12
14 40 38 47
24 34 11 6
15 16 44 0
31 40 11 20
4 28 31 10
12 13 23 11
21 30 23 47
30 16 49 0
10 11 22 14
38 42 12 13
29 19 45 11
26 19 38 1
26 44 15 20
20 10 10 24
23 23 5 1
16 10 12 3
8 27 13 40
23 8 30 41
28 32 33 20
15 43 36 44
18 2 37 46
11 23 15 1
11 37 7 6
30 38 12 12
14 13 32 34
26 5 26 13
11 25 20 14
18 15 34 49
19 35 39 40
23 46 35 8
4 11 1 23
3 35 1 30
15 15 6 15
10 35 38 16
9 15 27 3
5 41 41 19
11 17 33 6
19 30 6 37
28 35 40 21
29 36 28 10
3 32 33 41
6 26 27 6
2 17 34 18
10 42 6 25
1 29 37 9
6 23 24 47
10 0 19 24
4 42 20 8
4 28 8 5
11 25 3 8
11 19 18 12
47 29 27 1
43 26 45 11
9 33 43 27
36 34 24 11
18 37 31 3
15 11 1 17
28 49 22 38
21 15 25 23
18 30 24 42
41 11 28 28
7 39 43 29
4 9 24 26
10 38 37 36
21 25 19 18
4 40 16 21
2 21 34 36
25 11 14 6
0 35 33 47
11 17 28 3
6 31 19 18
6 43 11 8
10 30 10 20
3 22 37 3
6 43 5 8
10 17 3 7
10 48 17 18
9 26 15 16
3 4 21 14
15 28 13 20
8 42 31 13
18 9 2 11
0 45 8 5
25 30 10 17
1 25 9 43
8 43 9 19
23 38 7 5
6 37 1 34
21 36 5 5
29 29 23 43
24 7 3 36
4 36 12 33
26 46 35 16
6 26 33 25
8 32 23 13
5 33 35 38
15 19 35 15
40 42 24 16
5 10 30 8
3 27 45 45
0 33 6 27
5 18 28 31
1 21 12 17
39 49 32 14
5 12 41 36
18 33 35 21
2 34 41 26
7 39 16 22
0 38 44 44
6 16 18 17
8 41 17 40
28 26 7 12
7 31 14 12
26 3 7 0
17 24 38 27
10 45 40 18
7 21 32 9
7 18 24 19
33 29 41 5
35 45 8 11
5 17 27 17
9 41 47 5
25 34 23 9
0 23 15 42
0 47 2 4
22 22 15 21
48 27 24 17
0 12 38 9
31 30 13 28
25 23 39 2
2 30 15 26
7 6 17 22
7 43 2 12
35 38 14 22
2 23 42 5
1 36 19 21
5 18 43 37
23 30 26 10
1 43 13 16
7 21 10 35
13 23 43 31
2 40 5 23
34 39 30 8
12 39 13 18
22 41 28 16
15 21 40 3
6 37 28 7
14 41 27 33
34 16 25 48
3 31 11 14
23 8 30 3
19 2 17 19
21 5 34 9
8 39 34 27
6 35 36 39
27 14 34 6
25 11 36 27
29 43 47 33
3 23 42 14
33 33 25 22
8 42 19 2
4 31 19 42
28 27 41 5
9 42 13 17
9 26 23 8
26 24 17 25
12 41 16 30
48 44 37 4
13 32 9 14
30 37 15 38
32 5 31 31
4 28 23 33
22 28 32 12
12 41 35 4
3 15 15 24
10 43 34 4
17 21 25 11
25 21 32 8
2 48 41 13
6 31 21 45
35 40 7 2
3 33 7 9
31 28 31 0
21 11 35 6
9 9 5 25
3 40 38 8
31 34 36 7
10 11 46 7
37 39 11 23
3 28 39 3
40 20 16 23
5 23 2 8
10 7 32 23
7 43 20 23
2 16 23 34
26 39 48 28
8 45 41 11
18 10 20 38
21 11 44 20
30 9 13 20
11 38 18 9
48 13 6 18
14 10 14 23
1 36 11 22
12 18 26 15
12 42 25 13
29 40 34 6
9 9 3 0
11 37 33 24
1 22 20 21
5 23 25 18
29 41 16 30
12 25 28 7
19 33 18 26
9 37 33 31
6 27 35 45
4 40 37 10
2 39 44 13
7 30 27 39
11 33 26 5
10 47 43 29
10 8 30 3
2 31 46 11
19 8 32 30
26 44 15 41
10 24 39 0
22 27 31 9
13 43 40 2
2 26 24 3
24 23 15 26
0 16 41 17
0 31 14 19
4 40 17 16
6 26 19 2
7 38 14 18
4 40 38 6
33 39 30 46
31 40 40 10
26 21 14 44
1 44 3 1
29 33 42 25
11 23 14 13
6 30 24 29
6 25 12 21
4 13 21 17
36 34 22 4
27 37 41 13
4 25 42 41
10 26 17 44
26 21 14 0
11 40 25 38
5 47 32 14
7 21 26 2
2 19 21 9
16 32 21 26
35 11 38 41
5 38 7 7
11 40 26 2
11 37 7 16
36 43 29 10
26 19 47 4
4 39 32 5
1 40 41 5
49 38 41 6
14 23 36 1
22 36 37 11
34 29 48 21
16 21 23 6
0 18 15 21
4 10 29 41
4 24 16 16
