50 695 12892 800
24 39 45 15
22 45 10 46
19 43 12 47
22 35 0 40
10 33 18 33
7 29 15 2
25 43 47 15
5 35 9 45
11 40 44 11
22 40 13 21
10 44 21 4
29 42 5 44
20 41 25 37
12 12 20 22
21 38 45 12
25 43 47 6
17 40 22 35
29 29 15 47
4 44 8 42
23 36 11 41
9 22 38 4
21 45 18 10
19 42 6 9
17 42 16 10
9 11 13 45
15 42 48 5
0 30 27 21
17 47 17 10
19 43 41 14
6 25 25 25
5 12 13 49
8 49 11 32
15 36 34 44
8 7 3 37
11 44 8 33
13 38 12 45
15 45 43 41
7 23 44 16
25 40 11 32
12 8 22 9
33 21 23 21
5 46 17 6
17 38 5 20
19 41 35 7
28 38 47 10
31 42 9 7
7 25 45 37
12 14 15 36
17 38 38 31
19 43 1 44
27 38 3 46
9 39 48 2
24 23 8 36
23 47 1 35
20 44 21 8
17 41 9 43
17 43 3 22
9 48 20 30
27 43 11 28
16 44 12 49
4 33 11 26
19 29 11 46
9 14 16 35
35 23 42 13
13 42 48 15
23 30 11 48
11 22 40 33
21 45 42 16
26 41 10 39
16 25 11 45
23 37 15 42
15 42 12 7
26 23 14 5
16 41 9 47
10 7 2 44
4 5 26 19
22 39 15 47
19 47 19 7
1 48 11 45
23 36 46 16
24 39 29 22
26 32 25 23
25 38 23 26
19 36 47 9
31 34 44 10
10 8 41 21
12 38 3 44
26 39 17 16
8 9 7 49
33 26 10 46
15 35 10 39
17 35 17 20
19 34 13 40
6 37 17 23
22 39 13 47
10 45 39 4
17 42 9 38
11 45 31 40
28 26 10 8
3 32 15 9
16 46 12 4
22 40 46 4
12 37 9 11
25 32 20 9
26 38 23 5
10 38 22 19
24 40 15 9
15 36 12 8
14 47 5 48
2 37 47 38
20 37 9 47
23 47 15 38
27 38 39 3
11 49 40 17
20 34 12 22
26 32 21 16
18 33 18 10
23 46 41 17
17 23 11 42
24 48 17 38
17 44 25 24
10 40 10 45
0 35 17 11
41 19 46 11
6 48 42 18
23 32 26 22
15 36 44 2
12 38 16 10
13 42 27 28
23 40 12 14
7 44 13 47
13 37 23 23
25 34 10 21
18 47 11 46
16 31 16 3
14 47 36 5
20 45 14 39
29 33 19 22
32 40 7 48
26 49 8 49
9 29 16 40
24 36 2 40
5 34 4 48
29 38 17 11
20 45 21 29
9 46 27 27
7 7 37 42
17 41 46 15
18 41 14 40
19 49 23 42
12 41 7 41
20 37 8 44
3 43 43 13
22 46 43 15
21 39 8 40
25 42 46 16
11 40 15 19
10 42 5 18
19 38 45 46
34 35 8 42
17 39 38 15
18 38 6 49
24 41 44 13
33 31 0 34
36 32 23 5
25 44 46 18
24 48 26 27
4 13 28 21
31 42 18 10
22 39 11 47
15 26 16 10
20 42 10 26
31 17 39 48
20 23 10 44
18 23 22 14
28 41 28 17
22 37 2 46
3 44 43 41
17 45 43 44
12 37 31 20
26 42 24 21
21 41 0 37
25 47 13 12
18 47 3 41
37 22 9 47
5 27 3 33
6 49 46 1
7 37 1 30
10 12 27 24
3 48 3 43
14 44 15 9
13 40 5 48
19 46 44 5
16 35 12 49
19 17 13 42
19 44 45 2
18 41 11 45
38 32 48 38
16 46 2 41
26 35 17 13
22 47 8 19
16 33 14 47
6 8 12 40
16 48 27 22
19 42 11 13
27 38 36 15
18 33 5 25
13 30 12 47
19 23 8 42
14 33 18 14
23 45 28 7
7 26 25 19
38 32 9 44
19 38 21 24
18 38 31 13
11 37 13 6
19 43 43 6
9 27 48 43
21 40 19 5
23 12 18 6
17 44 43 16
10 25 17 19
22 44 18 18
25 39 25 26
34 22 11 41
37 6 45 15
27 43 11 48
17 41 7 30
20 40 48 5
21 38 37 21
22 46 19 8
17 42 11 49
8 32 13 3
16 41 44 1
26 44 0 43
17 42 12 45
19 32 8 38
15 46 12 39
17 23 25 20
16 45 47 7
10 33 44 48
4 22 21 20
24 39 16 41
28 49 42 34
5 15 39 15
34 24 26 20
16 31 21 19
20 48 24 17
4 36 11 48
5 7 16 22
12 42 16 11
14 46 45 12
22 46 13 46
22 38 2 40
30 44 45 15
24 46 7 16
21 42 19 23
15 47 29 8
18 43 12 43
13 38 14 10
21 46 4 47
17 47 7 25
26 40 12 37
5 49 17 22
17 23 49 19
29 43 16 19
34 44 42 16
31 45 45 18
16 33 3 47
18 35 23 23
26 43 37 14
18 42 40 7
22 38 16 9
20 46 43 17
18 44 20 5
7 46 6 28
2 43 22 22
6 40 12 48
0 43 9 43
19 31 45 18
23 25 9 41
28 27 6 41
15 43 43 40
19 36 35 28
11 41 49 15
22 27 9 44
25 39 8 45
26 48 37 19
2 24 44 16
32 45 19 24
25 41 47 1
16 41 15 4
6 40 9 45
22 35 10 45
21 39 21 12
22 34 44 45
12 26 44 17
15 43 17 34
8 45 17 47
15 41 13 44
25 45 44 14
29 47 49 9
24 42 13 11
21 46 16 23
31 37 0 42
15 38 16 29
5 48 43 26
26 49 24 9
22 32 5 40
19 44 45 14
34 47 12 35
15 27 7 39
20 44 5 41
10 28 13 7
23 37 23 11
28 31 11 10
22 37 22 21
35 45 48 1
9 15 2 42
13 43 7 46
17 26 8 43
18 39 5 48
17 30 20 12
29 40 13 48
38 29 0 45
25 22 28 32
23 48 0 25
28 47 18 35
11 40 14 5
9 27 17 7
17 45 45 4
22 42 44 18
11 46 45 2
18 40 6 41
7 6 43 16
0 35 43 15
18 40 27 17
25 37 15 30
26 47 9 26
19 43 17 8
18 47 19 11
25 48 0 36
22 46 45 27
17 37 17 43
6 12 47 30
12 36 21 13
29 36 12 26
30 8 12 17
21 49 3 34
21 22 19 16
32 46 27 25
11 39 34 44
30 42 11 8
19 38 17 28
31 41 17 6
33 31 17 12
7 45 26 10
14 38 3 44
21 45 23 15
8 47 21 27
25 48 5 42
21 44 23 20
23 44 17 13
18 37 38 13
5 21 23 14
7 43 38 29
20 49 45 13
17 35 31 21
7 8 44 41
25 45 32 1
15 41 39 26
20 42 17 39
12 42 18 9
24 26 5 36
16 47 41 37
28 43 7 15
23 41 26 29
23 43 45 26
29 20 18 21
16 41 0 43
14 43 16 47
6 46 27 20
31 28 35 49
15 49 10 40
21 44 2 44
16 36 13 15
15 46 24 20
25 28 43 44
18 41 46 20
28 46 1 43
25 22 13 16
22 29 3 35
5 13 14 16
17 42 12 45
16 20 10 36
15 45 42 28
27 42 8 45
21 37 25 15
20 24 10 43
9 10 46 5
5 45 20 29
17 42 13 44
26 14 0 45
17 36 39 17
13 49 44 31
17 43 17 19
18 43 11 27
15 46 9 42
15 38 14 46
24 41 40 16
8 45 44 45
19 40 6 42
15 39 39 33
20 35 25 18
11 47 16 13
16 41 44 15
25 37 16 33
5 9 10 40
9 18 23 20
27 49 47 15
28 42 12 8
21 22 22 13
19 43 3 43
14 31 40 1
8 5 45 4
10 8 9 48
19 41 33 1
27 42 6 41
20 41 18 8
18 34 17 23
45 48 9 49
11 33 22 22
18 45 19 12
20 42 28 19
26 39 8 33
10 12 25 15
23 46 22 21
17 41 11 42
21 39 33 48
7 38 41 40
29 47 43 14
21 47 14 35
22 37 11 47
29 34 19 1
2 31 30 49
1 48 10 46
32 19 45 41
21 43 28 17
24 37 11 37
5 28 2 41
20 45 20 36
29 22 7 41
19 41 20 9
19 45 6 27
18 35 4 47
12 48 42 33
29 38 42 18
11 44 36 13
31 33 41 10
18 47 45 4
20 47 42 46
29 27 6 46
16 41 41 13
22 40 3 44
19 44 21 9
25 37 22 15
0 46 6 19
11 39 28 9
6 20 23 31
30 44 22 26
19 49 10 49
14 46 8 49
10 43 44 31
24 38 14 46
8 46 38 47
18 43 8 46
20 25 31 20
19 25 12 48
10 41 33 7
26 45 32 22
18 43 12 11
27 46 3 38
27 41 16 34
13 48 21 29
6 14 21 11
29 14 42 16
24 43 44 12
26 38 22 25
23 38 14 47
14 31 44 3
22 41 6 36
22 36 47 5
20 31 1 42
14 34 41 33
15 26 27 28
28 45 34 38
18 41 13 20
1 35 15 6
17 46 42 11
21 39 19 24
16 43 43 45
7 34 26 20
34 37 9 45
2 15 32 43
17 48 20 24
4 24 12 10
23 40 17 20
26 29 5 49
28 38 12 8
22 46 7 40
5 38 15 47
11 42 45 16
14 9 14 15
17 22 40 16
22 36 19 19
14 37 8 48
27 35 3 49
27 33 47 4
21 45 7 45
13 47 43 15
32 19 43 30
2 23 49 37
20 31 41 18
8 11 37 31
25 45 38 3
26 43 43 2
24 42 46 33
15 44 47 4
28 38 18 10
31 35 8 49
35 37 42 30
42 25 43 18
17 47 41 14
14 39 16 12
26 37 16 46
16 44 24 12
31 42 48 0
32 43 42 48
6 37 8 7
20 41 39 8
20 36 22 21
3 43 17 12
20 30 47 36
17 21 6 45
15 40 5 42
25 32 17 17
18 24 49 4
8 26 23 4
27 39 38 14
19 41 3 42
24 45 5 43
21 42 40 16
35 22 24 42
10 33 10 6
6 22 37 34
18 41 27 22
24 44 9 47
26 21 21 11
24 22 41 0
24 39 47 35
23 45 5 40
25 31 15 16
12 37 49 16
13 37 29 10
18 41 3 42
17 15 11 35
9 10 16 19
22 21 34 37
22 43 27 23
18 44 3 47
21 43 20 9
12 32 1 12
16 33 24 11
16 41 29 1
22 38 20 25
22 35 1 40
26 28 14 38
16 37 4 42
36 40 10 21
36 37 19 8
6 41 8 29
23 32 18 42
19 27 7 47
5 7 26 39
17 32 46 5
18 46 41 40
27 44 8 40
3 41 44 41
16 39 22 14
23 45 44 40
16 39 43 43
16 36 29 29
22 13 42 12
38 36 9 43
29 46 7 49
25 44 15 6
31 44 23 39
13 40 12 48
7 14 23 17
26 47 27 24
15 39 48 36
13 37 40 39
26 42 23 13
28 19 37 23
12 38 30 4
17 48 8 42
15 45 2 40
5 9 44 18
26 43 8 46
25 24 46 14
17 42 13 9
17 46 6 49
36 35 10 35
9 26 13 40
15 43 18 8
19 41 13 46
30 35 35 49
20 46 1 24
12 30 15 20
19 39 32 27
22 43 0 39
27 24 17 15
19 37 26 19
8 20 42 7
25 40 2 48
18 43 41 19
26 28 49 4
9 28 43 15
9 9 49 35
19 44 40 3
24 35 19 19
22 39 5 37
26 33 6 41
22 42 10 44
21 41 43 16
16 47 34 16
14 37 39 40
10 11 11 43
16 47 33 9
17 34 34 18
18 43 10 30
5 48 15 9
24 46 24 24
22 27 6 39
14 45 40 29
14 45 16 17
31 21 20 36
18 38 11 33
20 49 1 38
13 37 11 47
30 21 24 21
25 29 7 44
17 32 15 25
21 40 5 48
23 29 19 40
21 45 40 21
29 43 13 38
10 45 5 35
24 43 44 8
11 32 5 47
16 33 6 47
15 37 48 1
20 31 41 45
3 33 0 47
21 39 26 23
9 42 24 31
21 41 22 22
26 34 23 17
25 42 3 48
19 42 46 39
3 6 36 15
23 43 22 22
12 12 34 23
24 40 22 17
31 38 19 21
27 40 13 3
23 45 11 48
18 36 17 7
32 41 20 23
32 42 44 37
23 47 21 21
26 29 33 19
15 35 20 6
17 32 39 27
8 29 21 11
22 37 35 14
4 43 28 19
15 43 14 23
19 39 26 5
15 34 20 26
10 41 15 38
18 39 2 49
14 39 12 49
21 48 8 41
22 38 45 2
