50 270 13813 800
41 23 30 27
26 7 39 20
28 8 42 7
46 38 18 31
28 16 4 6
30 8 39 4
37 43 12 7
38 43 27 22
23 9 31 5
32 34 23 8
25 17 35 16
41 38 41 9
25 10 26 24
35 36 11 13
21 39 35 15
29 44 32 5
45 14 42 40
45 17 31 28
34 6 28 9
31 46 2 9
36 37 34 8
24 48 44 8
39 18 47 15
38 15 5 27
46 36 46 15
46 17 5 7
47 28 2 17
43 44 40 26
37 35 49 6
26 28 34 34
31 13 9 16
31 8 22 36
26 9 41 33
12 39 33 38
38 26 34 14
21 10 21 15
36 24 12 23
34 26 22 34
39 36 34 31
32 29 33 4
38 41 28 5
23 7 20 5
49 28 45 3
29 27 49 21
25 6 11 1
26 8 40 30
40 33 0 5
28 15 20 8
30 29 16 15
28 40 29 13
27 31 10 5
46 30 31 6
39 10 11 0
32 13 38 7
36 10 34 36
30 33 11 13
42 23 26 29
27 11 28 7
18 18 15 0
20 7 40 21
26 36 0 8
30 30 12 6
39 26 27 20
46 30 29 24
48 21 0 13
39 26 40 4
28 15 17 21
43 30 3 3
41 32 31 10
23 38 10 24
43 29 26 2
24 6 40 31
30 35 10 36
30 43 31 34
30 10 19 16
45 20 46 14
20 10 33 6
41 25 33 11
28 20 25 31
41 17 31 11
38 36 17 18
31 20 37 4
22 22 32 37
33 10 26 10
35 41 18 14
28 44 39 12
48 39 6 0
49 27 10 5
33 10 25 14
42 28 14 17
21 6 10 10
13 49 41 34
45 23 28 36
35 47 37 11
37 27 31 0
34 11 31 21
25 43 13 21
23 11 42 8
40 41 30 10
20 29 15 24
32 34 21 38
43 39 28 25
31 26 15 6
31 16 30 22
24 9 31 30
28 22 16 6
29 11 37 8
45 27 32 6
43 20 27 20
28 9 16 7
46 21 0 8
43 32 32 17
45 34 1 3
27 24 22 3
48 31 44 23
17 18 28 9
37 39 9 3
24 14 23 20
23 22 27 10
29 18 13 20
29 10 26 13
33 16 32 6
31 5 48 21
44 23 21 44
25 9 26 24
16 35 29 9
29 17 37 16
24 37 30 24
24 38 27 3
45 41 46 37
23 8 7 16
42 5 28 19
27 13 39 43
24 10 31 26
25 11 13 22
23 13 32 35
24 12 17 17
35 10 33 13
29 26 47 22
35 32 34 10
21 9 21 21
39 37 29 15
44 45 34 37
35 38 4 13
45 37 34 9
22 8 43 20
43 12 49 9
39 49 15 22
25 34 11 10
38 30 16 41
34 3 37 15
34 44 22 22
39 14 25 9
35 31 27 9
49 42 38 15
34 13 42 32
22 41 41 7
33 39 13 6
28 13 26 26
42 14 9 11
37 19 23 39
26 17 5 11
24 9 47 34
39 30 40 15
31 12 40 5
43 36 37 31
29 45 18 12
33 16 24 29
40 28 34 16
25 11 34 3
34 27 15 13
25 7 24 33
21 8 30 46
49 25 22 1
23 8 39 23
30 46 3 3
23 20 23 8
27 15 35 8
27 12 29 20
35 35 28 18
17 30 10 4
28 44 25 16
42 15 37 20
24 10 35 44
34 16 21 28
30 16 44 11
37 45 41 8
32 35 35 25
41 23 36 34
30 25 10 12
38 33 26 15
41 31 17 28
29 15 27 19
37 42 29 41
25 6 1 11
32 39 2 11
26 47 39 39
25 8 22 15
26 39 33 44
47 3 30 13
38 38 48 9
42 24 37 22
38 49 28 11
36 33 9 15
46 38 42 26
20 13 22 16
25 28 34 7
47 38 31 8
32 25 22 24
17 49 35 20
25 9 37 4
41 30 35 22
20 7 34 26
40 19 42 15
26 46 12 12
43 33 28 5
31 14 28 39
22 20 22 12
35 34 37 38
45 31 10 19
49 32 37 18
33 15 7 47
23 11 19 5
24 11 14 18
32 33 1 26
39 38 33 7
41 30 23 46
22 11 22 23
44 30 21 13
34 26 39 32
32 15 35 9
48 9 35 32
32 16 28 45
39 24 34 28
40 32 24 15
42 48 41 41
27 13 40 34
32 28 23 14
29 8 17 8
35 16 14 20
40 27 1 17
29 9 5 10
34 14 23 8
22 32 37 13
26 10 14 4
30 20 47 11
36 39 34 14
21 40 39 12
48 26 8 8
48 31 3 14
20 39 33 16
37 47 15 6
30 13 32 6
19 9 46 14
31 48 5 9
43 21 24 20
33 40 28 26
44 28 38 36
27 42 0 16
33 17 15 5
24 24 39 12
30 28 43 22
44 44 9 10
33 43 39 16
32 44 16 17
44 30 35 8
38 17 31 4
41 28 42 22
26 11 19 25
31 22 9 4
