50 82 13582 800
13 47 30 33
15 46 31 44
34 31 43 35
22 20 18 5
31 48 14 19
47 38 23 3
24 26 27 29
32 25 38 23
25 42 14 33
18 45 2 1
28 42 43 20
46 42 42 17
28 4 38 18
23 34 33 18
22 46 3 5
43 40 42 29
33 44 35 41
7 34 41 22
27 32 29 14
34 38 10 13
30 38 45 26
44 44 23 14
36 43 33 34
43 42 38 24
36 41 47 27
28 3 35 31
39 37 39 13
15 21 46 33
43 38 9 7
20 31 19 18
20 43 32 28
8 0 46 29
10 14 7 2
44 31 19 3
32 26 44 3
32 34 32 16
34 22 20 45
43 17 47 37
36 47 28 20
33 39 41 47
40 23 47 20
23 15 38 37
5 16 41 45
10 10 21 48
36 24 33 37
23 25 31 25
46 44 40 26
17 30 49 26
17 10 8 9
39 41 37 18
17 46 35 7
19 35 11 10
27 39 34 23
34 30 27 45
41 29 31 10
9 14 19 4
12 10 15 33
40 34 0 23
24 35 37 13
18 41 26 21
25 38 39 22
15 17 36 32
9 13 47 11
49 27 31 26
18 28 29 44
14 9 48 23
36 32 36 25
44 47 13 34
45 46 31 40
26 26 22 16
11 33 39 28
21 28 27 26
35 34 14 49
6 29 19 45
48 40 35 13
32 8 45 13
13 45 17 46
7 31 31 24
19 0 23 25
28 46 21 9
47 42 20 10
42 37 45 18
