50 371 18892 800
31 28 41 4
29 31 46 23
8 13 19 15
20 19 49 2
29 29 39 27
30 30 42 4
17 8 30 7
29 27 32 24
31 34 25 3
24 19 44 14
20 13 49 6
31 26 21 7
18 8 48 38
12 12 22 9
32 31 32 6
32 26 39 24
32 26 25 6
18 19 30 19
10 12 36 10
25 15 34 22
38 38 25 10
33 28 45 7
21 15 41 20
35 37 39 20
29 35 24 7
27 41 35 10
32 31 27 2
31 32 42 17
15 47 21 12
24 10 39 29
15 16 29 16
34 45 35 23
30 29 24 25
7 39 41 35
16 18 16 10
27 31 22 5
33 27 14 4
6 10 49 32
29 30 25 25
28 33 29 5
8 10 33 24
29 29 39 17
7 40 19 5
19 12 35 19
27 30 30 5
36 24 29 10
34 29 33 25
3 13 36 15
31 29 40 1
7 12 29 22
16 18 40 22
28 39 41 0
18 20 33 12
32 28 34 18
28 26 19 2
13 12 35 12
3 12 30 13
18 16 37 16
30 28 47 12
13 19 44 14
32 31 38 16
35 27 31 24
11 22 30 13
3 11 24 8
14 16 33 11
22 32 38 16
13 38 27 9
31 31 19 9
33 26 44 16
6 9 32 13
6 14 40 6
18 42 38 7
30 30 34 13
2 8 29 9
49 45 38 16
10 15 20 16
33 28 34 14
13 14 48 18
20 18 42 9
18 18 37 8
4 16 23 1
27 25 40 6
7 39 25 20
1 29 17 14
29 26 27 10
40 30 32 15
39 41 43 31
6 14 33 19
31 24 22 8
15 17 39 7
19 18 25 6
25 46 23 13
46 33 40 13
29 28 31 9
48 41 32 7
24 25 37 32
30 40 29 22
35 27 20 13
3 14 39 13
28 27 34 16
33 43 13 3
22 17 42 18
29 30 44 23
5 10 45 19
5 11 33 22
28 25 34 13
30 29 33 18
29 22 22 15
49 30 38 16
5 11 26 10
27 36 32 12
29 30 33 23
32 28 20 13
39 34 27 2
17 25 36 20
30 22 35 20
31 30 44 20
19 39 44 12
21 34 35 12
22 8 37 7
21 17 19 4
11 17 36 14
36 32 44 13
29 26 37 13
29 28 35 16
10 8 39 27
28 28 33 25
24 16 47 21
28 27 27 16
32 29 36 15
25 12 34 21
16 22 17 6
17 11 32 18
32 29 37 29
10 12 43 17
17 38 20 1
4 14 29 16
6 8 45 17
18 11 38 18
9 13 26 6
46 42 35 10
19 14 25 9
33 25 40 23
11 13 19 9
29 30 20 3
6 14 30 13
11 17 19 10
30 27 38 20
39 36 47 2
20 27 37 17
15 35 22 8
38 38 18 4
35 28 37 10
6 48 39 16
31 28 18 7
32 28 33 7
6 8 30 11
31 26 41 24
20 25 31 9
38 41 39 36
6 9 18 10
23 21 45 19
9 14 45 11
23 10 25 4
26 30 29 14
43 25 33 16
28 21 36 8
6 8 39 16
27 14 37 29
25 41 23 13
7 2 45 18
25 36 33 13
33 25 38 11
33 32 22 11
34 24 26 4
30 25 33 20
31 27 41 4
15 9 46 15
32 33 18 23
7 12 23 15
41 43 48 9
27 28 37 31
31 32 32 21
18 16 30 21
3 11 36 28
19 12 41 11
4 11 44 22
10 9 38 11
22 12 43 19
11 13 37 18
14 22 29 19
23 10 18 5
1 44 33 3
22 16 14 8
19 15 35 13
5 14 23 9
31 28 17 12
30 31 42 19
12 19 37 7
10 19 49 29
26 28 47 7
26 30 23 9
31 31 27 12
21 19 37 20
38 37 41 8
14 18 30 7
1 47 28 6
31 49 45 30
25 21 35 28
21 32 41 23
8 11 41 23
9 14 27 4
29 25 35 1
34 26 40 1
4 9 33 26
29 30 38 14
18 13 40 30
29 24 46 16
21 19 36 9
30 27 48 17
33 27 42 20
19 20 40 21
11 13 22 11
29 28 19 5
28 30 40 18
20 14 38 21
30 31 27 10
27 37 37 22
11 15 20 11
16 10 36 25
3 14 44 17
30 29 16 2
14 10 36 7
1 8 20 9
7 14 30 16
34 39 40 16
12 10 40 17
7 12 49 6
28 22 16 15
25 16 40 14
10 41 24 6
32 26 35 6
28 29 47 12
34 24 34 19
2 9 42 14
35 26 15 15
40 39 44 17
34 25 44 11
25 17 34 19
37 29 44 7
46 37 34 17
27 38 23 17
22 17 34 6
16 19 47 25
7 10 38 18
17 16 39 23
7 13 36 24
2 13 22 14
5 13 41 12
7 38 25 4
31 27 22 9
11 20 34 25
30 26 45 27
14 11 30 4
42 47 30 15
32 28 48 30
21 11 37 23
27 29 46 5
17 17 23 13
27 29 31 22
18 18 35 16
33 43 41 17
30 26 21 7
13 15 36 19
13 12 35 18
22 21 38 6
7 7 39 28
30 25 42 13
9 21 24 12
26 31 49 13
18 39 48 17
33 46 27 19
30 22 39 19
26 26 47 21
25 25 17 7
31 26 18 16
42 33 39 0
20 12 27 20
7 11 18 2
26 18 26 44
28 28 36 21
25 7 37 22
32 28 26 6
33 30 31 17
23 16 27 9
11 15 43 5
13 14 38 24
27 24 10 9
20 20 21 7
12 12 49 15
33 28 49 7
30 31 13 5
23 27 15 2
33 28 22 19
13 47 43 14
24 20 31 0
21 21 34 28
29 17 14 6
9 49 35 21
31 31 32 1
34 21 35 15
16 18 30 10
30 40 25 3
35 32 37 18
4 11 40 14
18 13 25 18
33 48 28 21
14 18 36 2
29 31 29 22
31 27 28 4
32 29 47 24
15 14 23 6
6 8 45 7
47 48 48 0
8 13 21 2
39 39 26 13
30 28 41 18
23 15 49 22
23 17 49 2
13 14 28 16
14 21 37 20
16 17 28 6
29 39 44 28
31 42 43 28
14 28 8 24
36 32 44 20
28 25 30 14
29 19 39 11
23 41 28 16
14 19 39 13
7 11 36 23
19 40 26 17
31 32 29 9
29 34 48 32
32 28 34 22
29 28 40 14
12 18 32 25
28 24 22 22
16 26 48 11
12 19 34 19
9 12 46 23
20 15 31 9
28 24 46 9
17 14 36 15
29 27 44 26
20 23 42 17
20 14 41 16
29 27 33 20
14 14 26 17
2 12 48 16
28 42 38 24
28 25 35 25
32 26 0 43
15 43 36 23
4 30 37 12
17 9 29 22
13 27 41 17
9 8 42 19
13 13 27 3
9 35 31 12
34 28 48 46
