50 87 16736 800
47 7 11 44
21 18 6 20
42 6 25 36
41 10 46 27
39 6 22 36
12 4 46 18
29 15 28 37
25 5 26 39
40 7 29 40
26 24 15 39
20 39 21 1
48 25 15 17
49 8 15 28
23 23 35 19
48 9 9 48
16 8 8 24
35 41 43 18
45 20 9 24
34 7 10 19
40 7 32 34
17 39 15 32
36 11 10 48
34 12 8 27
43 34 43 20
14 24 49 3
34 15 18 41
32 8 42 25
31 14 19 10
22 15 30 39
26 21 25 37
37 28 4 17
36 30 47 38
33 19 24 17
29 8 37 3
36 39 27 36
43 13 43 22
41 12 40 4
28 12 13 19
26 36 40 41
47 9 2 9
16 23 27 20
19 37 1 17
46 1 37 16
2 30 5 44
33 0 4 21
26 31 3 19
14 21 48 8
31 7 35 4
28 16 7 38
19 24 32 15
30 47 25 36
15 39 26 40
35 47 25 36
7 21 20 47
10 48 28 9
20 43 47 0
37 0 27 36
33 8 25 38
39 25 25 35
21 33 5 18
38 16 48 6
37 22 8 40
42 29 7 9
42 5 1 7
45 24 4 18
19 42 17 49
43 25 27 3
42 43 7 11
41 17 34 9
10 9 9 45
48 8 29 37
30 28 3 24
35 15 9 48
3 27 4 17
37 26 33 8
14 31 32 19
39 11 46 23
23 13 9 7
24 10 35 23
7 0 47 23
36 3 29 11
14 44 9 23
32 24 29 39
9 24 3 14
15 23 1 21
27 5 45 26
33 38 5 16
