50 1207 13390 800
19 16 23 18
49 27 29 49
8 30 28 25
8 9 39 15
33 0 2 10
16 17 31 31
43 36 35 25
13 20 19 12
23 24 12 35
26 4 35 26
8 24 41 48
7 13 27 23
18 23 7 9
47 25 46 38
23 17 24 44
29 7 20 48
12 25 21 11
25 20 23 8
8 24 27 12
35 23 18 46
19 49 41 3
13 23 25 36
4 11 46 12
14 30 33 9
27 8 36 26
14 15 26 9
30 44 33 31
1 25 24 17
16 13 15 44
29 3 12 6
16 6 20 38
13 23 20 17
12 25 47 16
19 23 3 16
17 10 23 13
15 8 28 32
46 31 18 43
42 21 19 12
7 18 28 0
8 34 26 16
25 7 44 18
17 21 24 10
8 11 25 44
10 20 34 39
6 39 16 45
6 10 42 20
33 21 39 31
15 42 28 12
15 8 22 16
46 6 36 48
21 21 36 4
45 39 39 18
6 1 27 35
13 39 37 35
19 25 13 18
22 3 17 46
15 20 19 27
23 7 15 41
36 18 24 12
16 22 22 7
19 8 22 25
15 22 17 32
14 10 29 16
21 39 21 15
31 16 32 26
16 5 11 47
24 25 49 30
42 41 45 24
15 44 33 8
29 22 38 34
21 20 28 16
47 43 29 23
17 24 39 32
21 6 25 24
4 41 30 15
14 2 43 39
9 31 30 39
7 18 39 29
4 36 30 46
32 19 39 34
10 24 19 36
28 10 32 27
23 2 45 30
30 3 22 18
17 17 48 12
38 16 23 41
8 24 25 13
2 7 30 15
13 22 12 10
8 7 41 10
41 38 30 39
6 34 44 12
39 45 35 29
14 9 41 30
13 20 26 46
26 3 11 41
7 5 41 0
9 36 7 2
32 26 40 28
13 9 47 10
22 20 33 25
48 29 42 34
10 31 36 1
12 28 23 11
49 10 33 38
8 19 26 29
28 17 32 34
32 1 26 35
15 27 30 45
47 21 29 41
15 20 16 46
44 30 38 14
11 8 32 28
18 30 20 15
10 29 6 4
5 9 10 47
15 18 43 5
25 22 27 8
21 11 15 37
29 30 24 34
13 28 32 35
6 24 23 19
23 38 37 27
25 8 32 47
25 6 44 26
23 39 41 20
19 7 49 34
41 21 29 24
13 11 48 35
36 10 7 40
14 17 31 34
2 30 16 34
22 18 24 13
14 11 45 47
38 36 24 13
37 28 23 29
45 32 19 13
11 15 44 17
7 5 15 15
45 23 30 38
22 9 42 19
6 2 27 33
14 37 9 10
20 8 13 44
21 30 47 26
42 40 49 17
0 26 6 5
14 24 42 20
47 46 49 28
14 16 24 31
10 18 21 15
12 18 40 41
16 10 31 43
49 21 7 6
22 18 32 38
5 26 36 38
9 23 31 36
21 12 20 49
24 2 17 5
27 15 9 10
11 5 25 28
7 20 24 7
25 45 32 44
8 35 48 25
7 46 35 38
21 39 23 15
38 32 35 39
16 9 41 13
6 27 34 19
16 26 31 27
11 0 18 12
19 20 24 11
6 32 16 48
16 28 24 45
29 27 30 10
27 20 8 48
22 27 21 9
37 22 24 15
13 42 29 30
17 12 15 47
20 18 30 16
4 19 38 13
29 45 24 14
17 13 22 36
25 4 28 44
43 38 40 23
28 2 20 14
8 15 43 36
2 26 24 12
12 12 24 15
11 16 5 1
30 18 24 9
22 5 18 18
14 35 38 18
0 8 19 49
1 5 40 43
17 28 39 44
37 48 33 25
21 9 17 45
23 31 24 13
33 13 14 46
27 26 11 1
41 13 22 15
28 10 21 29
17 23 39 2
11 29 31 45
24 7 29 23
49 42 35 42
14 18 20 7
9 38 21 47
40 19 13 9
38 28 24 14
46 49 45 27
26 3 35 44
27 4 22 14
5 22 39 29
16 7 10 48
38 30 34 4
12 22 25 12
15 16 30 38
22 4 25 16
12 11 21 16
13 8 23 14
29 16 45 1
19 6 43 36
6 18 23 44
19 7 48 23
13 22 27 14
10 24 5 2
1 30 16 25
28 29 24 42
20 5 9 13
8 10 32 8
27 11 40 37
22 12 34 0
12 22 8 10
2 15 48 39
8 33 17 46
34 27 27 40
10 23 24 40
43 13 12 10
11 6 13 41
15 9 29 14
9 5 7 16
24 29 14 23
15 10 32 39
13 5 1 0
44 36 33 48
28 33 22 18
6 21 16 24
14 2 38 47
49 19 8 5
15 22 36 40
17 22 30 0
17 3 42 20
27 28 27 9
22 12 17 37
12 27 35 12
15 19 11 46
26 37 9 47
14 42 29 19
11 15 23 13
24 30 0 8
12 32 21 18
38 25 11 47
11 30 29 20
41 43 40 27
6 15 2 6
3 40 27 38
8 25 33 27
17 7 29 37
6 33 12 42
26 3 23 10
1 27 13 48
32 11 37 15
18 26 39 32
39 36 10 49
3 22 15 39
6 14 35 13
30 37 20 12
11 18 33 24
31 3 33 28
4 10 25 7
14 10 46 17
24 8 13 46
8 13 41 28
9 7 39 30
3 22 31 44
17 0 40 23
14 28 44 32
10 10 42 26
11 25 29 15
39 15 30 28
10 11 27 36
18 15 37 10
31 40 29 12
13 47 26 18
49 20 45 27
9 6 20 47
9 32 32 37
30 20 27 11
23 12 18 37
27 37 27 16
23 2 23 34
30 3 20 15
20 38 27 24
5 8 43 22
27 7 7 44
20 4 26 13
10 4 14 47
22 12 29 33
34 4 46 40
49 38 36 40
11 20 33 32
3 31 37 22
10 11 24 12
9 15 29 46
25 16 16 32
2 19 22 12
4 16 25 47
6 11 23 18
9 25 26 42
11 13 30 45
32 15 9 48
28 17 41 20
13 7 12 42
9 40 7 2
16 7 43 25
26 41 39 14
10 24 38 10
28 4 28 43
41 28 25 9
19 41 46 28
23 11 24 18
21 11 40 25
15 21 40 32
40 46 17 36
25 5 25 16
5 18 45 30
17 2 25 9
8 29 21 49
26 34 27 20
23 18 6 6
2 28 25 9
11 21 21 31
1 5 46 33
25 41 22 44
35 30 32 49
24 34 21 47
10 28 15 49
32 14 23 49
9 16 21 22
11 16 26 48
38 10 46 10
18 21 27 37
23 29 24 15
28 40 19 47
16 0 27 0
37 36 13 49
48 32 21 23
9 8 27 46
40 49 42 26
10 20 20 42
11 22 0 10
19 2 10 45
36 28 31 32
42 45 45 20
21 16 43 21
47 33 34 35
20 47 24 12
24 5 25 41
12 26 19 45
16 25 10 0
20 10 35 37
19 20 22 44
11 1 26 27
45 31 27 6
27 14 29 47
38 29 16 42
18 23 22 49
29 15 36 6
4 25 26 24
0 9 12 19
11 24 25 11
11 2 30 37
44 31 38 28
10 10 32 37
24 4 35 31
2 14 40 21
33 40 11 14
31 13 43 24
30 8 37 23
7 18 25 23
36 45 35 27
1 16 12 11
18 22 18 33
15 38 39 13
3 17 24 10
17 5 45 27
21 11 11 47
32 10 32 40
15 33 10 43
4 18 49 46
19 30 30 11
7 33 13 49
0 26 37 16
22 34 11 41
15 3 28 42
12 13 45 13
17 31 3 1
7 29 13 4
32 14 35 18
19 20 45 18
23 36 42 47
12 20 17 42
48 18 26 12
11 36 8 4
7 15 42 23
21 1 42 34
23 1 29 43
7 26 19 40
18 19 18 9
19 15 5 0
29 12 33 36
13 16 21 12
25 6 46 15
20 18 41 19
25 18 32 30
26 5 8 8
21 10 47 17
42 22 48 20
13 37 25 36
26 49 33 30
16 5 44 13
8 24 13 49
10 20 21 41
19 3 37 41
36 22 24 36
21 1 27 12
15 30 28 28
16 8 37 15
31 14 27 45
36 26 30 19
34 8 22 13
15 3 35 45
7 38 12 46
5 32 48 14
21 5 7 8
26 16 9 42
13 24 37 43
10 28 31 45
9 24 45 24
22 20 37 30
15 14 24 27
26 42 17 14
10 5 28 39
21 24 24 36
5 27 44 30
16 16 19 44
24 30 39 8
18 39 39 28
26 0 49 21
17 11 13 17
22 13 43 16
11 45 36 23
27 11 23 30
18 19 42 15
3 6 22 17
9 19 32 35
22 1 33 11
14 7 29 31
11 24 19 47
5 21 30 15
14 3 16 22
46 16 26 15
11 9 42 19
23 8 1 7
17 24 21 6
22 26 36 34
14 0 48 19
25 18 39 42
5 4 23 23
48 32 14 8
2 36 36 29
8 6 34 21
11 7 15 47
22 31 20 43
16 16 27 28
6 23 34 1
9 28 41 18
17 5 13 20
19 3 17 14
48 41 38 30
47 4 11 40
0 8 35 18
5 27 8 13
24 6 28 16
45 27 20 42
10 26 42 45
19 4 26 9
14 9 24 16
42 49 25 42
12 21 42 24
17 30 33 31
36 29 40 24
4 16 21 8
38 29 43 40
28 42 21 14
5 31 33 39
13 24 30 44
16 34 33 31
24 25 24 12
15 18 22 12
6 11 11 4
4 25 7 7
23 23 28 41
9 28 13 44
29 25 46 19
24 37 12 4
9 8 29 8
11 25 25 39
6 16 20 15
7 32 14 41
9 24 40 33
31 0 43 9
0 8 30 20
13 18 9 35
12 5 38 18
10 7 26 12
10 36 21 12
30 2 44 20
30 30 39 22
13 30 18 12
18 29 12 45
3 42 5 49
41 48 10 47
30 0 29 23
18 27 8 48
18 5 23 31
25 25 26 36
14 17 24 16
20 36 31 38
23 27 42 31
14 12 24 40
18 30 19 17
17 8 7 3
10 8 11 2
17 11 24 43
11 28 33 16
8 12 23 10
11 16 40 44
14 29 10 6
12 30 12 42
44 28 37 41
29 23 44 25
24 22 13 7
7 30 26 8
24 12 39 33
14 3 25 46
9 29 48 40
11 25 24 47
38 33 44 25
27 14 32 28
9 10 33 21
23 1 42 20
10 29 35 11
0 0 22 13
24 16 30 33
9 31 20 36
1 13 41 25
21 26 22 17
14 16 48 23
18 14 44 22
27 8 41 45
14 27 7 43
14 18 16 46
33 25 49 42
39 29 45 8
10 4 30 39
9 22 24 41
15 16 15 44
24 8 41 19
28 20 25 14
19 8 26 12
15 20 33 9
32 13 33 9
11 12 17 7
35 32 17 44
20 2 46 29
14 24 46 9
10 30 40 37
27 38 23 8
30 39 35 21
31 8 8 15
2 22 36 18
28 11 32 4
20 22 32 32
6 35 46 40
18 3 24 45
41 18 34 40
13 4 26 29
6 13 45 17
27 34 24 13
25 1 44 45
7 6 22 14
35 16 41 41
25 3 26 17
27 30 24 34
44 32 17 9
24 0 2 8
10 14 38 35
24 1 42 8
26 26 14 43
19 25 21 48
19 13 38 11
8 24 44 28
21 0 39 14
6 0 19 14
11 3 46 33
39 12 46 31
15 3 38 44
13 31 26 33
10 20 23 15
9 32 39 36
32 5 19 47
23 2 21 13
27 6 22 40
16 29 35 19
43 36 24 47
17 2 21 15
14 11 26 13
13 9 12 47
19 38 22 9
44 17 7 5
44 45 42 10
9 32 5 5
19 14 13 0
16 5 46 33
22 17 13 24
37 23 22 47
10 18 23 21
35 47 21 15
19 31 39 19
34 35 37 29
27 23 27 13
2 17 5 8
43 15 35 24
20 33 26 12
7 7 27 9
12 7 24 31
12 37 24 40
9 31 34 35
19 18 31 40
26 18 44 25
1 17 11 4
39 7 17 18
15 28 45 15
17 16 40 27
42 27 34 18
7 6 30 45
47 20 21 17
7 29 30 34
43 5 14 8
3 40 11 46
29 47 24 12
1 31 40 19
5 21 36 36
39 13 34 29
38 38 10 43
20 2 23 16
6 3 8 42
22 34 24 47
29 6 14 46
17 30 29 15
15 1 46 17
8 10 28 14
15 41 23 11
32 2 12 3
35 36 25 8
22 2 20 40
11 20 34 23
12 13 36 18
15 25 11 21
17 29 22 14
6 30 21 14
29 4 29 47
47 16 33 30
14 20 6 2
6 21 26 16
25 21 23 11
33 27 20 13
32 33 23 29
33 2 23 12
44 31 17 43
12 24 46 35
17 14 26 36
14 17 34 18
38 33 43 35
6 24 5 7
31 4 17 16
23 15 27 33
24 3 5 4
11 16 38 37
17 5 19 9
3 6 13 47
7 27 26 29
24 3 42 40
20 6 35 24
2 26 42 12
8 3 11 42
12 8 34 6
6 18 12 47
31 2 43 44
45 25 35 32
16 17 33 27
28 17 10 42
16 33 49 7
7 25 14 33
11 17 33 12
0 39 30 22
23 5 26 16
3 11 38 33
11 20 41 44
22 8 16 43
17 26 8 9
8 24 25 10
10 24 38 17
43 33 32 17
37 29 36 40
16 11 5 7
6 25 25 9
48 25 37 36
6 33 10 6
5 38 44 49
25 3 39 0
29 3 24 32
28 4 39 1
10 13 42 40
12 18 23 14
29 4 37 15
19 6 21 31
10 25 5 4
25 9 21 14
5 26 29 8
24 11 36 44
17 26 23 9
3 1 39 35
13 30 41 24
12 18 15 44
21 11 8 7
11 32 38 35
31 33 46 32
47 11 22 12
16 27 0 2
38 43 48 21
9 30 21 41
17 15 4 9
35 42 47 39
4 21 34 34
33 49 20 35
25 5 40 14
22 7 34 49
25 1 36 44
21 34 16 12
43 30 25 14
41 8 48 33
28 23 45 27
7 26 24 32
27 13 23 20
20 1 23 8
29 8 6 49
7 15 21 12
36 26 28 36
11 14 25 20
15 9 9 46
42 29 14 34
15 15 18 44
2 16 22 9
2 43 18 12
17 27 28 17
13 19 45 13
13 46 32 36
11 4 29 30
22 7 20 15
9 19 24 28
18 35 2 3
22 2 30 45
9 25 21 47
8 18 20 28
26 5 34 43
21 11 31 22
29 38 18 10
16 39 15 11
5 30 17 43
11 31 27 12
9 23 19 16
14 8 23 19
19 33 30 21
15 12 40 16
35 44 4 48
7 18 20 31
26 12 12 48
22 11 36 38
14 11 7 3
17 40 20 49
48 21 20 8
23 22 42 10
14 22 27 39
19 8 25 16
17 17 30 36
4 13 14 48
20 15 11 4
7 15 15 18
8 24 13 48
25 9 14 32
35 28 12 43
18 10 11 9
28 1 39 17
17 1 22 20
41 36 22 27
24 3 24 12
35 22 39 41
5 12 15 20
5 29 30 16
6 27 5 8
18 4 9 7
41 7 49 18
19 15 10 46
12 12 39 45
31 1 29 37
14 31 31 23
9 9 24 16
9 14 42 42
37 29 24 49
10 9 22 15
28 24 24 14
18 18 22 34
41 24 25 14
11 14 16 45
13 20 27 37
21 34 40 24
14 6 17 46
10 27 29 27
35 21 44 10
9 29 39 15
27 3 30 37
4 12 14 46
12 21 33 14
26 24 7 5
27 15 33 31
13 17 32 41
20 41 29 21
28 11 14 45
15 33 20 42
21 18 25 16
46 32 23 9
49 22 20 12
37 44 13 47
19 7 47 13
35 39 36 45
7 5 23 3
20 24 22 21
2 40 14 49
8 16 20 9
14 24 23 48
33 8 5 40
15 16 48 48
14 27 21 35
49 30 24 42
7 22 8 8
18 29 36 12
25 24 29 10
18 17 24 14
13 38 15 48
4 26 42 43
4 15 13 39
9 30 39 42
12 13 17 28
6 11 34 32
35 10 37 28
38 19 2 4
24 43 0 5
37 1 16 45
3 26 34 14
44 42 22 13
16 15 28 15
12 3 24 13
38 17 39 42
23 32 11 5
36 18 30 13
32 35 42 23
12 10 31 44
47 38 20 12
14 25 30 26
42 29 18 35
25 22 34 32
10 13 29 21
29 0 28 9
8 34 26 49
13 33 4 30
18 22 13 18
40 20 16 49
21 20 39 11
21 8 38 47
29 22 30 5
24 19 8 46
14 34 49 34
11 11 39 47
3 18 24 15
9 32 27 17
13 7 11 48
4 28 29 13
14 26 39 49
40 29 44 31
25 2 39 10
6 0 42 34
41 34 21 13
3 10 27 16
13 13 45 11
18 20 29 9
47 38 37 38
7 26 37 44
21 7 8 11
28 9 26 41
10 10 22 36
5 10 34 19
2 26 17 44
18 25 33 16
14 19 41 14
27 13 22 13
25 25 37 26
10 14 19 32
19 37 26 12
7 21 18 12
9 40 29 13
28 16 39 27
19 10 44 29
28 3 22 28
14 27 48 14
34 37 27 47
10 24 48 47
16 18 24 3
24 6 20 33
22 16 16 15
11 18 23 23
28 35 18 48
3 3 36 20
5 24 22 5
28 1 22 13
3 21 20 23
28 6 28 36
9 21 26 15
3 26 37 29
22 19 7 4
49 22 21 7
26 3 29 10
16 20 26 17
41 0 30 27
11 29 39 17
45 24 35 14
38 47 33 12
26 35 39 10
21 39 8 3
14 14 48 27
12 0 36 29
43 14 26 6
15 30 18 47
3 6 5 43
34 7 7 44
9 19 22 23
26 20 20 11
47 26 22 10
19 6 24 15
32 11 40 18
11 17 33 20
12 30 34 31
34 39 22 16
25 33 14 44
18 19 27 42
5 7 21 43
14 44 45 40
30 12 23 15
13 36 8 48
20 24 26 36
21 10 40 24
22 28 26 14
34 11 28 35
15 1 5 9
6 15 23 16
20 19 44 45
40 31 35 23
7 7 45 11
15 3 26 11
38 44 27 19
9 24 48 49
13 13 23 16
15 23 34 2
16 11 42 35
15 4 42 49
13 26 18 31
43 8 45 28
18 22 34 4
5 25 47 27
24 7 46 30
38 30 27 11
7 32 43 41
27 0 11 16
13 24 18 14
4 4 36 43
43 8 25 17
7 22 34 39
4 24 19 48
11 23 28 18
47 14 43 39
17 11 36 36
12 43 15 28
46 38 22 20
44 30 26 32
45 44 42 40
13 32 39 26
13 48 22 48
6 45 28 41
13 7 38 25
32 8 30 33
4 8 11 41
4 13 9 6
5 20 43 12
11 23 21 48
13 4 44 6
14 25 45 10
8 43 36 38
4 30 26 9
12 36 23 37
8 19 41 25
21 19 28 42
0 36 27 48
18 9 31 25
17 31 43 19
0 3 33 40
42 21 33 35
23 13 19 14
9 3 27 14
17 2 20 27
49 11 38 21
24 39 44 15
41 37 17 13
11 0 40 28
27 30 25 17
30 21 25 14
23 49 6 44
3 19 19 40
3 18 18 9
20 30 15 47
14 32 41 19
29 24 23 11
10 30 5 7
32 12 2 32
41 31 16 12
28 28 37 3
27 36 47 10
5 25 28 28
39 27 43 18
14 7 27 33
6 40 22 41
49 32 39 7
21 43 23 15
9 21 43 16
6 8 39 8
13 31 24 33
16 17 45 36
43 45 24 48
14 7 47 38
3 30 39 25
10 9 5 12
13 15 24 7
9 14 46 3
9 20 47 42
24 34 24 8
39 29 11 45
11 38 25 14
24 25 5 47
16 21 23 44
1 15 39 10
16 24 21 13
8 29 25 8
11 9 8 46
7 24 38 43
38 25 14 17
12 15 37 48
26 38 45 7
4 28 44 12
11 12 33 18
27 47 20 14
27 16 44 1
10 26 49 20
20 5 36 37
3 31 18 17
13 12 27 15
20 0 49 2
5 18 37 48
16 7 40 47
7 30 36 28
24 30 6 8
34 16 23 11
29 0 49 11
14 22 7 44
11 35 37 26
6 33 23 35
37 13 23 47
28 41 31 46
6 6 29 46
10 31 11 41
42 22 32 18
36 36 31 43
9 33 13 44
11 24 43 35
7 21 20 10
10 17 36 13
15 10 37 8
17 27 21 13
7 21 31 3
3 35 32 47
36 8 3 9
11 38 18 19
6 12 40 46
12 17 24 7
16 38 22 15
4 9 39 4
11 22 1 5
19 45 12 45
30 38 28 10
20 16 39 20
10 40 34 14
42 17 20 29
0 28 23 47
11 1 37 36
9 6 25 14
14 3 9 6
18 1 47 35
13 33 22 14
48 10 21 15
18 18 15 49
11 13 9 47
1 23 11 0
11 16 1 32
46 23 35 25
17 21 19 33
9 1 18 44
49 35 27 31
11 11 19 9
2 22 24 15
10 31 49 2
21 2 29 25
12 22 20 46
10 8 24 4
9 7 24 10
32 33 35 36
5 36 18 16
48 35 23 47
16 5 20 10
7 19 41 42
27 0 17 15
39 28 26 13
13 25 16 46
23 11 6 46
4 25 13 32
4 19 10 3
13 25 14 18
11 23 23 24
17 18 21 49
0 4 40 6
13 24 23 15
33 1 44 7
13 33 35 43
5 30 42 25
17 7 43 30
19 4 9 48
3 18 35 43
13 27 3 10
26 1 24 13
2 4 24 8
17 23 9 3
34 17 9 14
5 24 7 11
45 48 37 26
41 12 15 16
2 29 38 45
7 16 3 45
4 25 8 11
25 48 38 35
22 39 26 14
5 2 47 34
42 12 19 47
19 17 28 13
23 40 41 39
33 11 37 42
16 11 26 40
1 21 31 47
14 11 8 15
39 29 29 32
27 3 32 34
46 47 24 44
17 12 44 18
31 46 39 36
7 27 46 22
42 37 19 23
16 13 35 24
