50 109 14007 800
8 6 39 48
28 1 10 34
9 13 40 41
28 9 21 21
27 6 24 36
42 1 8 2
30 10 32 48
8 18 32 42
37 11 7 4
34 37 1 2
30 12 23 18
28 3 6 3
18 19 49 37
5 22 45 48
35 33 4 5
14 19 37 23
11 4 33 43
4 2 26 19
6 6 34 48
13 38 26 45
32 31 25 35
31 11 40 49
2 23 28 44
31 6 5 3
24 29 30 25
37 16 25 22
25 7 6 6
27 10 33 18
18 9 48 47
11 32 3 3
2 24 29 22
6 40 5 7
44 22 14 23
24 7 2 0
5 25 37 47
6 22 41 47
34 47 39 49
2 25 6 1
8 4 44 31
3 19 15 48
37 23 33 43
19 42 4 3
4 24 3 5
1 24 32 46
29 9 19 26
23 11 7 0
25 8 5 2
19 45 39 17
43 16 1 4
15 28 36 23
28 4 34 17
2 31 6 4
29 10 21 18
9 4 24 21
41 34 36 22
20 9 44 47
3 26 4 3
28 7 3 1
28 7 39 7
2 0 6 6
33 8 23 22
2 24 34 37
30 11 5 5
28 12 8 2
35 41 7 1
31 12 7 0
29 10 33 22
2 15 4 3
1 19 39 47
5 5 10 3
21 32 16 35
0 17 17 32
28 40 45 29
28 14 17 47
38 9 42 48
13 46 9 5
31 7 48 44
31 5 6 2
3 22 31 21
14 35 48 33
18 40 4 3
13 32 23 42
29 8 6 3
31 4 25 35
41 20 6 3
1 21 32 22
15 27 3 4
26 9 1 1
26 9 3 0
49 38 9 5
28 8 42 38
3 24 2 0
15 38 23 31
46 8 3 4
32 18 3 1
13 9 42 19
4 22 7 1
12 28 46 38
1 26 26 34
0 26 8 5
5 41 30 23
17 38 11 41
7 22 48 16
28 33 22 44
40 4 6 7
2 26 28 20
32 9 15 34
19 43 39 48
31 28 42 10
