50 229 18485 800
39 13 7 19
26 42 44 14
41 48 5 21
5 21 4 4
23 30 7 38
28 22 36 13
27 36 6 42
46 19 31 41
21 30 20 11
20 39 49 15
44 0 14 5
46 24 39 31
19 3 37 3
19 43 44 15
19 23 48 38
13 2 14 12
29 8 41 19
40 43 7 21
17 23 13 11
41 41 48 13
40 24 45 38
28 27 43 36
39 43 16 16
41 44 1 5
47 7 33 44
23 18 35 24
23 8 1 23
14 2 38 17
22 35 12 30
6 31 33 33
42 23 33 34
40 27 18 37
39 47 15 16
41 37 46 9
40 42 17 39
14 45 30 31
20 2 9 3
16 7 7 23
18 10 2 17
36 48 16 7
40 39 47 20
17 10 11 36
42 45 32 17
0 10 46 20
16 4 44 13
5 10 24 46
19 7 5 14
41 48 31 22
2 45 38 38
38 29 43 8
19 15 10 11
3 19 15 46
45 15 23 38
5 31 23 19
22 38 0 9
40 20 42 42
37 31 3 5
19 28 42 4
17 27 25 5
19 6 1 2
36 47 47 23
39 42 24 42
19 19 39 18
8 11 16 4
29 10 21 18
1 21 3 10
34 4 11 37
5 32 13 7
35 32 16 28
24 45 40 27
0 12 8 37
38 24 25 23
28 7 47 17
2 33 45 18
41 8 42 20
43 41 39 19
3 23 3 14
47 22 49 1
41 47 28 2
43 48 35 47
42 21 18 2
37 23 13 10
37 46 47 39
41 47 1 41
41 46 33 40
29 22 27 28
10 20 2 16
13 14 14 40
18 8 7 14
36 28 33 8
0 46 27 19
17 21 29 32
26 12 43 11
40 41 39 10
31 14 12 9
19 24 26 7
9 44 13 42
33 15 19 35
1 26 12 31
20 19 37 6
27 31 34 11
8 0 28 43
40 20 33 27
33 9 26 37
6 38 11 37
5 25 21 17
5 7 15 20
46 46 23 43
20 23 48 9
11 1 21 44
36 13 21 31
4 22 29 19
30 20 3 17
19 10 31 17
32 24 9 16
8 41 37 34
29 5 36 25
3 1 28 13
20 5 41 46
49 4 17 12
11 45 48 26
13 11 4 30
28 13 21 19
37 42 41 27
30 3 49 12
28 0 45 32
5 44 11 25
24 49 35 36
36 22 45 12
37 42 34 12
36 22 1 4
49 44 48 19
4 3 26 23
6 20 33 35
27 6 5 11
7 17 15 40
6 41 13 45
33 28 47 20
39 46 28 27
8 23 1 7
20 0 25 37
37 44 16 29
38 48 21 44
1 40 9 47
12 30 6 6
36 9 20 39
30 5 0 16
22 7 1 12
39 28 5 13
13 19 1 35
0 45 45 17
33 23 22 40
36 42 31 16
37 47 16 42
35 10 15 2
38 44 1 45
49 26 39 37
3 10 29 39
2 49 39 37
20 7 12 8
44 42 35 25
28 19 8 21
7 10 5 45
1 6 5 9
13 8 23 16
36 19 48 8
23 9 6 2
34 46 16 37
29 23 48 17
49 13 6 5
4 38 26 14
14 10 48 13
0 48 36 18
40 9 26 40
21 38 5 1
23 21 5 40
36 21 15 27
4 6 11 49
9 8 47 9
40 37 33 35
29 46 6 46
34 36 32 3
18 1 42 26
21 6 33 20
28 18 8 44
29 6 43 0
41 31 33 19
10 36 8 5
14 43 35 11
34 48 40 37
19 10 3 18
32 35 47 12
37 49 21 48
4 39 1 23
35 48 16 24
9 12 12 29
9 20 14 11
27 35 11 6
14 6 16 37
17 23 25 44
23 18 24 37
2 23 38 25
28 20 23 48
13 7 46 13
18 14 2 46
19 40 1 24
13 13 28 4
44 45 20 12
13 6 11 27
42 43 6 37
21 12 2 13
2 13 22 12
26 41 20 28
20 29 46 16
46 39 21 29
25 7 13 45
0 30 7 30
7 4 19 41
5 17 3 11
8 26 48 10
40 45 2 12
37 37 1 14
42 49 23 10
39 48 7 31
43 47 27 23
10 34 24 33
33 3 23 45
33 32 41 47
36 1 19 33
