50 618 11658 800
28 38 10 49
16 4 10 3
28 38 10 11
36 33 49 20
19 12 11 48
40 34 5 16
42 23 18 41
42 32 10 42
12 11 13 49
37 36 10 45
39 16 9 23
21 14 12 44
30 25 20 19
17 24 22 36
47 10 42 2
26 22 31 25
37 19 10 40
32 32 19 33
12 14 27 28
18 21 10 42
26 33 9 48
4 6 35 33
19 20 25 45
21 20 7 44
32 33 14 30
14 0 27 33
38 27 7 42
31 31 11 13
21 18 12 27
23 26 10 14
12 33 37 21
43 23 7 23
26 24 48 5
25 26 12 39
14 28 13 46
49 26 4 35
30 30 45 12
12 16 34 40
31 29 34 11
39 12 7 45
19 48 12 5
7 6 3 1
33 32 42 9
32 17 12 14
15 29 39 23
19 15 0 25
37 26 13 15
28 26 49 39
28 35 1 20
31 24 19 13
36 26 29 17
34 30 0 14
40 22 9 41
39 21 24 23
35 20 3 43
31 23 11 41
43 19 23 21
20 15 31 19
33 26 8 44
31 40 12 42
37 38 3 8
22 12 11 2
29 28 9 48
38 28 8 39
22 20 19 33
45 5 36 11
28 31 17 5
36 30 3 22
25 2 28 43
13 22 6 25
34 35 1 12
29 26 18 18
20 18 13 47
23 19 27 30
21 22 32 33
9 49 28 9
49 30 12 10
34 36 16 49
32 30 33 45
26 20 48 2
47 19 24 26
12 13 8 41
14 34 9 7
28 20 38 11
49 16 10 14
28 31 38 17
37 36 8 9
35 30 0 32
20 30 16 47
31 31 27 3
25 28 16 20
20 14 2 24
18 15 25 44
31 33 44 32
19 21 10 37
44 18 15 49
46 17 10 48
16 34 46 15
40 18 10 44
42 25 24 25
39 38 27 45
21 9 2 41
27 15 37 14
32 27 32 15
29 29 29 14
37 21 40 15
34 29 10 40
26 22 6 39
23 27 11 44
20 26 6 11
11 44 24 19
30 25 33 38
34 35 1 41
26 23 4 33
22 12 9 39
22 32 12 46
33 28 4 11
27 30 30 44
35 32 40 13
40 3 24 46
23 33 28 14
36 13 5 20
25 9 19 13
19 11 8 47
26 19 23 40
34 38 7 16
26 17 4 44
43 29 7 49
30 34 3 9
49 8 12 40
34 17 8 47
38 30 2 41
33 39 19 17
21 12 41 15
26 27 10 16
11 19 19 27
35 33 5 15
36 26 19 16
40 28 19 23
34 35 11 45
34 17 5 1
44 26 8 43
14 29 9 47
25 35 36 40
13 14 29 19
22 20 18 13
25 19 35 27
21 18 6 42
26 15 9 45
7 17 39 36
32 33 14 45
31 40 14 31
24 19 36 28
21 19 28 14
21 15 5 18
27 33 39 19
31 34 38 49
23 21 29 17
21 25 34 32
4 2 21 10
31 21 0 14
14 39 44 35
40 25 26 12
27 27 4 25
0 10 8 47
49 16 32 40
20 34 7 24
10 14 44 4
39 36 19 28
36 29 15 26
10 10 4 42
45 22 42 27
33 32 47 14
25 33 23 6
18 16 21 44
11 40 1 34
26 27 9 15
32 27 4 10
41 13 30 44
43 23 41 35
30 0 42 15
39 37 47 3
17 19 6 23
36 33 43 34
8 12 44 11
33 30 24 37
19 18 26 26
35 25 28 26
16 17 10 10
36 25 25 31
31 34 16 25
23 28 44 23
23 24 17 15
21 26 42 46
32 35 45 19
24 20 12 47
31 21 44 1
33 30 4 6
35 4 31 33
28 31 10 45
34 36 15 47
2 22 7 5
19 27 5 24
22 19 12 45
23 22 48 3
39 13 12 40
24 17 14 4
23 29 7 42
29 41 6 39
34 38 9 40
21 22 32 29
26 34 27 24
33 24 17 21
9 6 0 24
18 28 20 42
40 23 36 39
30 29 3 30
29 23 21 44
19 29 12 44
8 17 21 32
24 28 38 23
48 28 41 7
23 23 46 12
27 33 8 43
22 22 47 32
17 19 7 9
36 13 18 32
24 28 47 29
43 18 10 44
8 20 9 44
20 23 13 47
23 24 6 39
27 16 7 6
3 26 30 35
35 31 14 47
32 29 12 41
1 44 16 48
36 34 4 35
26 26 4 37
45 15 46 46
31 22 11 49
8 28 40 34
39 34 10 46
34 26 9 22
21 9 12 42
37 36 10 6
10 28 45 45
44 23 14 45
21 36 6 45
47 6 10 19
44 5 13 44
35 32 34 41
16 4 8 46
35 29 6 19
26 33 18 33
8 34 30 41
23 20 30 11
12 20 1 18
47 25 12 40
16 19 6 42
9 22 14 11
37 32 33 36
26 35 4 22
21 19 9 30
6 9 21 13
24 29 1 15
11 5 0 37
26 6 44 41
26 21 9 42
35 15 5 46
13 25 2 43
3 13 4 46
8 45 49 38
15 15 38 4
33 26 33 42
25 34 12 16
33 30 34 23
30 29 28 37
17 19 41 29
23 6 14 43
31 31 21 49
26 13 49 40
33 31 49 29
23 32 47 41
28 9 7 3
11 44 30 28
20 16 2 42
13 19 9 46
33 35 7 47
25 16 20 24
48 30 12 19
20 24 1 43
15 31 4 32
32 44 14 43
33 27 36 15
34 30 6 1
23 25 40 21
0 45 3 2
20 5 10 44
16 21 10 46
23 17 5 45
17 22 24 41
22 33 0 5
4 8 35 33
34 31 3 5
6 5 14 47
10 39 7 47
27 30 26 45
46 35 13 2
27 11 5 48
41 28 33 23
10 8 8 17
23 23 24 49
30 34 34 31
31 27 39 46
32 32 30 10
26 32 21 25
22 6 5 9
29 26 21 43
25 40 36 29
25 16 2 9
30 34 7 46
37 32 5 20
29 27 46 5
26 38 8 31
45 21 42 11
38 28 6 43
25 18 23 40
34 36 3 0
21 8 5 45
26 19 29 29
43 34 30 12
21 20 19 36
16 16 33 17
29 25 10 40
19 18 0 9
32 32 8 11
24 22 7 39
22 25 27 15
34 33 12 9
29 27 13 13
28 13 30 25
40 23 32 19
28 25 18 18
26 18 10 14
31 32 25 43
18 23 22 38
22 17 10 4
38 32 22 14
19 13 10 18
38 31 3 6
36 22 27 25
27 17 46 0
20 24 8 31
43 16 12 48
25 23 5 44
25 31 4 19
35 32 38 29
34 11 8 46
33 36 10 40
23 23 0 5
34 27 25 29
29 33 24 32
40 20 17 15
44 11 37 34
5 1 17 38
11 46 25 30
24 17 10 40
28 27 32 49
29 14 40 46
32 13 25 26
24 17 46 7
3 18 13 47
38 36 11 33
2 9 24 6
22 8 37 12
23 24 23 44
38 24 29 49
28 22 7 9
15 6 10 49
27 41 5 23
30 34 21 44
25 5 8 44
34 36 35 27
27 18 48 1
32 34 0 2
34 32 11 38
23 17 12 38
24 9 30 37
32 24 18 44
19 34 9 48
21 20 2 46
37 33 36 40
29 33 27 13
48 15 5 15
31 35 22 9
16 7 3 22
22 10 20 33
27 20 16 48
13 9 12 16
27 16 11 16
26 26 6 34
33 28 35 1
25 10 19 38
13 29 31 40
19 28 35 45
35 37 9 44
27 34 15 17
34 30 32 48
27 30 12 49
32 34 40 38
18 31 13 48
22 21 32 32
26 16 4 10
29 14 37 41
31 30 23 21
7 21 2 47
25 22 30 27
38 27 13 30
33 34 14 48
47 29 32 46
25 26 8 9
33 25 42 29
11 5 13 47
32 28 14 27
15 33 19 49
20 16 8 40
30 26 48 19
36 40 27 14
26 29 25 24
21 34 10 40
22 6 8 42
32 25 38 15
39 33 25 14
24 35 20 19
21 30 27 28
22 24 1 9
38 19 15 47
33 42 20 13
46 23 9 35
38 8 45 35
29 37 11 47
40 22 23 42
26 25 32 36
26 32 6 42
22 43 42 13
9 1 33 15
24 24 1 23
30 31 8 39
13 3 1 9
42 13 16 32
29 44 10 14
30 28 6 10
29 34 32 42
39 17 26 36
39 34 28 19
23 22 16 17
26 25 42 20
35 39 15 32
37 34 29 25
20 22 3 0
11 1 2 37
33 33 31 0
9 32 17 38
37 15 4 44
21 24 12 48
14 19 39 42
41 32 40 16
32 30 17 49
29 36 8 9
16 22 5 42
32 25 9 43
30 35 6 40
31 38 32 16
14 14 46 17
28 33 33 28
29 30 5 42
22 19 49 37
32 17 48 2
27 32 12 49
23 1 13 47
28 34 20 35
19 20 11 43
37 37 49 3
29 31 3 7
23 24 35 14
36 41 47 38
11 29 28 22
25 17 29 38
35 26 26 48
39 28 10 44
29 33 13 47
12 2 23 26
17 23 12 9
35 35 14 47
33 22 29 9
34 28 19 43
28 33 38 27
36 28 11 48
16 30 9 15
20 8 8 46
23 5 12 46
24 21 26 46
24 21 0 23
33 36 26 37
26 37 11 45
34 31 44 2
22 16 34 41
25 19 32 35
21 26 35 22
13 26 34 21
24 30 6 47
37 20 10 49
31 27 31 34
28 19 14 6
21 34 33 47
30 23 19 40
41 21 10 42
33 27 13 38
31 29 8 6
26 24 5 11
36 38 2 18
10 17 41 37
40 36 6 18
28 12 6 10
23 11 41 5
27 20 6 38
33 15 14 45
29 33 2 11
20 25 10 21
31 31 16 3
32 27 23 43
47 18 12 49
2 43 35 26
5 11 47 1
18 9 16 43
9 23 16 48
27 37 12 4
23 21 47 8
35 26 16 16
27 30 18 33
20 15 36 16
24 21 16 11
0 7 9 44
31 38 12 46
34 30 15 15
34 30 10 38
30 38 33 47
37 5 38 32
30 35 4 48
24 28 9 42
33 36 14 15
19 29 31 9
33 5 23 0
34 32 40 31
0 42 11 48
24 23 34 26
17 23 28 13
40 34 19 22
19 14 3 39
43 9 3 45
1 12 8 12
38 30 9 37
29 10 21 34
7 37 35 21
28 28 11 41
29 21 35 29
28 4 9 37
31 3 26 20
19 36 25 47
47 40 9 43
30 20 5 15
29 35 33 22
21 27 8 40
37 26 44 29
30 40 5 17
30 29 30 38
25 32 23 45
28 39 23 35
49 13 34 16
45 30 24 32
19 26 3 19
42 6 1 9
30 32 25 27
24 18 29 26
23 34 41 41
32 35 3 34
20 27 15 12
39 30 1 8
31 35 16 42
15 18 12 31
16 23 43 33
23 36 48 42
33 26 33 47
17 17 9 46
18 21 36 29
43 20 28 36
26 34 35 23
18 24 23 12
23 26 12 39
35 36 21 45
41 21 25 42
36 36 36 42
36 18 29 38
24 13 33 20
20 24 23 47
15 16 43 40
29 29 24 42
49 13 23 32
48 12 41 32
26 16 2 48
23 23 9 39
30 17 32 48
36 32 39 13
31 32 8 46
35 36 29 19
36 30 15 42
23 29 41 11
