50 135 11392 800
29 24 46 46
40 41 30 38
36 41 25 24
40 43 39 13
41 8 41 22
26 18 43 18
37 42 24 46
34 43 46 10
30 21 36 16
36 40 49 3
34 15 25 33
13 31 32 5
18 20 36 12
31 40 25 3
6 20 40 23
29 11 34 8
29 15 17 40
39 41 29 35
23 18 11 23
34 26 30 27
27 13 36 27
36 42 24 4
21 11 25 12
29 15 45 7
38 41 23 1
23 14 20 35
38 38 49 8
11 1 31 36
26 8 33 16
7 23 28 25
7 24 25 20
27 12 37 12
33 14 32 20
46 19 32 43
5 32 21 37
34 18 38 20
25 12 46 23
29 15 35 16
32 14 38 22
37 44 27 41
43 39 18 29
7 27 21 38
28 7 27 12
33 40 41 22
27 31 30 10
20 14 19 21
10 20 45 29
25 9 20 37
36 42 20 26
10 28 28 41
32 9 9 11
28 8 18 38
33 43 16 37
1 27 49 6
30 13 37 4
26 9 23 37
15 22 34 24
21 17 40 5
29 29 31 43
38 46 37 23
35 38 40 21
40 24 37 15
34 5 31 38
9 16 22 44
36 47 42 21
31 22 28 25
36 17 42 15
38 45 27 18
31 13 29 6
10 30 32 21
43 12 32 39
39 38 42 5
38 43 49 8
25 19 39 24
13 18 41 22
25 11 40 8
23 10 40 20
28 12 42 36
30 14 33 34
2 17 43 2
27 10 18 17
29 17 23 10
9 27 29 48
42 21 28 28
8 22 42 20
36 12 26 4
27 13 42 15
42 14 40 24
35 43 42 7
27 18 38 18
0 29 31 41
1 30 38 17
36 38 47 3
11 21 37 25
4 22 44 9
35 27 45 3
29 9 33 12
27 13 23 24
27 6 44 28
31 19 43 9
25 10 45 26
43 27 29 23
36 43 29 6
40 41 38 19
35 18 21 42
42 45 23 42
13 32 25 36
11 13 30 44
27 9 33 8
31 26 34 24
37 42 40 28
37 18 32 3
32 22 26 15
21 18 38 12
46 5 49 25
38 49 32 22
8 25 37 0
30 9 38 23
28 12 16 41
29 24 27 27
29 14 32 29
46 31 24 49
37 44 40 4
33 45 45 18
30 13 31 17
23 13 37 27
17 10 32 7
32 11 29 24
47 22 42 19
39 41 35 25
2 26 34 19
5 32 26 8
27 28 40 9
5 26 29 1
25 19 40 13
