50 95 15563 800
10 36 14 25
5 3 42 33
32 8 9 35
12 2 45 34
42 8 4 37
29 36 22 40
13 24 31 36
3 34 14 25
28 7 5 40
30 40 10 43
8 39 40 34
6 20 4 49
3 39 28 48
43 6 36 47
45 8 5 39
24 16 15 30
2 24 46 35
22 42 15 27
19 34 45 38
1 25 46 39
11 27 8 21
1 40 45 35
0 35 11 19
12 36 11 32
18 38 39 36
26 46 45 39
2 37 33 43
18 41 41 34
2 6 47 40
39 7 43 26
2 41 9 38
5 37 35 49
45 10 49 30
31 13 0 2
44 8 43 38
15 34 9 42
30 40 3 47
14 43 40 34
26 29 43 37
44 14 35 37
41 6 44 34
45 5 8 42
16 6 4 18
7 0 42 34
25 33 0 44
44 9 3 43
46 5 4 40
17 33 16 49
18 0 42 40
24 14 12 37
23 31 45 37
24 40 43 28
45 5 2 42
15 3 4 32
45 6 15 30
12 23 21 39
23 38 33 44
26 3 11 40
15 19 7 25
18 36 43 35
25 15 14 30
2 35 8 42
20 35 42 40
9 45 5 17
42 7 11 42
3 33 22 26
47 6 16 34
28 37 10 40
12 41 9 48
13 20 7 25
28 2 47 34
8 27 30 41
0 29 14 25
16 39 7 20
5 42 10 3
44 7 45 32
18 8 20 40
19 5 8 37
18 11 41 37
4 40 49 40
11 25 2 27
40 9 49 39
15 38 1 4
28 9 10 1
17 26 25 41
10 27 20 28
14 47 9 27
38 11 7 17
14 36 19 40
23 0 47 38
17 24 28 25
14 36 40 38
32 11 44 15
14 33 44 38
19 34 8 36
