50 94 12460 800
9 24 14 13
42 27 23 10
32 32 19 24
33 10 10 23
7 16 19 6
23 20 24 42
21 27 13 27
6 21 10 16
21 15 31 13
33 35 23 49
26 31 20 10
41 15 16 11
7 25 5 20
34 24 37 42
21 40 25 18
33 28 11 17
34 30 15 32
30 44 1 17
36 26 11 16
33 28 10 30
49 5 15 45
23 11 7 0
16 20 10 16
24 4 15 37
35 18 7 17
32 29 31 1
27 19 12 20
15 17 17 21
8 28 11 12
21 10 15 22
23 17 33 31
30 28 44 17
3 18 4 8
41 2 15 28
11 30 31 30
9 36 12 4
20 4 19 19
10 16 12 8
25 11 4 15
7 30 24 9
27 8 18 14
10 21 13 9
41 22 14 10
30 27 2 31
10 38 37 1
19 22 5 16
9 39 12 14
32 26 15 21
44 18 40 22
10 32 5 25
1 4 25 26
13 13 9 25
23 4 14 21
31 17 48 22
21 38 24 24
30 40 1 7
39 4 31 10
13 24 21 14
33 14 36 12
32 17 10 39
33 32 16 23
29 26 18 8
33 22 16 20
12 21 31 2
29 10 10 1
34 24 3 13
4 22 22 5
18 29 0 24
5 48 20 16
4 18 43 20
10 29 24 22
27 27 15 20
37 23 8 4
14 19 41 5
33 24 17 36
15 24 39 42
33 28 20 25
38 31 17 15
13 36 17 13
38 1 24 22
43 22 16 31
28 36 38 22
41 29 7 38
16 2 28 7
26 19 22 15
36 22 26 26
40 24 36 14
34 31 7 2
25 32 11 31
27 9 20 22
12 44 17 8
25 36 2 11
36 31 37 2
31 28 17 27
