50 869 18216 800
37 10 30 25
28 10 48 39
35 3 35 30
35 21 31 15
39 42 43 33
45 14 7 20
44 19 39 33
46 22 40 5
31 4 34 17
29 3 32 0
47 27 33 19
43 49 39 37
49 38 36 12
35 8 39 27
40 44 38 33
40 32 37 29
37 12 28 17
24 27 34 36
40 39 17 2
34 8 24 26
39 23 38 28
47 17 37 29
45 20 41 14
44 20 38 1
30 13 20 2
38 27 9 9
44 41 7 19
42 25 46 31
30 37 32 29
32 23 38 36
43 30 31 11
40 32 39 39
22 34 26 5
38 5 41 32
32 34 31 10
38 32 18 16
30 25 10 21
34 21 47 33
34 31 29 11
41 15 31 37
38 33 16 26
48 21 5 12
38 10 41 34
35 11 21 26
49 35 36 31
45 12 18 2
24 9 31 35
35 46 38 17
27 34 42 29
37 15 34 40
40 16 25 24
38 17 37 22
38 12 9 18
42 5 38 29
31 17 12 41
39 27 44 22
37 15 26 16
33 3 25 17
33 8 30 24
42 20 20 29
38 38 28 11
42 47 22 5
23 12 30 15
31 2 38 28
40 8 18 8
38 13 21 7
35 7 23 33
46 21 24 6
29 29 43 33
39 19 37 7
18 28 31 37
35 19 12 14
35 1 32 34
46 15 46 44
30 49 24 4
31 8 24 17
29 9 15 37
29 9 10 22
33 43 22 13
42 8 35 12
21 48 34 11
46 15 38 30
42 38 14 16
41 14 27 9
36 28 23 9
32 2 39 31
37 46 6 33
31 2 26 32
40 31 49 19
40 26 27 25
46 19 26 3
44 39 25 18
45 35 38 24
46 21 39 18
46 43 33 8
34 10 21 9
29 31 34 8
42 42 29 9
44 15 40 29
39 15 47 30
46 44 21 20
36 24 21 11
47 22 26 20
31 16 17 19
42 28 23 43
38 34 43 20
30 7 34 30
30 17 12 29
49 32 27 18
28 41 21 17
36 20 33 9
41 6 17 7
36 20 30 8
44 47 29 10
38 18 26 13
41 26 30 5
16 8 31 28
28 32 8 11
35 5 36 24
35 8 33 21
25 7 39 34
33 31 40 29
27 19 45 16
46 20 46 7
38 30 30 6
33 16 32 12
41 11 24 16
33 26 31 30
46 15 27 35
36 18 34 10
49 29 32 36
35 37 3 26
30 41 33 33
30 1 35 33
31 8 23 16
46 34 33 16
29 37 13 13
32 8 34 13
31 8 20 38
27 38 17 24
40 20 48 31
34 1 37 35
41 16 32 14
39 16 35 30
33 11 23 26
31 14 38 18
42 17 15 24
15 22 45 25
36 21 34 14
45 23 24 40
38 25 36 5
24 20 31 36
20 36 38 14
43 16 39 7
42 17 20 21
39 19 28 12
44 25 26 12
43 19 29 6
33 3 23 9
46 25 28 43
34 4 39 10
39 29 32 33
26 12 36 25
40 14 33 32
46 13 15 27
28 10 36 28
19 39 28 17
37 21 14 17
43 19 32 26
30 37 40 22
32 10 32 28
47 26 25 7
31 27 8 23
23 21 27 32
28 43 33 21
41 14 40 26
36 17 29 15
34 3 30 14
42 19 18 37
34 33 37 29
38 24 20 5
31 6 4 10
35 22 31 29
29 19 35 17
36 9 11 0
24 34 26 6
44 25 12 20
25 9 27 17
46 25 41 16
34 38 29 14
33 20 28 23
30 8 39 37
36 19 37 28
35 1 30 33
32 8 27 7
33 8 3 3
39 33 15 23
42 11 26 13
44 17 14 13
33 11 38 33
43 41 16 34
43 21 24 42
45 27 10 24
23 29 9 16
40 20 37 24
34 23 44 28
36 47 33 12
48 21 32 9
32 5 24 38
32 9 37 31
35 1 17 32
37 18 40 34
47 29 28 27
22 7 39 25
30 20 38 34
48 35 25 13
41 18 42 36
32 20 35 35
25 16 45 23
32 4 24 25
32 16 3 4
24 32 22 19
36 11 33 9
26 9 36 2
38 15 34 4
48 34 8 6
36 5 35 33
27 7 31 13
43 22 40 34
48 26 30 39
22 8 14 31
26 4 26 16
41 15 31 30
29 11 36 25
31 13 37 10
30 17 34 18
48 20 29 41
41 5 10 32
38 4 29 4
39 3 26 20
26 20 31 20
42 35 24 25
28 14 21 23
37 9 21 22
30 39 13 33
24 33 28 36
40 22 11 4
38 7 21 29
46 34 14 20
41 13 38 20
33 2 35 23
27 6 46 11
37 20 10 23
42 12 36 3
25 9 19 10
30 6 27 35
33 42 33 26
30 2 30 14
44 25 25 11
33 21 36 18
41 35 45 37
42 26 35 33
40 37 16 47
19 32 24 15
33 4 30 34
43 28 20 36
32 41 34 21
31 4 47 17
41 23 16 12
46 21 18 14
36 18 29 6
27 11 16 30
33 0 37 30
48 24 26 12
41 21 33 18
44 12 29 30
45 47 46 14
45 44 17 18
38 11 41 32
39 6 19 18
32 33 45 20
43 17 45 28
44 28 25 24
28 18 42 9
38 27 30 31
38 37 31 12
27 17 46 2
30 8 24 23
22 44 47 1
33 31 30 5
24 33 40 27
40 35 28 15
29 7 12 18
27 13 30 21
30 7 17 22
34 10 7 28
29 11 33 29
39 45 35 19
42 19 1 19
36 12 24 41
42 24 33 9
35 4 18 14
39 16 17 15
36 11 0 24
44 19 25 8
38 37 40 24
41 38 14 20
29 8 34 40
49 35 35 13
39 49 36 7
41 19 27 10
39 14 34 35
30 40 38 29
29 8 35 10
44 13 20 39
35 9 42 7
28 15 8 20
30 3 24 14
28 20 21 33
38 12 11 45
32 6 35 32
37 23 27 12
26 16 32 21
39 8 35 6
29 8 35 32
33 8 24 21
44 25 7 43
40 6 36 10
45 36 32 31
32 6 37 13
30 46 34 8
48 21 31 32
42 23 14 29
30 3 39 38
43 18 18 20
37 27 17 25
48 17 34 13
46 20 21 19
38 18 27 23
24 6 28 15
46 16 17 25
35 43 34 22
47 16 29 3
38 25 34 4
39 35 20 12
38 31 31 31
32 31 24 26
42 25 21 0
37 4 22 29
34 10 35 27
34 6 30 12
23 21 17 32
32 5 3 29
32 12 18 15
40 28 34 42
45 41 15 22
37 28 27 34
31 4 42 33
32 34 34 15
35 7 36 21
34 7 33 32
45 19 32 40
39 18 26 9
32 25 20 3
31 8 3 29
42 22 35 6
25 26 32 18
34 9 40 16
39 26 30 37
30 9 15 17
34 24 35 35
41 7 32 15
32 9 10 13
39 12 36 24
23 13 28 9
43 29 34 20
36 9 22 35
42 22 6 40
22 14 43 37
48 16 34 30
33 20 34 31
33 7 38 32
30 31 16 28
46 12 25 14
42 6 29 15
32 21 26 35
45 16 26 36
24 6 47 40
27 7 32 15
28 10 27 16
40 19 36 11
30 23 18 23
32 3 4 26
34 7 40 34
41 17 44 6
43 18 6 17
27 38 35 10
48 20 16 34
37 27 24 10
30 27 29 20
24 19 21 10
31 5 32 24
41 30 48 12
33 0 34 28
30 10 16 29
33 20 5 0
36 19 30 4
30 28 32 11
45 26 44 16
21 22 9 13
26 10 35 6
45 15 40 30
41 12 21 18
30 10 27 17
40 23 34 17
23 8 23 22
30 9 14 2
34 16 35 3
31 14 46 28
33 10 19 47
23 30 24 25
42 15 28 11
37 11 33 44
38 44 35 12
32 12 21 30
33 35 30 29
32 6 42 43
40 9 24 4
40 22 15 4
45 18 28 16
41 25 35 32
49 26 26 27
34 3 13 15
46 44 23 28
48 13 18 24
43 16 32 28
34 19 26 9
26 43 12 5
29 14 25 9
43 42 9 12
43 18 29 5
36 11 10 33
23 48 33 11
30 9 34 20
47 45 34 21
49 29 25 14
36 41 25 41
30 11 30 23
28 2 39 32
46 33 38 13
47 16 40 27
39 4 33 28
32 19 31 32
31 32 41 35
34 36 47 5
39 34 22 33
41 24 31 15
30 8 27 22
37 36 35 29
49 22 24 14
32 6 8 15
39 38 29 19
30 6 14 40
23 32 38 31
39 19 23 24
29 16 27 30
39 20 23 32
29 32 26 20
35 29 40 32
34 27 32 14
26 12 20 4
48 37 1 41
40 16 39 6
28 18 30 14
30 7 25 10
30 9 8 25
26 13 15 42
47 30 43 24
40 9 39 4
32 5 47 15
36 14 34 9
31 10 28 19
30 8 37 7
46 24 33 25
28 9 25 32
32 8 33 32
28 7 14 23
36 22 39 27
42 19 29 25
47 22 39 32
30 26 25 9
40 10 12 0
36 6 16 5
40 29 44 31
34 14 27 35
45 32 33 33
39 30 38 37
32 13 29 37
35 8 7 24
39 5 30 31
35 15 31 4
49 19 17 35
31 20 23 16
20 38 42 11
25 11 15 18
43 40 8 11
24 20 45 26
32 8 27 11
32 35 41 19
31 8 38 32
33 5 33 18
34 21 27 30
25 6 32 5
33 11 26 22
34 8 39 33
28 6 36 12
38 23 33 10
32 3 16 37
49 12 19 43
35 10 36 22
22 37 1 15
21 20 37 27
33 16 41 14
31 15 31 31
42 23 43 11
38 20 25 18
39 38 3 38
29 6 26 21
26 4 47 25
36 8 47 13
44 10 13 14
46 38 44 6
31 6 29 18
32 12 18 23
28 14 31 16
47 37 36 8
36 38 31 20
36 20 37 9
39 49 4 39
37 42 25 15
45 18 13 18
23 13 17 34
38 14 19 16
41 45 41 28
37 43 20 31
29 5 43 17
37 2 9 9
42 27 32 23
36 8 27 0
42 14 38 18
49 32 42 41
37 12 38 33
28 8 36 37
48 28 34 33
19 27 33 7
39 9 42 12
36 11 37 20
42 25 14 19
40 20 34 6
48 39 12 34
40 26 44 31
34 42 35 21
44 47 33 42
23 35 16 34
31 41 32 14
44 10 19 46
45 14 40 6
31 0 23 17
36 18 17 20
30 32 42 16
47 20 23 18
31 11 20 21
40 38 47 17
29 3 28 14
31 10 15 41
41 13 35 21
35 33 16 3
42 33 30 37
38 31 9 33
34 22 17 23
48 44 36 12
28 4 35 18
34 4 39 22
40 19 38 34
45 18 25 13
33 8 37 30
20 26 8 38
45 25 20 33
38 17 24 4
32 9 28 6
20 34 26 28
46 20 27 29
34 44 36 10
26 34 48 27
22 27 30 13
45 19 31 1
42 39 19 23
43 24 46 19
27 7 45 7
25 3 22 11
27 8 35 22
46 31 29 29
30 1 0 16
39 27 29 5
40 30 35 33
29 5 33 33
28 39 42 18
34 11 36 7
31 10 33 19
36 13 28 18
34 14 14 39
35 3 36 11
47 49 32 31
43 40 39 15
44 25 37 32
44 33 20 21
31 18 3 19
44 18 44 28
32 9 37 12
35 34 20 21
48 12 34 34
45 22 8 36
46 35 24 46
28 0 37 36
34 11 30 28
25 40 29 15
49 18 35 36
41 16 16 31
39 40 24 35
25 43 47 30
41 22 43 29
31 27 32 17
37 43 33 1
42 13 26 48
39 23 36 41
33 37 17 5
46 24 36 30
41 22 34 21
13 40 31 16
30 6 23 30
32 1 11 46
27 30 24 22
40 19 32 18
26 16 43 9
40 16 35 29
24 20 28 22
38 10 18 21
35 7 21 11
40 39 18 30
35 9 36 29
31 8 41 30
34 8 11 3
40 23 17 24
33 30 40 12
38 25 32 10
22 25 30 18
41 23 26 3
42 28 32 15
39 10 31 1
21 25 35 22
30 18 35 41
35 18 38 22
46 16 23 25
29 11 44 28
26 5 41 20
25 35 34 31
26 6 10 16
44 20 26 11
47 35 30 10
44 18 36 24
32 30 33 19
47 20 33 15
43 46 27 18
25 19 30 46
37 5 33 11
29 5 15 30
29 7 24 9
27 41 46 36
41 17 36 2
47 39 32 12
42 27 34 16
31 47 29 23
46 14 29 0
25 9 45 25
35 5 28 3
36 15 36 28
48 27 32 16
32 34 19 31
49 17 37 4
40 19 26 13
34 5 20 17
35 12 21 22
33 28 31 20
45 28 39 27
24 48 27 32
36 34 33 30
39 24 31 11
44 21 34 16
36 46 24 29
33 28 35 0
49 23 16 14
42 35 20 26
42 15 25 24
28 9 37 12
32 10 12 21
46 19 17 29
32 13 40 34
38 49 12 44
40 13 40 25
43 19 20 16
32 15 25 37
35 23 26 18
23 29 16 28
35 11 31 31
27 10 23 8
41 40 32 5
32 7 37 30
39 19 30 19
34 5 34 38
44 10 22 38
36 37 17 31
26 4 29 20
32 12 33 32
38 15 35 23
46 15 40 32
29 4 33 33
36 7 41 32
37 12 32 34
36 17 31 23
48 18 44 36
41 27 29 15
47 40 34 28
43 22 18 26
38 31 20 7
41 48 47 8
25 8 47 26
28 17 10 10
39 18 26 35
25 11 43 31
27 5 32 16
45 39 17 9
49 15 37 33
35 9 10 17
30 25 42 28
37 26 23 33
33 9 31 32
31 12 4 12
27 10 34 17
42 37 25 20
21 3 27 20
37 27 28 19
46 21 36 14
29 6 27 38
33 4 8 21
41 32 31 11
40 22 35 16
34 22 33 4
22 17 36 20
39 14 15 29
28 9 27 15
39 19 37 13
41 17 35 26
47 11 38 10
32 15 24 2
36 36 25 25
31 26 14 7
35 35 44 29
16 34 25 24
39 1 33 33
31 10 40 34
31 19 42 32
36 26 22 12
35 3 27 7
44 13 45 21
26 39 36 30
49 16 32 7
46 18 37 12
31 20 35 40
45 29 35 48
44 26 32 16
23 9 23 4
38 4 5 18
36 17 25 17
30 10 32 20
34 33 36 25
47 45 43 12
43 18 44 28
27 44 15 29
38 25 33 15
30 33 37 29
36 38 22 23
29 9 29 48
32 8 47 29
26 10 48 33
26 19 23 21
29 37 40 8
38 28 33 17
26 31 28 17
34 2 22 28
29 16 24 5
33 33 1 28
45 13 14 36
39 24 26 16
44 19 36 18
48 16 16 37
39 35 23 40
38 16 34 20
32 4 11 28
39 7 18 26
28 17 6 25
34 34 15 11
36 9 31 13
38 11 34 22
40 12 28 2
41 12 31 30
27 8 37 12
46 21 33 19
43 34 18 16
32 8 16 41
34 7 30 33
26 37 39 35
23 21 27 15
36 19 23 33
38 10 39 30
31 10 28 15
37 16 21 20
47 23 30 21
49 22 42 22
43 10 40 33
44 23 19 24
36 38 28 11
44 17 42 8
38 19 30 22
33 11 28 1
29 4 31 11
26 46 3 17
25 4 44 14
33 9 45 18
45 26 29 24
38 39 6 30
37 34 33 21
26 17 5 31
45 48 0 13
26 26 28 11
33 15 27 4
31 4 36 29
28 8 6 35
37 6 8 35
27 2 28 34
41 31 25 11
40 21 30 15
25 30 30 12
38 11 6 20
45 23 32 36
47 31 34 35
48 24 31 15
17 22 41 19
45 31 28 11
45 17 15 45
31 2 29 32
18 28 37 49
44 15 17 37
49 18 34 32
44 41 25 11
34 38 28 19
33 4 21 19
40 14 33 32
37 16 30 11
40 10 4 7
