50 969 19393 800
2 45 32 2
47 10 41 0
10 12 17 21
2 23 35 11
24 24 44 35
29 30 14 31
23 36 46 27
31 7 17 18
30 46 10 38
40 36 31 6
38 4 20 15
44 3 15 21
4 44 45 23
31 44 21 13
45 7 19 41
40 14 28 7
36 0 13 18
47 6 47 41
30 40 18 21
29 45 35 4
27 45 34 5
39 7 23 21
15 33 10 39
40 48 19 14
44 11 34 1
48 9 7 31
49 8 19 15
32 46 41 42
40 2 10 26
32 26 25 16
27 27 20 17
38 4 24 16
5 20 35 1
6 33 16 47
49 7 17 32
39 43 18 16
10 30 14 14
38 6 39 44
36 44 12 21
48 9 16 38
4 9 14 16
32 5 24 40
9 15 21 16
30 0 22 8
8 14 16 27
41 7 29 12
39 8 46 26
27 37 20 16
2 47 32 8
37 49 23 38
45 7 37 7
44 10 12 26
22 10 27 6
8 48 21 36
2 31 20 16
38 44 15 35
0 16 34 6
44 10 34 3
37 12 13 15
28 10 39 16
46 4 39 0
8 49 6 28
43 4 37 3
1 5 17 44
10 49 43 26
6 37 16 38
5 47 40 5
46 7 37 0
5 49 12 26
12 33 16 18
8 4 23 15
23 24 18 36
36 13 14 38
8 25 21 23
25 30 20 19
4 20 25 37
42 48 17 35
48 9 6 32
36 44 37 7
33 6 21 25
45 9 26 33
35 8 47 38
13 9 24 16
48 11 32 32
12 36 24 32
47 5 37 0
4 26 19 29
10 31 19 24
49 16 45 22
6 47 44 40
2 28 8 19
0 26 13 28
14 38 25 15
1 35 28 4
42 42 45 38
10 36 22 45
11 13 38 1
46 9 13 42
45 5 36 3
44 10 18 35
6 45 16 23
18 31 33 1
41 43 38 28
43 0 44 31
32 44 36 4
49 9 48 34
44 45 17 17
49 8 8 28
30 15 48 25
2 31 17 38
5 46 21 21
6 30 19 28
22 16 10 31
34 11 31 19
32 47 19 36
25 40 12 40
10 21 32 37
0 47 25 16
47 4 39 30
47 11 44 40
1 16 24 11
49 6 30 42
10 24 18 12
1 36 44 31
36 44 41 33
23 37 15 37
24 18 34 5
47 10 33 2
1 23 36 35
40 5 29 38
42 6 27 31
48 9 32 3
48 15 32 0
36 3 15 28
3 6 30 38
10 9 49 35
8 17 30 6
41 12 42 40
2 28 48 38
42 45 42 20
11 20 18 21
42 49 23 30
1 39 12 34
45 8 43 35
5 46 9 22
43 6 18 17
27 44 31 37
4 48 1 28
4 3 48 31
35 48 34 3
23 28 16 26
8 20 32 1
40 47 35 4
6 14 22 15
42 0 15 36
45 10 13 22
1 45 33 5
14 46 37 29
37 9 36 3
4 47 14 30
44 10 28 7
18 19 31 5
41 4 19 22
39 3 38 20
11 6 24 12
40 49 44 26
1 22 35 4
44 8 26 28
21 40 20 22
10 37 17 12
41 46 13 34
47 16 18 20
25 0 48 32
46 9 23 29
3 45 35 3
41 10 22 14
23 35 15 26
36 4 44 27
1 45 14 42
46 8 49 26
2 29 13 18
46 4 45 18
13 21 23 18
31 7 7 46
43 45 13 28
3 23 9 46
13 42 29 6
15 49 21 17
41 43 34 1
13 45 46 35
22 29 11 12
45 43 29 0
45 46 36 29
43 6 12 26
41 9 14 22
33 6 18 15
2 1 18 17
42 20 20 42
27 21 33 7
49 10 42 27
20 32 17 13
30 5 21 45
47 17 32 3
40 8 34 5
1 7 32 0
23 15 30 2
1 48 47 23
19 16 44 24
16 32 45 33
10 21 17 33
48 10 21 46
47 6 13 38
37 3 23 31
24 25 21 22
37 9 11 43
5 13 28 5
22 35 23 22
17 24 21 20
37 47 16 3
49 8 44 36
38 38 5 28
17 32 14 15
5 34 37 2
41 5 49 36
45 4 15 30
5 26 16 19
37 4 4 29
10 26 35 9
12 35 21 36
39 44 20 31
43 10 21 12
17 30 13 16
23 22 22 33
17 18 12 10
27 45 18 23
7 45 15 8
11 23 20 14
40 47 42 37
46 12 15 28
29 2 39 5
38 42 16 23
48 9 18 20
47 9 20 35
47 14 19 6
30 2 19 13
46 6 27 33
15 18 25 19
27 38 17 26
5 29 37 0
15 39 40 4
46 47 16 17
22 38 32 5
18 28 19 18
4 3 24 16
36 42 31 4
4 26 35 4
25 40 49 32
44 42 6 2
48 11 36 1
48 12 18 28
23 42 10 24
48 6 13 32
10 41 19 23
33 8 37 6
11 24 20 39
16 47 31 0
33 2 29 43
15 46 31 1
12 48 32 4
44 7 21 20
40 10 47 26
0 34 23 35
3 5 49 31
43 9 32 4
31 33 13 14
2 19 7 26
9 25 15 27
44 46 35 7
42 9 19 5
48 6 35 3
23 6 28 4
42 8 10 17
48 7 38 40
44 10 21 45
32 47 49 29
45 5 16 18
3 15 4 33
38 10 46 32
49 5 10 27
5 20 21 26
45 45 41 23
20 37 13 20
38 6 20 16
10 12 29 15
1 28 16 35
36 40 17 30
22 43 36 2
46 1 32 5
38 0 17 17
41 42 14 23
17 37 33 2
4 33 16 11
8 20 37 4
35 4 16 17
39 40 22 21
21 39 10 29
34 46 16 15
10 40 15 27
38 41 32 6
0 45 47 16
3 47 9 43
34 49 42 18
5 27 18 28
48 10 12 22
5 15 19 15
27 41 17 22
2 46 15 17
38 11 9 35
31 42 37 2
39 0 45 28
38 43 44 27
12 23 49 26
46 5 31 3
48 8 18 5
27 27 20 25
15 22 32 30
19 42 13 24
12 17 18 28
45 8 16 29
1 3 34 4
40 43 20 24
3 41 31 2
38 46 23 41
36 1 15 42
20 8 17 37
26 13 34 1
2 38 29 2
40 48 40 22
38 0 29 3
49 5 11 48
16 5 48 26
42 23 19 33
48 7 15 26
1 26 41 33
19 47 49 19
1 45 21 30
45 8 18 19
12 44 22 37
7 5 14 36
2 18 18 17
36 11 22 14
48 4 20 47
37 37 47 26
45 16 17 13
38 46 19 17
5 6 38 29
11 26 25 28
6 28 20 20
44 1 33 2
4 46 11 41
41 47 26 39
48 6 21 26
27 17 20 19
45 9 30 8
16 12 12 29
31 11 10 32
2 33 32 7
15 0 21 14
19 23 34 5
30 16 44 32
9 30 49 34
41 5 29 9
3 31 13 16
23 35 34 33
11 1 18 18
11 26 14 13
8 30 22 31
5 24 20 18
43 37 32 41
48 12 20 43
4 22 17 16
13 43 13 36
3 4 33 12
23 40 22 17
5 42 16 34
15 43 46 29
10 27 11 46
48 6 36 28
7 30 21 33
37 3 18 28
33 16 44 23
45 3 12 29
43 6 21 17
46 10 17 30
33 38 41 45
28 29 16 14
35 7 44 21
35 49 13 37
44 5 14 24
4 48 44 40
41 40 14 20
47 7 46 42
6 9 43 30
38 41 9 30
6 49 34 0
14 26 9 26
1 13 46 21
0 46 15 20
28 5 14 24
10 12 17 16
15 30 49 26
38 9 19 10
2 7 15 18
43 28 6 31
2 17 45 40
46 0 32 1
36 9 24 32
47 37 30 5
47 11 37 8
6 14 4 6
1 8 49 27
42 43 16 25
13 35 30 2
47 7 34 38
12 45 49 46
39 48 44 49
9 2 34 0
11 32 15 34
7 5 14 36
40 48 19 16
44 44 8 38
23 36 11 36
25 45 42 36
1 41 13 27
8 47 23 25
46 5 36 4
5 33 17 25
40 5 33 1
36 35 27 3
32 1 17 18
24 25 35 47
3 46 13 19
31 4 47 26
9 45 32 5
11 43 25 37
38 1 13 45
26 9 25 31
9 15 15 24
1 37 19 22
48 9 34 0
21 27 39 38
14 38 33 1
0 45 20 33
17 10 21 8
16 42 30 6
16 22 31 1
40 4 45 33
34 9 44 27
35 0 44 30
28 33 20 24
35 15 37 33
32 5 33 34
37 45 18 19
0 42 23 40
41 9 23 28
6 34 16 26
47 5 21 15
24 16 20 24
10 33 28 11
14 28 35 4
28 5 18 17
5 49 15 27
44 3 19 17
9 26 21 22
38 5 11 39
40 43 23 17
49 8 22 18
7 14 21 17
16 14 12 28
43 1 25 25
38 2 37 6
29 9 25 17
48 13 17 23
19 11 16 20
7 29 21 11
42 5 25 24
4 33 8 36
37 2 17 26
1 4 34 1
49 11 47 20
0 45 21 21
30 2 37 1
8 25 29 11
44 8 47 32
39 8 39 2
14 44 10 40
16 48 45 35
34 5 49 22
49 13 38 11
44 48 43 28
11 21 20 17
12 27 18 30
49 7 17 23
11 40 23 28
39 5 33 0
47 38 33 2
47 12 37 3
34 14 31 17
43 46 14 7
42 49 43 36
34 1 19 21
42 6 20 14
0 38 10 23
32 2 18 25
47 5 14 16
0 48 19 39
45 12 20 24
46 6 21 16
4 11 20 26
34 38 28 3
29 9 16 26
39 48 31 35
8 36 36 5
0 38 21 28
43 25 41 3
2 6 49 26
39 44 43 42
49 8 8 28
8 0 20 33
48 3 19 35
1 49 16 16
45 11 26 14
12 29 3 39
30 4 14 37
46 9 32 0
3 15 17 16
46 11 40 31
20 3 43 38
47 3 31 0
28 41 39 3
13 21 36 7
17 11 38 45
47 10 23 15
3 10 12 15
49 1 43 34
36 5 26 7
43 34 16 27
47 7 38 31
37 2 18 40
30 32 15 15
33 29 11 24
16 49 27 35
44 48 17 38
39 15 6 17
18 31 32 3
4 49 35 39
40 4 9 33
46 6 23 19
44 8 17 20
4 24 48 15
6 21 33 6
41 38 9 24
49 9 13 12
46 4 16 30
45 47 37 10
11 31 21 24
35 40 26 17
43 8 32 5
34 11 32 3
29 32 15 13
43 44 16 17
5 47 29 1
42 1 14 38
49 4 14 27
4 40 21 25
47 10 17 23
15 23 45 30
37 43 33 44
48 3 34 7
48 9 15 13
12 38 20 11
8 35 14 17
47 5 15 34
1 1 23 11
35 13 43 42
25 47 34 41
26 8 24 12
46 10 44 35
44 4 49 25
44 1 21 22
46 36 39 3
11 19 33 6
6 37 49 32
30 31 30 36
10 28 43 25
11 10 23 14
12 27 20 7
9 31 18 32
43 13 15 22
42 45 21 0
48 9 20 8
32 36 11 47
4 21 33 1
41 7 18 33
17 47 30 0
45 2 23 33
42 1 45 32
47 9 33 5
49 37 8 25
49 6 44 37
17 37 14 25
47 22 24 26
3 6 16 26
41 41 18 11
36 44 25 20
49 6 47 21
13 23 31 2
9 44 32 5
2 27 35 11
35 1 19 14
42 3 39 23
42 5 42 25
34 15 28 5
14 43 13 25
38 41 35 3
40 1 14 16
18 10 22 17
33 10 25 16
0 5 18 31
36 37 18 28
47 7 12 21
29 42 47 42
40 41 36 7
14 39 15 12
27 3 15 21
0 44 42 36
1 15 20 22
22 10 32 3
2 35 14 19
11 28 15 34
5 31 45 31
31 3 18 20
47 4 49 41
48 1 15 13
33 2 44 28
37 4 32 5
17 38 19 15
8 31 38 30
43 43 30 1
5 17 19 15
28 0 47 25
25 32 21 29
41 44 34 6
2 10 14 38
38 2 23 22
45 8 42 33
49 7 17 17
38 42 39 6
46 5 33 7
36 18 37 4
6 16 16 43
17 37 36 0
33 7 32 21
6 28 27 23
5 28 34 36
46 4 22 37
40 42 14 18
43 11 21 20
48 5 46 25
10 34 41 31
37 49 20 14
6 22 35 3
3 30 35 2
11 40 9 43
10 49 16 19
47 7 16 12
38 11 36 3
10 48 16 31
48 2 36 4
20 32 40 34
7 7 33 8
32 3 38 26
16 47 19 7
37 49 31 6
9 31 14 16
0 38 26 23
46 3 16 21
46 4 18 21
38 45 46 37
7 27 44 38
42 46 18 16
2 9 6 25
35 5 18 32
42 13 17 42
43 2 33 4
17 25 25 15
11 44 17 23
6 32 14 24
19 33 21 46
9 8 30 0
1 32 40 37
34 6 14 17
14 34 22 42
41 16 13 14
42 3 12 37
13 37 29 2
2 36 18 25
25 8 17 42
41 14 20 35
29 46 36 3
14 35 13 21
7 37 37 42
44 4 39 21
41 43 10 31
2 26 15 16
9 40 39 0
2 37 16 12
3 14 31 1
37 6 33 7
12 24 14 12
43 46 17 21
31 5 34 8
32 44 23 18
38 8 15 19
39 3 19 27
7 23 14 13
21 39 38 1
44 8 33 4
35 41 30 11
35 0 17 25
8 47 19 20
41 47 27 22
24 9 18 15
49 9 14 21
3 11 28 40
43 0 1 43
40 4 11 27
6 41 19 28
6 44 13 15
40 7 30 0
32 5 25 28
25 33 16 27
17 35 25 29
5 22 21 16
43 7 45 36
47 8 26 37
34 44 47 28
48 9 25 19
43 34 49 30
49 16 49 29
44 44 19 18
40 48 19 18
40 1 16 8
14 35 14 19
0 40 22 27
7 23 20 47
5 27 44 28
45 2 20 24
6 31 31 4
38 7 13 27
48 42 31 6
15 36 25 38
2 34 35 2
1 9 36 2
1 24 20 17
31 2 22 12
48 39 18 28
8 16 35 25
37 46 31 0
5 49 16 22
47 5 13 14
11 22 15 32
31 48 19 16
1 46 43 48
31 36 29 7
7 32 34 10
2 14 42 30
41 44 20 23
5 0 32 2
43 8 14 20
42 7 36 4
22 31 34 2
48 12 14 22
48 7 18 16
38 46 19 31
4 16 23 18
7 45 20 19
44 3 41 40
43 13 15 17
48 8 34 10
39 29 46 20
2 16 46 39
49 6 26 25
42 49 7 43
47 7 26 38
32 14 33 4
5 29 34 4
7 34 43 21
23 30 24 11
39 35 18 14
31 47 18 17
38 43 23 21
30 0 18 29
44 10 46 32
0 17 43 39
31 27 18 12
31 34 16 17
4 23 19 36
28 40 31 5
45 5 33 7
48 5 14 31
49 8 22 19
48 8 35 3
35 17 15 18
40 46 38 35
34 41 32 4
38 9 10 20
4 47 20 17
46 8 18 15
18 28 47 40
46 5 40 17
15 24 40 27
46 6 11 19
7 2 47 24
34 22 46 37
5 28 15 24
37 47 29 1
47 12 11 30
43 7 21 30
41 9 40 42
44 10 7 39
43 2 40 28
27 26 35 18
39 45 18 27
49 5 14 38
10 32 47 45
20 35 38 42
43 4 19 13
37 24 20 19
22 6 47 25
37 3 15 19
33 7 15 9
12 14 46 28
1 32 19 22
28 1 36 3
19 37 12 27
27 40 19 16
5 18 29 4
34 14 35 5
34 16 20 27
39 46 37 7
15 10 13 29
3 27 17 34
45 8 16 32
47 4 22 15
27 38 46 38
44 10 32 0
41 5 40 39
43 0 10 36
30 5 21 12
4 23 17 37
40 9 20 35
34 37 45 3
37 7 15 24
15 21 15 26
36 1 30 4
47 8 43 48
11 23 36 1
49 9 36 4
28 40 36 29
48 5 41 41
15 26 16 22
43 12 17 38
16 38 17 14
26 10 21 18
46 2 13 15
3 22 32 6
29 27 13 16
38 47 14 23
8 44 30 6
33 40 19 14
46 10 33 1
44 29 12 20
43 9 21 26
44 2 17 13
36 44 21 38
7 5 37 4
23 26 35 2
13 14 17 27
36 33 20 15
12 22 15 9
44 11 16 23
9 18 14 39
44 7 45 37
30 7 16 22
45 11 19 16
35 2 46 33
42 10 19 27
46 12 20 9
4 12 20 15
40 3 11 16
41 32 16 12
37 47 48 22
36 17 36 5
5 27 15 19
16 22 22 21
21 33 24 14
13 37 40 41
3 26 16 20
45 10 20 29
38 48 33 3
30 35 33 0
41 44 16 15
8 12 33 5
13 38 21 45
49 5 24 14
34 43 37 4
47 8 20 32
47 1 45 31
0 28 11 23
12 32 13 23
32 47 17 26
46 7 20 33
31 8 20 36
30 8 36 4
8 45 29 5
27 40 16 34
49 6 49 31
1 35 45 47
33 9 29 2
7 1 15 16
2 49 17 31
47 10 49 35
45 5 4 26
45 6 32 5
3 17 17 24
3 3 37 2
42 6 31 23
40 4 29 8
17 21 46 26
48 9 20 21
25 22 17 27
0 40 16 17
15 0 33 0
37 49 34 38
37 11 13 39
7 26 36 1
46 49 42 22
18 26 23 40
46 6 38 10
47 10 41 34
14 43 35 37
48 8 29 10
18 39 33 7
39 28 20 16
37 12 31 3
4 10 48 38
47 3 15 23
45 9 36 1
31 34 46 26
20 32 22 22
34 17 15 29
42 9 9 37
22 26 36 23
14 41 20 17
37 1 18 39
7 48 5 36
22 43 32 7
49 6 15 22
