50 111 12526 800
48 29 34 47
13 25 23 30
31 8 31 40
39 13 3 21
27 18 34 1
13 27 22 30
14 21 22 32
17 29 15 44
23 37 8 16
28 27 16 14
35 8 45 36
19 30 5 27
18 43 23 37
18 34 25 34
37 23 1 19
6 23 29 19
31 6 30 33
11 5 11 20
47 12 11 16
32 1 26 13
3 43 5 33
29 12 1 22
37 4 4 16
0 18 18 31
21 37 25 36
15 33 8 21
23 29 7 29
29 25 28 42
17 19 18 36
39 20 20 49
11 27 26 23
5 15 21 19
30 11 40 38
35 16 24 30
5 16 38 12
27 13 37 15
32 20 24 34
28 15 9 17
15 17 3 47
35 33 24 32
2 25 39 25
44 47 8 20
3 10 23 49
17 28 23 6
46 28 6 26
29 21 19 30
32 11 19 33
6 16 29 31
7 33 2 30
30 46 7 24
42 23 18 44
5 12 26 34
36 9 12 16
30 11 21 2
2 19 33 28
18 37 4 0
5 1 6 33
13 1 28 32
25 8 8 20
6 0 10 9
26 11 35 42
34 22 15 28
15 28 35 36
47 35 15 10
29 40 34 32
8 32 48 29
37 12 21 29
37 39 12 23
26 7 18 40
38 20 7 20
1 26 5 48
31 18 26 24
24 17 27 38
15 0 24 30
18 5 18 35
28 37 39 7
21 29 21 0
33 6 34 33
34 15 26 9
11 38 26 34
10 29 23 36
27 3 36 0
12 17 24 28
33 27 44 27
6 30 22 35
10 22 21 33
20 34 11 14
20 36 2 23
7 10 9 36
22 36 13 29
28 7 17 27
23 6 36 5
45 12 42 18
20 29 5 35
41 11 26 31
18 30 7 6
5 46 13 31
38 15 3 35
40 34 28 9
32 40 19 30
43 3 30 3
47 12 14 16
37 6 25 8
16 2 20 24
24 14 28 37
27 41 11 18
11 22 10 26
34 17 49 16
23 15 24 35
21 32 46 23
43 9 18 36
