50 315 16129 800
8 32 3 40
43 29 13 33
8 30 35 47
33 38 9 49
29 37 28 29
24 42 4 27
33 30 45 30
18 24 20 40
24 18 41 27
26 43 30 17
32 31 45 12
20 40 42 34
23 42 24 18
8 21 46 5
34 32 45 34
15 11 43 10
27 40 36 1
26 39 3 24
27 4 19 46
21 18 41 13
24 3 18 45
16 4 15 10
30 36 2 12
30 29 25 20
24 42 11 38
27 12 26 25
25 36 43 36
26 38 6 17
12 16 45 17
16 17 45 14
23 42 13 48
12 9 33 11
14 18 49 23
33 21 15 30
15 12 26 20
8 8 23 37
18 20 35 47
17 19 47 0
40 33 41 9
26 43 27 48
20 25 40 37
25 13 13 48
11 12 49 25
20 23 37 7
25 46 22 28
40 33 28 49
3 38 38 17
33 19 11 7
25 44 8 17
31 38 21 41
32 30 46 20
30 23 32 15
24 41 13 16
12 11 7 49
13 20 32 30
36 26 35 42
21 15 42 15
44 45 48 29
18 10 46 18
12 15 38 21
25 43 16 39
29 4 30 12
24 45 11 48
39 29 10 46
31 39 3 44
25 41 28 43
18 17 6 38
8 12 28 49
2 18 47 37
8 46 42 9
44 38 15 45
17 3 15 30
35 37 34 10
25 40 28 34
1 28 6 40
23 41 28 33
19 23 35 23
16 15 41 10
16 5 37 45
16 10 29 35
10 20 28 25
38 16 10 19
12 36 38 42
24 42 44 7
38 39 44 19
16 10 38 10
30 34 20 33
13 13 47 23
3 15 16 39
18 27 45 21
18 17 16 30
39 18 37 2
15 19 11 41
11 39 42 29
22 42 37 39
37 22 45 17
43 30 42 12
35 38 44 22
35 19 29 1
11 16 25 20
10 22 49 26
42 39 28 5
41 25 28 44
9 13 20 31
14 26 47 33
36 13 47 10
14 20 6 16
19 23 31 16
13 30 44 9
17 12 7 11
15 2 38 27
25 45 18 27
29 7 14 12
20 6 14 13
14 13 38 1
15 18 16 26
1 33 3 15
30 20 18 25
5 12 46 21
15 10 12 36
15 13 15 34
26 16 46 14
23 44 7 45
27 46 1 8
37 16 47 20
25 40 26 1
16 13 24 34
17 13 14 44
12 19 44 12
11 40 27 25
45 34 20 44
32 12 35 30
49 29 14 47
25 42 3 26
17 29 36 6
28 24 17 26
19 46 44 6
4 33 9 31
26 31 20 42
45 28 42 42
14 6 16 43
34 33 3 48
4 19 13 34
41 31 45 26
4 26 37 21
22 42 37 11
26 40 41 29
17 9 20 30
30 42 40 33
26 44 4 12
12 17 35 9
32 7 39 20
28 8 29 15
19 17 2 17
13 8 7 28
18 16 49 35
24 45 41 40
25 27 44 34
24 42 20 21
14 8 40 16
13 16 13 37
15 11 26 10
11 12 28 46
27 40 46 12
32 21 0 22
17 34 30 33
11 14 41 13
44 39 44 11
13 21 37 5
26 19 38 7
37 22 11 49
41 26 35 6
26 37 8 26
22 45 14 36
31 30 49 31
5 23 22 24
14 15 11 17
12 15 7 37
22 26 21 43
28 28 36 35
11 11 1 9
1 13 29 30
5 13 26 42
25 41 39 27
15 17 17 35
45 12 24 23
30 16 47 30
4 36 2 39
21 28 1 45
18 12 0 36
17 9 45 24
32 5 11 10
15 15 19 19
24 43 12 40
25 41 17 9
1 8 45 21
12 6 47 21
20 5 39 5
34 8 25 31
41 27 36 19
18 12 44 33
18 16 31 5
47 29 17 34
39 12 28 6
35 16 33 31
11 13 20 21
24 42 47 34
13 8 23 9
23 41 14 12
33 15 28 16
13 9 9 48
28 15 14 41
22 47 49 30
30 24 38 7
9 3 47 3
4 33 41 27
27 4 34 23
21 41 15 35
13 18 3 10
26 39 36 35
16 13 20 38
27 19 30 13
6 2 9 18
16 12 26 37
22 40 42 41
27 24 41 2
39 30 47 36
12 9 37 3
12 30 3 47
3 27 0 15
32 18 47 6
29 40 22 9
15 17 5 15
48 15 12 14
12 8 38 8
24 46 12 27
13 13 28 4
29 26 45 32
44 26 33 12
14 12 38 33
25 30 13 40
13 14 7 40
20 6 29 47
36 12 28 31
20 9 47 28
16 16 40 2
21 42 39 14
13 21 11 26
29 26 14 31
40 42 4 46
13 19 39 29
29 15 22 2
15 9 12 32
10 18 25 19
17 12 38 30
42 20 25 44
5 38 19 40
2 24 44 28
23 13 21 27
18 15 38 20
13 15 40 27
24 42 34 29
26 43 21 45
17 12 4 41
24 46 31 30
30 8 49 17
19 2 24 8
19 36 1 43
24 45 21 25
38 15 16 46
23 38 27 13
27 13 38 3
38 15 38 7
25 15 22 25
25 42 20 19
41 24 5 25
14 14 21 49
10 4 43 19
22 44 18 6
17 25 32 8
39 9 28 17
18 11 43 39
12 20 36 41
17 17 30 36
15 13 31 37
40 20 21 45
17 0 2 5
7 11 46 45
27 1 37 20
13 16 34 27
23 42 7 43
19 27 24 44
45 19 19 40
23 46 8 14
49 16 44 24
25 4 24 30
14 10 20 30
33 30 9 24
4 33 45 31
12 13 24 20
26 41 49 48
25 49 18 27
20 41 49 21
47 22 25 40
31 39 19 6
25 42 22 14
16 14 21 39
28 36 43 14
22 23 48 21
17 11 8 45
27 29 18 43
20 19 38 0
33 24 10 12
28 32 40 24
18 15 12 47
