50 116 19816 800
46 28 3 47
45 42 35 14
46 29 25 17
5 18 36 44
48 8 10 41
47 24 31 14
10 35 26 23
35 35 4 47
47 32 2 46
2 37 4 34
24 25 39 0
13 12 28 42
19 17 20 8
7 13 42 15
34 11 6 32
5 20 28 14
11 5 18 15
42 19 32 1
48 8 10 22
9 15 33 4
22 12 37 24
45 27 21 25
36 4 40 24
32 25 9 10
41 26 24 4
33 21 33 39
45 27 4 44
37 44 12 34
2 4 4 48
44 40 39 17
15 1 7 34
36 27 18 14
13 41 36 42
46 43 32 7
22 13 31 25
47 7 34 27
39 6 25 15
23 31 24 20
11 25 28 29
36 39 36 44
44 30 8 29
40 11 5 48
2 29 12 4
46 32 25 24
49 9 35 2
38 47 7 36
17 21 8 11
49 27 9 32
27 6 26 23
48 29 34 4
46 31 9 10
19 4 30 11
24 14 5 48
34 15 28 13
10 17 5 34
8 0 23 8
16 19 35 25
13 19 21 22
45 25 7 31
31 27 27 21
4 21 35 24
28 13 7 37
48 29 35 5
20 11 35 20
9 38 38 27
7 48 32 17
39 42 33 43
42 27 6 45
14 22 33 3
9 23 18 22
31 10 26 21
16 26 32 24
40 12 29 16
46 12 5 34
15 17 16 23
35 19 20 9
42 12 4 21
0 11 30 42
12 39 30 21
36 11 28 18
39 45 6 8
46 28 34 42
18 41 28 16
39 8 48 10
34 6 32 3
20 16 25 22
19 30 9 3
45 34 9 48
35 15 2 45
24 41 31 21
38 14 5 47
18 41 29 14
43 8 17 2
48 10 8 6
43 30 3 48
18 5 40 24
44 25 36 28
48 13 22 17
48 27 28 13
35 13 35 41
36 48 37 21
6 30 32 16
8 24 6 42
42 8 7 41
19 39 33 41
7 34 37 25
32 15 33 23
18 29 23 18
45 34 32 1
46 28 8 35
15 39 6 29
1 41 34 41
38 4 48 2
34 15 37 26
48 30 2 47
9 45 38 25
