50 209 19725 800
34 36 41 21
47 40 27 40
5 8 24 10
4 2 6 31
19 30 34 41
29 42 46 41
31 27 35 41
3 23 37 10
39 47 19 4
10 4 40 10
14 4 36 18
41 35 36 3
47 41 48 37
1 25 26 11
32 13 43 2
31 46 39 4
40 29 39 9
28 41 21 38
36 26 29 23
31 34 40 1
26 47 40 16
22 4 27 32
18 1 26 20
16 22 12 20
45 38 18 18
38 20 46 1
35 1 15 3
33 19 27 48
18 7 49 16
44 7 0 7
15 26 40 0
38 39 25 15
11 21 21 39
35 12 22 24
32 9 2 20
6 7 16 18
36 41 14 22
13 7 11 34
11 5 39 1
2 1 10 8
30 2 25 13
33 10 47 42
29 20 23 11
42 46 15 41
35 12 27 13
48 46 10 14
32 6 24 4
19 2 41 3
37 14 13 7
22 42 49 49
18 9 43 21
28 39 11 27
45 41 7 32
41 29 44 31
46 40 37 18
27 10 19 19
46 36 35 6
9 10 47 39
29 46 14 32
43 27 20 32
46 43 37 11
40 18 11 23
22 49 42 3
17 7 13 38
21 13 26 7
14 6 28 10
28 40 41 44
17 3 43 1
12 45 45 44
40 49 34 12
33 43 2 35
27 19 11 18
27 45 5 0
12 2 46 6
38 31 2 21
28 45 9 10
32 12 47 37
26 39 45 21
40 45 26 13
16 29 29 17
34 34 43 39
45 34 22 27
10 7 29 19
31 40 24 13
43 43 8 9
38 36 32 30
11 3 43 46
32 43 42 38
7 27 29 33
43 40 27 11
37 26 41 6
27 33 26 39
2 13 31 7
11 8 41 39
23 4 41 22
45 47 45 41
27 27 24 13
21 38 44 7
39 36 18 8
8 5 6 23
25 35 47 45
11 11 38 19
44 42 0 48
8 4 10 19
42 12 31 16
38 17 22 29
8 14 35 9
47 38 30 9
17 48 33 28
13 8 47 44
49 36 46 44
46 26 20 14
41 49 40 39
44 16 23 38
23 14 0 33
11 5 46 0
49 47 23 25
37 42 23 15
48 35 2 29
20 3 31 20
6 0 31 43
16 9 25 37
41 46 26 30
28 49 24 8
31 12 6 19
15 4 13 22
18 0 47 36
34 32 46 16
30 45 40 43
43 46 38 31
32 35 22 11
13 7 46 41
48 48 17 11
44 49 22 25
22 4 37 40
38 16 46 2
23 45 37 37
48 45 42 39
37 44 34 34
41 27 21 9
47 14 13 36
17 10 16 32
26 34 11 29
18 33 15 3
31 30 41 1
19 8 43 9
17 4 15 38
17 44 27 6
29 41 43 0
46 27 37 6
46 19 21 32
34 44 26 8
8 23 35 30
36 40 30 42
48 9 11 22
22 45 30 17
47 38 30 9
1 27 47 4
49 25 24 44
21 22 41 3
31 41 39 40
38 11 38 28
36 35 40 49
38 12 27 6
45 40 10 12
33 12 43 43
49 28 24 8
16 3 38 40
47 27 46 14
13 1 32 6
10 5 39 42
42 49 38 15
39 45 27 9
37 6 25 37
15 10 23 5
13 6 36 5
13 4 44 40
36 37 48 4
2 43 1 29
41 45 26 9
41 6 26 9
12 14 2 15
27 44 37 21
21 4 43 7
46 46 4 23
23 36 40 42
27 41 18 26
44 49 25 23
37 40 41 5
49 41 46 39
17 43 11 21
16 4 23 5
41 1 29 11
35 27 42 39
25 21 40 22
39 27 37 13
8 4 13 23
39 25 38 3
10 28 24 14
11 6 47 10
8 1 45 39
45 46 41 24
22 24 22 45
23 36 25 9
20 42 39 6
16 4 1 28
1 39 20 26
19 15 26 12
19 31 41 2
