50 365 11957 800
16 7 21 39
33 8 23 39
49 25 6 30
44 27 20 45
46 25 21 1
3 5 38 34
49 24 24 36
35 40 5 29
48 19 9 14
15 42 41 16
30 47 28 15
35 11 4 31
3 38 11 43
6 19 5 45
37 26 43 37
4 34 18 18
29 35 37 7
23 24 34 18
41 37 32 48
49 28 37 36
15 16 48 42
30 40 9 46
22 24 28 28
11 10 33 36
14 7 49 35
21 5 1 38
46 33 8 14
41 18 15 13
11 33 9 16
17 48 34 37
4 33 17 43
2 39 6 2
6 37 8 17
13 4 35 40
6 21 0 48
3 15 47 43
26 41 42 24
18 29 43 47
2 19 1 42
47 27 16 29
5 21 19 17
43 30 14 29
43 37 45 48
31 35 24 7
11 34 27 12
21 45 10 48
37 17 48 45
18 27 42 49
7 37 2 48
20 45 45 30
44 12 15 14
17 8 33 43
12 3 27 33
12 34 16 43
43 21 46 34
4 29 10 39
23 40 1 5
9 44 44 29
38 17 48 47
35 13 1 15
47 15 33 5
24 10 46 34
14 14 9 30
35 13 11 43
41 12 24 29
45 38 44 29
28 10 31 19
44 19 39 33
37 17 1 41
47 12 1 1
23 26 23 41
39 27 15 30
32 49 32 22
13 8 2 6
41 12 14 46
13 34 25 3
13 22 12 26
46 6 46 42
6 26 15 38
4 49 46 37
12 31 8 44
28 41 10 28
31 48 4 46
26 19 13 44
37 37 43 40
14 35 13 11
43 32 15 27
11 14 11 1
6 34 5 1
47 24 43 17
14 5 5 0
9 17 12 28
46 9 9 22
28 10 17 23
30 14 6 40
17 4 16 45
40 30 19 8
0 13 29 44
2 21 26 44
21 30 11 44
28 16 5 37
16 24 49 47
17 44 43 48
49 33 23 39
39 39 4 24
4 16 8 44
33 14 14 0
18 19 28 18
47 13 13 33
40 33 42 36
32 11 26 44
35 36 7 34
5 34 39 24
11 43 7 12
40 49 9 30
14 11 34 43
13 13 34 39
20 19 31 26
6 26 25 49
3 40 12 29
48 5 8 12
40 29 18 20
20 27 40 11
36 16 45 41
36 5 3 19
25 22 1 9
25 34 1 41
30 10 41 29
34 7 11 30
36 17 12 10
3 30 17 38
43 41 7 32
4 35 2 42
1 40 19 34
12 26 47 18
46 26 49 39
37 21 9 28
22 16 13 10
41 18 12 29
11 23 46 29
13 28 1 32
25 37 14 48
38 14 40 45
6 43 13 33
26 35 7 27
29 45 12 11
12 37 13 15
10 44 25 43
7 6 43 23
38 22 17 35
22 30 45 26
9 33 29 10
36 9 11 46
9 30 42 31
1 36 26 9
46 21 4 16
46 38 5 8
31 45 1 43
14 9 18 27
18 21 6 16
18 33 16 30
47 15 2 42
28 32 46 29
2 38 41 21
15 32 49 47
7 42 18 37
32 19 19 29
35 11 2 5
29 33 39 33
27 20 12 26
16 10 34 38
1 31 33 46
9 38 33 35
30 20 12 29
37 16 3 40
25 1 43 25
37 35 29 33
42 19 13 1
5 17 11 45
38 16 33 40
40 11 7 27
16 2 7 31
7 21 40 27
17 31 3 49
29 38 0 49
43 24 38 22
12 2 38 25
28 0 6 40
13 9 10 32
6 33 14 24
3 30 8 38
39 12 38 19
12 45 7 36
6 5 13 29
5 33 21 18
22 35 14 26
3 44 17 37
26 33 45 37
26 42 34 25
15 1 7 42
1 49 9 7
20 24 41 27
8 13 3 9
8 19 1 30
31 16 19 41
42 23 45 48
15 37 7 7
15 33 4 39
26 34 15 25
49 33 25 15
8 46 3 24
6 33 47 24
10 18 4 13
30 39 13 28
14 36 5 5
40 33 33 42
37 11 5 32
42 27 7 37
44 32 7 47
39 2 3 5
12 21 30 24
25 39 39 35
47 27 38 28
40 41 20 5
16 24 17 40
26 13 0 13
10 42 21 30
15 34 22 34
42 38 9 33
8 14 12 25
0 38 17 3
26 19 14 27
35 28 6 19
6 21 33 10
3 30 2 47
40 23 36 26
43 30 1 40
44 31 48 34
36 18 28 38
40 45 3 19
10 43 28 5
0 32 42 36
11 9 10 29
41 31 17 40
2 40 43 39
44 40 42 31
26 33 30 39
49 27 24 12
4 11 29 19
36 7 6 30
36 14 37 18
38 43 47 37
39 30 11 33
29 12 7 31
26 42 1 43
29 35 18 21
13 13 26 34
4 22 47 35
44 38 27 36
39 17 8 37
38 8 36 43
16 29 43 29
35 16 3 46
48 19 37 34
6 29 9 6
40 12 17 36
36 45 24 46
47 8 33 41
33 41 2 19
15 8 10 48
23 35 7 42
13 40 25 31
3 10 8 25
47 12 17 35
10 47 7 44
38 29 35 36
25 18 43 27
26 37 12 25
23 25 14 36
48 23 15 41
22 3 36 38
16 31 40 47
37 18 9 20
1 18 37 15
8 39 7 26
31 43 31 35
7 29 14 28
19 40 8 46
14 11 46 47
31 34 8 18
15 49 33 18
43 36 9 42
14 2 1 2
40 20 7 34
17 25 33 32
31 15 11 23
15 36 8 40
11 37 6 27
3 16 18 17
8 4 2 43
33 18 9 7
33 17 12 41
19 44 33 26
19 4 41 48
28 33 14 5
19 36 15 42
32 17 11 32
4 22 14 12
1 16 41 26
23 10 18 41
48 31 11 45
11 7 48 26
25 17 6 23
30 22 3 24
15 27 2 14
18 18 31 1
5 43 4 35
34 11 4 42
21 45 48 16
34 12 5 4
34 14 7 35
3 12 14 47
10 12 38 47
4 21 26 38
33 29 6 36
39 42 42 47
10 21 35 0
0 27 9 24
15 37 46 41
23 11 9 24
42 14 43 47
24 23 2 48
49 48 15 33
9 44 27 45
27 19 46 40
8 16 0 34
14 38 1 37
40 39 4 43
48 24 24 35
18 14 16 43
17 32 17 20
32 12 29 34
40 44 22 39
47 27 19 47
3 27 18 48
35 43 37 36
22 11 35 24
12 43 7 44
24 47 45 47
21 37 14 47
12 39 21 37
0 40 11 35
27 28 11 45
15 11 4 43
43 22 23 0
6 36 8 28
17 32 40 43
14 0 11 23
22 9 19 42
7 22 14 35
33 10 12 27
15 39 30 41
11 19 42 40
3 39 12 37
20 29 40 43
