50 57 18067 800
15 18 26 14
27 1 39 31
19 19 20 8
10 16 8 11
21 15 28 2
5 0 20 15
23 26 41 36
24 10 41 38
21 16 20 36
49 20 25 10
21 12 16 47
19 37 37 21
29 17 18 41
17 13 30 12
11 3 25 40
49 22 29 11
12 21 7 41
37 8 23 17
48 32 34 24
25 37 39 35
28 18 27 4
45 32 33 28
36 28 10 42
23 5 4 14
48 28 25 35
32 47 36 38
15 2 12 13
4 19 1 39
33 37 42 35
43 32 44 6
32 48 26 12
24 29 40 39
31 22 18 21
23 24 14 29
17 17 25 34
44 38 27 13
47 28 38 34
43 30 26 19
29 33 18 8
39 37 41 1
21 41 6 23
26 38 7 26
18 35 39 16
23 31 37 33
48 31 33 17
10 31 39 25
21 32 31 23
11 25 8 42
15 15 44 35
5 9 37 39
14 25 30 19
35 32 8 44
17 10 31 37
44 30 8 16
44 48 12 32
19 33 38 32
32 19 36 24
