50 124 16070 800
16 12 40 18
18 43 41 39
38 37 48 38
28 22 33 47
35 4 19 45
2 33 44 6
41 10 23 42
7 30 27 43
10 24 17 48
29 30 8 38
9 8 33 34
7 20 15 40
18 14 18 34
27 28 44 12
27 41 2 33
27 25 31 5
43 16 40 39
29 29 31 38
47 21 45 5
3 18 24 18
30 26 30 18
21 18 4 33
3 19 39 26
30 44 23 45
45 0 20 43
39 38 28 19
49 40 8 29
12 18 28 15
19 43 19 12
34 20 38 9
20 33 22 37
19 42 35 37
24 15 13 34
39 24 15 43
22 35 12 45
7 3 6 33
26 22 41 10
30 27 3 29
43 23 39 10
27 16 2 8
15 45 13 39
18 20 12 27
10 18 37 17
37 16 12 34
26 44 39 0
30 26 36 3
30 22 39 0
31 24 1 22
42 1 26 13
33 45 40 6
4 36 31 16
38 49 29 40
5 28 21 28
1 21 31 36
6 30 4 33
17 29 9 32
34 38 27 16
28 28 11 33
22 30 21 6
28 29 22 44
37 33 49 18
32 40 7 32
28 26 35 31
33 15 28 43
2 24 12 13
14 48 9 48
20 40 48 2
4 38 45 2
29 31 24 35
27 49 46 18
35 35 14 20
31 26 30 9
32 47 45 11
27 32 18 30
6 25 33 33
30 42 49 28
33 38 29 4
36 40 49 6
32 49 21 19
12 27 9 41
28 34 18 32
6 14 17 46
3 35 28 22
13 38 8 29
23 22 33 37
1 21 27 17
26 45 25 27
29 46 18 39
18 20 6 33
26 46 8 31
33 16 36 3
29 32 12 45
34 43 15 46
23 29 11 46
18 24 15 31
32 35 28 32
31 43 16 19
19 33 18 42
6 20 26 10
49 10 21 42
5 30 14 22
38 43 21 38
23 43 13 19
39 10 16 32
15 21 19 43
39 4 37 13
27 44 13 42
14 23 48 47
5 33 26 6
19 23 19 29
16 24 28 45
29 22 28 0
7 26 13 32
7 7 29 33
5 24 8 33
5 22 14 16
10 8 38 37
34 38 4 38
23 23 15 31
26 18 38 41
45 31 37 42
32 48 39 21
20 35 27 13
43 20 7 17
