50 154 16511 800
36 37 34 46
27 29 41 48
40 22 26 20
6 39 1 33
46 18 45 47
41 40 26 22
28 6 21 40
4 47 39 29
9 43 39 46
38 48 30 31
28 35 33 44
29 6 8 43
38 35 13 32
42 6 31 43
14 2 23 10
21 3 26 25
19 5 39 44
44 43 1 23
14 6 46 16
19 28 33 37
18 4 23 26
19 10 28 25
34 7 43 32
43 48 49 18
30 31 34 47
44 46 43 34
47 17 24 10
24 0 35 41
9 48 46 32
39 46 42 23
38 33 44 32
32 24 47 20
4 47 9 46
41 24 49 32
15 40 41 31
43 49 42 37
8 38 16 18
41 29 2 47
41 38 41 8
42 13 46 28
32 33 47 34
35 1 46 23
14 3 17 17
13 12 21 31
17 16 37 39
16 39 34 38
37 17 49 23
14 3 37 38
30 33 5 33
17 4 8 47
1 27 35 36
7 43 39 36
40 33 24 36
36 6 37 41
32 46 42 45
23 7 40 14
35 23 22 18
19 36 24 21
41 45 11 39
16 4 43 42
21 10 21 27
19 18 17 47
32 14 42 42
41 49 46 45
1 41 38 45
49 46 46 42
42 27 22 20
16 4 47 35
48 34 37 36
45 48 48 37
20 1 41 18
9 40 3 26
40 46 49 36
31 13 40 42
43 47 9 5
0 10 47 23
9 38 46 36
24 23 17 23
30 39 15 39
33 39 48 37
35 48 47 41
11 40 46 48
4 36 43 20
12 25 43 48
26 22 48 34
34 14 36 32
48 9 7 11
9 44 44 24
18 12 38 20
13 49 41 30
21 6 42 29
18 4 43 34
27 44 38 45
33 37 43 30
47 43 36 39
15 28 47 31
37 3 0 31
12 17 47 41
18 31 38 43
32 39 39 32
46 11 38 43
41 12 41 47
17 2 45 39
19 0 3 39
3 36 49 21
19 4 39 17
45 47 42 8
14 43 41 32
41 47 44 25
4 45 39 37
30 44 7 45
28 45 48 23
5 40 46 48
9 45 45 24
25 17 49 46
46 47 22 27
47 32 43 41
49 48 12 17
44 47 36 38
29 49 23 39
0 43 33 22
39 41 43 36
41 47 21 0
26 8 48 38
39 49 0 40
29 15 35 48
20 25 27 35
19 20 46 39
3 48 40 29
33 34 37 49
16 16 32 41
31 5 46 42
13 4 35 32
38 33 31 15
17 1 10 23
42 41 39 33
43 44 41 40
12 36 45 29
32 43 31 27
26 6 40 37
13 48 32 27
34 43 25 10
29 6 45 32
5 13 44 24
9 18 39 48
49 26 40 22
40 35 44 45
20 36 31 40
22 3 22 12
18 30 45 39
43 44 37 38
26 3 42 41
14 8 33 27
37 31 44 49
