50 143 13076 800
29 22 1 19
28 20 14 26
32 34 43 24
28 8 4 27
29 38 39 26
36 29 36 24
19 33 45 21
21 47 12 32
26 15 39 25
29 38 44 14
25 11 9 27
20 43 40 10
21 40 43 25
43 38 13 35
9 26 43 12
42 23 28 43
12 17 37 27
1 10 41 10
22 11 28 34
33 26 37 33
24 18 33 33
24 31 26 20
41 25 44 10
17 36 39 24
31 35 19 13
31 18 49 25
7 13 42 19
14 20 16 33
10 21 16 19
27 13 13 43
47 41 40 31
20 32 39 31
27 6 36 25
25 10 37 12
18 24 2 30
17 42 49 28
37 38 42 7
26 34 30 31
30 18 45 49
19 20 46 16
35 30 32 1
2 15 22 29
8 41 38 31
22 17 21 34
26 13 39 31
29 40 43 44
25 19 43 14
15 18 39 26
32 42 47 20
29 16 35 33
19 27 7 40
47 44 11 18
47 32 11 35
36 25 5 29
28 16 41 16
27 34 40 13
22 22 23 16
31 13 3 33
20 2 46 31
3 3 25 29
37 25 33 22
19 36 47 11
26 25 31 35
16 12 41 22
4 9 26 28
38 37 43 33
9 5 15 16
22 26 16 49
20 13 36 26
30 16 6 0
37 37 30 26
13 9 14 30
35 28 31 11
41 35 36 47
18 10 31 28
25 28 45 27
17 35 29 47
28 16 16 19
14 35 41 13
28 12 27 31
18 31 29 45
12 44 41 29
46 12 35 32
23 29 41 19
18 25 24 26
28 12 16 35
13 11 41 25
13 19 35 42
25 9 45 12
23 40 18 45
19 37 38 25
21 10 26 23
43 34 24 37
29 25 15 28
34 25 41 25
16 18 45 9
42 43 38 29
22 34 34 29
30 20 42 46
18 47 46 23
33 30 41 40
24 36 37 34
46 26 36 27
23 30 41 23
3 11 47 14
29 6 2 34
24 7 20 36
24 12 13 28
20 32 5 35
13 24 19 20
27 33 22 38
24 22 28 41
14 36 14 29
21 9 32 20
28 34 47 24
24 14 18 16
24 17 36 21
23 13 3 27
22 27 40 26
25 22 49 24
9 33 36 13
22 36 34 22
22 9 12 36
19 25 42 41
43 26 22 19
10 10 8 45
19 31 33 49
27 32 1 13
6 23 38 30
42 20 42 14
21 34 46 13
35 37 43 12
25 13 39 31
0 3 31 33
35 16 44 15
18 33 43 12
23 22 15 38
40 45 31 13
16 26 40 12
41 31 29 21
14 40 45 9
27 10 35 40
18 14 39 14
