50 99 18294 800
25 26 28 9
18 15 41 7
36 8 29 14
13 9 1 13
28 24 22 14
19 30 14 44
1 5 11 19
16 35 7 47
13 4 44 8
41 40 12 5
38 28 25 17
16 25 6 28
43 9 12 44
4 27 15 28
39 6 32 39
17 12 18 21
10 39 10 46
2 10 19 6
34 20 8 20
11 7 13 19
24 19 5 9
14 5 21 2
12 8 14 44
13 36 20 12
39 6 12 43
2 0 15 41
19 48 17 16
41 11 42 2
25 3 43 12
41 24 9 1
31 49 37 15
42 9 0 13
42 14 7 25
3 0 14 46
35 20 13 3
25 20 11 25
13 26 8 34
13 6 12 43
13 47 41 2
27 30 30 1
14 28 6 19
8 44 26 5
35 36 7 13
22 49 1 45
5 27 11 7
3 7 4 2
3 11 15 21
33 38 29 15
14 12 10 11
13 47 46 9
14 46 26 10
1 37 15 49
40 5 7 46
20 31 14 48
32 19 1 25
17 21 31 11
24 11 40 5
28 38 11 46
17 32 38 14
2 16 43 7
5 2 23 12
24 25 16 47
35 12 13 44
37 38 8 17
20 32 27 9
36 16 16 48
17 9 33 0
13 27 45 8
15 17 16 46
17 39 22 6
29 30 15 43
19 32 0 17
7 30 23 3
14 29 45 5
32 12 47 9
6 10 48 8
17 34 35 8
6 17 49 17
6 41 9 17
25 10 18 47
8 26 20 13
0 29 12 46
16 7 31 9
4 0 23 27
0 16 23 10
12 31 17 46
16 41 6 26
13 20 36 13
25 24 49 0
4 11 35 6
28 32 4 22
29 10 38 13
17 27 25 10
23 44 9 28
18 11 25 45
33 9 9 17
25 16 12 9
23 8 24 16
40 12 15 43
