50 56 16171 800
8 38 49 5
0 42 38 1
30 5 14 20
16 49 17 23
23 45 19 32
7 49 5 17
10 38 25 9
5 46 47 2
6 40 32 10
35 40 40 27
9 44 15 32
7 32 47 18
24 23 41 31
23 24 15 6
11 43 41 5
11 42 41 25
14 38 36 0
13 24 19 29
4 39 11 16
11 45 10 21
47 13 23 28
26 28 44 10
5 47 23 35
13 39 2 8
44 30 36 18
6 46 12 17
12 27 18 28
32 48 4 14
26 22 39 0
36 33 35 8
14 10 32 36
42 11 25 3
21 1 38 20
33 44 18 37
3 42 7 14
9 35 32 19
19 47 3 10
2 49 36 16
33 43 13 6
4 47 19 44
1 41 34 2
44 13 0 14
22 5 37 16
23 28 34 31
23 25 48 11
10 42 20 10
20 21 7 14
9 42 34 3
26 2 30 12
1 42 47 13
44 16 29 3
49 6 44 6
38 26 4 5
22 13 25 48
23 12 37 4
44 45 32 23
