50 181 12963 800
24 5 42 11
30 31 41 4
23 6 18 36
31 35 9 27
7 48 22 24
14 16 10 38
12 46 20 26
38 3 44 49
30 12 40 9
35 1 39 24
18 48 28 10
25 19 46 44
25 2 28 10
35 35 46 37
17 27 46 46
36 33 27 44
38 33 12 11
4 48 45 47
17 30 33 11
37 9 40 14
28 34 1 34
30 32 46 12
38 7 41 3
36 31 40 10
25 4 25 19
29 28 43 10
33 20 47 46
9 21 40 14
13 2 10 31
10 43 42 9
29 4 44 46
11 43 47 47
34 29 32 19
34 5 31 44
20 6 44 35
19 48 34 23
25 3 41 9
17 14 46 33
34 29 41 35
25 3 38 12
37 29 45 44
28 3 43 43
23 5 43 3
38 1 45 8
12 49 46 11
27 47 38 40
33 4 19 23
27 30 48 9
33 36 44 6
32 35 49 40
24 3 34 26
31 3 45 42
44 1 28 16
38 3 34 48
2 17 35 47
36 25 40 47
27 1 42 9
16 46 15 16
34 1 4 32
24 3 45 49
19 19 49 47
18 48 19 33
32 32 22 33
20 4 31 6
15 46 45 47
5 23 38 18
31 31 46 10
35 30 38 42
28 24 48 5
26 16 9 17
32 13 44 47
34 29 37 36
32 33 44 11
23 3 43 13
20 24 23 29
48 3 22 37
15 17 43 38
11 12 14 23
34 1 40 49
27 48 46 15
32 28 44 48
46 18 45 8
13 45 48 47
25 7 47 47
23 4 42 13
2 39 44 13
19 30 41 11
38 38 45 18
31 11 25 15
48 16 47 46
34 27 45 47
32 29 35 17
11 49 42 10
41 30 44 11
29 5 40 11
15 15 34 40
15 48 21 36
7 23 46 46
26 2 5 46
13 44 39 12
25 28 22 24
31 37 16 36
37 30 47 49
4 9 27 25
30 0 39 12
27 2 41 7
16 14 11 23
12 47 12 34
34 31 48 43
24 2 45 46
5 48 37 15
25 1 28 35
7 43 44 9
35 27 48 47
25 13 42 18
46 9 46 45
38 34 40 14
14 48 42 9
19 9 21 23
42 0 49 47
30 29 19 47
38 10 27 13
17 5 15 24
38 32 44 9
30 8 44 46
35 31 47 47
15 22 48 34
12 4 36 21
33 33 21 5
2 49 35 10
14 43 46 5
4 49 32 48
45 7 39 48
6 12 45 44
17 40 46 46
21 5 48 44
3 22 43 45
32 3 43 44
28 2 43 48
35 35 44 46
24 0 47 45
8 24 45 44
19 46 25 25
23 2 46 13
43 7 35 22
22 5 44 47
25 3 45 8
10 13 16 33
25 2 47 40
27 3 32 3
33 34 25 29
28 27 38 1
12 4 49 47
8 49 44 10
25 2 43 7
31 0 42 10
44 8 45 48
36 6 43 42
25 4 47 47
17 15 41 12
16 11 15 30
17 38 48 45
10 48 49 45
27 4 45 11
13 1 22 49
9 22 21 22
33 34 20 21
24 2 49 43
31 40 48 44
32 33 49 7
34 30 15 39
16 17 4 35
7 8 42 43
14 28 49 48
18 27 38 9
15 14 15 46
32 33 47 41
27 3 36 7
30 20 41 37
16 43 25 39
25 2 3 23
