50 116 11265 800
31 13 0 15
24 8 17 35
28 13 15 35
30 17 23 31
16 2 19 33
7 45 21 38
16 48 19 33
40 25 4 1
36 17 19 32
28 11 22 16
37 15 13 18
24 4 13 38
11 48 41 20
10 49 17 41
29 7 10 34
33 8 20 22
39 6 17 34
37 28 23 35
13 4 40 18
24 3 37 8
0 48 29 20
27 8 13 39
37 4 25 40
36 14 21 33
43 9 18 38
11 39 42 0
33 11 19 30
38 27 17 30
31 22 18 32
11 41 3 40
7 47 15 28
37 9 21 28
28 8 1 3
16 3 19 39
40 2 37 12
47 0 40 10
25 4 21 31
27 7 14 27
27 6 18 42
34 8 43 5
32 17 19 35
27 7 3 24
24 49 24 15
24 5 41 0
43 29 15 46
31 7 22 29
31 10 7 38
21 10 24 7
42 2 19 34
25 20 11 6
13 48 18 20
33 4 0 10
39 13 23 30
37 22 24 11
27 6 14 31
28 29 22 29
37 15 24 40
29 4 20 34
36 43 45 21
39 0 18 35
1 46 31 20
7 1 10 35
45 45 12 8
40 9 28 6
47 12 26 7
24 8 20 2
30 24 21 21
27 9 18 42
32 1 20 25
35 5 49 9
30 10 26 18
9 10 17 19
21 4 16 38
7 43 12 32
29 17 22 32
49 17 27 38
31 0 16 19
37 7 12 25
7 46 18 28
25 16 17 37
39 14 7 33
15 5 23 32
7 46 14 28
26 3 13 37
45 16 35 19
9 43 11 34
34 15 17 28
45 14 17 36
23 1 2 24
0 5 14 16
23 6 10 16
33 4 22 17
32 2 19 42
41 19 34 44
28 4 17 6
46 12 32 44
27 22 21 20
4 18 13 17
28 36 16 36
34 21 25 34
12 34 23 40
9 24 24 29
40 14 21 34
14 16 18 24
20 48 16 27
14 25 28 3
10 15 18 2
31 6 17 31
40 17 29 31
4 43 10 18
44 8 21 28
38 9 13 36
3 41 14 27
8 46 15 29
24 30 17 35
13 47 14 21
