50 109 16869 800
38 9 20 27
49 31 47 21
35 25 44 13
37 13 6 41
5 15 11 10
49 21 25 34
27 14 23 13
15 9 12 2
3 18 35 3
29 37 42 19
13 5 21 21
44 44 38 9
9 10 43 4
24 10 18 6
30 2 42 10
20 15 26 11
6 12 29 32
11 2 29 22
12 9 18 27
18 30 24 38
14 3 48 7
29 24 7 3
18 6 13 27
46 19 41 16
21 18 25 41
43 46 37 37
47 15 34 16
13 8 5 28
5 1 43 2
26 26 16 36
11 4 25 26
17 10 2 5
45 15 38 7
31 25 29 40
42 28 10 22
10 12 34 31
11 6 12 12
9 11 40 16
1 22 36 41
15 2 1 2
15 5 37 5
47 25 47 40
13 2 47 5
11 2 29 7
5 17 49 8
9 12 26 0
10 14 42 34
29 43 40 4
49 41 22 31
31 24 26 11
24 23 10 19
42 3 5 24
40 40 41 9
40 34 12 24
47 33 23 10
15 21 24 23
1 14 30 18
16 7 28 12
41 19 31 27
9 6 45 3
8 3 43 5
20 15 49 46
43 18 7 8
43 42 36 48
10 0 39 12
40 31 0 11
9 4 47 35
40 20 22 7
28 6 28 11
41 16 47 39
15 0 14 8
11 3 40 44
13 7 34 18
17 11 5 35
17 7 17 13
45 32 14 16
1 7 38 12
37 14 49 5
40 7 7 11
37 29 43 13
10 5 42 2
27 45 36 15
27 37 14 26
9 10 27 19
14 5 15 21
9 0 43 13
19 7 27 49
35 39 45 11
7 13 24 12
1 4 32 34
6 16 41 6
35 26 38 2
5 5 38 18
8 2 47 48
22 28 1 30
37 29 41 40
35 31 14 3
44 1 38 40
8 17 40 44
22 30 28 10
14 13 23 14
23 20 6 21
23 14 43 10
49 35 6 14
12 7 30 30
20 22 38 16
37 20 17 35
10 5 13 17
9 1 27 7
