50 933 12520 800
3 27 10 3
37 1 46 47
24 1 44 34
21 5 48 39
3 3 49 29
30 0 48 18
23 6 48 26
12 36 12 12
25 11 21 36
12 1 10 26
6 17 48 47
29 6 44 18
30 1 30 49
35 13 7 34
23 14 6 5
29 49 30 36
32 6 13 32
18 14 25 35
28 8 31 13
16 10 11 3
34 46 28 35
27 44 38 30
8 15 47 25
30 44 45 30
23 9 20 5
18 45 28 35
27 0 46 24
4 25 26 2
11 0 35 20
30 33 0 33
22 45 10 8
7 31 9 42
2 1 42 23
21 3 38 49
19 49 40 7
23 44 36 34
37 3 12 30
36 21 29 20
26 8 24 36
30 49 27 35
11 27 11 14
24 35 45 20
19 20 48 27
7 22 25 46
39 23 7 7
34 0 2 44
23 1 15 13
17 29 9 42
19 19 41 18
17 5 20 10
25 3 29 30
18 8 13 10
17 28 46 30
24 49 9 4
21 19 43 29
21 5 26 11
26 4 32 30
38 23 42 29
22 12 11 43
10 0 18 24
44 38 49 25
31 36 40 26
10 7 0 12
35 37 10 13
33 9 17 40
38 16 22 44
17 4 3 30
36 4 1 12
29 8 10 6
34 9 36 44
23 3 30 23
33 9 14 5
12 27 42 35
36 10 3 5
26 44 9 3
32 44 36 39
15 5 6 38
24 4 5 41
46 44 16 31
33 18 9 41
8 4 8 13
24 5 11 18
20 3 14 30
34 19 12 12
34 12 44 34
27 10 40 37
13 6 32 23
43 31 47 29
6 12 31 29
32 32 47 13
35 43 31 1
43 9 14 33
23 49 27 26
21 46 43 29
21 16 14 9
25 32 39 45
3 7 49 24
24 0 10 8
15 48 4 18
15 5 34 47
22 3 25 40
39 10 36 29
14 3 44 21
28 11 38 42
41 38 14 9
48 45 4 44
7 6 0 0
30 1 36 30
30 10 46 15
40 48 3 37
18 7 16 4
9 15 30 35
36 2 13 19
26 37 37 23
42 43 16 10
32 0 39 28
22 11 19 5
33 10 11 13
37 12 40 47
44 11 41 15
7 22 41 43
42 33 42 5
21 10 44 22
30 49 10 36
9 6 1 5
14 25 6 40
27 39 43 32
4 15 21 2
15 1 23 46
14 30 12 27
15 7 9 30
44 5 9 37
29 2 42 12
43 5 3 16
32 6 19 16
33 47 13 15
30 44 6 36
34 41 48 18
32 5 37 45
29 14 35 23
13 41 22 17
30 12 6 1
35 4 44 26
22 44 10 7
29 21 20 24
29 3 33 48
36 34 5 14
34 4 25 32
26 14 4 13
15 5 48 23
43 48 44 15
31 5 2 5
1 0 6 9
28 18 18 23
23 2 12 8
28 10 4 1
46 39 10 9
34 3 42 17
14 16 34 34
17 44 13 48
43 19 40 25
19 5 25 29
21 0 19 12
7 26 1 5
22 20 14 12
27 14 27 36
25 10 43 21
37 11 12 23
40 5 0 2
32 3 39 20
27 1 7 14
5 2 43 22
26 37 34 24
14 9 19 32
33 5 5 36
48 0 13 15
16 5 5 25
9 27 8 12
31 41 11 17
31 45 8 26
9 32 3 14
18 8 16 22
17 40 36 28
31 4 16 6
29 43 5 23
36 49 10 28
26 10 47 13
39 9 10 13
23 46 3 41
17 32 13 14
29 6 49 24
28 6 38 49
32 5 4 4
2 27 18 36
25 7 33 25
21 45 11 3
29 21 39 22
19 8 6 6
41 0 44 19
12 13 10 41
7 14 45 27
1 1 32 22
35 11 28 44
21 1 19 41
11 45 20 10
36 6 5 39
31 6 4 41
33 5 42 28
24 1 47 33
1 8 41 38
11 5 35 8
12 25 22 35
13 2 37 16
26 11 7 46
18 15 4 40
21 46 8 33
29 2 41 19
6 14 12 40
20 37 8 15
38 1 13 20
17 33 49 18
30 11 9 38
37 17 4 43
33 13 8 6
48 27 45 13
13 4 36 3
27 18 10 19
43 4 44 38
27 3 5 41
9 9 4 41
32 43 38 38
28 2 2 35
34 6 37 24
8 20 18 13
38 23 34 33
29 23 20 17
27 49 2 38
27 12 5 20
20 8 0 37
40 29 5 39
28 11 7 17
4 1 45 22
41 29 12 13
47 49 11 11
29 16 15 36
3 5 17 6
26 0 34 23
28 7 47 19
29 16 30 37
3 12 10 15
36 12 6 44
4 36 12 42
29 5 35 26
47 20 39 36
39 44 33 13
44 4 45 16
17 0 29 35
28 10 25 27
24 44 29 38
1 13 9 14
27 11 15 12
40 7 38 25
20 11 49 26
33 44 15 12
46 11 45 24
26 1 7 42
31 48 31 28
38 44 32 36
7 18 34 30
21 6 45 32
0 8 47 28
15 4 8 7
28 2 40 26
25 15 28 32
24 49 48 30
34 1 13 24
30 8 11 38
15 16 48 32
29 6 38 12
21 29 4 35
34 8 49 36
42 36 44 8
15 12 7 15
40 41 27 33
33 11 46 19
33 43 0 33
36 17 45 28
31 47 2 31
26 0 35 25
15 8 3 11
27 44 42 18
28 40 46 16
14 14 5 5
32 4 3 39
1 1 44 23
36 5 40 35
22 14 3 8
19 9 3 36
30 13 19 22
32 9 2 7
7 4 28 21
33 9 14 14
31 6 43 17
32 14 23 38
39 5 13 19
27 1 47 24
21 17 46 32
35 34 47 25
39 47 42 23
40 6 9 36
18 6 36 32
20 1 9 20
20 46 1 4
13 12 14 1
44 42 49 12
39 35 6 38
25 5 10 30
36 49 45 42
25 29 12 1
23 2 13 5
34 16 31 45
40 7 4 4
31 49 6 42
45 12 45 31
4 17 42 17
27 7 6 11
27 16 7 6
27 46 19 5
36 8 11 36
47 47 45 21
30 40 22 20
34 7 49 33
3 24 19 26
27 8 3 41
40 12 10 26
44 47 15 0
41 27 1 37
26 3 12 38
22 46 13 11
40 5 5 42
2 14 10 9
33 5 6 5
2 13 43 30
35 3 14 16
25 9 4 16
37 44 47 24
31 7 5 7
42 6 7 19
25 5 48 30
32 6 47 25
38 35 39 17
0 20 35 29
21 4 33 41
9 18 44 19
29 37 44 19
25 12 14 21
28 48 41 2
29 2 4 8
38 30 40 20
44 5 39 28
27 36 42 22
23 46 20 36
36 42 44 31
3 20 3 37
20 13 41 44
35 41 41 30
28 22 1 22
25 43 49 33
27 1 11 18
31 10 41 17
27 8 7 10
4 16 5 40
36 42 9 46
16 3 12 11
32 47 38 29
35 5 15 7
48 14 3 13
31 14 31 24
4 28 47 14
24 44 28 30
30 35 49 35
31 7 11 32
24 2 46 25
24 31 29 33
39 3 48 47
14 40 13 9
19 2 39 28
34 28 13 14
28 15 41 19
28 8 0 35
27 3 45 32
30 10 2 45
20 3 35 12
25 4 2 37
10 32 16 17
33 9 28 33
21 47 11 25
32 20 8 14
37 8 1 39
26 7 17 7
20 10 5 5
34 6 1 4
44 5 1 42
29 0 6 20
3 16 5 12
45 23 42 28
9 8 4 22
45 9 41 24
30 9 30 37
46 46 5 6
45 4 24 21
20 0 23 21
17 19 17 5
33 2 40 43
49 49 30 21
35 13 11 9
27 40 11 15
21 8 41 47
12 8 25 14
42 47 42 26
19 29 34 15
22 6 40 16
44 1 19 17
39 24 19 17
37 44 47 26
24 33 44 36
37 16 29 47
29 43 44 19
29 37 13 13
11 31 36 35
32 12 35 48
18 13 7 35
47 14 34 21
35 18 44 26
39 10 4 9
28 45 7 41
35 6 22 25
32 5 0 8
28 10 8 1
30 11 13 46
28 46 41 30
39 39 48 23
23 11 12 10
26 1 45 35
44 40 0 23
6 0 18 27
27 8 33 40
30 49 33 40
39 2 47 47
22 46 7 9
25 0 23 17
30 2 9 1
36 43 13 17
27 5 4 12
30 16 48 45
46 42 12 32
22 24 14 19
35 9 28 45
42 15 26 16
17 17 43 40
42 3 39 40
45 6 39 26
32 37 10 41
11 20 2 31
21 1 12 12
24 1 1 17
21 1 23 39
22 47 8 12
22 14 25 27
30 6 9 16
30 46 43 26
32 19 36 7
35 10 31 3
32 2 7 5
23 1 9 42
19 9 7 41
28 11 34 38
32 12 19 9
29 49 8 38
25 6 8 4
33 5 6 14
25 42 5 35
29 44 10 10
15 10 4 4
43 10 48 28
22 13 2 0
12 36 43 26
33 0 48 23
39 7 15 8
28 0 7 36
29 5 4 16
30 43 43 5
25 45 48 22
39 41 6 9
1 10 45 12
27 13 2 0
20 31 15 16
21 3 37 25
26 10 48 23
16 40 43 27
40 39 42 24
19 13 49 20
42 17 9 18
28 24 46 31
48 12 10 40
39 4 2 40
16 4 48 18
36 44 1 23
1 17 3 36
34 45 24 33
17 2 4 7
26 7 1 28
5 14 41 19
13 12 16 17
38 23 45 46
36 43 10 36
22 10 28 48
40 20 48 27
7 19 5 15
22 5 40 23
25 8 11 5
25 9 44 24
40 21 48 29
26 9 30 35
33 24 43 18
10 42 14 4
24 1 26 39
42 10 4 27
30 49 48 23
29 10 28 24
26 5 34 18
40 49 0 6
17 0 2 14
11 4 8 17
23 5 35 22
20 12 1 37
25 14 8 35
49 35 6 14
27 8 4 35
31 14 36 45
32 5 40 23
21 13 4 39
21 13 15 3
23 1 28 35
22 9 21 19
38 13 38 26
33 12 4 9
41 48 36 12
5 24 2 17
29 5 42 23
22 33 19 49
25 46 32 8
31 2 7 7
3 13 1 16
33 49 42 20
33 46 7 40
20 7 40 8
10 12 36 34
15 11 11 6
39 2 47 30
7 24 38 24
32 6 21 30
20 24 45 24
19 6 15 41
41 1 42 41
8 30 42 36
19 25 40 16
42 1 44 22
15 12 1 11
28 0 44 27
15 5 42 19
29 49 45 28
31 42 25 39
20 46 32 42
26 5 0 36
28 3 36 25
29 48 35 35
43 29 49 37
49 10 12 1
12 13 35 24
2 17 42 10
26 19 6 14
9 7 4 3
24 48 15 8
29 8 39 21
29 3 6 7
17 6 37 24
39 10 44 19
23 37 38 39
39 6 0 36
25 48 38 26
25 10 41 25
40 46 13 34
40 14 9 13
32 5 8 40
38 47 46 16
22 15 0 41
17 5 24 29
0 32 24 25
20 16 5 5
23 7 39 22
39 0 3 39
37 17 31 14
27 11 12 41
19 5 13 17
3 19 6 40
27 15 46 44
33 15 17 12
29 5 8 40
30 10 46 25
26 11 21 49
7 41 39 22
35 0 29 4
30 32 5 37
2 4 17 7
35 2 24 47
19 5 24 11
35 4 46 11
30 25 2 4
21 13 48 25
32 26 9 37
32 7 45 26
8 8 38 37
25 29 40 37
40 9 42 25
32 7 7 42
18 6 20 31
38 12 47 25
13 3 47 23
31 12 34 18
27 32 26 27
39 16 5 12
15 7 8 47
10 33 30 40
1 3 18 18
23 42 4 19
13 3 40 24
14 14 38 49
30 15 45 46
40 42 37 33
26 5 43 18
14 4 37 28
18 45 26 34
7 17 15 2
26 9 8 30
31 9 49 27
25 3 48 17
16 12 7 8
14 22 23 30
21 11 0 39
29 4 21 41
34 7 10 16
31 46 16 0
15 13 15 24
31 11 9 35
35 6 40 21
26 31 47 15
6 45 36 25
11 1 7 36
21 5 40 25
26 10 45 36
33 11 13 21
37 44 2 6
26 2 6 16
31 40 10 8
36 8 35 0
22 6 8 41
26 39 24 14
17 17 25 29
37 2 47 36
25 10 48 27
24 11 40 8
32 8 44 19
29 43 46 27
22 9 9 42
21 33 0 40
25 30 17 18
28 15 8 16
25 9 18 11
35 48 33 21
19 33 49 18
39 38 27 13
10 19 48 27
42 4 35 14
38 11 3 36
42 37 0 42
15 47 5 5
40 47 9 42
26 3 46 20
7 2 6 8
12 13 28 23
32 0 4 11
20 19 22 48
28 28 5 38
29 47 5 9
23 0 6 48
22 19 3 6
35 12 18 40
5 27 27 41
10 7 15 25
19 6 13 28
29 9 26 24
13 10 36 25
40 30 14 0
32 45 46 21
36 21 5 14
37 12 27 38
46 37 35 4
37 8 6 13
37 39 16 11
21 5 45 32
10 1 42 34
29 3 37 12
28 0 1 10
33 12 37 16
14 22 11 2
29 11 41 25
21 43 49 23
26 6 13 34
25 3 33 21
16 10 44 19
13 6 12 20
33 44 6 8
32 8 19 28
23 10 2 14
34 13 39 42
16 4 37 35
30 5 38 31
31 18 11 7
35 5 17 16
18 12 42 12
22 11 2 13
25 9 48 25
22 34 39 37
30 45 17 0
31 6 19 46
20 7 44 26
23 24 40 15
40 48 1 39
35 49 25 33
45 9 46 21
17 31 9 25
34 12 43 39
23 17 12 17
38 18 46 32
34 43 23 1
37 10 43 21
39 19 40 25
8 12 49 39
28 6 33 42
17 20 3 0
24 9 11 5
32 2 33 22
33 22 34 45
7 22 41 27
30 11 4 0
37 4 2 36
33 16 12 37
3 12 7 26
28 10 42 32
7 6 12 12
24 7 6 0
27 3 47 49
46 12 45 21
24 7 9 21
30 4 40 25
22 7 1 42
27 12 49 44
36 2 40 11
29 5 2 38
14 19 30 16
38 31 16 6
33 2 1 40
30 3 33 35
24 21 46 38
36 47 1 42
27 2 22 28
19 8 43 21
34 8 14 18
23 43 6 15
29 48 15 7
14 4 34 18
24 14 35 3
28 4 11 12
23 6 47 28
26 35 33 25
38 34 21 12
46 42 9 39
30 44 2 9
27 7 3 38
19 48 2 3
34 14 6 16
30 2 7 10
31 5 42 38
31 4 2 27
33 9 40 21
32 3 0 32
25 47 45 48
35 49 47 21
27 8 39 26
22 26 47 27
18 25 21 22
41 23 10 49
35 2 48 18
24 37 37 5
37 0 49 20
6 26 11 1
28 21 45 40
34 19 31 38
37 12 8 4
1 8 47 28
25 24 5 6
40 43 7 7
25 8 19 16
35 4 1 8
35 1 41 22
36 4 6 18
12 15 2 3
20 37 49 27
33 9 8 16
33 19 31 26
36 16 13 22
38 20 8 40
26 9 39 25
35 41 1 12
35 26 7 33
32 10 23 27
28 30 49 19
42 37 8 7
34 46 35 38
31 41 31 4
11 0 46 23
21 48 18 4
20 6 40 16
0 0 40 26
19 40 23 34
34 9 15 29
28 10 16 20
39 39 11 40
12 14 31 26
14 46 4 7
35 13 13 33
14 42 11 20
30 9 3 40
35 37 22 2
20 6 4 41
12 45 9 12
8 26 45 15
30 20 8 11
34 1 25 46
41 15 7 38
8 21 11 9
11 12 0 19
33 2 3 6
18 8 10 1
12 11 44 22
22 4 42 30
13 11 18 39
36 13 8 2
26 17 45 8
24 9 1 19
23 2 12 10
27 12 26 37
33 9 49 24
27 44 42 17
43 9 49 30
26 34 1 39
11 6 13 23
21 36 49 28
42 19 47 24
31 4 36 16
47 17 5 4
32 10 4 9
36 1 3 12
25 19 33 35
28 47 12 41
4 8 14 42
24 10 7 5
33 29 3 42
31 6 8 33
3 9 32 1
18 42 3 10
31 22 5 11
34 13 2 17
31 42 30 16
38 12 7 15
32 33 33 26
27 7 40 21
28 4 5 13
36 47 29 28
37 48 1 2
24 30 44 23
34 12 11 13
32 36 20 18
26 4 45 16
31 2 27 45
32 46 48 32
22 44 24 1
31 27 38 22
27 6 14 14
28 42 6 22
25 49 20 18
25 5 42 32
8 31 44 8
22 8 3 37
27 17 45 22
4 24 6 46
37 10 45 25
25 40 44 13
27 37 43 12
31 0 48 26
39 3 2 41
19 25 5 11
31 16 38 29
16 7 44 27
12 27 11 16
24 49 45 23
21 0 26 43
41 13 3 10
29 8 35 36
38 4 16 5
18 7 48 10
25 4 12 5
18 29 0 39
13 15 42 25
41 22 45 48
25 1 40 28
26 7 1 11
45 26 4 44
35 9 10 33
31 5 16 6
39 37 29 21
24 2 7 10
