50 201 17270 800
13 35 12 43
0 22 15 29
35 2 7 28
18 18 29 33
36 1 27 11
31 24 47 29
27 30 16 21
45 38 22 34
25 24 22 6
10 43 21 8
38 35 12 4
36 8 14 46
26 25 24 14
31 22 13 8
11 27 6 17
47 30 12 14
23 33 20 31
18 25 38 34
39 39 21 16
13 40 34 17
38 27 28 35
17 43 2 42
46 18 14 30
8 2 15 33
17 26 1 0
5 8 33 32
29 3 4 3
15 8 2 40
31 21 13 16
47 16 41 26
40 27 37 48
33 21 41 42
31 38 10 3
25 16 27 35
44 17 29 24
37 23 48 37
32 47 18 38
29 14 18 33
14 29 11 5
10 6 4 26
47 23 1 40
27 21 2 47
10 2 19 22
32 5 16 38
44 11 11 31
31 23 6 35
37 21 15 5
46 11 12 17
1 35 23 33
43 25 11 20
47 30 6 24
31 14 14 8
32 48 8 13
44 31 23 13
47 20 6 21
2 11 2 42
33 23 1 47
4 13 30 40
4 2 14 1
2 4 25 22
31 0 24 38
34 0 10 24
24 23 27 15
18 43 21 10
44 19 12 47
1 6 1 40
20 39 30 17
42 39 33 28
31 3 2 44
25 1 18 3
47 23 29 3
7 2 15 19
13 14 27 8
3 12 36 14
35 42 23 28
29 8 44 27
38 16 10 17
18 30 33 21
31 37 8 13
34 18 25 36
37 14 20 30
15 35 17 12
34 24 23 34
30 32 13 29
34 17 34 26
19 37 9 13
10 13 31 7
18 22 45 24
37 19 16 33
6 12 31 14
35 13 14 42
36 32 13 29
24 14 16 23
32 43 8 16
22 24 21 9
35 24 4 31
30 2 4 42
43 10 33 36
43 29 8 21
45 29 12 43
6 5 33 6
47 7 3 10
30 32 44 24
17 29 27 38
36 28 2 48
35 26 28 29
0 2 7 36
26 14 1 45
29 2 16 2
39 6 22 6
6 7 28 38
18 17 10 7
16 26 3 42
49 24 10 26
22 1 27 7
33 6 21 4
14 24 25 15
30 28 18 29
42 16 27 37
46 7 18 37
2 9 4 29
29 24 5 13
37 25 28 34
5 7 20 30
8 27 32 19
30 11 37 37
44 23 19 12
34 20 47 49
47 8 24 28
33 27 11 8
41 26 28 19
26 20 29 14
2 14 16 18
16 45 3 14
35 31 18 26
38 16 12 39
44 14 1 48
27 19 11 2
32 20 22 24
30 24 24 46
39 36 10 11
4 12 15 45
20 34 12 22
37 14 14 34
15 22 13 33
32 13 13 29
17 43 39 16
36 29 16 12
18 37 12 0
38 18 4 29
7 12 7 32
44 14 26 36
32 14 45 49
37 22 21 34
31 4 28 29
5 9 22 18
46 21 10 45
39 24 28 20
30 29 4 12
4 39 7 46
9 3 2 15
33 7 0 27
32 17 9 22
17 11 29 37
21 24 33 18
36 44 13 13
20 30 26 32
4 18 5 39
27 33 9 1
9 29 10 37
9 10 5 13
34 26 27 39
31 39 13 22
29 1 19 44
33 31 9 25
44 17 30 34
32 27 27 16
48 12 1 47
27 20 34 45
31 28 1 47
39 18 2 13
11 40 36 21
5 21 18 32
26 33 5 39
45 19 5 37
32 8 15 1
21 28 12 29
18 5 1 49
0 14 17 33
47 7 6 20
45 8 1 44
28 44 19 4
3 9 17 34
27 35 41 11
1 28 33 29
16 22 28 21
25 21 8 15
12 41 33 10
27 9 16 6
30 6 13 5
22 36 2 42
