50 277 12281 800
26 15 8 31
24 22 30 19
5 27 44 5
44 41 6 22
29 24 13 29
26 9 38 36
3 30 40 37
23 19 9 25
49 27 13 16
9 26 47 3
13 7 36 41
11 24 35 36
6 25 28 40
30 13 26 27
49 44 31 24
14 44 43 35
3 26 35 36
41 37 43 6
4 27 35 40
25 15 35 42
36 38 19 16
16 40 31 15
4 17 33 33
18 30 16 22
16 38 41 11
35 47 19 24
28 18 6 46
1 28 37 37
29 13 34 48
29 17 33 49
3 24 32 41
47 27 14 23
25 21 23 18
5 26 28 41
15 46 6 26
29 41 34 43
24 17 17 21
37 44 14 19
36 40 4 40
24 14 32 8
36 30 13 15
43 26 23 26
23 21 31 49
32 20 25 23
26 21 37 35
4 31 29 22
26 28 18 25
5 47 25 31
30 17 48 27
28 22 20 37
26 32 16 36
10 6 37 36
4 28 2 23
33 40 20 1
12 0 2 42
8 24 44 14
36 25 11 23
26 15 7 15
42 20 14 28
25 13 18 25
25 29 32 40
24 16 24 39
9 28 16 41
4 26 21 27
44 46 17 42
47 49 22 24
25 19 30 20
15 46 27 29
0 18 12 30
30 26 32 0
5 27 27 15
35 34 13 13
38 31 25 46
24 11 29 49
8 32 24 23
25 20 28 34
6 34 43 37
33 21 37 32
36 46 9 5
22 21 15 23
23 24 36 37
20 16 42 46
42 31 8 6
38 22 29 32
10 19 30 35
8 19 14 19
18 39 39 36
7 25 37 34
11 20 25 42
42 30 41 11
24 15 34 16
27 39 12 19
7 30 42 22
6 27 12 25
28 39 24 17
23 17 26 44
26 14 38 36
9 26 37 40
7 25 19 40
31 41 24 42
27 14 38 35
4 29 23 16
34 24 46 9
26 23 36 35
26 15 25 46
48 31 21 20
23 21 17 28
19 20 1 12
22 20 18 24
13 8 9 20
47 35 7 31
28 21 13 17
37 38 5 9
6 29 37 39
9 5 38 34
18 23 13 20
48 43 20 14
36 40 9 20
6 28 39 34
32 32 35 34
28 10 33 4
45 47 38 39
37 33 28 43
23 15 36 38
8 26 15 18
0 10 14 40
48 24 21 25
15 32 26 23
9 41 40 37
43 31 32 40
23 17 2 32
23 21 2 16
27 14 22 32
33 16 46 4
30 18 48 24
22 26 40 31
6 27 35 33
14 27 21 34
1 31 35 36
21 22 37 40
30 20 31 39
22 20 46 7
6 28 31 6
20 21 14 9
27 18 38 40
33 36 20 37
18 47 37 38
20 13 36 35
49 38 13 26
30 19 44 20
48 24 36 43
6 27 27 24
43 45 18 28
38 36 19 47
40 34 13 23
2 25 38 13
23 15 38 6
35 35 39 34
46 31 33 33
23 28 8 35
20 42 20 24
34 13 46 4
23 17 8 15
26 19 36 39
28 15 22 22
4 24 7 8
36 33 38 38
3 45 39 40
11 48 38 35
27 14 47 21
28 17 18 2
23 13 38 7
7 27 33 19
45 26 37 34
18 18 36 34
36 47 36 28
11 38 17 32
27 12 20 22
46 11 37 34
9 30 23 39
24 22 20 39
10 31 37 28
21 26 25 30
6 46 27 0
12 29 41 42
26 44 39 36
29 15 22 3
30 18 3 16
37 24 12 2
26 22 18 24
22 41 10 22
47 34 37 37
27 20 39 37
31 31 10 17
19 23 36 38
40 42 28 22
9 25 39 38
29 42 21 22
37 40 11 20
8 34 39 15
9 33 31 29
18 12 7 31
2 1 16 14
33 20 28 29
26 18 38 49
39 27 7 23
34 46 35 35
26 17 32 39
46 28 39 33
24 14 38 37
30 13 29 18
21 20 9 29
38 33 22 13
47 38 21 18
14 37 41 36
10 40 22 41
33 33 11 16
20 13 10 14
26 22 31 43
48 42 8 28
32 47 38 38
31 20 19 47
31 36 40 36
22 24 33 22
14 4 30 38
4 26 21 29
14 27 39 36
26 20 8 29
21 11 20 21
21 17 17 27
13 18 17 40
19 25 25 35
23 39 25 22
24 12 37 35
22 13 15 43
8 26 18 26
25 18 15 40
39 36 22 15
35 6 28 34
8 8 21 12
47 47 26 27
5 24 42 25
14 36 37 38
27 16 22 13
33 33 25 37
49 24 28 42
8 41 41 16
42 40 18 27
29 23 5 24
24 12 21 27
22 11 22 22
26 18 35 40
25 25 14 27
27 23 29 12
21 20 44 13
28 16 39 32
31 39 33 32
13 40 35 36
28 11 22 12
1 42 11 36
34 47 35 35
4 27 9 21
47 5 6 11
17 21 12 11
26 18 42 20
14 41 23 23
39 37 11 27
5 26 20 49
30 12 13 13
26 21 38 31
25 11 35 39
33 14 20 17
38 44 39 10
3 21 36 37
21 8 0 19
24 20 4 4
24 13 20 17
