50 270 11392 800
0 8 31 31
34 42 11 24
15 9 6 39
32 5 34 40
19 9 18 24
42 14 14 20
5 27 34 15
40 16 36 43
20 34 26 40
10 22 6 41
16 41 8 8
20 10 40 25
22 14 21 23
2 10 43 30
11 4 18 38
14 37 39 34
24 23 8 46
16 37 36 22
28 20 31 14
8 8 22 15
34 34 20 32
11 10 20 22
32 44 30 17
17 9 24 19
43 14 19 20
4 6 31 29
19 36 28 9
27 19 14 37
1 5 43 24
34 34 35 26
44 35 39 16
17 11 40 6
8 10 27 19
37 38 25 20
46 16 41 16
15 5 1 49
11 40 22 15
25 2 41 42
20 41 1 45
40 35 25 21
17 32 29 15
23 29 22 15
3 11 40 47
19 11 14 40
31 29 7 28
10 19 20 16
44 25 14 43
30 10 22 28
11 45 40 40
4 5 43 39
21 31 5 17
10 13 37 27
1 6 24 26
15 11 35 34
31 26 39 38
23 33 43 31
8 9 37 5
32 30 22 15
22 20 38 16
11 33 19 11
19 6 17 20
24 45 8 39
22 40 39 39
2 33 23 13
29 5 27 23
21 40 22 22
32 7 36 42
4 5 35 40
37 20 34 38
35 42 29 30
14 4 30 30
5 0 12 38
49 5 27 30
42 39 3 39
31 2 42 20
18 8 12 25
22 41 29 11
16 19 33 6
28 30 19 24
43 31 26 23
26 9 42 39
12 31 18 23
40 46 40 36
19 39 23 23
14 9 9 14
15 19 38 39
20 9 34 26
2 6 13 42
13 40 30 26
46 47 11 1
36 40 38 43
16 38 18 29
43 8 34 24
42 29 15 8
13 17 41 45
24 12 12 40
13 6 44 33
21 4 41 21
24 18 6 49
22 12 41 17
20 17 31 22
35 38 15 10
18 19 39 23
33 5 13 46
43 15 37 39
39 6 41 39
16 2 12 40
40 36 23 40
9 4 41 14
13 34 40 44
44 3 25 42
36 15 22 39
22 7 23 12
11 7 38 28
21 33 47 23
9 48 43 18
47 24 23 28
40 8 40 23
43 2 29 38
33 45 37 35
27 33 33 20
13 8 25 26
21 43 21 9
21 39 33 21
24 8 43 39
10 31 47 32
3 8 8 48
23 2 25 19
40 11 1 42
39 45 41 41
13 13 33 43
12 10 34 8
10 0 32 19
19 36 40 30
39 17 32 30
10 10 15 32
21 30 32 45
42 35 10 24
34 44 39 44
19 32 32 31
26 19 31 35
46 28 39 41
41 35 46 32
22 18 42 44
35 11 16 30
25 39 40 42
7 24 17 48
9 32 43 40
21 19 26 45
9 4 40 27
6 40 47 22
14 37 40 39
18 22 18 29
34 26 26 17
19 37 35 33
17 43 23 16
31 31 32 25
15 17 4 35
16 1 48 28
9 7 4 33
31 39 40 32
10 11 31 38
21 12 24 22
8 33 42 41
33 17 35 13
14 20 39 26
22 7 18 37
16 13 6 42
3 3 41 38
26 4 43 23
15 41 8 49
20 14 38 33
29 41 27 27
13 5 45 26
4 4 33 17
16 28 27 36
39 4 10 15
17 14 40 39
23 8 14 20
20 34 25 20
46 22 34 36
21 36 31 28
23 16 12 17
21 3 44 28
35 43 20 14
16 5 4 14
38 3 22 24
39 12 45 20
29 23 3 37
19 12 40 36
28 17 37 31
44 29 14 27
22 13 8 21
7 9 6 43
18 44 41 23
18 10 17 22
19 7 26 15
42 16 39 25
19 36 24 16
29 20 48 25
17 10 38 25
17 5 43 24
44 43 25 35
1 7 36 45
35 8 48 33
6 7 42 25
2 6 39 20
42 30 26 42
34 35 9 44
32 14 18 18
26 21 46 20
14 2 11 38
27 39 28 26
28 7 48 19
14 32 38 27
11 49 41 30
16 15 13 22
36 10 34 28
6 12 34 26
14 18 31 30
13 41 6 41
20 27 33 18
44 34 22 31
6 9 38 40
29 40 37 37
21 42 36 44
22 15 23 9
2 31 21 20
36 11 42 42
30 39 41 17
42 27 36 30
28 25 44 23
5 5 30 19
23 40 8 38
20 22 36 33
18 41 30 22
23 43 26 48
18 16 45 24
18 29 25 33
28 22 35 39
45 13 15 48
20 13 40 21
23 28 28 24
13 39 47 41
28 16 16 20
3 6 38 44
27 9 24 27
26 32 38 44
25 6 43 24
10 7 22 25
36 3 20 5
26 14 37 28
22 19 4 48
10 22 25 29
11 9 37 30
35 26 10 35
22 5 41 41
20 1 31 20
30 39 48 29
13 35 32 28
34 21 10 30
16 36 37 40
8 7 33 9
30 14 22 18
34 41 46 37
31 9 9 21
19 10 1 37
24 38 18 17
6 8 32 25
38 28 24 17
