50 664 13188 800
30 25 45 37
11 28 39 44
13 10 37 24
12 31 45 3
31 43 45 45
22 1 9 44
24 48 34 27
8 35 13 41
23 43 7 39
13 27 15 21
6 35 33 2
17 30 11 28
32 38 26 39
40 31 4 43
13 31 28 8
7 32 42 20
27 8 22 20
20 43 19 32
26 26 41 2
22 47 37 20
41 35 43 11
30 43 32 34
11 0 35 36
15 26 8 41
19 26 8 44
5 27 0 45
25 43 11 10
2 37 0 17
30 2 23 20
5 28 21 9
9 6 7 34
31 41 33 14
30 4 24 19
15 45 3 46
0 46 17 21
40 42 47 14
7 31 36 8
16 31 27 14
3 24 32 28
40 37 30 31
19 37 6 41
10 20 29 26
14 47 10 45
14 7 49 26
6 34 26 26
8 33 10 28
28 28 30 2
3 24 6 37
8 39 2 11
14 3 45 28
6 33 17 16
7 36 0 35
44 49 45 19
22 4 2 36
9 25 39 8
41 27 9 37
3 22 7 36
26 34 8 39
6 34 25 43
18 28 42 8
16 36 7 36
12 41 18 20
10 41 13 34
33 39 43 5
10 30 11 40
3 10 41 41
11 12 3 24
9 37 42 12
15 15 48 11
6 39 26 28
39 32 8 41
16 18 49 24
31 48 18 18
11 33 10 15
40 41 8 45
29 36 3 43
23 10 9 42
12 31 41 25
14 21 7 40
21 40 18 24
7 10 47 14
8 31 36 25
11 8 24 16
40 29 11 38
18 41 45 7
15 9 40 2
15 8 45 22
35 39 33 6
41 48 8 40
3 29 36 28
14 42 45 12
14 6 10 39
10 32 49 10
24 2 7 43
26 40 42 43
26 34 28 30
20 38 10 39
19 41 7 35
12 36 19 32
5 22 8 32
13 22 7 35
14 39 30 42
3 19 13 34
27 45 31 16
11 40 4 30
45 38 49 2
13 35 3 37
26 37 28 13
21 39 35 6
14 34 12 17
34 48 8 35
12 31 35 46
4 29 2 34
14 17 44 35
15 7 35 19
2 28 3 45
31 45 35 28
25 40 10 14
2 33 8 25
12 24 36 6
26 28 39 26
8 34 5 26
6 28 8 39
16 32 18 41
44 48 4 33
3 20 7 22
21 4 46 11
17 34 41 14
3 43 18 14
8 35 4 34
17 15 12 37
26 36 3 4
10 29 11 37
17 29 9 37
32 15 8 39
0 29 31 19
7 20 15 38
31 28 19 12
16 17 36 48
30 6 44 10
11 35 12 18
33 46 4 19
26 31 7 39
17 32 7 39
3 20 37 15
23 47 6 16
34 26 22 46
14 37 40 12
20 24 42 20
6 13 45 12
36 29 38 16
22 7 8 42
16 25 7 35
12 17 23 12
14 9 8 21
45 22 36 41
14 36 39 34
23 15 46 32
0 23 42 44
19 17 17 33
18 11 26 21
3 33 0 28
19 34 48 18
8 32 17 43
30 42 24 19
25 43 11 34
7 34 48 47
7 40 14 39
9 12 16 29
12 32 10 35
13 28 49 10
3 22 41 2
44 45 10 41
20 27 42 18
35 38 31 20
5 29 6 41
11 30 29 11
23 19 7 6
42 37 1 13
9 29 10 41
10 25 26 48
5 30 37 20
14 26 43 1
34 47 25 29
29 2 6 37
4 29 44 21
21 47 25 34
32 41 46 16
24 28 27 46
43 48 12 34
21 8 0 27
8 0 24 19
9 25 7 37
23 31 25 16
8 28 44 19
23 39 8 39
21 18 38 5
43 36 5 14
17 17 34 11
26 31 4 41
31 28 16 48
39 45 3 33
14 10 42 30
43 46 27 14
46 30 48 27
15 37 1 36
14 23 5 39
7 7 4 41
45 41 35 26
27 30 41 6
10 32 6 43
12 33 2 44
1 21 41 7
23 44 21 39
13 31 5 43
16 31 11 37
26 49 9 43
13 21 9 25
13 36 45 7
15 34 34 26
30 36 42 32
22 38 43 7
8 11 41 7
45 28 27 34
16 7 8 26
6 14 4 38
11 27 47 43
7 29 20 28
12 31 8 41
8 39 40 2
49 39 10 40
2 29 34 47
13 36 49 8
5 30 33 25
34 38 33 7
32 46 36 27
15 11 28 17
16 23 33 41
12 23 19 3
14 27 38 8
8 44 35 37
15 20 33 33
8 24 12 41
12 22 34 27
9 38 25 47
40 27 43 14
11 33 44 25
7 25 29 27
8 36 40 27
9 31 44 13
2 36 17 32
18 46 47 3
34 46 10 43
18 39 10 42
5 15 6 38
7 31 34 8
16 3 29 21
11 23 18 28
48 37 45 10
16 13 8 17
16 22 2 39
4 30 49 40
10 45 25 39
38 48 42 32
25 41 9 42
11 33 3 29
6 4 44 32
10 28 20 20
19 11 42 22
7 28 43 15
9 27 0 36
30 49 2 45
17 19 11 19
14 21 11 19
29 43 6 25
14 29 2 7
19 48 43 7
28 48 47 9
28 42 1 35
8 28 48 18
12 8 41 9
21 8 10 40
19 36 9 33
15 19 7 45
29 33 6 40
8 2 31 41
32 38 5 38
32 36 9 36
10 34 9 29
32 35 6 37
18 19 20 23
20 48 49 31
28 1 2 33
13 34 22 12
2 36 24 4
46 32 37 5
17 35 4 37
5 30 2 42
24 36 24 29
1 12 2 34
37 24 45 48
30 40 5 29
18 5 7 38
20 30 8 42
6 24 4 30
26 43 9 46
27 7 34 32
31 43 8 29
17 30 34 18
9 32 28 21
10 34 38 23
11 24 14 33
8 33 12 17
35 11 11 41
29 40 4 44
1 21 31 7
17 13 3 33
35 44 18 36
30 9 49 29
48 43 11 32
13 31 36 10
28 34 8 39
21 1 27 20
15 28 26 41
6 5 9 43
45 38 1 20
17 41 9 17
6 29 26 27
28 6 13 4
40 23 28 19
6 26 11 40
32 39 7 1
5 30 34 39
19 46 11 39
19 12 22 40
3 29 10 23
17 41 45 41
10 23 5 39
10 40 48 15
8 18 34 4
0 22 17 45
33 38 26 14
14 35 12 41
21 20 49 1
3 23 15 14
12 33 40 9
21 22 48 43
16 40 5 40
36 46 9 23
15 37 25 35
1 28 31 32
34 44 10 44
6 26 43 15
24 0 35 24
4 30 12 38
31 49 47 47
34 12 41 9
5 20 37 5
16 28 0 31
17 10 46 15
4 14 7 5
7 30 8 39
10 33 27 11
17 44 19 16
19 11 20 19
2 32 31 39
33 2 46 11
31 48 14 13
24 48 9 34
12 38 10 27
12 23 18 9
8 32 7 44
14 35 38 29
32 39 12 32
25 45 42 14
4 29 31 10
23 45 6 39
27 40 7 19
7 20 43 47
15 40 6 31
31 23 38 25
9 29 0 32
27 36 35 12
26 39 40 2
20 29 4 36
18 0 15 30
7 18 37 11
38 45 10 11
17 37 40 12
0 17 35 47
26 37 47 16
22 18 10 41
9 29 9 40
42 24 35 46
30 2 7 42
27 7 22 36
14 4 13 34
1 22 43 46
18 40 12 43
41 46 42 13
3 23 13 40
28 38 43 13
13 48 40 43
16 22 13 35
23 16 38 12
18 1 38 41
10 26 20 4
24 41 25 6
39 49 42 10
13 9 12 18
43 32 12 19
9 15 3 26
12 0 12 35
45 37 8 42
2 29 44 7
21 26 37 7
28 40 49 17
16 37 43 9
29 38 9 34
29 34 27 38
31 39 4 38
31 48 2 5
8 17 47 11
32 44 48 47
6 44 41 7
6 37 34 11
25 35 36 7
17 8 12 31
0 9 49 33
10 40 28 25
6 26 9 32
5 26 21 21
13 30 11 40
13 21 3 16
6 30 9 21
33 40 13 31
11 31 11 37
13 27 21 18
12 22 44 5
19 21 25 37
2 22 15 36
2 20 30 16
16 27 49 9
14 31 29 24
12 29 37 7
1 20 43 27
36 29 3 4
24 47 6 39
5 21 6 40
8 35 5 30
6 35 5 45
16 33 48 28
1 22 6 42
26 45 30 1
0 20 11 42
6 34 9 43
4 30 14 33
6 41 34 35
34 39 17 28
35 17 36 30
29 34 18 27
11 35 46 29
8 26 32 20
9 19 19 47
3 30 41 7
15 21 19 4
45 38 24 40
5 31 11 39
42 31 28 12
23 1 16 33
11 27 49 13
44 47 39 3
19 18 38 13
21 26 22 42
21 42 42 14
12 38 7 44
11 34 19 23
10 49 42 16
6 35 49 22
13 28 20 39
38 24 33 28
5 39 14 30
29 39 13 15
35 31 11 39
29 36 41 1
21 10 4 15
23 44 36 9
24 16 1 32
14 26 38 32
11 20 27 18
30 40 32 9
10 15 33 18
24 34 7 38
10 31 47 24
11 26 42 8
22 46 38 21
1 24 11 40
15 32 30 48
14 25 2 28
9 4 40 4
17 33 42 32
29 46 8 29
21 43 0 38
33 30 4 37
29 35 44 22
25 11 37 9
4 15 16 10
25 0 42 19
43 21 5 20
6 35 11 20
7 23 15 39
5 21 3 39
25 49 5 40
10 31 37 10
19 15 10 42
11 25 30 6
12 26 29 24
10 14 39 44
8 31 43 5
7 6 36 48
10 33 34 37
33 47 13 10
6 29 44 5
6 19 17 30
3 29 33 36
13 15 42 18
12 23 39 26
11 29 36 9
32 2 8 37
3 28 9 45
26 15 37 45
19 35 38 10
11 38 41 42
30 19 15 35
20 47 41 15
10 30 43 8
14 33 30 10
23 48 5 36
5 26 46 7
18 30 48 22
41 32 15 43
37 45 49 12
15 9 40 16
5 11 17 37
5 32 41 3
21 33 47 32
17 0 8 22
13 29 43 47
12 35 5 42
18 31 41 25
40 49 5 27
24 43 33 8
15 37 3 40
9 36 17 16
29 33 14 12
25 42 7 42
1 23 33 23
4 25 11 33
7 38 41 16
28 46 3 38
29 43 8 37
22 17 29 20
2 23 17 28
16 33 4 37
2 40 9 46
31 48 9 32
15 1 12 37
24 46 18 38
27 33 35 2
1 35 12 39
15 23 12 33
3 30 45 10
37 33 42 28
18 1 12 8
8 38 44 13
4 21 44 43
25 9 5 25
13 34 7 40
10 30 16 15
25 12 14 18
15 10 12 30
21 17 33 2
9 39 11 35
29 32 10 39
17 15 38 8
40 49 41 6
18 32 31 20
41 38 10 32
5 27 15 29
36 35 17 12
25 35 33 2
9 35 47 10
36 28 16 34
43 47 11 20
22 37 6 35
8 38 24 3
15 45 8 36
21 44 35 37
4 28 40 2
8 42 5 23
39 39 42 5
26 27 47 17
30 39 9 35
38 42 12 23
30 44 21 35
11 32 44 4
4 30 49 14
22 0 1 41
2 29 8 42
18 42 1 41
12 12 36 7
5 39 15 35
12 35 40 15
32 0 6 28
9 40 9 14
31 49 8 38
9 36 47 24
25 15 37 47
35 33 12 34
42 40 16 34
1 42 7 30
33 18 10 16
35 38 44 5
31 11 9 40
20 40 9 39
17 26 8 16
9 21 8 31
24 35 2 22
29 40 10 42
29 42 3 33
0 21 11 37
23 3 20 34
38 42 14 44
19 37 5 45
6 27 11 39
49 29 10 43
29 38 35 14
45 32 41 43
15 12 47 25
43 40 11 41
0 37 38 8
13 47 44 24
2 21 11 12
11 31 1 46
17 31 27 9
18 38 7 40
6 30 16 31
20 18 34 25
23 45 6 34
9 24 42 23
47 43 6 36
29 41 9 32
16 28 7 38
39 43 34 25
23 29 10 38
7 31 40 7
18 31 9 29
23 43 29 47
24 10 9 40
5 23 3 20
39 45 46 24
11 35 19 41
5 30 40 11
16 44 15 15
