50 1430 17464 800
20 24 28 14
27 47 27 27
36 43 23 4
0 49 25 15
29 5 44 10
29 18 25 23
40 42 34 13
34 34 24 9
20 28 24 1
14 24 30 11
31 39 35 18
22 24 27 19
23 33 31 13
27 14 29 6
33 41 31 10
45 34 28 20
36 19 29 13
35 35 29 16
42 47 23 12
29 35 18 17
25 46 14 15
22 13 28 21
44 7 25 12
29 32 29 21
48 46 25 27
36 32 42 27
39 3 27 18
39 12 26 11
45 43 40 6
32 35 29 21
40 2 27 22
24 35 24 4
39 5 26 5
11 20 26 20
29 38 28 22
32 30 26 21
22 9 13 14
32 45 17 8
43 32 30 16
38 29 33 14
37 0 33 16
28 40 20 18
41 20 28 12
26 3 33 17
39 5 32 19
34 43 15 19
28 30 29 16
32 10 28 21
18 9 25 24
35 37 26 24
47 22 15 12
20 35 45 0
23 22 19 20
30 39 28 19
14 5 29 28
11 33 26 23
23 26 26 14
48 27 31 16
45 12 36 8
25 6 15 16
45 11 25 11
4 48 18 16
32 35 23 1
19 35 30 15
18 13 28 8
46 18 29 23
44 21 35 7
9 43 35 8
30 4 30 21
32 13 24 21
35 22 23 16
17 42 21 22
22 11 27 22
35 15 25 21
13 20 24 13
22 31 25 11
37 2 30 17
23 3 20 13
9 32 18 11
39 2 27 23
44 21 28 21
40 23 26 14
48 48 30 8
30 38 28 19
28 11 27 25
30 16 22 13
24 12 15 22
32 36 24 20
35 39 29 11
20 22 32 21
35 19 31 14
10 30 24 19
31 43 30 18
14 26 26 16
20 19 28 16
7 9 24 12
35 12 25 11
33 34 29 19
40 15 24 12
34 44 31 19
31 35 30 13
41 34 31 14
5 29 35 17
39 19 26 22
32 23 25 24
35 9 28 6
48 24 28 17
46 42 27 15
7 24 24 16
35 2 20 16
16 19 18 10
38 41 29 16
46 47 30 25
27 42 29 13
34 35 25 24
21 8 30 22
18 12 25 19
46 44 24 6
30 38 22 9
22 5 22 23
39 18 24 20
3 7 25 21
31 34 21 16
29 44 33 16
35 0 31 16
15 30 22 13
29 38 25 15
23 22 26 14
25 32 22 14
30 38 26 23
34 38 9 20
41 0 15 6
23 33 27 15
12 24 31 11
15 27 25 24
30 37 18 9
37 43 22 17
34 10 20 9
31 19 18 12
23 20 27 17
47 38 19 20
14 17 27 14
40 0 27 20
7 27 30 27
31 5 23 14
30 38 23 19
31 37 26 18
29 8 31 13
33 24 40 7
36 0 35 7
41 1 25 18
37 5 21 12
32 48 44 7
16 11 32 12
23 18 27 12
34 46 28 19
36 2 23 13
31 3 28 22
31 27 30 17
37 38 24 23
45 32 25 0
46 24 43 3
33 15 24 11
20 8 31 23
40 2 25 25
26 5 23 7
34 7 31 29
35 36 27 12
49 15 28 22
19 49 31 23
27 33 26 17
27 19 19 14
47 21 30 14
36 21 30 13
5 2 20 15
23 31 27 12
2 33 18 0
29 33 28 23
42 47 27 26
17 28 27 21
31 24 20 21
44 11 24 8
36 42 30 21
33 26 31 16
33 9 25 11
39 1 29 22
35 46 21 16
18 33 26 19
25 46 24 15
33 13 20 10
26 46 49 16
19 11 23 17
35 15 22 12
31 13 21 33
44 42 27 25
36 28 12 18
3 36 22 23
11 24 25 13
45 46 22 17
31 38 21 14
22 29 25 15
29 42 19 14
27 34 28 16
47 48 29 5
48 38 26 20
40 16 29 14
37 22 30 15
40 34 16 15
45 47 17 16
12 23 20 11
21 48 26 25
39 34 28 11
40 24 27 21
41 1 31 13
38 3 26 12
40 29 32 15
9 29 21 12
26 18 27 22
9 24 27 12
4 23 22 16
33 32 27 18
0 38 32 14
36 23 15 21
47 45 29 11
31 35 32 16
43 29 26 25
35 42 37 16
23 40 32 15
28 8 20 19
32 36 22 17
27 0 29 14
33 4 26 22
35 42 28 18
34 28 26 12
19 16 20 20
30 47 23 11
40 34 17 21
44 45 29 9
33 16 28 25
34 30 30 13
21 37 30 13
21 0 30 9
21 6 17 9
21 48 28 10
37 23 45 13
27 18 25 14
40 46 27 21
33 9 26 17
25 1 16 20
33 34 33 16
27 31 23 5
28 37 25 19
5 19 29 14
41 18 29 15
40 24 29 17
29 22 19 18
6 26 30 13
41 5 48 1
27 45 34 5
32 40 24 22
39 2 22 21
21 7 26 15
39 35 9 11
27 14 40 0
43 14 39 10
26 25 24 20
37 34 27 19
35 49 19 13
39 13 21 10
34 11 28 16
40 41 24 9
10 45 23 14
38 7 32 13
45 45 20 19
39 47 14 6
38 49 27 23
34 45 17 22
28 1 46 0
34 15 18 7
36 39 22 25
15 42 28 14
2 26 32 12
22 10 29 22
17 21 28 14
33 24 28 25
15 42 26 13
18 22 19 14
28 6 40 2
30 49 24 21
32 38 33 12
18 22 37 16
38 24 32 18
24 19 31 26
6 11 33 10
40 7 24 12
40 40 19 20
9 1 29 13
17 44 20 21
42 26 0 6
42 48 17 11
31 0 27 21
39 33 27 19
6 21 25 24
32 30 26 1
37 43 28 11
43 23 44 6
0 28 30 11
6 21 28 19
31 17 26 23
35 29 22 21
37 25 32 8
24 26 33 8
23 40 30 22
38 39 27 15
35 38 32 13
14 24 28 8
27 23 20 21
17 41 28 22
31 9 28 17
8 24 16 12
37 33 24 22
36 41 27 14
31 11 15 5
34 39 26 11
30 12 12 15
47 44 22 18
28 26 25 7
38 12 22 23
14 37 26 19
36 32 23 14
33 37 14 12
39 23 32 22
38 21 27 24
34 7 24 19
29 11 32 8
32 4 31 13
25 23 11 18
12 37 25 10
37 31 30 27
1 26 23 6
24 14 17 7
40 19 31 14
46 44 26 17
18 3 27 17
19 29 27 23
1 20 28 2
29 6 28 28
22 4 29 11
41 1 23 14
18 49 25 11
38 4 34 15
33 11 27 22
35 17 28 12
23 14 29 13
19 11 29 15
41 3 31 13
17 40 48 15
38 0 35 29
41 37 23 1
31 49 44 9
48 48 27 16
19 31 27 15
19 11 30 4
47 15 28 22
11 13 26 20
15 17 28 16
31 4 22 18
23 6 24 13
38 7 31 18
44 47 27 14
45 49 31 17
37 17 25 23
29 18 17 21
47 28 25 23
11 24 34 16
20 5 27 12
41 20 21 11
47 15 32 17
35 13 24 17
37 3 34 17
41 8 25 25
49 48 28 14
31 40 24 10
1 46 25 23
9 29 28 12
24 30 28 13
37 10 26 14
30 2 25 16
22 14 29 15
9 41 25 20
25 28 33 18
21 20 30 12
18 2 30 2
5 27 29 8
27 8 37 5
33 36 42 4
21 1 24 12
22 10 25 15
33 42 22 13
49 42 26 22
26 34 29 18
38 13 13 13
43 49 16 11
28 41 14 22
38 30 48 11
37 4 26 10
43 42 29 9
32 22 25 21
44 0 22 10
46 4 25 21
17 47 25 25
15 18 22 20
30 39 31 15
38 16 26 13
28 41 31 18
27 0 28 16
24 5 32 18
11 3 29 13
27 33 29 20
39 38 28 15
21 7 32 23
27 39 21 15
42 0 42 6
30 15 13 15
28 43 23 8
40 0 28 17
17 27 25 10
31 35 7 18
13 3 27 17
36 11 28 21
0 19 26 16
20 1 23 13
37 15 26 8
43 44 25 15
45 20 22 11
23 11 28 23
22 3 25 10
29 48 27 22
44 18 28 23
34 45 20 22
31 23 26 5
40 4 27 24
42 14 26 25
40 18 25 20
31 9 29 16
38 35 31 3
39 0 22 2
44 18 26 19
35 35 20 16
43 40 32 9
34 7 32 13
33 23 29 17
22 14 31 14
28 24 21 13
40 47 34 10
23 4 26 14
25 7 25 24
7 37 29 25
43 28 25 22
32 29 25 9
14 33 20 21
44 9 36 11
33 41 27 21
37 3 24 8
28 44 19 14
17 11 28 18
27 28 26 23
46 43 21 20
25 27 29 6
37 1 29 6
44 42 24 11
36 29 30 18
30 16 23 9
19 44 49 17
15 31 34 6
31 28 34 17
39 2 26 20
32 34 27 20
30 2 25 17
37 42 24 13
29 36 21 12
30 5 17 16
34 39 25 20
31 37 27 22
28 46 26 6
13 36 16 6
21 43 29 9
38 49 31 24
22 38 15 19
20 11 26 23
29 43 30 17
28 44 23 13
29 14 23 21
37 35 24 12
31 34 26 22
23 11 29 24
18 32 33 8
25 2 28 14
7 35 15 20
16 36 28 19
18 9 26 0
27 44 30 10
31 19 29 14
40 21 46 5
32 39 33 18
40 9 16 15
38 2 32 18
39 2 25 18
36 11 35 17
47 46 29 16
34 16 20 13
40 3 30 17
5 24 24 19
31 42 28 20
38 35 29 23
5 21 25 17
24 32 31 10
36 6 13 18
35 25 31 16
42 27 27 6
35 28 23 14
15 33 26 15
37 41 31 11
38 15 27 20
40 1 26 22
24 40 27 14
44 49 26 24
40 24 22 23
32 40 30 18
27 27 20 21
33 40 31 12
7 45 26 18
5 34 28 9
33 35 28 25
35 39 27 15
38 41 25 17
28 35 17 15
42 5 27 10
3 13 26 22
34 29 27 24
32 14 24 17
40 1 25 24
41 44 24 17
39 3 29 24
40 34 24 12
21 26 27 9
19 26 19 19
31 35 25 19
35 46 24 12
30 43 25 26
4 30 29 17
37 34 19 13
3 24 27 12
37 34 30 14
31 40 25 11
45 1 30 27
43 46 26 23
33 9 29 17
23 44 29 22
18 35 17 11
17 21 30 18
29 13 25 11
38 7 23 3
43 47 12 26
21 14 26 2
29 41 25 23
16 25 22 9
32 36 24 20
45 43 27 15
27 13 23 15
43 6 1 30
27 36 42 12
47 35 26 10
40 19 32 7
31 21 26 17
48 17 29 5
33 44 26 19
38 7 23 14
18 49 29 17
29 37 22 15
35 32 24 15
13 10 22 16
18 46 18 14
44 17 32 15
13 6 37 19
14 16 41 7
47 22 17 15
40 44 31 11
24 10 27 14
6 33 29 18
13 3 24 16
14 29 26 18
30 6 31 23
11 43 12 16
12 49 34 10
31 36 26 18
13 44 21 14
28 19 22 24
31 37 20 14
35 23 29 16
36 1 34 9
35 45 23 20
13 41 32 15
32 39 27 15
33 37 26 12
15 30 28 18
39 15 20 11
22 9 31 13
39 20 28 23
31 28 31 16
43 46 23 24
41 1 30 17
49 27 32 21
10 24 30 12
26 5 35 26
35 24 22 13
37 40 20 13
32 26 17 22
37 2 26 15
37 22 26 10
31 5 32 16
46 30 24 23
43 1 24 20
38 11 22 18
29 16 24 17
48 33 27 18
46 22 35 17
43 41 29 13
15 27 21 24
21 2 26 15
38 8 29 15
26 39 25 8
35 11 20 3
38 29 13 12
39 37 29 12
29 28 29 23
1 45 24 17
41 13 27 22
15 13 23 25
15 8 26 13
41 12 20 14
35 26 21 5
33 30 40 16
43 24 23 17
28 13 29 9
22 1 30 12
45 48 23 14
36 41 26 7
38 3 36 10
41 18 30 15
9 49 30 20
27 13 25 17
16 6 37 16
42 48 22 13
49 40 23 13
32 37 14 21
39 48 29 11
36 37 28 24
31 20 25 14
36 47 37 1
18 13 27 24
35 11 22 22
24 20 22 15
40 33 32 18
37 1 14 9
34 20 27 7
33 10 21 14
39 1 26 23
41 11 29 1
34 41 18 12
36 33 31 8
48 45 11 8
28 8 29 20
25 28 25 13
35 39 23 26
35 4 27 20
39 1 30 8
33 7 23 15
18 33 24 22
46 39 29 10
37 2 25 22
33 0 28 21
29 48 29 17
16 3 23 12
31 14 27 22
11 2 26 22
13 32 24 3
18 28 26 14
37 10 14 17
16 15 24 19
36 31 26 21
23 22 27 12
37 21 27 17
25 14 25 23
25 23 22 9
20 22 14 17
22 35 33 12
32 4 26 9
40 12 24 19
27 33 28 22
31 9 28 17
2 46 29 22
38 4 30 16
34 41 11 2
17 6 32 14
34 5 15 19
36 36 28 15
39 1 17 22
26 46 30 17
12 37 20 16
27 43 26 23
42 2 18 16
34 25 20 22
43 1 26 5
33 39 33 17
16 14 22 9
40 1 30 25
30 35 20 19
24 2 23 23
3 27 19 17
16 0 23 17
11 15 31 17
33 8 19 4
17 37 25 24
40 16 27 6
4 26 27 14
31 35 26 20
26 37 30 17
40 39 22 28
33 42 20 5
18 34 26 9
30 49 29 21
30 25 17 18
35 16 29 18
15 1 34 6
27 41 17 18
30 23 31 12
39 1 34 13
24 32 22 7
42 47 26 14
33 42 28 22
30 13 30 18
28 32 24 0
19 12 36 2
14 23 34 8
31 38 28 9
21 37 13 20
45 38 16 18
41 48 26 20
43 44 27 15
16 10 22 19
42 5 27 19
28 33 20 3
39 29 34 15
23 25 28 21
14 8 29 20
41 11 28 23
25 42 34 21
43 33 30 21
35 22 27 14
32 11 17 20
40 35 28 21
44 13 29 23
30 15 28 24
38 3 29 8
37 7 28 24
2 38 18 8
9 20 24 17
40 10 23 19
28 7 22 14
21 15 31 19
28 12 28 17
36 27 27 13
38 0 24 20
42 26 25 13
29 40 25 7
32 4 31 19
33 47 27 14
29 31 31 9
44 12 13 10
31 33 29 9
36 21 43 8
36 37 39 1
39 1 31 18
29 4 27 19
28 23 22 13
5 27 21 16
37 27 28 13
35 27 26 8
31 42 35 22
33 10 30 22
43 40 17 9
34 9 30 8
42 27 31 15
32 21 29 28
25 35 27 10
32 9 30 22
30 22 31 10
44 49 27 4
37 31 28 21
36 1 21 14
41 10 22 3
30 19 30 12
17 7 27 9
32 32 27 20
30 34 27 14
15 6 25 7
47 9 25 24
28 29 32 17
26 27 22 22
0 44 28 21
5 45 30 12
32 39 25 14
26 8 21 24
37 23 28 20
35 46 17 15
25 38 30 9
33 45 30 10
22 43 25 24
5 10 26 17
35 49 25 25
2 19 25 8
36 10 30 17
34 36 23 17
47 10 23 23
36 45 26 5
10 19 27 17
29 9 19 2
40 49 25 11
26 25 35 23
48 45 29 13
36 18 26 9
28 36 24 18
29 13 23 18
38 3 16 28
45 34 21 15
37 3 19 20
35 36 26 13
42 10 19 16
47 25 29 19
36 4 31 14
30 39 28 20
32 38 24 19
46 28 31 13
42 17 30 9
33 15 29 19
23 8 32 16
10 7 29 17
1 18 25 13
41 1 28 25
22 5 27 13
38 14 28 17
24 11 30 23
38 0 25 7
38 0 38 9
32 17 17 10
15 9 25 23
42 46 23 15
36 43 23 23
37 42 25 21
21 25 34 12
46 42 32 18
38 0 23 26
41 41 29 14
14 46 32 16
39 10 27 22
49 33 25 15
42 41 33 14
4 48 23 15
40 29 23 7
44 30 24 23
46 33 24 14
3 47 27 17
17 34 21 18
35 22 26 24
47 49 26 4
34 17 25 14
28 13 31 15
35 22 33 12
33 45 28 9
29 12 25 22
37 21 21 21
42 0 28 19
32 37 29 10
41 26 26 15
32 23 26 20
39 45 26 15
28 9 22 15
4 10 27 5
21 6 24 14
25 44 25 15
35 14 23 18
32 9 31 23
24 30 31 4
39 20 29 20
9 0 28 24
23 21 14 7
41 16 26 15
27 46 28 6
32 40 20 13
32 40 25 8
41 12 25 14
26 32 26 12
21 10 29 21
42 36 49 11
40 25 31 16
32 36 26 0
40 1 29 24
21 43 27 12
35 35 26 12
26 45 28 22
34 0 28 16
38 1 31 14
34 6 22 7
33 15 30 19
19 46 27 19
31 32 9 1
15 30 23 12
48 28 22 9
22 3 26 17
20 43 30 20
49 37 19 17
33 38 21 24
24 35 28 15
39 46 28 20
40 26 41 5
11 5 28 11
43 12 18 14
35 8 30 13
12 43 19 14
37 3 22 21
40 2 13 6
19 14 29 13
32 38 29 22
3 34 28 22
25 11 30 11
38 15 44 24
30 34 21 15
39 2 28 12
33 10 30 17
31 21 15 10
38 0 28 21
33 46 32 17
15 9 25 9
38 36 25 17
18 15 30 19
40 17 30 19
36 9 32 1
46 20 29 13
39 2 41 7
39 0 28 18
37 12 22 14
39 46 25 20
24 11 24 19
39 0 25 22
8 32 27 13
41 21 33 18
32 34 27 13
31 11 37 27
41 10 25 13
5 18 25 16
33 33 30 16
30 47 27 19
39 6 19 14
37 0 14 10
38 17 24 22
24 11 17 9
46 31 26 14
35 9 29 17
43 29 39 28
37 45 26 18
22 42 27 18
17 23 18 27
33 36 36 9
39 25 28 11
39 45 31 22
32 31 28 13
29 39 24 18
23 2 28 14
35 35 23 12
33 37 25 21
47 47 24 18
33 7 27 21
11 42 9 9
35 6 25 24
21 22 29 17
28 49 26 5
15 7 34 13
12 21 29 16
40 4 28 10
39 28 30 16
36 4 16 8
35 31 26 15
46 48 29 22
39 1 23 20
31 1 17 9
37 5 29 7
18 3 21 15
30 24 29 15
39 3 27 22
32 13 29 22
39 15 17 25
35 3 17 13
38 3 31 14
20 12 27 20
46 27 27 15
40 4 30 22
21 20 27 16
28 13 26 24
35 41 23 11
38 2 31 12
32 25 28 12
19 4 31 23
30 19 25 13
37 40 32 20
34 33 31 18
35 40 25 21
32 31 28 22
37 44 29 12
36 11 22 12
31 40 29 20
4 42 21 27
45 1 23 0
31 43 30 26
36 14 26 16
25 17 19 8
35 7 32 18
38 3 29 21
28 24 23 14
34 36 26 8
34 41 20 9
31 18 26 13
24 47 27 12
31 28 24 22
34 42 29 1
39 13 33 23
36 45 26 21
38 42 27 13
39 29 26 13
26 19 23 9
30 9 28 19
36 1 29 21
11 39 24 17
34 42 26 26
43 18 32 19
28 15 23 10
41 2 27 20
40 27 26 17
32 39 34 14
29 9 31 12
33 40 28 9
36 36 30 17
18 37 19 11
40 45 29 19
22 34 19 4
31 6 28 23
33 41 18 5
32 23 34 7
30 24 26 15
40 41 32 22
39 0 25 20
30 24 26 9
45 24 21 16
40 2 33 18
37 43 10 19
40 5 15 26
42 5 22 14
35 42 29 22
39 3 31 22
33 16 28 15
23 6 35 15
33 43 23 13
29 4 20 10
29 47 26 7
28 41 27 22
38 29 27 18
17 39 32 22
38 0 14 6
3 36 29 18
28 4 22 13
36 33 21 11
36 32 17 12
31 34 17 14
0 38 28 17
30 48 19 12
48 46 28 6
28 46 19 22
37 3 20 16
26 14 23 18
31 44 27 27
42 42 29 15
11 18 29 16
12 20 26 22
26 45 27 19
45 12 29 14
34 27 18 21
40 44 22 15
34 15 27 17
37 0 27 15
44 46 29 8
18 26 24 16
38 12 22 8
24 41 20 6
32 41 24 19
31 39 30 16
4 46 24 17
30 34 22 21
8 40 24 14
31 38 9 19
43 33 27 15
33 11 24 16
14 49 16 17
40 1 20 21
28 16 27 22
34 42 19 19
17 13 25 18
27 4 27 20
20 5 25 16
7 7 24 10
40 0 18 14
15 36 26 19
26 20 26 7
28 38 35 14
46 31 27 24
39 7 28 21
28 13 33 23
44 44 28 18
41 15 18 5
4 22 23 11
29 37 30 22
29 9 30 14
32 43 25 14
37 40 19 13
35 41 28 16
38 44 12 26
25 21 29 24
33 44 19 7
38 2 16 14
44 31 25 12
36 0 27 14
44 32 29 12
30 36 29 23
27 42 28 19
46 43 26 20
23 24 29 19
38 20 30 18
29 39 29 7
26 23 27 18
22 13 28 12
28 13 25 5
26 1 27 17
9 37 30 14
34 9 24 19
38 2 26 12
35 11 24 6
32 29 30 18
41 11 29 15
44 17 18 19
40 16 22 18
30 29 31 20
35 7 29 13
38 13 18 23
32 44 26 12
35 4 23 19
41 0 21 10
24 1 31 22
31 18 19 15
35 48 29 15
4 0 22 18
15 17 31 15
22 7 28 15
24 4 28 13
21 38 29 17
35 0 20 17
31 21 23 25
45 25 33 9
36 41 20 8
39 29 29 7
19 20 34 0
19 27 21 13
17 21 28 11
32 41 24 15
34 18 28 17
12 18 17 13
43 18 26 23
17 43 25 17
13 9 18 17
35 17 28 25
42 18 26 22
32 17 27 13
29 12 19 12
27 16 24 21
19 9 30 12
26 47 24 22
37 0 24 21
9 42 18 16
40 36 30 22
31 15 26 21
39 13 14 11
30 43 39 10
39 42 30 13
35 2 22 24
31 40 19 17
45 47 6 9
28 10 26 21
23 16 29 7
43 10 21 15
4 25 23 20
36 2 26 22
44 17 31 14
27 16 22 17
35 1 20 16
17 45 17 18
37 0 33 10
38 45 18 20
40 35 16 5
37 6 17 10
37 38 25 8
37 18 28 21
44 12 27 21
31 4 21 14
46 45 34 17
40 46 31 15
30 42 27 21
32 41 29 11
45 34 30 20
33 40 37 8
28 40 32 10
16 28 24 1
47 47 30 8
29 3 31 18
34 5 28 13
43 19 24 14
41 2 26 24
37 2 27 5
37 3 28 19
39 2 27 16
8 19 24 10
34 42 37 14
36 24 21 23
24 3 29 15
7 11 11 17
44 29 17 14
39 40 19 15
43 9 37 0
49 41 25 22
36 43 20 16
36 35 43 5
31 33 29 4
32 35 32 12
31 41 25 14
38 24 26 16
30 4 16 14
9 40 30 11
21 0 12 17
20 31 29 25
30 3 26 16
33 36 23 10
34 39 28 23
31 39 17 13
21 25 25 19
12 11 24 4
36 35 27 21
25 22 32 19
3 29 24 14
28 34 37 11
35 45 24 13
0 30 30 0
21 2 31 18
28 10 25 26
34 42 27 24
24 22 32 27
27 24 27 2
42 46 26 20
11 5 28 23
26 27 30 16
47 8 18 15
38 44 21 11
36 6 29 11
37 12 30 14
33 5 27 16
41 1 33 8
33 0 27 22
31 30 24 1
39 0 28 11
29 2 25 21
47 38 24 12
10 20 19 13
33 24 18 9
31 7 27 16
20 9 28 23
4 30 29 17
33 21 46 10
4 46 30 13
16 36 17 17
37 0 22 17
31 22 30 8
34 32 24 19
26 8 34 12
31 32 32 16
28 11 26 14
21 35 20 17
40 18 21 14
25 39 19 13
24 2 28 18
23 29 23 21
36 6 28 25
42 1 32 16
40 39 36 21
35 40 24 12
34 33 30 14
46 45 25 12
33 16 22 10
39 3 23 9
44 49 12 17
26 4 25 16
40 1 29 20
32 35 22 15
18 46 28 16
21 38 32 19
34 10 24 15
37 8 34 12
30 34 26 18
40 0 30 17
35 11 43 13
13 33 27 23
40 43 19 17
7 12 26 15
34 15 27 24
20 0 26 8
23 24 37 22
24 15 25 20
43 12 31 21
30 32 25 21
29 10 23 14
35 16 29 11
17 14 24 14
21 30 28 18
5 10 29 19
28 37 27 13
19 24 28 18
48 43 28 19
41 0 17 7
31 41 11 8
33 5 19 5
38 1 24 15
5 17 28 18
33 15 27 21
31 19 24 23
37 16 27 21
4 43 25 18
26 17 19 7
19 24 23 17
43 43 28 21
36 11 29 10
27 49 15 16
28 33 22 19
29 31 25 6
38 12 17 23
37 24 28 22
31 26 32 21
32 5 26 10
40 23 24 22
30 0 29 15
40 10 31 9
32 36 29 15
19 2 13 17
25 48 26 13
40 16 28 12
46 35 22 13
24 14 33 16
40 2 24 12
44 33 9 10
32 46 23 20
47 35 19 10
37 4 30 15
31 36 30 13
2 40 26 12
6 21 28 18
1 33 29 25
41 43 26 21
31 2 27 24
39 18 21 20
10 13 32 13
6 43 30 15
23 45 24 14
27 43 29 22
28 5 20 8
38 7 34 15
34 36 15 14
33 20 25 22
33 12 26 18
40 29 23 11
39 34 36 15
14 35 39 1
33 40 24 14
31 4 22 16
42 45 25 4
22 33 22 18
38 37 34 17
33 21 13 15
41 2 21 11
35 8 19 20
36 7 24 15
47 41 25 21
22 47 26 23
36 16 21 17
19 41 26 23
33 11 28 26
33 17 14 16
41 11 35 8
3 34 26 8
47 46 26 12
27 22 26 12
32 40 26 17
28 20 25 29
40 2 30 14
18 27 28 15
11 49 28 26
48 13 26 19
11 43 26 11
40 34 37 10
28 46 27 9
21 41 34 0
40 32 32 15
8 13 23 24
33 44 26 25
28 23 21 22
4 12 34 8
29 16 27 23
