50 101 11545 800
36 14 21 18
5 5 27 30
38 14 40 23
26 10 39 43
34 31 9 24
26 25 14 26
24 34 47 42
6 4 26 25
4 3 0 6
41 35 11 5
37 43 17 3
20 18 27 13
32 40 42 25
21 22 14 35
35 36 19 5
33 22 7 30
2 3 32 21
36 45 11 21
30 46 23 5
29 39 12 20
38 29 28 24
34 46 9 30
0 0 10 23
33 35 6 29
28 36 23 32
12 18 30 30
48 2 13 31
47 27 27 28
34 35 12 12
34 29 5 38
30 33 10 41
38 20 49 31
45 14 18 27
21 12 43 49
36 35 11 26
3 2 12 21
35 20 1 25
36 25 9 22
30 37 31 33
27 32 17 18
38 14 7 31
9 19 24 2
32 10 40 15
40 31 7 34
2 1 10 4
12 34 19 23
34 9 11 10
43 27 21 19
32 32 7 39
39 23 6 11
42 44 18 28
37 13 18 18
34 30 18 5
30 37 7 21
35 41 14 42
36 12 35 36
27 34 4 37
7 17 37 28
40 4 15 13
30 7 26 24
42 45 20 37
7 14 9 49
7 16 34 39
0 12 36 26
12 37 7 15
0 1 32 42
6 4 31 24
34 25 13 35
20 37 28 30
36 29 47 42
40 22 16 30
1 9 31 16
37 11 1 12
29 43 6 16
8 23 3 28
41 47 5 19
39 38 15 29
34 5 35 36
28 33 48 45
32 34 5 29
35 33 18 25
33 41 1 14
7 19 2 15
44 4 35 9
38 16 8 25
3 4 40 46
38 1 16 26
48 48 41 43
37 9 30 25
31 41 3 25
39 31 33 35
31 38 20 12
0 5 23 16
5 20 20 29
1 1 1 43
32 40 30 35
35 22 0 16
36 14 11 27
0 14 6 31
37 45 1 22
20 30 3 16
