50 805 11182 800
33 37 37 46
30 30 33 44
34 31 37 10
25 7 23 30
11 12 40 5
45 31 4 10
28 49 21 6
35 34 35 5
27 47 38 45
34 12 46 1
30 11 36 7
37 41 8 3
16 1 27 33
36 11 23 46
23 27 24 49
31 33 33 42
24 1 38 44
19 8 9 7
42 25 23 28
30 46 0 48
30 46 8 25
3 9 34 0
14 16 38 6
36 24 7 1
41 38 34 32
14 6 34 45
30 48 15 7
3 7 14 23
24 35 21 11
2 0 16 11
29 25 30 8
27 26 42 22
10 16 27 42
3 13 21 10
37 25 31 0
29 48 13 1
27 8 6 12
15 15 39 1
17 11 42 21
40 42 35 45
30 24 29 36
31 40 30 1
36 1 41 17
19 1 5 3
38 1 29 32
15 16 35 46
32 40 37 49
37 21 43 24
12 1 25 4
25 14 15 20
6 18 43 42
29 42 30 31
4 48 8 27
34 11 11 9
23 30 32 25
30 37 4 45
28 32 34 8
32 19 26 32
1 6 2 14
28 45 34 44
30 12 39 44
39 43 28 11
12 19 26 36
28 28 33 44
30 40 20 5
22 16 36 11
25 46 35 31
14 33 17 5
19 4 28 31
28 22 33 47
2 8 8 1
9 23 16 49
28 49 7 3
6 3 25 34
15 1 28 40
8 16 37 46
32 42 26 38
34 9 33 32
29 30 33 37
26 7 48 42
48 15 6 13
18 31 44 3
8 13 25 9
19 13 37 43
11 1 23 46
35 44 31 24
43 14 19 3
15 23 38 46
26 30 38 27
38 8 32 33
20 10 32 32
26 47 26 41
30 49 24 7
25 8 35 10
28 35 18 33
28 12 36 26
34 20 3 47
47 9 40 45
9 14 24 42
8 19 35 12
41 18 40 3
30 19 41 10
10 21 36 44
7 14 10 23
32 24 27 38
28 20 36 45
35 18 47 12
32 33 46 18
29 4 42 38
15 1 28 20
22 7 9 0
18 18 33 36
27 47 31 31
21 16 26 34
10 6 29 36
40 21 42 4
21 3 40 22
35 35 35 9
39 11 3 28
32 47 26 34
24 48 13 48
33 1 18 3
37 48 27 39
34 43 10 16
14 1 32 7
32 18 26 0
22 10 34 36
48 7 39 0
26 47 33 12
25 20 17 0
33 22 30 14
34 15 34 41
28 47 15 6
33 27 27 6
32 13 42 5
10 2 34 17
27 5 39 4
32 44 47 47
34 48 11 0
27 23 27 36
29 49 34 44
24 8 22 4
24 48 8 0
25 41 37 23
20 16 31 38
16 11 16 6
32 38 14 11
34 38 41 48
27 44 36 35
27 33 6 3
24 16 18 17
24 11 33 42
11 0 42 24
43 30 36 43
33 34 31 45
19 26 4 15
35 17 12 12
45 37 43 7
41 15 15 10
2 15 35 8
26 45 45 28
26 32 7 2
28 49 28 34
19 13 34 2
39 9 11 44
33 40 26 37
49 38 34 29
8 10 25 28
6 32 26 33
32 47 22 0
29 47 36 46
26 39 22 24
16 22 27 36
32 33 8 14
32 22 3 20
27 49 32 29
24 30 38 4
26 45 36 1
20 30 49 31
24 47 47 22
16 7 12 26
35 11 29 49
14 30 7 4
38 9 25 47
12 22 31 3
39 45 16 21
33 41 29 33
42 23 11 8
19 11 18 4
33 37 11 2
28 44 42 24
38 44 8 9
31 21 45 34
45 4 11 7
13 33 27 34
49 30 26 39
23 34 40 48
25 33 6 10
22 12 23 31
25 23 38 48
19 32 13 3
27 38 26 34
43 19 44 32
43 10 12 3
1 23 23 7
26 48 34 0
13 8 31 8
9 20 40 24
29 46 36 47
31 35 29 23
39 28 27 21
39 17 6 16
21 10 48 34
28 43 34 4
32 42 34 36
28 0 42 16
44 17 46 9
28 47 10 3
24 27 31 7
13 3 36 44
23 14 10 1
26 21 33 49
30 46 13 4
28 5 13 13
9 18 33 36
33 6 11 40
29 11 27 25
42 22 34 47
30 47 45 31
35 31 48 28
5 10 5 16
21 7 31 38
30 33 33 11
4 10 34 35
26 39 37 28
31 21 30 33
19 2 33 46
33 16 40 36
33 45 13 5
33 25 6 36
44 41 49 43
10 30 43 3
26 38 32 36
29 39 24 12
28 20 32 49
37 32 7 18
35 40 6 7
23 2 27 33
4 13 14 29
8 2 41 41
31 38 37 11
18 13 41 19
41 9 21 13
30 41 9 8
11 7 27 5
42 20 14 29
36 39 33 6
31 33 11 7
27 29 35 48
31 46 3 42
39 24 33 32
48 9 8 46
38 18 47 4
35 14 4 5
17 42 36 46
33 8 26 38
29 46 28 36
28 20 42 10
27 12 10 0
20 39 27 5
13 23 42 25
24 23 8 9
13 39 31 31
35 14 47 10
33 21 31 6
25 44 27 36
16 7 32 14
43 39 42 1
38 16 35 41
9 19 25 33
32 5 26 31
38 20 46 9
34 32 30 33
1 24 29 37
31 17 49 33
45 5 34 26
18 10 29 40
40 28 23 35
18 13 0 20
21 12 31 0
13 10 12 28
12 25 9 1
5 21 6 9
31 42 33 8
19 16 44 37
29 42 25 31
8 26 37 35
28 44 5 8
28 44 13 6
29 35 27 31
33 28 20 8
31 21 29 32
17 10 12 5
39 38 12 0
11 26 49 21
15 7 36 15
34 38 3 43
38 36 36 14
22 44 31 38
16 3 9 1
32 45 36 11
34 30 14 30
13 8 31 36
26 46 27 31
30 27 44 7
27 16 42 5
8 1 36 12
31 28 36 9
33 11 11 3
29 45 25 35
21 8 2 0
26 31 38 49
6 34 30 4
29 32 6 1
25 44 24 14
24 0 7 5
8 22 39 30
41 42 9 6
28 49 29 35
14 18 38 20
9 18 34 6
9 16 30 5
49 16 38 8
35 22 28 32
33 18 31 7
10 4 34 24
28 1 31 11
43 47 40 26
15 7 43 24
3 16 44 46
13 11 30 34
35 30 30 25
31 6 32 42
22 24 16 30
42 22 29 31
28 49 16 49
2 17 6 22
31 21 36 47
22 48 32 35
13 11 30 33
32 24 26 11
38 19 37 43
36 32 24 8
23 10 13 28
40 34 30 37
9 33 28 32
35 36 6 4
31 45 22 0
33 15 6 8
28 45 31 36
27 31 33 46
27 22 28 30
26 44 13 35
24 22 31 33
31 23 48 46
21 38 30 38
11 22 28 37
28 35 43 27
12 4 4 48
30 49 32 43
31 24 37 48
30 14 14 49
25 46 34 7
31 41 41 13
17 14 36 28
47 16 6 17
6 16 27 8
29 45 35 10
11 20 42 28
27 23 32 34
29 41 47 6
8 13 48 15
32 43 5 6
28 47 8 31
27 49 38 47
36 23 28 20
34 20 38 44
21 17 45 26
17 4 23 34
33 24 23 7
16 12 27 34
31 35 32 31
45 8 4 15
12 11 46 17
11 3 37 43
42 3 43 9
28 19 37 47
29 4 27 37
36 19 44 10
31 19 7 12
16 2 43 31
41 5 26 32
47 12 31 9
11 20 17 10
8 2 31 2
30 22 38 18
17 21 49 23
27 2 5 36
28 24 31 3
20 11 16 15
35 13 32 46
28 10 30 3
24 33 7 0
24 32 13 14
18 22 26 7
31 31 43 27
29 48 37 18
28 34 38 21
21 19 33 7
44 7 28 39
33 38 28 36
1 38 28 34
26 4 30 34
19 2 33 46
40 40 22 11
16 13 30 45
30 24 26 41
32 46 45 13
26 13 29 32
42 13 44 23
27 3 30 5
0 17 13 47
5 0 4 9
26 33 1 27
3 6 38 31
38 14 35 49
9 2 42 9
33 18 37 9
33 46 45 18
22 38 39 47
31 42 31 37
28 48 30 32
4 2 22 47
45 15 29 29
22 30 5 41
47 22 34 13
31 32 30 39
5 17 33 13
40 14 37 7
44 37 31 1
23 16 33 47
33 49 36 47
25 35 34 13
32 30 25 38
26 27 10 6
29 48 33 39
31 49 33 5
29 21 41 29
12 3 35 45
16 24 38 12
27 20 45 22
36 35 31 42
30 4 46 38
13 14 36 38
48 25 10 4
32 46 18 7
36 22 16 2
31 30 30 9
14 17 34 2
25 15 32 9
9 3 31 35
18 37 33 11
6 8 46 34
25 31 42 49
13 12 31 9
28 12 16 25
26 17 32 35
33 30 0 29
7 29 35 43
18 13 24 22
45 3 28 36
19 3 26 38
26 19 37 46
42 14 36 11
29 32 33 8
28 6 22 42
23 1 30 13
10 12 30 38
35 9 12 5
9 11 24 14
26 34 35 27
29 17 31 33
28 43 42 31
13 13 40 32
10 16 37 20
29 45 28 2
19 25 27 20
5 12 38 43
13 1 9 12
27 19 36 29
25 33 24 38
31 27 47 37
30 21 36 49
16 32 35 45
33 16 48 15
18 27 12 11
25 12 11 4
32 33 42 6
41 13 49 19
22 14 22 46
21 14 21 19
13 9 40 28
29 37 25 40
16 8 27 31
27 2 3 49
24 36 9 1
27 13 45 20
29 43 32 16
25 37 18 4
36 0 37 48
29 49 36 44
24 13 13 6
14 6 49 4
27 35 35 27
17 26 39 43
26 23 16 23
29 35 42 23
26 45 17 17
29 32 20 2
38 7 48 20
4 27 41 10
10 5 12 8
8 24 45 39
11 18 33 4
13 8 40 0
2 13 28 8
28 39 36 47
8 9 3 33
7 20 33 9
14 21 28 12
34 32 36 49
1 7 35 44
33 28 22 48
13 18 45 21
32 43 29 10
30 33 29 48
25 35 10 21
35 26 25 10
20 34 37 40
29 48 22 9
35 33 30 34
8 25 12 15
15 4 35 45
36 44 29 6
23 13 11 13
14 29 16 25
33 11 8 7
31 49 3 22
36 13 25 5
25 41 37 7
4 25 31 38
11 14 23 39
48 48 36 24
31 19 48 12
7 13 26 36
26 46 3 23
46 48 35 48
21 31 41 42
40 35 49 49
21 7 46 30
38 37 27 37
34 24 31 42
2 21 16 30
22 15 40 10
21 17 37 8
16 9 33 35
36 20 34 45
23 14 22 37
21 37 16 38
47 19 24 35
12 18 30 9
47 34 28 6
13 12 15 1
27 42 16 6
31 19 25 26
24 0 40 10
38 24 36 32
25 1 32 37
22 4 12 6
26 49 8 8
40 23 39 6
14 22 46 28
27 27 6 5
32 20 45 23
37 8 32 5
31 45 36 33
27 7 31 34
26 43 16 8
36 32 4 6
5 3 10 8
45 9 29 33
29 47 28 41
39 27 18 7
28 46 39 2
38 34 45 21
23 36 12 8
23 43 40 1
36 3 34 46
22 10 22 4
33 47 7 12
28 25 30 11
39 19 13 40
22 1 49 25
29 49 41 20
20 3 46 27
38 3 25 39
31 38 38 44
24 43 43 26
8 25 44 15
33 44 29 15
44 31 38 26
45 34 31 34
22 37 39 0
22 34 35 48
29 25 42 30
32 48 49 30
5 5 33 6
25 31 18 0
22 33 37 10
10 8 29 7
23 46 38 42
31 47 2 6
29 34 19 49
31 20 13 47
34 49 29 45
29 39 21 46
30 11 27 33
30 46 41 39
15 17 12 4
45 23 22 2
24 48 34 48
5 9 34 45
34 37 45 31
9 22 41 26
25 46 48 38
36 36 20 3
28 45 15 7
33 35 34 30
37 38 13 6
40 12 28 9
6 11 35 11
27 45 17 35
39 33 0 29
20 40 31 10
11 4 14 10
25 36 32 4
26 10 44 20
19 22 8 8
29 48 10 2
29 1 30 33
6 9 29 37
41 49 37 48
25 30 45 2
33 41 19 6
8 3 30 33
39 46 8 0
26 45 40 29
15 29 41 22
33 36 31 45
20 26 23 38
2 9 24 33
47 37 8 10
23 28 29 32
34 40 20 1
9 19 31 33
16 1 36 46
35 29 12 1
22 47 37 47
27 39 28 32
44 30 13 37
14 20 49 18
31 11 32 47
25 43 30 8
27 48 29 2
24 6 37 46
32 20 34 14
13 3 9 7
19 18 21 6
17 6 34 10
25 41 36 42
30 13 6 0
16 14 33 43
29 17 40 27
12 5 35 49
8 3 49 34
4 26 19 0
32 45 24 31
28 35 29 39
24 36 29 9
20 2 9 22
2 8 40 10
31 15 38 24
6 8 16 7
29 48 7 1
41 3 36 6
4 15 17 18
34 3 35 7
29 18 35 8
31 45 36 10
26 21 30 33
34 36 33 13
35 21 1 8
25 11 32 21
27 32 42 31
33 19 32 9
10 5 36 49
33 15 9 7
29 43 15 43
39 20 41 11
46 47 40 37
14 22 23 14
30 19 39 46
31 23 42 27
12 1 16 9
46 25 24 18
42 21 34 9
11 11 30 38
14 20 36 14
25 32 33 17
32 41 39 47
46 19 39 48
0 20 44 16
11 10 12 0
47 3 3 47
14 32 40 49
45 16 31 6
40 4 16 45
17 21 17 8
25 42 29 37
30 32 35 19
42 35 31 35
39 25 27 8
0 19 28 33
21 10 36 45
23 30 33 39
16 10 36 49
30 29 32 6
30 48 2 2
39 31 5 2
26 47 27 2
35 17 36 47
40 18 45 32
32 6 28 2
38 18 25 16
28 38 26 35
39 15 31 19
33 13 30 23
2 38 37 12
31 48 32 6
26 42 33 40
25 46 38 7
41 27 28 34
36 29 37 13
17 17 35 11
27 16 27 6
42 0 39 45
33 15 34 33
38 10 48 29
38 11 29 32
31 44 34 48
25 3 7 0
19 32 47 7
29 17 36 49
26 38 34 48
24 44 28 29
11 20 26 35
30 43 2 2
36 28 25 34
32 43 29 3
19 35 7 28
23 31 12 7
25 35 28 33
35 20 33 46
28 49 21 35
6 27 8 5
5 4 33 44
31 41 41 26
20 5 27 0
5 2 38 44
26 40 36 7
29 49 35 8
2 1 29 0
16 10 34 45
30 23 46 29
15 6 36 48
6 19 36 7
26 45 35 2
2 2 46 30
28 6 24 35
36 23 5 29
29 45 4 6
41 17 10 35
28 3 41 25
17 5 42 25
24 20 26 12
