50 302 11935 800
42 45 17 27
0 41 36 17
24 28 43 11
6 38 40 18
47 41 8 16
39 47 36 8
39 12 40 19
32 18 38 20
9 39 10 15
31 25 9 9
47 43 34 14
10 34 44 30
45 37 33 42
7 41 39 47
8 44 44 12
12 43 43 22
11 38 11 17
10 46 0 30
23 18 43 22
15 46 39 27
39 17 38 21
42 26 7 4
35 31 11 3
7 48 48 15
46 39 27 32
42 35 48 26
15 42 9 12
33 46 44 31
11 27 17 11
42 38 49 10
49 35 5 10
13 37 32 46
49 34 34 0
33 45 46 24
36 39 29 28
26 42 44 8
39 37 24 4
6 46 45 19
43 38 32 18
5 46 37 21
16 39 25 21
10 37 44 22
4 41 10 8
2 38 8 10
4 20 38 23
4 41 43 28
42 44 21 15
44 6 44 20
12 45 47 14
39 40 2 9
11 23 40 29
47 41 32 49
23 24 33 38
48 49 30 33
44 32 38 32
8 41 42 39
42 35 12 20
6 35 20 4
36 27 27 3
9 45 41 23
14 42 8 8
28 22 22 17
45 49 38 33
6 42 30 37
31 16 41 14
35 47 16 13
22 35 8 24
47 30 40 13
14 20 39 19
19 13 45 30
46 30 18 10
27 37 20 18
21 24 45 30
16 49 40 27
8 34 36 25
45 35 45 49
5 47 27 27
3 44 46 37
12 36 13 15
42 31 10 13
34 35 29 27
35 40 10 48
42 34 7 8
40 45 15 11
12 43 33 16
30 32 34 45
44 42 45 10
9 43 33 15
4 44 10 10
34 34 43 22
14 47 49 14
9 39 7 12
32 35 36 26
7 45 43 36
8 35 36 35
19 30 39 18
18 37 38 19
5 44 12 13
4 37 31 18
4 40 37 35
7 42 43 41
39 44 8 37
6 32 1 9
41 42 43 36
14 29 29 46
12 22 34 45
11 44 39 12
34 37 46 38
46 27 38 20
33 42 41 18
39 48 42 40
34 46 48 20
9 42 13 9
11 38 37 14
6 44 32 14
3 39 36 27
15 37 28 17
22 44 22 16
40 45 33 6
2 44 12 12
16 38 32 7
38 42 41 17
42 41 32 19
23 23 47 14
41 7 44 10
8 28 38 41
5 42 28 47
28 25 34 13
34 47 35 28
15 46 41 11
38 47 14 25
24 34 42 17
14 39 37 22
8 40 36 25
7 30 35 49
11 44 35 22
10 42 39 46
10 43 17 29
13 43 19 37
15 49 35 27
9 39 4 12
34 35 12 8
38 15 39 37
47 27 42 13
41 42 18 5
8 42 47 31
45 38 40 35
7 42 17 15
8 47 31 47
6 38 6 7
45 37 35 9
10 44 42 31
40 49 41 43
12 44 33 36
4 35 11 8
46 30 26 11
10 41 34 27
11 43 7 5
10 44 39 45
46 34 24 2
5 41 43 11
7 41 40 26
8 37 40 14
21 41 32 11
13 36 28 20
6 19 35 7
34 48 10 39
42 33 44 38
13 41 11 2
6 42 38 16
7 19 10 12
27 29 10 9
23 30 13 13
41 40 39 10
25 29 31 39
12 38 41 18
48 35 18 9
4 42 29 48
35 47 9 10
9 29 30 19
43 46 38 15
49 30 46 39
7 46 37 25
15 37 34 6
33 32 7 13
40 27 34 35
34 44 9 16
42 47 29 7
24 37 42 27
37 44 38 30
42 36 48 18
24 45 38 13
35 35 11 8
24 24 49 25
49 34 44 21
16 33 11 5
31 34 38 7
1 47 5 12
34 28 34 42
26 10 41 16
7 37 9 13
14 49 46 16
11 45 47 45
2 2 13 11
37 46 40 10
22 29 11 11
14 47 41 31
11 44 15 15
11 44 38 10
7 38 11 11
0 33 10 11
9 42 25 14
18 42 44 11
24 48 43 18
34 34 35 13
7 44 36 15
34 13 7 16
49 39 19 23
21 39 41 15
39 42 18 15
2 43 31 24
38 34 40 43
41 43 46 25
34 45 38 28
47 41 36 27
41 44 34 15
5 43 49 33
13 38 23 4
49 27 41 20
43 40 31 45
29 13 9 11
30 36 44 14
27 31 45 48
18 46 47 28
15 29 31 10
37 14 32 10
6 35 39 11
44 21 33 22
39 21 45 31
33 24 36 32
10 45 18 6
38 40 17 15
45 49 44 19
42 32 39 16
43 19 43 35
12 42 20 5
45 48 30 23
44 34 26 36
15 45 6 9
12 47 49 20
45 49 43 19
14 14 45 45
24 41 44 27
36 43 41 14
27 25 38 42
22 12 37 13
24 45 36 18
10 44 7 31
48 44 36 31
30 34 34 12
13 45 35 6
44 38 49 14
39 39 19 3
44 31 0 38
31 22 36 20
10 38 42 17
48 32 41 22
33 19 35 46
17 44 35 15
32 40 10 8
5 46 35 31
39 48 43 10
18 47 25 13
5 45 8 32
9 47 21 5
22 36 41 6
14 41 37 14
9 47 35 48
11 44 38 19
34 31 30 11
7 44 3 12
11 45 46 35
12 44 36 19
24 47 7 9
7 41 33 19
14 46 11 2
15 38 39 32
45 48 30 31
36 33 33 40
15 45 31 22
30 38 18 4
20 22 39 34
6 45 37 8
47 45 36 46
6 43 36 7
41 49 37 47
10 45 43 26
0 28 10 16
17 19 13 5
23 36 45 13
46 34 39 19
18 47 37 22
