50 54 14362 800
32 30 38 34
12 37 43 28
11 26 1 36
29 30 42 29
47 20 42 35
32 30 20 20
27 28 39 36
26 38 21 20
42 8 25 21
49 34 10 25
34 38 10 35
48 23 37 33
30 30 41 31
33 6 22 19
1 12 21 13
33 30 42 21
26 30 21 15
15 45 29 11
29 30 0 40
37 25 11 9
11 42 5 13
20 37 14 29
9 49 40 24
3 13 16 18
29 6 43 25
48 20 38 26
28 15 20 20
26 47 19 16
8 47 19 25
42 23 20 17
32 31 26 29
38 31 21 23
14 36 24 22
5 44 12 30
45 34 32 42
38 3 18 15
17 34 48 44
7 45 10 24
23 35 14 17
14 45 29 21
3 34 23 17
29 3 1 22
27 20 25 28
27 27 22 16
5 29 40 24
30 34 24 19
28 29 25 23
38 28 18 17
45 37 25 16
31 32 29 12
19 34 39 7
28 43 12 11
16 43 24 16
9 31 45 11
