50 615 15839 800
5 29 1 42
2 33 1 39
2 30 22 16
5 48 36 41
18 42 10 29
5 33 0 30
20 43 34 25
29 13 41 21
16 43 33 16
48 6 25 34
13 38 14 7
21 46 1 20
4 25 18 40
2 31 23 20
9 46 17 35
41 6 13 33
23 6 32 6
7 29 7 34
23 42 21 14
18 38 35 44
12 47 21 15
21 48 13 20
35 14 23 13
42 12 20 4
5 22 14 6
16 41 25 18
1 34 21 29
18 47 15 5
2 27 0 7
44 21 0 11
16 43 38 10
43 0 24 8
13 37 21 16
14 40 38 29
13 37 16 25
40 42 43 3
15 47 7 23
16 38 22 44
16 46 17 36
30 3 15 29
15 46 26 14
23 21 13 47
4 28 2 19
3 31 15 31
19 46 0 41
41 3 7 35
21 45 34 17
9 30 5 38
5 32 27 26
19 42 2 35
18 20 16 13
9 23 43 24
11 48 25 10
21 6 0 35
19 39 3 2
43 13 36 34
16 33 15 1
11 49 16 44
10 42 25 22
19 49 17 39
40 19 16 15
18 49 10 26
40 16 49 36
11 33 25 17
10 32 45 12
17 45 17 8
27 15 31 28
21 26 35 28
6 36 20 40
14 38 0 26
20 11 31 41
22 40 21 6
18 46 28 36
35 16 19 2
32 16 14 20
9 23 23 13
2 27 29 34
7 31 27 35
6 11 32 33
16 41 30 23
19 38 43 37
3 27 14 9
3 24 28 17
21 44 29 26
28 10 10 21
34 8 11 35
32 15 37 29
5 33 31 43
21 43 25 15
33 18 26 8
39 35 20 45
7 26 8 18
2 19 40 41
21 41 22 14
18 46 15 11
34 10 20 9
46 4 38 29
10 29 23 19
6 31 36 31
21 7 16 30
21 24 30 37
9 37 2 25
49 6 37 9
33 14 25 16
10 13 32 33
27 39 23 49
1 28 5 23
10 27 22 37
20 3 16 40
16 26 21 46
43 6 29 14
29 4 37 26
8 42 31 33
19 11 24 9
6 41 12 33
20 45 33 13
23 34 10 24
1 39 25 43
15 46 20 14
35 20 23 35
10 6 40 24
28 4 2 24
18 47 21 44
34 20 9 28
33 21 28 2
28 16 33 12
7 34 32 45
15 43 7 3
5 33 37 31
22 41 48 24
11 45 29 10
23 9 31 34
13 45 26 19
22 48 26 4
28 21 20 20
14 38 22 8
8 32 30 18
22 47 25 17
19 8 29 1
47 24 32 42
19 41 21 12
22 46 20 11
6 35 7 29
5 21 20 7
38 21 43 23
7 22 17 8
26 17 20 18
25 37 34 33
5 31 23 45
30 18 31 4
15 42 3 29
2 31 15 28
4 26 22 39
6 29 33 41
2 31 15 21
21 48 26 10
10 29 29 5
38 22 23 12
5 30 37 11
20 39 21 9
39 40 8 22
25 1 16 27
8 14 7 41
31 0 20 13
20 48 28 24
21 43 7 31
23 46 6 21
19 45 23 11
30 13 13 42
23 42 16 20
13 44 23 18
37 14 34 16
4 30 0 36
17 35 30 7
24 5 19 41
11 28 30 29
33 20 25 14
11 45 24 39
14 43 16 22
18 18 6 34
33 9 23 19
3 22 32 10
19 35 19 3
23 10 3 32
30 0 19 12
35 14 7 42
7 25 26 22
3 24 40 17
19 43 23 45
8 27 44 5
17 44 15 14
5 32 15 40
32 20 30 34
13 45 25 14
36 7 10 15
7 33 20 29
21 39 29 11
5 31 22 15
7 42 1 32
41 9 22 11
9 25 19 13
26 15 24 11
22 1 30 10
21 0 22 11
12 38 37 18
22 48 42 13
15 5 12 36
10 17 14 43
26 7 19 33
22 45 33 28
13 6 30 27
19 42 28 42
38 0 25 16
15 46 23 11
13 47 10 39
35 22 5 32
9 23 6 28
31 22 25 7
1 27 16 46
7 29 27 18
21 44 34 8
17 41 25 6
12 46 22 43
21 27 10 41
10 41 31 32
3 29 8 35
8 34 33 3
7 28 16 20
10 30 10 47
6 22 16 16
12 22 30 28
27 14 20 16
13 44 6 39
17 42 30 27
18 28 30 12
20 12 23 14
31 18 25 12
5 36 28 36
8 35 20 12
13 43 36 27
3 30 23 15
3 27 24 12
3 33 21 42
48 28 5 33
19 47 25 29
6 33 14 6
9 33 34 22
1 30 1 4
20 44 32 32
1 38 15 40
18 43 24 14
3 30 18 10
8 33 45 24
48 0 10 39
13 21 6 18
4 33 18 11
20 46 27 16
15 45 20 35
22 42 18 46
33 8 17 11
10 28 16 12
11 30 13 44
9 35 27 44
34 13 23 7
8 30 8 35
28 19 17 26
2 32 34 23
33 1 27 24
4 34 9 42
20 42 2 40
19 38 21 16
1 32 33 13
3 31 34 39
17 4 27 37
28 12 26 30
27 12 20 11
8 30 20 17
20 13 35 23
14 2 29 23
20 46 18 11
28 22 36 23
9 39 25 40
17 10 22 15
12 34 24 38
5 27 19 6
1 2 23 11
15 38 4 26
36 12 23 9
25 16 21 15
18 42 25 28
5 30 5 24
14 32 31 30
23 35 22 28
3 30 2 19
11 4 18 48
17 43 25 16
30 26 36 36
43 5 13 35
13 26 33 12
5 27 23 7
19 9 42 1
11 34 19 28
5 35 17 21
35 15 31 37
15 41 13 44
27 12 40 24
7 26 2 31
19 47 8 38
21 41 44 15
4 26 10 14
1 35 19 14
13 49 34 38
9 28 8 22
24 43 18 46
10 38 40 5
18 48 21 8
10 29 31 4
1 31 39 26
2 29 16 41
31 12 19 29
19 49 26 13
14 40 31 42
27 9 37 36
9 31 13 0
17 46 36 35
28 12 33 20
35 18 29 18
4 25 33 39
10 27 1 41
5 33 13 21
9 33 24 14
45 24 34 12
23 0 25 10
20 19 36 37
16 13 17 42
7 33 35 37
7 29 8 6
18 9 26 16
10 42 14 11
1 22 25 46
7 31 27 20
16 48 39 39
6 28 22 14
20 47 9 5
16 49 23 13
9 6 19 15
33 10 39 32
10 32 23 13
12 8 37 36
13 44 38 21
6 34 6 25
29 13 23 11
18 49 19 13
37 13 12 31
49 25 12 12
17 6 34 30
14 39 33 43
18 40 32 29
29 8 19 18
18 2 27 34
49 20 33 37
21 18 36 17
28 25 10 18
16 21 30 25
7 31 4 14
2 28 38 36
28 20 22 6
11 49 9 39
3 29 37 32
13 38 23 6
20 49 23 41
19 46 9 28
20 4 24 24
26 5 28 26
5 32 9 4
6 31 19 14
6 28 2 19
2 33 24 7
25 42 41 18
3 8 20 14
20 49 20 11
16 41 25 10
38 7 3 26
31 14 16 15
6 26 24 21
12 46 21 36
14 42 24 16
14 18 4 30
29 19 12 22
14 45 3 19
18 42 1 28
46 21 35 43
3 41 17 12
9 32 39 45
10 23 36 30
19 30 6 23
17 29 7 43
16 43 17 10
1 35 26 11
30 4 20 38
15 46 48 0
9 35 16 16
41 3 36 9
33 16 6 47
30 3 22 9
24 6 22 9
35 12 10 34
13 3 4 42
3 26 4 40
8 21 19 10
16 1 24 44
25 11 3 16
0 25 43 17
1 33 18 18
30 9 3 27
20 29 28 28
16 48 27 35
29 14 23 36
16 47 9 42
19 38 19 19
10 30 25 28
25 42 22 19
15 40 29 27
28 4 21 21
19 40 24 21
43 16 25 18
23 21 30 10
32 12 4 31
17 39 28 44
10 27 15 37
46 23 34 14
0 33 19 40
20 48 25 12
34 14 23 47
21 47 5 33
18 2 21 37
17 20 16 45
8 12 13 26
17 49 8 31
21 48 21 1
21 14 0 17
9 35 36 31
32 11 29 17
36 13 1 6
6 31 18 49
20 47 37 40
29 11 42 6
9 30 12 14
19 45 15 8
16 44 27 16
20 11 19 39
20 44 34 8
48 7 35 44
5 11 21 14
4 37 24 8
36 0 31 39
16 46 30 24
5 35 27 35
17 5 22 33
23 7 22 19
9 26 2 33
4 29 31 37
16 45 42 8
3 24 32 23
47 17 22 15
26 30 43 13
15 42 24 25
5 8 23 12
6 43 18 8
19 43 6 12
9 25 33 38
19 0 36 6
44 2 0 28
1 36 7 33
17 41 33 42
4 30 26 39
30 7 22 26
15 1 18 14
30 36 21 11
4 33 27 23
12 8 8 33
19 49 15 15
28 1 0 39
16 44 22 15
37 28 18 44
12 44 0 33
8 33 0 37
32 9 16 12
7 14 36 36
3 20 39 27
4 28 20 16
37 19 25 9
14 46 2 29
15 42 21 34
40 15 18 15
23 19 10 45
14 6 14 20
24 40 5 17
23 46 3 13
15 5 33 29
16 21 31 19
15 26 22 4
16 45 26 0
8 31 33 47
41 10 2 21
30 23 14 45
3 27 26 10
16 46 18 21
35 15 15 41
19 49 20 4
1 30 18 39
3 32 21 13
19 46 23 19
18 46 33 12
27 10 23 11
35 13 21 4
16 21 45 22
19 47 21 6
1 31 37 5
36 16 28 41
20 49 20 11
5 33 39 38
6 31 20 44
47 9 7 25
14 44 31 6
9 34 24 1
4 26 36 34
20 36 1 29
23 49 15 45
34 22 37 37
17 49 14 34
49 35 0 35
19 46 1 29
32 12 39 31
43 17 23 43
21 47 24 21
22 49 22 34
36 8 7 44
1 36 19 44
18 15 6 31
14 14 31 42
28 27 11 36
24 1 19 11
20 41 21 36
36 20 22 12
0 31 12 28
34 15 35 35
30 15 22 2
19 49 20 13
28 7 32 24
32 9 23 14
43 48 21 12
6 25 17 15
35 5 35 11
22 49 41 34
9 43 28 30
30 0 23 13
16 10 5 23
23 48 40 31
14 40 12 19
31 9 43 39
22 17 2 33
17 44 38 40
19 9 0 20
3 27 22 14
5 32 0 35
0 28 33 34
3 33 20 41
20 48 22 43
11 33 17 5
4 25 18 11
35 12 23 8
2 26 18 40
7 33 16 39
6 31 31 24
18 48 4 3
38 10 22 16
16 46 2 37
8 28 4 36
16 43 22 45
12 33 46 21
20 39 36 16
19 47 36 14
19 0 0 36
21 17 6 15
3 32 30 9
9 5 10 16
27 10 36 9
17 41 38 34
6 28 11 35
29 0 43 27
11 37 2 39
14 42 23 17
3 26 41 37
13 47 22 20
7 29 24 39
28 15 30 20
19 48 18 20
21 40 0 18
1 27 14 29
15 45 9 17
32 1 6 4
16 48 23 35
28 25 14 42
2 25 33 1
6 29 6 21
3 34 23 11
49 7 6 43
37 14 14 37
15 43 28 17
2 26 21 32
11 47 17 43
5 31 12 35
7 30 30 21
2 33 4 39
