50 728 14285 800
4 19 31 16
7 29 10 42
30 21 15 29
7 17 35 3
40 31 8 9
9 14 11 23
1 32 13 31
35 35 12 5
36 27 30 28
28 25 12 23
33 22 13 25
36 44 35 6
40 23 22 26
10 21 37 31
33 29 15 25
27 22 33 19
6 25 41 19
13 15 49 16
22 11 49 13
5 3 23 28
39 23 41 13
28 41 1 8
12 6 19 9
37 20 17 16
13 37 14 7
5 26 37 20
20 4 26 12
1 16 36 28
47 32 19 23
26 22 8 25
0 22 33 16
10 23 25 47
4 13 25 43
11 26 38 24
46 11 11 9
7 17 5 3
37 43 4 12
0 22 16 17
46 46 16 23
7 22 40 7
19 8 19 18
40 22 33 37
21 18 6 0
7 21 31 10
5 24 40 14
15 13 15 20
34 32 5 47
27 34 18 19
5 26 13 20
1 20 42 35
41 8 5 30
6 27 44 3
10 14 21 11
13 9 14 19
8 16 35 39
10 25 18 26
12 10 19 20
8 15 0 23
25 4 34 4
44 29 31 8
19 19 14 28
3 24 11 6
3 9 34 12
8 37 32 5
24 29 6 47
44 34 12 47
37 37 19 25
0 23 15 18
20 41 45 19
39 12 21 5
22 13 23 28
28 16 13 20
10 15 29 25
9 26 47 26
9 23 13 17
17 20 28 42
32 25 14 34
14 8 11 13
6 22 6 1
17 23 29 10
47 32 19 17
37 13 43 27
32 12 7 17
28 35 38 31
10 31 14 21
0 11 40 7
19 4 49 9
19 0 20 21
4 18 26 17
31 29 43 30
36 19 0 7
21 14 5 24
15 27 8 6
15 11 20 26
44 24 36 26
7 23 45 28
31 37 31 13
27 18 27 30
29 35 17 16
1 28 32 19
7 21 10 2
41 20 26 18
22 21 4 6
14 6 30 37
8 17 48 10
49 41 19 17
18 21 20 24
7 27 18 35
17 26 34 15
35 42 13 17
39 41 28 0
22 24 26 26
6 12 6 23
24 26 38 8
38 24 20 36
0 24 34 22
27 0 30 14
7 25 45 23
2 10 49 22
19 12 45 28
39 6 9 15
7 23 13 22
1 12 40 37
17 17 3 24
37 19 25 8
18 29 18 15
12 32 48 32
15 18 15 0
40 49 10 48
37 35 19 13
23 23 15 21
7 28 42 13
49 43 41 30
33 33 14 1
20 8 1 7
1 27 11 9
2 12 47 34
37 32 48 4
28 30 11 7
3 32 17 15
5 32 27 21
6 27 20 17
14 18 27 21
12 9 22 8
10 18 20 22
3 29 32 30
40 28 37 11
8 22 16 24
35 36 47 3
13 31 25 1
11 3 14 24
10 24 45 14
2 26 14 13
8 13 49 15
29 31 15 7
2 13 15 19
31 9 44 16
40 30 7 23
23 4 13 11
5 1 26 7
14 21 18 19
2 13 17 16
5 39 20 29
24 19 6 34
5 8 10 20
22 18 36 44
18 22 20 15
15 10 28 0
4 15 14 24
37 26 13 20
27 17 31 36
45 43 47 13
1 41 22 46
15 1 2 27
27 27 35 34
31 2 45 34
44 45 45 10
15 25 23 22
2 16 42 23
33 17 17 2
19 35 23 38
28 34 33 3
36 23 15 20
7 10 41 9
13 8 13 27
36 42 33 27
17 20 12 32
2 29 22 5
0 28 32 13
29 43 42 19
25 28 23 13
7 24 35 6
28 17 14 23
45 35 20 20
24 40 12 18
9 14 13 20
29 29 7 18
18 13 11 42
9 12 43 3
1 26 23 35
9 34 14 5
6 16 12 17
40 9 24 13
4 31 19 1
29 22 22 7
10 24 46 6
38 18 29 16
17 13 42 26
48 27 25 5
2 15 40 32
24 36 15 1
11 13 23 12
27 17 10 24
0 35 44 48
30 45 34 19
37 39 18 14
2 8 44 6
26 35 23 10
29 18 31 13
30 30 12 17
4 25 33 31
4 27 18 19
8 14 49 48
38 36 41 11
35 41 34 37
10 27 19 23
7 12 16 9
15 19 19 17
15 32 43 22
30 12 41 7
10 7 33 36
23 29 16 19
13 26 21 9
9 23 40 4
4 23 43 9
6 5 36 20
13 17 37 0
30 40 30 9
26 16 16 0
44 20 15 12
12 27 25 21
29 36 14 1
25 22 38 16
8 6 42 31
4 14 6 26
23 32 19 20
6 29 20 12
25 34 42 27
4 10 17 20
8 31 17 25
20 29 49 15
20 39 14 25
45 48 43 33
18 32 42 8
19 12 8 24
5 21 29 16
8 11 34 1
33 34 12 21
22 14 17 12
8 8 41 14
36 33 49 37
14 22 9 11
7 29 21 19
17 27 37 1
40 31 14 8
35 19 49 38
24 39 9 18
8 27 10 19
5 15 25 7
8 33 22 48
14 33 8 16
0 22 41 36
38 21 7 34
38 35 39 16
39 33 32 18
30 28 20 3
10 39 19 10
24 48 7 21
41 28 17 22
35 8 14 18
9 24 20 14
6 14 27 30
28 25 21 14
25 21 14 17
37 18 7 11
14 22 31 32
8 20 21 44
3 22 32 15
15 30 46 2
3 19 49 33
5 10 37 24
27 11 44 38
7 5 22 19
4 32 12 30
1 15 45 40
30 39 5 29
30 33 24 11
45 24 26 17
26 5 2 0
38 35 47 10
37 36 5 18
22 22 12 9
31 18 15 18
6 21 37 39
27 14 27 9
8 25 28 33
32 6 24 4
39 25 32 17
2 17 2 11
41 47 17 23
6 27 31 24
42 29 10 24
28 28 40 26
42 2 0 20
13 12 42 40
14 28 19 6
40 14 4 18
28 21 46 3
10 13 28 15
12 16 32 27
39 21 12 16
7 17 24 26
4 37 21 24
37 20 34 13
43 23 12 18
9 10 36 19
38 5 30 3
20 11 22 23
19 28 32 3
27 28 36 11
38 26 20 21
28 28 46 39
33 32 15 19
3 19 24 31
1 30 32 37
10 19 43 38
23 2 15 12
36 25 11 16
7 15 16 19
9 28 21 11
47 45 12 9
7 11 14 9
35 25 25 14
18 25 18 11
6 18 1 29
28 35 45 36
8 22 15 29
36 25 26 25
36 31 35 8
5 27 25 11
30 26 5 29
6 11 12 16
9 21 9 27
34 26 27 12
26 2 22 0
29 46 35 12
13 8 8 19
44 39 3 25
35 40 42 22
14 12 48 19
2 5 21 27
19 8 32 2
4 26 30 23
49 35 39 21
25 26 14 23
36 13 9 2
11 27 40 47
17 32 16 12
2 3 24 5
28 27 14 39
10 20 10 15
31 26 42 35
2 19 13 3
9 34 33 5
30 25 19 13
19 29 34 20
37 37 36 21
17 22 20 20
8 22 14 40
5 32 23 6
34 43 44 9
27 35 36 18
16 12 14 15
6 4 43 34
4 21 18 20
8 40 27 10
8 14 34 11
22 35 15 23
33 31 41 11
19 17 37 37
34 28 10 8
5 18 9 0
11 12 17 40
22 25 26 13
40 22 16 5
4 24 5 2
30 11 41 25
10 13 45 10
4 13 31 29
28 43 35 15
40 44 32 13
43 34 29 9
18 8 4 2
7 26 18 17
7 32 25 7
24 14 32 25
0 40 11 6
35 21 8 27
12 19 26 6
13 9 16 23
33 24 28 17
33 21 10 17
42 37 9 23
18 21 16 43
5 11 7 23
45 44 4 9
35 13 7 21
27 2 4 10
0 25 12 31
15 20 16 10
25 37 22 16
33 25 28 2
36 21 46 3
4 23 48 14
21 24 27 8
23 23 27 14
10 36 11 14
11 27 14 23
15 38 30 4
33 9 45 4
23 23 11 24
35 39 15 17
8 16 22 17
22 12 45 41
20 16 38 21
2 31 47 10
33 27 12 16
35 29 43 16
4 16 40 14
6 28 34 9
28 44 36 9
10 23 19 13
33 26 14 18
12 19 34 18
30 10 20 24
34 29 41 15
12 18 15 21
5 33 13 17
24 27 20 15
29 30 12 19
15 19 46 21
5 17 26 11
12 11 49 16
5 3 34 24
10 4 37 13
11 30 44 7
16 32 38 3
34 27 15 17
32 39 6 30
34 36 44 6
46 19 16 26
17 15 5 19
37 38 16 7
34 11 10 28
3 18 29 34
32 31 38 4
2 13 32 23
36 30 23 23
8 18 43 33
44 28 15 25
6 23 41 25
36 25 30 21
13 22 45 11
21 15 10 14
8 19 26 10
6 21 26 18
25 12 32 40
4 11 35 27
31 33 47 27
10 1 47 18
14 14 15 21
36 39 49 45
45 23 22 14
28 11 30 33
10 27 46 5
8 29 15 9
5 27 1 23
11 36 22 20
32 43 12 9
28 47 12 13
7 17 7 23
12 13 24 2
40 30 27 4
21 6 23 42
44 26 35 8
8 12 18 25
7 27 24 0
12 24 2 14
34 37 2 7
23 38 1 9
8 23 11 5
11 17 26 15
33 34 14 19
41 12 8 35
36 23 11 10
4 6 6 24
6 5 14 4
5 24 17 12
6 27 38 12
21 28 5 25
15 2 10 33
2 9 17 19
31 42 7 41
8 7 44 2
5 5 28 21
20 25 6 21
10 3 5 10
6 22 34 13
29 4 49 20
4 20 45 4
12 23 1 29
32 36 13 26
27 6 33 2
30 31 28 23
16 3 47 29
15 6 20 22
30 40 17 21
12 9 30 5
45 15 17 24
40 15 24 27
6 25 12 38
27 13 23 6
5 12 26 5
5 22 26 44
12 7 42 8
5 11 41 9
44 22 11 17
40 31 25 28
16 3 29 10
36 26 1 18
31 18 0 3
10 25 14 21
0 12 22 17
10 23 6 13
42 15 15 27
4 2 36 13
7 18 23 19
36 34 18 22
13 22 45 40
37 29 39 24
17 27 25 26
35 19 25 7
0 16 43 23
10 26 23 13
29 30 26 11
46 21 26 9
35 43 47 10
21 17 49 22
26 8 18 19
25 16 16 32
3 34 42 19
31 25 15 21
13 21 24 20
35 28 12 16
11 15 9 21
27 26 43 7
5 25 46 18
7 30 12 13
30 38 20 23
26 27 23 21
34 3 33 15
25 41 36 20
13 15 34 27
37 21 33 26
5 30 19 26
19 30 44 22
28 26 41 30
7 24 15 13
23 11 20 15
38 38 26 29
31 27 20 11
6 10 31 14
6 22 18 0
5 13 44 0
45 18 15 16
27 31 21 29
25 33 48 1
0 29 7 12
8 24 21 1
35 37 22 11
30 41 17 14
3 31 37 16
35 10 10 20
10 23 49 18
1 15 15 17
32 7 25 21
10 25 15 8
13 16 20 8
28 23 17 24
40 6 41 16
12 27 11 20
8 21 42 16
21 12 29 6
32 30 38 26
3 18 16 21
18 24 34 8
10 20 30 32
19 30 1 40
23 45 39 38
9 14 13 11
5 29 14 23
35 32 14 13
31 20 40 27
26 34 25 6
48 20 33 12
25 43 31 25
38 31 10 8
13 37 44 6
23 4 44 31
22 3 45 12
35 20 17 18
23 29 15 0
30 7 35 17
6 13 18 3
21 42 14 19
37 39 27 0
45 39 25 13
35 19 34 14
33 18 45 2
36 31 2 41
4 22 8 9
11 6 41 6
27 27 5 20
46 21 13 17
17 32 47 20
32 41 24 11
8 31 12 15
34 39 39 22
7 28 11 23
41 33 45 11
31 34 16 1
47 36 38 3
7 14 31 39
11 16 49 23
24 18 16 19
6 13 30 22
42 12 7 19
29 33 25 32
43 27 37 5
24 15 18 19
19 23 31 9
6 33 19 46
35 23 40 32
3 25 11 33
4 29 14 5
0 1 22 10
4 35 24 46
19 5 8 1
28 39 39 21
40 7 17 21
15 24 41 15
49 32 19 10
28 19 20 29
7 17 32 17
42 41 25 14
39 23 7 25
27 4 5 12
29 39 39 35
44 29 12 5
6 24 32 2
4 23 1 25
42 36 16 7
34 2 17 8
35 29 14 7
1 14 12 6
3 23 49 26
43 9 24 2
7 21 13 21
30 44 41 29
48 16 24 17
25 23 17 25
15 4 10 5
9 34 16 16
1 16 41 9
30 20 20 13
34 25 28 18
25 32 13 18
9 20 15 17
4 22 1 2
3 16 8 21
30 19 29 30
32 33 42 27
40 17 14 26
33 26 42 19
18 28 4 20
35 17 17 27
30 27 13 2
30 15 18 22
44 15 36 17
11 24 47 23
24 28 22 11
47 23 11 6
8 7 24 29
11 16 1 23
17 3 46 9
1 21 10 22
15 16 33 4
44 15 21 11
47 17 21 5
33 33 4 1
29 44 23 27
25 22 0 5
1 5 13 11
35 23 20 23
15 7 30 4
3 43 34 12
35 20 29 0
32 25 31 39
3 4 35 37
31 27 2 21
24 19 16 4
5 17 20 2
9 24 43 10
38 23 38 17
9 25 16 27
31 21 31 8
26 14 34 13
4 28 10 10
