50 54 15220 800
26 20 1 41
22 24 12 22
21 13 22 22
22 32 1 42
9 17 23 14
9 34 37 37
12 30 26 45
19 39 37 39
29 13 34 24
11 34 48 1
20 48 15 42
20 10 35 47
15 23 32 24
10 32 30 22
16 34 13 10
35 20 33 12
6 30 40 9
34 42 7 9
24 13 41 6
35 18 34 40
20 13 2 36
37 16 31 6
16 29 25 4
27 28 1 45
7 38 35 45
44 17 39 45
12 36 37 4
10 35 24 22
24 15 32 40
39 17 27 19
28 41 41 35
12 36 13 19
12 34 28 23
7 41 27 22
28 42 28 2
27 31 34 48
32 43 38 47
12 40 2 43
21 41 28 25
13 20 43 38
9 39 28 21
9 32 40 42
19 20 38 7
27 32 27 42
6 27 33 5
8 36 32 49
34 20 25 21
10 37 22 20
19 21 5 8
19 26 29 14
32 21 27 24
23 21 40 12
9 34 11 13
9 33 32 20
