50 61 13636 800
29 18 40 20
17 6 16 14
2 35 36 41
7 20 25 39
3 18 31 40
0 14 43 29
47 17 16 9
42 22 43 15
23 39 7 41
16 4 24 17
19 8 18 14
22 24 28 24
9 14 3 30
1 39 25 15
13 10 27 2
29 6 20 8
5 3 32 38
43 40 34 36
16 15 3 8
38 19 46 26
45 32 40 12
35 3 29 20
19 33 41 29
14 37 20 13
14 5 47 38
33 26 37 37
30 11 29 15
31 26 39 33
15 0 15 32
16 14 48 36
27 7 47 24
7 29 34 3
43 12 47 5
33 9 29 14
10 8 15 32
4 27 49 20
17 22 42 29
6 18 10 43
31 35 46 30
19 7 31 36
19 15 33 46
42 24 46 32
26 38 32 12
12 6 47 28
11 20 47 30
30 40 21 43
29 19 40 26
22 34 31 14
5 17 35 49
20 14 37 40
18 13 39 29
14 0 39 26
14 2 20 44
12 14 27 43
14 37 41 29
8 12 36 6
46 26 47 18
30 22 44 24
10 4 20 2
49 12 29 22
40 21 48 22
