50 1250 17831 800
20 5 25 19
1 20 31 16
22 14 28 18
10 20 28 16
35 22 39 15
9 22 26 36
25 6 28 25
43 22 29 12
41 33 39 11
34 42 9 26
22 22 28 44
30 33 20 6
10 7 9 35
13 37 16 18
45 42 22 9
13 18 24 1
36 48 27 23
33 13 1 6
38 20 42 41
10 21 32 23
47 36 16 18
29 28 41 37
44 41 32 22
31 32 18 8
24 7 27 16
9 24 24 5
6 27 25 17
30 27 28 14
16 30 36 14
25 29 34 45
41 34 44 5
31 32 32 16
33 33 24 22
37 24 28 27
31 27 31 37
28 38 12 28
36 17 11 45
16 1 32 22
27 35 48 8
19 25 34 5
28 35 2 24
40 17 28 20
19 9 28 40
18 36 32 17
22 39 17 0
27 35 35 6
37 44 46 35
4 22 24 28
42 31 27 18
36 46 28 10
24 5 34 23
41 8 34 16
37 3 48 43
34 26 40 31
41 18 32 27
12 17 38 34
13 7 33 22
21 32 25 7
8 6 30 21
20 29 12 27
20 3 17 11
38 38 4 23
13 19 15 10
7 25 28 21
46 23 35 44
29 8 22 18
42 6 27 17
0 5 28 18
47 26 3 49
26 33 4 9
30 6 35 8
30 42 25 36
24 33 34 23
49 30 30 46
19 19 49 36
43 36 40 24
43 6 34 0
17 42 32 33
13 18 16 3
32 23 26 30
6 25 26 19
23 28 31 26
49 22 31 17
47 22 28 37
10 28 25 49
43 22 19 43
32 16 16 35
2 23 32 17
12 22 38 34
12 18 27 21
8 14 41 6
21 12 6 38
11 31 37 19
30 18 25 22
18 16 29 23
23 42 29 19
27 39 32 19
19 9 26 5
37 4 43 16
11 1 39 42
15 8 14 14
46 46 20 13
32 18 13 6
37 28 31 15
48 26 30 17
6 29 12 18
25 17 29 19
22 12 25 19
5 25 37 24
26 33 42 34
12 29 31 30
36 28 32 49
35 29 32 22
13 25 27 34
34 4 25 44
19 2 30 17
47 3 33 24
36 16 27 22
15 10 43 30
20 20 39 31
40 42 22 31
31 19 30 11
19 7 8 32
36 13 30 40
24 39 32 29
22 8 39 24
25 36 8 12
31 33 24 17
16 20 15 39
6 32 16 15
8 1 20 15
17 6 30 31
40 13 10 24
35 34 24 24
32 0 31 33
37 31 29 28
37 13 28 16
35 18 23 40
11 13 26 17
16 19 23 24
31 34 38 25
34 20 14 16
15 31 39 10
23 11 32 18
25 9 34 1
3 7 24 24
10 25 36 20
34 32 38 22
46 39 20 16
39 10 25 37
43 4 13 0
39 10 45 5
41 24 34 4
46 39 21 36
20 13 37 5
9 42 37 18
31 29 11 44
9 4 27 26
47 27 8 14
10 8 20 17
28 4 16 39
32 27 31 21
7 41 33 22
7 19 3 22
39 32 15 8
35 42 28 19
30 12 12 38
36 2 47 17
28 13 35 12
13 5 22 7
3 1 19 16
12 14 23 39
29 31 29 24
38 38 37 44
43 27 22 15
26 36 30 21
32 11 36 10
44 20 33 41
22 29 31 23
44 43 24 16
32 30 29 16
36 24 17 15
27 27 20 24
19 35 32 26
19 35 33 18
36 15 30 13
45 47 9 48
44 19 29 31
41 28 46 33
45 44 27 48
34 33 8 11
27 4 47 29
27 8 6 36
16 12 29 21
26 22 38 23
12 15 37 25
41 44 18 14
21 8 26 7
35 19 28 34
37 3 31 17
26 35 17 7
29 4 27 36
28 34 40 18
43 40 26 18
36 33 41 31
25 24 16 13
25 37 27 18
42 31 21 25
24 36 24 19
20 4 30 19
35 1 4 6
44 29 36 6
29 27 17 28
49 12 16 19
9 13 17 7
9 31 30 34
31 19 18 33
38 35 27 20
28 26 6 32
31 6 43 2
38 11 31 9
12 5 31 11
13 22 30 22
14 25 31 19
38 43 15 9
6 1 41 41
35 28 38 20
14 18 28 26
31 21 39 38
11 18 32 22
22 21 33 24
34 36 26 17
37 19 29 25
26 29 33 47
28 12 20 42
42 16 28 28
41 37 49 11
35 32 21 29
18 13 28 16
42 20 43 30
23 4 39 46
19 15 20 10
39 11 31 22
30 27 31 15
30 33 21 46
25 12 33 19
25 32 33 34
28 17 31 33
28 31 12 34
27 25 32 16
37 32 30 11
14 11 23 25
0 31 39 11
29 26 41 24
40 46 28 17
39 15 45 29
7 21 30 17
35 10 1 2
12 5 11 9
15 31 36 27
43 11 35 31
41 48 32 15
38 43 31 29
20 28 19 20
14 24 24 44
21 19 12 8
14 31 20 39
31 24 26 6
26 28 37 15
44 6 34 28
12 11 12 3
32 32 28 13
9 20 22 37
13 36 40 29
30 15 36 25
24 13 14 7
23 22 15 14
46 32 21 40
49 46 41 18
10 25 44 47
5 23 13 40
22 25 27 14
47 18 16 35
21 14 31 18
25 35 36 26
19 18 13 3
46 45 3 15
32 42 15 27
29 29 11 34
26 11 17 3
26 25 33 39
16 1 16 34
15 14 26 29
6 22 28 16
12 0 18 47
34 7 23 40
30 49 32 14
38 28 24 44
47 41 25 21
35 13 31 36
6 38 31 19
9 17 26 38
34 17 30 4
10 28 29 31
13 15 25 41
7 16 25 30
19 10 13 19
40 20 32 26
39 24 33 26
23 35 38 38
24 5 26 25
40 28 41 17
6 19 35 18
17 22 31 8
21 5 28 15
43 40 37 48
45 16 31 20
42 1 22 15
22 14 28 49
48 40 28 20
15 25 12 27
49 34 45 45
11 26 34 31
31 30 12 27
39 19 29 26
30 37 26 7
24 44 23 26
40 18 27 18
11 19 33 43
35 23 21 16
25 31 38 24
26 36 3 41
46 13 47 5
40 28 9 28
10 18 16 28
20 16 23 46
21 2 31 31
47 28 42 22
13 13 16 16
38 2 8 4
29 1 26 20
40 20 38 4
43 16 27 30
18 14 30 12
12 18 19 25
43 47 19 28
35 4 37 16
26 9 24 19
18 11 22 45
41 33 37 10
40 21 31 13
3 39 33 6
20 18 30 13
13 20 2 27
24 10 19 42
19 11 34 20
37 9 26 16
28 10 12 14
37 18 30 36
49 49 46 22
8 38 18 16
7 20 27 8
7 14 7 38
30 29 25 16
35 26 38 34
7 24 17 33
36 1 44 29
38 17 4 23
13 4 34 39
23 25 28 21
31 35 30 29
28 0 37 23
11 31 30 12
6 17 28 27
33 32 29 16
18 29 22 27
27 41 3 48
25 26 37 36
34 19 29 39
34 31 33 15
28 35 29 26
40 18 30 23
22 0 30 18
33 23 33 28
48 29 7 15
34 30 28 20
49 4 38 4
14 19 5 36
32 23 35 21
29 27 21 21
22 32 11 46
8 18 35 28
43 40 28 19
9 22 17 26
36 14 24 10
26 19 35 2
21 37 35 6
32 43 48 41
14 26 40 22
10 26 33 24
16 10 11 1
14 22 30 27
46 17 26 12
47 31 11 8
35 40 1 10
41 13 30 32
44 14 24 0
31 32 9 7
26 23 29 19
13 3 26 22
6 17 31 19
2 28 44 6
28 13 18 17
17 20 22 17
18 14 27 12
40 7 25 25
2 7 37 27
28 25 7 28
38 12 42 6
18 40 27 26
9 22 11 26
8 20 30 18
31 34 26 15
34 2 30 18
23 6 39 23
49 27 25 16
45 39 41 2
32 31 24 21
30 32 37 7
36 3 29 22
21 33 35 14
4 15 19 14
21 13 28 23
36 5 15 25
37 14 27 17
22 7 30 2
14 25 35 22
35 47 25 22
25 4 24 49
20 8 14 32
42 30 28 17
48 25 29 10
36 19 30 25
33 24 8 9
39 27 31 42
26 17 34 5
37 21 26 3
25 36 27 20
21 9 39 45
27 33 46 26
35 1 29 9
35 20 28 49
33 18 24 21
33 4 24 4
27 4 29 0
46 17 23 41
24 28 17 0
38 13 14 38
27 36 8 25
24 23 24 17
9 3 19 2
35 8 16 0
27 33 31 23
4 25 32 16
8 27 31 20
25 1 32 32
46 25 31 18
11 17 43 33
3 27 33 5
13 6 37 3
7 11 28 21
29 31 37 21
36 20 45 26
19 6 4 16
42 25 27 44
23 21 28 17
42 21 27 17
8 36 3 36
2 31 17 2
29 15 44 44
21 1 34 23
28 37 42 19
49 47 7 9
29 31 26 23
34 25 41 31
21 6 3 22
6 24 17 12
30 40 36 34
46 1 10 45
38 16 38 9
49 29 24 3
22 5 23 34
13 16 36 17
32 25 13 17
34 23 24 17
11 16 15 3
20 27 25 10
44 44 34 16
28 5 35 47
17 3 48 17
16 17 11 8
19 2 31 28
39 15 27 23
39 34 22 11
27 39 30 21
28 7 23 34
3 10 40 33
37 36 24 15
35 22 17 9
38 45 32 23
35 35 13 24
20 3 3 23
10 6 27 19
18 7 6 9
30 3 20 36
38 41 25 47
46 25 25 22
28 26 23 17
17 43 36 43
29 40 33 23
24 10 29 36
33 10 29 14
24 5 23 25
0 13 31 6
25 30 27 34
12 14 25 5
36 31 5 11
26 24 5 21
27 4 28 19
38 18 15 35
11 14 37 25
49 25 33 21
22 2 8 31
40 22 38 19
14 17 34 26
31 36 28 20
20 12 37 12
26 40 33 19
30 33 45 30
43 43 31 13
29 22 25 28
44 35 17 43
25 9 24 3
18 9 45 41
27 14 30 19
11 15 43 42
43 36 17 20
26 35 23 13
25 4 4 4
36 38 20 43
35 34 12 22
49 49 27 43
18 31 23 13
25 35 14 32
13 19 40 0
28 7 40 5
42 36 44 44
25 31 36 25
26 35 29 15
22 39 28 30
30 2 11 8
10 19 29 38
27 33 15 28
11 24 44 31
26 8 33 16
11 35 28 1
26 10 18 19
41 19 27 24
24 35 22 16
39 34 26 15
21 4 13 7
17 13 7 43
27 29 44 24
41 39 8 27
35 24 44 7
31 17 39 9
31 10 13 36
26 7 30 22
12 18 25 20
7 25 15 45
8 14 41 45
19 4 34 29
35 19 33 25
34 14 25 38
17 6 45 37
13 23 28 17
32 17 35 45
9 24 33 15
32 33 29 28
30 5 21 38
9 14 30 15
28 15 20 41
30 8 17 33
8 19 39 14
9 3 13 21
43 43 32 13
16 24 9 23
34 42 26 47
11 15 37 38
36 9 21 23
31 31 21 28
45 5 39 24
48 49 38 20
9 26 26 7
8 27 33 24
20 16 18 8
28 11 26 19
8 20 21 6
6 16 35 21
18 10 32 5
9 17 32 12
39 11 33 16
47 44 26 18
4 44 31 20
47 46 24 24
37 8 48 44
15 11 18 1
32 40 16 13
21 32 30 4
8 18 22 21
29 21 25 38
6 19 27 20
9 14 27 17
18 16 31 29
22 0 3 8
14 1 4 17
30 2 35 16
28 27 44 8
7 23 39 15
42 13 11 32
43 45 40 13
30 43 22 29
32 8 19 20
36 46 22 19
9 15 23 21
20 40 44 46
28 0 28 21
34 26 31 6
29 5 41 12
30 31 31 24
29 13 24 19
26 26 29 23
26 34 45 33
11 5 45 40
47 48 17 32
20 33 33 33
35 12 33 21
41 16 26 19
28 1 12 29
11 16 28 17
26 10 39 47
16 22 37 20
28 6 14 20
9 31 19 16
36 7 8 1
11 18 28 20
41 40 31 22
8 30 27 43
32 26 18 46
15 17 19 18
46 4 23 20
8 31 9 18
17 14 47 34
32 44 29 11
24 32 30 48
29 9 44 23
5 9 8 27
27 31 22 24
24 44 32 40
30 36 3 9
32 33 14 11
12 18 25 24
39 22 25 23
27 33 13 5
40 5 45 10
38 40 22 37
18 12 32 19
11 25 28 16
11 18 26 16
43 44 13 10
48 22 34 20
45 30 23 25
16 20 6 10
40 30 34 18
36 46 33 18
44 26 12 0
6 21 45 30
40 33 29 37
17 32 43 33
14 12 18 21
42 2 21 24
18 12 26 26
27 3 0 19
32 21 10 11
13 18 38 12
36 34 28 19
34 23 12 39
34 23 18 27
19 8 13 45
32 31 18 17
42 7 38 21
28 23 33 23
22 12 32 27
40 23 33 16
31 32 36 20
11 8 32 23
28 37 42 17
22 3 33 24
45 47 25 20
8 12 24 43
45 38 43 46
30 29 36 4
19 46 29 28
20 24 29 16
33 35 34 3
15 24 6 27
22 1 33 19
9 25 27 23
17 21 25 21
15 22 46 36
31 40 19 22
29 19 23 23
33 5 26 23
33 26 31 9
8 17 32 30
19 14 28 49
34 2 36 23
47 49 22 28
42 33 39 38
42 24 34 18
39 16 38 2
26 32 14 39
37 17 33 30
30 37 28 23
49 20 27 5
9 8 23 15
24 6 19 23
29 35 41 33
22 18 34 22
20 33 22 21
8 15 39 39
33 38 30 11
40 31 29 13
12 25 28 23
42 33 31 40
35 39 6 15
48 15 27 14
14 21 26 11
4 13 32 23
30 6 30 0
9 19 25 30
35 21 31 22
43 22 40 41
28 17 29 24
49 34 19 12
5 16 30 13
11 27 44 42
34 10 31 49
37 44 10 8
15 21 38 18
42 37 39 49
46 20 26 44
20 17 15 40
45 44 27 10
42 18 21 18
1 19 38 13
42 33 29 27
12 25 22 13
47 42 30 10
47 40 34 20
33 22 21 37
30 40 33 21
46 29 42 40
0 14 35 43
8 13 34 0
46 25 23 4
38 38 35 0
14 26 26 18
45 43 27 10
33 18 30 23
31 46 29 22
31 35 34 3
7 23 34 17
17 26 28 21
46 34 25 12
31 36 16 23
26 6 34 23
29 16 24 14
41 12 37 18
40 33 16 26
28 9 22 33
29 15 37 17
20 15 32 34
2 18 37 15
31 30 48 24
15 17 30 23
21 12 30 19
15 13 30 4
35 27 1 14
47 8 28 1
36 3 24 18
33 10 30 23
26 1 31 10
20 25 31 18
12 15 40 8
9 22 30 11
7 23 38 10
16 1 23 18
20 26 37 24
46 20 18 23
36 18 15 23
0 21 33 13
32 32 41 32
45 48 39 11
37 31 28 17
19 21 33 31
29 12 23 22
35 2 23 14
39 26 30 16
34 30 4 5
45 39 22 34
26 12 12 31
23 34 29 16
6 17 25 19
17 9 25 24
17 22 3 18
38 24 12 47
43 27 21 7
41 10 42 22
28 0 27 41
11 29 25 19
25 32 19 35
41 30 3 13
24 33 11 13
15 14 3 19
30 27 38 17
35 40 27 42
30 15 24 26
45 41 32 10
1 27 13 2
47 20 26 26
27 33 48 2
33 32 22 18
45 16 34 18
12 17 28 13
48 22 25 30
47 20 36 22
13 23 28 17
27 12 36 26
42 25 13 31
39 4 11 35
14 8 28 15
5 21 8 29
35 0 32 24
28 41 36 11
37 35 33 19
17 6 27 24
40 47 6 26
27 12 4 6
41 0 26 41
10 24 27 11
1 24 18 13
31 28 4 21
9 22 15 25
24 0 28 4
7 6 15 33
23 6 8 36
20 32 24 41
40 21 23 23
12 11 48 15
33 12 34 25
21 37 33 8
8 28 29 20
37 6 14 4
19 11 45 23
16 1 32 11
21 3 33 40
25 6 24 12
35 24 23 1
30 34 29 22
17 45 34 20
39 32 25 23
20 12 33 21
31 10 10 46
29 17 43 12
38 2 5 33
43 26 30 16
15 25 45 9
41 28 40 48
35 15 15 40
27 7 27 22
41 12 36 25
38 14 35 19
28 37 33 18
14 33 15 15
46 16 16 25
4 19 32 25
20 9 20 40
44 27 31 43
32 28 18 16
28 31 37 19
18 11 11 39
38 18 28 26
30 28 27 33
28 8 21 37
6 19 37 23
35 44 32 28
47 12 37 25
16 1 48 33
34 30 15 6
30 38 24 18
10 16 3 32
24 11 38 42
48 38 30 21
35 11 42 27
35 41 8 6
33 0 30 49
34 23 31 19
30 13 46 25
20 36 38 1
28 25 14 12
30 7 27 48
37 34 26 37
12 25 11 7
34 42 7 10
18 9 13 5
10 31 23 32
25 37 11 9
31 3 16 0
28 5 14 19
40 8 42 14
27 1 43 17
34 34 40 44
24 17 27 23
30 33 34 34
47 27 13 18
38 27 26 15
21 16 26 43
44 40 5 9
31 27 10 8
17 2 22 41
10 25 12 43
36 44 31 13
45 41 19 3
30 17 33 21
20 16 2 28
25 17 37 30
12 15 38 49
8 9 44 8
13 3 30 6
41 44 25 25
13 25 2 34
28 32 10 16
34 28 4 47
21 34 23 10
10 18 32 16
7 28 28 23
37 6 39 10
45 43 26 21
45 15 30 7
18 8 18 31
42 24 33 18
36 35 37 23
5 9 20 33
19 29 27 19
12 26 25 28
40 45 23 17
31 33 30 13
35 20 24 29
26 11 24 26
36 30 23 21
22 37 5 38
30 36 23 20
39 34 47 49
34 12 35 32
37 32 39 37
24 31 25 9
38 44 34 14
14 20 6 16
11 5 33 18
15 19 31 3
18 27 35 37
40 20 17 3
13 7 33 16
20 6 19 23
12 6 32 17
44 16 24 14
8 27 30 17
21 20 28 40
29 10 28 23
23 30 24 22
16 17 31 31
27 36 28 13
20 36 44 27
32 38 42 26
39 40 20 43
29 37 13 12
31 15 23 48
31 4 18 22
47 12 4 19
9 23 37 5
39 48 41 27
44 25 14 49
12 15 1 15
23 10 6 43
27 37 16 3
36 9 23 30
11 22 16 18
30 44 2 18
29 2 28 14
9 29 26 41
44 27 8 3
38 5 12 2
21 11 13 16
40 10 34 36
5 23 33 15
21 0 48 38
26 24 14 45
31 31 27 36
32 34 20 21
10 20 8 48
23 45 22 14
26 23 24 18
25 14 44 11
29 34 18 29
36 31 15 39
26 31 17 23
32 27 26 18
38 24 7 32
29 39 23 20
32 38 29 27
16 19 29 17
12 23 23 27
14 40 30 20
9 27 37 13
17 6 5 21
29 10 10 47
28 2 25 19
8 17 30 16
18 4 47 9
23 35 2 33
6 16 28 47
20 6 18 16
36 33 24 44
25 31 34 40
38 3 37 23
13 43 29 17
25 28 35 17
44 14 26 38
13 8 28 22
34 35 40 37
21 11 31 13
36 30 19 45
14 18 19 41
9 18 24 22
6 28 25 16
26 4 26 23
33 33 18 19
29 30 22 19
40 13 35 21
11 19 30 38
13 19 33 46
30 33 29 20
20 24 1 2
46 17 24 11
20 9 18 1
8 24 27 6
9 11 28 15
20 12 37 34
41 27 36 16
32 28 29 25
38 34 32 13
23 8 22 20
26 8 31 21
29 19 25 24
36 21 31 16
24 15 32 10
30 33 18 42
34 6 7 42
27 36 27 26
19 5 30 22
25 41 46 1
15 16 13 45
24 28 29 15
44 13 27 42
21 27 27 1
25 32 29 17
35 28 30 7
34 48 35 37
27 39 23 22
28 34 32 18
43 35 33 0
18 8 33 22
3 7 49 39
31 24 28 26
43 46 29 17
47 27 30 17
25 33 26 21
5 33 33 29
43 38 22 40
38 40 37 9
13 20 15 26
33 16 41 7
38 22 7 41
18 15 36 29
22 17 7 32
48 20 28 2
14 20 39 16
41 23 24 0
4 36 24 5
29 37 22 26
29 33 30 20
43 31 18 46
13 14 20 26
43 41 22 14
42 36 41 20
26 29 34 21
47 31 12 45
40 48 8 13
37 3 19 5
29 23 40 12
22 11 9 8
29 18 31 22
8 23 29 32
14 5 21 11
17 19 26 15
12 25 36 43
29 14 28 31
40 1 34 49
40 34 30 22
22 7 26 13
8 22 20 32
15 8 30 13
41 29 30 24
30 27 26 15
33 1 33 9
21 0 42 39
37 5 3 10
40 35 31 25
19 18 46 33
33 22 34 43
19 22 4 29
8 18 33 25
22 35 23 28
21 10 18 37
36 18 41 18
40 16 24 25
34 17 21 17
7 11 44 26
22 13 28 25
31 15 4 41
36 21 41 30
29 32 34 24
16 24 25 17
20 10 14 38
34 3 19 32
40 30 20 14
43 12 15 21
38 2 31 10
12 21 27 19
29 7 34 19
4 25 33 22
8 39 15 6
36 5 27 23
27 11 22 31
7 23 31 27
19 1 34 20
36 18 34 2
30 43 33 11
40 10 39 31
27 27 28 20
38 37 49 20
25 37 30 31
42 9 12 29
24 22 5 30
44 24 16 8
37 16 9 8
34 33 32 21
28 6 19 31
41 23 32 23
31 7 27 12
49 36 11 3
32 18 26 23
30 10 24 21
11 13 13 47
22 28 32 18
47 20 39 25
36 48 36 25
44 45 17 21
44 18 24 3
42 3 32 24
33 41 27 32
16 23 17 30
24 10 5 14
31 17 20 21
15 4 44 34
25 4 36 41
41 26 24 18
48 43 44 16
38 24 45 4
8 20 31 16
13 7 11 12
26 7 20 27
31 6 9 5
36 13 8 6
44 46 45 37
32 18 27 18
41 39 10 13
34 32 49 14
25 13 27 18
34 39 33 2
43 19 36 6
40 37 28 0
49 45 8 9
22 11 46 37
46 38 35 37
20 14 7 38
30 20 36 17
25 11 1 42
45 25 31 16
39 42 20 36
29 12 15 26
32 43 19 21
42 34 37 38
32 29 14 0
19 2 35 49
7 20 22 38
47 4 31 18
25 1 28 17
29 36 28 20
35 39 26 1
25 1 34 44
18 14 26 14
25 5 27 15
21 4 15 45
4 30 24 11
37 14 18 25
35 47 23 16
44 45 24 25
34 31 39 10
3 7 33 41
47 15 26 40
15 6 47 40
15 17 21 18
25 16 42 18
8 22 7 9
31 30 15 31
33 27 21 42
29 38 5 34
26 31 26 23
