50 807 19360 800
44 30 21 36
15 12 28 13
48 43 26 2
3 31 29 34
26 29 9 9
13 34 41 12
4 25 23 40
23 30 1 30
9 36 20 14
8 20 29 40
14 37 14 45
1 27 28 37
4 40 22 41
41 13 24 42
31 26 39 10
37 35 25 39
3 33 22 39
39 31 36 3
42 26 28 1
37 17 17 18
2 32 40 15
21 17 38 11
4 29 42 14
37 25 4 21
30 7 39 47
19 35 20 31
14 21 5 32
29 12 26 38
40 41 23 34
33 12 41 17
45 31 4 25
34 48 29 41
27 24 34 5
26 29 27 49
27 18 35 8
38 43 25 33
0 35 21 32
40 36 7 26
26 32 21 10
29 25 25 2
30 13 28 6
40 29 14 22
2 41 14 10
18 33 39 15
17 23 31 39
9 32 40 13
28 32 2 14
23 24 17 16
37 27 22 11
36 25 41 16
16 39 40 17
25 30 20 39
31 29 12 1
21 10 16 20
38 11 24 35
23 12 40 7
43 26 22 6
30 26 14 18
6 37 27 40
33 15 22 3
33 7 1 29
44 32 10 40
45 30 26 39
44 42 41 14
47 6 20 14
4 26 25 39
12 21 11 6
3 33 43 14
26 6 27 31
1 39 40 13
31 30 30 44
19 26 14 14
0 38 30 11
4 32 9 18
30 15 42 0
38 29 24 34
27 22 4 4
43 39 43 12
22 28 25 35
22 17 14 25
34 28 3 17
11 34 37 11
42 24 35 18
23 26 41 15
21 11 49 14
28 33 7 23
31 27 11 27
37 28 22 33
29 1 30 7
14 19 10 29
39 29 20 26
10 35 30 37
16 42 14 32
40 32 41 11
9 39 39 15
31 25 17 16
23 3 22 9
2 32 27 41
47 32 28 10
43 43 43 12
46 46 25 18
32 4 5 8
6 28 27 43
34 37 41 13
29 3 23 36
8 32 6 23
23 33 45 9
36 36 26 12
32 40 20 32
36 37 29 30
8 30 24 37
29 28 1 24
43 23 17 0
48 42 8 48
41 35 6 24
31 25 38 11
31 34 7 2
26 8 3 39
34 21 45 10
37 6 40 13
4 33 37 14
32 5 37 13
29 34 21 9
2 29 28 34
37 0 42 15
17 3 45 23
19 6 18 16
9 35 11 11
22 16 27 10
5 31 0 22
4 30 15 12
34 15 39 2
23 18 12 33
15 40 30 44
23 26 27 38
21 10 25 19
28 10 16 2
14 27 8 42
2 27 46 25
45 39 29 37
4 26 10 6
5 35 8 24
46 17 45 4
30 43 11 3
1 29 18 31
34 24 8 25
1 29 27 6
2 36 24 32
14 34 12 14
26 13 42 13
23 11 36 15
42 36 2 10
26 34 36 10
31 47 29 40
15 24 36 17
7 36 29 39
42 36 27 33
5 31 9 30
22 5 34 7
7 28 28 0
22 3 30 39
22 18 20 11
39 34 25 9
2 28 6 6
28 23 41 15
2 40 25 40
25 32 23 39
32 27 42 19
40 29 41 14
2 36 7 21
27 11 29 32
28 10 18 21
48 13 1 23
1 38 33 10
11 29 5 22
15 2 7 8
36 4 26 7
22 10 21 20
24 17 43 11
39 37 0 22
26 30 24 41
17 40 16 25
35 34 11 34
9 31 40 12
33 5 20 38
23 12 25 4
29 25 19 37
18 28 7 6
36 20 26 41
0 43 41 15
41 27 10 19
45 30 21 4
46 35 27 35
42 31 26 4
39 7 40 15
33 7 10 9
34 4 22 17
29 0 4 17
4 28 42 13
31 20 22 37
8 35 6 29
5 30 6 19
17 27 24 38
36 46 43 15
34 31 19 6
36 38 6 32
20 0 29 11
23 20 41 16
43 35 16 17
45 47 6 18
47 15 6 5
24 26 24 3
1 32 41 13
7 32 43 12
24 1 28 46
11 33 27 1
48 30 14 6
17 15 40 17
8 32 41 15
37 37 30 37
6 28 12 3
3 31 0 9
1 33 30 11
37 26 33 19
4 30 11 25
33 47 23 33
20 40 21 11
37 30 31 11
3 32 19 33
2 28 6 19
49 44 42 15
26 3 0 29
49 39 36 5
49 21 26 39
11 27 44 20
37 27 21 15
21 25 16 2
26 35 10 31
47 40 17 12
9 24 47 20
27 25 44 13
36 39 23 32
5 39 35 2
26 8 15 21
9 28 21 2
0 27 8 32
16 24 30 37
12 39 29 12
35 32 1 13
24 28 3 28
35 1 24 33
35 1 39 9
49 38 44 22
40 32 39 12
13 35 29 38
0 38 30 3
37 12 28 33
5 35 17 42
42 9 19 3
26 3 8 13
7 36 19 2
27 18 43 14
29 32 18 4
37 31 12 1
25 40 39 15
24 30 20 2
34 0 7 14
5 30 26 6
30 35 18 26
44 11 27 1
25 22 26 38
22 6 32 36
47 44 22 1
0 37 32 33
43 35 28 35
1 38 20 41
28 25 26 4
39 27 31 37
38 9 17 18
46 30 17 3
37 24 24 3
36 11 16 5
8 34 18 38
41 40 27 36
24 3 3 27
22 28 11 28
45 43 27 39
41 34 29 46
45 5 22 40
17 22 29 37
17 45 0 7
31 38 30 12
39 32 31 39
48 24 27 32
5 30 19 12
4 34 23 13
15 28 39 14
38 40 9 27
30 44 32 39
26 21 13 14
20 25 21 35
16 22 30 34
20 30 41 16
0 23 9 20
10 25 29 43
27 1 12 18
25 3 28 34
43 49 22 40
48 38 17 23
49 34 11 17
24 24 30 41
43 25 23 41
22 35 26 12
28 8 29 41
37 17 22 34
35 2 23 9
39 39 23 34
40 33 20 4
24 5 15 11
23 28 5 24
36 33 12 9
0 26 32 5
21 28 22 36
5 35 12 37
7 39 25 20
32 18 40 11
42 9 5 8
27 31 38 7
33 29 34 12
45 17 0 37
44 30 23 35
24 24 7 22
10 38 8 26
21 22 28 35
27 35 24 42
29 31 35 42
41 33 23 11
0 32 26 13
38 11 28 40
3 33 3 22
3 34 23 1
9 12 9 26
20 25 41 4
46 39 41 12
27 16 28 43
26 34 9 14
32 1 23 38
24 9 39 16
0 28 41 12
34 17 16 16
19 25 42 11
25 25 25 34
13 7 11 21
25 9 22 35
8 28 39 16
30 33 22 12
23 9 4 8
9 30 3 19
40 43 24 38
37 8 47 5
39 33 18 30
31 48 23 41
19 33 39 10
49 25 41 15
41 16 25 33
29 8 39 14
22 36 28 8
0 34 26 39
49 44 29 40
39 44 21 43
42 5 24 39
35 27 30 39
49 37 22 38
31 1 17 0
29 37 24 2
19 30 16 9
3 38 40 14
3 36 20 35
32 1 22 4
24 7 21 36
4 33 30 41
32 27 21 11
43 41 36 19
18 38 39 16
21 22 8 27
31 26 28 5
41 39 11 7
41 36 22 34
23 10 40 11
29 35 22 26
40 9 27 39
31 41 25 7
45 44 22 14
47 30 7 10
7 22 25 27
31 8 24 36
9 32 30 39
45 42 21 38
40 22 33 42
8 35 22 36
37 0 26 31
6 30 24 37
24 31 28 36
29 8 23 34
49 31 31 18
3 33 27 42
44 30 24 40
36 34 31 10
7 26 18 6
41 33 20 1
30 26 10 44
4 19 26 44
7 28 5 13
2 37 22 35
2 33 5 48
19 12 23 6
34 27 18 4
14 37 36 8
49 41 6 33
2 39 0 28
10 38 19 2
40 11 24 43
30 6 7 14
22 31 28 4
44 44 42 14
7 42 32 6
1 36 25 39
8 33 20 9
20 35 20 15
35 30 22 28
43 34 34 21
6 38 22 32
5 37 20 39
1 26 39 13
5 35 28 41
15 41 42 14
45 2 18 14
34 33 21 32
21 16 20 12
36 28 1 18
1 33 15 9
34 39 18 39
15 15 17 5
31 4 11 40
15 11 22 37
25 22 3 2
21 6 28 38
9 31 24 36
5 26 19 2
16 23 20 15
26 27 41 13
25 20 24 39
48 13 8 4
49 42 23 41
45 46 25 41
17 2 26 37
25 9 36 9
5 24 4 34
35 2 46 18
31 30 23 40
17 49 22 32
28 32 6 30
22 21 42 17
39 1 46 14
45 43 39 15
1 35 5 28
34 1 34 15
44 43 40 16
25 29 39 11
42 37 5 1
48 44 28 34
14 5 7 27
34 2 40 12
49 43 11 28
34 34 41 13
5 38 11 9
17 9 6 4
45 31 23 2
11 25 28 6
49 39 44 13
20 37 2 25
18 24 32 40
21 25 36 32
23 15 13 32
29 14 13 26
47 41 4 32
49 24 11 24
12 22 22 39
0 35 14 5
18 4 23 5
45 44 18 42
30 24 34 9
20 28 13 48
8 26 35 2
32 3 21 4
25 27 19 33
38 26 20 38
27 7 5 5
5 31 17 19
25 28 11 9
20 3 13 24
28 30 36 4
6 21 16 5
6 37 22 5
16 7 2 6
0 28 19 25
24 13 27 35
37 33 22 39
36 8 18 31
40 43 9 6
19 28 26 32
40 9 41 14
6 27 11 8
43 33 28 41
20 29 17 33
16 32 13 18
26 3 23 33
29 38 22 33
6 30 10 10
8 36 29 33
27 22 24 41
27 1 40 13
3 27 21 37
35 20 19 5
13 38 25 40
46 46 8 1
48 37 20 44
17 19 39 16
28 6 20 40
4 33 21 37
40 40 26 9
45 40 43 16
2 30 14 23
37 30 20 16
22 34 41 17
16 6 29 11
17 44 34 5
47 30 4 1
34 16 26 23
35 0 28 39
1 41 38 15
31 8 42 11
43 26 0 3
32 48 11 16
47 43 17 25
23 3 40 15
6 42 26 40
7 33 41 14
24 5 23 40
0 36 11 25
28 35 10 24
21 35 32 11
12 24 28 39
46 43 37 16
4 24 29 5
13 37 30 35
21 28 12 26
22 27 39 10
35 4 16 2
38 42 7 13
18 33 18 7
1 42 24 36
32 3 10 5
16 3 13 0
3 36 42 14
45 22 42 14
5 32 10 16
27 34 31 4
28 27 6 12
43 29 35 6
29 10 23 39
38 46 43 13
19 30 33 0
24 37 40 10
16 25 10 28
8 32 14 19
46 32 35 5
12 34 12 15
27 1 25 39
7 34 43 11
40 26 25 40
1 36 10 31
1 31 1 12
27 18 27 35
6 35 0 8
40 13 2 14
23 34 31 11
24 19 16 3
33 7 5 15
19 5 12 1
33 32 34 37
38 31 27 7
41 37 31 5
30 37 38 16
6 36 43 16
28 2 26 37
14 25 10 5
26 4 16 15
23 28 24 37
2 35 40 16
11 28 9 42
24 18 20 6
40 49 8 12
1 28 33 39
42 22 9 6
32 37 17 1
26 25 17 13
27 37 40 13
2 25 2 12
40 25 8 7
22 31 32 0
17 26 19 17
28 7 14 33
38 46 29 35
46 44 10 21
33 40 12 26
42 8 44 13
15 7 17 28
30 12 25 7
40 36 21 38
12 41 28 36
46 41 21 5
32 9 17 16
27 32 26 43
33 30 36 17
31 21 10 23
31 17 21 35
15 32 28 5
31 4 21 37
25 36 27 1
11 48 28 4
31 29 1 22
2 32 42 15
2 31 23 39
13 27 38 14
36 30 18 13
39 26 18 7
41 48 28 0
42 43 0 4
42 37 2 24
6 34 15 33
6 28 24 35
2 38 28 30
7 35 40 16
24 20 43 14
39 31 6 22
24 37 5 8
18 8 12 17
18 36 17 16
2 33 15 11
28 9 16 12
31 34 22 2
38 46 27 0
21 32 40 16
17 19 6 17
33 26 21 44
23 25 26 35
40 40 32 35
20 29 12 26
35 33 20 18
27 34 6 24
3 34 18 16
10 14 26 36
30 2 27 39
35 13 15 40
33 21 1 13
41 3 25 41
17 22 12 15
26 10 23 43
43 24 24 6
22 29 3 17
35 14 23 4
38 32 15 8
10 27 30 35
19 1 38 5
21 37 25 40
44 45 16 3
9 42 25 8
8 33 42 16
37 37 38 15
18 26 41 15
28 3 1 3
34 40 28 1
39 26 29 7
37 3 23 35
29 8 42 17
16 38 14 16
47 41 12 4
36 37 9 28
43 49 1 25
12 20 9 34
31 36 7 25
13 30 33 9
46 37 12 24
26 39 19 38
0 31 44 2
39 33 42 15
47 39 18 0
41 45 31 17
22 15 9 33
36 10 41 10
32 4 24 4
38 45 5 12
41 17 11 32
8 39 15 16
11 9 42 13
27 41 25 9
42 29 39 14
32 10 23 23
6 31 15 44
40 20 37 12
29 10 28 29
31 5 1 31
40 41 16 33
10 31 21 29
34 6 8 0
20 19 4 7
9 24 23 16
26 24 23 34
7 32 19 43
23 45 1 13
14 21 29 8
36 4 28 7
25 17 29 33
39 32 25 36
44 35 4 21
1 35 23 25
31 31 24 2
38 49 17 9
23 34 41 13
33 24 16 11
26 31 27 40
23 1 27 39
43 33 41 13
38 0 2 29
0 31 22 36
27 15 24 20
29 26 30 36
7 38 16 35
44 45 22 32
36 41 32 5
26 3 25 40
14 28 0 0
34 25 13 33
35 11 40 11
5 30 30 35
2 31 21 38
20 27 40 7
17 1 28 16
26 22 20 38
48 41 11 30
23 21 30 32
38 24 44 1
15 23 33 8
29 27 4 30
31 38 10 7
2 34 28 33
49 38 28 33
41 18 12 28
34 16 28 8
38 32 4 4
30 21 24 33
13 26 18 0
26 35 38 14
25 14 8 8
22 29 20 39
8 35 19 21
35 29 43 17
22 6 25 28
3 30 27 18
21 30 28 30
30 35 21 27
2 24 28 39
1 34 37 14
24 26 16 18
4 37 39 9
28 24 26 11
41 23 20 8
36 35 24 40
1 33 16 20
6 31 24 37
13 33 40 15
6 41 38 14
33 2 40 19
42 36 40 12
38 49 25 13
33 9 33 14
46 26 39 10
10 40 41 16
11 38 45 21
1 27 0 39
36 28 38 14
37 9 18 11
19 36 29 34
38 23 23 1
21 14 38 13
14 12 2 5
48 0 38 17
36 37 13 21
7 28 32 1
8 30 21 24
7 28 29 41
16 29 37 17
16 18 15 6
1 39 5 23
34 35 30 6
6 26 20 38
