50 59 16519 800
45 4 27 9
37 39 4 7
39 42 32 18
41 10 27 2
43 39 21 7
37 49 36 15
41 9 17 33
40 48 10 45
27 47 20 8
47 5 23 36
46 2 13 1
42 3 2 3
38 27 25 19
45 3 21 30
41 40 9 1
38 48 14 45
41 30 33 2
41 15 38 3
16 30 8 46
28 45 33 11
29 39 39 12
35 35 28 4
44 4 1 6
35 38 6 11
14 17 45 42
42 5 24 36
31 36 30 2
44 4 12 10
49 4 11 48
46 3 14 43
46 2 36 11
47 8 22 2
32 32 37 13
40 10 4 31
49 5 28 13
45 8 42 2
48 36 31 39
46 3 36 16
43 13 13 48
46 6 10 41
44 1 30 10
37 48 11 5
47 6 42 7
45 5 43 10
46 6 25 9
47 2 9 46
42 6 28 20
49 3 24 11
46 22 27 13
35 3 39 1
38 36 31 7
30 48 30 7
48 6 36 8
41 15 39 24
49 9 21 10
33 28 33 23
43 4 11 46
37 39 28 5
45 5 24 41
