50 220 16309 800
9 30 9 21
26 33 9 30
44 11 14 29
29 15 19 13
42 10 1 8
44 2 31 19
3 35 30 18
35 21 1 12
14 37 28 10
42 14 28 22
13 32 14 19
26 45 40 14
31 37 11 33
34 29 26 30
7 7 14 12
6 4 10 27
32 45 10 7
19 38 19 26
26 37 2 31
8 39 19 17
17 43 19 13
33 38 34 15
3 38 5 26
4 37 11 28
21 36 14 38
42 1 18 22
39 14 12 31
32 17 14 19
3 33 37 32
26 35 14 23
23 19 7 31
11 37 2 29
43 14 20 31
16 28 14 32
36 24 11 22
24 31 22 27
15 40 7 23
40 19 18 30
6 11 5 20
3 29 8 27
21 25 31 35
2 38 40 17
5 35 29 15
24 36 23 10
3 34 15 23
1 36 41 15
21 39 7 18
2 37 4 33
16 27 46 15
39 38 7 16
44 11 25 5
31 38 7 22
49 5 9 32
28 31 27 24
28 32 17 28
6 45 34 4
33 31 15 18
35 47 19 18
39 31 16 29
1 35 43 12
8 29 20 11
16 25 8 25
26 34 13 16
24 23 13 17
35 40 13 31
17 13 32 1
4 36 8 42
3 1 19 35
24 39 22 22
14 3 7 21
32 35 1 24
31 4 8 21
39 11 45 33
31 2 32 32
38 35 20 21
47 7 11 25
25 16 25 26
36 23 23 14
48 9 6 2
29 41 7 19
32 38 10 19
46 13 41 25
17 35 43 11
44 22 38 26
24 32 41 3
9 31 19 23
5 35 33 35
10 19 20 23
31 48 25 3
28 43 7 19
26 31 13 36
26 37 31 33
10 31 19 42
6 33 15 28
37 16 27 31
36 43 19 30
24 40 30 6
19 32 9 25
20 31 3 14
16 41 23 27
35 42 14 23
27 14 13 27
5 18 32 6
8 12 14 5
23 38 45 15
4 38 8 18
10 28 28 12
28 23 34 21
20 17 3 16
12 9 12 30
34 35 38 10
24 31 3 32
13 29 17 42
30 16 25 23
41 7 7 4
13 17 21 28
8 40 9 17
31 46 43 33
4 37 12 10
14 41 40 0
12 34 21 25
24 43 42 29
27 49 29 0
2 38 6 8
32 45 14 25
36 14 8 12
29 36 12 25
41 4 30 21
24 37 11 16
36 10 1 15
21 12 19 21
18 35 30 20
14 17 23 10
30 41 21 11
5 24 7 19
40 24 16 19
3 17 19 27
32 41 11 29
7 11 3 18
27 15 35 44
19 43 17 15
46 7 12 47
39 7 10 19
25 47 15 27
14 32 7 17
35 17 19 22
21 39 33 32
48 9 22 21
30 37 11 17
19 33 27 26
16 36 29 14
32 21 22 19
48 9 32 32
27 28 33 16
47 14 14 15
45 3 7 17
21 41 10 20
45 6 29 12
14 28 20 25
47 1 6 29
39 11 23 21
49 14 40 8
41 10 19 31
35 21 27 38
42 3 0 12
45 5 29 19
11 17 25 24
48 5 40 13
26 16 32 22
7 28 22 39
41 7 43 15
3 36 41 21
9 33 26 16
22 4 9 6
3 21 8 29
24 48 6 47
36 1 40 23
29 44 46 22
42 1 34 27
27 49 13 29
38 38 9 32
21 29 17 24
47 16 6 20
47 12 12 36
28 37 15 33
4 39 27 28
24 30 13 27
5 41 38 25
23 42 20 25
41 29 11 15
15 48 11 45
29 40 17 13
34 35 14 20
0 3 20 19
4 40 19 4
25 32 41 3
5 11 31 22
14 33 23 34
8 24 30 19
22 10 16 30
29 27 5 23
2 14 27 8
22 45 19 18
35 27 37 11
27 29 40 32
8 42 3 29
24 33 19 3
27 25 16 16
39 15 44 31
25 31 3 20
15 8 16 21
27 2 38 42
48 8 9 27
16 29 33 13
3 43 8 25
26 42 8 10
24 40 0 5
45 10 19 20
26 42 15 13
27 36 37 6
