50 1375 11668 800
31 5 27 48
1 6 15 27
33 17 8 25
29 15 12 29
32 26 13 44
10 18 33 24
43 2 7 17
41 11 15 13
40 20 4 14
8 20 22 36
2 37 45 34
0 21 21 47
25 16 2 24
18 8 21 26
16 24 18 46
11 33 35 36
19 6 39 41
24 28 20 48
22 46 18 30
10 27 0 32
10 19 43 19
2 42 35 22
31 12 43 42
7 46 4 32
20 3 5 42
48 16 25 24
17 36 22 37
37 2 30 29
5 9 2 36
38 0 19 44
17 15 19 43
25 20 9 46
28 49 23 38
7 38 9 49
27 20 47 32
38 10 13 34
32 12 7 21
5 24 14 47
15 19 9 28
7 8 42 30
16 11 33 29
27 28 17 20
11 15 46 45
28 23 42 25
16 45 12 22
4 1 26 46
40 6 20 39
38 16 19 43
16 6 10 19
23 28 11 41
47 1 28 12
24 11 7 29
4 36 45 41
30 21 40 29
1 25 20 29
2 25 4 22
21 22 17 15
31 39 16 46
8 17 23 23
4 6 7 32
2 15 20 20
6 31 16 36
21 2 45 48
9 5 26 41
9 17 17 35
33 23 40 47
17 38 3 28
17 5 20 43
8 31 45 25
17 43 46 26
39 15 21 46
27 17 20 44
4 32 37 8
10 5 39 26
14 7 6 8
27 28 30 20
0 34 37 19
0 33 20 49
37 49 14 46
12 16 20 41
18 7 21 46
24 5 22 48
9 6 44 28
11 3 33 38
36 22 16 22
23 47 20 39
0 12 10 15
15 5 13 25
1 28 48 16
24 39 22 45
37 8 19 33
9 11 11 15
11 20 22 47
26 11 38 43
19 23 33 34
17 24 25 36
22 24 14 39
6 32 17 38
48 24 10 18
28 18 8 18
7 19 20 38
22 3 37 36
5 36 44 30
14 33 20 38
34 21 31 36
33 2 41 35
32 13 1 17
41 17 9 29
32 3 9 26
12 44 28 33
26 21 28 45
10 4 10 38
13 28 41 40
34 31 8 27
14 24 3 25
24 36 17 44
21 2 14 33
27 9 40 32
20 14 30 18
15 0 22 38
5 17 21 25
6 4 32 41
21 40 5 13
9 35 19 49
9 30 43 42
17 5 11 19
25 21 16 47
34 43 36 12
11 19 20 41
9 21 26 48
27 20 11 30
22 48 41 49
5 48 3 27
28 26 17 49
25 12 42 31
6 26 11 49
32 49 36 42
22 2 21 31
14 28 11 33
25 1 14 45
12 10 20 26
14 48 12 37
25 26 16 14
6 38 44 26
29 22 36 23
28 11 10 25
33 7 12 30
14 6 37 21
3 9 47 41
12 27 48 33
32 2 25 48
38 19 18 44
23 9 37 37
29 23 16 31
36 30 43 36
26 40 8 32
29 12 18 16
19 33 12 17
41 10 41 36
13 19 22 42
7 20 39 16
29 10 20 13
31 11 15 49
29 7 38 45
24 43 5 28
20 9 39 22
30 21 13 24
8 38 24 42
9 13 13 42
21 33 17 47
17 2 2 24
7 28 29 19
19 5 46 41
20 31 39 22
5 31 44 29
1 8 16 46
31 28 9 26
11 42 38 28
14 10 47 36
7 45 13 19
24 24 23 31
20 35 38 24
10 7 21 28
46 34 13 39
16 22 41 20
20 48 11 14
21 36 15 26
3 17 25 41
10 6 6 31
25 18 14 45
20 30 31 43
4 9 22 12
20 9 13 47
19 47 38 43
27 17 49 36
26 42 6 21
34 48 20 44
20 10 8 44
41 6 15 47
17 28 9 25
2 16 6 28
15 28 10 30
4 45 24 17
22 14 43 32
6 4 30 45
8 32 16 42
5 37 7 26
9 16 43 26
21 44 5 23
5 39 18 43
3 2 43 47
7 34 46 30
0 37 45 32
30 7 20 41
25 19 22 46
42 10 12 16
14 40 38 47
8 18 17 32
40 5 14 38
13 25 14 41
14 22 20 44
22 35 4 21
8 20 23 49
7 31 39 36
32 36 10 22
30 48 25 47
20 21 11 40
21 18 7 27
9 33 14 19
32 40 16 40
28 22 18 16
3 20 34 39
22 23 9 31
40 2 21 49
4 17 21 39
30 15 35 36
4 19 2 35
33 8 7 30
26 23 38 31
42 9 23 47
21 39 7 24
5 45 8 14
10 9 20 42
5 36 18 13
11 1 10 36
11 24 39 36
23 48 12 22
30 8 47 32
16 47 5 24
5 26 1 22
28 10 40 27
19 9 15 31
12 10 47 15
0 14 18 19
38 15 23 31
0 44 32 48
7 33 9 46
36 17 26 46
12 37 15 16
42 4 17 21
17 26 0 12
17 8 14 44
10 17 21 27
38 18 0 40
29 8 42 31
30 18 5 19
34 22 5 14
11 2 13 18
1 3 13 45
7 6 23 47
30 16 9 18
9 33 41 40
11 35 8 24
11 36 41 37
42 0 44 35
45 19 16 38
3 30 6 27
0 5 34 44
7 31 18 47
27 5 48 26
46 0 17 37
23 20 20 48
19 47 17 39
5 30 15 32
38 14 12 46
1 6 15 46
20 8 20 47
6 29 29 42
23 23 14 22
3 12 14 29
16 14 30 37
3 1 4 22
20 31 13 40
19 10 13 30
17 39 41 36
25 37 11 46
45 41 3 29
14 24 48 40
3 20 24 20
4 31 46 29
37 39 49 39
18 20 43 31
11 25 23 41
22 15 21 40
10 46 5 32
17 12 7 26
6 49 24 47
36 34 36 39
3 5 26 49
7 6 45 23
12 43 15 49
24 12 10 12
42 2 33 36
4 13 25 40
0 31 32 38
18 27 41 39
25 11 10 19
26 27 14 45
37 32 24 31
20 17 18 44
17 43 33 34
48 47 44 35
44 15 23 10
10 16 19 48
14 5 19 40
25 35 4 28
31 4 18 45
18 30 46 40
33 15 44 38
11 0 48 44
3 41 14 26
6 12 41 35
31 12 42 38
8 23 45 41
18 39 40 24
30 18 37 45
26 19 33 38
1 31 17 46
11 30 39 32
8 35 48 47
22 15 0 18
39 46 37 21
13 5 18 35
14 18 30 43
34 13 40 28
34 24 9 45
20 19 1 33
27 13 14 37
20 48 22 42
39 23 0 28
46 14 13 25
9 35 20 20
27 8 11 22
5 17 0 42
12 40 34 32
18 27 34 34
21 12 45 33
4 31 44 48
29 20 12 15
18 5 45 39
16 48 15 43
36 46 49 26
3 42 8 27
14 46 10 41
18 7 27 45
30 0 15 16
10 20 43 34
25 14 20 47
13 17 16 20
34 17 12 26
4 13 7 32
9 15 13 7
21 4 7 26
49 35 10 20
29 24 12 31
1 14 22 15
4 21 44 27
30 37 18 26
47 32 35 26
24 21 49 48
32 44 12 19
2 7 15 46
33 21 11 26
34 13 21 19
34 32 38 42
18 49 26 47
25 49 32 37
35 29 9 27
8 34 28 26
35 0 21 48
12 5 19 46
13 24 16 48
12 27 34 39
20 17 11 46
35 49 18 32
29 18 12 48
26 19 9 39
7 7 42 39
18 3 8 12
8 16 9 29
13 34 36 25
5 5 39 36
2 29 19 49
13 22 8 45
8 26 25 26
28 23 12 30
25 36 16 43
8 19 14 10
41 10 19 36
9 4 16 47
1 3 8 17
7 10 31 26
24 39 8 33
27 0 8 24
10 1 5 18
22 25 43 38
31 13 29 48
28 18 3 18
29 25 47 37
10 37 46 44
32 12 17 24
11 7 12 48
46 36 40 24
10 17 7 21
0 32 21 47
32 31 17 49
7 21 47 38
21 4 21 46
20 10 22 35
24 16 20 37
15 11 49 38
45 1 6 45
6 34 24 32
11 35 30 39
34 1 7 39
14 24 30 39
33 9 8 29
12 31 3 46
22 20 36 37
30 0 4 14
12 18 30 41
4 18 44 48
5 23 12 42
3 30 20 20
27 14 17 38
4 28 36 35
24 17 37 38
0 33 23 39
13 1 38 35
35 32 24 42
31 11 42 37
9 5 46 14
18 6 5 15
24 24 25 41
2 26 10 20
42 14 19 48
31 18 6 23
26 14 10 21
8 17 30 41
25 9 14 35
39 11 35 37
4 32 0 49
16 23 4 6
47 22 35 29
29 42 19 40
4 27 9 21
5 31 23 40
46 17 21 49
0 31 31 37
10 6 4 10
2 5 48 13
33 19 21 44
14 0 20 49
28 17 3 21
11 40 3 43
40 2 20 26
29 24 14 44
36 33 48 33
22 10 40 35
18 11 5 19
16 16 0 14
35 18 17 49
31 12 23 38
6 13 18 43
25 21 47 35
18 22 40 28
14 35 31 36
6 14 43 36
5 39 13 33
17 35 13 17
19 1 12 20
4 39 17 43
19 5 37 42
4 43 9 32
35 12 21 43
28 7 4 33
1 33 9 23
30 22 14 42
20 6 14 47
12 40 29 45
35 25 20 23
38 6 35 20
42 22 1 18
30 16 5 15
29 23 11 38
2 1 13 9
21 5 36 39
29 20 43 41
28 16 46 24
3 5 22 48
4 15 3 26
4 29 22 33
26 22 36 37
19 26 29 42
11 7 5 30
27 19 12 42
14 39 10 43
11 46 4 38
29 44 22 49
47 11 2 23
39 19 10 46
17 33 35 33
23 4 4 17
11 20 6 18
18 1 9 24
23 39 4 36
5 34 18 8
2 7 49 40
1 28 21 40
2 11 30 33
22 5 13 45
31 1 13 25
29 16 47 33
15 0 43 46
2 9 44 11
7 19 14 29
2 20 45 35
33 31 49 30
13 0 21 20
12 10 12 48
25 45 43 35
25 11 23 32
32 39 18 46
18 11 17 40
39 19 17 42
2 45 12 7
33 20 14 42
27 19 28 41
7 7 23 48
19 21 20 45
3 35 3 13
4 24 0 43
3 4 22 40
12 46 6 44
3 11 7 27
34 19 25 21
30 11 3 27
26 5 17 21
24 0 34 31
10 46 41 27
35 33 22 15
11 20 10 45
22 38 13 25
31 43 41 41
7 36 48 32
23 2 18 44
20 12 17 25
24 5 10 21
1 17 7 46
21 48 9 40
38 29 6 28
44 39 10 19
14 1 13 32
15 18 16 28
9 36 9 28
11 11 47 41
19 25 15 35
33 8 4 25
4 29 14 28
12 8 8 37
26 18 19 46
25 35 10 42
6 18 16 48
10 6 19 49
34 27 47 32
8 32 45 30
7 24 11 29
35 7 38 23
26 6 14 29
11 40 2 49
28 22 25 45
29 21 33 37
48 35 48 28
27 19 22 39
14 31 12 15
18 14 19 41
10 39 21 49
22 17 40 43
12 24 23 46
14 14 3 19
11 8 19 44
41 46 17 15
24 25 9 32
31 12 32 23
29 14 10 22
14 1 13 19
2 28 16 36
39 6 24 41
39 18 20 26
25 45 16 49
0 8 6 35
17 11 6 22
48 29 38 49
27 16 15 44
4 32 47 49
30 6 5 24
19 12 13 34
5 2 13 49
29 11 7 21
4 13 44 29
4 22 6 26
35 43 26 20
10 32 26 34
17 42 49 43
11 10 40 32
23 19 41 24
19 5 17 28
4 41 9 33
35 32 5 28
13 32 5 47
1 22 32 36
40 16 11 31
27 16 48 38
29 18 13 29
9 33 20 37
10 7 11 49
16 30 45 20
2 6 4 15
22 32 20 16
32 29 39 45
36 17 45 43
2 7 23 35
29 12 43 36
49 1 15 21
20 15 23 21
2 14 49 42
10 4 15 42
27 23 13 18
3 46 9 40
34 7 41 37
9 32 19 17
28 13 14 29
2 35 11 44
3 18 23 29
25 17 11 27
39 11 1 24
0 30 29 49
36 14 6 30
1 45 7 19
25 21 17 34
16 24 21 38
39 4 43 39
39 8 35 40
24 15 9 21
37 9 22 41
14 42 33 31
29 20 0 21
35 2 1 21
12 31 44 36
11 0 21 20
2 38 9 29
28 35 9 45
26 6 11 15
13 34 13 39
33 14 25 21
2 9 13 31
35 18 42 30
21 20 5 13
31 47 8 17
10 10 21 13
19 38 22 18
24 11 2 47
9 7 28 42
40 1 13 34
22 35 48 38
33 26 16 36
29 11 43 33
18 45 19 41
10 15 44 24
24 41 7 40
0 25 47 35
39 1 38 37
1 44 41 26
3 11 10 49
34 9 23 43
24 21 40 21
1 49 3 29
7 48 32 34
20 12 12 20
17 38 44 29
15 9 11 48
8 15 48 25
6 9 37 43
26 22 42 36
24 13 4 21
20 48 14 37
14 20 17 22
13 4 17 26
25 20 8 21
34 18 41 20
8 44 10 23
21 49 14 40
33 1 23 38
38 9 13 44
19 4 9 44
36 0 42 31
27 35 42 33
20 18 12 33
13 12 13 43
6 34 27 41
20 30 36 20
36 9 40 25
6 2 5 40
3 35 25 48
24 12 19 43
10 33 16 41
44 27 23 45
40 12 10 21
3 22 14 48
32 10 10 46
5 1 7 25
17 14 46 38
19 16 47 37
11 3 19 49
8 1 32 34
3 19 14 48
2 10 19 30
17 22 20 49
35 17 20 43
9 25 23 46
29 46 44 26
2 2 47 35
19 23 12 38
27 15 14 27
23 40 15 44
39 7 17 45
27 21 18 42
14 42 22 27
17 46 22 47
28 16 8 36
20 10 39 27
9 41 18 21
9 17 27 36
9 13 29 18
4 29 16 42
28 4 15 20
27 14 49 13
30 18 21 35
14 21 39 32
4 2 19 41
8 8 1 35
18 17 46 24
23 11 12 19
34 42 43 37
4 38 20 6
0 2 15 49
33 12 39 45
26 7 18 14
29 46 44 22
34 15 10 12
38 41 20 45
32 22 15 37
6 23 23 46
14 32 3 33
37 18 10 47
33 31 21 37
40 11 6 36
26 17 1 31
33 17 11 20
12 15 42 35
12 10 32 44
20 24 6 21
3 19 47 29
4 11 20 46
11 35 23 40
9 29 44 23
4 21 23 37
19 42 48 38
21 36 33 42
6 29 9 27
17 14 33 27
14 5 20 19
31 25 46 21
19 13 20 37
14 21 14 49
20 15 7 37
27 5 18 19
26 2 7 37
2 34 33 29
25 7 30 40
9 38 7 24
4 1 46 30
2 25 23 49
34 25 40 37
45 41 25 46
42 18 11 33
28 17 15 25
47 21 17 45
16 24 6 13
17 8 7 15
30 0 36 47
35 6 32 41
4 31 11 44
26 8 43 36
25 9 29 41
15 22 48 38
34 20 9 46
9 4 49 25
16 48 30 36
11 6 17 31
31 26 18 39
31 20 34 30
18 24 32 35
18 14 21 33
21 35 16 19
37 11 6 44
22 6 14 41
29 44 15 13
34 5 41 41
29 19 20 42
26 7 14 42
13 32 18 13
21 31 16 27
13 33 48 17
23 15 42 22
7 33 33 45
3 42 31 43
21 5 38 24
31 12 47 19
1 8 35 34
17 21 5 45
29 21 1 19
16 16 23 40
13 9 14 32
16 28 16 7
31 36 13 31
25 17 26 24
10 14 47 30
7 32 45 17
13 30 15 44
30 41 6 23
5 17 24 38
30 21 44 36
40 4 42 28
25 10 42 34
12 23 9 12
11 9 9 43
31 8 43 26
48 24 18 48
47 47 20 26
9 13 16 45
12 45 22 46
7 6 45 39
5 18 7 29
23 18 18 39
12 38 26 49
37 5 6 31
21 20 16 48
5 6 36 30
29 47 20 48
12 1 14 13
2 8 31 31
13 40 21 33
33 5 11 25
9 10 45 35
27 17 26 49
3 42 19 26
45 1 21 18
8 14 9 30
19 3 9 44
9 4 41 20
17 24 13 46
27 7 6 17
12 11 17 15
38 21 17 19
4 5 19 44
40 14 10 47
2 12 5 39
31 10 14 24
28 49 12 40
3 33 17 38
47 38 16 20
31 45 3 24
1 30 49 45
33 8 43 42
4 37 29 36
7 33 13 25
12 10 46 44
16 7 5 14
32 47 14 47
1 38 8 35
19 14 12 47
20 26 12 46
28 7 26 36
31 19 20 23
16 17 9 16
7 32 49 29
43 7 44 36
24 41 14 49
5 20 8 30
28 25 18 47
8 25 4 29
30 22 15 43
24 9 18 30
23 18 25 33
6 0 15 11
13 5 42 31
31 16 44 38
14 38 12 15
33 11 48 34
10 1 14 28
18 12 13 21
22 15 14 41
21 23 7 27
17 41 16 47
30 8 40 32
13 20 6 16
13 28 16 17
12 3 42 23
5 30 14 24
14 9 1 29
35 10 47 26
9 0 44 38
7 42 19 47
1 42 10 28
14 31 25 43
3 25 17 36
25 16 7 17
16 34 46 17
26 1 22 40
29 15 27 49
9 15 13 18
18 48 20 34
13 38 16 43
15 16 12 47
21 9 22 23
42 2 44 48
7 41 14 42
14 12 10 20
22 22 12 42
25 12 8 18
37 17 25 34
23 2 7 36
32 5 44 27
27 24 19 42
14 25 41 39
14 27 15 47
10 24 10 17
0 25 22 35
22 22 33 39
9 12 17 41
30 21 47 39
33 2 17 35
12 1 2 14
12 11 47 34
39 40 12 37
19 2 47 28
7 0 17 48
24 43 9 44
29 9 9 46
20 39 11 48
15 21 7 28
42 17 10 43
48 1 45 19
31 9 0 16
31 22 21 31
25 38 21 42
17 8 27 42
15 13 45 33
18 16 42 37
40 8 47 36
45 19 5 11
31 12 39 34
35 14 15 26
25 19 41 32
3 24 27 29
33 0 7 12
4 40 15 28
36 14 21 46
27 11 12 45
23 14 12 46
12 4 42 32
2 34 26 41
2 38 28 44
16 48 2 46
35 9 7 18
21 10 18 35
27 4 2 33
4 14 6 40
5 8 42 33
15 14 10 34
23 39 27 31
24 14 21 44
21 25 20 41
15 22 2 23
49 9 31 44
13 7 16 39
14 5 42 32
20 49 46 48
34 40 16 25
9 2 33 41
18 40 7 29
3 33 29 23
15 15 12 48
33 42 29 43
0 5 13 48
18 30 10 12
20 10 12 39
34 12 11 11
24 36 8 35
19 18 47 37
23 15 20 44
25 17 8 18
33 6 21 39
12 0 24 37
0 40 19 46
12 20 0 41
7 20 18 43
34 49 16 25
25 4 46 30
13 40 22 31
0 26 14 24
34 20 14 29
15 30 23 48
36 24 49 40
37 9 43 38
1 21 14 44
18 47 23 43
5 33 29 44
14 42 10 48
5 22 11 20
37 25 6 28
30 20 19 17
21 13 24 42
31 1 23 43
19 16 2 13
7 12 42 33
26 7 32 41
1 10 5 18
9 28 20 18
11 42 33 10
27 31 4 36
14 6 8 18
43 8 19 40
32 31 17 31
21 9 12 26
24 15 10 34
5 22 36 46
15 12 39 18
0 3 18 45
27 5 30 45
47 9 12 42
34 45 17 39
18 22 12 47
6 44 1 23
10 27 3 28
25 45 22 49
7 28 11 20
1 33 20 33
22 40 25 19
20 41 3 21
23 16 8 27
42 47 8 36
47 9 30 27
28 5 33 31
11 41 8 48
16 9 39 45
36 17 47 38
11 18 23 29
32 17 12 35
10 10 15 33
11 14 23 38
18 15 17 41
17 26 6 23
2 36 43 42
44 28 12 47
19 8 7 36
13 26 25 41
29 42 24 44
20 46 37 26
29 12 23 49
28 30 16 26
16 15 39 39
0 41 2 16
21 27 47 27
9 10 19 32
43 13 8 28
19 49 6 22
5 38 23 48
15 5 48 23
2 31 16 18
11 34 46 37
40 14 6 17
16 4 6 15
7 18 21 42
33 10 17 19
6 6 47 36
18 13 25 41
49 14 34 41
32 2 15 42
9 39 13 26
24 14 21 31
26 13 46 29
45 47 39 35
21 26 6 28
10 38 23 49
12 25 32 28
26 17 17 14
20 33 47 39
12 25 4 14
16 12 39 33
5 6 39 29
21 46 49 36
23 3 6 30
24 16 4 19
14 34 6 47
21 13 45 25
13 35 9 17
28 33 24 37
9 13 18 45
5 18 11 40
33 1 18 21
14 32 4 24
13 43 10 32
1 11 10 37
22 8 36 37
7 17 40 41
17 32 2 35
46 41 18 43
12 13 21 49
16 18 12 27
30 34 44 34
10 7 12 22
35 18 15 48
5 27 0 17
12 8 15 39
9 30 17 41
17 2 41 44
31 12 15 41
33 6 45 41
30 25 9 45
32 12 1 36
37 11 10 48
8 9 31 48
35 9 40 24
8 27 18 32
2 10 24 32
9 5 27 29
4 16 12 29
12 32 20 28
41 32 27 43
26 12 46 30
15 29 10 32
39 49 15 35
26 25 17 20
9 25 13 46
29 3 5 39
20 7 27 30
18 33 15 23
17 36 19 44
24 15 37 40
34 17 16 48
47 45 3 25
5 27 34 32
45 34 22 48
21 31 26 14
2 1 11 45
15 27 13 31
2 35 11 32
1 37 45 25
32 31 11 30
6 0 22 39
20 10 47 47
24 41 10 36
8 11 7 36
30 44 22 31
13 20 7 29
33 25 23 38
8 7 37 35
14 18 37 35
9 13 27 41
38 11 20 30
5 20 26 34
18 46 10 43
8 42 29 26
19 42 23 48
26 9 49 39
26 32 44 48
11 24 49 28
15 10 8 32
38 9 19 42
25 3 14 21
9 33 17 38
11 36 49 24
8 7 7 19
25 17 21 48
41 33 16 41
45 44 41 38
6 32 25 44
17 26 6 39
16 29 23 36
5 39 12 21
29 6 44 39
10 33 11 23
3 31 40 28
12 24 30 41
5 25 13 41
20 7 21 44
12 32 20 40
5 22 24 44
24 18 10 42
32 29 37 33
0 41 5 25
31 42 33 38
32 21 3 35
22 2 35 31
8 9 2 25
19 17 36 46
14 49 13 28
3 25 17 26
18 17 42 31
14 15 26 40
15 31 43 25
40 9 35 30
1 20 46 33
11 10 8 39
36 27 29 36
28 45 45 29
29 20 27 26
5 19 22 49
7 39 6 21
44 19 8 48
28 16 27 43
35 19 39 21
9 34 19 40
19 45 13 22
24 12 8 14
43 29 6 19
25 1 7 26
18 29 6 31
5 32 27 19
25 27 5 45
4 13 20 41
17 11 49 29
9 34 40 26
43 11 15 44
20 6 43 49
35 42 2 24
18 2 26 25
38 15 41 37
19 9 21 24
41 13 34 26
19 11 46 41
36 16 21 45
6 43 8 9
33 35 15 49
6 36 46 34
8 35 6 42
7 18 40 33
9 36 7 25
49 10 9 23
33 49 19 42
4 16 44 30
37 8 15 49
2 45 32 41
34 46 12 43
7 16 44 19
13 47 42 40
3 23 20 40
15 31 47 36
19 11 11 24
24 30 16 37
22 2 40 27
26 11 4 30
5 12 9 38
17 10 14 49
28 10 25 35
21 14 10 29
4 16 43 46
26 30 17 42
19 30 9 14
33 19 6 44
40 39 38 29
23 43 43 43
9 7 15 32
49 37 8 45
15 38 8 47
28 48 18 40
8 5 9 17
2 38 23 36
45 7 22 21
44 8 8 19
19 13 45 38
28 8 30 33
16 4 7 49
16 15 49 27
29 48 15 7
18 41 6 42
5 7 26 38
10 39 48 26
45 3 22 38
11 48 22 41
29 28 47 44
15 8 7 18
22 6 19 46
42 12 40 25
45 47 26 42
20 16 14 8
19 13 6 19
17 26 29 41
5 21 8 23
28 48 13 49
35 44 16 34
4 40 12 23
28 11 16 26
35 4 13 49
33 15 31 42
10 16 5 10
11 1 49 43
43 13 19 46
33 21 22 36
25 21 6 46
6 24 24 47
10 18 8 39
2 35 15 31
20 3 10 14
35 13 26 19
14 36 17 43
31 21 48 27
4 24 21 46
23 29 30 35
10 32 2 24
8 41 21 34
13 1 32 24
34 31 8 24
8 8 39 19
16 18 11 24
4 1 12 42
19 40 6 38
40 41 26 47
2 10 16 45
26 31 7 26
23 6 15 20
12 21 10 24
21 37 17 41
35 11 46 42
10 10 8 46
19 14 31 27
38 11 16 47
36 19 44 28
15 24 40 27
11 11 15 16
24 9 12 49
45 20 2 49
5 8 46 28
12 3 22 33
9 28 43 48
25 18 48 45
32 5 48 30
17 25 0 14
24 34 16 32
34 44 27 44
20 9 25 39
15 13 48 11
45 10 12 29
