50 1124 19792 800
10 24 11 46
46 16 16 2
49 37 4 12
37 46 16 13
7 15 32 29
24 19 30 31
49 12 14 23
46 16 22 10
40 11 9 2
11 10 31 31
9 25 21 36
39 43 8 35
31 40 26 4
45 38 38 19
41 46 35 28
16 24 12 29
19 6 34 25
13 14 13 32
33 46 20 28
39 43 33 29
7 14 36 29
46 12 4 34
9 12 18 49
36 9 19 37
41 41 13 35
13 14 12 45
44 9 1 23
25 44 35 24
39 21 14 43
21 36 14 41
45 46 40 18
48 18 18 37
36 17 13 48
40 17 11 42
45 17 15 11
34 36 14 26
47 10 22 29
39 40 20 33
47 17 25 42
37 17 15 44
39 39 9 25
39 23 37 29
42 40 19 25
42 36 10 29
37 41 7 39
18 16 29 22
13 10 10 19
48 32 20 42
11 12 3 11
47 27 16 31
37 38 25 41
45 16 19 39
37 31 13 19
11 29 22 8
42 38 31 25
40 19 17 25
36 44 40 38
14 14 33 16
37 18 21 30
46 8 29 7
40 36 17 21
3 12 16 33
10 16 4 12
37 38 34 31
38 47 33 34
38 40 15 12
13 27 34 28
25 18 21 23
24 25 4 34
49 29 15 13
25 37 7 12
26 3 28 23
9 22 18 16
35 14 21 44
35 46 31 8
11 17 17 26
48 31 8 17
14 27 35 31
27 13 15 48
49 16 1 46
12 31 28 35
35 8 42 16
12 26 28 23
33 45 28 23
41 43 22 37
13 22 37 27
42 18 20 20
12 24 33 27
47 49 34 21
46 20 34 25
43 14 16 35
38 42 26 23
33 35 12 26
20 28 25 46
44 40 29 28
11 30 11 37
43 7 0 2
39 41 30 47
25 16 39 27
39 7 15 37
34 27 22 4
27 34 17 44
36 38 31 24
7 14 21 41
4 23 35 25
31 40 9 44
34 33 22 45
11 7 15 40
48 17 12 22
41 43 9 29
10 24 14 47
12 12 11 30
29 12 36 26
32 44 7 28
18 27 9 4
13 12 4 48
46 33 17 18
23 19 1 48
31 32 9 44
28 25 18 38
30 17 34 30
32 21 34 35
11 13 21 32
38 15 33 32
24 10 43 18
7 11 18 12
39 33 37 27
34 43 21 18
34 45 0 18
13 18 18 46
48 21 36 29
40 25 18 45
28 23 35 29
35 21 32 28
5 20 28 31
36 38 17 34
45 21 43 33
9 12 14 17
12 16 17 36
23 26 29 5
48 19 8 31
46 18 27 46
43 43 14 40
45 23 16 49
47 12 38 30
36 44 16 15
30 46 22 23
49 30 17 7
24 24 15 19
44 39 34 34
21 31 18 34
40 24 19 26
28 33 26 49
42 43 15 48
47 14 33 34
11 17 13 4
18 13 10 46
11 24 20 23
25 29 31 45
41 44 12 41
10 9 14 24
2 16 6 11
42 13 0 12
41 31 29 25
34 44 35 4
20 34 1 23
44 45 24 43
46 1 35 27
44 9 8 32
25 18 20 41
31 32 35 28
39 18 34 26
13 4 9 1
30 38 32 27
34 19 37 34
34 20 7 18
42 18 1 47
28 41 9 45
45 13 19 37
20 24 21 46
12 14 39 29
12 16 36 29
30 10 25 3
42 46 29 12
31 21 27 4
38 29 24 33
37 9 14 45
43 40 25 34
12 16 5 20
9 10 32 29
9 30 35 31
41 36 26 32
43 32 26 31
46 38 20 36
44 45 26 44
39 40 13 36
32 42 9 43
47 15 12 21
9 23 30 32
46 2 1 9
3 9 12 43
12 7 23 33
16 13 12 46
20 26 8 47
41 12 13 42
11 13 32 29
45 15 7 2
47 17 19 29
46 14 9 37
6 13 23 31
37 44 13 22
11 8 28 13
44 28 20 33
42 17 15 30
48 34 12 40
13 9 11 43
43 20 1 10
19 9 37 19
44 8 39 34
11 18 33 10
41 44 20 35
36 46 10 47
47 39 36 32
8 27 37 26
21 25 7 16
45 17 35 10
30 35 9 32
46 17 36 30
41 27 20 42
30 41 30 26
36 44 20 21
36 43 20 38
42 5 6 3
41 38 23 22
37 23 3 24
39 47 43 5
46 17 13 28
14 23 1 10
46 23 26 17
43 19 13 27
20 23 33 32
49 35 38 30
10 11 34 21
36 48 20 1
49 19 5 49
36 33 17 29
36 38 36 3
11 10 10 22
44 21 14 24
25 40 10 10
12 2 34 27
31 34 21 31
41 42 16 8
41 41 22 26
27 2 3 25
10 16 28 34
41 29 20 43
44 40 22 35
44 36 8 40
33 42 17 46
33 24 13 27
44 6 19 38
12 9 11 26
31 46 32 27
37 2 14 39
24 15 11 5
4 4 35 33
21 18 24 46
28 27 16 33
33 24 19 35
34 46 13 41
7 10 34 28
12 9 14 41
9 11 23 27
31 22 36 32
18 19 15 49
47 21 29 14
39 43 36 25
7 16 27 19
16 21 38 28
1 30 35 30
39 42 15 48
23 35 34 23
35 18 1 14
12 23 35 29
39 7 43 36
42 21 13 20
2 7 10 48
40 43 14 42
34 43 38 0
42 40 22 34
46 13 17 30
12 24 6 42
16 23 7 48
34 4 14 49
23 30 16 49
47 19 35 28
44 18 32 15
34 37 17 24
25 35 18 26
33 30 12 13
12 12 26 41
6 11 20 46
44 17 15 23
31 41 10 31
36 39 33 32
23 40 21 30
6 11 27 42
42 45 34 28
6 8 15 17
27 26 14 17
36 42 24 19
25 10 31 31
33 43 35 28
6 20 14 47
9 12 23 35
36 44 2 7
36 41 27 33
7 16 14 21
34 19 17 30
41 17 14 35
7 25 23 47
4 16 33 30
44 14 11 49
19 25 20 35
36 42 32 45
9 30 12 48
47 11 30 31
33 40 26 22
42 25 36 31
37 48 10 48
45 23 20 37
16 16 23 45
9 11 4 33
42 33 37 28
40 24 17 22
15 27 32 34
28 10 36 23
42 21 22 13
38 39 21 36
40 18 36 43
19 24 16 31
29 6 20 32
12 10 22 25
39 29 13 18
33 47 17 28
36 24 6 33
37 9 13 19
16 36 16 27
37 45 29 9
38 27 15 37
42 43 24 14
13 30 18 27
36 43 37 30
42 18 20 11
48 13 28 39
39 47 38 29
44 20 35 28
25 26 32 30
31 26 35 29
12 15 8 47
30 40 31 16
5 5 17 18
38 48 23 2
27 18 17 13
5 23 22 38
10 12 33 31
43 19 8 38
8 13 37 29
48 23 17 45
30 44 20 20
47 26 25 30
7 12 43 36
31 46 16 34
31 45 13 36
36 41 14 11
15 30 20 34
31 29 18 42
24 14 3 34
33 42 17 36
35 47 12 30
10 6 38 27
46 37 46 10
13 23 20 24
48 34 10 40
44 18 1 23
29 34 30 2
40 43 8 34
28 32 1 14
45 29 17 36
48 12 18 44
12 13 28 8
25 11 24 34
10 25 35 31
47 21 19 31
34 40 23 28
31 39 13 16
42 23 31 29
46 33 15 32
9 17 13 44
38 37 10 49
49 17 13 45
35 44 37 30
7 14 20 18
41 42 21 2
40 46 17 46
29 26 14 16
37 42 39 7
37 38 28 33
2 1 0 19
38 22 33 26
35 49 30 3
10 12 2 28
38 40 8 27
29 47 37 29
42 13 31 42
20 36 17 39
36 27 8 41
40 47 35 31
30 38 33 24
43 25 26 33
5 21 2 7
6 23 17 11
47 11 44 31
39 1 26 48
12 13 6 39
45 20 35 28
39 9 12 33
39 47 10 12
48 19 22 31
49 20 14 43
33 45 39 16
42 23 15 11
47 12 34 13
42 22 25 22
40 45 13 28
5 22 19 48
42 18 16 24
26 0 3 6
16 32 39 28
42 49 11 5
36 45 5 7
44 42 24 45
39 44 16 46
32 14 17 6
14 17 13 0
34 42 25 9
4 24 20 16
44 25 7 46
44 41 27 42
40 0 41 40
38 40 34 28
10 12 33 44
14 3 8 12
42 44 13 12
33 39 35 34
27 14 18 40
46 13 34 27
49 39 0 36
18 16 16 43
23 18 9 1
14 14 3 28
40 34 24 12
29 31 8 16
42 28 15 17
8 24 10 27
39 5 21 23
34 38 5 32
9 9 14 22
29 32 14 11
43 18 14 46
49 12 23 36
40 26 6 12
8 14 30 48
7 10 36 32
9 14 38 26
43 40 33 26
43 16 16 40
36 16 30 26
10 23 12 20
42 43 16 44
43 19 25 47
45 30 21 28
27 13 17 20
12 24 1 22
13 14 36 28
41 35 36 46
47 18 21 46
7 22 13 7
35 42 15 42
32 6 17 43
7 14 4 45
42 18 13 22
11 12 21 4
36 49 14 46
39 33 17 45
38 47 11 45
14 23 5 6
41 14 27 25
11 10 35 27
12 26 4 14
13 13 16 29
25 2 19 14
49 17 35 30
15 24 32 15
37 40 11 31
35 45 23 23
49 20 5 23
39 30 21 9
37 28 8 42
37 49 8 39
5 28 24 8
41 48 20 35
39 42 25 39
45 23 35 30
8 14 9 33
32 22 30 1
11 26 20 38
47 16 15 34
12 21 31 42
36 11 8 36
11 12 36 29
37 45 17 45
46 13 15 18
38 17 8 47
39 40 34 30
37 38 9 44
8 24 32 29
36 39 36 32
44 41 36 25
42 36 12 41
8 13 13 23
5 13 0 22
11 15 21 1
38 26 14 44
8 15 21 35
48 27 39 29
11 13 47 22
12 17 15 12
22 19 26 20
26 16 40 28
35 43 6 7
46 17 11 6
28 27 29 37
34 32 16 39
45 37 42 23
30 49 37 29
46 10 14 16
22 7 40 47
29 34 3 20
24 18 16 29
19 35 25 34
25 27 26 22
13 17 18 5
44 35 8 40
35 19 4 16
37 27 10 28
42 40 3 23
8 13 16 40
49 10 5 20
7 13 3 46
33 39 20 32
45 15 22 45
37 43 22 47
44 9 10 36
35 41 27 25
49 24 14 39
22 26 14 45
11 3 16 43
26 40 28 29
11 9 34 28
7 15 16 35
36 43 20 25
40 3 15 39
12 24 18 42
12 15 30 27
35 44 0 19
42 18 18 44
9 2 38 29
12 11 37 40
18 39 36 28
12 26 16 16
35 38 14 37
46 25 14 43
32 5 5 39
34 41 25 17
35 40 20 31
36 44 36 31
41 41 15 46
5 9 18 40
13 15 39 18
43 17 8 35
17 10 15 44
10 24 27 2
31 33 19 32
13 22 22 32
34 42 22 40
39 14 20 5
36 46 30 28
13 12 37 5
13 12 1 40
39 14 40 29
13 21 20 16
35 19 15 32
33 11 17 34
42 17 34 30
33 31 14 28
47 25 15 28
11 25 26 47
28 41 34 29
14 36 17 22
16 13 7 14
16 13 1 35
11 26 11 13
13 19 2 16
46 21 12 15
36 41 22 32
30 15 33 30
46 26 36 30
36 43 22 23
42 19 32 30
33 32 36 28
43 8 8 24
40 33 21 44
40 11 7 38
12 18 40 29
38 37 33 26
32 35 32 25
38 46 20 10
10 12 22 18
37 44 27 24
41 42 27 36
47 32 22 46
36 43 5 44
40 47 21 7
40 28 4 31
43 16 0 43
3 14 12 23
42 28 21 38
46 26 6 0
30 2 36 28
12 35 25 17
27 25 14 36
49 19 36 25
42 43 21 42
31 41 30 5
46 32 3 21
40 10 25 45
12 13 22 44
49 1 31 38
44 29 34 32
9 12 33 34
37 45 21 13
35 39 30 20
13 10 34 2
44 5 0 29
21 41 14 26
43 17 27 35
4 13 19 22
36 46 11 20
6 17 16 39
33 40 40 34
10 11 24 23
42 44 11 35
39 29 9 10
11 9 4 19
0 20 30 34
35 5 4 12
31 42 18 49
39 14 4 21
7 11 20 33
11 13 15 26
48 20 12 48
12 23 17 46
42 46 7 9
42 39 17 15
49 19 13 44
41 42 12 25
45 14 14 7
8 27 37 33
42 22 5 47
9 11 24 23
38 15 27 29
35 19 17 35
29 23 15 39
38 45 19 36
13 13 6 23
29 35 39 23
41 25 8 31
39 40 4 35
46 13 26 47
13 14 15 19
17 16 35 31
11 16 14 47
47 31 34 27
12 25 19 27
35 45 16 4
44 11 0 4
29 26 36 31
8 28 1 39
17 25 26 32
47 21 28 27
46 30 17 18
10 24 45 2
35 44 16 29
9 11 15 41
32 35 33 29
14 11 13 20
9 15 1 1
42 43 31 34
44 22 2 9
10 27 7 19
49 12 21 44
38 19 27 15
41 34 23 34
30 31 30 18
11 13 27 13
8 14 35 32
14 10 17 35
13 9 33 49
38 2 33 27
15 26 33 28
9 30 13 35
43 14 9 10
14 9 18 17
46 20 11 33
25 20 21 49
7 15 14 2
11 12 36 38
28 20 21 11
43 20 37 33
36 41 9 1
28 34 20 37
31 35 22 27
25 47 12 11
12 27 27 14
25 17 21 11
37 39 24 47
43 39 34 30
9 25 17 40
32 26 29 30
48 12 11 33
16 29 30 40
39 39 21 18
40 27 16 13
13 14 17 43
37 41 36 30
11 15 25 12
36 25 21 39
36 44 22 37
43 16 20 43
19 29 12 47
46 39 27 40
39 10 13 42
40 21 17 3
38 45 20 44
34 23 13 48
10 27 6 40
8 3 14 33
46 24 20 28
34 46 16 14
17 23 16 40
33 35 35 29
33 45 36 4
49 10 29 21
43 27 18 29
5 22 14 42
11 9 34 25
47 21 34 47
39 19 35 29
34 24 14 49
35 41 12 30
44 35 34 26
39 44 19 41
34 9 37 30
39 48 24 24
11 16 24 23
44 13 21 37
45 17 26 23
45 33 15 43
34 40 41 37
12 16 21 46
33 42 13 44
46 26 19 48
32 38 11 18
7 13 17 41
33 43 2 25
32 29 27 44
37 44 23 49
10 27 16 32
46 14 12 44
30 35 31 28
40 33 10 45
36 5 26 42
46 15 34 31
36 44 16 21
47 23 35 35
40 49 44 12
35 32 19 29
32 18 27 17
38 37 36 27
35 40 38 27
5 10 35 31
42 14 14 12
46 16 14 3
33 14 36 30
49 12 10 19
28 26 34 30
13 11 23 38
36 5 22 44
23 1 24 35
44 7 17 17
6 29 42 33
37 44 8 32
30 13 0 2
6 24 26 4
41 43 38 28
44 47 43 31
32 21 34 35
40 34 20 45
40 30 25 29
13 13 42 26
38 42 1 41
42 14 15 29
10 16 23 22
25 8 27 22
8 10 18 38
14 29 31 26
14 11 13 3
37 46 32 29
34 34 26 27
48 14 13 27
49 8 44 27
47 15 13 37
10 16 18 17
2 3 27 47
5 12 8 24
35 46 18 27
42 15 35 31
4 18 14 48
8 11 7 23
0 1 16 44
44 14 11 1
41 19 31 29
13 26 1 10
42 34 10 7
39 46 14 42
32 11 37 29
9 23 19 41
32 38 36 28
13 13 31 30
9 26 23 47
32 45 5 45
46 18 16 23
40 28 37 46
40 45 22 37
26 26 20 17
37 15 1 33
49 17 37 31
8 14 18 26
11 24 13 47
42 39 13 21
31 41 31 0
35 41 14 32
47 15 23 38
38 39 21 37
45 13 8 20
37 29 16 30
9 11 1 29
11 29 16 27
10 15 11 43
34 40 12 10
42 22 38 30
39 6 4 5
33 22 19 42
26 43 21 30
29 28 16 26
8 20 39 32
41 39 25 25
45 40 31 30
37 27 19 27
48 43 40 36
38 11 7 30
17 20 21 41
10 15 15 11
23 35 11 25
39 14 2 46
9 17 37 28
29 27 45 31
43 48 21 5
38 29 41 18
42 15 36 30
47 15 20 24
37 43 38 29
40 45 9 25
32 45 12 8
44 25 24 5
28 27 22 17
14 21 16 32
13 13 11 28
31 35 34 28
46 31 33 30
37 38 9 39
14 26 32 24
11 15 38 26
43 18 10 15
31 29 35 34
46 19 20 22
42 15 14 48
49 38 4 44
6 28 18 14
10 24 8 37
30 10 22 31
47 19 24 22
39 38 26 16
14 13 12 49
11 15 30 26
36 44 23 27
41 16 9 14
8 27 21 2
39 41 15 44
40 41 35 25
14 15 33 29
48 18 14 46
44 28 23 29
49 49 10 22
49 3 17 42
35 39 21 28
45 7 27 34
49 17 18 22
43 9 10 28
16 26 10 40
47 41 13 6
13 20 8 29
17 15 9 44
35 17 26 19
37 44 3 44
40 43 15 45
42 40 16 46
35 35 28 31
5 13 16 23
37 46 16 8
39 13 20 49
11 10 9 49
25 39 22 37
30 26 4 3
23 23 19 28
33 45 28 35
47 27 27 19
38 44 21 39
38 33 35 28
29 5 9 4
35 1 17 40
45 0 15 49
49 27 6 21
45 19 22 39
40 34 25 25
11 12 31 24
45 20 33 29
29 35 5 44
38 9 42 34
24 35 18 33
45 12 7 10
41 21 19 10
36 44 12 39
43 42 28 29
11 13 45 21
36 38 32 30
35 42 22 29
43 37 18 18
10 10 18 13
34 35 20 29
45 9 17 37
1 19 33 25
42 17 7 20
9 12 42 27
37 46 15 31
48 17 26 19
44 12 36 32
35 39 21 44
10 14 18 31
19 33 38 24
6 11 38 44
39 32 36 29
35 3 30 43
21 20 15 16
27 5 25 8
39 34 23 47
25 28 19 48
17 13 37 28
13 7 8 14
41 18 28 20
40 29 32 27
21 26 18 31
15 27 20 42
48 21 16 44
48 19 18 21
49 19 17 10
24 28 35 32
2 7 24 5
36 49 8 21
34 42 17 21
8 26 35 8
7 16 17 42
6 13 23 16
32 45 9 7
34 44 19 21
28 14 19 15
32 34 15 28
42 17 11 20
19 40 38 10
47 31 10 16
41 38 37 30
10 36 32 31
46 18 13 19
36 47 19 40
13 22 12 46
27 23 21 45
40 11 24 32
43 28 30 29
42 30 33 7
11 19 34 32
38 7 34 29
38 35 36 29
41 18 21 39
17 18 24 14
21 47 18 25
35 29 26 28
48 6 23 39
21 33 12 25
30 20 14 14
45 23 19 31
16 24 31 30
18 32 21 11
43 31 25 39
41 22 16 26
45 35 9 27
10 15 8 36
26 32 33 30
22 33 14 26
13 13 17 42
43 12 29 1
33 47 40 30
33 48 37 31
37 43 17 14
10 29 16 10
38 42 18 42
30 21 26 23
10 11 1 5
39 18 37 28
43 45 19 38
40 32 6 29
12 18 32 29
49 43 4 31
39 14 8 6
18 28 14 49
49 30 11 23
25 24 18 16
38 31 9 28
40 43 39 29
49 17 32 8
46 16 13 49
34 43 22 29
42 17 33 32
37 45 42 28
9 24 13 44
36 5 22 42
8 19 34 28
11 16 36 30
42 20 17 29
35 44 9 23
8 13 20 44
38 31 17 47
45 14 36 31
35 15 9 43
28 32 27 10
3 0 3 32
46 19 8 37
36 47 13 19
14 12 3 41
29 31 23 19
28 49 32 29
37 21 47 0
16 15 18 24
9 25 28 7
25 26 24 7
36 37 3 18
10 28 17 43
13 10 29 22
29 26 35 39
40 30 33 28
10 10 12 47
30 49 35 27
10 23 9 36
36 44 16 39
40 28 25 36
23 21 21 35
32 39 37 3
16 14 27 13
44 13 3 21
15 11 9 21
38 16 39 0
38 21 7 21
43 44 41 29
17 28 37 30
11 9 45 26
40 19 0 14
10 20 21 48
29 22 25 48
44 18 28 22
31 43 34 27
33 44 34 32
42 39 7 31
35 43 28 35
48 16 35 26
10 25 36 31
49 16 35 29
41 26 14 49
44 47 4 36
32 17 37 47
25 22 14 10
11 29 17 48
9 25 15 36
39 48 34 28
