50 91 17515 800
5 1 38 24
9 35 7 9
9 18 12 26
4 40 9 32
48 42 37 36
26 9 40 43
9 35 41 2
15 29 42 48
8 35 23 40
41 39 1 12
45 45 44 36
10 17 6 18
6 15 6 10
12 36 21 13
12 30 39 1
7 0 22 44
45 35 18 9
12 32 31 27
14 15 40 3
11 33 42 1
22 24 7 16
16 19 45 47
16 21 48 8
9 20 35 14
15 30 14 7
10 21 39 4
15 35 36 5
7 30 29 14
17 30 6 7
18 7 33 48
45 43 34 37
13 38 38 40
48 46 26 47
16 19 45 7
10 16 25 42
5 27 5 13
9 2 36 8
41 36 38 46
3 12 29 15
42 37 36 9
6 17 19 37
47 43 9 7
11 34 35 4
36 34 39 24
17 26 9 11
43 16 7 9
10 32 16 26
47 34 11 44
12 36 36 5
10 7 4 16
47 29 24 0
5 17 42 7
12 13 5 12
3 17 15 9
11 14 39 20
15 33 17 23
39 39 1 31
31 24 41 3
7 22 42 35
9 19 23 19
5 34 38 23
8 17 44 15
5 14 40 18
42 30 45 28
8 18 31 17
36 25 1 10
9 12 33 11
13 37 28 17
27 30 31 37
7 34 6 10
9 32 39 6
16 21 41 11
20 12 4 36
35 42 20 24
45 42 8 11
12 36 6 6
41 33 38 2
18 26 18 1
4 20 2 25
15 20 14 24
10 22 11 2
48 43 40 22
16 18 2 4
9 14 36 31
8 39 47 42
10 26 10 9
46 36 44 11
42 33 33 2
41 28 40 12
4 28 27 9
45 40 32 1
