50 89 14754 800
23 34 0 27
16 48 4 39
22 43 8 43
33 9 5 37
19 9 30 19
21 27 30 12
4 9 49 34
39 4 2 44
30 49 8 30
2 34 30 13
2 33 19 45
6 21 30 12
27 11 34 25
17 13 4 2
31 12 2 13
16 7 36 14
14 11 19 12
5 38 26 24
28 16 26 21
1 11 36 19
4 34 17 31
32 9 22 9
27 35 1 10
23 37 23 8
7 41 20 7
14 3 26 6
5 31 36 18
6 33 20 24
2 33 18 21
1 35 31 43
7 3 23 9
14 21 25 15
21 37 16 11
1 27 33 31
6 14 19 25
43 16 22 18
5 35 13 18
7 12 14 9
26 12 6 22
3 6 35 4
19 35 17 29
10 12 3 33
22 10 22 37
1 17 24 23
7 6 24 23
17 23 2 22
16 47 9 47
4 33 25 28
24 19 10 26
34 20 21 5
6 45 18 21
32 7 10 26
20 32 32 12
5 30 22 23
34 10 23 25
10 1 16 24
37 6 28 9
10 7 35 18
7 30 20 1
1 7 25 25
1 28 20 29
12 5 22 24
42 19 44 43
9 4 33 31
28 24 3 4
17 41 18 25
22 38 19 21
21 18 29 18
2 32 6 25
19 35 27 38
26 38 44 31
4 23 21 2
24 32 22 24
23 33 25 5
1 25 21 25
21 36 12 28
7 22 25 46
10 46 27 24
4 32 20 17
5 21 1 15
42 6 5 7
25 38 28 13
0 32 26 3
7 26 3 9
29 21 27 7
26 34 1 32
19 18 1 15
6 28 20 22
6 4 38 16
