50 1291 16654 800
40 28 39 18
36 15 1 14
14 2 0 16
40 10 11 37
38 2 2 18
23 19 21 37
27 45 2 45
4 19 5 3
10 0 2 8
15 44 23 1
13 49 12 23
38 11 33 35
1 31 6 21
34 24 34 37
27 12 1 13
40 8 22 4
47 37 40 23
33 36 27 8
7 41 22 47
28 32 3 13
35 11 3 15
33 9 6 33
35 10 6 5
48 31 44 23
39 30 8 8
31 16 5 25
13 38 16 32
18 31 0 33
48 3 9 39
17 40 34 37
23 20 23 42
20 35 17 15
42 6 3 17
45 19 37 38
45 27 5 9
24 24 26 28
19 32 13 4
40 14 2 33
49 17 18 4
41 20 7 34
37 37 25 8
40 23 34 30
1 20 16 48
12 23 5 8
14 46 19 16
16 35 8 32
19 35 0 12
44 22 36 20
33 3 0 10
4 47 12 9
7 31 10 14
8 34 1 17
41 16 17 14
44 21 27 39
10 30 20 5
39 3 1 28
3 31 4 4
35 7 19 37
36 34 0 17
39 17 14 17
49 35 42 21
14 30 2 13
32 19 37 21
25 24 35 15
49 38 7 38
4 38 21 3
47 43 1 18
45 29 4 36
1 23 12 16
49 31 34 27
42 15 46 42
43 11 18 33
8 22 4 39
47 10 16 31
19 30 2 20
22 40 30 1
17 34 2 22
20 28 20 4
36 9 6 14
36 0 0 15
38 11 6 10
34 4 0 17
5 40 38 33
12 37 36 30
26 35 14 20
24 19 34 48
9 38 0 1
30 8 34 29
41 40 25 20
17 19 3 34
23 17 1 19
22 41 25 8
48 18 31 31
35 42 12 11
37 15 26 44
25 33 21 49
35 29 40 31
20 28 2 12
9 27 1 8
43 20 40 26
37 1 33 21
39 20 16 11
34 4 3 17
46 19 18 4
3 25 11 37
26 26 36 33
46 7 4 4
22 13 10 24
7 25 25 30
8 39 13 10
43 7 6 17
48 38 4 15
46 11 3 13
46 23 17 22
36 22 4 18
11 34 0 7
25 3 0 27
24 35 7 48
40 9 33 22
36 6 20 12
17 34 2 12
11 37 40 1
11 26 17 2
29 18 8 34
47 43 34 36
46 35 10 18
31 14 15 16
13 48 24 7
6 13 40 20
8 47 11 22
38 28 9 37
30 11 18 5
4 18 21 7
40 22 12 8
48 12 36 28
43 12 5 11
39 40 16 5
36 36 7 15
9 9 5 15
11 49 5 14
44 21 3 13
32 39 0 17
47 17 1 26
39 32 6 36
48 15 29 31
36 13 38 47
14 9 10 23
6 12 6 17
12 27 5 33
46 13 5 29
1 43 3 8
37 12 2 14
33 6 14 3
34 17 24 44
18 33 42 32
16 42 21 2
7 19 39 35
28 21 24 13
42 32 10 28
17 36 19 1
29 2 10 37
15 30 0 11
24 11 4 14
37 24 4 36
24 31 2 14
22 39 42 49
28 0 22 5
39 2 23 0
26 26 4 9
35 15 13 40
36 8 43 34
25 34 22 21
23 8 31 27
41 35 2 15
15 20 13 43
45 5 19 4
41 24 25 4
11 39 17 26
40 19 2 10
27 19 7 7
37 18 7 6
27 20 5 12
3 45 9 22
29 28 1 16
5 44 0 20
18 20 28 29
23 22 10 37
27 16 2 22
38 22 5 10
48 25 7 35
36 21 35 32
8 19 16 16
43 34 9 27
23 37 1 18
34 9 31 27
1 29 19 2
24 34 20 5
40 12 8 34
16 38 7 37
41 38 38 24
42 43 7 3
46 14 3 14
47 4 17 48
22 33 9 36
23 12 36 32
34 35 3 4
16 0 32 29
42 34 3 14
18 36 5 31
38 7 32 30
19 33 30 36
44 33 0 3
16 24 3 1
31 44 2 32
10 20 0 34
49 4 2 15
20 30 3 18
28 0 1 17
42 34 7 6
42 10 9 21
25 26 17 24
30 7 10 41
28 33 35 34
48 24 3 5
26 2 1 20
14 24 0 10
29 10 31 19
35 29 3 33
29 11 21 17
13 34 16 3
28 1 35 40
41 38 12 18
34 32 10 33
35 17 24 6
5 8 2 15
19 36 8 36
13 44 2 11
36 23 27 25
36 11 26 33
9 40 25 28
14 22 35 31
8 16 0 24
25 42 5 13
18 26 3 23
22 12 33 29
18 21 38 36
26 5 15 38
20 46 35 45
25 9 35 32
42 6 8 42
24 10 36 31
35 16 31 3
14 35 28 40
26 45 20 24
4 43 9 47
47 12 0 15
22 29 5 27
29 5 21 15
3 41 29 34
5 37 5 22
6 9 25 37
13 12 27 22
6 48 29 27
44 38 22 5
36 12 0 13
27 32 14 26
17 26 11 38
15 29 1 19
30 16 7 19
46 5 2 4
38 18 2 31
35 7 1 18
9 4 24 0
37 36 39 46
23 2 1 13
31 4 12 0
40 23 10 1
45 11 21 15
9 19 8 36
20 33 21 1
12 17 1 36
29 21 0 43
7 13 5 30
39 7 35 31
29 10 15 11
17 4 21 6
25 5 23 2
22 19 20 28
29 28 44 20
42 20 35 19
35 10 23 5
20 42 15 28
17 28 35 24
10 41 24 3
45 31 38 28
47 31 6 19
19 38 2 39
45 20 12 42
24 3 25 45
6 36 38 36
7 26 4 18
37 8 4 23
49 2 38 27
49 31 11 14
20 39 17 10
45 37 5 30
31 10 23 2
31 18 11 12
39 7 5 38
22 39 1 14
22 34 3 10
30 34 1 34
20 39 0 20
27 13 5 10
39 33 37 26
27 6 2 28
22 0 46 32
39 20 2 14
46 25 22 5
35 37 3 13
48 3 2 14
37 35 30 22
49 23 39 30
27 17 27 9
34 22 30 39
42 42 30 38
39 19 26 22
26 28 2 13
28 41 7 16
37 0 3 29
23 29 7 3
31 22 38 31
7 24 21 1
1 15 22 6
39 26 6 22
36 38 20 1
4 20 19 2
37 11 6 17
16 35 32 42
14 8 22 36
30 17 17 11
26 29 12 41
32 7 1 1
21 45 9 33
2 25 43 41
46 39 5 34
15 42 9 9
27 19 3 17
32 14 13 24
27 19 33 28
22 32 16 22
21 33 3 6
42 18 3 8
17 23 15 8
20 38 17 24
31 23 22 0
44 8 11 17
27 31 33 19
27 17 25 8
15 44 22 2
31 20 33 35
34 21 27 13
36 12 14 5
40 24 13 48
45 23 11 44
3 4 6 16
18 3 3 36
36 13 31 20
15 27 1 28
14 19 3 12
37 12 3 13
15 33 10 11
42 13 2 14
12 27 29 6
1 24 13 0
12 40 38 39
6 23 1 14
18 3 14 17
46 32 17 19
30 17 4 32
20 46 22 17
18 45 20 0
21 36 12 14
18 30 6 17
42 36 32 42
30 8 10 37
5 27 23 9
5 23 4 9
29 11 10 34
47 15 7 20
9 1 12 31
20 1 1 15
25 33 3 14
22 32 29 4
33 11 19 14
7 38 2 17
37 17 9 6
25 19 25 30
19 32 6 10
38 16 7 29
12 30 0 8
36 17 34 9
43 29 5 12
10 45 10 31
45 17 8 41
33 6 10 29
6 42 1 36
38 40 6 6
9 13 23 4
19 29 4 13
47 9 24 5
48 10 36 23
13 27 7 33
21 27 0 19
24 17 36 23
0 26 8 15
12 24 18 42
22 28 19 8
35 17 38 21
26 44 8 35
28 0 45 30
33 6 10 18
12 30 11 37
8 18 5 30
18 17 31 39
22 1 43 31
30 39 33 22
25 6 2 17
21 29 13 15
35 0 2 37
38 11 26 48
25 6 1 22
33 28 44 33
37 2 37 24
11 19 10 36
36 7 12 23
30 15 2 29
9 34 2 8
39 19 0 6
7 43 11 15
44 20 3 32
20 30 1 14
8 33 8 14
44 18 37 28
18 22 23 41
32 41 32 27
9 31 1 12
40 48 0 27
17 43 8 23
45 4 41 20
36 20 4 23
14 32 35 27
25 32 4 2
37 46 22 6
31 39 20 5
34 15 1 14
49 45 13 16
32 0 22 23
39 24 31 32
48 41 35 31
48 9 45 30
41 31 4 37
26 41 7 32
43 33 21 15
7 27 34 28
41 17 40 26
29 23 1 14
20 6 9 41
43 43 37 21
48 23 1 14
14 37 8 47
49 3 9 8
12 11 9 31
49 43 31 28
17 38 6 39
17 26 4 10
2 36 14 16
6 36 19 6
23 48 4 35
11 32 3 4
12 22 17 21
20 12 5 10
25 42 3 40
18 33 7 38
4 33 27 4
19 45 25 7
25 40 26 18
29 14 8 21
30 22 35 17
40 23 1 20
36 30 22 6
20 24 0 11
39 45 5 17
4 9 39 26
12 36 7 29
8 25 14 11
40 0 0 33
35 14 7 38
36 19 30 27
41 26 5 5
19 44 21 3
19 47 9 13
49 16 41 15
46 18 6 35
13 24 8 28
45 3 15 9
36 28 2 16
33 6 41 5
43 25 37 27
13 8 0 25
29 24 26 20
12 32 18 7
20 34 2 17
34 25 22 3
43 27 21 10
39 32 1 11
26 19 38 25
16 36 11 19
21 42 25 2
47 28 10 24
27 40 19 21
34 35 37 33
30 3 11 15
29 29 28 8
44 36 5 35
18 48 4 9
22 38 8 39
40 17 3 12
25 37 17 33
4 37 18 10
35 17 5 0
15 39 38 23
46 17 12 13
45 43 38 31
17 37 4 10
47 22 15 15
24 30 3 11
42 15 21 31
34 1 24 3
21 12 2 12
46 33 0 11
42 47 2 18
28 1 6 36
41 7 40 28
20 20 37 24
18 8 7 36
26 9 11 32
46 13 1 17
47 8 11 37
33 23 20 3
43 24 7 30
41 10 15 37
10 43 8 36
23 45 2 28
14 24 9 37
13 25 18 3
33 14 20 16
35 36 10 42
48 23 3 13
12 29 14 10
21 43 7 18
6 28 9 23
19 42 3 6
13 47 3 15
19 43 30 23
31 5 22 4
14 32 3 3
34 21 11 5
37 29 25 31
32 19 3 7
36 41 3 11
44 28 30 29
17 37 7 32
13 37 0 31
39 19 9 15
8 21 14 24
19 33 26 19
22 32 23 4
9 25 5 33
38 21 29 44
40 45 12 32
3 47 25 6
8 30 0 29
10 13 13 33
26 25 37 40
10 40 41 23
17 45 30 43
20 36 35 26
26 17 6 35
48 15 3 19
31 33 4 1
42 5 2 16
13 38 12 23
16 45 2 14
35 33 6 15
1 14 34 31
33 19 21 0
21 46 10 41
5 24 8 41
47 14 32 29
10 31 8 37
40 3 4 39
21 25 22 0
25 10 0 13
47 16 4 33
15 10 4 11
12 45 5 30
33 31 5 35
32 19 37 45
33 40 13 17
32 16 4 7
41 38 41 30
32 26 2 14
37 19 1 17
24 34 12 36
45 17 6 37
37 16 2 13
10 40 31 30
32 37 40 25
19 35 27 5
33 14 1 18
9 0 9 20
33 28 2 11
41 8 20 25
38 17 21 7
17 29 8 33
20 37 9 15
30 23 4 39
1 34 7 30
40 16 24 28
34 9 37 33
32 2 9 48
41 12 12 24
24 24 32 29
21 38 4 12
27 16 11 6
44 18 21 4
46 37 38 40
20 16 8 37
48 10 36 35
35 15 2 12
28 12 30 31
38 39 10 40
41 0 2 35
21 30 40 23
15 42 30 13
18 34 18 11
41 28 11 25
33 38 9 11
17 30 37 31
28 31 35 41
24 32 35 20
36 25 35 29
18 36 22 10
29 2 34 30
33 3 45 29
29 4 4 12
34 7 37 28
16 31 9 23
13 22 36 26
11 36 30 6
48 5 2 23
23 39 14 11
47 20 3 13
29 21 14 32
47 31 1 24
43 29 0 13
20 36 43 15
4 24 38 11
24 38 37 27
8 23 7 28
48 12 2 33
48 20 27 5
8 45 7 19
26 13 41 25
47 39 18 32
12 36 6 29
17 30 3 38
29 38 2 13
4 37 29 44
42 14 16 1
23 44 13 49
35 14 15 23
11 30 0 1
49 36 3 17
17 9 0 19
22 21 20 10
46 15 5 32
43 10 6 37
41 37 9 27
13 33 11 9
32 19 2 14
22 27 30 36
37 8 3 16
47 23 6 40
4 21 0 14
43 23 18 7
22 44 25 42
32 2 3 17
21 24 1 12
11 42 4 15
21 28 18 0
42 38 0 26
35 14 2 11
12 32 3 39
20 36 5 13
30 9 44 21
7 33 15 5
3 24 20 15
42 17 7 13
18 24 7 17
28 1 3 35
14 19 22 31
49 38 34 31
13 46 4 12
35 0 14 28
44 15 37 27
39 36 1 11
39 25 0 14
39 8 13 26
29 48 23 6
27 6 7 6
48 38 16 49
24 12 6 13
35 15 0 20
29 19 7 11
27 8 20 47
27 15 37 30
43 3 19 18
40 23 1 31
19 32 43 11
9 33 6 3
26 27 43 47
18 34 6 22
38 29 0 8
40 6 7 25
31 7 42 29
37 16 17 25
48 33 1 18
29 21 24 21
23 35 28 34
45 0 4 36
28 33 9 21
38 27 23 31
12 26 46 37
20 39 9 30
20 34 22 4
24 5 3 16
36 8 12 30
17 39 5 8
37 10 2 20
15 34 32 35
47 41 16 36
49 24 19 42
21 8 40 34
11 37 20 2
43 34 38 29
26 45 1 22
15 29 4 43
13 27 2 13
19 15 30 28
40 19 29 6
49 19 21 6
29 20 5 37
35 0 3 19
27 35 6 19
2 29 22 3
32 14 5 30
22 36 9 35
43 34 2 12
19 37 15 12
25 2 1 18
47 49 40 26
17 38 30 34
48 41 10 15
37 21 3 15
43 20 7 12
27 7 2 34
21 16 33 27
9 29 4 36
8 29 20 49
49 7 20 2
7 16 11 25
2 35 0 13
46 16 42 34
21 47 9 31
35 21 25 24
46 20 6 14
43 14 13 14
16 22 4 25
30 2 20 27
44 33 6 33
39 9 33 32
13 29 6 14
17 49 15 16
16 46 30 46
30 3 42 22
11 24 0 14
23 40 2 37
24 33 3 17
14 30 10 41
3 28 20 4
47 12 18 1
29 12 20 1
15 13 9 23
45 2 19 14
12 29 25 0
26 15 2 38
25 41 7 16
16 39 1 17
9 37 8 17
39 17 30 30
7 18 28 39
13 20 3 16
44 40 8 18
44 14 7 41
11 36 7 33
49 30 7 24
4 28 16 49
44 47 7 16
33 7 36 26
32 27 3 34
13 34 20 0
35 25 25 8
9 31 22 22
12 25 3 33
48 26 39 28
49 18 10 14
42 41 6 27
12 34 34 34
43 46 15 20
18 6 8 48
7 34 28 28
29 43 8 12
7 14 34 36
1 35 41 28
22 22 34 36
18 37 33 28
46 34 15 15
14 45 33 19
21 18 6 36
31 16 16 24
36 40 36 31
44 25 2 18
9 26 21 3
20 5 8 37
22 39 3 14
49 7 37 30
46 1 39 30
23 36 31 24
35 24 41 24
2 29 22 7
40 22 40 36
39 30 37 33
23 34 1 13
14 37 48 44
7 6 0 46
6 18 5 24
19 2 8 14
34 33 2 38
41 17 0 22
46 28 11 9
12 39 23 40
21 39 40 22
33 21 3 8
49 30 19 28
45 17 3 35
6 36 10 35
49 39 22 32
37 19 2 15
40 9 0 16
42 23 40 37
43 34 3 15
46 3 3 17
47 3 31 34
32 13 21 38
13 32 5 3
15 42 30 39
11 40 1 14
10 13 19 16
25 8 20 7
12 49 3 11
18 31 7 34
12 27 6 8
16 19 9 9
41 6 33 21
5 33 40 33
2 23 26 26
23 6 17 23
17 32 32 6
18 41 3 13
31 16 46 46
25 49 16 26
14 26 12 22
44 17 1 8
38 26 0 9
26 32 3 14
12 31 4 13
17 27 17 0
18 15 36 31
26 20 11 10
46 33 2 25
23 30 1 46
41 18 3 13
28 14 3 7
5 6 8 4
18 7 39 30
37 23 3 16
22 23 29 3
43 19 16 7
10 46 8 40
40 22 25 8
42 25 40 34
49 34 3 35
36 16 6 24
47 44 21 4
15 11 21 9
12 43 17 13
32 15 19 20
34 1 38 36
11 25 17 44
22 35 26 3
8 8 4 32
40 20 17 34
24 34 2 16
27 34 23 6
37 21 9 1
37 34 9 37
6 35 28 29
35 9 26 17
15 38 3 21
46 22 32 43
46 34 5 32
26 33 33 34
47 24 6 32
30 46 22 3
8 20 34 5
38 30 1 26
46 41 30 35
12 34 1 13
38 33 1 33
30 19 33 30
43 18 16 0
31 18 40 29
36 26 42 14
49 13 6 10
38 39 20 5
19 47 23 33
14 17 4 17
5 19 2 16
13 28 24 18
23 38 8 41
45 27 1 37
29 7 5 32
9 11 21 6
18 34 12 4
35 15 10 37
20 33 27 24
30 8 2 16
28 36 37 17
31 12 6 17
27 10 23 34
30 7 6 13
43 27 10 30
25 36 13 29
43 24 42 49
8 35 8 7
30 1 19 9
12 31 9 35
15 40 1 18
14 45 15 9
42 12 9 6
21 4 32 31
12 26 1 23
22 32 20 5
4 36 35 26
48 1 36 28
22 30 21 1
27 44 43 28
29 22 9 40
40 31 34 26
38 22 4 11
26 37 16 3
49 19 5 1
12 15 25 0
34 33 6 1
45 9 32 37
13 32 0 17
38 3 8 36
19 29 27 31
37 13 0 17
33 16 18 4
36 7 3 16
45 24 3 37
7 25 3 14
15 43 2 35
47 28 34 26
11 46 26 4
42 16 9 17
29 6 32 18
33 27 13 1
38 31 6 36
6 34 18 30
49 14 43 32
16 29 4 10
41 33 10 37
18 29 13 1
23 48 3 31
40 7 27 33
40 15 21 27
20 23 4 37
45 15 4 14
17 28 3 28
29 16 26 46
19 31 10 10
43 29 24 30
15 22 0 11
43 13 12 23
4 35 3 9
26 12 46 36
20 44 30 25
22 29 14 6
13 49 40 18
27 23 4 32
38 18 39 28
26 12 15 35
48 25 1 12
0 37 8 28
32 3 20 6
10 48 22 0
40 11 2 12
35 41 19 34
39 31 34 30
9 38 26 4
35 13 27 21
34 47 9 8
32 3 3 24
8 40 2 16
8 11 8 37
33 37 33 30
35 37 28 46
9 44 7 36
20 36 6 35
15 24 15 34
46 40 27 4
27 29 24 4
12 22 7 18
21 4 3 34
30 22 17 22
0 39 13 6
12 41 10 27
5 45 12 37
5 25 23 48
36 8 7 35
31 17 4 15
42 39 2 18
30 34 9 16
40 36 6 35
37 23 2 16
41 47 4 14
41 12 0 11
28 43 4 37
39 10 6 39
12 46 2 13
19 25 3 8
24 31 3 8
26 35 40 18
5 36 4 16
32 10 38 29
9 22 4 12
49 4 18 19
22 42 2 10
15 18 19 17
41 25 6 17
14 44 27 1
17 14 4 6
15 39 2 15
34 3 32 22
40 4 38 42
21 17 1 48
16 27 38 19
49 20 11 19
46 21 1 11
23 31 21 35
46 9 39 21
16 36 27 38
39 19 2 9
5 29 2 1
40 15 6 16
18 3 11 34
45 23 45 14
48 37 26 3
13 42 26 30
42 7 4 18
46 30 5 33
23 46 33 34
36 17 4 19
33 8 38 31
21 27 42 22
23 44 6 29
48 21 20 5
23 46 16 36
41 43 8 37
32 36 33 29
6 29 20 32
48 24 2 13
29 16 4 40
41 7 5 16
39 25 0 17
35 9 3 9
16 37 23 23
41 26 5 23
1 32 25 5
43 39 41 32
4 30 11 18
32 24 20 4
13 45 12 7
28 45 13 38
44 17 5 30
29 8 32 21
48 21 28 42
36 13 20 2
21 31 38 24
44 5 19 12
20 35 45 30
37 44 31 37
38 14 21 5
44 30 41 28
10 17 3 36
26 43 36 21
42 35 3 15
12 29 7 38
18 7 41 14
6 42 9 11
37 30 23 8
33 18 19 6
16 46 7 35
32 10 24 0
49 7 5 24
31 16 3 15
26 9 17 41
11 41 29 39
42 34 8 17
31 27 47 13
38 8 6 33
25 36 5 36
47 7 9 15
43 42 34 29
46 10 2 6
25 43 35 27
31 23 2 11
8 21 20 6
36 12 26 40
25 45 2 12
45 17 2 10
41 25 0 7
37 9 2 11
46 10 0 8
30 16 19 1
41 47 19 17
37 15 7 37
19 44 37 37
29 22 10 36
1 40 7 20
10 22 28 20
33 14 33 1
8 15 24 46
10 45 3 12
16 40 19 3
25 24 4 47
36 12 30 23
32 3 0 12
48 27 2 11
34 12 0 12
12 22 0 14
26 18 10 33
35 11 1 8
13 22 4 17
15 44 17 2
27 33 43 10
16 3 0 12
28 39 4 35
31 11 8 36
21 40 34 34
46 36 4 40
43 2 34 25
15 43 8 11
42 15 5 13
5 30 4 19
20 33 9 38
45 45 31 36
28 42 5 19
18 46 5 0
9 31 26 31
31 19 41 37
33 2 11 35
30 5 2 16
40 9 8 33
20 33 0 27
39 8 2 18
49 8 5 37
26 30 6 11
38 17 3 6
41 46 1 13
3 19 5 35
3 35 4 31
44 20 0 11
43 15 38 40
29 5 8 12
39 8 10 29
0 38 3 35
7 37 8 7
34 7 21 2
13 35 0 12
40 46 30 10
40 4 11 18
6 19 35 35
47 16 5 13
37 21 26 38
47 32 11 10
2 30 24 3
44 15 14 9
12 31 36 39
40 9 22 1
17 39 18 25
46 15 13 21
36 10 24 7
16 41 2 18
33 24 4 38
48 26 13 8
29 17 24 27
15 43 5 36
22 2 27 33
14 28 6 40
43 27 14 8
48 40 46 24
48 32 3 20
29 0 3 16
49 6 1 25
22 22 3 15
13 40 20 19
38 21 1 18
13 14 15 35
11 31 38 28
33 20 18 31
31 16 44 38
46 10 33 35
24 32 15 6
39 34 38 21
23 37 21 21
37 17 40 44
40 12 2 41
6 34 22 45
36 10 29 27
22 37 17 37
10 26 5 41
26 32 36 37
32 21 29 43
26 1 25 26
16 41 5 36
32 16 23 7
33 31 21 10
24 32 18 4
6 30 33 18
28 4 20 27
38 31 6 38
35 19 6 11
37 21 6 13
20 25 23 7
44 31 22 13
19 41 0 24
37 19 21 8
22 7 19 5
42 16 21 30
7 31 21 8
19 37 21 4
6 39 1 40
24 23 6 34
43 16 41 32
35 37 6 39
18 35 25 6
19 36 20 8
36 25 39 29
30 20 6 8
13 30 0 48
46 36 5 21
9 31 19 2
38 2 35 25
13 5 14 12
21 33 5 29
34 32 5 10
