50 248 12762 800
31 40 23 29
19 36 3 31
13 1 44 16
35 47 31 4
37 41 17 8
19 45 46 12
4 36 11 30
2 19 38 4
36 42 42 12
10 25 40 10
47 44 19 6
35 35 1 34
24 11 42 0
33 36 43 13
12 33 1 34
26 47 25 2
23 41 44 9
12 47 42 17
30 36 18 2
45 11 15 6
7 15 42 9
11 45 31 30
16 15 28 7
49 45 43 8
7 36 23 5
16 44 32 31
33 21 48 10
43 35 1 26
35 10 14 44
23 12 38 14
30 22 35 8
40 47 34 0
3 36 6 34
21 35 43 12
14 16 45 40
15 27 44 6
22 47 15 11
2 47 14 35
31 39 32 14
11 6 44 32
6 8 1 30
5 26 3 32
30 26 19 33
20 42 33 6
33 20 33 27
25 42 38 10
42 21 3 34
4 42 16 3
33 29 41 8
0 21 18 32
7 2 21 5
46 37 42 6
10 5 19 19
20 25 42 26
1 6 36 14
27 25 23 4
20 46 7 30
1 20 20 33
23 37 41 14
7 43 28 42
9 4 39 12
8 35 11 37
39 39 24 9
20 42 38 5
48 42 20 6
14 44 0 35
19 46 39 13
13 21 5 30
21 43 23 38
20 38 3 15
42 42 22 41
24 41 45 15
24 41 26 12
7 8 22 6
47 30 24 3
11 37 45 41
14 42 22 10
14 25 23 35
17 35 39 38
31 30 24 8
15 1 41 7
23 42 28 5
10 40 1 35
22 41 39 11
18 25 36 16
4 5 25 9
18 20 20 11
5 3 34 16
20 43 40 9
34 32 4 34
15 37 40 10
29 17 26 33
38 7 37 20
40 48 42 16
12 2 0 30
34 42 15 34
41 2 31 4
4 33 39 16
20 9 21 36
32 1 44 11
9 1 39 15
25 20 22 4
19 24 36 27
43 21 40 11
0 40 35 11
32 45 35 12
5 8 40 12
21 46 25 2
4 3 18 6
7 7 3 34
5 35 46 30
24 20 21 6
13 7 26 11
25 45 37 26
9 18 30 22
4 3 20 29
27 29 1 28
4 18 33 32
13 49 42 13
21 41 31 7
21 39 20 27
14 42 34 30
35 1 20 12
19 44 19 7
20 25 40 18
13 11 4 35
40 43 10 49
20 13 42 9
17 33 44 12
32 19 38 24
34 44 35 16
31 40 17 28
42 15 26 34
43 35 41 17
19 44 36 12
44 46 38 15
3 13 1 37
17 39 42 7
29 31 2 33
38 20 32 14
26 24 43 13
21 20 44 7
25 44 36 12
10 49 48 14
20 5 41 14
22 49 7 36
20 10 49 5
29 40 38 14
12 3 36 32
36 39 39 14
39 40 36 10
3 5 24 23
37 27 45 10
30 29 36 15
5 0 26 9
11 24 34 6
9 4 40 7
23 22 42 0
23 30 27 3
11 5 3 32
32 37 47 4
12 44 37 33
37 42 24 33
22 45 24 33
28 37 36 14
30 42 24 29
26 40 39 29
34 47 0 32
17 46 5 47
20 48 27 9
21 38 41 11
0 40 35 12
14 42 48 10
26 42 22 16
26 38 48 11
6 32 26 4
25 47 27 41
30 47 34 37
18 19 40 10
8 0 40 13
29 12 25 46
16 49 35 9
6 4 1 34
10 40 2 38
1 42 19 6
21 46 5 32
18 0 41 16
21 41 14 3
3 21 38 11
23 27 25 3
6 7 47 14
18 45 1 35
9 33 22 7
20 43 42 18
21 49 24 0
1 40 40 14
42 41 40 18
33 18 2 41
31 36 41 21
7 43 46 15
33 40 1 37
15 14 39 16
12 6 45 12
19 15 27 42
5 5 47 29
27 36 23 10
39 41 40 14
29 35 38 20
23 48 27 13
21 44 42 16
24 44 3 35
30 16 41 12
35 44 5 34
5 6 24 32
17 12 40 30
14 9 28 36
13 22 43 9
8 4 23 21
12 32 48 13
29 26 49 1
40 14 30 44
14 43 35 8
0 1 43 12
33 36 28 5
48 25 14 37
6 8 37 10
17 39 33 27
30 42 39 17
17 42 41 17
18 38 22 2
22 35 36 19
10 31 37 27
21 42 7 34
14 39 4 34
35 49 2 46
27 36 38 46
48 39 41 14
7 0 4 31
25 15 44 21
39 25 37 22
21 33 34 13
2 3 40 10
26 45 40 11
25 38 33 34
26 27 45 11
23 43 39 6
22 26 26 5
40 45 44 11
