50 538 12667 800
19 4 16 28
48 43 38 11
47 18 26 4
33 10 10 7
7 3 3 25
42 29 49 16
7 6 36 42
42 26 40 31
36 41 32 19
34 47 35 11
13 30 2 32
43 10 27 30
43 48 27 16
44 16 19 0
41 40 15 0
30 39 5 36
44 27 16 3
32 49 25 7
35 21 42 34
47 16 1 36
38 29 47 30
40 12 36 10
32 30 41 43
37 35 22 3
19 15 17 35
8 40 19 22
37 47 45 41
20 30 47 24
48 23 9 24
24 39 19 44
30 34 8 39
43 20 30 27
15 6 40 9
49 22 9 30
16 48 5 6
37 7 41 33
22 40 5 37
41 18 25 12
49 41 10 14
42 15 22 44
36 37 47 29
13 7 36 28
23 36 36 37
49 31 10 7
17 18 32 22
14 8 40 32
8 22 41 21
33 25 39 33
35 34 5 21
3 5 43 31
21 15 15 11
40 43 44 28
21 39 37 18
20 19 21 0
11 10 16 28
46 11 23 23
7 2 11 38
18 5 23 0
20 42 37 29
43 18 43 28
24 41 25 0
42 13 30 10
20 20 12 10
44 35 10 6
8 4 40 26
2 41 40 30
35 31 25 9
4 46 29 17
35 28 32 44
44 17 32 26
35 25 21 3
22 34 13 11
33 45 30 0
36 36 12 25
31 3 32 10
30 13 42 38
29 44 36 31
22 45 7 13
1 38 37 33
20 40 9 19
38 30 16 25
27 42 15 4
17 39 17 23
18 10 25 26
44 28 47 6
44 45 18 33
47 31 34 5
45 38 23 4
18 24 5 23
29 43 12 9
42 16 5 12
21 20 8 26
25 4 9 4
15 11 40 27
31 33 35 30
22 30 15 8
43 44 38 17
19 45 40 32
42 24 20 10
46 13 41 21
41 21 49 26
26 34 25 46
46 35 32 32
13 10 41 37
16 4 23 3
37 30 26 27
22 27 21 18
9 46 47 33
4 35 10 24
6 36 39 27
1 26 38 28
0 25 42 23
2 9 29 11
45 9 29 6
25 44 35 23
7 7 14 2
15 47 35 8
49 14 45 41
14 5 16 17
47 30 32 19
39 6 20 19
44 11 23 28
48 16 24 1
23 25 21 7
11 35 39 30
43 46 36 33
46 44 29 5
41 26 38 30
13 17 19 31
46 37 39 19
22 43 31 1
41 9 43 27
39 17 9 34
3 14 17 8
27 20 2 31
40 32 24 32
9 8 41 28
14 1 38 31
29 43 11 21
43 22 9 32
19 26 42 24
35 36 43 38
8 43 23 44
12 10 29 45
46 26 26 3
31 42 18 37
46 18 21 9
14 26 29 33
14 6 13 39
36 34 44 27
27 43 26 8
29 26 21 27
44 46 33 6
37 36 12 11
17 25 15 5
31 42 20 8
45 42 34 11
39 29 41 32
17 5 40 27
40 21 7 34
9 4 47 27
26 42 23 14
19 13 8 31
29 31 16 46
47 15 24 4
17 7 2 8
4 32 8 0
36 46 14 22
48 41 6 23
37 13 20 9
32 38 36 32
25 4 39 29
15 0 28 23
31 41 12 5
20 44 34 16
11 7 37 43
4 12 24 25
42 41 14 8
37 36 25 2
36 24 25 11
11 31 31 30
48 16 34 6
42 16 23 23
12 17 37 23
12 30 26 15
19 1 30 28
47 14 18 24
49 22 20 16
11 37 39 43
49 29 28 1
35 24 27 11
7 49 38 32
13 15 13 7
47 47 34 11
30 41 42 43
18 6 49 28
10 29 11 34
42 29 23 7
48 18 14 28
34 28 20 6
46 27 7 19
19 45 1 30
35 34 47 0
48 49 45 40
26 31 25 8
42 15 20 3
16 6 27 9
10 46 4 24
18 15 29 1
47 15 33 29
17 40 4 23
37 31 36 10
13 13 37 37
38 28 21 41
17 16 16 1
39 30 46 26
33 24 41 26
34 42 3 23
20 7 17 23
49 34 32 9
6 24 48 22
22 33 33 40
34 17 22 47
41 43 42 27
2 13 37 4
4 16 36 25
7 2 18 23
43 17 8 11
18 6 27 10
38 33 14 8
20 28 37 33
46 22 9 7
48 25 17 11
45 23 23 12
35 34 14 20
14 21 14 13
40 32 46 37
10 33 5 24
43 21 6 34
48 21 32 33
33 16 29 5
45 32 3 29
21 11 23 7
24 46 9 42
45 29 14 20
40 32 21 13
15 27 37 33
49 33 10 37
10 4 15 16
42 49 14 6
37 43 47 18
43 11 32 48
25 8 24 33
8 35 41 29
8 15 15 14
43 11 22 43
48 44 31 29
37 31 8 42
45 14 7 22
40 40 32 28
15 31 25 0
42 15 27 34
44 18 20 7
43 42 24 2
14 8 41 28
34 40 38 29
44 23 48 40
34 47 14 1
4 33 21 41
44 16 43 30
13 2 26 1
37 27 1 12
32 11 11 36
14 30 49 5
10 4 22 14
29 44 14 6
44 43 46 12
9 18 13 6
15 18 25 4
45 16 36 43
32 47 7 20
4 11 29 40
45 9 1 38
41 29 30 15
4 32 7 23
45 14 49 46
45 12 27 4
49 29 26 6
36 31 8 37
22 42 10 25
14 17 35 30
20 32 38 27
34 36 22 16
2 44 25 28
23 15 19 6
44 13 49 24
39 20 13 30
1 26 32 24
45 18 32 12
37 41 23 8
40 13 30 6
46 20 7 38
45 19 7 12
10 4 4 5
38 48 14 17
30 28 46 22
5 9 19 37
39 19 13 28
15 17 18 14
19 13 26 8
19 14 10 22
48 19 36 28
9 20 48 8
11 17 42 32
31 25 21 22
23 30 43 34
9 23 35 25
6 12 1 2
16 35 25 39
38 21 38 28
48 31 15 17
14 1 19 16
43 19 15 41
5 41 35 28
48 17 39 26
18 5 8 37
12 9 34 25
9 8 29 8
20 34 5 25
5 32 42 34
47 24 28 7
7 43 30 30
40 38 21 4
20 35 17 8
38 44 5 23
18 43 29 3
48 15 32 37
47 24 9 3
28 43 27 0
42 44 24 13
18 19 44 13
40 30 30 5
22 2 3 11
16 35 24 9
44 25 35 2
47 13 27 4
48 42 26 4
21 49 31 9
17 4 4 27
0 17 2 22
46 23 28 25
49 27 7 30
42 40 26 18
12 2 26 13
47 19 11 21
3 34 41 34
44 18 25 6
22 41 1 14
47 11 45 20
41 23 4 27
10 18 40 23
42 24 47 30
29 39 32 27
44 18 39 34
14 9 43 14
45 16 29 2
42 29 30 18
41 22 18 30
21 24 25 32
49 28 3 12
46 16 21 33
13 8 20 1
41 41 21 36
31 32 28 30
42 27 40 39
29 47 17 2
24 10 23 28
48 19 25 5
18 10 17 42
43 40 32 48
42 26 44 22
3 32 28 4
6 44 23 7
13 31 35 33
35 36 19 47
36 44 22 10
1 30 21 6
35 13 42 29
6 0 35 30
37 29 28 1
30 28 28 16
41 16 13 19
0 12 4 5
10 40 34 18
9 16 33 2
37 44 32 15
4 18 18 6
17 29 6 21
21 37 12 11
44 17 24 47
12 39 23 4
36 38 1 13
42 15 44 48
27 22 10 29
44 17 43 49
42 25 21 6
27 5 46 16
36 30 22 43
47 19 5 11
8 10 5 5
3 3 47 30
48 25 21 39
13 21 9 13
12 2 32 16
18 43 36 26
8 17 33 9
6 33 30 28
48 19 14 19
17 4 43 24
19 44 6 1
10 9 14 47
6 41 23 34
36 27 41 24
4 2 33 35
24 32 38 33
45 14 48 27
39 12 7 25
17 33 36 34
43 11 9 40
47 18 4 10
9 49 6 28
48 8 36 7
41 48 29 27
17 6 22 14
13 6 18 26
19 10 22 5
23 33 3 38
43 38 30 13
48 10 16 6
22 7 34 40
12 7 41 42
12 1 4 25
16 4 7 1
27 41 38 31
23 19 39 17
19 10 9 3
49 11 26 25
9 3 5 22
43 48 41 10
6 22 28 12
40 37 42 24
0 33 9 20
2 27 48 23
43 21 42 43
48 13 31 32
13 11 41 19
45 11 13 8
47 13 4 18
8 42 33 31
14 22 10 34
44 36 24 7
12 16 24 13
26 39 22 29
27 33 39 29
6 27 46 17
23 2 38 29
24 43 15 37
40 17 15 2
14 15 33 47
45 16 36 32
20 40 36 32
28 37 12 23
34 8 22 37
21 10 35 27
28 21 15 7
19 37 5 0
25 38 38 11
36 29 45 44
42 6 16 19
44 37 34 10
42 29 46 31
13 49 32 48
43 30 38 24
48 17 36 0
38 25 46 39
21 29 22 5
3 18 13 18
25 33 47 33
39 15 23 13
45 15 48 26
46 18 20 15
20 10 40 24
25 32 49 35
7 10 25 5
32 16 46 31
13 5 31 12
6 4 37 29
46 20 7 10
5 40 23 36
30 6 30 12
33 24 41 4
14 31 7 8
44 12 6 6
19 42 46 16
48 22 36 32
0 38 37 35
30 18 41 30
47 16 41 30
11 30 5 0
6 47 37 29
26 45 20 9
46 36 34 2
49 10 38 31
9 10 16 21
26 13 26 35
32 37 20 39
11 5 46 35
46 33 16 21
16 13 47 12
7 40 46 1
48 16 38 27
40 37 24 32
34 32 43 28
41 22 32 2
48 27 46 2
25 30 33 27
17 0 29 7
21 9 17 38
44 29 35 26
27 29 47 49
44 39 44 30
43 32 26 13
18 30 44 30
41 34 37 33
43 20 42 2
49 14 3 47
37 23 11 23
13 36 32 39
