50 378 11787 800
14 1 40 42
16 2 29 13
17 19 6 13
33 18 21 44
12 5 9 44
48 35 15 7
34 17 6 47
25 47 11 45
37 31 32 17
16 3 17 33
21 13 0 11
19 39 15 16
35 32 12 39
14 2 9 13
49 34 6 17
49 20 44 6
13 15 13 38
33 36 45 15
19 17 35 47
31 13 6 10
27 12 16 21
17 30 23 27
26 49 9 30
42 41 18 21
18 0 1 7
45 24 4 9
15 0 5 29
15 2 36 39
22 17 32 47
18 32 0 7
9 8 3 37
29 11 6 28
39 29 6 36
15 46 32 21
14 1 45 40
15 1 26 36
20 1 25 34
8 2 5 30
41 2 44 17
16 28 35 31
47 30 29 34
14 2 23 31
48 36 15 31
22 48 3 15
43 33 26 34
12 49 18 17
49 23 20 17
28 29 5 8
27 26 32 2
47 28 47 6
29 41 3 24
19 0 3 32
32 0 21 15
31 40 27 9
40 23 6 38
18 38 10 7
30 23 25 38
19 31 24 19
12 1 15 22
5 0 5 10
30 31 37 31
20 2 49 21
49 30 3 13
29 41 31 9
27 23 38 40
36 8 19 11
5 31 20 37
43 30 11 47
17 2 35 11
47 32 15 11
16 3 12 30
21 19 23 16
15 1 6 30
42 39 3 32
7 21 6 8
13 3 3 34
42 30 13 42
47 34 4 44
16 2 41 34
13 2 6 34
22 1 20 34
41 11 19 15
12 2 37 19
27 47 41 20
40 36 1 9
26 45 45 20
36 27 24 27
16 1 30 7
15 24 5 20
47 37 22 18
2 3 32 49
1 37 37 23
47 36 22 23
12 27 29 33
44 1 33 4
29 43 19 37
0 0 5 6
11 5 33 1
38 33 27 26
45 37 12 36
16 42 11 33
13 3 34 30
2 11 19 10
32 25 40 46
27 16 32 29
7 23 2 10
24 22 27 18
13 3 8 10
10 0 19 24
10 27 33 11
26 48 28 31
13 1 25 24
46 31 47 14
15 5 19 25
39 20 5 32
39 33 17 19
28 33 42 10
24 42 5 4
47 34 4 24
22 47 29 44
10 38 35 30
33 10 0 34
31 46 28 24
12 5 36 33
20 12 18 22
2 33 0 4
14 1 10 35
36 37 8 35
10 25 32 36
23 49 7 27
44 31 3 6
44 29 30 21
44 33 13 31
23 12 11 28
11 1 5 48
42 9 23 16
28 20 30 32
11 2 28 29
21 40 19 20
4 16 32 34
26 13 17 31
12 1 5 30
49 31 3 7
12 3 1 6
20 2 38 16
37 34 40 49
15 0 44 10
14 3 3 32
11 2 5 16
43 19 20 39
29 40 14 32
44 47 8 8
14 1 0 31
44 25 45 16
38 16 25 10
1 3 19 36
17 0 4 7
15 22 8 35
26 34 17 35
29 35 19 18
13 2 18 43
30 16 15 33
14 4 40 42
29 22 27 17
18 20 49 12
42 44 40 39
22 27 20 18
39 3 43 40
27 33 1 36
15 4 37 8
18 18 26 26
35 6 32 33
35 26 3 28
18 32 38 14
47 37 10 31
0 3 18 15
40 43 42 39
25 38 44 6
6 1 29 33
48 11 32 25
32 29 12 39
16 0 41 41
14 1 24 25
18 0 2 36
17 37 18 19
25 18 8 32
25 6 2 12
15 1 6 29
44 43 36 2
46 31 29 15
46 32 32 35
47 30 34 40
0 5 15 28
49 12 10 48
33 19 37 42
36 44 28 19
45 3 43 6
28 25 10 34
34 25 0 42
48 49 23 21
36 30 32 9
15 2 29 17
24 35 1 9
31 29 3 18
25 33 3 8
21 41 4 31
15 38 37 10
17 4 1 27
20 47 9 19
19 32 4 32
20 39 1 9
34 29 31 43
13 6 12 43
42 0 3 32
23 37 14 17
22 21 4 6
3 2 48 38
33 34 3 10
4 3 9 38
12 2 5 12
34 14 21 8
45 34 2 11
29 45 34 25
40 17 2 15
28 46 44 42
13 3 32 27
13 1 16 12
8 48 13 36
16 31 19 16
37 33 19 19
47 33 45 8
11 0 30 30
28 6 6 3
45 3 8 25
19 49 30 25
16 34 15 7
34 1 28 18
24 23 21 21
48 49 22 29
18 14 0 9
1 18 41 33
47 37 26 13
28 47 6 28
11 5 10 32
17 2 13 37
30 45 40 44
30 33 22 22
12 4 8 36
25 43 3 8
25 28 22 7
39 7 21 8
32 26 24 44
27 37 6 9
38 28 25 19
3 0 29 20
36 40 6 12
18 5 28 19
46 22 13 29
16 1 2 5
23 15 18 41
14 1 32 20
38 30 31 25
25 31 15 5
8 1 11 18
48 32 38 42
18 22 3 9
16 42 6 22
47 33 12 48
23 25 1 14
40 28 20 17
43 34 49 30
37 33 0 25
40 30 22 20
20 22 24 41
0 0 3 10
20 30 3 4
17 28 37 11
15 1 17 18
31 9 7 40
16 1 37 16
21 21 39 42
4 6 24 41
16 2 10 18
21 48 43 36
22 25 45 22
39 41 11 34
34 42 21 14
28 38 3 8
11 0 39 32
12 18 12 31
15 1 26 14
48 36 8 11
41 42 7 40
43 31 3 42
22 33 41 28
17 1 36 13
34 20 2 39
48 4 9 40
3 4 33 33
23 33 26 36
0 45 46 6
25 30 32 2
4 3 44 13
32 39 40 5
15 23 27 4
44 32 29 23
13 0 9 31
1 8 18 3
41 49 10 29
49 33 31 26
35 29 5 4
40 21 23 14
34 23 13 28
49 36 14 29
13 0 1 10
16 0 24 21
36 38 14 43
13 2 48 12
13 0 9 11
27 11 9 48
30 40 7 12
31 8 45 16
12 1 49 13
39 14 35 36
27 16 45 4
23 33 9 30
19 5 4 10
46 35 16 44
26 28 40 25
16 43 7 14
5 10 0 32
36 26 22 22
16 46 13 28
47 36 25 2
22 46 36 43
48 24 25 34
31 47 36 49
15 2 4 10
48 29 43 1
20 25 20 3
30 11 32 22
46 13 36 3
44 41 43 21
38 12 31 41
41 35 13 28
29 18 20 27
39 20 46 5
32 10 48 11
13 6 4 19
14 3 33 19
41 26 7 7
46 39 36 42
33 6 20 25
14 1 48 7
27 40 3 29
3 18 0 6
18 2 37 30
15 2 32 4
22 25 6 39
38 38 8 34
5 12 14 7
20 47 7 35
38 21 31 35
38 46 2 36
15 2 40 40
27 32 16 22
15 0 42 11
30 32 18 19
15 0 1 19
18 32 0 42
32 23 47 13
12 0 23 48
23 39 1 27
38 36 45 49
26 42 7 10
26 22 0 38
13 9 24 18
29 37 10 38
