50 456 12660 800
0 26 31 24
26 19 12 11
25 46 9 26
46 7 4 0
18 39 41 8
25 16 3 32
17 18 4 7
21 15 44 23
35 27 18 7
24 28 33 26
41 24 38 34
15 29 14 1
18 21 6 13
23 27 36 16
34 25 18 1
17 29 34 13
25 26 9 27
23 48 12 5
30 27 25 12
6 8 15 33
13 19 33 35
13 42 31 14
43 8 29 1
34 16 43 17
29 19 32 15
13 19 28 41
26 17 11 2
18 21 41 4
38 17 13 23
22 28 20 18
21 28 25 27
31 46 10 22
17 20 39 39
27 26 36 5
47 8 45 37
26 22 6 29
39 14 38 24
25 19 29 23
30 34 49 28
14 15 9 25
24 49 30 6
37 41 16 12
13 40 22 25
32 37 30 42
8 38 30 20
28 40 21 8
1 30 7 25
13 17 39 4
12 34 2 11
39 30 1 29
25 44 42 5
0 31 31 34
33 17 46 37
0 5 44 41
18 18 9 29
32 10 38 17
26 23 2 33
33 26 16 46
38 5 12 6
9 19 42 36
14 23 21 2
20 13 8 24
18 21 37 26
16 24 39 32
24 25 41 7
32 26 29 44
20 37 6 31
37 27 49 48
9 34 1 41
14 37 44 46
25 24 23 19
23 24 29 9
30 15 44 39
27 26 46 17
6 45 13 24
26 24 37 36
29 9 1 6
19 41 35 25
35 28 6 28
7 48 42 21
13 39 13 29
20 44 26 9
23 40 30 2
24 29 20 33
34 34 23 34
16 20 9 14
36 41 19 33
24 46 27 38
3 48 47 17
30 37 23 5
42 14 6 27
13 31 0 35
24 20 1 23
21 35 1 17
25 24 6 28
14 39 10 0
12 17 42 43
14 41 42 17
20 22 4 13
26 25 18 25
26 41 13 3
31 17 8 4
31 26 30 18
26 23 47 13
43 21 9 21
39 0 48 37
44 10 6 2
26 24 2 6
29 30 41 11
20 21 47 22
43 16 10 24
18 49 41 23
45 14 13 10
34 42 17 6
19 35 6 26
29 25 13 1
32 22 26 5
33 42 5 3
40 41 26 2
20 20 23 1
21 37 7 25
25 21 2 10
28 30 3 5
4 11 45 40
22 12 5 1
33 28 11 24
23 36 45 23
9 28 0 4
29 35 31 16
9 43 12 2
23 15 23 7
13 2 31 13
17 35 10 27
41 37 32 46
34 4 4 29
41 23 34 38
19 17 8 27
21 21 7 6
41 18 13 8
17 38 32 20
14 28 6 6
40 28 47 34
32 38 2 5
20 6 4 29
22 47 13 5
22 42 3 21
32 38 0 2
46 39 4 49
36 4 49 20
21 24 35 8
24 23 2 39
2 25 1 19
36 18 19 3
18 22 36 1
26 24 14 16
24 19 27 24
37 27 47 43
13 37 23 35
47 8 9 4
32 22 2 3
24 28 13 41
1 44 6 22
17 18 37 8
16 15 18 23
26 24 13 40
23 43 27 13
38 47 8 26
12 2 15 8
9 48 22 16
22 21 17 10
35 41 10 29
20 18 15 8
39 20 27 1
35 8 5 26
29 17 3 12
26 39 31 19
21 26 34 5
42 5 5 4
15 44 4 7
23 24 47 8
21 18 5 47
22 36 46 25
10 17 38 6
4 8 17 5
24 19 10 6
37 32 37 0
23 28 26 2
25 16 30 34
10 3 13 7
10 46 27 10
22 27 19 25
23 25 11 26
17 21 41 29
18 22 29 42
23 23 16 27
21 19 23 45
27 17 1 3
21 31 22 9
33 15 10 31
18 19 40 39
34 7 32 3
44 29 6 25
41 49 14 30
31 42 32 8
9 35 5 31
18 45 9 23
13 20 31 37
22 16 32 1
39 40 41 28
18 28 4 10
12 25 42 6
37 20 9 20
14 49 15 0
43 12 39 36
35 16 36 12
29 12 5 30
22 33 46 42
43 26 32 23
43 10 1 25
26 26 2 7
37 12 6 21
16 38 24 0
16 22 44 33
37 18 17 2
2 24 14 7
47 11 20 32
30 27 21 11
43 40 33 20
46 25 24 1
35 27 44 48
28 0 23 8
22 48 3 24
34 36 8 3
13 32 22 1
47 15 49 2
16 11 28 41
11 9 17 22
32 17 20 11
15 24 1 4
6 11 26 13
30 8 38 25
21 29 24 40
31 31 5 33
27 22 42 39
28 12 40 35
25 42 8 37
26 27 9 0
21 19 2 8
44 11 18 4
24 23 33 20
4 34 47 31
12 37 23 22
15 22 48 32
22 49 10 7
20 34 23 13
35 13 0 35
13 36 9 31
3 9 20 0
38 25 10 30
32 46 10 4
28 24 15 4
20 15 6 2
26 20 11 12
7 26 1 2
46 42 10 29
13 22 46 49
21 19 11 29
30 25 35 42
31 39 7 32
24 24 12 45
16 0 7 25
25 45 48 18
9 31 6 25
19 26 33 4
10 20 4 20
3 33 38 3
49 40 7 9
34 34 4 8
35 16 27 0
23 25 39 36
22 7 39 38
19 20 34 1
38 27 29 31
23 18 38 44
10 35 25 8
37 8 9 30
16 18 40 1
34 38 46 21
26 39 12 21
12 38 4 19
28 23 27 41
34 32 15 4
11 43 34 35
7 40 43 1
30 9 0 39
14 21 6 31
20 35 12 24
40 14 5 31
41 35 49 34
2 19 5 8
26 36 1 33
27 27 8 6
27 46 46 30
19 31 27 4
46 3 0 19
45 1 39 6
23 23 28 13
5 30 15 15
22 23 30 6
25 26 6 33
17 31 46 10
49 11 12 25
13 31 31 3
19 19 0 8
33 44 22 40
25 27 18 47
24 34 16 30
5 20 30 49
38 46 17 27
9 43 33 7
16 48 10 23
40 22 31 17
32 22 22 7
12 40 35 14
29 10 32 17
36 43 33 46
24 48 7 22
47 0 31 42
28 38 18 8
49 22 8 25
16 40 4 18
34 43 17 2
21 44 7 22
15 35 22 41
12 13 3 33
22 25 9 28
16 39 4 46
21 21 14 6
12 33 43 6
12 37 2 23
41 14 48 7
19 19 13 19
27 43 11 0
21 24 48 21
26 46 12 21
28 23 28 42
19 45 33 14
14 21 49 48
19 25 32 7
25 24 5 8
18 32 9 26
24 16 30 35
43 15 31 22
20 40 8 20
22 20 15 27
21 38 38 1
15 24 11 17
30 42 21 1
3 48 41 11
4 3 29 48
30 38 25 4
48 5 6 11
38 38 38 10
36 26 18 41
14 21 7 8
12 27 14 21
21 18 35 6
20 24 42 31
20 38 47 22
33 17 37 23
44 9 36 42
30 6 12 27
33 23 26 36
35 23 28 21
42 41 4 6
33 24 4 1
29 24 29 3
32 21 11 19
25 21 4 33
48 35 26 9
24 26 0 6
28 14 5 8
16 48 38 29
32 35 45 2
2 41 12 4
17 24 14 28
20 26 5 24
46 35 24 16
35 23 25 0
42 4 26 9
21 17 25 37
14 9 5 27
30 24 12 24
48 4 33 8
13 36 30 16
12 40 7 8
25 36 6 3
34 35 41 25
12 36 47 22
13 28 7 28
23 35 28 5
40 11 33 9
13 7 43 42
42 17 5 18
13 19 43 21
14 36 14 12
44 19 34 29
23 25 8 6
20 16 34 25
21 17 13 24
16 12 39 17
14 44 45 29
15 17 44 3
22 23 40 5
43 8 39 19
45 31 29 18
37 13 34 37
27 24 1 40
42 9 18 21
41 4 39 37
45 7 42 49
27 33 38 46
7 37 8 5
23 46 25 5
3 30 5 0
17 39 26 8
23 29 48 12
24 23 48 11
11 22 4 9
32 9 8 1
34 6 23 27
16 19 3 7
45 16 41 8
43 28 38 40
24 22 5 23
14 35 4 3
9 21 37 11
5 48 11 25
18 39 7 21
32 38 40 23
11 31 7 25
27 49 11 28
21 24 36 24
17 44 3 2
39 36 4 4
26 23 12 22
17 21 32 37
13 18 14 24
22 22 3 1
30 30 36 44
26 28 23 41
23 25 23 20
39 16 18 4
14 22 26 4
38 21 24 16
22 25 5 33
