50 296 17942 800
43 25 31 9
49 44 7 35
40 20 9 20
38 20 17 9
31 18 3 39
36 36 44 43
36 46 9 4
48 25 26 30
24 33 49 33
16 48 44 35
45 36 5 40
30 14 45 33
49 28 37 49
27 49 8 11
38 24 4 29
31 31 12 21
21 47 20 8
42 40 18 24
27 39 7 11
43 35 16 37
41 28 11 12
34 15 4 39
35 20 8 34
43 41 6 44
44 27 44 43
28 39 16 30
7 47 26 31
38 13 8 14
23 29 12 36
48 26 14 45
32 32 10 8
38 34 17 5
28 25 48 28
33 20 7 35
46 28 2 36
33 30 9 37
37 14 0 41
47 41 2 34
26 46 5 11
35 22 20 27
34 26 25 12
41 18 16 12
49 27 18 28
17 48 14 34
48 32 6 30
21 31 13 14
49 29 16 16
41 21 20 30
48 25 35 19
31 16 5 35
30 28 23 19
43 10 20 39
30 40 5 38
25 35 31 47
38 49 6 33
43 30 25 4
28 11 13 17
43 20 17 22
22 30 6 4
34 20 16 42
42 31 26 48
48 30 19 15
35 31 8 33
49 27 16 21
43 28 37 41
38 27 28 39
43 38 16 18
48 15 12 25
44 30 22 36
30 20 35 24
49 41 7 39
23 18 48 44
25 21 3 27
37 35 22 20
14 37 29 24
33 35 18 14
42 38 1 34
47 30 11 15
30 21 12 12
45 14 5 39
39 29 0 28
49 31 5 34
46 15 10 34
43 33 17 10
43 40 7 26
43 29 14 19
47 22 33 37
34 31 2 28
32 16 35 48
30 16 47 43
48 31 5 19
31 26 11 45
34 40 28 17
39 22 1 36
47 26 25 3
40 36 18 43
39 15 2 16
32 20 13 36
46 31 7 4
34 10 8 40
28 13 6 34
47 23 19 1
42 24 1 39
39 33 33 28
34 28 30 11
24 33 1 37
42 38 15 43
28 9 22 32
39 11 33 37
36 34 16 16
48 24 35 28
47 31 8 39
45 37 23 16
29 26 13 22
7 43 12 27
27 25 12 6
48 20 43 33
37 42 25 43
16 40 13 37
40 24 8 43
30 17 13 7
36 23 40 43
38 27 35 47
33 38 3 41
26 31 16 8
26 17 16 7
34 45 32 42
45 43 15 18
42 16 4 32
42 35 22 10
41 33 32 23
38 30 27 49
38 38 11 2
36 26 18 37
28 16 13 6
33 25 18 6
42 30 42 44
35 37 29 46
40 20 11 32
48 44 4 40
34 35 7 19
45 45 9 19
48 20 10 11
32 19 14 13
36 23 3 38
40 34 9 17
44 32 15 39
27 45 12 28
39 29 21 23
46 39 24 37
16 44 22 46
30 23 9 27
44 35 14 0
37 37 35 43
39 17 5 35
22 37 39 34
36 41 14 23
47 24 22 38
45 26 11 20
32 35 6 39
30 17 13 36
48 35 25 28
32 26 20 33
49 29 48 41
39 35 15 7
26 46 2 13
46 35 16 18
22 48 11 26
42 25 8 34
38 21 13 16
42 31 33 14
42 21 17 4
42 33 22 43
39 18 15 15
46 23 7 35
33 9 16 0
41 40 25 45
27 21 5 38
48 14 13 37
37 31 9 37
19 48 9 31
33 42 10 13
27 35 17 11
32 34 10 20
44 26 8 37
29 24 9 36
26 47 12 13
25 48 20 20
43 25 13 4
42 25 18 48
29 28 41 47
37 30 37 35
35 16 32 49
35 20 12 9
31 40 10 10
31 26 14 47
36 11 28 12
30 17 9 16
39 26 9 40
34 29 10 33
29 30 25 11
48 36 3 36
43 31 11 17
26 30 36 16
47 24 11 31
48 25 6 38
46 34 9 46
38 18 16 46
28 46 41 46
31 20 8 37
31 25 8 40
46 26 15 25
39 16 5 18
15 44 10 8
43 40 24 9
48 21 26 10
43 23 14 10
46 40 17 22
47 25 20 18
33 27 26 33
43 23 19 18
46 35 16 48
36 34 6 17
41 11 6 12
47 30 20 23
49 29 10 16
33 20 29 21
32 41 13 45
34 36 44 41
47 16 12 45
38 20 19 7
42 20 10 24
36 35 31 15
44 33 19 23
42 31 0 19
48 42 5 13
44 27 8 6
44 24 22 14
30 15 43 30
43 30 6 34
24 42 23 13
43 41 19 14
30 44 12 12
44 25 28 34
23 38 24 45
35 23 26 10
39 29 32 32
36 22 18 11
35 23 24 23
49 29 8 22
44 24 34 35
32 24 14 31
42 17 4 36
47 41 20 42
43 11 36 37
34 38 18 28
36 43 17 14
39 25 6 35
29 34 37 10
49 32 44 45
32 21 3 36
37 41 7 24
27 35 6 19
40 13 13 8
42 21 16 4
46 29 4 28
39 16 23 15
37 18 15 23
46 16 17 4
25 40 11 14
26 43 9 13
48 24 21 10
21 47 13 47
37 40 15 18
31 25 30 42
49 26 4 37
41 14 14 12
43 9 27 23
31 31 24 10
37 19 0 24
38 40 11 20
15 46 23 5
44 29 32 49
39 29 4 37
41 18 25 31
31 17 27 37
45 34 42 23
41 30 10 16
34 29 21 30
32 32 6 38
42 29 0 29
27 47 7 47
28 33 23 8
46 19 13 15
28 25 22 35
38 15 12 10
