50 310 19166 800
22 27 44 38
7 29 10 31
4 38 15 17
4 35 1 5
19 9 44 30
13 33 30 1
5 42 38 40
8 39 14 15
35 28 19 11
4 11 22 46
4 43 45 37
10 41 9 14
44 29 44 18
8 38 29 42
12 29 10 37
4 26 35 17
27 6 12 21
9 13 20 32
10 31 40 35
27 10 30 24
20 10 26 3
36 25 19 4
38 13 9 27
0 26 49 22
12 31 31 48
42 13 3 10
18 13 33 43
2 32 44 25
32 6 48 32
45 17 13 21
7 18 28 48
39 26 30 47
10 28 0 29
7 18 35 32
20 30 43 33
3 39 39 20
7 31 9 15
30 26 27 35
17 3 2 30
12 34 1 31
16 6 32 48
33 19 33 24
14 16 4 9
4 40 21 18
38 25 44 39
14 28 6 31
32 0 8 21
41 25 21 26
39 36 16 9
49 17 34 20
4 33 41 35
4 32 2 21
12 39 47 25
9 18 19 23
30 3 46 11
9 36 25 25
10 27 12 21
29 23 10 13
18 1 45 39
13 37 2 10
7 26 21 18
19 35 32 22
32 10 10 3
12 21 39 15
3 31 15 25
12 0 10 25
10 34 48 25
24 23 12 26
0 21 17 5
14 40 10 14
7 32 21 29
20 11 8 23
7 33 1 31
7 4 5 27
30 18 10 12
19 12 25 5
23 2 22 18
18 1 22 43
46 17 37 17
47 29 26 28
4 27 9 24
4 19 13 28
4 30 14 21
7 38 29 45
1 38 10 25
15 38 23 45
8 31 47 25
34 38 9 11
13 15 33 47
25 31 47 20
9 37 7 30
27 12 45 41
5 28 34 41
39 14 15 19
27 7 16 8
3 13 7 23
25 13 9 15
12 33 24 9
7 31 4 10
13 21 24 19
5 39 11 37
27 22 37 18
8 39 28 3
7 32 29 40
28 23 1 47
16 38 11 25
1 8 40 24
12 34 48 37
16 21 20 24
3 33 32 25
10 31 18 16
8 24 9 30
11 31 34 45
6 34 28 44
13 21 37 43
3 36 8 24
10 29 33 4
5 32 46 18
5 29 38 13
0 33 25 16
29 23 18 48
8 28 25 49
5 35 44 33
23 7 23 14
16 13 49 17
4 34 47 39
25 33 35 4
20 39 44 14
7 32 27 46
18 40 24 47
6 31 18 18
29 23 22 9
11 29 46 35
24 9 42 22
42 30 22 10
31 5 45 38
45 23 48 39
12 38 11 28
3 27 31 48
18 11 34 26
25 21 8 19
35 27 8 31
46 28 14 8
34 19 24 46
10 35 27 48
11 23 37 29
4 31 5 19
43 34 19 48
44 20 4 36
8 42 44 40
48 9 15 29
1 47 1 27
1 2 26 45
14 38 1 10
24 14 42 4
24 27 27 49
33 19 10 30
5 26 18 37
38 32 46 27
18 22 9 31
32 30 34 44
11 36 46 7
32 25 25 47
36 22 26 44
7 32 32 49
5 28 9 24
49 27 30 46
1 8 8 16
38 24 18 17
12 38 46 42
5 15 29 9
19 27 27 19
15 21 20 9
32 25 9 25
26 24 22 17
9 37 44 41
30 3 5 19
11 39 44 7
0 25 15 15
35 6 31 42
8 38 40 10
15 34 7 33
1 15 28 25
8 12 36 24
21 19 28 9
4 38 22 7
4 36 10 7
42 6 42 43
9 40 12 16
37 2 19 22
6 26 4 20
38 30 27 43
3 10 21 28
10 27 16 4
2 36 36 41
12 30 30 16
10 35 37 15
8 31 42 21
5 40 1 31
35 8 32 43
11 30 36 5
12 46 4 48
32 17 24 46
14 36 22 21
7 39 9 31
1 27 7 21
17 31 2 23
5 32 31 38
10 42 9 33
2 31 11 34
9 33 5 31
37 36 4 20
5 39 28 6
14 17 44 10
44 35 34 35
24 16 33 1
20 14 17 7
1 33 11 24
33 24 32 39
4 30 33 9
9 32 6 30
18 28 16 25
38 31 12 32
3 39 19 20
21 14 32 15
10 29 45 34
7 19 28 43
25 30 45 37
35 21 1 28
7 31 11 26
6 36 4 30
10 40 10 26
14 20 19 27
6 30 38 20
2 27 46 33
13 34 18 6
26 11 19 2
16 21 28 46
1 44 31 21
7 24 6 33
42 29 9 21
30 26 3 16
10 27 29 36
9 4 25 7
5 35 45 21
4 33 36 24
3 36 34 18
15 28 45 35
24 11 4 29
27 20 18 6
19 45 15 25
33 5 11 30
31 26 8 25
20 25 22 16
18 6 21 26
2 29 31 11
41 28 26 49
46 13 14 29
14 25 40 20
4 42 10 27
11 41 34 28
36 16 12 49
16 40 30 1
34 18 14 11
7 28 33 27
37 9 7 28
19 25 31 20
4 18 26 25
19 33 13 25
5 29 45 2
27 6 26 16
4 19 33 49
7 36 3 5
18 29 18 12
2 12 9 14
1 33 23 13
4 19 9 27
25 45 1 20
39 15 48 44
41 20 5 26
11 29 43 19
12 30 10 5
2 45 16 31
5 29 24 47
12 12 30 14
10 26 29 19
8 35 3 26
3 35 3 3
47 21 35 45
41 23 33 28
16 33 33 6
1 19 32 44
16 27 26 3
2 40 17 20
15 24 9 19
5 33 30 19
23 13 31 36
3 29 4 23
4 30 26 18
7 35 8 1
12 31 15 33
10 31 33 17
38 21 31 49
36 31 9 23
12 25 6 29
18 38 3 18
21 40 47 41
30 13 46 37
14 32 2 47
17 7 18 1
