50 207 13864 800
22 24 11 32
29 14 19 47
29 12 17 34
18 37 24 36
2 34 14 27
7 12 17 48
24 8 30 38
33 27 13 29
28 14 23 47
21 16 39 31
45 16 49 14
30 19 14 34
1 33 20 40
11 25 15 45
38 36 48 14
14 21 48 19
49 18 37 13
45 19 15 48
32 38 23 43
14 25 22 44
14 12 11 49
10 15 19 40
5 41 23 41
10 29 32 23
8 24 23 43
30 2 17 36
8 36 23 34
31 31 18 15
45 25 9 15
48 17 33 30
42 27 30 24
32 16 20 49
15 36 19 17
46 5 22 46
15 19 23 4
21 20 27 47
3 26 39 23
47 18 47 28
21 30 19 33
47 44 7 22
37 17 10 23
28 16 44 26
13 18 35 10
3 27 26 25
24 14 15 42
16 10 28 13
45 25 27 40
11 13 13 29
44 15 3 22
42 34 23 37
14 8 31 19
33 13 4 10
38 12 21 45
29 20 38 16
40 16 14 42
3 30 22 43
48 24 12 32
10 26 5 19
14 33 48 29
7 3 49 33
31 12 32 31
37 15 14 22
26 27 10 41
41 9 19 41
19 44 44 17
40 40 48 38
46 17 12 47
11 22 13 48
40 7 19 49
23 31 30 8
29 7 40 21
44 14 4 17
15 24 20 43
26 18 23 41
30 15 21 48
30 18 29 35
23 23 8 24
9 32 36 37
14 28 29 38
19 24 20 40
24 23 16 40
34 26 10 22
33 18 35 22
33 38 19 24
13 18 24 31
22 17 10 46
35 16 30 20
16 18 34 47
24 3 31 31
22 11 42 24
8 24 11 48
45 25 40 19
15 20 8 28
45 17 33 36
32 14 3 16
34 25 13 25
42 18 22 48
28 27 46 26
43 20 18 41
18 29 28 11
33 14 5 19
7 27 38 29
6 10 46 27
44 40 18 46
23 16 27 32
10 29 24 41
8 27 32 37
38 40 18 46
27 16 36 12
28 18 47 25
44 11 47 18
32 5 16 27
35 18 4 47
15 23 15 41
43 26 30 24
42 27 9 25
11 29 19 16
37 22 15 36
14 19 16 45
42 18 10 25
22 33 49 11
31 43 23 29
13 35 4 25
33 12 31 31
21 20 43 15
40 36 44 18
35 4 39 17
45 18 25 33
47 37 21 45
16 33 18 46
31 10 6 32
18 38 16 35
18 23 25 39
28 22 36 10
12 12 28 42
42 31 47 0
43 35 40 28
49 16 21 35
26 0 15 40
34 32 12 14
33 15 22 42
49 13 27 45
39 14 38 18
28 16 29 36
38 36 47 23
45 6 23 46
7 28 7 49
12 26 38 36
12 24 23 44
47 19 19 37
44 18 42 38
9 19 26 40
35 12 6 30
34 18 22 27
24 37 35 0
39 1 16 49
49 24 28 21
38 23 15 46
13 40 26 34
10 38 20 26
2 35 2 14
17 18 26 38
19 5 5 48
10 18 39 16
0 27 22 49
24 39 4 28
14 32 15 41
9 12 25 42
22 16 15 30
10 29 13 48
44 22 12 40
33 16 0 11
31 17 6 17
41 20 25 35
33 33 17 37
31 19 19 43
29 33 14 33
36 31 26 42
34 15 12 49
13 14 14 45
29 17 8 44
24 21 28 37
21 23 24 11
44 14 32 18
46 18 19 42
15 23 16 27
18 27 37 40
13 23 1 26
25 17 25 43
17 13 18 26
35 30 14 43
18 20 3 19
27 28 4 16
10 26 42 9
32 14 28 23
15 31 7 44
35 41 42 32
49 22 30 3
11 14 18 47
46 21 41 25
13 24 13 39
36 9 17 24
22 8 44 18
15 26 6 27
21 23 14 34
30 22 15 14
10 26 40 6
