50 69 16420 800
9 28 27 4
16 46 21 17
27 16 42 42
12 42 33 15
10 4 17 12
5 26 36 22
7 37 31 16
21 8 27 23
32 17 40 40
25 9 43 40
26 49 24 18
28 10 41 47
1 41 33 11
22 10 29 21
27 17 49 43
6 11 25 13
28 11 30 7
21 37 28 4
9 7 37 21
22 3 48 37
8 28 32 40
39 4 43 38
29 13 37 11
13 31 15 11
17 47 34 9
13 9 34 42
35 34 19 14
27 8 25 5
22 14 44 35
29 9 36 16
16 25 42 17
41 11 41 42
15 23 37 12
4 25 48 13
18 1 2 7
14 39 28 10
11 20 41 31
23 43 41 33
13 28 22 15
4 17 41 35
17 12 15 17
14 11 24 14
19 46 40 3
22 16 41 43
4 35 41 44
18 2 43 43
23 44 15 14
12 18 46 36
14 11 31 18
19 26 17 36
12 25 21 42
12 27 36 12
22 27 48 46
8 23 36 38
19 5 21 20
20 14 37 38
22 16 35 9
13 5 41 44
20 21 37 15
8 47 23 17
18 12 40 42
5 12 25 23
16 15 27 4
12 20 41 17
27 33 24 10
41 12 27 18
28 17 39 43
30 43 43 11
4 25 19 22
