50 212 16133 800
22 33 34 13
24 49 38 35
27 16 35 31
24 48 35 34
16 22 30 32
46 23 37 30
0 28 8 6
24 33 19 42
26 45 44 29
12 47 32 4
18 45 44 29
15 37 0 10
23 44 31 24
19 37 2 3
26 27 27 20
27 20 1 4
6 39 38 36
5 24 24 23
20 20 32 34
29 46 18 41
19 28 29 13
26 40 2 6
22 44 28 34
12 14 26 27
15 41 4 4
21 37 9 7
24 15 45 48
4 32 12 8
25 29 17 42
21 26 3 3
41 23 49 1
24 39 22 46
28 16 29 39
25 14 18 4
48 22 36 36
25 5 38 30
23 47 36 15
5 23 8 3
32 14 41 23
30 49 31 4
35 17 41 14
37 27 36 34
36 29 43 28
25 44 5 1
35 22 4 1
12 33 4 11
6 1 31 33
22 40 32 8
26 32 26 39
39 17 33 37
36 35 5 3
19 2 32 7
25 46 34 22
3 8 25 0
33 29 18 14
22 42 4 3
3 27 2 1
4 38 19 1
26 43 32 3
34 13 34 33
19 31 11 47
17 49 4 1
6 47 38 38
26 17 33 32
36 23 3 3
42 26 2 1
12 38 16 3
36 24 8 31
11 10 9 5
30 49 2 0
13 45 30 36
39 24 36 36
14 44 17 5
34 18 17 7
39 29 28 26
1 25 30 39
37 31 29 39
29 37 15 31
18 49 13 33
23 14 45 27
5 28 4 2
20 48 22 0
33 23 4 9
10 17 39 32
8 35 28 44
3 43 1 4
22 30 42 17
17 29 33 35
30 19 42 28
34 4 25 21
35 31 1 2
6 45 13 30
18 47 21 8
35 5 7 8
2 37 31 36
3 28 36 37
45 25 16 16
24 46 44 5
17 32 1 5
41 23 43 0
13 0 2 4
27 47 36 28
24 40 2 4
3 25 30 39
23 47 43 28
1 2 8 10
13 10 14 25
29 43 5 5
26 7 45 40
19 46 6 2
27 49 35 44
10 46 20 16
27 46 14 23
9 25 46 22
43 24 37 32
24 47 47 44
27 46 40 46
9 28 32 37
22 47 16 33
27 49 24 34
7 26 3 31
46 39 15 41
18 40 6 6
18 42 31 32
29 49 22 23
47 11 30 26
12 49 21 17
29 20 4 2
48 21 6 3
6 9 4 5
2 2 35 7
44 13 23 8
4 27 8 17
39 22 48 25
2 8 21 16
3 26 1 3
21 41 33 31
25 41 26 28
7 42 23 1
19 43 41 5
42 25 34 34
21 44 3 4
15 0 13 26
15 0 23 7
28 42 5 5
3 29 48 17
31 10 42 2
15 34 1 5
8 10 5 4
26 46 2 9
18 11 12 20
1 48 39 35
18 11 48 16
45 6 0 7
10 37 3 1
31 16 39 32
14 10 30 30
3 25 33 49
30 3 6 5
36 12 4 7
20 26 6 0
33 18 7 2
26 47 39 24
34 20 14 7
5 25 33 9
31 14 14 19
3 24 3 1
26 8 35 33
28 17 34 30
24 47 29 20
20 7 27 46
5 37 36 37
5 26 0 5
24 44 33 27
5 2 0 10
23 27 47 39
41 27 38 10
19 49 11 7
35 14 2 0
23 9 43 33
8 44 4 5
5 26 33 36
20 15 8 4
12 45 7 8
21 46 29 36
12 43 33 39
18 23 30 5
28 43 5 1
35 2 21 21
29 46 37 36
24 34 20 15
18 43 0 5
1 15 7 10
27 49 2 0
9 41 24 38
26 47 23 35
18 48 35 10
42 6 16 7
44 6 35 1
14 39 36 36
23 44 22 1
10 18 32 40
41 12 38 33
28 42 18 38
24 45 28 8
25 49 41 33
45 31 37 37
0 17 2 6
47 9 36 23
22 47 20 19
15 42 3 7
12 34 35 32
