50 609 15809 800
36 46 5 45
21 31 11 4
14 4 3 7
34 25 12 47
34 47 11 42
15 6 46 29
45 9 0 10
11 3 11 37
29 30 15 46
11 8 35 29
23 20 48 27
9 4 13 39
40 25 11 43
29 30 4 9
9 6 11 32
30 46 2 5
27 37 1 48
23 36 12 14
24 25 35 15
26 32 2 10
36 12 40 41
47 40 3 3
10 5 42 12
34 45 28 12
2 48 28 16
36 23 9 46
14 23 10 3
1 14 14 39
10 6 9 14
39 43 10 44
25 1 11 15
38 28 1 5
39 16 3 41
49 24 7 5
30 33 12 47
19 38 1 9
23 26 10 15
47 40 35 26
25 26 11 46
46 28 0 10
31 17 21 48
38 43 16 8
42 30 47 17
34 26 11 45
30 7 4 6
39 21 30 46
12 1 48 43
13 3 3 4
26 17 16 37
21 39 5 48
12 47 8 1
43 27 11 44
10 7 6 4
33 24 9 44
30 27 9 7
5 14 3 1
30 36 8 48
23 40 8 42
31 14 9 44
49 46 14 41
32 32 36 28
18 45 34 15
45 0 31 29
22 32 11 16
41 37 6 6
6 30 0 9
25 12 1 3
7 2 11 16
44 9 9 14
26 33 36 14
34 6 12 1
43 10 1 7
18 33 19 43
43 12 15 15
23 23 10 38
42 43 10 11
27 22 26 18
44 33 2 48
44 46 2 45
32 12 8 47
37 23 10 2
42 31 34 39
33 37 3 48
26 28 0 6
10 1 20 15
11 3 4 3
13 3 25 13
37 35 2 48
44 2 26 37
40 10 24 28
31 39 33 25
38 49 9 43
35 16 3 9
34 11 48 48
37 0 32 41
30 5 9 17
23 2 6 41
36 6 6 3
35 41 7 0
36 42 15 40
31 33 5 46
32 15 13 41
27 10 14 37
34 18 9 45
43 35 14 35
7 5 13 41
32 37 15 5
12 7 39 36
43 35 12 48
35 38 1 46
39 10 43 37
33 10 37 2
26 3 12 42
15 31 6 6
46 42 45 20
29 32 5 47
36 42 21 44
10 1 13 43
35 49 22 26
32 45 8 45
24 43 24 11
28 12 6 48
38 10 10 42
42 34 27 26
37 22 15 48
45 34 25 41
11 3 7 15
38 34 2 3
34 33 39 30
45 39 3 5
43 42 49 32
25 47 2 6
44 46 1 44
27 6 46 21
47 37 8 47
45 1 11 47
32 2 11 40
10 7 16 42
38 46 8 20
45 44 1 48
8 7 24 35
15 34 32 29
40 10 5 49
30 34 1 45
37 35 10 46
31 36 44 14
18 29 9 41
31 41 13 5
12 6 47 12
16 6 10 1
33 29 44 0
40 39 11 18
13 3 5 5
45 49 8 49
40 4 33 27
13 9 18 38
24 2 12 47
45 40 21 31
31 38 10 40
25 23 5 7
40 4 40 25
25 48 11 45
17 6 27 42
23 21 26 36
0 16 14 36
8 32 16 9
16 34 21 5
25 47 13 42
47 45 6 44
48 4 22 3
8 1 12 43
30 28 2 10
35 12 46 7
28 44 3 6
38 18 9 49
31 19 43 26
46 34 9 5
34 7 7 48
8 3 11 42
18 8 3 0
43 28 0 47
34 43 3 41
17 9 13 42
43 45 26 47
11 1 8 7
9 5 15 45
24 30 13 3
42 0 10 3
44 46 5 28
6 35 3 39
12 4 4 42
10 40 2 46
9 7 2 9
45 26 6 3
48 5 6 25
29 41 12 45
10 44 39 46
33 17 5 39
33 12 18 44
42 6 3 42
45 40 22 40
24 36 4 44
43 43 41 34
11 2 5 46
9 16 6 6
9 36 13 45
8 5 45 30
17 49 39 30
14 2 10 45
36 33 7 13
32 35 47 24
38 22 15 2
41 41 18 46
23 44 40 31
40 43 9 43
34 8 9 41
46 0 19 0
17 11 14 46
42 28 1 6
41 31 26 33
27 26 13 32
34 48 10 41
48 29 13 44
35 18 10 43
12 14 13 6
36 49 11 44
34 40 6 39
27 45 6 15
9 2 18 34
16 31 9 7
47 33 0 5
7 19 0 9
25 20 27 30
29 36 7 17
42 39 12 44
29 44 9 4
33 35 13 41
17 2 8 12
30 31 13 44
32 29 12 40
13 32 2 45
41 11 37 26
44 37 17 10
31 45 5 5
46 32 2 47
21 29 13 40
28 29 3 4
36 49 6 46
26 42 3 3
6 40 42 5
44 16 4 3
38 3 49 32
38 10 4 4
35 20 27 46
11 5 4 47
38 31 7 8
43 2 10 15
49 32 28 22
13 4 13 12
35 27 10 47
48 2 38 33
10 2 40 4
41 28 29 10
37 6 2 48
27 40 10 11
32 2 13 12
27 28 7 11
45 27 41 31
34 2 5 15
39 39 4 1
27 32 45 20
10 3 5 16
39 8 5 6
42 38 5 41
44 2 36 44
34 20 7 30
39 27 2 5
11 4 11 36
41 43 20 41
24 3 9 44
11 7 1 48
46 24 8 36
36 42 37 33
39 33 12 46
24 29 17 40
12 3 6 4
44 40 6 48
42 1 8 48
42 4 8 4
37 44 17 37
43 39 10 45
39 10 44 18
16 3 24 27
5 18 9 8
17 2 6 5
12 5 15 13
48 15 4 46
37 41 11 48
45 24 10 17
30 29 8 43
29 27 13 41
27 45 19 44
14 1 35 12
39 45 15 44
9 1 7 8
42 32 16 44
44 6 42 48
11 7 18 44
29 30 43 29
36 34 32 3
37 8 23 8
33 27 11 43
45 11 30 45
19 27 5 5
16 6 10 43
36 35 7 9
33 12 4 14
13 4 11 8
10 5 37 13
40 43 14 8
45 1 48 31
12 30 48 9
16 2 9 15
40 22 7 5
44 3 5 7
42 30 46 41
10 3 31 48
46 1 15 43
30 8 12 44
25 24 12 41
10 4 8 45
45 14 16 47
23 6 34 33
46 41 9 15
46 5 28 40
13 4 44 45
34 27 12 45
39 12 1 49
29 38 6 5
37 24 7 43
15 32 9 47
22 37 15 16
34 27 30 37
42 43 4 1
17 20 14 44
22 29 42 36
30 28 13 47
23 7 12 46
32 38 8 4
11 3 3 10
17 20 6 3
46 8 49 30
37 32 23 28
45 41 13 42
42 12 6 14
37 41 14 43
34 37 7 1
43 28 10 35
27 45 12 42
46 20 12 44
9 2 17 46
33 46 19 18
43 36 10 45
41 43 11 45
47 29 41 22
49 18 7 42
8 1 43 37
34 49 7 47
35 36 42 28
32 42 16 38
28 46 16 41
32 20 16 2
29 1 32 19
42 48 29 49
44 49 43 40
42 48 4 7
38 9 5 6
33 32 11 43
29 31 35 23
26 30 11 43
27 27 18 26
7 8 23 45
45 43 15 44
35 49 1 3
38 41 7 2
5 7 4 2
33 30 6 45
44 9 13 45
36 29 4 47
26 42 2 39
14 3 40 29
18 20 16 43
10 3 14 36
45 29 6 48
40 26 1 3
34 5 5 48
7 1 14 43
31 30 3 6
23 31 8 47
9 3 32 45
44 1 7 0
43 34 10 48
34 22 6 40
8 49 3 4
11 6 36 5
29 28 14 41
34 42 10 16
22 28 22 38
18 42 13 44
35 28 11 45
25 47 3 2
14 18 20 39
8 10 3 6
39 9 11 5
33 38 28 48
33 6 1 6
26 30 10 14
38 4 6 39
15 6 3 9
47 45 1 10
35 38 10 15
38 47 15 42
13 3 34 32
10 7 2 6
44 44 11 18
35 38 12 21
38 40 11 5
43 49 3 2
33 30 18 1
38 33 6 10
46 44 42 19
40 37 46 43
30 30 17 15
42 15 9 44
38 32 17 36
10 4 3 9
43 1 0 44
36 46 8 44
2 29 5 5
39 37 10 18
10 8 17 41
11 5 23 3
14 3 42 21
36 0 3 3
41 48 13 46
36 36 3 44
25 15 15 43
41 7 5 8
14 9 28 1
45 42 11 44
38 13 12 19
27 5 42 19
11 5 9 48
37 16 12 39
47 22 30 6
10 5 46 12
45 17 3 9
47 3 25 37
37 44 10 14
39 23 12 46
34 29 46 9
27 2 34 38
36 37 17 17
37 31 2 1
9 5 35 23
12 2 6 43
28 11 11 18
29 31 8 44
32 29 19 36
12 23 28 6
44 39 17 5
12 3 40 25
13 24 47 14
27 27 7 41
39 29 11 47
14 34 8 14
40 13 4 35
44 5 2 2
39 17 9 43
32 8 10 47
14 7 34 40
16 30 8 41
38 26 18 29
35 2 7 5
41 38 8 45
36 11 43 33
21 37 14 30
42 33 11 14
7 5 19 18
45 46 3 3
6 28 10 41
23 5 1 7
40 7 47 31
10 27 31 37
40 30 0 0
47 47 8 7
48 36 13 45
35 10 39 9
8 5 41 38
39 48 6 46
19 38 4 0
33 12 31 42
26 26 47 21
35 9 44 17
41 39 22 14
8 6 49 27
28 26 13 37
12 3 10 43
42 13 2 43
10 4 10 44
7 9 15 39
43 5 7 5
45 40 39 35
47 19 38 27
30 13 15 36
22 7 41 36
39 31 9 48
31 1 48 31
43 46 12 23
37 2 38 35
41 46 23 25
44 45 12 41
41 28 13 47
31 27 3 3
14 1 18 40
13 7 36 24
32 32 4 11
13 10 8 47
29 23 9 44
34 2 11 42
12 6 7 44
34 6 1 4
43 41 7 3
40 18 47 37
43 5 1 4
30 32 1 5
33 29 23 48
34 10 28 38
31 48 13 48
39 23 46 38
35 1 32 28
9 4 39 39
32 32 41 34
32 34 8 16
7 42 10 15
38 4 38 30
42 39 20 40
43 20 18 18
18 2 40 49
41 36 41 22
12 34 31 11
42 16 6 0
9 6 7 49
42 40 7 16
12 4 11 17
14 8 7 3
26 32 43 21
38 2 35 6
40 5 7 48
39 14 16 37
32 35 10 46
12 1 4 1
39 35 8 5
31 14 7 10
38 35 27 2
41 44 15 43
40 9 15 43
28 3 47 25
49 2 15 42
43 43 4 0
35 44 49 29
41 1 10 45
45 17 2 49
12 4 49 46
9 6 12 47
33 32 10 45
41 32 12 19
37 7 35 31
28 37 27 2
40 23 6 45
14 5 5 9
48 5 1 7
35 1 5 6
12 6 6 45
36 49 9 44
35 38 2 47
12 2 21 30
44 7 14 44
13 3 32 25
25 26 12 44
46 45 11 49
39 41 19 42
43 41 13 44
40 44 7 43
46 38 26 26
30 43 10 16
15 2 49 21
12 7 44 36
42 31 48 37
43 37 8 7
27 10 5 8
41 2 9 48
45 8 13 38
13 3 11 48
36 20 5 6
47 14 2 1
47 45 2 44
45 21 3 6
36 1 18 0
