50 224 11418 800
9 22 4 5
10 5 42 6
32 33 22 21
10 23 1 27
21 37 8 14
3 40 17 27
22 37 21 14
31 34 18 13
18 27 16 15
10 12 43 20
5 36 6 46
16 12 14 20
28 31 13 22
24 33 18 12
38 33 16 21
4 11 5 7
10 25 12 20
15 26 46 3
9 12 14 13
28 48 13 11
29 10 19 17
7 32 16 20
17 21 16 12
11 43 2 24
16 25 17 14
3 23 17 12
9 21 5 37
26 34 11 46
23 31 32 37
46 48 15 7
7 23 49 21
15 21 13 16
6 38 2 6
41 46 37 7
12 7 9 19
7 40 13 20
8 21 16 34
3 37 21 18
2 36 36 8
17 38 3 29
3 43 15 21
4 34 20 18
17 7 10 20
3 36 7 17
6 36 16 13
23 48 15 14
40 27 14 17
49 27 15 18
7 26 7 31
5 2 37 31
40 21 11 28
4 38 12 8
20 29 14 25
41 18 33 26
15 12 24 6
0 36 14 19
9 29 1 22
3 43 17 23
26 39 13 20
7 4 14 19
15 45 13 20
19 4 15 25
2 38 46 12
12 38 17 24
4 18 8 14
7 20 12 20
11 3 0 33
48 24 3 37
19 44 18 13
15 26 1 26
47 33 15 22
3 41 10 23
2 35 34 39
19 42 15 19
5 37 21 11
33 19 12 15
29 42 26 9
18 12 6 29
24 27 37 32
5 9 15 19
21 24 21 8
7 25 15 24
40 25 11 20
2 36 3 44
12 24 3 3
4 22 45 11
3 20 12 7
17 47 16 13
22 19 12 26
46 40 18 17
41 45 16 3
27 2 13 19
15 5 28 23
39 41 9 29
13 11 18 15
10 21 3 29
7 24 20 19
7 20 17 21
7 26 10 10
4 37 17 24
7 27 19 25
33 3 16 16
44 22 48 23
12 9 12 21
10 10 17 14
33 44 14 19
48 32 14 18
27 11 10 29
6 35 13 11
5 42 2 30
16 37 20 20
7 21 34 20
28 23 13 27
3 24 20 15
7 23 22 28
47 41 11 31
44 30 4 46
19 23 16 21
47 25 5 11
8 23 28 37
0 39 15 14
5 19 31 30
9 1 20 13
11 20 9 32
19 19 47 8
0 12 3 37
31 20 12 8
4 38 45 23
33 21 18 48
3 40 17 23
7 24 21 19
7 37 16 19
3 37 46 21
26 45 13 20
4 30 0 31
9 27 6 37
3 44 9 22
5 37 17 11
45 22 19 33
2 39 9 21
10 8 7 27
25 47 8 18
7 3 13 22
4 24 7 27
12 4 38 12
19 8 41 21
25 22 19 18
47 45 0 29
7 20 40 23
16 37 42 8
19 23 5 26
40 43 18 19
48 30 16 17
22 43 7 19
24 26 19 13
43 28 16 16
0 41 5 41
3 20 6 42
44 31 16 21
47 22 16 24
19 16 8 21
19 4 16 15
46 33 27 45
1 40 18 20
5 36 11 32
9 24 41 10
15 9 11 33
8 19 1 25
44 24 21 10
10 26 17 20
7 25 15 16
43 37 46 14
2 36 12 15
9 41 11 16
19 0 2 34
21 40 17 20
33 26 13 18
21 29 15 22
7 22 17 15
20 13 14 18
30 38 18 12
9 23 12 10
15 16 7 31
9 36 15 22
27 39 18 21
6 9 27 31
3 29 14 12
19 29 4 19
21 12 8 21
21 23 15 13
0 34 10 36
25 39 16 18
49 36 3 24
18 49 15 17
3 31 19 29
15 34 12 37
46 40 12 27
14 26 14 34
44 20 16 21
13 6 15 22
49 28 9 20
13 45 5 2
18 42 16 19
43 27 5 34
6 19 15 18
17 44 15 20
4 36 8 45
17 40 13 8
4 37 22 8
13 17 6 36
10 27 11 39
6 17 21 9
13 28 45 17
21 36 18 16
34 47 16 17
1 37 49 25
7 25 40 22
4 12 10 25
29 32 15 17
27 5 15 14
5 26 16 15
12 31 21 15
2 35 7 20
1 35 31 9
