50 876 16802 800
36 2 25 39
44 9 22 21
20 24 31 22
14 42 17 32
32 26 41 27
15 29 23 27
48 5 34 33
18 27 34 33
24 20 37 24
22 22 40 24
19 25 38 21
40 18 33 18
20 19 41 18
14 0 1 23
46 8 42 17
34 8 9 27
21 27 37 18
13 4 33 19
31 34 27 23
34 8 18 21
13 22 34 24
2 13 34 10
21 44 41 20
36 47 44 23
8 22 31 23
8 20 23 30
15 34 28 19
10 17 39 26
12 19 33 17
38 6 38 16
18 23 43 19
43 16 20 23
48 8 22 22
46 20 25 35
41 25 33 25
47 16 4 9
19 26 1 14
35 29 31 7
47 17 12 20
47 11 19 24
13 19 4 22
19 28 5 15
7 21 22 42
16 23 29 10
47 25 29 18
20 26 13 40
28 27 44 24
46 22 30 32
30 29 27 26
20 27 41 17
36 10 21 25
20 24 29 31
17 42 44 25
32 26 4 18
17 24 30 19
49 8 14 43
44 2 29 10
41 19 31 30
22 22 25 28
40 23 8 14
43 19 36 25
9 22 32 17
12 2 9 33
46 36 37 13
33 25 44 21
20 27 23 17
16 26 15 33
47 8 28 36
22 43 7 7
42 24 22 23
36 30 15 18
46 20 40 27
48 15 33 24
40 8 10 1
45 14 27 23
11 25 6 22
20 25 8 0
13 22 41 29
35 45 48 23
20 21 41 24
38 9 21 23
33 4 16 27
42 8 42 15
16 12 25 15
23 28 38 25
19 24 48 11
30 23 24 17
13 38 1 3
47 7 36 45
32 27 34 3
42 29 40 21
49 30 43 17
47 18 21 19
16 39 38 19
43 15 23 34
47 23 35 28
37 34 24 22
1 7 4 18
47 22 10 24
21 29 31 13
31 7 44 7
36 7 21 22
20 25 38 26
34 31 7 17
24 15 48 26
17 24 38 28
9 29 49 22
7 43 45 29
24 32 44 19
24 20 1 15
25 35 32 23
22 17 40 27
40 8 48 5
44 13 28 39
47 18 40 15
8 1 32 32
23 23 48 19
22 24 35 22
13 7 42 18
43 13 22 28
12 15 19 24
49 14 20 21
48 25 33 32
36 21 28 21
36 18 39 31
15 27 22 26
21 29 14 9
17 25 38 38
23 8 29 22
20 23 35 30
20 26 29 26
20 9 38 29
19 21 18 37
40 13 34 27
47 17 12 5
33 22 14 16
21 23 25 17
15 2 42 28
29 28 45 21
19 26 32 17
15 14 28 17
49 13 33 25
45 16 6 16
27 23 44 26
33 18 30 43
28 24 42 26
12 22 18 22
44 14 15 41
8 21 40 25
8 4 26 26
22 21 13 17
14 14 39 31
9 34 41 23
45 5 18 28
19 26 34 21
0 5 38 20
8 29 35 17
19 26 37 25
21 28 49 20
19 26 4 19
9 10 25 47
40 13 23 23
46 21 19 32
12 32 33 23
43 49 41 21
19 26 37 9
1 33 16 28
28 30 40 8
34 25 22 25
38 31 30 21
19 26 47 12
49 20 30 33
14 40 32 20
1 22 27 15
0 33 20 17
12 13 6 13
44 19 18 22
35 25 11 22
41 19 23 28
14 11 8 12
19 29 10 18
49 13 33 25
16 26 10 10
7 45 19 24
19 25 36 19
18 29 44 18
13 13 21 25
40 6 3 8
34 34 9 12
12 15 31 8
4 41 38 19
22 13 40 29
20 23 5 20
30 1 33 16
17 20 14 27
32 20 41 19
43 43 20 21
16 16 4 12
19 24 31 36
21 26 29 22
4 2 28 28
28 31 21 43
49 15 4 18
47 14 10 20
7 15 14 29
48 6 47 0
43 23 48 29
3 12 33 29
12 25 33 23
6 18 0 23
21 25 8 20
32 46 21 21
21 21 39 16
30 9 6 4
19 24 43 37
22 24 5 21
47 18 18 33
14 36 37 22
22 24 39 35
32 6 5 13
21 14 19 22
27 26 36 16
49 5 36 36
29 25 2 3
45 3 39 21
4 0 24 21
18 25 48 10
9 43 4 17
22 27 24 18
46 20 2 20
18 23 40 22
37 18 33 28
36 42 23 25
11 16 4 14
21 26 34 22
17 23 1 15
23 29 39 12
40 6 35 35
21 26 42 18
12 26 40 24
28 6 19 37
11 23 20 25
46 23 11 6
8 47 21 16
38 3 19 27
33 14 1 19
14 3 9 27
23 31 18 25
19 25 32 20
3 11 20 34
14 24 21 46
8 30 4 25
16 43 30 13
42 3 19 30
48 7 5 21
47 27 43 15
16 29 30 10
34 49 24 5
16 28 13 31
49 16 46 18
21 10 40 29
43 15 10 30
39 28 21 24
45 21 23 22
20 24 23 38
15 39 9 15
14 9 42 13
21 24 1 20
44 1 19 17
13 10 18 23
43 24 3 11
49 25 39 17
30 45 45 21
25 11 1 26
3 35 2 12
30 20 2 18
42 18 37 21
4 19 20 28
1 17 30 9
3 10 36 17
42 17 15 33
36 22 21 27
25 28 37 12
25 42 35 28
21 20 48 16
16 29 45 30
48 26 14 29
18 37 39 23
14 13 2 4
11 6 45 31
43 11 33 28
6 9 16 22
19 28 41 27
22 45 20 29
19 25 36 30
12 17 31 20
39 18 22 30
1 31 20 23
47 9 41 19
22 22 40 30
16 25 20 20
14 1 38 33
19 27 39 26
3 7 9 44
46 14 0 18
44 20 0 18
37 6 26 25
23 19 2 14
40 0 34 11
35 47 30 24
45 14 14 16
40 28 37 18
8 0 10 38
48 18 14 25
18 27 19 21
39 29 32 23
32 3 43 16
37 10 4 16
31 20 18 26
14 12 37 46
35 11 22 37
33 12 1 20
19 26 31 33
37 23 16 24
25 14 1 25
42 18 5 20
14 0 12 25
38 19 32 26
14 13 18 27
21 24 47 24
46 16 47 24
6 28 30 29
33 26 29 31
47 35 11 45
43 5 17 25
38 13 49 34
18 19 38 36
45 18 30 39
45 2 28 31
18 33 22 25
32 18 12 14
22 25 19 18
36 14 44 28
16 27 37 26
47 21 28 7
39 7 42 15
13 41 20 22
36 12 24 23
20 27 33 22
16 47 41 26
20 0 1 4
5 4 26 23
43 19 16 32
27 24 40 32
8 36 29 26
12 36 19 20
38 13 32 18
2 14 30 25
41 22 12 35
43 18 18 25
34 27 33 18
18 47 44 20
38 22 25 29
47 15 0 19
35 0 24 19
5 10 29 10
18 18 39 25
18 10 40 26
40 8 15 22
30 28 21 1
44 18 37 33
24 38 20 24
12 22 42 26
36 29 18 22
34 14 31 33
21 26 33 23
41 28 25 23
21 23 32 42
35 6 25 27
38 8 29 38
43 19 22 27
22 12 26 35
21 13 2 18
16 9 22 25
19 27 47 27
19 25 46 29
16 16 38 31
19 32 9 32
15 31 4 19
22 22 8 13
20 22 2 17
17 25 22 22
32 34 29 16
47 19 3 10
17 23 37 22
49 7 40 24
1 10 15 29
10 33 23 23
30 25 13 18
14 23 0 18
22 14 18 21
45 19 18 27
18 14 13 8
17 27 42 28
17 29 3 20
2 14 35 21
24 26 25 31
26 25 30 37
25 39 6 7
9 19 23 19
46 17 23 15
16 21 44 20
48 27 38 21
47 9 33 7
46 17 27 26
5 9 31 23
35 3 32 23
46 17 35 21
10 31 16 18
43 6 6 48
20 24 34 34
10 14 44 16
48 17 19 39
39 10 28 20
19 26 38 6
44 16 34 20
16 32 24 16
35 26 37 20
48 15 21 25
32 24 49 2
42 16 49 0
3 20 30 33
40 25 6 14
49 16 33 31
41 19 1 18
5 16 18 12
41 9 4 16
44 10 35 21
18 25 13 25
17 39 5 15
14 23 42 15
12 20 16 31
36 17 17 33
25 18 2 16
38 16 16 25
4 5 36 22
1 23 41 20
48 23 37 13
43 29 34 26
38 7 25 5
5 11 40 17
24 31 42 20
30 31 44 26
21 41 9 32
18 20 39 19
11 6 31 23
0 31 38 20
45 20 34 24
16 26 46 25
31 31 35 20
22 25 4 10
47 17 29 28
38 1 29 11
35 40 26 27
20 24 43 26
6 17 45 18
42 23 28 12
43 23 26 20
13 19 21 26
30 36 44 23
19 33 44 26
34 18 36 15
19 26 24 23
38 17 36 21
45 10 22 21
47 19 44 23
14 0 43 12
32 27 5 22
35 10 37 19
21 26 34 29
13 22 20 28
19 21 14 23
18 25 31 33
14 13 39 24
9 30 36 27
19 19 8 8
16 36 17 20
26 24 48 22
8 26 44 33
34 10 31 23
30 32 23 0
35 14 33 43
19 22 39 46
19 26 42 22
19 10 31 30
42 12 37 26
23 14 36 39
27 24 32 29
37 0 27 21
12 41 28 30
40 24 20 27
49 29 11 17
37 12 16 23
10 10 22 30
23 25 0 14
17 24 19 20
32 26 40 32
18 32 13 29
19 27 29 22
20 24 0 15
33 45 24 22
17 23 20 42
37 8 45 18
42 45 16 22
38 40 36 19
17 29 2 18
2 22 31 27
34 19 25 33
19 1 42 12
18 7 26 28
19 24 16 32
46 37 28 33
33 22 1 2
35 6 11 22
48 20 20 31
22 26 15 26
19 25 38 23
33 48 34 20
16 14 40 29
46 13 34 26
46 16 21 26
45 20 4 11
22 22 41 17
13 4 15 22
14 10 35 26
20 26 33 9
20 24 32 37
22 23 38 23
15 1 32 23
29 31 35 28
3 22 33 26
10 3 20 30
27 29 45 20
23 24 17 28
16 25 41 30
19 21 45 15
33 6 47 26
44 15 45 24
25 5 0 22
2 29 34 33
9 9 37 19
9 20 31 19
0 47 20 23
48 9 17 33
2 22 17 24
6 34 37 27
14 6 42 9
21 21 33 32
10 7 44 24
18 25 22 23
21 7 25 27
21 24 38 27
31 12 2 19
30 25 23 26
28 29 47 25
21 22 32 22
9 25 45 18
9 11 34 32
19 24 45 23
6 2 10 23
30 40 1 25
19 14 15 28
39 31 37 26
27 9 3 18
48 11 33 24
28 16 5 15
23 25 22 20
24 20 41 21
42 14 19 32
6 1 4 23
18 26 28 42
19 24 2 47
49 14 32 36
23 38 47 32
36 25 22 25
5 35 22 20
40 5 22 22
19 13 17 25
1 44 33 12
8 14 34 11
43 15 24 24
20 24 32 17
46 17 3 15
44 0 43 19
15 7 43 26
27 36 10 20
45 12 19 22
25 25 35 18
8 5 45 22
38 37 14 27
18 33 39 23
47 18 38 28
42 15 5 9
26 19 42 21
48 24 29 27
21 15 15 33
20 10 22 30
30 17 37 35
37 4 34 27
33 30 47 12
18 39 49 4
45 13 38 25
18 25 29 26
40 5 38 32
15 19 23 19
23 29 10 36
19 27 11 13
6 28 19 26
44 0 42 23
16 25 36 49
46 28 22 24
22 11 21 27
20 25 35 44
39 5 37 23
42 16 19 20
35 26 30 24
49 16 42 6
42 22 39 29
23 28 40 17
17 24 47 23
41 17 36 38
11 14 46 21
16 42 32 28
40 10 0 22
40 30 7 1
46 12 17 33
33 12 21 26
47 17 21 19
13 13 20 32
42 24 38 34
43 22 3 11
22 25 48 9
22 9 33 20
40 5 23 18
43 15 31 30
43 19 33 33
19 40 33 30
43 11 29 24
1 9 32 27
38 11 16 15
45 10 3 20
19 23 39 22
21 23 0 19
20 14 5 13
21 24 37 20
13 46 14 29
28 30 35 13
12 8 18 22
46 16 28 27
35 4 33 25
24 29 19 19
25 49 8 20
17 26 33 28
47 14 13 29
37 15 38 27
17 26 45 17
10 26 44 16
15 46 15 26
47 13 37 24
44 29 37 38
46 11 20 39
16 23 4 15
38 7 24 33
11 43 7 20
20 22 3 4
12 23 6 13
32 23 17 20
47 21 25 31
46 10 29 17
46 12 28 28
29 26 9 27
42 21 42 30
30 39 15 19
49 18 2 7
18 29 24 30
20 15 27 4
9 23 18 6
49 7 33 11
21 22 4 16
18 27 29 24
35 7 30 10
23 25 38 26
31 26 44 17
23 28 21 22
26 19 35 28
18 29 16 33
37 24 39 30
8 40 31 28
44 18 25 23
9 21 28 31
47 25 40 17
20 27 35 29
45 25 34 28
21 38 16 26
7 22 33 23
31 25 35 19
43 13 27 19
46 17 38 30
41 34 7 22
20 29 43 13
38 30 27 45
24 25 32 16
45 23 36 17
19 23 34 30
45 12 21 26
9 41 4 21
18 26 2 10
8 15 39 23
49 16 20 19
12 7 40 12
17 24 14 35
48 14 1 19
11 16 38 32
47 18 31 25
46 15 19 27
45 17 43 0
20 30 37 17
13 1 44 21
7 12 1 19
38 16 19 27
31 2 15 37
21 27 21 32
12 4 40 20
33 24 34 14
37 26 34 39
7 7 2 22
28 29 32 30
3 48 46 16
18 40 21 24
20 30 25 36
19 33 21 28
38 14 19 28
12 5 41 22
3 10 10 8
42 12 40 26
48 7 22 20
19 28 45 21
18 24 22 23
40 9 37 14
21 37 22 20
39 18 7 21
45 28 22 23
46 36 32 28
18 25 32 19
13 30 29 21
16 7 37 22
21 20 0 21
33 34 17 24
29 40 34 30
44 27 37 28
43 15 30 29
7 34 47 27
20 26 42 26
22 28 19 22
49 17 9 17
16 23 26 21
16 25 13 14
42 26 20 27
29 30 8 15
43 10 35 27
41 6 39 28
32 17 22 31
20 20 28 28
38 3 41 18
35 30 24 18
22 29 25 32
11 30 17 26
18 20 21 27
26 38 44 21
7 34 0 13
11 17 44 28
36 26 40 21
20 23 32 40
43 10 48 23
45 27 25 20
48 15 7 27
6 16 24 22
20 27 28 25
20 25 42 27
47 15 42 22
20 27 4 13
40 3 19 21
24 44 42 28
30 0 35 16
21 25 30 30
22 22 14 23
14 24 36 14
44 4 37 30
44 2 13 19
28 28 31 44
38 20 20 23
21 26 30 26
48 21 29 8
32 25 22 39
42 13 36 24
19 34 17 27
42 27 20 24
39 0 18 21
20 21 0 19
20 22 2 24
18 24 23 32
21 26 33 34
43 28 39 42
15 14 23 28
21 24 43 16
15 24 20 23
13 16 37 22
17 40 39 24
12 8 18 20
18 34 32 29
17 46 0 17
31 41 46 18
10 30 30 19
18 26 37 28
15 23 30 30
20 28 18 24
21 28 38 25
40 20 44 14
32 30 24 24
23 22 39 39
46 10 39 16
49 24 3 16
17 43 26 23
41 18 39 26
45 7 3 15
18 19 32 35
9 16 20 25
6 3 42 18
37 23 43 17
47 7 21 24
20 18 24 21
43 25 23 29
44 25 26 17
21 26 18 29
16 24 38 40
20 22 28 29
16 2 22 4
38 11 26 48
23 0 23 26
46 5 37 28
43 22 40 18
23 41 6 3
45 11 30 24
45 18 25 24
20 24 10 26
19 27 19 37
33 29 40 17
20 27 44 22
33 15 7 15
39 39 44 19
42 23 34 17
27 49 45 19
17 3 39 16
5 36 45 4
40 0 24 29
14 44 19 20
9 5 34 1
42 12 33 22
40 5 27 25
22 27 43 28
35 23 22 24
44 10 34 34
40 20 4 27
33 23 5 18
49 8 42 24
32 30 45 29
