50 253 16628 800
24 15 13 20
37 27 6 17
1 27 16 0
29 28 36 20
5 33 16 28
45 23 0 14
14 16 30 29
4 45 13 15
25 49 16 5
12 42 15 4
22 12 25 20
13 17 13 5
6 10 21 26
7 11 0 2
14 44 31 24
14 48 5 11
15 33 8 34
2 27 15 7
14 49 16 25
17 5 20 20
18 13 3 37
11 47 27 34
12 19 7 21
30 27 12 49
8 18 24 10
17 23 13 32
15 45 10 25
16 15 13 9
35 36 21 41
10 31 45 49
2 23 24 14
11 17 0 17
27 34 26 27
40 26 4 12
19 4 9 23
16 47 16 31
5 3 27 24
27 31 21 34
10 30 31 42
17 11 37 49
28 40 6 1
15 42 6 20
10 12 3 14
43 39 34 18
15 40 19 17
7 17 24 45
1 20 32 18
18 12 34 19
0 23 30 15
49 44 14 28
15 31 7 36
47 48 2 8
16 37 25 39
24 45 0 23
25 26 5 17
39 45 20 38
15 35 26 28
18 48 38 46
36 44 11 24
21 28 13 29
19 39 25 32
5 37 28 23
19 5 11 9
20 40 20 35
26 20 8 19
46 46 34 32
33 29 14 19
40 22 17 7
36 45 1 16
15 15 5 13
8 5 13 15
38 43 40 35
10 46 26 24
35 49 26 25
12 27 34 21
17 23 4 13
19 4 4 33
44 23 23 29
17 49 2 18
29 20 1 13
29 20 32 17
47 40 34 25
18 15 21 11
34 7 3 24
16 40 31 24
23 22 36 21
33 30 4 38
28 23 13 20
6 28 34 46
16 38 27 22
8 37 1 17
14 14 7 38
3 46 28 40
14 3 27 22
8 5 6 20
21 10 3 24
17 21 31 26
18 39 3 10
5 34 0 5
10 42 5 25
36 41 20 27
14 49 24 38
31 48 31 23
14 8 7 33
3 17 33 47
46 35 23 21
12 33 5 14
36 44 29 25
36 26 23 24
17 46 4 32
2 47 27 18
16 49 13 24
17 41 4 25
26 30 11 19
12 8 5 6
10 8 0 18
35 44 26 26
10 22 4 31
2 43 6 36
0 40 31 18
2 2 22 27
33 27 4 26
23 22 2 15
26 0 19 32
8 49 19 24
3 14 16 31
2 21 6 16
16 33 33 32
15 47 27 21
22 20 41 21
21 38 24 29
10 47 35 34
36 25 1 15
40 39 12 9
14 8 20 25
13 47 3 16
18 9 25 27
7 48 18 24
37 46 3 21
31 47 32 16
11 9 3 14
8 9 21 40
12 3 14 16
8 10 16 23
2 30 5 27
30 18 25 23
16 44 22 19
12 15 35 44
12 13 0 15
20 2 3 21
22 7 29 41
41 42 24 30
36 46 29 24
3 10 39 18
12 6 22 47
39 42 16 4
18 15 23 30
16 47 25 23
28 24 14 17
2 22 33 24
28 20 24 26
3 20 9 19
14 42 19 33
18 13 6 20
22 15 9 14
2 23 7 13
18 48 25 25
11 46 36 15
16 21 25 49
9 49 31 22
20 9 31 21
0 18 6 8
38 40 27 22
21 2 31 24
38 40 28 16
12 47 18 16
41 45 35 12
15 10 36 39
9 20 37 45
7 21 12 19
23 18 39 39
8 11 3 27
25 16 1 13
1 24 38 45
25 19 12 15
2 19 19 2
24 34 23 2
29 42 21 25
20 35 4 16
17 42 21 37
18 33 28 17
47 27 12 4
0 22 24 18
31 33 0 29
20 4 27 20
38 42 32 14
20 42 2 29
26 49 22 2
23 23 4 4
0 23 21 26
2 7 1 19
13 26 43 46
19 28 10 22
12 32 28 23
24 41 33 48
39 37 2 26
30 24 7 5
2 24 27 28
2 21 25 26
34 46 31 26
2 15 6 20
4 4 26 28
17 35 13 24
17 38 33 13
5 3 32 42
38 44 4 12
38 44 0 28
0 48 7 21
2 21 34 7
43 42 3 32
29 24 17 5
34 18 48 16
35 26 4 20
27 45 4 3
8 29 3 23
10 36 1 19
16 29 29 21
4 25 14 20
39 45 24 0
21 6 9 17
6 45 39 24
18 39 15 17
12 15 3 20
10 8 25 19
23 39 0 14
2 27 30 35
17 45 30 44
23 28 35 43
27 11 17 20
16 40 42 38
13 30 35 34
9 19 18 1
4 42 20 37
20 8 29 19
41 45 0 20
13 48 18 10
10 47 31 46
1 20 23 19
5 4 2 30
24 43 24 32
49 40 17 15
12 8 29 11
0 28 39 19
