50 145 17330 800
26 30 24 10
17 11 7 26
38 29 17 6
42 39 16 15
35 29 17 17
42 12 48 34
19 43 43 22
48 44 42 40
13 44 40 32
8 2 24 29
41 18 10 21
23 42 5 27
16 42 37 24
13 32 20 27
9 36 13 16
41 17 34 15
20 34 5 27
30 46 9 39
29 16 44 1
10 26 7 24
15 10 27 22
17 24 5 29
45 8 6 27
32 35 22 24
27 3 34 28
12 3 17 44
46 18 39 32
24 24 27 36
44 22 5 11
17 32 4 26
28 29 48 31
38 48 32 21
46 40 45 18
11 7 6 25
30 11 49 0
28 18 2 24
18 28 38 37
43 9 18 25
44 20 24 25
28 14 47 0
48 9 4 8
30 37 1 23
40 41 46 3
13 22 21 2
40 5 5 25
44 12 4 28
23 47 25 35
39 5 41 23
14 41 12 4
29 20 8 2
26 38 24 32
22 40 27 2
39 0 8 6
38 9 39 23
41 4 38 8
12 21 8 33
29 37 47 22
13 48 38 17
14 42 33 25
25 5 4 23
7 15 8 26
15 3 18 36
49 14 44 5
32 15 11 0
20 24 4 6
42 17 45 36
16 46 22 31
41 3 19 32
45 48 17 27
36 25 11 4
25 41 15 5
29 31 6 23
45 16 25 24
14 17 2 37
23 0 19 41
23 10 34 33
38 38 38 30
34 27 32 21
41 28 32 26
15 49 20 16
48 34 28 35
28 25 48 40
15 36 38 13
2 0 15 18
29 27 38 39
12 40 31 26
15 23 16 32
9 4 17 25
30 26 14 6
47 7 18 36
26 22 32 24
38 1 10 0
32 8 6 13
29 18 2 43
43 39 16 13
43 28 46 44
10 31 26 20
33 20 41 8
7 22 48 8
8 9 6 15
36 32 5 31
22 14 21 26
47 8 1 29
31 8 15 7
20 31 24 3
18 40 25 27
36 33 14 49
33 26 1 27
40 42 42 31
32 15 32 27
23 22 6 29
40 10 1 9
3 12 7 25
20 13 45 24
18 1 20 29
40 6 46 9
33 9 39 27
29 18 25 36
19 45 9 15
20 1 1 24
39 8 43 2
24 13 18 7
18 36 48 43
22 38 48 23
10 49 4 15
35 12 16 2
42 12 7 13
38 23 44 12
7 1 1 37
30 12 16 4
17 0 28 5
45 9 36 28
7 1 49 31
38 15 35 27
14 46 15 19
39 13 37 49
25 49 43 19
1 16 32 0
36 46 22 39
32 28 6 8
43 11 0 25
40 20 36 37
37 0 2 28
13 3 47 4
42 10 5 25
