50 51 13556 800
41 3 45 11
18 28 17 9
32 9 38 1
35 30 29 4
49 7 12 21
43 2 21 18
42 3 7 18
19 35 33 2
41 16 28 46
4 36 46 10
14 25 24 33
27 48 9 10
16 39 8 33
32 16 23 30
15 27 46 16
33 9 47 30
48 6 23 29
16 30 18 16
19 40 40 4
47 13 43 38
47 19 16 24
47 7 19 16
5 41 48 1
38 10 49 6
14 28 34 3
48 8 40 9
34 12 41 46
10 28 26 11
26 29 24 22
17 24 47 11
34 6 20 28
17 44 24 8
9 26 40 28
18 44 42 20
38 10 41 5
34 41 11 33
15 26 25 0
20 34 49 20
32 12 46 30
23 0 36 39
20 33 11 19
35 1 12 20
42 10 9 16
29 27 43 26
16 25 6 21
37 14 49 28
36 32 27 35
29 9 37 14
15 32 34 26
45 42 42 27
33 2 43 23
