50 86 16532 800
14 34 5 4
31 37 13 0
19 1 15 2
2 38 10 25
11 35 24 18
28 31 14 5
16 37 39 28
13 6 18 35
39 23 36 13
6 8 6 26
7 29 19 35
35 12 1 31
46 13 36 3
11 11 8 27
3 17 7 36
48 21 10 11
37 18 10 18
41 4 33 11
14 5 13 49
11 8 44 40
44 6 27 16
14 5 19 23
6 8 43 29
13 3 9 23
32 25 19 20
9 2 9 10
0 25 13 0
11 36 6 10
14 9 2 14
11 42 15 34
15 3 27 49
12 10 12 39
8 23 33 34
15 4 37 24
13 4 39 22
33 19 15 44
7 33 12 1
14 9 19 39
4 25 10 0
16 28 9 21
46 15 13 37
48 16 33 26
0 19 13 46
10 39 10 12
13 22 8 5
9 33 14 23
9 35 9 1
6 34 27 18
6 28 8 40
8 47 9 3
17 1 42 22
15 32 16 46
6 25 19 42
10 38 9 2
33 16 16 23
11 33 30 5
39 9 37 27
12 12 1 47
45 16 41 25
34 25 33 37
6 26 42 29
43 8 6 13
10 7 14 16
4 7 7 36
7 5 13 2
11 9 22 0
5 22 42 37
12 25 16 2
15 20 17 25
9 25 19 49
10 34 34 11
18 0 43 19
7 21 22 49
8 19 15 48
8 44 11 15
10 45 0 28
3 24 13 40
46 42 12 22
48 8 18 15
8 9 10 3
45 1 6 19
8 4 33 16
42 13 38 26
36 46 23 30
9 24 33 9
9 33 31 21
