50 713 19335 800
4 40 33 29
44 27 37 31
13 33 1 20
37 41 25 39
31 8 18 37
29 37 32 3
18 25 11 32
32 34 18 37
41 37 22 49
14 21 11 45
16 42 29 13
46 41 30 42
44 46 30 37
20 10 27 34
33 12 35 44
19 29 32 42
34 4 27 4
36 3 13 40
3 21 28 6
12 37 28 12
31 33 26 45
36 33 30 34
8 18 19 37
28 27 8 47
47 21 36 38
0 26 13 25
26 3 30 37
25 11 25 39
43 19 17 39
15 41 29 34
36 25 33 37
45 40 15 36
10 22 20 46
32 6 8 33
41 21 31 14
23 25 41 47
33 9 32 46
38 10 24 39
28 28 31 13
16 11 27 43
40 37 25 34
6 28 29 46
15 28 21 35
17 1 5 36
30 31 25 46
42 33 11 38
36 7 29 5
8 15 10 40
16 21 7 35
44 7 17 40
31 25 16 36
22 14 27 41
34 9 28 27
25 2 26 8
20 30 21 37
6 32 23 41
38 6 24 7
25 44 15 40
13 17 36 37
47 33 25 30
33 2 40 38
34 10 26 35
45 27 27 33
12 40 20 36
0 40 24 29
2 34 13 33
43 34 20 32
25 4 12 42
36 0 34 38
47 37 26 6
30 4 31 44
33 8 16 49
9 39 35 34
36 0 28 39
33 10 22 31
21 10 35 32
11 27 4 26
1 42 27 41
29 5 20 38
41 42 29 45
4 38 16 42
35 18 30 8
8 16 32 7
12 0 31 38
21 15 12 38
32 7 29 16
19 0 20 39
31 0 26 45
35 15 27 10
29 3 28 48
23 6 16 46
14 40 15 33
2 44 28 33
26 5 15 32
22 1 37 47
46 24 2 31
10 29 26 40
12 28 31 42
27 13 24 15
33 3 13 36
33 4 20 10
24 37 16 43
19 18 32 6
29 6 21 36
26 23 14 46
49 23 26 12
28 5 32 28
46 3 24 16
20 5 14 34
24 24 31 33
6 49 28 46
32 3 13 48
14 14 15 36
4 31 38 46
2 21 25 4
33 0 21 43
36 8 21 3
34 3 16 37
15 31 15 43
4 18 28 10
43 41 26 9
32 10 2 19
13 21 18 45
30 5 27 38
4 34 27 30
44 18 35 44
15 19 14 38
37 5 16 43
13 0 19 49
34 8 27 7
25 26 43 40
4 14 35 33
15 47 23 35
0 23 17 37
45 11 19 36
32 8 10 47
31 4 26 27
37 21 15 39
32 9 33 5
30 40 23 47
32 2 26 38
47 23 24 13
19 0 24 41
3 44 19 32
31 19 15 41
46 21 26 46
21 7 29 39
34 8 19 29
8 15 32 34
3 30 17 33
2 14 4 49
2 41 14 42
36 13 9 43
31 6 35 26
47 38 8 23
8 24 38 38
43 20 32 32
31 4 26 35
29 18 9 42
14 33 24 44
35 0 29 36
14 6 13 40
35 5 27 45
37 41 25 45
40 39 20 43
43 20 20 9
28 3 36 48
49 19 21 28
31 23 22 49
32 7 36 25
43 10 29 48
11 44 16 48
30 5 38 28
16 14 23 46
45 8 23 49
8 12 21 39
37 41 28 42
0 43 24 49
32 8 28 34
12 37 14 41
49 36 21 41
1 40 23 41
24 10 32 33
35 31 25 35
10 38 28 48
27 46 23 47
27 21 26 39
22 31 31 39
22 11 9 40
14 28 26 38
45 19 19 45
37 17 17 36
34 46 30 3
45 22 35 25
22 47 23 37
37 15 39 42
32 9 22 38
36 7 32 29
32 41 23 43
36 42 24 26
7 15 15 39
32 7 33 41
9 23 14 44
33 6 26 5
29 4 25 7
48 47 40 36
49 40 25 39
19 13 21 41
47 23 13 41
29 22 28 40
24 10 21 41
17 6 23 8
24 2 28 9
31 10 29 33
33 8 22 35
22 9 31 44
28 3 13 38
33 1 25 34
22 18 16 48
47 10 33 38
34 8 25 35
37 40 32 42
33 10 20 41
29 5 15 37
30 5 37 42
5 39 12 36
47 20 35 43
24 28 21 36
33 4 34 37
5 43 24 43
6 31 38 34
9 39 26 35
14 41 7 47
17 9 30 39
28 32 18 48
29 2 35 47
0 31 26 7
33 6 29 38
32 5 34 40
42 23 12 46
48 23 14 28
4 39 19 39
44 25 27 7
31 6 21 37
45 43 28 14
16 16 29 41
33 45 25 27
46 43 30 7
39 6 24 43
0 13 18 41
25 15 20 32
28 44 18 39
25 7 30 41
30 34 27 38
12 5 24 44
49 33 16 39
28 20 9 32
35 7 39 44
23 10 25 33
32 5 17 41
27 2 38 40
35 2 36 34
35 11 36 45
23 24 43 39
15 10 16 39
33 4 31 27
7 21 21 9
40 43 20 33
11 43 19 43
47 21 13 30
4 9 36 45
39 31 29 31
1 29 30 34
8 21 19 40
32 25 14 46
40 12 19 37
48 21 27 31
23 44 26 36
17 17 24 11
24 32 22 12
28 6 11 37
34 8 25 10
21 4 25 39
17 25 29 41
23 6 26 42
19 33 18 49
17 25 29 39
4 42 27 22
11 8 19 33
35 44 18 32
8 43 13 39
20 28 14 35
7 44 33 48
44 22 19 39
46 43 28 36
42 10 3 39
0 43 18 31
41 30 17 37
25 48 15 45
10 26 22 48
15 41 20 41
36 2 31 38
30 6 35 42
36 13 22 35
29 20 8 37
33 8 20 46
15 37 24 41
2 43 25 43
36 5 25 39
12 33 26 7
48 19 14 39
5 38 31 33
36 30 16 45
1 45 18 42
40 33 10 29
33 11 9 42
42 21 18 41
37 8 15 41
9 33 22 47
36 21 26 34
15 25 33 32
34 40 16 42
41 48 25 35
33 11 19 32
19 3 27 41
37 9 19 46
39 43 35 42
40 9 10 40
17 17 13 38
33 1 21 40
30 8 32 39
41 27 15 47
48 22 21 15
19 17 15 35
40 5 24 40
28 18 26 12
44 10 15 37
15 34 33 39
40 8 35 38
31 4 22 44
34 3 30 40
47 37 36 33
29 2 30 48
47 16 17 45
13 31 17 35
31 6 0 32
30 7 30 46
33 6 31 42
14 23 25 37
46 23 11 38
38 19 27 13
29 36 5 32
46 2 27 13
39 3 24 40
4 19 30 2
10 15 13 24
49 38 46 42
34 4 31 45
17 20 18 40
41 15 17 44
23 42 34 35
36 49 23 7
29 6 27 37
30 35 9 32
44 24 14 35
9 24 26 1
36 27 13 44
26 47 37 37
24 23 18 39
35 6 41 48
10 46 23 35
24 18 27 35
46 24 12 45
49 4 11 37
49 2 16 34
31 7 23 49
9 28 40 25
45 20 28 47
41 11 19 29
35 5 14 35
34 3 34 30
16 42 22 35
2 44 31 31
7 38 31 44
10 39 18 35
30 37 16 44
22 14 21 45
42 35 29 49
48 20 39 46
29 31 7 35
20 14 20 48
32 9 35 28
29 42 34 42
17 41 12 37
33 31 37 39
22 2 20 25
37 38 16 40
42 4 30 26
44 35 14 30
37 17 33 28
9 26 14 37
29 13 38 45
18 31 44 37
41 34 30 42
31 9 16 42
38 9 32 33
29 35 23 40
45 22 24 6
26 46 40 43
44 21 16 33
35 5 23 18
24 21 13 41
33 35 23 42
22 3 21 35
32 1 26 33
28 0 26 46
15 31 22 8
35 24 3 29
12 45 15 40
8 40 13 36
34 39 19 41
6 40 34 36
26 15 31 11
29 15 26 7
28 6 20 42
13 2 22 38
27 0 14 36
32 23 18 42
47 47 25 10
35 3 21 39
46 1 28 35
48 10 30 36
48 4 18 36
3 39 30 43
19 19 24 23
0 46 28 14
36 45 13 47
20 34 10 42
32 34 32 9
41 36 32 49
30 6 4 41
1 39 24 23
30 8 18 39
13 1 13 47
42 2 16 40
34 11 13 34
15 27 28 49
46 23 28 45
23 38 20 46
18 27 26 32
17 20 18 33
22 36 28 43
25 33 27 10
12 45 25 31
36 23 20 8
45 24 22 38
36 23 24 48
32 6 14 36
44 17 36 42
33 3 24 15
9 15 39 48
35 10 25 46
11 15 9 39
2 32 29 40
39 25 16 31
44 21 18 36
19 18 22 12
45 41 26 37
35 34 9 40
25 41 27 45
45 22 29 40
32 14 36 37
14 42 14 32
31 19 26 6
14 16 28 34
42 22 23 15
31 5 32 48
16 23 17 42
30 15 33 34
24 16 35 32
10 24 32 0
31 6 31 34
9 13 21 13
35 7 18 28
34 8 18 31
14 21 39 30
11 8 31 23
44 18 23 35
32 32 36 48
9 15 28 11
46 26 27 10
44 6 8 30
39 5 20 37
3 41 39 40
15 44 33 41
16 33 28 37
6 20 11 42
45 17 30 7
20 36 24 41
43 38 11 39
41 21 23 35
21 11 25 35
31 8 40 41
20 43 18 36
36 6 19 34
18 22 13 42
43 40 31 28
12 10 16 30
32 8 28 9
31 6 30 41
32 1 31 9
26 3 39 41
44 20 26 32
43 20 20 47
22 7 16 39
31 33 23 39
32 8 19 46
44 9 7 38
31 11 13 39
31 45 28 8
15 45 12 32
46 21 19 31
12 22 28 49
45 23 18 39
18 39 9 35
28 5 29 39
26 20 34 28
32 6 26 45
31 1 27 20
30 0 31 6
14 5 11 33
14 23 38 46
19 29 19 38
11 1 22 14
27 40 34 41
29 4 21 34
26 3 22 45
35 3 15 36
28 3 38 34
45 6 25 38
14 41 23 1
14 5 10 40
13 30 12 40
21 16 9 14
1 41 16 40
36 13 8 34
34 10 26 36
1 41 30 8
17 14 7 33
24 32 8 44
32 6 45 37
39 7 15 33
27 4 30 48
34 7 8 39
44 13 12 27
21 5 26 45
28 6 28 42
19 31 34 36
10 37 17 34
22 4 27 13
26 17 11 39
27 3 32 48
46 44 15 38
7 18 22 10
35 3 10 31
42 22 28 39
7 15 36 37
23 33 36 44
33 5 32 32
46 19 21 32
42 45 17 46
37 5 25 8
29 5 23 7
2 42 28 39
13 15 30 40
26 5 28 43
23 36 23 6
19 33 23 16
32 37 17 45
14 33 22 48
28 31 6 48
10 17 21 29
25 15 20 49
30 8 29 41
33 29 17 37
44 35 30 44
48 34 12 32
9 18 26 8
45 21 27 48
26 21 23 6
0 40 16 36
29 7 0 29
13 30 26 9
31 6 11 36
27 17 23 44
6 42 25 47
34 3 30 34
0 43 31 9
37 9 20 41
5 0 11 35
43 11 22 32
44 26 12 15
36 23 40 40
8 42 29 36
27 8 17 36
17 23 21 42
5 43 15 38
4 45 11 40
45 36 43 42
18 23 43 42
27 2 17 46
36 40 9 31
44 21 16 37
25 9 10 41
29 5 15 49
22 16 18 43
48 40 13 41
6 6 22 41
6 39 22 30
9 36 18 38
30 19 16 39
16 9 20 47
28 5 26 48
15 6 22 30
32 5 19 49
37 12 26 9
16 39 7 45
33 8 18 45
26 38 25 45
30 44 16 37
39 11 34 33
13 30 29 34
13 20 27 41
17 36 13 49
15 22 20 44
11 2 31 36
17 44 14 48
9 18 34 30
31 6 24 49
25 4 19 5
33 4 41 38
40 2 26 40
17 43 28 10
27 22 20 42
34 4 21 22
38 3 7 43
31 2 26 8
24 27 25 3
45 22 31 34
44 48 24 40
28 38 21 47
9 36 30 33
3 25 16 26
11 41 14 38
35 40 20 37
13 35 35 39
26 30 13 31
47 27 23 31
32 3 18 31
22 27 9 44
47 25 17 35
47 29 29 41
31 22 24 49
31 7 15 39
39 14 33 47
38 6 28 5
32 2 24 34
23 2 30 46
46 46 25 41
27 8 25 47
24 0 20 49
36 8 13 46
32 4 14 40
21 24 33 37
28 32 15 46
45 43 34 29
34 23 33 3
35 24 21 34
19 4 30 34
38 30 13 41
29 15 23 37
47 26 8 34
27 6 31 34
21 9 18 30
30 6 23 42
21 41 27 35
32 0 14 37
42 3 32 33
32 5 13 43
22 48 30 42
39 7 20 8
27 22 14 36
12 45 15 49
45 38 18 39
28 18 18 27
26 0 39 37
27 1 13 38
43 14 25 10
39 4 19 45
23 5 24 42
31 3 16 46
46 34 12 40
44 4 15 43
32 0 30 40
33 36 18 42
17 12 17 37
15 35 24 42
29 42 22 35
32 6 25 40
21 33 28 10
47 42 17 39
37 24 36 35
13 43 22 44
