50 1524 19049 800
27 32 44 42
30 37 33 41
17 42 15 5
44 16 15 5
16 30 23 27
14 31 27 31
8 41 45 17
34 49 49 23
38 35 35 7
31 38 46 35
31 25 23 38
19 45 11 6
34 48 14 39
14 38 44 42
39 43 34 39
23 24 42 29
37 46 23 18
25 29 40 38
6 41 3 26
3 38 38 20
2 21 16 21
45 20 38 18
44 42 8 16
37 39 43 23
46 49 43 17
23 36 20 46
44 42 45 22
48 18 35 32
44 17 36 10
42 39 15 31
25 33 19 44
19 24 33 30
16 23 36 37
41 37 33 1
7 44 40 15
21 47 45 20
16 43 38 29
23 27 44 37
48 27 12 0
0 43 47 18
37 25 1 1
40 42 1 47
23 32 45 48
12 40 45 20
6 42 48 12
29 25 47 39
30 26 39 38
21 39 39 42
44 14 19 17
24 32 43 19
45 13 35 3
41 46 21 42
20 16 33 5
33 32 36 26
38 48 37 37
41 36 19 12
48 12 41 21
26 35 40 20
40 38 17 17
25 34 24 42
44 45 36 31
37 42 30 33
47 13 39 31
20 29 15 9
25 44 22 14
25 36 44 25
9 26 11 14
15 27 6 16
49 44 10 25
28 42 32 46
4 38 48 20
19 33 41 23
32 34 25 45
34 20 31 24
5 39 9 18
23 31 19 29
16 34 47 19
26 33 38 5
35 33 45 17
17 48 49 12
10 30 19 8
33 26 21 31
18 37 17 1
36 34 4 23
19 19 43 20
32 45 19 33
29 24 39 47
13 36 39 17
12 49 41 32
40 46 16 46
44 16 25 6
23 45 46 43
23 42 32 32
41 48 29 43
37 32 18 1
44 14 25 0
22 37 36 29
10 25 32 47
14 29 38 13
38 27 13 4
37 42 41 12
5 37 12 10
7 43 41 19
31 40 18 6
28 40 42 34
31 40 33 9
47 12 36 17
20 26 39 12
47 47 23 41
47 12 21 47
7 28 42 15
16 41 10 3
0 45 47 45
14 35 36 35
11 44 41 16
26 26 42 41
20 36 38 37
24 35 17 6
38 45 38 17
12 32 45 19
8 32 36 35
27 35 34 0
39 47 14 27
42 42 12 15
21 44 27 11
46 13 48 16
39 42 34 44
2 38 39 14
33 39 41 19
33 31 18 12
38 44 1 47
5 32 16 25
5 32 46 25
18 31 33 28
10 36 44 44
26 35 27 20
16 25 18 12
23 46 33 41
42 17 37 42
45 42 45 21
39 45 23 4
42 44 38 40
46 15 29 19
27 30 1 8
11 29 18 19
8 33 43 44
31 31 24 10
32 17 40 15
36 19 20 6
10 45 41 23
35 42 48 15
23 29 25 48
44 14 25 15
11 20 42 25
7 40 39 43
25 42 9 2
30 43 46 18
23 42 48 16
3 32 44 20
11 34 11 6
18 40 39 32
45 34 17 29
20 28 40 23
18 39 35 2
8 42 47 47
8 43 43 16
44 17 29 47
4 37 20 35
49 18 25 21
32 38 26 26
49 39 45 31
11 42 29 38
0 38 23 12
47 17 47 22
36 42 43 47
30 32 44 36
44 26 49 41
14 29 17 17
20 34 24 2
32 47 10 11
15 31 31 29
37 34 14 34
37 36 43 19
24 11 41 21
11 41 30 33
36 39 45 20
21 46 47 22
22 11 44 4
44 45 28 23
5 36 27 40
39 41 28 35
31 38 30 31
22 35 32 47
23 44 38 33
28 46 24 34
27 38 20 47
42 14 8 18
42 30 44 18
44 15 39 5
10 37 38 30
18 37 31 24
36 36 14 16
10 42 44 20
31 18 49 17
35 40 49 37
45 47 31 39
44 37 33 45
24 36 40 29
18 41 31 48
3 42 9 8
12 34 32 30
26 39 44 37
16 20 28 17
47 11 45 25
31 28 42 15
25 43 40 12
23 44 12 23
13 34 45 23
16 32 43 48
8 29 32 48
2 16 4 21
43 16 48 18
46 13 40 15
17 40 41 37
27 31 25 40
36 36 1 6
42 16 0 18
42 10 17 36
41 30 24 34
8 6 38 19
39 32 32 9
43 30 48 21
44 31 49 19
8 41 16 9
9 45 42 22
10 35 42 22
4 44 44 17
48 47 7 27
3 35 23 31
17 38 39 27
47 15 9 13
24 37 18 24
40 14 45 19
39 47 10 40
29 34 22 32
25 47 28 49
42 17 34 37
24 31 43 14
29 18 33 43
8 30 41 22
35 31 39 10
34 37 19 28
45 42 44 20
35 41 14 6
30 41 44 22
38 26 49 19
35 18 47 43
42 48 49 20
25 45 48 16
44 14 49 21
23 32 40 16
39 38 17 10
31 41 15 9
28 39 37 42
10 36 44 24
30 46 32 24
27 41 30 3
43 17 47 15
1 37 4 8
11 32 47 19
27 32 37 20
16 30 47 42
21 43 1 24
13 41 31 25
41 39 46 40
35 36 26 48
42 45 8 17
5 31 43 26
41 45 5 7
4 45 31 38
41 10 45 18
29 39 39 39
36 40 41 19
26 30 28 44
40 41 13 24
49 31 9 42
37 43 31 34
44 16 39 2
36 49 5 8
22 48 21 26
19 45 44 36
33 37 35 27
39 16 16 3
9 34 18 9
1 37 13 21
6 48 46 16
31 40 16 49
0 32 44 41
17 26 21 5
19 39 10 1
18 35 17 5
35 36 40 22
20 26 40 42
5 33 33 31
27 11 33 41
26 30 38 41
47 14 48 20
47 12 25 41
9 42 49 21
45 13 37 26
1 30 28 49
15 38 39 23
44 16 41 19
42 23 35 46
3 42 24 7
40 15 21 37
24 46 11 9
42 15 41 47
0 13 16 14
22 45 35 2
42 45 41 31
20 34 31 8
9 32 9 5
45 16 3 1
38 37 35 30
44 11 41 25
17 47 28 19
45 15 17 6
13 31 16 6
35 32 46 48
17 16 44 22
23 40 40 43
46 44 37 40
20 20 0 17
37 47 28 12
28 33 24 32
24 32 42 37
34 45 43 16
21 46 39 18
43 13 44 17
24 34 33 44
2 39 32 7
34 35 35 30
34 45 21 2
40 14 39 29
7 40 39 47
21 26 36 11
25 31 47 11
27 33 33 34
23 28 25 45
24 30 42 32
37 38 35 48
1 39 0 1
43 49 48 37
1 28 45 31
17 39 33 24
12 37 47 47
37 44 48 46
43 15 32 29
38 34 45 19
23 49 37 39
42 16 40 47
38 37 48 19
47 43 30 40
12 41 27 21
28 42 31 1
37 49 23 33
34 32 31 38
31 28 33 1
12 31 36 44
47 36 33 39
27 22 15 21
11 45 43 43
29 33 17 2
24 39 43 15
14 36 31 35
40 48 4 31
22 41 15 34
43 28 45 15
41 12 1 15
48 27 42 15
19 21 27 46
42 38 34 18
29 37 38 36
20 33 44 15
41 44 22 28
5 48 38 42
14 40 46 17
36 36 42 22
25 39 3 12
26 35 47 16
44 13 38 19
23 24 37 33
22 37 34 39
40 35 40 13
3 29 29 1
36 36 23 1
6 15 38 26
28 47 45 18
25 35 31 3
39 44 27 23
0 32 41 19
6 36 4 31
27 11 10 10
10 36 42 20
41 38 32 34
19 29 22 16
49 44 12 9
1 35 33 41
43 49 45 31
9 21 33 36
17 37 42 19
37 37 33 21
35 30 32 27
38 42 27 48
24 29 49 42
16 33 44 20
3 30 22 7
36 25 25 11
48 49 26 26
32 24 19 9
40 44 28 10
26 29 24 41
14 31 39 38
12 33 23 29
30 38 45 39
33 31 48 27
9 37 25 7
46 41 36 39
41 45 48 39
18 30 22 43
7 28 38 41
4 47 26 30
45 10 38 40
2 43 26 3
48 12 38 24
40 34 32 6
46 10 20 8
31 47 1 32
36 15 33 29
45 36 30 9
13 40 37 37
4 35 39 19
14 44 42 16
7 48 38 48
8 23 47 20
47 42 45 38
15 39 29 17
44 45 40 17
37 32 17 8
14 28 45 22
40 45 42 25
32 32 41 22
32 37 19 14
37 41 40 43
3 35 43 18
11 33 49 39
25 39 3 11
27 33 36 21
43 45 49 43
39 44 28 11
20 25 38 45
19 44 29 29
5 30 40 47
28 48 1 29
32 39 45 13
26 35 25 31
11 46 25 7
41 13 44 16
33 19 37 28
40 19 22 20
43 7 11 4
24 34 47 19
36 42 43 21
15 36 32 44
24 22 48 19
46 35 46 41
18 45 42 25
30 33 19 14
44 48 32 1
34 17 47 21
3 43 25 3
44 40 23 42
11 45 49 45
40 38 42 20
42 11 24 47
33 31 29 32
33 43 2 1
42 13 30 14
14 36 37 42
33 37 48 20
5 34 16 20
27 45 38 45
14 30 16 45
27 40 24 6
15 30 36 42
30 33 20 13
20 30 28 45
44 48 41 25
4 21 22 5
25 40 45 33
23 39 41 15
13 36 37 48
34 35 14 45
34 47 47 16
28 27 23 49
22 40 47 21
14 40 6 46
43 45 12 24
6 30 38 30
5 43 36 40
42 13 36 48
29 41 21 6
14 41 31 23
46 12 34 17
48 19 22 11
7 35 32 20
21 33 42 26
38 34 28 27
6 26 18 11
43 16 17 1
45 12 15 10
6 38 37 21
36 32 46 43
42 46 34 39
44 42 46 19
21 42 41 32
26 31 42 39
19 39 27 30
27 49 37 40
33 19 42 32
36 37 18 38
41 20 21 17
33 34 38 45
16 42 28 29
1 44 46 21
26 37 31 39
25 27 31 3
33 34 27 36
2 42 14 0
32 27 22 7
41 38 27 43
34 36 48 33
34 49 19 9
7 34 37 14
14 31 45 27
18 34 48 34
33 46 45 24
41 46 47 24
46 40 42 29
23 37 11 4
38 44 20 38
19 27 4 46
48 13 31 38
20 41 43 28
44 45 3 45
5 44 48 19
18 34 30 43
3 32 32 19
46 15 18 9
28 45 33 14
13 36 43 22
31 39 19 25
43 35 45 16
21 33 43 19
35 38 22 17
27 27 40 25
23 23 16 32
6 37 31 27
8 40 47 20
48 37 32 6
32 41 18 18
44 39 15 13
13 34 27 2
11 28 19 4
25 40 15 5
44 16 47 20
26 31 21 13
1 25 17 8
9 33 34 36
6 37 28 5
19 47 19 10
11 36 25 29
0 42 6 3
40 43 47 16
9 33 25 16
14 36 46 15
36 27 11 25
26 45 32 41
36 43 47 13
5 42 19 7
27 31 36 45
25 29 24 11
33 49 31 34
39 46 43 4
27 43 37 21
4 18 38 45
21 44 14 47
35 26 30 41
25 30 38 18
13 28 15 23
35 47 45 20
44 48 19 29
37 37 44 32
47 37 49 19
39 39 48 17
31 32 43 34
7 36 3 9
47 43 39 12
32 14 40 40
20 34 36 44
49 48 43 15
42 17 47 15
40 42 47 22
47 11 45 20
23 21 19 10
18 29 43 40
3 42 31 28
20 31 46 21
41 18 16 36
32 47 35 1
26 30 12 0
13 34 5 27
43 37 20 29
24 37 42 18
36 38 5 33
11 37 48 41
17 41 21 6
44 16 25 45
23 37 34 13
46 13 15 10
2 32 33 39
20 33 11 8
44 12 42 43
27 40 16 8
16 23 33 35
26 19 4 4
27 42 16 0
5 32 12 14
13 41 24 24
19 42 17 34
34 46 38 36
30 42 42 13
18 42 1 10
16 23 42 40
46 35 43 19
34 46 48 13
16 36 44 26
44 13 28 43
49 40 42 43
31 44 42 15
9 45 43 20
43 14 11 23
22 45 13 13
18 41 20 11
43 45 27 21
4 47 18 6
24 49 41 26
24 31 39 44
36 24 48 16
9 39 42 38
42 15 44 30
12 36 23 7
36 49 45 37
46 15 43 20
18 39 45 43
40 15 17 4
22 18 17 0
41 11 27 3
46 9 27 36
44 22 47 38
32 49 46 19
2 20 47 25
44 46 30 47
47 45 45 19
4 46 37 24
34 40 35 46
47 10 48 28
33 39 5 22
23 45 16 26
30 33 43 25
32 40 43 26
24 18 30 43
45 15 29 47
10 42 31 4
44 36 28 13
33 33 42 42
24 26 35 38
34 35 41 13
42 16 21 38
12 47 32 27
21 31 37 43
28 30 18 34
28 34 1 5
24 43 42 17
33 48 39 23
28 42 32 39
32 33 17 4
6 38 34 5
34 35 44 19
21 31 44 10
43 16 49 11
36 45 25 47
29 24 33 1
41 44 45 19
33 27 47 16
46 42 44 17
45 41 35 47
17 44 20 18
24 29 42 47
13 42 33 24
25 38 31 46
3 35 34 31
14 35 26 0
47 29 43 22
36 48 49 17
39 35 48 14
44 15 47 20
37 38 16 1
9 31 40 39
35 47 46 24
44 14 38 17
31 49 41 31
15 27 39 27
17 26 47 49
43 15 37 9
44 15 7 33
30 44 27 0
33 25 1 13
41 44 49 20
38 18 44 38
31 34 47 17
25 29 43 16
7 21 34 45
32 34 34 44
33 42 17 43
25 41 24 20
43 27 31 15
11 33 48 21
46 16 33 28
45 30 0 17
49 32 29 3
43 13 46 33
39 30 33 4
23 34 36 35
43 13 11 3
31 37 36 29
29 22 15 14
3 45 23 5
11 25 19 1
43 18 27 6
44 46 13 18
37 48 44 25
37 29 45 17
6 39 19 22
4 38 41 24
20 32 22 25
7 36 37 37
7 41 23 14
48 46 34 40
20 21 20 4
25 45 46 16
35 38 30 43
49 47 25 41
9 26 35 9
28 33 26 5
33 42 24 26
23 33 44 20
34 40 24 17
37 27 9 5
33 31 22 2
43 40 43 46
18 35 28 0
36 40 31 21
40 9 31 9
3 44 19 8
3 36 42 45
44 46 37 48
14 33 30 3
37 32 34 37
19 44 10 30
2 47 8 12
15 37 2 15
44 12 45 43
24 31 7 31
27 36 9 16
17 44 11 8
23 44 45 17
19 34 47 21
39 11 21 38
41 15 6 8
19 31 31 42
3 27 7 0
10 40 21 39
12 29 16 43
30 42 37 46
33 45 33 33
3 36 15 45
27 44 44 36
47 40 30 34
36 43 6 46
35 40 35 31
37 26 31 37
44 14 37 23
26 34 32 36
25 36 28 28
43 16 26 40
30 35 9 43
2 40 10 16
4 40 21 11
19 38 31 25
7 40 42 3
28 41 27 7
16 28 49 21
25 33 35 33
5 37 34 47
41 36 44 21
12 36 10 1
29 46 44 49
39 36 33 35
25 35 45 15
34 45 24 4
11 16 36 44
21 11 37 45
44 47 41 18
45 10 44 23
3 8 34 41
43 19 37 25
29 44 46 23
12 21 41 8
19 44 14 25
47 15 18 17
30 45 10 29
43 33 26 13
45 41 23 26
15 8 43 16
24 37 35 47
49 47 36 3
39 41 4 48
42 46 43 29
24 45 40 23
22 49 0 5
1 33 31 31
4 47 40 42
35 46 46 16
31 26 43 25
39 27 23 19
43 41 48 33
30 32 47 49
27 32 21 23
47 43 22 9
26 46 42 26
19 36 26 16
14 44 33 37
25 46 38 24
41 11 7 49
25 34 47 22
42 39 19 13
3 46 41 19
4 33 43 21
7 31 28 13
34 39 35 44
35 43 24 4
16 34 40 23
0 10 2 0
29 37 39 46
20 21 46 20
0 41 7 40
45 37 18 9
12 39 48 48
17 41 44 39
17 20 41 21
43 27 7 14
5 37 45 49
49 44 17 12
12 31 47 23
28 32 41 42
8 49 48 25
48 43 23 13
30 30 13 2
25 45 43 18
39 29 7 18
21 41 34 36
26 45 35 41
38 35 41 46
36 35 26 45
40 39 34 44
25 46 34 41
23 31 20 22
13 38 44 31
46 35 44 13
30 43 39 34
14 36 42 26
25 24 19 15
5 49 38 45
44 16 41 44
30 29 5 35
7 44 47 20
24 24 27 39
10 34 46 21
46 45 48 18
12 39 24 2
23 19 47 22
19 34 24 46
29 37 12 25
12 23 41 49
44 44 18 0
43 40 36 20
7 34 47 33
4 27 36 49
21 7 28 41
26 47 45 16
10 29 25 3
45 47 5 36
40 34 39 43
34 40 46 29
24 34 48 20
22 37 32 47
27 37 41 34
41 46 48 32
9 45 22 11
11 40 23 42
2 39 39 18
15 31 33 5
35 42 38 18
26 25 41 21
38 41 46 41
18 12 47 43
31 27 43 21
30 37 17 10
37 47 44 36
41 25 22 27
42 30 49 49
21 30 38 45
16 48 38 10
2 23 29 20
19 37 37 35
46 29 25 16
37 33 38 37
34 38 43 15
43 47 17 36
17 25 16 43
47 16 23 26
23 29 5 39
41 12 45 18
8 43 38 45
6 42 25 3
41 43 26 27
48 14 19 8
29 36 35 18
34 34 34 28
9 45 47 36
2 35 15 15
42 13 43 32
47 39 34 17
47 38 32 27
14 45 32 36
16 39 35 34
46 30 19 4
47 11 31 18
11 29 36 31
41 42 42 16
18 35 24 1
27 25 28 39
44 13 21 5
36 45 47 17
30 41 7 16
39 23 30 19
21 35 44 27
16 37 22 35
8 39 1 23
38 42 27 47
12 46 20 49
29 26 29 13
0 42 48 22
8 31 42 47
42 46 34 35
2 43 22 29
43 29 34 41
32 42 14 17
42 12 12 1
23 30 23 22
31 37 39 41
35 35 42 39
16 46 49 36
18 40 28 39
16 36 7 17
11 42 43 5
44 47 31 35
21 31 37 9
3 31 14 25
46 48 42 22
30 34 44 15
7 14 46 32
21 23 38 28
29 29 42 19
32 43 25 47
44 39 47 18
15 44 44 40
38 44 41 47
46 12 34 30
13 26 40 45
38 37 20 10
21 35 23 11
29 42 18 9
27 47 45 42
9 37 21 6
28 36 35 45
41 17 27 32
5 36 12 41
35 38 47 44
18 25 28 22
14 45 20 1
48 49 45 27
6 42 44 18
13 26 43 40
34 28 30 41
19 42 41 39
27 26 26 15
31 40 29 45
45 24 24 36
13 39 45 42
10 39 12 10
40 41 19 46
6 31 39 24
35 44 13 27
17 45 45 21
24 14 48 18
27 21 48 19
18 14 7 12
45 11 47 21
4 35 32 35
19 38 42 39
42 17 40 36
47 13 48 17
9 34 47 11
3 4 8 19
20 36 40 27
22 37 12 20
18 28 18 16
36 40 49 45
13 24 28 2
6 34 28 33
29 35 24 12
43 39 21 4
34 26 44 16
26 43 15 12
35 30 20 15
10 44 27 16
28 32 0 15
18 43 44 19
28 46 45 15
20 40 34 43
14 41 45 24
47 31 40 23
42 11 14 3
23 34 29 48
7 42 47 45
44 43 45 17
13 42 46 29
20 29 42 36
30 43 46 12
39 32 42 14
11 28 42 16
37 46 10 12
49 40 27 1
14 16 7 10
38 44 35 30
46 15 32 49
23 15 47 23
7 18 19 32
46 14 20 16
45 11 28 40
26 42 46 30
10 36 41 26
34 45 9 14
24 37 34 46
23 40 38 27
22 21 35 37
5 41 36 46
0 22 19 19
43 14 16 2
36 49 18 41
21 46 0 38
14 46 36 37
31 21 48 14
34 13 32 36
47 15 41 16
13 37 7 8
6 46 21 25
44 14 31 10
38 33 2 47
20 40 18 1
46 25 14 1
37 34 33 40
48 49 14 38
39 37 34 7
44 16 19 37
35 44 41 19
25 27 32 40
4 17 37 44
42 49 31 37
27 17 31 43
40 31 43 14
23 36 41 32
7 41 38 27
15 29 31 21
21 37 12 8
34 27 27 5
12 42 3 22
29 28 41 25
43 44 6 19
2 36 27 33
13 42 8 28
41 22 17 21
37 47 25 35
23 22 42 31
20 44 31 48
33 39 25 30
39 40 38 48
46 11 35 8
17 36 42 17
42 46 29 42
19 31 41 46
15 37 32 42
7 39 23 16
40 45 5 13
31 48 42 23
44 14 46 21
2 30 35 25
7 34 48 44
4 49 42 37
42 24 27 31
41 43 34 44
27 25 13 9
42 44 47 16
39 46 26 29
22 42 36 35
37 46 31 43
23 24 14 34
32 43 38 43
17 23 45 16
24 26 47 16
43 11 44 18
7 40 38 43
45 32 21 13
23 35 45 38
23 42 39 21
36 44 12 12
9 33 46 24
10 33 20 36
42 14 42 44
24 27 42 18
39 49 47 19
47 46 19 4
48 14 18 37
14 42 46 48
31 48 16 24
2 43 44 19
44 45 4 21
38 31 36 26
48 16 34 11
30 38 24 26
46 44 22 37
26 39 45 49
45 15 3 3
43 19 36 23
1 39 47 13
26 45 32 10
19 25 29 45
42 14 24 1
45 15 46 20
22 25 38 13
47 42 43 14
16 37 43 25
42 46 46 24
20 37 33 29
44 16 27 44
27 41 2 30
29 28 46 18
12 37 43 32
45 27 21 0
38 39 45 26
49 27 39 34
27 49 46 40
5 36 30 9
48 36 44 41
2 38 14 17
12 36 42 15
25 26 42 44
1 16 43 19
2 45 32 43
34 33 42 3
45 11 3 1
16 38 46 15
13 38 2 9
21 35 28 38
48 46 16 7
10 2 38 30
34 40 4 33
39 24 44 15
33 37 48 36
13 29 15 14
30 40 42 19
13 43 42 30
20 31 44 14
12 35 17 28
27 38 29 6
23 39 30 42
20 42 40 33
28 27 41 48
45 15 31 16
28 41 47 18
41 10 45 15
25 34 30 46
30 39 41 28
15 46 33 31
20 28 12 6
4 42 36 0
15 44 42 19
45 13 12 9
40 36 30 7
31 39 6 8
21 32 9 14
40 28 44 13
9 5 45 16
15 33 49 12
44 36 48 3
45 14 16 35
45 12 42 19
2 42 40 39
37 44 0 37
48 49 22 11
23 46 42 37
39 43 27 41
8 30 34 28
23 41 13 38
18 38 33 33
20 29 39 26
29 36 39 34
25 44 25 15
37 33 49 15
12 31 17 12
12 23 26 5
43 13 8 11
12 38 45 17
32 28 27 33
47 46 24 9
42 34 30 39
8 43 34 30
35 49 42 16
39 36 39 15
18 49 31 18
18 41 23 0
27 36 49 19
42 15 31 31
17 47 44 18
37 40 49 37
32 37 19 16
4 37 32 23
11 22 37 29
43 14 39 20
26 23 46 21
14 27 37 35
48 16 19 1
17 27 23 26
45 10 40 49
32 41 1 9
41 32 22 31
17 47 20 24
40 22 6 12
31 49 48 45
34 40 47 18
13 37 34 41
22 39 46 20
7 36 42 24
21 39 23 15
35 45 49 11
33 39 25 0
3 44 34 11
7 49 42 21
43 16 18 7
11 39 25 37
32 23 11 17
40 37 27 42
38 32 6 36
7 31 41 20
25 43 10 6
47 14 24 16
46 15 44 48
6 38 47 28
15 14 46 16
38 37 14 15
38 44 20 4
9 31 29 22
44 12 38 47
37 37 38 4
45 13 22 27
29 31 39 20
5 38 42 21
36 47 35 17
18 28 9 35
7 40 41 17
18 16 25 35
26 49 40 46
22 30 33 40
8 34 38 46
35 25 46 13
6 40 30 41
9 38 46 20
36 37 42 11
46 38 47 16
22 31 29 24
18 23 11 14
5 39 44 25
13 45 10 6
37 41 27 24
49 13 34 38
18 37 43 40
35 29 45 33
45 14 34 40
22 41 10 0
40 31 31 42
44 16 4 9
36 47 30 23
29 41 16 27
7 36 32 36
35 42 18 1
42 44 21 7
3 41 43 20
30 30 25 45
11 15 0 16
28 40 31 19
25 49 47 14
38 33 43 30
15 27 44 19
45 14 11 8
24 39 31 16
46 18 43 43
15 32 16 2
46 36 16 17
6 37 32 10
16 46 35 30
10 43 23 37
9 41 43 43
25 46 31 35
40 43 36 24
31 29 9 16
38 47 34 37
26 46 49 15
9 9 40 18
38 30 49 29
31 46 49 37
31 33 44 31
2 45 21 24
38 44 17 22
29 27 43 20
34 24 35 46
8 33 44 36
26 46 36 48
47 46 41 25
2 35 26 19
32 34 44 26
15 38 31 45
43 13 47 22
8 46 47 20
46 18 33 28
11 37 35 34
46 29 36 26
40 13 35 37
38 36 32 36
27 30 24 35
23 42 40 23
1 40 43 19
34 44 23 8
1 33 4 15
43 46 10 12
17 38 34 43
33 29 5 2
44 12 48 19
29 36 38 49
7 27 30 10
13 36 12 25
46 40 29 6
43 38 12 25
19 37 36 33
15 32 48 25
42 40 23 42
29 32 27 37
19 43 48 41
47 11 24 18
15 36 2 3
41 39 25 14
26 35 46 16
18 45 34 48
38 25 46 20
33 41 46 21
47 13 25 1
24 43 14 47
8 29 38 42
9 42 41 36
34 40 40 43
45 41 5 40
9 37 13 25
28 30 37 27
9 44 36 43
22 27 39 3
29 44 16 12
23 32 49 40
23 47 10 7
33 37 42 21
22 38 17 44
30 48 29 7
4 47 43 11
29 34 13 18
26 44 13 36
42 37 34 34
31 43 29 7
45 15 8 1
48 39 43 27
45 15 49 28
19 24 48 16
45 11 40 17
24 26 35 44
43 41 37 48
24 48 41 22
28 30 15 12
12 23 41 22
10 35 28 11
23 45 19 8
2 16 43 7
49 40 28 32
29 34 39 31
12 45 43 20
37 17 41 38
24 29 47 25
15 35 14 16
27 36 27 48
37 42 39 46
6 38 45 31
45 31 46 10
38 44 15 26
6 38 44 30
23 49 25 8
18 40 17 4
18 44 28 42
20 35 36 6
42 13 33 42
43 15 27 30
32 46 17 5
5 39 28 1
31 46 43 25
18 36 23 22
15 41 1 31
7 29 42 36
31 46 42 44
32 34 49 20
27 19 1 24
10 39 40 20
20 29 22 7
36 46 38 27
8 29 47 45
46 17 48 20
9 37 46 25
15 35 33 35
10 30 2 15
5 41 19 46
6 48 15 1
32 32 45 22
48 13 12 15
12 27 12 5
36 34 42 20
19 46 6 9
13 40 26 35
37 34 26 7
23 41 30 40
26 38 15 7
15 36 37 38
38 44 20 0
46 42 34 48
18 26 35 39
14 41 24 10
43 37 7 7
15 47 34 0
32 45 2 29
32 45 23 38
10 43 38 21
1 18 30 37
25 45 19 14
44 16 33 36
44 48 39 30
26 39 28 17
11 35 27 34
30 32 39 43
48 49 0 6
33 45 44 35
1 43 42 38
43 16 32 16
24 44 40 38
44 39 31 45
41 26 27 18
20 29 46 17
17 40 49 19
26 48 40 20
39 49 25 3
6 27 41 46
9 46 29 43
35 43 2 4
21 44 24 25
26 41 48 30
0 42 42 22
46 15 35 38
23 23 33 2
2 30 20 21
44 16 41 40
21 22 38 43
37 37 29 32
47 44 31 47
29 39 10 13
27 35 45 19
27 41 23 28
38 13 37 40
15 35 46 26
31 30 37 41
