50 67 11776 800
36 28 0 25
31 10 13 29
47 37 32 42
20 23 3 28
34 25 23 36
33 43 15 25
37 38 17 20
5 12 32 1
47 49 26 30
34 28 17 24
40 11 38 6
13 36 35 40
22 5 4 28
47 21 17 31
40 45 7 16
22 17 13 34
44 39 9 25
33 20 32 25
28 22 13 44
20 11 26 31
33 32 20 18
47 37 13 39
29 28 36 46
26 5 13 30
19 8 34 46
28 26 5 27
43 46 19 34
31 44 23 31
27 6 4 36
26 19 0 39
22 47 0 26
33 35 29 27
36 3 30 10
20 22 37 25
26 5 27 32
18 46 0 26
40 31 5 40
37 18 35 33
22 13 11 7
34 2 26 31
10 26 30 2
25 49 12 2
31 14 6 44
27 6 2 15
45 23 46 29
10 30 18 36
48 9 17 30
37 25 22 34
46 36 15 37
37 10 14 30
38 0 15 35
41 30 31 39
21 5 27 29
22 1 12 11
49 4 10 16
42 36 28 33
40 14 8 29
45 8 12 13
48 27 14 20
22 29 30 26
48 10 25 15
38 27 29 15
25 20 36 5
34 1 11 9
40 27 25 47
14 22 6 42
11 49 8 6
