50 172 13577 800
3 22 26 20
7 19 30 42
6 48 38 28
43 22 12 32
47 25 29 15
42 19 9 32
6 21 9 32
11 19 22 19
32 6 9 29
46 24 37 40
24 0 27 29
42 23 39 25
15 25 23 33
9 14 30 21
47 25 30 44
3 7 22 28
11 15 23 34
42 22 19 28
49 25 22 37
25 1 21 27
5 13 27 19
29 3 15 25
9 15 34 22
12 18 11 29
7 16 8 20
45 24 16 16
49 21 40 25
47 27 36 38
42 23 12 26
16 21 28 20
41 23 15 25
7 22 11 32
20 21 32 18
23 1 22 48
40 24 8 32
35 18 15 12
48 22 23 22
8 12 28 15
16 9 33 32
39 27 6 31
28 3 2 37
43 8 31 14
5 15 30 24
28 8 19 39
48 24 30 45
4 23 11 31
10 14 32 25
8 17 7 34
46 22 33 22
6 29 40 36
10 21 10 40
47 25 30 30
41 43 20 17
10 14 27 24
49 23 25 27
8 15 27 42
27 3 17 36
39 41 24 16
45 27 27 24
13 14 40 44
46 31 27 14
46 20 18 28
17 12 1 21
8 16 9 30
46 22 28 21
9 13 25 19
44 23 10 30
47 23 5 32
5 10 17 22
15 8 20 22
12 34 27 18
39 43 11 13
32 22 26 15
8 22 25 33
13 18 28 23
44 19 37 31
48 21 35 14
14 7 28 20
48 18 37 32
38 19 42 25
24 6 41 29
49 23 24 24
44 27 7 27
5 15 26 37
47 26 32 29
47 26 18 27
18 10 4 10
30 18 36 36
39 23 9 29
3 14 35 28
11 12 25 15
4 3 11 45
47 18 33 23
13 16 15 47
32 32 29 23
20 40 0 14
31 28 13 25
31 2 32 13
2 20 28 9
10 39 27 9
49 23 36 29
12 26 28 22
31 16 3 12
30 28 21 30
6 17 24 18
32 24 25 31
47 22 34 37
7 10 24 14
7 18 10 32
41 30 30 19
35 11 29 19
6 11 12 27
47 24 13 30
29 6 18 17
16 23 31 27
9 14 25 32
15 16 33 33
9 14 12 22
26 25 10 18
48 18 41 16
13 28 30 26
15 13 25 28
9 10 11 23
45 24 9 34
7 14 36 19
16 13 16 8
14 8 21 8
29 5 31 11
0 17 11 34
7 18 22 4
5 20 11 34
47 17 25 28
1 12 4 42
44 29 44 18
35 11 48 30
21 32 21 38
2 27 19 17
22 23 16 27
35 23 25 39
10 22 24 40
23 21 22 27
11 22 26 20
49 28 23 6
1 6 26 14
35 31 23 32
4 0 14 13
28 23 8 33
46 21 33 19
46 26 10 45
17 26 26 12
8 2 10 14
2 20 26 38
43 3 23 34
43 22 17 15
29 36 35 23
12 10 27 17
6 9 5 16
45 26 3 3
29 17 11 32
49 26 5 31
32 30 44 46
20 19 24 24
8 37 12 40
21 27 27 12
34 41 27 35
43 25 18 6
8 22 35 36
9 12 9 36
47 15 16 19
48 22 25 35
3 7 33 25
48 29 8 22
