50 183 17904 800
31 32 43 12
39 16 21 21
15 35 33 47
46 36 22 42
30 25 19 34
25 38 21 17
40 41 20 40
48 7 11 40
24 0 7 33
27 48 37 12
12 33 41 0
14 38 20 8
6 20 23 18
20 38 44 8
29 15 1 40
34 41 44 13
48 39 40 7
41 26 41 8
49 12 21 19
43 23 41 11
20 42 10 26
10 0 9 34
21 34 26 46
32 28 12 41
10 39 20 14
24 12 10 42
42 17 35 43
15 20 36 39
49 44 40 2
34 30 13 27
30 17 42 15
41 35 49 45
19 41 21 17
19 38 17 17
36 41 6 31
48 27 14 36
15 20 44 13
37 13 8 41
42 47 25 22
12 22 39 17
32 35 12 24
38 15 45 12
3 19 45 22
25 3 22 44
34 43 37 13
24 17 18 16
4 40 43 14
25 25 19 24
34 23 44 48
43 46 22 14
25 28 21 23
8 48 42 20
47 11 38 11
27 34 13 29
32 10 10 31
48 7 42 11
38 37 21 17
9 9 26 16
32 8 26 34
9 11 15 32
33 35 43 40
31 35 33 10
3 12 22 20
36 37 24 24
8 47 21 17
35 7 19 21
25 37 36 18
41 19 19 17
16 17 35 42
22 28 8 37
26 25 43 47
13 38 25 19
31 49 42 6
16 2 33 18
41 32 40 6
22 45 39 25
3 5 21 15
23 33 11 33
26 14 9 39
31 46 17 44
21 36 40 14
26 34 8 33
22 30 24 38
10 2 14 21
20 40 29 14
43 6 13 42
37 43 21 38
42 20 24 19
36 23 34 26
47 2 21 29
29 38 16 39
34 41 40 3
46 20 17 16
46 19 20 47
45 20 16 21
47 7 23 18
0 36 17 41
45 22 33 29
18 14 17 39
20 35 23 22
43 19 6 31
42 48 14 26
25 6 12 21
14 11 42 19
20 37 15 18
2 34 16 45
44 48 17 25
22 42 2 35
25 43 17 23
19 36 46 45
38 7 32 46
24 36 11 47
14 18 12 38
39 49 21 20
29 5 7 39
40 35 39 11
35 39 3 42
21 35 16 42
6 28 38 17
28 46 40 48
35 22 44 39
21 39 12 40
28 28 19 14
25 24 18 32
25 32 17 35
1 25 27 36
14 14 38 19
18 37 5 18
38 44 12 38
22 37 11 30
46 1 29 23
23 10 16 18
31 24 8 44
18 26 7 33
19 42 13 41
20 45 22 16
27 39 15 24
47 23 28 14
26 33 10 37
49 2 43 46
31 49 41 43
21 24 10 31
39 47 20 40
10 24 25 48
29 42 13 33
25 30 13 26
21 38 11 38
46 31 9 30
41 21 35 4
46 49 13 35
16 34 30 32
19 39 7 39
45 21 39 18
49 8 14 35
13 25 10 27
32 30 33 40
20 29 26 14
31 26 43 43
33 47 11 38
17 28 5 28
22 32 5 43
19 47 11 38
31 40 41 9
25 36 1 4
39 7 0 29
12 38 14 34
47 10 15 28
39 35 45 14
20 44 2 41
8 24 47 42
22 34 20 17
6 23 9 39
37 7 17 23
20 27 14 34
15 16 7 43
30 22 18 49
12 16 9 46
45 21 17 43
33 31 39 15
26 41 5 34
32 49 38 49
19 25 39 23
7 12 8 27
