50 110 15064 800
30 33 6 38
3 32 22 32
47 33 2 26
29 16 18 39
20 24 16 47
35 2 7 32
9 33 4 47
11 44 22 20
9 32 26 37
43 18 5 30
46 28 6 38
27 7 11 34
34 15 23 38
45 27 40 14
36 23 0 39
24 42 4 28
22 48 4 37
17 47 29 8
18 44 9 37
5 32 35 35
9 37 28 18
42 36 38 47
34 28 18 6
16 42 10 46
32 8 19 41
41 49 14 36
32 14 1 40
7 36 17 48
40 38 12 31
19 38 4 41
35 37 0 36
14 43 10 38
12 41 19 45
45 26 10 38
29 18 19 45
12 45 0 39
32 34 29 45
23 29 46 31
22 33 29 47
34 34 34 9
41 39 11 32
37 37 3 6
14 42 7 40
22 44 24 20
21 49 25 47
19 42 32 16
5 38 14 37
5 39 37 44
25 45 19 19
40 37 13 35
37 17 41 41
37 28 18 25
35 31 7 35
25 13 15 37
17 37 36 28
30 49 35 35
43 17 1 36
28 47 8 37
41 46 8 39
48 45 37 38
48 45 34 27
15 29 31 39
33 32 9 37
44 23 35 38
32 11 12 35
34 37 5 35
36 10 21 42
45 36 0 47
35 27 16 36
9 46 8 35
35 20 12 39
34 48 26 30
37 34 7 44
40 28 2 37
18 41 10 35
38 30 24 40
13 40 22 8
37 41 20 7
11 46 9 41
46 35 4 40
12 36 8 41
40 7 19 28
35 32 20 25
27 14 30 28
24 41 48 33
41 34 27 48
33 44 6 9
6 43 30 24
36 23 1 41
3 29 16 32
18 45 28 38
44 30 23 27
45 28 42 40
44 20 36 41
35 44 38 37
31 5 16 27
21 26 41 21
20 49 14 26
37 35 21 49
8 43 18 12
25 47 0 42
38 16 21 39
41 40 23 20
27 14 31 48
16 30 11 41
35 5 14 42
30 16 23 48
32 18 28 42
24 46 4 45
40 34 3 38
