50 432 12389 800
42 26 16 10
32 23 8 12
33 28 21 9
27 19 14 9
24 28 33 5
15 44 16 21
25 15 1 1
34 26 17 13
25 4 30 32
35 23 7 4
25 41 15 39
36 29 6 1
4 2 27 13
34 26 18 9
30 31 22 18
22 45 2 9
43 29 1 9
33 25 4 11
25 19 11 33
37 22 12 11
2 5 0 22
29 41 1 17
36 25 14 6
22 41 3 0
20 13 21 19
41 24 27 17
44 34 25 43
36 17 18 9
34 23 6 27
3 48 36 15
17 22 15 8
36 25 22 13
32 26 24 14
38 26 16 12
15 43 9 0
35 27 48 14
46 44 11 16
40 28 19 23
17 40 30 42
6 44 33 24
9 49 2 5
38 15 26 27
36 18 8 12
48 28 1 10
42 34 4 16
15 25 49 42
34 22 16 18
37 8 6 1
33 23 6 10
22 44 21 35
33 18 20 12
43 31 23 35
40 17 3 12
38 23 6 10
21 22 36 20
24 48 39 18
26 19 4 24
34 21 25 6
35 20 28 12
33 27 19 5
45 22 23 21
21 0 49 18
38 27 36 11
29 30 6 8
33 21 24 28
44 25 44 8
40 4 24 1
6 48 19 31
25 28 15 19
43 25 18 14
20 41 47 5
26 11 35 2
8 36 49 8
15 4 36 9
33 25 11 11
46 21 37 6
7 17 1 2
36 25 24 33
37 26 36 9
23 11 17 19
39 9 47 7
34 27 12 25
21 3 15 7
36 22 27 30
34 25 35 15
30 11 27 34
11 40 6 26
39 9 12 34
16 31 24 2
43 19 11 17
10 1 2 0
32 41 20 11
29 17 2 0
39 28 25 13
18 37 44 20
10 29 30 13
36 29 23 27
30 26 15 11
3 13 23 4
32 13 11 15
44 21 4 8
45 23 28 19
28 19 40 6
31 23 38 22
37 23 29 4
26 1 15 39
27 19 14 13
22 32 18 11
17 44 25 10
33 27 20 18
32 27 27 22
43 21 25 16
26 23 22 41
37 45 39 3
49 22 1 7
32 28 15 10
37 16 13 16
0 7 24 9
41 7 10 14
12 18 35 20
18 25 25 37
22 44 1 15
36 24 25 22
32 21 29 19
37 22 4 7
17 17 1 15
41 25 38 18
32 25 13 8
39 27 23 14
40 23 25 13
39 25 19 10
16 31 49 3
41 5 1 12
46 13 15 12
28 20 0 4
31 22 32 9
22 20 26 35
35 26 7 4
7 42 4 0
10 16 25 40
35 25 33 13
43 23 15 12
9 30 21 43
13 22 3 5
15 21 42 29
39 23 5 18
32 23 27 21
43 9 36 0
18 1 20 7
17 10 12 11
47 38 29 10
30 33 5 6
42 16 15 3
39 27 28 11
45 33 11 11
48 25 39 9
37 32 41 26
38 31 45 5
39 24 8 16
20 12 5 8
35 22 13 13
22 29 11 9
38 18 21 41
31 25 13 11
44 16 29 5
35 27 9 9
37 18 11 13
24 20 20 22
43 12 19 13
28 26 27 35
29 25 45 2
28 6 43 1
30 27 12 17
27 24 14 8
35 29 31 7
40 21 14 7
46 12 23 37
38 20 22 25
33 14 7 10
40 11 12 10
49 16 29 21
36 23 44 13
38 27 11 17
38 15 23 10
39 36 30 12
32 25 19 38
32 21 41 5
26 32 16 11
31 11 15 43
40 26 27 30
30 27 15 11
34 27 29 23
29 26 35 22
31 26 9 32
25 35 9 11
31 26 30 15
32 20 44 4
31 27 32 0
30 22 12 13
39 21 24 13
46 39 9 8
27 26 46 22
29 33 21 39
32 20 9 12
29 22 28 36
48 24 28 36
40 19 47 9
6 18 29 13
14 15 25 21
29 27 11 12
33 21 26 37
18 7 6 2
28 17 4 7
17 13 43 27
40 24 2 5
29 11 23 12
38 18 11 13
20 1 7 5
2 2 49 1
36 11 30 22
25 17 28 12
37 24 45 18
23 9 14 42
41 23 0 5
47 23 0 0
15 35 5 12
21 9 24 24
37 21 21 40
16 20 13 2
33 25 13 9
44 13 20 19
19 8 36 22
42 39 23 13
34 15 15 20
12 46 12 9
38 19 13 8
45 34 25 26
41 3 8 5
24 19 8 19
39 28 13 17
28 21 25 37
33 24 19 37
7 36 48 34
47 5 4 8
46 17 24 10
48 4 33 9
11 11 44 13
34 21 26 31
30 18 6 21
34 4 38 15
42 28 17 7
37 26 36 1
30 33 30 22
32 18 20 33
1 31 18 11
11 7 0 15
34 14 29 8
38 37 22 40
40 3 7 12
26 29 30 13
45 36 31 21
26 28 21 36
44 24 17 8
28 27 27 19
4 4 45 0
43 30 23 39
33 23 12 1
44 18 27 13
36 28 19 31
7 2 35 32
35 20 40 2
29 28 35 10
26 17 16 10
37 20 22 31
42 18 29 16
41 26 21 30
40 17 0 23
32 31 9 10
44 17 39 3
9 38 4 16
34 21 10 10
8 37 25 16
30 18 33 5
41 25 17 1
34 7 4 9
26 2 3 16
32 24 30 14
18 1 9 27
22 3 18 14
29 20 8 7
23 25 39 17
38 25 27 21
19 44 32 9
36 5 0 17
32 24 14 7
39 22 10 24
34 22 2 6
35 25 23 19
30 31 18 21
32 22 27 2
27 33 42 22
48 5 10 2
35 26 24 17
39 25 24 15
18 17 18 11
37 12 3 25
20 37 25 23
14 46 17 25
36 25 3 11
15 15 27 40
18 3 35 22
32 21 23 7
37 29 43 8
32 28 27 39
44 25 19 14
24 30 6 6
15 34 5 15
35 21 16 11
36 26 34 8
35 24 3 19
30 13 35 4
27 13 8 13
36 34 35 26
12 36 43 13
44 25 30 24
23 20 18 15
32 8 10 13
11 19 20 20
49 16 30 43
29 25 3 5
22 6 7 9
36 29 8 4
39 20 2 11
14 35 18 19
16 14 47 0
36 22 13 5
39 30 14 5
0 42 28 16
13 38 22 14
47 46 1 10
35 30 6 11
35 25 16 32
39 31 21 24
44 33 4 4
38 25 20 41
38 12 33 18
43 20 49 1
15 40 7 12
34 31 15 4
35 27 15 6
37 18 26 11
43 27 0 18
48 49 9 13
43 13 8 12
40 35 3 3
19 25 18 11
36 24 12 9
23 41 32 7
9 21 37 28
13 38 21 22
42 28 32 26
21 38 39 8
43 31 5 18
21 45 6 11
37 21 43 4
30 24 13 0
18 25 22 3
24 23 18 19
34 20 19 3
22 49 11 4
24 8 7 17
29 8 44 14
36 36 14 9
33 27 13 3
48 14 8 10
32 34 21 17
40 22 9 40
22 15 38 3
23 16 30 31
17 0 13 15
36 25 26 20
41 16 5 9
35 24 15 10
31 30 22 11
48 44 30 14
31 17 8 5
27 3 11 2
33 39 26 1
34 23 22 1
25 32 13 8
31 21 24 19
37 15 38 0
32 20 20 13
34 24 44 0
45 47 30 2
40 28 27 24
31 1 18 12
27 21 16 8
40 27 28 22
18 26 0 22
41 9 43 2
30 19 22 14
48 30 8 4
13 26 19 15
38 17 33 6
7 13 2 5
27 24 16 18
28 28 29 2
32 16 16 13
31 20 12 9
35 23 14 4
37 14 1 7
29 18 22 12
34 31 15 8
9 33 21 9
8 14 26 36
40 19 27 23
16 37 36 6
29 28 7 10
12 14 8 9
35 22 45 17
28 19 11 8
5 8 49 15
27 10 12 14
31 23 5 7
11 12 40 21
42 13 16 9
27 40 9 15
31 12 16 9
24 11 0 5
25 29 8 6
39 24 5 7
