50 113 17426 800
6 34 33 39
44 42 35 25
10 35 23 49
33 38 22 3
39 31 12 37
6 38 36 31
17 35 24 3
11 47 28 24
22 31 24 2
5 30 11 21
6 30 28 1
2 32 4 36
9 15 16 4
46 48 41 35
18 35 12 13
6 42 22 6
6 24 7 18
4 31 16 18
7 17 12 24
43 30 28 47
4 34 28 40
9 33 22 34
13 44 23 28
39 27 36 39
46 35 39 15
46 36 9 22
46 34 10 36
12 16 45 19
38 20 17 49
46 35 13 16
34 24 34 41
44 31 24 43
46 33 33 20
44 34 14 23
34 38 33 49
16 30 21 6
30 40 9 29
43 19 6 14
47 39 1 34
46 30 38 49
48 41 30 44
44 38 39 28
7 32 33 14
2 30 1 7
10 30 6 29
13 33 39 49
3 35 21 31
26 20 17 35
39 22 18 11
0 28 46 39
47 45 6 22
49 36 19 26
47 38 23 32
43 29 19 37
14 31 35 17
21 43 6 10
38 29 28 41
38 37 10 12
44 34 10 20
30 49 28 38
22 42 11 23
46 42 8 15
0 27 22 32
14 43 37 44
7 38 6 25
20 1 3 22
28 47 13 41
26 30 21 40
20 33 30 44
4 29 6 19
12 32 10 17
10 37 1 18
1 32 26 37
10 1 33 42
35 39 35 16
2 21 9 20
35 30 28 33
3 36 4 15
18 28 33 44
5 37 17 36
44 35 25 45
23 46 11 12
48 36 25 32
8 34 16 39
47 34 31 39
24 39 35 28
45 30 11 19
47 33 23 36
13 22 6 20
38 33 28 27
46 32 10 12
3 40 16 42
1 34 14 46
9 29 18 29
43 35 14 25
19 30 3 13
1 39 7 14
37 20 17 19
6 49 11 39
45 31 4 32
3 46 34 47
44 35 22 4
10 39 9 47
4 39 31 25
44 34 15 42
34 18 14 37
7 5 19 29
8 33 41 24
46 35 25 28
46 33 38 31
8 40 27 14
24 42 23 8
15 12 32 0
