50 1007 18401 800
46 30 43 0
49 31 14 42
39 1 3 31
48 1 49 38
29 34 20 13
31 20 3 22
45 9 16 30
49 46 14 1
42 34 13 32
48 37 4 31
39 27 25 47
47 47 45 32
49 43 48 1
43 29 37 24
36 27 44 7
41 9 6 8
48 11 10 21
42 6 45 3
32 30 27 42
36 49 47 33
29 12 15 49
39 7 22 42
29 28 8 37
39 6 17 47
31 44 29 40
46 46 11 25
42 8 26 19
45 29 11 41
47 0 0 38
42 47 21 21
42 8 7 38
42 7 18 32
41 8 8 44
17 5 8 8
36 36 44 32
31 7 18 27
30 25 45 0
41 43 2 40
40 9 17 34
41 49 15 29
41 9 9 19
38 46 21 19
35 26 5 30
33 46 17 20
29 49 44 39
45 46 15 46
41 45 13 34
39 47 11 41
46 8 13 41
38 6 39 0
40 23 11 35
34 10 49 1
13 21 31 35
49 21 26 35
45 9 9 23
31 49 16 22
33 39 40 6
40 36 2 22
36 49 47 4
39 43 15 16
40 15 46 37
36 40 43 5
33 44 23 15
46 19 44 31
35 20 25 34
38 45 13 32
43 10 27 25
41 28 9 41
34 43 23 37
38 33 17 44
47 45 45 1
47 48 34 42
33 4 46 4
31 38 12 42
47 9 39 35
30 28 23 49
40 47 0 34
48 36 22 43
48 9 23 24
43 9 47 5
43 39 20 21
41 45 21 25
48 1 8 18
40 29 8 17
43 4 18 29
39 39 44 1
41 1 2 15
40 47 14 40
44 33 19 32
45 48 25 41
30 47 27 32
39 38 25 32
34 11 12 10
27 28 42 2
34 45 21 36
25 35 16 37
33 26 3 10
16 19 24 45
35 45 13 33
34 27 6 33
49 11 45 6
42 27 10 22
43 45 37 30
40 34 46 38
42 18 44 3
39 7 20 22
45 11 10 49
37 38 19 46
40 5 21 31
42 10 46 1
40 3 14 41
41 22 17 40
41 27 43 2
29 4 12 8
42 9 20 24
37 44 2 42
47 48 16 31
38 23 15 31
43 41 49 36
18 20 44 1
38 3 17 39
45 30 20 13
22 31 15 26
39 23 12 37
25 33 14 48
40 6 17 22
35 15 17 32
37 7 27 22
32 36 13 9
28 42 11 30
27 20 17 41
39 45 18 3
46 29 12 36
47 15 18 12
38 9 28 24
27 24 10 34
44 34 11 29
44 7 17 35
43 8 21 20
44 13 39 4
39 49 4 1
37 37 24 34
41 45 47 36
37 6 32 40
40 45 11 25
43 11 29 20
38 17 38 0
43 12 27 27
41 32 32 30
19 39 27 36
35 49 2 14
37 7 29 21
39 8 24 27
17 33 13 35
39 42 5 27
34 46 20 31
46 9 44 42
37 49 8 34
43 43 20 40
33 21 17 22
36 49 13 34
33 49 21 24
26 45 4 8
33 9 11 35
41 3 16 18
44 4 15 22
45 40 2 48
45 5 27 38
37 43 20 40
42 6 28 24
41 43 0 9
38 1 17 43
41 41 21 18
39 6 47 4
23 49 5 26
44 47 28 34
33 47 2 18
36 33 47 5
40 25 24 37
42 16 43 3
45 25 17 44
26 43 24 39
34 12 15 18
49 38 29 23
49 4 27 11
35 17 33 32
34 43 10 6
36 41 41 2
34 45 49 34
37 40 47 0
25 31 33 36
39 9 44 40
46 8 47 37
46 48 27 18
30 22 44 2
35 6 35 40
28 34 16 35
34 17 27 23
42 49 43 42
49 7 2 40
38 7 15 30
42 41 25 37
44 5 28 35
36 38 47 2
26 41 31 46
34 44 21 23
35 27 6 44
22 29 28 41
42 9 19 34
38 7 30 32
46 37 25 30
45 23 45 35
41 48 24 37
41 33 4 4
40 8 25 27
25 33 3 29
33 42 15 41
24 37 24 26
40 46 23 21
43 17 15 34
43 43 7 31
28 36 27 9
42 43 14 26
34 8 16 29
40 39 26 18
40 47 20 33
31 27 44 0
44 33 37 18
25 47 29 27
46 19 19 25
47 49 23 35
30 39 16 31
36 16 20 25
43 11 46 2
38 9 17 18
27 32 4 5
38 11 11 29
25 48 43 39
32 13 24 32
45 1 16 36
46 1 42 3
36 41 24 23
31 32 24 40
38 48 20 30
48 22 46 0
28 36 18 25
37 27 11 42
36 20 20 44
44 21 4 33
47 47 6 21
43 39 12 30
38 33 22 29
40 4 20 21
38 34 26 22
43 33 24 42
23 31 21 36
48 47 33 31
35 14 28 32
48 28 27 33
32 21 22 21
23 43 41 3
48 42 9 30
46 49 14 30
31 17 16 45
47 10 6 4
31 31 23 9
42 27 27 43
49 37 5 3
39 8 24 44
39 35 24 30
45 18 22 41
29 19 12 11
41 4 10 43
49 22 7 33
37 4 17 30
36 37 16 14
38 4 48 31
26 30 16 30
28 29 15 45
35 42 24 24
41 2 20 28
29 36 7 24
33 19 5 14
34 35 9 46
36 23 16 23
34 8 29 26
32 27 21 29
45 6 26 32
35 12 45 2
49 31 20 40
31 44 11 23
41 8 41 2
39 38 42 7
36 38 6 30
43 39 48 3
49 3 15 29
41 9 18 38
43 10 28 28
48 4 13 35
35 48 16 26
42 39 17 45
34 49 1 28
39 11 44 0
42 0 17 46
37 27 15 29
38 43 26 38
46 48 31 34
29 25 20 20
26 39 48 1
40 48 24 22
32 4 13 14
38 36 16 44
36 10 49 32
30 28 8 47
43 0 17 15
39 9 49 7
24 44 17 29
37 35 10 27
38 17 31 14
30 37 10 47
30 39 5 23
47 17 15 8
26 31 6 21
29 42 20 34
41 9 48 44
44 21 26 35
49 11 39 1
43 29 11 26
49 20 23 36
42 5 49 44
42 5 16 40
29 26 22 8
48 14 3 37
33 8 28 30
37 1 23 22
38 48 32 30
44 42 45 4
46 38 15 30
40 32 22 24
33 45 31 34
47 20 13 28
42 29 0 33
49 12 6 40
37 39 24 24
40 34 21 29
42 8 24 24
24 49 16 40
25 39 13 33
23 38 15 28
42 9 22 23
35 29 21 40
33 26 20 15
46 28 23 19
30 29 13 33
43 22 27 26
41 31 12 27
42 25 41 29
38 9 19 14
45 7 10 5
34 49 18 31
31 33 20 28
23 45 10 18
33 34 21 41
44 7 2 44
37 2 43 1
45 12 34 46
42 35 16 32
36 8 18 27
37 11 47 7
41 9 17 31
32 35 2 25
43 49 19 30
23 35 48 2
44 6 25 34
42 40 4 33
37 10 33 33
30 36 18 41
44 7 20 16
36 41 25 35
36 22 15 41
44 8 44 2
41 9 21 42
46 17 0 10
48 2 43 41
39 31 12 33
40 32 18 17
38 35 45 4
41 5 14 32
42 5 25 32
42 20 19 31
34 37 7 15
47 14 15 28
32 4 23 29
39 33 13 41
42 32 43 36
35 40 14 43
42 8 20 34
37 43 15 45
42 6 30 42
47 0 10 44
38 38 33 10
45 18 43 2
39 24 19 39
37 45 31 37
31 38 32 34
26 40 18 22
37 9 8 39
40 45 3 45
27 43 45 1
41 1 45 2
36 15 2 45
44 33 42 3
49 13 13 25
42 16 18 35
44 8 20 14
21 48 24 34
43 10 20 30
36 45 8 36
31 35 13 41
27 39 16 27
47 22 19 27
32 32 38 31
39 42 15 17
49 24 17 12
45 12 45 4
42 34 43 5
36 24 8 36
34 48 31 30
37 39 9 35
49 0 15 26
48 44 26 38
34 31 10 33
34 35 23 22
35 12 26 31
46 35 23 37
42 37 42 3
34 8 27 35
46 10 20 28
40 3 22 32
47 34 30 43
40 0 8 25
30 26 11 32
33 10 14 31
46 10 6 24
44 32 7 23
39 6 13 12
36 40 12 41
46 37 13 28
47 43 17 39
36 4 14 30
46 48 25 43
45 2 19 35
36 0 32 37
17 41 10 44
35 47 11 11
47 32 9 25
36 37 1 23
19 31 31 15
41 2 27 8
36 20 15 36
44 15 18 35
40 34 26 20
42 27 15 35
33 35 19 45
37 35 9 39
44 1 21 21
27 21 43 1
36 38 24 36
27 46 24 18
12 45 2 30
39 9 7 43
39 10 17 39
38 6 8 33
44 2 12 42
44 16 41 21
45 3 20 17
48 5 18 25
45 4 46 29
45 10 20 41
30 22 13 33
39 5 11 31
35 43 15 34
41 45 4 21
44 11 40 0
37 23 48 28
43 6 15 39
48 46 22 39
40 6 3 34
44 4 12 41
41 28 47 4
28 42 42 2
45 46 27 44
33 48 48 30
48 45 4 15
39 24 14 46
38 4 24 22
37 40 9 38
24 47 22 25
36 27 22 27
45 13 13 35
46 9 27 26
44 18 17 30
45 7 39 32
44 3 20 27
34 43 19 16
46 27 48 0
36 29 45 3
48 42 21 30
29 42 12 40
34 40 20 23
31 41 46 0
34 31 13 15
39 28 2 20
37 48 47 38
45 2 2 19
45 48 12 11
35 29 22 45
35 6 22 33
41 36 16 44
49 37 23 32
46 35 43 5
45 0 16 18
30 33 15 24
45 4 43 0
49 4 11 20
44 24 8 23
38 2 14 20
32 17 0 40
41 12 17 2
38 4 10 31
44 8 45 1
46 44 21 30
46 49 18 25
42 6 18 43
41 7 19 34
42 37 29 7
15 35 48 0
37 34 45 21
38 30 19 24
46 23 21 23
45 36 46 8
43 21 1 30
41 13 9 12
38 10 17 34
33 29 15 25
45 2 9 22
44 21 19 30
26 25 22 19
37 47 17 11
43 49 6 41
24 41 19 29
33 11 40 1
43 37 21 23
42 39 13 45
44 18 48 36
37 33 22 32
30 46 43 1
37 27 33 43
28 41 44 3
35 6 46 3
39 10 26 24
46 31 35 31
27 46 23 22
28 27 8 15
49 48 47 2
36 35 23 35
37 42 8 30
29 27 14 42
41 48 17 34
48 7 19 45
29 24 28 18
37 16 19 46
48 43 12 34
36 42 14 36
39 41 43 37
25 45 2 40
40 8 43 25
42 30 19 44
34 33 45 42
44 34 24 36
34 40 14 41
49 35 37 28
46 44 18 41
34 25 12 30
25 34 39 34
40 5 14 10
37 24 46 4
38 0 25 30
31 10 5 47
45 46 6 40
38 30 30 41
36 8 21 33
34 33 42 0
43 6 21 19
28 30 24 41
38 4 9 9
39 30 7 11
45 8 13 32
31 44 46 1
35 4 12 48
45 46 20 27
43 39 7 35
33 43 18 47
37 15 16 36
47 5 18 35
46 48 26 29
37 24 15 35
44 36 48 2
37 34 45 4
28 25 7 23
31 9 27 24
36 4 17 44
34 36 22 24
45 19 4 47
35 26 11 39
44 40 13 42
42 13 14 39
38 10 9 40
49 35 43 0
35 38 20 39
49 37 2 38
42 35 7 15
38 11 18 45
39 37 8 46
48 20 24 32
44 36 20 29
38 5 13 25
43 12 24 37
47 16 46 35
42 7 48 1
32 2 20 49
44 45 36 30
49 27 9 7
39 6 33 30
35 4 25 36
34 32 4 14
32 25 26 27
46 26 19 22
40 11 11 46
18 3 15 42
41 27 26 37
38 5 46 4
46 23 44 32
35 42 45 5
47 5 42 0
46 46 14 20
39 6 36 36
41 35 16 29
33 8 42 37
39 2 46 38
41 21 11 41
33 45 40 5
40 2 17 42
26 11 8 17
35 46 42 41
30 26 25 25
33 10 17 25
40 0 26 45
43 8 24 39
40 35 19 35
37 12 15 19
43 4 25 41
33 38 29 24
16 26 32 34
42 0 6 35
44 37 0 38
38 47 21 32
42 9 42 0
20 47 19 41
36 44 13 46
43 44 14 30
44 1 32 21
41 19 19 19
39 48 20 49
31 4 44 31
33 19 48 4
42 29 12 38
47 44 21 36
45 35 45 4
38 43 30 31
32 7 12 39
36 48 20 28
45 48 11 19
32 24 31 28
40 6 27 38
32 9 28 44
48 30 20 20
45 3 26 19
27 43 23 19
40 16 22 33
41 25 31 11
39 44 42 1
48 2 11 47
45 12 42 27
39 19 6 29
46 49 2 39
37 37 14 34
43 15 46 2
42 32 0 31
33 24 12 36
46 43 43 0
40 14 18 39
13 24 11 28
40 49 14 40
47 1 20 45
14 42 22 47
46 28 48 33
44 45 26 26
40 25 2 36
44 0 10 41
48 39 16 24
39 4 28 36
49 40 8 6
24 40 21 24
38 9 16 44
27 43 17 22
46 24 46 0
30 40 25 38
34 48 38 24
42 40 5 26
31 15 5 31
43 25 23 22
40 12 44 0
42 16 15 14
38 45 7 38
43 7 37 31
46 30 27 33
45 32 17 46
48 11 4 33
41 46 27 29
12 46 8 26
33 36 34 27
46 0 36 45
36 12 26 39
42 40 7 11
42 5 16 27
34 9 32 36
39 39 15 32
41 33 14 24
40 37 9 24
42 4 21 36
46 35 25 29
22 45 24 31
38 8 23 24
46 37 43 1
32 31 22 19
46 33 2 34
40 35 24 33
44 9 25 33
44 28 23 38
44 4 20 46
40 3 20 45
32 26 12 27
47 19 18 30
27 45 43 6
37 26 26 48
35 43 18 23
39 3 15 27
45 18 13 33
39 21 46 3
34 47 10 18
44 15 44 3
38 30 9 20
35 3 43 8
42 40 3 26
40 39 16 26
32 39 10 37
41 17 22 34
39 43 0 20
47 46 19 19
36 37 27 33
44 32 14 16
37 7 7 23
27 26 13 28
38 11 39 0
48 24 46 2
38 40 20 33
40 9 49 1
41 14 2 27
32 26 25 45
44 3 26 23
48 35 28 18
38 36 20 12
47 42 28 14
36 1 30 35
26 44 10 26
48 46 41 3
49 33 47 0
22 28 48 33
36 15 21 40
40 28 44 1
43 35 26 24
38 34 44 7
43 2 25 48
46 15 9 21
45 48 18 29
49 37 7 31
43 35 17 13
32 22 8 33
43 7 24 32
42 3 28 34
45 37 26 44
44 17 28 31
36 48 36 36
25 36 0 23
37 3 43 2
20 44 3 23
31 15 7 36
36 13 43 0
41 21 22 23
22 18 48 3
18 30 23 35
41 37 44 3
37 26 0 40
31 49 47 8
43 35 10 33
30 43 33 22
46 43 5 14
22 46 44 17
40 10 21 20
22 4 23 26
49 32 22 27
38 27 19 43
49 46 15 30
45 9 14 45
34 45 19 29
38 35 47 34
36 10 23 31
43 7 28 42
44 40 25 42
20 46 45 31
30 43 23 24
40 9 15 34
42 24 46 2
25 29 17 28
35 33 16 43
45 12 8 40
42 43 29 31
30 19 21 15
33 7 45 4
36 45 12 33
29 13 19 40
39 12 1 10
38 11 8 44
45 31 11 40
38 40 26 35
38 39 19 48
49 10 15 5
33 5 43 3
38 6 3 42
39 46 10 33
44 6 9 40
31 48 32 40
35 30 7 35
39 1 6 33
27 36 3 35
36 44 27 32
37 0 13 38
38 17 41 3
35 31 15 25
49 36 36 48
31 39 17 43
43 9 17 48
40 43 22 49
38 19 21 26
47 38 32 38
35 43 15 46
44 49 46 1
37 11 9 28
48 33 45 2
27 33 4 23
41 13 12 21
47 1 18 43
47 24 43 4
45 9 7 16
42 39 22 18
41 10 25 32
44 18 11 34
20 16 9 32
25 18 21 28
31 28 43 4
43 36 23 27
44 11 46 0
45 48 43 0
37 4 8 35
44 32 44 3
27 37 2 36
35 35 13 29
48 8 43 2
36 25 2 7
3 32 10 38
44 33 33 25
45 5 2 10
31 19 49 38
46 12 19 40
26 22 22 26
46 9 26 43
21 26 9 31
27 40 21 28
37 43 17 14
49 36 10 28
35 38 26 40
42 19 47 5
46 6 14 35
45 13 19 42
43 3 7 25
35 4 31 36
46 38 34 28
46 7 43 1
48 31 14 32
41 5 19 33
36 11 44 1
32 27 20 18
46 45 22 19
35 40 11 32
40 49 21 15
38 27 12 40
44 34 20 42
36 13 18 35
41 7 24 21
28 28 18 33
39 31 28 28
40 49 20 8
36 25 32 40
42 8 7 44
44 11 23 8
35 44 27 32
42 10 16 25
45 13 20 29
49 24 16 17
31 8 15 23
44 24 11 35
38 18 45 0
23 45 47 35
45 35 19 28
49 38 19 39
42 39 49 32
38 23 19 45
36 38 2 11
44 0 16 20
48 11 29 42
34 6 18 32
24 37 2 32
42 5 31 24
26 41 46 3
46 33 9 28
45 24 12 23
32 44 39 6
41 8 27 29
29 41 32 30
45 1 11 24
37 32 46 3
35 11 20 30
38 46 22 25
30 40 1 39
44 49 3 37
34 25 48 4
48 37 12 25
34 22 34 37
41 1 14 37
43 23 14 15
36 47 12 35
39 5 12 13
33 18 22 11
46 8 37 7
49 27 12 39
44 48 19 8
33 17 40 32
33 37 49 33
42 6 21 23
47 42 15 36
36 8 4 46
42 3 28 44
44 9 15 21
42 1 30 26
45 34 2 22
41 14 20 37
46 44 32 42
45 4 17 35
42 2 23 13
45 22 27 16
30 1 27 28
48 11 41 1
42 39 19 48
48 39 15 25
47 37 7 41
43 5 11 32
33 9 5 32
46 14 15 24
45 17 49 39
40 13 41 2
41 31 19 12
46 8 27 33
42 46 7 33
43 4 25 25
42 31 17 23
43 18 24 14
38 27 28 15
40 34 47 5
26 35 21 25
44 34 7 20
25 18 17 25
22 26 17 7
36 33 35 43
41 8 43 4
45 47 11 36
37 33 41 1
