50 938 17242 800
20 16 6 15
25 29 14 28
16 16 48 14
15 49 31 8
9 23 46 5
44 24 48 8
21 19 45 18
26 37 26 6
12 30 28 8
12 40 20 1
14 29 32 11
30 7 25 14
23 32 47 11
36 44 17 15
22 25 18 13
27 48 49 16
11 35 13 16
26 32 32 41
25 15 43 15
23 26 42 40
18 38 26 40
15 40 20 36
23 40 41 16
9 27 23 0
23 36 26 21
26 10 27 2
19 17 13 5
23 27 9 15
40 40 33 4
34 22 49 12
1 41 37 46
21 27 45 12
22 37 27 6
29 23 31 8
8 35 41 11
45 19 31 43
27 30 47 4
33 45 39 43
32 29 25 27
23 11 15 27
14 24 17 2
10 30 11 13
18 37 37 20
23 30 28 24
16 23 43 31
13 23 48 10
11 27 28 0
27 32 14 14
17 19 32 34
31 26 32 13
26 14 21 12
41 49 44 14
49 47 14 37
21 0 18 9
13 32 31 35
26 44 32 3
31 27 42 8
29 12 16 30
33 36 28 9
24 23 11 20
26 48 25 1
43 28 48 13
36 19 5 9
27 17 49 26
16 41 1 12
26 45 31 7
35 38 2 2
23 22 12 12
30 8 48 16
15 28 29 4
20 30 2 21
10 25 37 4
28 16 35 4
27 1 24 14
22 26 15 34
37 42 14 20
31 45 30 2
35 40 43 11
20 10 28 11
21 12 24 20
8 39 46 3
23 20 21 2
24 29 30 7
41 40 26 9
22 11 14 6
16 40 34 4
30 32 9 6
9 27 40 18
28 4 38 40
21 16 33 2
9 39 47 13
29 2 31 22
29 45 6 13
31 18 26 4
24 27 35 32
37 17 32 22
29 39 10 19
21 29 35 47
8 30 34 48
26 25 25 5
9 32 28 5
30 40 48 2
36 32 27 9
37 21 35 0
25 44 47 16
5 25 33 4
25 15 31 4
27 3 38 5
10 39 38 1
24 11 14 33
2 30 28 21
9 20 31 27
40 36 33 1
21 18 27 2
16 20 19 2
11 33 23 22
23 43 24 16
22 10 34 38
33 13 38 39
21 21 30 8
21 26 35 0
11 17 49 18
43 47 22 42
29 28 8 23
10 28 40 28
16 24 32 10
6 36 33 32
33 37 43 14
19 16 28 17
20 10 42 45
26 15 49 8
33 25 27 0
11 28 11 11
32 15 45 24
39 49 45 13
31 30 45 17
27 34 25 0
31 13 48 9
19 13 47 14
28 11 47 17
26 47 28 11
35 45 27 7
21 27 17 25
9 18 30 4
22 14 27 7
16 33 26 23
29 37 46 16
9 33 34 0
30 20 27 7
16 9 25 6
32 43 46 24
31 36 34 13
29 27 47 11
34 33 42 37
17 33 48 10
25 31 2 11
23 22 44 2
39 30 10 24
25 27 26 11
23 17 35 27
21 36 44 3
19 14 20 26
18 25 35 9
18 22 23 1
35 44 4 11
31 28 29 0
4 42 25 2
30 23 14 7
6 17 33 26
29 17 21 26
16 26 44 32
36 23 46 2
12 21 20 42
29 28 36 30
4 14 41 16
22 31 47 15
24 43 44 4
30 41 18 0
27 38 27 2
18 28 14 9
18 32 43 15
22 27 26 12
24 14 43 15
36 41 25 7
31 34 39 20
3 29 28 23
22 33 45 40
20 47 30 32
11 29 33 21
22 29 34 7
28 2 6 13
37 46 33 29
29 24 27 8
24 22 44 12
9 38 25 35
19 16 45 10
32 36 23 17
11 31 18 3
19 18 3 9
18 48 30 24
47 43 30 10
31 33 23 21
38 31 8 4
22 12 22 7
24 26 21 10
49 38 17 6
25 38 16 13
36 39 47 29
35 26 23 32
7 28 8 15
29 20 5 3
20 33 27 49
29 19 47 18
26 24 36 21
3 41 15 3
20 45 49 3
17 16 24 4
24 33 24 1
37 11 24 29
38 41 36 1
3 25 30 5
32 49 33 8
29 20 22 12
17 38 25 21
11 30 26 44
21 43 44 6
29 3 47 14
8 21 19 19
13 25 17 26
28 11 33 3
11 25 42 0
29 32 29 12
15 30 32 42
45 47 18 0
37 38 22 1
25 21 41 6
5 29 27 28
19 17 36 32
18 21 21 35
29 26 47 18
19 41 34 24
9 32 20 13
8 36 46 10
27 17 40 13
27 25 20 2
15 10 39 8
31 44 43 41
40 39 46 2
20 48 30 28
35 43 43 1
18 23 35 9
25 16 41 44
20 13 29 1
14 42 30 35
24 6 41 11
25 35 18 9
4 43 23 23
22 39 11 8
49 47 24 32
35 29 40 37
7 29 48 34
43 40 48 8
17 11 19 37
15 10 33 0
15 6 49 6
21 29 44 5
26 49 43 18
45 42 16 11
14 4 1 18
1 40 27 6
42 44 30 18
24 10 46 17
17 43 12 1
16 28 0 37
9 49 6 1
28 14 28 0
27 36 27 9
28 7 36 45
29 45 23 4
19 9 29 21
4 38 46 14
15 27 49 16
30 40 15 11
1 47 20 8
24 24 26 18
16 36 26 1
17 12 27 5
18 10 46 5
39 24 46 15
30 29 18 28
27 40 46 12
24 10 45 16
23 49 23 23
33 28 8 5
28 49 26 15
29 34 11 3
37 39 42 27
34 35 7 34
44 21 20 12
37 38 31 7
0 38 30 19
39 38 16 11
23 35 43 10
30 47 39 35
10 25 47 15
23 16 30 3
48 35 2 8
13 23 20 16
25 49 31 1
31 43 29 30
20 48 44 5
30 34 40 37
45 47 3 14
17 17 9 1
31 15 1 33
20 30 17 6
14 10 30 2
12 16 45 11
37 42 48 29
36 41 31 3
16 21 45 14
22 18 44 22
5 39 29 6
16 19 36 4
29 40 16 8
25 36 49 14
23 13 9 25
16 12 24 10
45 41 26 1
28 38 45 1
24 15 32 7
43 41 31 13
23 14 20 6
39 49 36 4
31 21 22 5
3 46 19 6
16 23 27 1
30 11 28 27
18 9 26 9
41 35 28 11
26 8 30 2
34 38 33 0
30 12 45 7
22 20 33 17
28 27 13 44
35 44 11 12
0 36 23 10
21 47 38 14
21 10 11 9
19 14 2 20
8 35 44 28
6 25 29 3
30 15 1 4
21 15 25 3
26 39 41 4
7 31 44 14
12 34 8 9
14 27 12 3
20 18 16 5
4 41 47 31
16 33 35 47
13 39 37 15
6 27 29 1
12 33 23 1
30 23 35 33
19 28 32 18
4 46 37 6
9 10 38 26
35 41 28 5
26 18 27 0
0 36 22 4
25 21 34 0
17 36 39 7
31 14 17 48
19 41 34 6
21 21 13 45
15 17 21 10
29 29 44 0
13 24 38 29
17 32 14 12
27 41 37 8
34 36 47 11
27 34 44 12
25 48 45 12
6 40 18 47
20 30 27 1
5 38 31 40
30 15 28 41
34 23 27 15
21 3 42 10
40 39 30 19
40 44 23 4
16 21 24 4
44 28 44 11
42 40 26 29
33 44 28 9
25 13 45 8
33 20 20 12
48 37 18 35
12 31 49 24
20 9 44 4
25 36 10 49
6 28 42 9
26 5 32 24
12 37 28 29
20 23 33 23
13 27 5 30
25 45 38 32
18 11 5 20
15 11 23 15
9 25 27 10
15 26 23 6
11 30 5 13
26 14 32 15
29 28 43 8
22 6 4 4
25 9 47 16
23 14 33 6
40 42 45 9
40 49 21 3
46 45 16 8
21 19 45 4
25 36 19 4
7 36 40 46
35 44 32 20
8 45 46 11
27 21 42 18
32 8 39 5
35 3 47 15
25 30 35 15
34 31 25 10
36 47 43 17
21 11 14 5
16 40 23 0
23 9 46 12
4 47 48 2
16 39 46 25
9 21 23 3
29 40 48 21
35 21 49 6
17 35 29 1
38 36 40 30
23 17 19 32
1 39 45 35
34 27 34 6
45 40 27 30
45 36 39 2
32 48 36 28
8 35 15 1
17 24 28 6
10 27 25 7
22 19 24 9
17 26 10 19
19 16 8 4
31 49 48 47
31 31 42 22
22 11 48 7
24 39 27 19
34 45 15 5
23 21 44 8
36 49 9 31
23 7 28 4
11 29 28 36
14 14 45 2
11 21 0 4
0 37 30 7
8 32 47 9
2 40 46 2
49 49 16 18
14 18 10 16
31 21 29 0
30 7 40 3
19 16 2 18
7 34 42 0
25 15 46 12
16 31 34 5
17 19 25 13
42 45 26 22
16 13 29 49
19 35 45 10
23 35 22 0
38 5 33 8
21 38 15 22
49 40 36 25
31 37 25 1
32 44 40 7
22 33 30 7
28 48 26 4
21 36 49 19
24 42 45 18
29 19 41 37
16 17 44 39
10 34 23 2
0 45 38 26
16 19 24 19
21 22 27 0
12 18 36 7
23 42 6 8
16 31 24 2
24 43 30 12
32 12 15 36
8 31 26 40
26 12 38 20
32 44 49 4
20 12 42 16
8 28 32 15
47 44 47 24
20 18 8 6
26 36 21 19
30 6 35 37
27 35 28 15
0 37 48 18
39 45 21 13
26 42 36 7
24 30 5 25
40 31 46 1
24 48 34 1
36 44 17 7
23 27 34 22
19 38 21 27
25 27 37 31
6 26 38 29
18 21 42 7
5 32 45 13
3 31 32 12
14 42 23 11
24 46 36 31
30 25 20 10
7 34 29 4
27 36 19 4
28 27 48 9
28 24 23 1
43 29 37 5
31 21 47 7
14 32 9 24
9 15 2 17
42 10 43 14
12 31 7 35
37 36 9 23
35 41 49 22
23 17 48 10
19 12 6 13
19 14 8 5
25 10 49 5
9 25 23 0
7 33 10 21
8 26 19 8
9 42 46 17
29 17 30 32
25 5 13 16
26 24 27 7
19 43 28 5
45 48 33 32
16 37 36 19
20 38 0 25
41 33 45 9
27 15 33 30
30 42 46 19
45 46 38 3
23 25 23 8
28 26 20 20
18 38 9 17
17 22 11 11
35 17 37 29
7 29 48 15
27 34 47 12
3 35 27 12
17 49 24 1
19 39 15 3
14 37 36 19
27 42 44 1
30 32 39 15
29 44 41 28
17 40 28 8
11 10 30 15
26 39 40 22
28 28 45 16
18 22 38 9
4 20 45 14
36 42 42 17
24 33 47 10
12 25 31 23
39 33 27 1
8 17 30 5
17 27 47 13
21 31 26 6
28 38 27 15
21 45 48 13
23 20 11 10
30 33 27 9
20 13 18 10
29 7 1 3
11 30 44 5
2 47 28 2
23 18 43 23
34 47 46 7
25 14 20 13
24 18 45 14
29 48 26 5
2 37 17 26
22 15 37 4
12 27 19 5
41 45 39 9
3 37 30 16
38 43 34 6
21 8 47 13
33 40 46 15
2 33 44 8
17 42 42 6
31 7 49 14
28 49 11 11
34 35 48 18
38 15 35 7
16 7 38 22
5 24 39 1
41 48 30 22
4 46 45 12
24 36 27 3
21 20 47 14
38 47 36 39
36 37 27 6
8 29 28 8
13 28 37 8
20 18 28 0
14 28 2 3
26 9 48 24
30 32 26 3
9 27 21 9
42 44 40 35
26 13 35 21
24 29 3 12
29 42 47 4
46 48 42 10
36 47 38 14
16 28 21 6
11 34 29 22
22 15 19 6
37 32 44 15
38 39 22 6
40 45 29 13
22 19 23 10
18 20 24 5
15 28 23 11
16 37 27 33
29 25 29 6
21 14 41 10
33 49 26 37
33 42 32 2
24 28 28 25
26 44 41 17
4 25 35 7
20 25 26 1
33 48 43 17
12 21 35 6
40 46 45 9
21 5 47 13
26 18 16 4
25 9 21 2
35 20 34 7
22 20 43 14
9 39 42 28
21 26 43 6
20 39 33 6
21 42 48 0
20 15 42 3
26 14 21 6
13 31 37 0
35 19 29 0
6 47 40 7
39 44 29 6
34 40 46 14
34 25 44 6
35 44 8 0
20 29 23 35
2 28 31 33
38 49 20 8
16 29 45 10
11 39 38 16
34 46 37 1
32 38 12 10
19 48 27 17
48 31 18 19
27 23 41 8
23 32 36 7
26 35 22 3
31 45 24 19
36 48 42 13
18 9 26 20
23 47 33 30
29 11 13 16
38 48 36 43
29 32 44 15
11 34 42 27
29 22 8 2
35 38 15 12
11 47 44 14
34 17 49 14
34 38 37 40
27 20 48 4
8 32 20 7
4 42 15 2
29 36 37 0
23 40 48 5
4 44 47 3
27 18 23 7
30 19 11 4
35 15 49 17
25 36 49 27
11 11 40 11
28 41 21 11
0 40 28 1
18 49 49 11
30 16 34 2
20 27 32 3
13 29 23 0
32 48 41 38
44 19 20 23
19 27 32 4
9 21 19 17
1 38 11 13
23 9 17 4
6 18 9 9
22 21 19 6
27 26 27 3
46 44 23 40
4 29 21 5
4 44 31 5
11 29 39 30
20 39 29 14
19 13 47 18
36 47 45 18
21 45 25 21
22 35 31 42
13 37 35 0
26 17 19 3
37 2 30 9
20 39 21 5
25 47 6 15
33 26 21 9
20 41 41 5
30 45 33 24
34 39 24 8
37 12 20 5
14 30 48 14
17 15 11 12
28 11 34 5
26 46 32 41
48 48 14 7
26 24 40 17
14 33 46 4
29 46 29 5
4 38 4 15
22 10 39 14
23 12 33 11
40 49 37 1
8 26 24 8
23 11 38 45
26 5 38 32
47 36 46 27
23 13 30 2
26 44 48 6
14 38 47 34
17 8 40 0
27 42 37 44
1 44 19 5
33 40 44 16
19 33 29 17
21 13 29 27
15 7 43 2
25 19 31 15
14 23 23 1
20 15 46 13
30 27 49 6
42 45 42 31
6 22 30 1
29 23 31 4
42 45 47 5
37 48 46 10
11 27 13 19
31 49 45 16
38 42 25 0
28 19 45 11
36 24 7 19
23 46 21 1
17 6 34 9
6 21 43 33
36 47 22 0
26 20 0 8
30 32 28 27
29 30 49 16
21 41 25 8
30 27 41 15
29 37 31 0
10 31 22 18
12 29 20 32
28 44 12 9
24 15 38 23
26 45 34 5
5 31 22 2
23 21 28 4
43 34 48 13
37 22 49 25
0 36 12 16
34 33 15 10
35 49 28 9
8 39 29 0
13 37 43 10
19 28 27 23
33 15 27 29
17 48 48 10
36 47 18 16
12 23 38 19
30 44 14 13
25 15 30 0
48 44 41 1
27 25 25 9
38 45 37 8
12 37 29 17
19 22 30 17
27 27 32 26
1 38 46 7
41 49 22 30
25 18 33 43
31 45 27 12
21 41 19 3
25 31 29 0
42 27 47 12
44 42 22 3
16 46 45 22
31 41 23 28
6 41 30 36
27 9 46 7
16 20 37 36
29 13 18 40
17 5 31 9
33 44 29 23
9 37 12 7
28 25 48 18
48 35 14 12
13 23 10 15
11 33 47 13
22 22 39 12
25 48 34 1
40 24 27 9
32 44 26 2
39 47 36 0
32 46 24 5
32 24 14 24
12 28 12 1
11 22 49 8
18 48 31 23
17 15 25 31
3 39 43 36
15 26 3 7
36 44 43 12
4 36 36 29
38 44 11 30
21 32 15 3
18 44 42 12
15 28 49 12
41 39 30 11
4 19 42 43
20 21 9 11
11 23 45 12
44 44 18 31
8 29 19 31
6 29 28 10
21 21 32 35
25 29 25 10
31 36 33 39
18 7 4 0
18 14 2 7
20 48 7 15
37 31 46 16
14 31 29 2
34 27 21 30
23 25 27 7
17 42 24 9
19 23 48 14
30 38 29 0
39 37 31 3
9 12 22 4
22 24 36 8
16 37 30 29
31 45 26 5
8 44 30 11
20 25 29 6
19 35 26 10
3 32 21 19
42 47 29 1
2 13 25 34
16 38 2 11
26 11 32 34
15 42 38 30
31 11 38 32
15 46 23 0
26 12 22 8
23 33 5 2
45 49 23 5
38 36 17 8
21 49 36 4
25 43 46 4
22 17 25 5
0 42 24 10
25 33 27 0
11 48 28 5
11 23 32 3
28 11 25 7
41 47 39 12
13 14 22 30
19 11 42 43
10 30 46 6
1 44 33 9
26 45 46 18
22 3 43 2
6 47 43 18
3 46 27 4
24 23 26 16
23 2 36 5
3 23 24 3
5 25 42 11
18 23 33 6
31 18 28 12
12 29 36 9
16 44 48 13
24 44 42 3
13 42 9 10
17 18 39 8
36 12 40 0
8 26 43 27
1 27 21 40
35 49 29 32
22 37 37 5
28 25 46 15
23 15 29 22
3 42 27 24
48 49 29 10
9 23 48 10
