50 71 19165 800
42 20 36 44
20 13 38 44
16 31 5 5
25 14 5 42
36 1 16 2
30 1 43 37
18 30 23 39
17 28 44 7
16 37 21 24
17 31 11 47
33 35 19 2
13 40 40 3
29 36 11 11
28 39 29 35
40 39 18 32
10 49 26 48
42 22 13 18
11 40 43 44
48 16 35 34
29 6 11 8
35 11 5 7
23 34 14 4
28 33 14 10
25 37 19 5
34 13 44 39
34 25 11 21
0 47 20 30
36 28 45 41
19 33 12 4
33 24 39 48
6 29 41 45
26 7 0 6
30 7 11 6
29 9 39 47
14 43 40 45
39 24 11 5
47 18 31 23
11 44 35 46
18 27 36 47
48 13 35 47
26 23 5 28
21 34 49 39
19 48 29 24
21 33 43 46
32 28 19 4
47 18 3 26
10 16 44 43
40 15 12 39
4 48 28 41
21 35 10 4
39 18 14 0
47 9 31 47
39 3 44 13
37 33 20 20
25 27 24 18
19 29 35 6
30 45 13 7
19 35 4 27
30 14 44 13
40 45 30 26
48 11 0 44
12 26 21 2
13 28 42 4
43 17 35 3
18 8 12 2
38 11 36 35
3 37 15 18
17 36 10 33
41 15 18 0
19 41 14 36
16 26 36 49
