50 685 15492 800
45 42 46 21
23 35 39 17
32 3 22 37
39 43 6 9
8 29 9 8
30 45 3 11
17 11 12 41
16 31 11 30
40 47 7 10
39 35 25 23
24 49 12 34
39 24 4 29
33 8 2 7
29 46 0 30
19 16 16 33
39 41 5 18
21 32 29 0
34 32 20 26
1 0 23 19
11 18 4 10
39 42 3 12
20 6 20 16
40 46 29 39
37 36 37 17
27 37 29 6
1 5 38 17
16 24 2 7
27 17 3 1
46 44 10 37
31 46 6 6
12 18 3 45
23 26 34 6
26 16 0 13
41 1 5 8
36 35 23 21
33 21 6 9
43 9 18 13
42 43 45 20
22 21 36 41
39 11 0 36
49 44 48 15
37 7 1 27
41 48 31 11
30 45 44 11
7 24 13 35
31 14 19 27
24 42 48 34
7 8 30 8
28 21 2 14
18 12 13 21
2 3 45 31
15 42 6 14
24 6 43 11
31 8 41 20
33 48 15 4
20 20 12 15
27 17 5 6
18 21 3 8
45 42 30 35
43 28 6 10
49 49 15 3
42 42 33 15
49 12 14 8
21 0 39 18
39 37 41 4
27 27 26 16
18 19 6 9
33 14 11 34
22 27 28 21
17 20 0 16
48 30 3 11
23 16 40 35
8 20 39 13
3 40 4 13
39 42 32 14
45 41 19 34
4 18 9 44
13 7 4 28
31 28 17 36
22 15 0 7
48 24 0 12
29 44 48 38
41 43 21 39
20 26 22 12
11 25 35 38
45 12 40 8
35 47 7 8
17 14 2 11
47 30 33 13
36 1 41 36
23 3 4 9
24 23 38 17
25 46 30 31
25 15 36 0
41 17 24 18
43 43 23 32
43 9 9 29
41 39 3 13
24 19 6 29
46 4 22 0
30 17 42 37
2 4 4 13
17 19 39 35
27 18 4 0
25 23 20 33
36 42 41 37
41 11 8 7
7 35 15 27
36 49 34 9
1 43 9 47
31 8 4 12
40 11 35 19
27 12 33 33
43 25 2 9
35 47 21 10
39 43 17 46
35 3 41 8
45 16 4 32
28 18 38 18
23 27 11 41
36 35 37 9
26 23 2 8
6 2 5 15
34 25 30 21
23 44 3 15
13 41 39 17
7 1 39 16
37 11 3 11
36 37 17 42
42 49 1 9
15 44 0 39
44 10 7 31
29 22 48 30
14 0 33 3
40 46 13 44
27 6 5 14
40 43 35 8
10 17 7 31
42 43 32 18
41 44 3 13
33 42 26 5
25 44 13 37
35 26 5 11
29 0 2 7
40 45 41 2
34 46 14 43
17 18 27 33
29 47 43 25
23 33 4 15
27 44 4 12
28 45 5 41
17 17 2 9
37 41 15 20
22 13 3 8
12 21 14 35
18 17 4 10
8 47 12 1
24 27 13 45
39 31 47 37
22 22 12 8
32 39 45 18
32 49 5 7
21 9 37 36
36 36 41 47
21 22 4 1
6 18 36 37
19 15 30 38
41 42 44 15
33 20 15 11
16 12 35 12
10 10 20 19
11 17 2 7
30 27 8 16
40 43 36 2
35 31 45 42
40 43 15 39
33 43 6 46
4 3 43 44
41 39 25 46
18 18 0 31
25 23 15 27
37 26 6 46
2 48 12 17
25 41 36 3
12 26 2 44
13 16 41 6
28 1 6 10
39 39 49 37
9 15 26 21
14 18 4 11
47 27 14 22
34 25 0 35
23 23 41 34
44 21 31 5
27 46 19 37
36 8 10 46
38 10 21 21
16 17 45 22
20 20 8 22
8 41 38 15
27 16 3 11
16 12 4 13
25 7 30 18
33 44 33 4
33 6 48 29
44 39 3 23
37 23 6 14
10 18 2 9
39 33 4 35
42 27 46 11
44 20 35 6
33 41 48 6
41 39 37 3
40 44 16 21
2 1 15 38
38 6 11 5
28 48 13 17
38 39 48 23
37 39 20 36
34 0 29 1
10 14 40 14
26 29 27 24
17 27 5 9
44 42 36 1
37 15 7 10
28 17 27 26
39 5 15 2
41 30 7 30
36 49 15 37
38 39 27 1
18 4 41 16
38 45 9 27
40 44 4 9
42 43 3 49
20 27 45 6
25 41 14 13
18 17 5 10
43 45 4 9
13 22 5 5
28 45 36 24
21 15 7 18
27 0 14 46
3 1 3 10
10 21 2 36
40 40 29 12
44 48 9 7
31 38 41 31
21 7 4 12
32 45 5 11
28 22 18 27
13 24 7 17
21 16 2 10
36 0 32 27
41 45 17 24
37 32 45 13
13 9 1 23
8 12 45 38
40 11 12 6
19 16 36 0
28 32 0 29
41 43 2 8
12 20 35 47
49 0 4 7
42 40 2 5
34 13 17 9
24 10 46 43
37 4 27 24
13 25 0 36
34 3 29 11
35 43 11 2
27 6 25 0
46 21 7 8
38 17 48 31
33 3 4 13
38 13 32 0
36 41 32 2
38 16 10 12
41 41 3 8
46 42 0 12
34 30 0 13
38 46 42 31
16 19 30 27
35 9 49 35
49 21 29 21
31 23 3 6
37 20 2 12
40 47 11 7
4 44 5 9
13 43 44 42
9 14 0 17
34 24 4 20
38 29 9 6
29 49 13 1
31 15 7 2
34 39 29 10
7 18 24 13
37 38 24 47
13 19 32 0
43 37 13 32
42 24 42 17
1 16 5 14
26 8 28 0
3 30 29 1
3 2 8 10
31 10 2 47
42 41 35 12
10 12 9 7
30 48 16 11
14 16 43 7
29 32 34 0
34 46 8 8
22 20 3 6
38 11 37 38
21 14 15 1
20 28 9 43
30 49 4 10
24 6 37 48
41 43 32 1
39 43 3 13
11 17 4 49
24 17 36 19
39 28 13 49
33 37 16 17
31 40 8 18
15 25 3 10
42 21 32 23
27 24 10 32
43 17 12 31
30 7 9 31
40 43 22 6
7 5 35 1
17 38 14 49
32 43 4 37
34 19 12 45
43 33 3 10
47 46 43 7
43 7 4 10
12 7 31 3
39 8 28 1
38 11 49 33
35 31 4 25
39 10 0 9
34 36 3 14
32 20 43 17
23 29 5 9
42 37 33 49
41 12 30 3
14 14 5 28
39 44 3 10
33 21 31 14
21 17 12 47
39 42 36 1
40 43 42 22
17 30 8 4
15 17 38 16
4 20 7 9
39 22 9 41
15 40 38 40
32 7 41 29
43 43 4 7
31 46 46 33
44 23 1 13
33 3 40 2
10 16 30 11
38 3 2 25
42 41 22 31
21 19 6 44
24 42 13 16
47 33 16 9
13 5 32 1
18 21 31 22
5 44 22 47
12 27 6 14
26 6 17 41
40 43 4 9
43 20 15 8
43 43 7 9
48 42 43 10
33 4 2 39
21 8 5 9
42 35 10 42
43 46 4 13
24 17 10 9
27 20 5 9
4 11 35 14
32 32 6 7
41 42 3 13
49 5 10 0
36 12 0 37
23 43 38 0
33 6 5 33
28 18 19 34
49 4 48 32
26 41 48 3
34 14 25 32
19 22 27 18
38 27 3 9
23 16 34 33
19 24 42 18
35 35 22 0
32 0 29 8
5 3 34 4
35 7 0 14
40 47 24 32
4 13 6 10
1 5 6 34
33 43 25 38
32 12 6 8
28 15 29 8
22 20 5 48
13 18 7 43
41 41 26 3
43 31 19 28
33 45 6 10
26 33 5 4
43 45 18 11
40 44 17 47
23 20 11 10
28 41 2 9
18 18 34 3
45 37 8 11
44 29 17 20
11 4 19 39
20 17 1 10
46 17 2 10
38 24 1 12
38 42 11 31
6 4 1 9
45 46 13 45
32 44 33 16
32 2 18 33
35 18 8 40
21 36 48 30
29 15 35 25
2 23 3 7
39 38 29 5
31 13 14 38
36 21 43 14
44 43 2 2
28 48 37 2
47 41 2 5
36 42 16 32
41 41 30 36
28 13 23 31
33 3 0 31
5 38 7 20
39 6 16 4
11 1 35 3
17 16 19 37
39 38 9 48
33 45 2 15
25 41 16 1
29 46 34 24
28 24 43 23
44 40 3 45
42 42 8 17
5 23 32 15
39 46 26 25
39 43 7 12
34 10 22 22
4 2 15 19
28 7 1 35
38 43 33 38
23 23 42 34
18 19 42 8
26 31 30 18
39 39 9 29
44 17 43 34
24 19 29 1
38 9 47 20
17 23 5 9
14 18 1 37
33 46 15 2
9 7 10 33
39 42 40 26
3 22 47 39
43 42 42 7
46 1 6 7
31 11 29 22
35 38 8 23
15 6 31 10
18 18 21 37
38 43 19 2
43 42 7 12
37 5 20 7
35 41 28 5
7 20 0 12
33 33 12 32
9 25 9 12
11 11 22 9
9 22 11 39
33 8 0 10
14 15 47 9
20 11 49 32
33 9 5 2
36 32 1 28
47 34 2 10
30 49 35 16
47 42 9 44
35 34 6 12
35 6 19 20
44 44 7 40
37 7 2 11
30 45 35 11
27 1 36 1
47 13 27 46
44 45 41 5
12 14 5 9
43 41 22 0
42 43 1 11
28 29 15 43
23 18 14 18
33 12 20 49
38 16 41 7
33 13 3 11
37 28 49 26
39 41 38 25
36 37 30 46
46 23 45 31
36 47 14 15
26 47 40 43
11 24 2 10
20 24 28 30
40 39 24 49
30 18 29 3
25 37 40 40
14 14 29 40
40 1 17 30
47 29 2 27
30 48 7 3
34 18 0 10
38 9 8 37
41 42 41 33
35 45 34 16
47 44 19 44
19 19 10 11
40 41 3 9
38 7 0 36
15 18 13 15
41 35 1 12
6 44 18 25
7 12 41 0
43 45 26 19
29 30 35 23
21 31 18 41
32 5 39 36
41 42 19 47
36 0 44 8
25 19 2 9
19 24 32 1
38 32 35 38
46 14 6 11
15 31 38 12
31 48 41 18
33 45 20 29
40 8 15 3
18 23 9 15
44 40 2 7
38 36 16 24
19 8 4 12
26 47 46 10
21 32 18 19
40 44 29 34
49 35 29 6
43 41 25 41
1 10 34 30
1 3 5 9
4 38 14 36
39 42 48 14
17 10 5 34
2 13 38 16
38 11 46 32
44 41 31 6
11 23 22 6
18 14 3 39
40 44 3 8
38 38 28 0
20 21 8 10
11 17 2 14
20 13 7 10
39 36 13 33
5 1 4 15
43 35 1 11
17 35 15 19
8 17 14 39
39 43 35 0
21 19 20 41
32 16 17 12
19 37 2 10
0 8 2 43
22 27 2 8
42 37 17 5
24 47 47 8
24 10 29 13
35 44 30 5
40 26 37 6
29 17 0 11
31 45 2 10
19 20 11 0
44 13 14 15
38 38 8 31
29 7 39 8
25 2 29 3
13 9 37 16
15 19 1 5
20 4 8 11
40 40 45 8
33 32 23 21
31 17 32 2
20 21 31 1
39 3 15 28
42 46 14 34
39 42 8 26
4 42 3 10
42 15 7 12
36 10 8 3
38 14 42 1
4 6 28 41
40 40 24 12
15 18 8 6
41 14 36 27
39 46 16 42
42 3 3 22
41 18 11 44
44 42 4 13
40 16 48 39
37 13 11 31
21 5 31 21
3 28 21 1
42 42 6 27
36 15 4 35
24 8 13 29
38 13 4 16
45 22 2 8
32 44 23 44
11 20 7 7
32 42 40 35
33 45 3 48
39 39 23 37
8 16 5 8
9 10 4 7
22 14 4 7
31 38 8 4
34 11 7 9
30 37 35 4
27 43 42 26
28 22 13 38
2 5 1 10
33 49 1 12
39 43 5 6
36 18 3 14
29 47 6 34
45 21 17 5
27 45 5 9
31 36 12 35
39 37 41 4
14 10 3 12
10 16 1 14
42 40 0 6
39 3 43 19
38 42 32 7
25 45 39 16
18 26 7 9
17 18 30 21
30 27 4 12
33 13 35 7
3 31 6 34
35 44 16 35
41 41 7 1
41 44 5 9
45 7 32 24
25 34 27 44
37 17 18 36
44 30 34 3
37 25 15 16
4 33 13 12
32 12 22 12
1 6 7 13
39 40 2 33
37 41 41 29
30 48 4 41
20 10 8 10
43 40 13 17
35 11 44 14
39 40 24 31
