50 511 12981 800
45 28 42 14
41 44 39 29
43 49 28 42
45 43 39 17
44 48 31 12
42 48 11 12
37 14 12 22
42 45 30 26
29 28 38 20
37 10 41 26
38 28 35 20
43 19 38 23
34 21 42 30
32 0 34 24
34 15 28 28
13 45 3 31
47 30 34 14
39 12 41 21
12 35 29 22
42 21 44 16
35 17 48 40
45 44 44 24
7 14 44 21
41 47 43 35
42 49 41 17
15 12 10 29
40 22 36 33
4 12 2 34
46 11 38 28
15 18 43 11
24 36 29 30
45 46 14 31
42 47 14 34
48 25 16 23
27 19 41 20
1 16 31 1
25 31 29 20
45 17 43 12
45 9 38 23
35 12 15 38
13 30 2 31
20 19 12 34
41 20 36 9
9 33 17 30
46 18 37 32
43 1 35 1
1 11 12 25
30 1 33 7
28 26 11 28
19 43 42 35
15 19 34 42
41 47 17 31
41 9 39 24
40 20 34 21
32 26 1 37
13 34 36 32
45 20 38 23
37 45 14 31
31 7 12 7
40 44 43 14
42 48 37 23
36 2 4 42
48 45 41 13
44 23 18 42
16 17 16 46
4 13 32 26
33 26 8 25
41 45 10 20
26 48 32 25
48 45 34 25
27 26 42 29
39 17 8 41
47 46 20 5
35 21 8 39
44 21 11 33
40 24 40 12
47 34 41 30
37 9 14 31
49 29 29 24
41 1 9 9
7 48 42 23
4 46 39 35
46 45 3 18
43 46 37 18
17 18 6 14
7 6 39 19
39 34 32 22
42 47 5 4
23 15 43 22
45 47 15 46
34 30 43 17
31 22 20 31
29 1 43 20
27 15 39 16
32 26 36 17
31 24 2 32
40 24 31 23
44 45 37 21
42 46 30 17
43 45 23 38
12 18 9 31
46 24 4 22
34 25 48 24
44 48 40 14
44 29 41 24
45 46 42 20
35 28 33 15
25 23 7 46
34 32 3 36
25 23 36 19
46 23 39 29
13 6 7 35
34 4 19 25
16 42 39 12
6 44 30 20
17 19 8 29
9 3 36 11
23 25 39 11
44 43 35 38
19 19 23 30
48 27 13 30
47 36 22 35
31 23 35 16
40 7 24 29
44 48 24 31
48 37 37 35
32 20 35 24
7 42 18 31
37 34 26 29
34 34 11 27
16 18 42 18
36 11 0 44
40 7 22 40
21 18 35 34
14 18 36 21
23 24 25 12
27 24 40 8
43 6 29 19
25 29 17 33
11 9 16 26
26 48 8 33
23 34 14 37
41 47 8 20
30 42 29 19
18 46 14 32
10 9 40 22
37 15 33 31
36 2 27 37
14 14 43 17
41 4 6 38
36 19 20 32
30 47 41 32
41 39 4 28
38 47 30 33
41 14 9 24
42 38 47 26
30 29 15 37
31 29 43 46
1 12 17 35
2 10 29 19
46 22 3 15
12 37 13 26
40 30 6 29
42 49 44 26
45 22 41 19
32 8 19 26
23 9 33 31
48 25 18 40
41 42 44 12
48 46 34 16
48 45 41 15
45 47 4 41
44 23 47 15
36 18 36 27
43 30 22 44
30 25 21 28
37 4 38 23
40 5 24 32
30 28 15 30
9 42 8 34
41 46 46 28
42 23 35 33
41 30 34 6
31 18 19 9
43 49 39 17
21 32 30 22
44 44 41 37
45 33 39 28
43 38 39 18
40 46 46 7
40 38 23 34
36 1 36 16
38 30 17 28
1 11 18 31
47 23 42 24
19 42 30 29
16 11 30 36
34 25 16 32
7 11 35 34
49 13 41 23
46 6 38 26
47 17 32 21
2 8 29 33
14 42 43 24
48 45 34 14
45 46 39 28
40 16 45 15
15 18 3 37
40 31 29 43
45 43 33 6
47 18 38 14
38 12 37 19
41 1 38 25
22 26 39 8
43 26 13 31
10 24 37 38
42 18 36 24
36 21 30 1
42 47 32 16
13 5 8 5
28 27 25 44
49 33 10 39
27 8 35 21
45 10 49 12
35 1 32 23
37 27 32 17
40 39 5 28
46 23 7 8
23 31 31 28
48 45 40 17
33 46 31 27
14 21 40 33
41 14 7 14
32 25 34 17
44 46 46 19
37 24 33 7
32 1 18 26
34 28 19 23
43 8 41 14
48 10 34 22
41 46 6 30
16 44 44 12
27 6 35 33
43 48 38 24
34 32 41 30
43 48 40 18
41 46 14 46
8 1 31 20
35 11 47 19
37 5 4 43
34 7 38 17
8 4 40 14
1 36 22 3
41 46 1 31
20 46 35 18
37 21 47 22
36 17 6 39
19 36 43 13
43 43 20 39
37 41 17 34
30 44 37 6
12 41 28 21
17 27 28 30
31 20 36 26
33 43 45 37
32 30 41 23
43 7 23 28
37 18 47 17
42 46 5 21
40 45 26 23
35 19 27 24
19 24 48 25
10 19 46 14
38 17 36 30
21 26 1 31
42 5 45 33
26 38 12 24
28 8 44 13
38 17 45 20
19 36 43 40
31 32 15 41
30 46 33 26
37 6 40 49
33 5 46 20
13 40 17 30
47 22 32 19
35 13 5 39
39 11 35 10
41 30 36 37
29 1 41 25
33 14 38 31
13 17 39 10
32 25 39 23
7 2 33 13
10 45 10 13
27 25 3 21
22 14 37 17
6 2 36 19
35 0 38 23
29 9 25 48
33 24 4 26
35 7 10 31
48 14 38 27
41 16 1 37
40 3 39 40
46 21 19 32
9 14 29 12
40 46 17 30
39 21 42 19
44 24 27 31
47 24 11 48
49 14 17 49
32 2 16 28
43 45 32 23
47 43 46 17
43 12 35 24
34 8 35 15
29 30 44 9
42 2 42 16
41 46 40 9
38 4 40 41
43 20 15 25
29 41 43 19
27 23 30 38
35 25 39 28
21 45 40 23
48 21 26 46
42 28 40 15
16 17 40 14
43 3 35 20
45 45 43 49
29 28 2 22
38 28 34 26
47 24 28 14
48 45 10 23
8 32 40 17
44 0 34 13
29 22 43 28
43 47 29 40
32 3 38 20
43 9 35 3
41 44 31 30
32 39 10 27
37 2 2 46
41 47 20 32
47 48 39 24
39 0 40 28
21 33 17 38
31 26 42 18
38 0 15 44
44 20 14 31
35 11 38 28
44 45 36 23
5 13 0 6
31 13 39 28
41 17 33 14
45 22 4 40
45 43 41 30
43 47 28 43
49 31 18 30
46 23 33 26
37 29 41 18
33 10 8 34
32 9 37 32
45 44 42 23
40 17 31 29
39 30 13 38
45 6 36 25
43 46 35 25
21 42 35 22
12 9 37 18
3 7 45 26
33 25 23 47
47 44 33 33
44 4 16 36
8 8 24 30
36 1 15 34
16 15 49 27
34 0 30 30
47 14 8 28
42 0 17 32
45 47 9 26
31 27 19 28
49 25 36 23
45 23 19 24
36 31 45 15
39 8 34 21
44 40 38 30
43 8 24 39
21 20 4 15
43 45 35 31
47 3 11 38
48 10 44 15
29 10 33 13
49 20 44 26
30 24 40 23
44 13 28 29
45 31 30 14
27 3 38 17
49 1 29 27
29 35 9 41
21 37 35 19
31 1 20 39
43 49 28 19
32 47 48 26
38 47 35 31
45 48 13 31
49 21 40 16
31 28 43 11
18 42 21 21
34 0 49 30
0 49 11 24
42 46 41 17
33 21 45 24
49 37 42 23
46 24 22 41
10 45 32 26
42 32 14 38
44 3 27 32
42 25 22 45
40 46 37 26
28 40 14 32
30 5 48 14
31 29 26 37
44 49 29 27
43 46 36 16
48 26 31 23
45 49 38 12
43 45 46 12
28 37 22 33
28 19 32 17
46 20 30 22
45 44 34 14
18 20 33 19
44 23 10 41
33 25 16 28
16 16 29 32
25 30 12 30
41 5 0 2
49 48 34 20
44 47 43 17
43 45 42 24
7 45 13 19
42 47 42 22
47 44 41 27
47 26 17 28
41 46 33 20
39 35 21 42
12 9 11 35
35 13 39 34
40 37 24 34
48 37 36 23
45 15 41 23
36 26 4 20
35 22 43 9
1 12 31 19
28 37 9 43
35 2 37 24
47 46 8 34
28 12 18 43
35 24 39 17
28 17 30 27
44 10 12 33
18 27 43 29
38 1 3 42
26 18 41 22
33 26 38 10
41 46 42 27
43 26 28 25
41 25 4 5
45 24 34 22
42 47 49 37
6 9 31 8
46 27 24 20
19 34 36 16
37 10 21 41
49 16 31 22
43 48 33 21
45 49 32 36
30 1 2 12
44 46 40 8
42 44 31 28
12 45 24 35
5 36 35 8
43 25 33 23
29 28 11 38
34 28 5 34
38 24 18 32
47 27 9 22
45 48 37 26
23 15 33 26
15 37 21 30
41 45 22 26
20 17 42 29
20 18 22 39
24 9 43 17
3 11 14 41
6 36 5 48
18 12 16 39
14 15 41 19
42 47 48 12
47 22 2 44
13 47 30 21
42 23 32 40
32 33 38 32
43 12 6 27
33 27 18 43
8 46 35 21
48 25 45 16
23 1 7 35
37 5 23 31
