50 56 17734 800
43 37 45 8
34 38 47 5
25 43 46 40
11 46 35 34
14 29 24 21
35 42 24 47
39 40 37 19
26 39 12 10
13 37 41 25
27 49 9 43
22 34 14 44
24 32 30 20
4 28 16 33
33 42 10 43
25 39 3 24
32 14 39 19
19 35 23 31
37 43 6 3
12 28 39 3
34 31 17 22
0 23 18 24
45 47 44 30
23 32 16 48
5 13 33 27
32 23 28 2
13 32 43 39
4 27 30 32
25 38 41 7
23 28 45 40
34 40 37 34
18 30 31 46
34 35 46 32
48 32 47 49
8 15 26 40
16 30 30 31
33 28 48 43
24 46 28 25
40 20 30 32
7 45 43 39
33 43 5 25
14 26 45 4
13 34 23 44
29 38 24 30
43 38 22 46
35 40 45 47
26 28 41 4
29 41 47 49
30 36 42 32
16 47 29 48
28 30 24 35
33 32 43 27
31 38 43 39
9 36 33 36
19 22 30 31
4 25 25 22
17 49 32 32
