50 150 11322 800
39 33 44 29
20 5 48 26
30 0 34 33
29 1 47 41
25 16 33 36
31 3 47 46
36 7 42 21
45 46 10 23
18 25 47 47
26 12 45 28
24 2 47 31
16 25 14 16
27 6 44 32
19 6 42 27
1 17 22 19
40 22 44 47
0 20 43 42
21 19 35 19
35 6 36 28
8 20 45 30
29 5 41 29
36 35 24 12
48 27 42 24
24 4 38 45
48 20 31 37
2 2 29 41
1 41 30 33
49 15 20 10
48 16 10 11
34 4 29 28
5 16 37 41
28 4 32 42
49 15 6 16
1 4 47 29
2 34 43 28
10 21 43 46
17 0 41 36
7 11 42 36
32 0 8 3
3 16 0 10
26 20 49 30
22 22 42 29
34 4 42 40
42 33 21 7
32 4 31 44
19 27 29 34
24 7 45 40
6 43 40 44
6 34 29 29
3 7 36 39
39 17 45 32
1 14 30 47
39 20 40 45
19 14 45 43
12 6 42 25
34 1 45 40
48 15 7 16
30 4 27 14
10 15 48 46
16 23 47 24
20 14 37 40
14 1 37 41
31 3 36 22
42 41 28 25
49 15 39 37
33 4 29 46
36 0 44 41
12 32 47 49
43 25 45 32
45 26 36 49
39 35 7 2
48 22 45 17
48 35 46 43
49 14 44 8
33 10 34 31
19 2 31 21
1 2 24 36
34 2 26 41
25 13 26 35
22 13 38 37
27 1 48 28
49 18 35 33
49 14 9 5
15 0 23 2
3 23 35 35
46 11 17 44
32 0 20 30
35 3 47 23
46 16 43 44
12 19 30 39
32 34 23 40
31 2 44 28
5 33 33 5
16 16 46 28
19 2 30 37
13 15 47 26
49 26 22 35
38 0 38 46
19 10 38 43
7 20 41 43
30 27 12 4
30 0 31 24
49 28 25 10
32 2 44 43
30 4 35 35
44 7 48 32
22 3 36 30
31 5 42 25
4 16 44 30
33 6 1 10
20 7 32 38
13 43 42 30
17 3 40 46
26 5 33 36
7 15 35 34
0 36 19 8
10 18 9 2
47 17 14 23
43 15 30 36
27 4 8 0
38 2 39 26
34 18 23 21
39 0 32 24
47 15 46 26
29 0 34 26
20 34 43 23
1 48 40 45
45 24 28 28
34 2 45 27
2 48 39 41
5 18 24 17
48 14 38 36
35 1 36 43
32 3 40 27
49 13 15 35
36 16 5 24
3 33 42 24
38 23 18 11
33 2 26 3
49 14 40 40
3 25 46 19
42 18 44 32
32 0 35 45
41 10 44 42
34 5 37 8
48 13 34 26
20 18 29 40
16 25 48 32
33 1 49 43
26 3 40 24
