50 82 13376 800
18 40 11 33
37 18 27 23
35 24 27 17
39 20 0 44
44 16 16 23
49 25 41 27
19 6 34 12
9 8 34 26
14 23 47 30
39 21 32 27
30 41 11 28
41 26 35 21
42 19 19 23
19 27 12 46
6 29 21 4
14 26 27 28
37 19 47 28
36 20 6 3
12 27 43 15
7 43 33 8
42 23 26 11
41 23 18 15
15 16 31 18
27 43 43 25
13 34 5 4
38 16 34 20
27 47 25 28
2 43 32 20
18 24 42 18
33 44 23 22
13 31 2 19
14 20 45 19
16 24 26 31
10 3 15 30
37 26 49 28
48 24 6 1
39 25 7 2
18 27 3 22
23 10 6 15
35 26 29 25
4 44 36 29
8 39 38 36
20 23 27 17
40 27 25 26
10 27 25 27
2 43 32 14
4 8 23 22
6 23 23 29
16 29 12 48
6 49 31 20
6 25 7 18
12 21 4 29
49 23 35 21
39 21 42 27
22 47 26 26
18 36 3 31
36 42 20 33
19 32 23 26
41 21 23 24
8 22 29 21
13 28 16 26
18 24 6 22
12 27 24 14
18 14 26 37
39 20 18 1
36 33 14 1
19 21 42 25
24 46 21 0
5 14 27 27
37 26 22 25
43 22 44 18
47 24 22 25
3 25 28 22
14 24 18 8
43 18 41 24
16 17 23 26
9 25 38 23
37 23 9 29
49 29 22 28
41 20 9 2
37 23 5 8
42 25 30 21
