50 1157 13841 800
39 34 16 29
20 13 47 31
15 24 13 34
33 9 21 27
37 44 27 27
32 0 2 41
5 33 33 12
31 9 33 29
19 21 16 30
23 31 40 16
23 44 43 25
44 35 47 15
31 28 17 28
45 1 35 32
47 15 24 15
8 43 26 16
44 41 22 32
48 36 19 24
9 26 43 25
13 38 17 29
38 32 20 31
25 32 20 36
41 19 21 30
12 36 20 29
45 23 23 29
34 14 19 31
49 15 38 39
47 36 18 29
3 40 16 43
41 41 35 33
11 39 35 5
24 13 35 9
4 19 42 14
13 36 23 11
41 47 35 24
27 5 46 21
2 36 23 21
21 38 20 10
49 32 16 15
4 37 15 47
14 30 21 39
9 42 35 17
33 26 21 34
32 31 30 9
5 34 35 24
44 41 35 20
2 42 30 22
5 27 39 18
18 33 17 38
36 27 1 46
15 1 25 27
21 1 20 29
24 6 24 24
44 46 32 6
46 2 22 32
48 41 15 31
35 1 28 28
40 38 27 22
42 31 22 29
4 39 36 33
16 39 22 14
49 18 8 26
10 10 14 24
25 43 39 6
43 46 37 44
37 11 30 18
17 43 21 46
31 18 21 33
20 22 40 10
19 34 1 15
7 38 21 27
44 43 7 24
4 41 7 33
0 32 41 35
46 34 4 15
13 40 36 36
19 32 20 13
22 34 36 32
46 20 21 32
13 13 31 9
27 43 7 12
29 23 21 29
34 16 26 23
31 16 47 6
15 8 15 46
42 29 17 17
45 20 21 47
36 5 26 12
42 42 11 32
42 44 0 23
31 29 20 20
45 23 44 16
8 31 17 32
45 32 28 9
0 40 15 22
13 33 23 19
37 22 21 18
40 31 16 38
23 33 21 28
32 22 28 27
13 35 30 33
2 31 23 24
40 41 17 33
40 39 21 28
35 17 29 8
35 38 28 4
4 3 39 40
32 25 35 39
14 18 19 16
46 41 36 20
32 17 47 15
45 39 10 24
16 29 9 24
32 42 32 18
9 27 11 7
17 39 34 5
25 44 32 23
41 45 42 8
16 32 26 13
43 33 30 9
17 35 26 16
40 35 19 27
10 21 31 15
36 32 20 37
7 31 42 29
30 27 16 32
44 33 22 31
9 39 38 13
21 34 39 29
46 34 24 30
18 36 34 41
47 37 45 20
3 27 25 30
14 29 19 31
39 38 29 15
6 33 16 17
12 39 26 26
41 40 20 27
25 14 2 11
40 25 14 21
45 37 8 32
18 42 45 24
43 35 22 31
43 38 19 28
5 34 17 25
42 46 37 27
33 9 9 12
43 39 16 19
2 42 23 46
38 6 15 26
18 33 21 31
35 7 19 18
22 30 23 18
43 43 43 8
32 6 24 29
22 43 47 8
15 40 25 18
40 36 12 35
9 36 23 25
30 6 34 18
41 34 21 28
23 3 26 20
42 39 20 28
41 34 13 3
45 34 22 32
0 35 16 37
17 32 21 28
26 41 9 31
10 41 11 26
10 33 23 33
47 16 26 13
15 31 18 29
42 36 33 28
41 12 44 20
42 37 5 17
34 30 28 9
41 33 36 27
16 42 24 34
43 40 21 22
4 41 40 33
32 37 14 21
49 33 21 14
11 32 35 10
32 5 17 39
12 37 21 27
39 33 33 9
44 39 22 27
20 8 34 27
42 34 34 19
45 38 19 28
44 32 24 6
23 47 28 24
42 33 24 25
24 1 33 28
14 39 26 18
28 24 23 24
41 38 0 25
47 46 46 36
16 0 18 27
40 35 31 21
28 24 38 26
42 36 39 26
17 34 16 26
41 30 47 9
47 34 34 41
31 48 19 31
44 43 20 31
3 45 31 38
23 32 11 25
16 42 35 10
22 1 18 29
40 46 48 5
2 46 23 33
46 36 32 38
9 11 10 45
11 23 2 17
6 42 20 35
3 32 28 22
37 1 49 3
28 2 6 46
49 33 23 37
41 5 42 21
13 39 20 31
41 11 33 2
13 30 22 30
14 37 36 2
29 31 30 10
6 38 22 15
42 37 7 30
32 21 19 31
39 48 28 17
32 12 28 18
41 47 10 18
15 32 23 30
7 35 7 20
21 44 47 34
26 47 17 27
15 41 22 21
30 23 46 16
7 9 16 36
10 38 27 15
30 40 21 31
48 25 38 13
22 0 22 29
45 39 22 34
44 38 9 24
16 22 10 39
41 46 21 29
43 40 46 31
19 30 27 26
27 1 19 31
5 20 12 4
12 31 26 36
22 42 34 14
17 32 30 21
30 43 7 18
48 23 13 26
7 5 27 17
21 33 20 28
13 40 38 23
34 33 33 11
47 37 21 10
22 28 19 30
12 33 29 20
26 28 22 19
43 0 17 37
7 30 30 18
18 7 39 11
23 20 32 27
41 7 21 28
40 40 38 33
43 43 13 25
32 22 22 32
25 49 44 35
43 23 31 41
39 22 17 8
33 13 40 32
36 43 19 22
27 40 39 31
46 34 27 0
31 34 18 15
42 36 19 30
44 35 18 30
36 31 33 26
5 28 38 10
9 36 19 30
27 23 41 22
44 46 13 20
41 38 39 31
34 35 18 31
30 34 21 29
5 16 26 28
29 43 22 31
28 7 12 3
22 40 44 32
14 34 21 15
40 33 43 38
10 34 13 2
23 25 45 32
23 19 14 44
7 48 31 25
11 26 12 16
1 25 22 32
42 35 17 33
40 41 20 30
38 16 19 18
48 47 44 30
20 22 21 32
43 34 22 47
9 30 34 13
19 18 20 33
21 28 48 28
44 40 26 27
48 32 27 33
31 15 37 22
45 37 22 39
5 40 42 37
48 22 20 28
16 4 2 31
42 44 39 31
11 34 34 36
41 33 24 17
9 42 11 39
13 28 19 31
21 6 21 29
14 41 25 45
38 3 20 42
23 15 25 38
13 42 16 16
33 0 21 31
25 4 43 14
12 29 17 15
16 38 37 21
33 25 19 29
31 0 38 21
12 33 21 30
36 11 33 25
3 39 30 14
16 43 22 43
15 26 20 3
30 34 43 44
10 48 28 2
47 11 10 33
19 47 36 27
4 22 32 36
22 37 0 25
5 24 23 33
45 36 24 26
44 34 1 22
46 20 43 35
7 29 37 19
37 22 16 35
22 9 26 13
9 35 5 25
23 46 31 19
15 27 22 31
49 48 28 45
32 6 30 13
41 32 13 31
2 28 18 30
13 45 15 12
19 24 31 32
7 43 5 36
24 33 29 37
39 13 34 5
4 24 15 27
47 41 30 17
37 44 36 28
43 41 21 31
0 30 21 11
14 40 39 12
41 37 28 24
30 49 46 6
41 11 19 33
28 49 9 34
39 36 22 20
35 49 26 41
11 39 4 11
42 39 41 24
36 24 36 3
27 29 29 2
47 35 25 30
48 42 45 14
31 13 41 34
10 34 38 22
41 31 20 33
2 46 22 30
10 43 21 35
47 31 44 43
10 34 1 26
26 44 9 17
24 44 4 43
33 3 15 25
19 1 6 6
14 40 21 27
42 25 14 45
48 6 28 34
44 40 18 30
3 42 21 29
16 42 26 1
2 11 33 3
21 39 22 28
9 31 18 19
13 41 18 33
12 28 13 23
28 39 7 26
10 37 19 31
47 31 16 24
49 32 42 37
44 46 43 6
40 23 20 31
6 12 14 15
19 14 26 29
35 9 31 32
24 32 20 28
12 35 20 25
23 9 14 26
27 21 34 30
2 47 15 35
41 41 22 27
15 39 21 32
29 1 42 24
16 32 8 36
46 20 20 31
48 4 28 34
23 47 14 47
27 9 14 37
40 43 49 27
42 42 33 27
46 29 34 49
44 37 11 44
15 37 22 32
35 21 41 32
9 15 11 11
46 34 33 46
7 33 25 41
34 7 4 34
42 46 8 28
48 29 21 31
16 36 17 46
44 36 22 32
43 35 21 27
22 25 18 5
41 41 37 45
23 13 34 29
32 11 10 17
47 8 22 31
9 33 21 30
5 19 10 41
45 21 37 30
31 7 37 11
21 25 18 31
38 40 8 12
14 43 5 45
41 47 18 28
43 45 42 3
40 40 43 28
13 35 44 10
19 10 0 20
38 15 33 48
20 45 43 22
11 33 20 34
8 33 15 34
42 21 22 33
15 34 19 11
19 40 28 5
39 43 35 17
42 37 18 31
3 31 19 27
12 31 24 33
32 39 4 30
37 42 18 5
7 37 43 8
3 44 6 15
7 36 23 32
26 42 42 20
45 34 21 33
16 30 32 11
38 11 43 22
1 35 20 30
43 46 19 34
34 30 18 33
42 38 29 18
40 27 34 24
42 44 21 44
44 36 20 34
33 25 16 3
23 7 31 18
48 39 26 34
13 32 20 30
37 9 24 15
44 33 37 33
24 2 10 25
13 36 4 46
44 36 35 8
9 28 35 13
45 17 20 31
31 16 5 48
44 41 19 30
44 44 33 14
20 31 34 18
41 44 22 20
49 41 20 29
16 46 16 37
32 2 5 28
1 33 29 1
25 40 21 30
7 41 41 4
9 28 23 31
11 36 6 42
44 49 33 16
45 27 30 20
15 2 39 7
48 19 20 32
6 48 16 23
44 24 30 29
45 43 23 27
29 6 33 36
37 28 14 46
15 38 26 46
15 47 19 31
48 33 7 8
31 2 3 30
41 27 29 15
34 0 18 32
46 37 21 32
18 36 19 28
44 29 15 29
14 38 8 16
21 16 22 33
15 42 21 27
41 46 21 32
35 27 26 34
9 39 41 13
22 36 3 37
38 24 10 40
11 42 36 47
16 37 19 28
41 44 29 17
48 33 20 25
31 27 33 18
49 31 25 23
44 37 16 26
37 38 23 32
40 29 16 23
9 3 20 30
45 30 25 12
46 32 16 32
29 2 21 33
43 42 37 27
29 1 49 15
42 5 17 30
15 32 24 26
3 49 49 22
40 47 1 13
5 46 37 19
33 34 19 31
22 35 10 27
46 30 16 26
12 41 28 25
43 44 19 34
49 29 33 8
33 37 35 46
46 35 25 33
21 35 20 31
27 15 40 35
41 35 20 32
43 39 17 29
44 35 41 19
37 45 22 31
45 48 29 19
18 34 21 30
34 31 26 28
9 24 32 48
47 12 19 23
12 39 29 25
12 36 21 32
6 40 20 35
16 10 32 18
19 44 37 12
9 41 39 41
19 44 29 28
33 1 14 0
11 20 46 29
44 35 34 16
41 11 26 21
39 44 27 12
39 39 22 26
13 34 19 30
23 37 19 28
44 34 24 21
10 35 12 13
9 33 18 18
16 46 9 32
28 17 32 10
49 40 16 32
15 44 33 17
45 37 49 15
19 29 17 12
13 41 39 23
37 36 27 28
27 39 46 21
4 34 27 30
4 34 39 18
46 30 7 30
44 26 28 34
2 0 30 32
46 22 14 22
45 41 5 6
9 44 38 49
11 34 14 30
24 35 15 38
38 7 1 6
47 36 44 24
13 37 32 22
33 28 17 29
2 43 0 40
40 44 32 19
3 39 24 26
42 44 11 47
48 36 4 17
25 3 19 36
11 15 21 32
41 36 20 29
44 41 42 10
40 38 30 25
13 49 21 29
22 37 17 24
43 37 19 19
18 48 21 30
4 32 19 32
41 32 19 27
5 19 37 42
1 40 1 15
23 43 10 17
14 38 14 13
43 43 5 31
15 34 29 11
10 17 40 32
15 45 47 18
44 42 20 33
30 49 19 30
40 31 49 13
30 15 1 18
33 35 35 18
40 39 22 19
30 25 19 27
42 29 20 15
23 15 28 24
47 7 9 26
48 16 42 23
3 47 44 36
30 19 40 26
45 12 21 30
44 44 5 42
11 42 9 11
1 26 11 36
10 49 4 21
6 39 15 18
49 42 18 24
3 35 11 30
42 42 16 35
39 42 10 17
33 22 29 28
6 31 22 31
7 37 22 30
18 11 22 34
48 42 45 30
22 5 26 10
41 33 12 18
34 0 9 3
12 37 19 14
48 41 22 16
7 31 21 29
12 41 34 2
19 45 29 5
33 21 22 26
19 7 5 36
32 40 29 18
43 40 0 22
35 13 45 34
40 44 33 16
27 2 46 9
43 30 12 25
45 33 19 29
31 7 33 33
15 26 21 28
33 4 20 31
25 48 23 35
30 41 19 48
14 40 26 35
25 24 35 30
13 39 38 30
23 36 7 29
36 7 48 26
44 30 17 34
47 39 19 31
34 38 40 25
32 36 9 32
40 19 21 25
12 39 42 18
49 21 33 20
20 49 48 32
40 37 2 38
6 13 24 44
20 13 20 28
43 37 5 24
39 10 21 31
12 47 17 33
44 37 45 27
40 41 2 29
42 16 36 36
33 6 5 35
37 18 33 22
42 32 12 28
22 38 22 8
43 39 22 22
14 44 21 33
7 34 34 12
13 40 16 30
2 9 21 40
40 36 21 23
12 35 34 9
43 35 23 9
44 45 34 29
36 9 23 33
4 26 41 27
8 40 33 40
46 43 38 4
48 18 2 11
12 0 21 31
0 35 12 32
43 36 6 31
47 31 21 25
26 33 41 23
28 30 35 22
11 40 23 44
32 3 21 30
46 42 8 30
28 11 35 2
10 45 31 19
38 36 23 30
12 36 20 27
12 38 39 22
24 12 41 3
41 36 21 29
17 40 8 24
27 22 0 12
44 23 15 11
42 42 33 21
14 48 19 29
30 4 26 16
23 30 34 48
47 45 14 22
40 38 21 34
43 45 19 30
17 17 17 31
29 33 34 33
23 40 20 42
43 40 20 28
1 26 18 38
41 21 46 7
49 27 42 17
27 46 2 32
41 42 19 32
40 44 33 15
33 18 49 21
34 15 22 28
45 41 20 32
40 48 42 26
43 34 25 29
25 47 16 23
21 10 32 35
33 6 4 32
30 9 20 45
17 34 31 28
34 11 31 37
7 21 39 36
9 46 27 7
44 33 40 31
44 28 13 25
14 37 39 41
46 43 33 10
45 34 38 18
6 19 17 47
47 32 23 22
49 40 26 16
42 37 16 27
7 38 33 20
13 44 33 25
16 34 42 15
30 33 35 41
4 23 35 6
29 4 48 19
45 10 33 3
40 44 49 8
24 30 24 22
41 43 30 27
29 4 43 21
40 42 17 29
7 44 38 46
37 28 26 44
9 20 24 4
36 10 29 20
12 45 18 28
30 14 29 10
42 2 48 17
46 22 23 32
42 46 26 21
12 44 2 19
46 19 18 14
48 7 40 25
11 38 11 8
42 2 24 14
17 48 37 30
36 34 10 37
44 43 32 41
22 21 36 28
29 1 23 48
49 30 20 30
33 10 9 31
40 34 26 19
12 40 20 28
7 42 32 35
48 40 27 21
18 26 26 29
6 0 23 32
2 30 40 36
27 45 31 5
5 46 6 15
41 45 30 40
40 30 20 31
6 42 40 1
22 10 42 34
27 10 18 2
30 2 29 27
19 9 41 45
2 41 27 25
36 39 28 27
20 47 11 16
20 40 30 27
15 42 20 31
34 0 40 16
46 30 25 21
40 33 14 3
5 34 43 37
45 22 22 17
25 40 24 17
12 49 24 27
36 35 27 5
0 40 12 20
2 34 23 22
7 34 17 25
44 33 21 34
20 34 24 29
33 27 27 31
25 41 24 29
4 38 4 27
45 37 37 7
38 38 49 19
4 32 17 13
43 23 33 41
34 44 22 30
14 39 41 21
44 34 4 45
33 36 21 32
4 45 11 19
45 9 20 19
26 36 49 30
23 15 18 31
13 21 0 7
22 28 18 30
17 39 24 29
17 36 47 7
3 31 45 19
3 37 3 28
17 33 31 43
4 18 19 31
37 26 15 35
4 45 23 26
40 19 32 7
28 8 35 2
39 21 43 29
45 35 23 24
22 34 21 28
24 1 15 33
0 44 16 30
45 20 20 34
42 36 44 26
10 39 23 27
3 41 17 31
21 44 41 29
38 42 31 17
12 17 24 19
18 19 18 27
11 45 40 24
39 40 21 28
9 33 28 5
38 18 21 23
19 8 34 26
14 15 33 44
39 39 22 29
31 4 37 29
21 46 29 25
1 48 13 21
40 20 24 33
0 29 8 25
33 22 14 11
42 37 16 26
26 31 29 26
44 6 16 22
1 40 21 30
27 25 8 40
17 40 22 29
46 43 35 15
28 6 36 2
46 23 12 26
32 4 21 31
37 30 11 33
31 39 11 24
23 36 19 32
44 31 28 30
15 44 21 33
43 13 46 21
16 41 19 22
5 29 7 9
12 32 32 3
25 35 19 35
47 32 16 9
44 41 24 29
14 16 32 38
32 6 16 26
49 14 26 25
38 46 16 4
17 13 10 27
17 46 21 30
13 3 19 30
10 42 9 3
19 44 4 39
41 33 33 36
3 46 28 21
41 34 36 12
40 45 24 29
29 3 25 22
40 39 42 3
46 47 29 38
21 10 22 32
2 34 35 31
9 40 15 44
12 10 32 36
19 47 43 23
23 46 35 12
19 46 21 28
8 37 24 29
31 32 33 46
42 35 33 32
7 42 17 27
40 38 11 18
16 41 31 21
48 24 20 43
37 20 22 15
7 41 21 27
34 49 3 10
43 42 46 16
33 21 43 12
42 43 29 2
43 33 14 30
42 2 7 17
39 9 28 38
44 38 43 3
45 33 39 30
18 22 10 11
22 2 37 24
38 16 19 33
43 10 25 16
30 14 3 35
25 45 23 15
34 34 7 17
46 2 21 28
16 1 29 11
44 6 2 23
31 35 5 39
36 3 0 28
45 19 18 25
19 46 19 34
7 42 17 30
38 10 25 41
17 38 30 44
45 31 17 32
34 3 37 23
44 32 21 30
21 14 47 34
45 38 15 36
10 38 39 40
41 24 29 16
29 35 23 32
32 21 36 34
47 34 31 4
39 38 25 19
8 46 19 30
46 31 43 16
16 20 48 36
27 42 45 21
22 1 18 27
47 24 19 20
8 48 25 38
19 28 22 35
48 41 43 28
0 41 18 33
41 39 14 30
26 0 26 22
19 29 6 34
21 4 38 12
18 41 17 34
16 38 13 7
13 42 43 17
45 20 21 36
31 4 41 23
33 6 30 40
43 38 20 32
41 37 20 28
18 9 44 15
9 39 28 42
42 34 33 10
4 39 42 26
41 38 28 45
44 9 19 32
6 45 3 23
24 30 8 26
45 21 42 1
8 32 27 9
37 9 21 28
28 43 47 38
37 35 35 31
9 40 45 25
45 47 14 7
22 14 17 29
27 24 17 20
36 23 41 28
33 20 15 11
29 0 30 11
18 42 21 28
49 37 38 9
44 36 8 7
22 11 37 17
2 37 42 15
25 1 22 34
2 39 22 28
4 34 23 33
26 34 19 27
24 18 22 31
29 37 2 31
42 35 25 17
45 13 38 16
11 40 35 36
19 43 25 37
29 5 39 24
11 41 33 12
45 36 35 36
40 44 37 22
45 31 18 29
33 34 15 31
0 20 42 16
6 26 20 34
40 47 20 27
9 35 17 32
0 48 22 15
37 44 16 17
14 39 38 28
31 10 15 31
47 33 9 32
13 37 44 16
37 42 12 31
15 19 19 36
42 32 35 24
21 10 18 30
44 43 27 19
19 39 17 8
24 35 28 10
35 0 32 29
0 27 18 30
33 5 33 12
42 36 39 31
10 30 8 18
18 32 49 28
27 45 25 19
34 40 10 27
41 40 41 20
45 41 39 23
28 3 16 33
1 27 15 33
36 31 47 36
36 30 17 28
34 3 23 30
45 40 34 26
34 29 49 33
5 39 21 27
25 23 25 32
15 37 23 29
25 15 49 31
5 45 12 20
42 46 21 17
36 39 45 21
41 44 16 31
40 36 33 26
8 47 47 24
39 19 18 32
9 32 28 26
22 35 20 27
44 12 20 26
47 38 19 34
32 37 42 21
2 31 28 8
9 32 43 27
45 37 21 40
17 12 34 41
8 23 22 31
42 40 28 17
2 27 48 31
28 8 36 49
46 28 35 16
48 40 17 10
4 30 18 35
23 35 0 17
41 44 38 26
24 44 24 38
34 26 15 37
41 43 46 10
9 48 46 23
46 27 16 20
44 40 1 47
1 33 26 21
40 16 16 23
33 7 34 28
44 46 27 8
19 42 32 37
18 38 49 25
44 44 22 32
9 41 27 34
28 24 14 22
3 40 29 30
39 23 48 30
20 47 25 29
47 44 6 31
37 13 44 37
23 41 18 27
31 11 24 35
39 37 48 19
25 9 29 13
46 29 25 43
6 35 17 11
47 36 36 18
38 33 21 23
15 42 48 47
18 40 45 14
33 16 14 29
35 7 16 30
