50 59 14632 800
27 37 34 22
21 12 42 37
25 14 25 44
26 30 44 36
8 2 47 31
16 8 14 3
0 17 42 34
10 26 41 42
21 7 47 16
23 30 48 24
14 24 42 38
29 37 40 15
26 42 26 37
26 35 40 38
19 43 39 40
31 37 24 25
37 7 33 29
40 2 42 25
2 29 48 20
10 12 46 39
24 32 31 34
26 16 46 38
3 5 46 43
15 16 41 29
24 37 40 33
2 1 40 37
22 45 11 9
17 16 13 2
23 33 46 29
17 21 49 44
20 20 37 38
32 41 39 5
26 43 13 5
26 39 41 10
37 33 39 25
0 19 45 34
38 37 49 4
27 34 35 23
10 7 47 35
20 37 28 0
28 29 28 34
9 2 38 19
17 35 43 39
1 19 49 36
23 16 45 37
11 19 48 32
33 45 42 3
25 40 49 39
9 10 39 40
4 13 10 9
20 41 36 35
1 20 43 32
24 37 45 47
12 16 41 35
34 15 26 21
29 40 34 35
16 37 22 3
23 38 22 9
18 12 48 30
