50 432 12744 800
17 47 33 44
19 39 37 26
22 38 30 19
43 0 27 47
30 20 43 36
33 33 19 34
49 11 43 29
46 22 40 32
49 34 29 45
13 22 23 15
39 21 11 29
38 40 45 15
44 6 44 34
26 15 43 17
49 15 37 33
11 6 47 27
46 20 15 45
24 19 33 21
29 48 21 25
22 13 1 38
32 17 47 18
20 34 44 18
27 5 16 31
12 37 27 33
21 20 43 25
21 39 23 10
34 5 37 8
37 9 39 39
13 27 47 25
49 6 25 32
23 17 17 40
42 10 34 20
31 23 28 12
19 30 10 32
23 12 49 38
21 46 31 34
12 46 31 39
18 16 28 3
21 21 1 21
24 45 30 12
9 36 46 23
45 17 43 25
27 41 32 20
30 39 32 7
25 23 16 28
46 3 25 39
10 23 45 17
26 15 22 6
17 22 43 18
30 40 38 15
28 47 35 32
20 25 37 25
25 15 41 22
35 8 21 39
21 14 39 19
25 16 41 34
36 47 8 45
48 13 46 20
41 13 40 20
21 41 41 31
47 23 34 39
13 34 48 29
23 46 26 16
24 16 20 17
28 14 14 40
47 7 29 8
18 14 20 36
13 15 21 10
33 16 18 33
16 22 35 18
31 4 35 41
34 42 32 29
25 32 39 19
49 5 39 16
23 40 38 5
23 24 33 32
34 14 28 34
18 11 44 45
30 41 22 28
25 7 1 43
43 4 43 38
20 33 39 29
27 39 4 3
45 18 35 23
33 33 49 32
47 8 41 20
21 31 47 41
44 10 33 10
27 14 40 46
17 30 27 28
47 0 7 34
43 16 37 30
30 33 28 14
48 19 37 22
31 19 25 17
46 4 45 15
11 9 36 29
24 18 32 37
25 48 7 23
39 10 30 22
14 42 38 17
18 45 39 38
20 9 42 13
27 42 38 17
29 37 6 29
31 16 44 28
36 35 35 26
43 8 26 24
29 38 12 24
18 25 33 24
26 44 23 14
39 6 46 46
48 15 31 5
14 14 16 25
45 26 19 30
21 23 29 3
43 29 48 37
24 32 4 3
48 18 2 5
20 24 38 9
23 16 31 21
33 42 24 20
44 47 11 18
47 6 44 19
37 14 22 7
21 36 40 16
11 41 27 21
23 45 33 33
39 45 41 14
31 33 30 11
45 5 41 15
34 5 17 26
29 13 43 18
31 25 2 0
24 19 36 31
27 42 2 10
25 11 37 30
25 37 44 28
22 21 9 27
31 36 3 38
19 16 27 16
47 1 34 26
22 22 30 7
49 8 38 25
36 45 7 28
30 44 48 11
26 27 14 38
33 9 46 5
23 19 16 17
25 33 20 26
47 11 37 34
25 43 26 5
45 28 47 8
31 15 41 17
33 6 4 11
48 4 46 31
34 22 47 35
20 31 47 37
15 1 40 33
19 48 24 36
37 38 24 36
39 7 31 41
38 6 40 39
19 16 27 19
37 0 31 14
28 47 25 18
40 42 30 42
1 12 37 37
26 40 37 16
25 30 0 33
32 21 39 17
22 6 47 39
37 5 26 24
29 42 48 6
21 12 46 18
47 43 37 20
31 29 43 15
41 10 43 15
27 16 33 31
28 15 39 15
48 0 16 39
37 42 10 33
46 7 31 10
18 46 5 35
20 14 39 21
46 1 30 38
24 21 26 43
25 19 47 15
42 24 6 27
38 17 0 34
48 12 37 21
44 5 33 25
23 46 22 33
21 21 39 17
22 16 42 18
35 24 41 28
17 41 25 48
42 25 16 32
47 24 44 38
38 7 37 16
27 20 39 20
35 31 35 8
41 28 44 17
31 43 47 43
17 39 33 42
41 12 41 17
31 37 33 46
29 15 38 6
39 11 32 47
32 22 14 6
43 12 35 38
21 19 41 47
21 21 34 23
42 6 33 2
48 9 28 49
24 41 19 29
35 13 14 17
41 18 25 26
45 0 33 25
29 26 12 10
24 17 39 36
35 7 38 43
36 7 18 1
40 38 12 27
45 1 38 18
44 8 21 9
36 47 16 20
32 13 39 23
48 11 30 14
23 13 39 27
42 5 30 31
38 14 32 17
43 25 42 20
47 19 41 4
48 4 41 23
20 41 1 10
18 15 28 14
29 38 23 46
2 31 11 41
46 4 14 48
46 43 5 5
20 15 34 24
15 29 23 6
42 0 41 16
26 15 29 25
20 14 8 21
47 2 34 20
42 9 46 43
36 38 31 33
19 14 28 46
40 35 40 27
22 32 19 42
47 15 33 9
16 38 31 25
9 2 35 17
28 40 15 30
47 16 42 16
41 6 40 45
15 49 42 17
13 5 24 24
32 34 44 40
20 15 32 1
47 0 29 14
22 27 39 10
19 4 28 20
22 44 17 15
24 36 41 30
15 36 46 37
27 5 2 4
29 31 28 12
25 47 49 39
22 39 0 47
19 41 48 25
24 16 47 24
45 13 23 22
37 4 39 13
25 22 31 16
11 15 20 21
49 4 9 34
30 31 45 30
20 34 21 27
24 19 43 16
27 17 25 23
45 3 38 15
16 12 30 23
22 27 24 32
42 14 26 48
37 8 28 22
36 5 18 19
17 7 43 35
24 41 27 34
9 21 0 46
43 0 42 18
24 18 41 18
25 18 33 28
27 49 22 40
30 30 26 47
25 12 17 10
46 6 1 3
24 42 46 19
14 20 30 16
36 25 36 11
28 36 7 0
21 19 3 34
15 45 23 45
22 22 32 26
23 2 26 28
37 13 32 21
43 18 16 15
20 38 3 5
19 22 39 15
18 21 38 7
23 39 35 23
48 14 27 20
22 21 35 12
23 44 27 39
23 36 39 41
26 10 8 26
41 6 5 31
17 23 2 37
49 2 15 36
43 46 34 35
44 8 3 3
28 16 26 26
49 5 25 26
23 16 36 38
13 47 43 15
19 15 41 15
38 40 42 25
37 28 43 4
42 13 22 23
42 4 49 13
37 20 19 30
39 9 17 21
22 10 36 31
36 29 0 44
30 18 41 13
25 18 26 25
36 21 49 36
35 2 45 39
9 44 33 8
31 41 33 27
20 1 41 13
40 8 5 38
29 4 17 24
19 23 8 40
40 3 32 23
35 10 41 24
37 16 15 23
24 35 24 42
18 13 33 20
35 5 26 38
33 37 38 30
13 7 37 14
37 49 44 16
18 38 19 13
45 31 39 39
42 13 44 23
44 5 1 17
33 0 38 26
42 20 34 43
12 32 40 18
35 25 39 18
15 48 44 26
13 23 2 11
47 25 37 13
31 38 4 31
16 45 41 16
23 40 6 8
34 44 45 15
47 1 36 4
10 32 32 43
30 43 4 37
31 34 11 16
9 18 31 18
23 34 16 34
23 35 39 24
18 35 42 19
37 0 29 33
34 26 18 25
14 21 39 22
37 43 10 23
16 13 49 48
43 10 42 17
45 8 39 32
25 8 36 14
19 38 19 28
27 25 30 48
16 8 27 13
28 40 32 10
23 44 0 5
39 35 18 24
43 11 1 0
23 36 44 29
30 14 41 18
24 14 4 37
41 43 40 15
11 18 49 25
45 21 24 37
15 45 8 30
18 46 31 27
23 20 29 17
22 30 27 28
25 13 40 21
25 14 41 14
24 19 47 35
22 18 36 17
29 49 9 19
25 47 25 24
10 4 40 16
30 29 36 29
32 8 15 25
21 39 36 18
21 20 3 9
34 23 28 28
34 27 24 31
37 37 21 15
35 25 33 31
16 26 48 28
13 30 28 25
25 16 4 28
39 6 41 20
39 7 41 25
49 10 37 9
30 25 37 26
21 47 38 14
45 3 8 20
10 46 33 10
34 38 1 37
10 20 5 44
38 22 7 16
21 14 0 9
