50 63 19405 800
22 23 44 40
28 17 16 20
8 20 44 10
10 17 29 40
20 24 38 2
18 16 40 48
15 22 24 42
2 26 9 37
32 13 32 2
14 5 20 38
31 12 24 42
15 18 21 23
28 25 31 5
24 11 33 3
24 13 39 46
21 15 29 19
4 47 42 16
9 16 24 45
36 14 40 5
25 12 4 29
12 30 5 5
14 24 3 2
36 9 4 5
28 24 40 46
15 26 3 5
13 27 30 43
26 18 19 41
28 17 8 27
23 17 18 42
19 16 4 9
8 30 29 6
19 33 19 24
11 32 43 1
6 37 20 25
9 20 49 9
13 35 4 7
7 27 1 5
3 18 17 16
14 33 5 6
5 18 8 39
30 20 32 0
16 6 15 39
33 12 17 27
25 3 11 33
11 19 14 17
12 20 24 41
35 29 6 6
2 25 40 49
26 27 14 34
22 7 13 35
21 15 46 14
24 22 8 28
6 17 35 31
20 9 44 41
23 21 35 7
30 18 31 4
46 21 18 49
31 25 30 3
29 12 35 13
33 12 39 41
12 17 5 0
23 21 19 22
14 19 32 1
