50 1163 11900 800
33 40 7 37
15 3 5 27
49 34 15 34
14 39 22 42
34 14 36 21
38 25 19 25
29 4 0 30
38 13 6 35
44 22 16 34
22 35 26 38
43 36 12 24
13 3 7 43
25 15 33 48
49 36 25 5
44 14 25 41
46 16 21 46
45 33 21 36
12 9 11 34
49 30 0 27
43 35 6 36
15 12 10 34
45 36 18 24
18 4 16 29
46 35 0 44
47 35 20 39
48 39 21 38
8 6 7 20
19 2 13 40
18 5 34 30
25 24 21 30
21 44 32 22
35 40 3 33
44 26 0 30
46 42 6 30
8 1 4 24
34 39 1 41
41 21 27 45
41 40 23 37
47 30 2 32
46 39 20 38
44 44 33 18
45 18 1 27
49 40 14 37
47 44 9 36
15 7 7 22
42 36 0 39
40 37 3 20
13 10 3 25
18 3 7 35
35 14 13 32
39 33 11 37
43 35 19 37
40 30 36 8
11 3 13 37
41 41 10 15
46 42 9 37
15 29 47 27
49 30 22 35
37 12 9 47
48 35 8 33
41 42 12 25
48 39 8 30
19 2 17 30
44 43 31 42
44 34 15 40
17 4 7 30
12 6 16 41
45 29 29 25
45 34 5 41
33 24 4 30
46 34 17 37
21 5 8 37
42 34 12 34
23 2 16 33
48 40 8 5
43 38 6 44
12 3 7 29
17 8 4 33
47 34 31 22
39 32 19 39
1 27 32 18
44 25 9 37
48 27 26 14
49 36 5 34
13 1 14 26
44 29 22 39
46 33 10 18
39 10 19 37
16 5 12 46
14 13 7 16
45 39 6 26
38 39 4 35
42 36 41 23
8 3 16 28
36 15 3 30
14 0 15 25
15 2 20 30
38 14 46 32
46 39 7 20
14 5 25 41
43 34 13 14
6 10 5 32
46 29 15 40
47 24 21 44
46 26 10 33
4 13 35 37
13 4 5 27
36 17 21 34
37 36 6 27
47 40 10 30
42 31 14 36
31 22 26 7
40 37 8 20
37 30 15 31
46 34 25 24
43 41 12 40
36 16 25 41
29 15 12 37
14 6 7 21
13 13 20 40
37 7 21 15
23 12 7 40
44 40 6 31
12 8 29 7
7 48 28 4
21 8 11 25
18 10 12 23
13 2 4 15
16 1 7 39
15 1 21 38
31 28 15 33
10 2 9 31
47 30 12 20
17 10 9 6
39 8 6 17
14 0 30 32
47 45 4 35
39 24 12 37
18 2 11 41
13 8 17 14
39 33 36 40
16 16 15 46
18 0 9 17
7 8 31 14
16 7 5 28
41 34 13 32
15 0 12 40
42 33 15 35
16 9 30 37
17 19 1 29
38 30 30 24
33 11 4 26
29 26 13 34
15 4 12 14
18 5 22 2
12 7 18 26
47 23 9 33
12 7 11 43
38 35 11 32
11 2 3 27
12 0 19 26
28 24 17 41
49 27 16 39
15 2 6 35
17 1 10 18
9 5 3 30
43 36 29 32
45 49 10 30
11 1 0 33
15 6 21 38
48 42 5 33
48 45 23 41
46 25 23 11
45 41 29 32
36 35 18 16
42 33 7 26
12 3 35 4
32 27 14 27
9 4 33 10
43 45 27 49
46 32 10 38
46 43 17 31
11 3 28 7
16 4 10 22
39 8 3 22
47 36 6 33
12 7 20 43
13 4 23 36
48 16 18 17
46 41 11 12
47 36 11 31
17 5 5 39
43 23 23 45
49 17 5 30
23 2 19 41
35 23 20 38
41 7 21 39
3 16 12 36
42 14 22 39
45 34 20 41
37 19 4 33
35 8 21 36
11 14 4 43
38 26 15 2
43 30 17 37
13 5 22 44
14 5 2 35
20 23 26 47
43 13 8 22
35 29 16 36
15 7 4 35
38 30 0 36
44 42 11 25
19 2 18 35
47 6 8 24
11 2 4 32
48 39 10 19
47 46 30 47
23 1 9 27
49 37 15 41
13 3 10 29
13 7 7 31
28 15 11 26
39 5 40 48
48 23 7 26
48 28 18 43
45 11 20 37
36 27 14 45
46 35 12 39
47 37 23 25
49 33 32 28
25 46 15 34
18 2 4 38
12 8 25 28
46 38 17 37
39 20 0 24
46 41 13 21
44 38 30 25
45 42 21 28
12 0 7 34
34 2 0 20
42 41 14 29
38 16 16 3
11 2 1 39
44 29 23 33
25 30 1 36
24 2 12 41
46 28 10 16
48 32 6 41
41 29 6 37
19 2 3 40
21 15 18 27
37 35 17 43
11 8 18 40
46 39 10 23
10 21 23 37
16 32 13 44
10 7 21 16
12 8 9 25
43 37 6 38
13 1 16 37
49 36 16 22
27 20 9 28
43 35 18 26
42 30 14 24
49 35 3 35
41 13 2 26
46 38 1 24
16 8 21 25
11 9 12 41
32 21 4 22
17 6 16 33
44 33 25 27
14 31 47 40
34 0 9 21
48 46 4 26
14 0 6 17
15 6 11 30
44 23 1 32
32 6 48 25
29 16 11 29
37 9 6 42
36 0 24 33
17 6 9 18
43 25 6 27
49 30 2 31
16 3 15 43
12 3 12 31
22 25 31 21
40 40 12 41
31 16 14 40
49 39 14 26
17 6 11 35
12 2 6 39
15 13 6 38
43 26 3 26
13 8 13 27
49 33 12 25
46 40 2 31
48 49 4 33
49 40 15 37
16 9 3 37
34 26 22 39
12 1 36 38
27 29 42 22
44 27 0 25
48 33 11 33
46 19 8 39
46 15 21 35
12 5 5 31
18 27 14 40
19 3 12 38
44 39 0 38
18 1 5 32
44 31 24 34
12 4 13 32
41 29 20 30
49 32 17 37
20 5 27 26
31 19 6 21
49 40 12 30
13 6 8 32
42 38 20 30
41 11 20 30
17 2 7 27
48 41 10 6
42 32 0 29
17 14 18 30
11 6 1 16
13 0 5 32
31 17 22 27
23 26 20 37
40 25 4 31
26 30 3 37
12 9 5 37
42 38 7 29
13 25 6 46
41 30 2 28
49 36 29 21
43 38 8 32
38 24 36 48
21 3 35 18
22 28 36 23
13 4 25 10
41 37 24 35
11 4 28 36
9 5 9 35
17 10 6 32
47 35 34 28
39 21 7 5
49 48 21 35
48 43 10 37
40 38 23 35
48 20 0 22
47 42 8 32
47 40 1 41
12 6 19 38
48 36 9 22
39 31 16 27
46 41 19 35
43 37 29 14
47 1 23 42
38 29 11 34
14 2 17 37
25 13 12 33
32 21 5 10
47 34 26 14
47 36 11 43
24 46 0 44
13 7 5 41
45 37 8 34
8 0 12 37
47 28 19 39
17 8 22 25
49 35 24 39
49 35 27 22
49 39 27 27
35 26 6 22
37 31 17 36
44 38 6 38
41 36 36 14
46 42 24 39
15 9 8 27
48 41 21 39
33 39 5 21
47 28 5 33
43 42 16 34
14 1 15 23
18 3 17 32
41 27 13 14
43 39 21 43
15 7 4 30
46 38 9 16
16 3 18 39
46 31 3 21
8 7 9 36
40 26 16 43
48 2 5 32
40 19 0 14
43 32 15 32
41 12 22 40
36 18 10 19
12 1 16 23
13 2 3 35
48 31 5 26
43 40 11 36
7 2 5 33
48 37 13 26
8 4 6 44
12 2 16 30
42 38 14 25
43 42 20 19
27 10 0 27
46 31 1 44
37 7 4 35
47 4 25 13
21 21 4 24
35 33 9 34
14 1 4 32
49 46 37 48
47 24 21 35
48 30 5 34
49 34 27 20
15 0 13 30
46 31 30 49
17 25 15 2
49 38 20 37
15 6 18 49
21 5 9 32
45 36 14 37
47 46 20 42
35 25 2 21
44 41 3 32
35 17 7 37
35 14 36 8
19 3 10 33
29 25 6 32
32 45 1 19
42 37 16 13
16 3 10 22
13 6 11 31
37 14 4 35
43 24 12 33
27 13 10 32
44 49 31 15
49 1 22 30
26 12 49 41
48 44 13 24
49 34 6 26
46 19 21 34
39 47 15 48
15 5 20 20
45 9 28 10
11 1 17 39
14 5 5 18
49 4 10 28
10 4 27 37
39 34 13 25
19 5 7 5
49 44 18 33
10 8 13 28
35 25 22 33
17 8 12 27
40 20 2 23
33 19 6 34
45 45 27 8
20 5 21 39
20 36 12 21
40 1 1 39
49 30 18 42
10 0 22 41
28 48 6 32
31 22 1 34
12 7 14 32
49 32 17 46
45 43 25 42
43 39 41 11
23 11 4 37
9 1 8 30
10 6 18 41
25 19 10 33
47 37 15 41
45 40 16 22
49 39 16 1
14 3 49 37
27 29 22 27
33 16 27 6
47 23 22 27
13 12 21 28
44 35 21 35
13 0 9 20
18 31 2 33
33 0 18 37
12 27 2 30
48 22 6 28
11 9 18 40
47 25 16 36
45 32 0 17
49 8 9 37
43 32 29 39
46 34 4 39
45 41 10 26
44 39 9 28
16 6 20 41
45 30 24 39
42 41 19 33
42 10 6 33
13 2 15 41
13 11 16 33
48 37 7 24
14 4 43 23
48 31 46 41
49 39 2 32
15 9 2 28
14 2 14 38
41 24 6 24
31 19 5 19
43 37 14 39
16 9 30 11
11 3 11 41
48 28 19 33
45 34 17 41
25 6 15 34
12 6 3 33
17 8 10 33
24 13 9 38
39 35 33 46
18 4 15 37
37 20 18 9
47 25 22 39
48 4 6 34
34 44 9 16
47 31 10 38
16 28 35 17
17 5 20 38
11 4 14 19
17 3 3 38
21 1 11 37
43 35 7 43
17 0 18 43
35 18 13 42
18 4 43 17
14 12 18 37
41 2 49 45
48 39 21 22
18 7 7 41
37 10 8 33
43 32 9 21
34 30 6 32
14 1 35 28
34 34 5 40
47 43 22 26
31 14 14 25
14 4 5 30
42 35 3 32
47 22 3 41
40 16 48 30
14 7 7 46
17 25 1 32
16 3 29 38
48 45 1 16
43 42 0 40
17 1 21 34
13 6 20 19
13 5 43 4
43 36 17 24
17 8 6 31
46 41 18 34
44 38 25 26
41 23 6 31
44 30 19 41
45 35 19 39
49 37 4 37
18 10 17 49
38 26 2 30
10 12 30 34
47 36 28 1
49 21 13 22
45 33 5 38
43 29 4 33
45 6 7 31
10 2 16 37
11 6 30 5
49 34 6 34
46 38 2 34
49 37 14 34
14 4 6 31
10 3 13 44
46 33 14 40
14 2 17 39
44 45 4 32
24 28 0 33
23 23 3 37
44 25 18 27
44 33 6 34
47 42 17 41
16 4 5 24
37 36 24 25
43 23 2 34
39 35 32 36
17 18 18 33
11 9 14 29
12 7 25 36
26 39 37 25
31 15 5 23
49 45 20 38
43 39 5 30
35 31 4 34
14 8 1 48
16 6 31 19
33 7 31 33
47 46 39 40
18 9 16 32
34 21 4 35
29 43 11 31
43 18 38 23
12 10 15 36
44 40 5 32
40 11 37 23
45 17 14 25
6 31 7 24
29 31 35 20
39 22 6 30
40 32 27 26
22 36 20 49
11 11 17 42
32 15 13 46
8 0 4 15
16 6 20 3
49 43 14 16
49 15 14 47
49 39 22 37
41 29 35 25
2 35 18 20
40 17 5 15
38 38 14 43
46 36 8 28
19 2 23 41
47 28 23 41
28 42 3 33
12 13 9 27
13 4 4 22
11 5 16 40
47 44 34 33
15 2 36 12
44 40 15 33
43 39 10 27
35 22 17 18
12 9 11 23
32 10 31 28
22 26 25 41
13 0 7 35
49 37 23 17
49 35 2 43
48 34 19 34
12 5 10 38
39 38 39 48
24 24 18 27
17 33 41 22
34 35 14 26
44 38 4 34
12 3 32 23
12 8 21 5
18 12 29 24
43 36 24 34
44 35 27 31
9 10 2 33
23 27 7 41
39 39 14 31
39 38 0 30
47 36 1 22
43 32 11 31
16 4 6 38
7 8 8 21
27 17 19 32
48 38 19 23
49 16 12 34
43 45 23 12
34 16 43 44
12 11 19 30
45 36 20 33
24 27 27 18
41 18 24 39
49 43 17 37
44 31 19 36
38 3 2 34
10 11 5 34
15 7 18 25
8 4 20 23
44 34 18 25
26 13 15 11
25 16 10 31
48 43 3 26
47 40 26 33
34 8 7 11
13 5 14 36
12 5 20 38
45 10 28 40
11 1 6 41
23 21 8 37
42 43 14 34
48 41 1 17
40 15 12 41
40 21 30 40
49 38 15 29
15 6 24 40
44 10 6 33
11 2 1 23
25 39 18 32
18 1 35 8
48 39 21 25
42 41 5 39
47 38 0 31
32 41 6 39
41 37 4 11
22 10 6 32
8 12 5 34
48 39 28 13
37 31 10 36
19 2 12 22
44 34 23 36
10 4 16 26
45 34 36 40
35 8 12 19
40 36 1 46
12 0 3 31
12 6 42 27
43 40 3 32
14 1 38 20
49 34 26 30
47 28 33 20
12 3 18 41
9 5 9 32
13 7 9 29
40 16 8 22
15 8 1 39
49 28 39 42
39 22 22 18
48 42 21 38
43 23 13 20
40 32 23 23
21 29 25 15
43 24 11 20
45 36 12 20
15 12 43 31
34 31 26 47
17 25 23 38
46 35 20 37
44 26 9 33
48 38 7 35
41 31 3 34
28 18 22 37
15 5 3 45
26 28 5 30
49 7 8 28
21 0 18 35
49 39 32 20
46 41 32 32
15 7 21 29
11 3 15 39
48 29 5 28
19 4 29 36
43 26 23 12
45 15 7 32
17 6 23 37
35 8 16 31
31 18 11 26
45 32 17 5
48 40 5 30
43 40 13 7
44 20 25 31
26 16 27 39
40 38 7 8
17 5 27 33
11 3 11 20
40 39 17 10
47 23 8 39
47 27 22 30
49 28 6 35
14 2 7 35
41 34 8 12
48 35 22 3
24 33 10 31
48 30 21 19
11 5 39 3
41 13 12 27
42 34 14 37
11 5 12 24
30 2 7 36
19 3 21 32
19 5 27 32
12 3 30 39
14 6 9 35
41 42 14 36
14 1 17 38
45 41 3 25
47 34 1 22
48 35 8 14
14 8 14 25
38 48 49 23
48 38 27 7
45 36 19 40
35 13 5 32
16 9 7 31
38 35 22 37
20 0 19 32
30 21 12 25
47 17 10 39
44 15 18 43
49 30 17 14
16 6 32 34
19 24 5 29
43 32 40 18
46 28 5 36
12 0 17 25
39 18 14 26
11 3 16 35
41 29 21 22
15 2 31 24
49 16 2 26
47 22 23 39
16 4 10 26
35 23 5 40
15 2 10 32
13 4 20 33
48 42 5 31
16 3 40 9
46 36 2 22
39 46 35 1
44 37 5 33
49 36 6 39
44 46 14 46
43 35 14 34
15 6 19 20
15 8 10 38
47 16 26 5
12 0 19 17
12 7 20 20
21 20 25 33
18 4 7 40
43 28 18 36
49 31 8 31
47 39 18 43
15 13 3 26
44 32 40 36
8 1 20 11
14 0 12 39
16 3 8 23
16 2 15 20
46 29 17 29
22 24 17 44
48 36 14 36
45 39 20 38
15 0 15 43
46 39 21 33
26 16 22 26
14 5 20 34
18 7 0 24
45 40 18 37
19 5 20 35
49 38 28 35
44 13 3 36
16 7 1 32
45 41 17 38
8 3 16 24
33 26 8 34
13 5 2 36
43 28 18 36
43 39 33 42
15 2 15 19
44 36 46 4
42 25 23 21
44 29 48 23
47 39 33 46
47 8 15 33
47 33 17 37
16 3 22 39
48 42 23 16
46 34 13 32
15 3 43 25
16 18 0 40
15 2 18 22
42 30 19 22
18 5 28 33
40 37 7 33
39 26 19 47
28 33 5 34
44 27 14 17
15 9 14 34
32 37 28 5
46 37 20 24
38 16 18 41
45 39 14 39
44 39 18 24
40 40 10 29
4 7 7 34
17 24 15 44
18 8 18 38
48 36 6 35
14 4 17 39
49 27 12 47
43 37 1 43
24 18 4 35
18 7 9 31
48 37 10 40
12 10 6 35
14 2 11 33
48 37 21 37
49 44 0 26
44 42 17 7
14 6 17 40
47 35 25 44
44 34 21 8
35 16 22 35
46 42 28 40
32 37 8 26
42 11 14 15
49 29 46 16
12 7 7 35
34 11 35 3
48 36 10 30
17 3 21 36
12 3 16 44
12 3 6 25
26 38 3 16
16 8 3 31
40 31 14 42
39 8 0 36
16 5 13 14
11 1 6 24
45 2 40 47
41 35 16 17
16 0 38 18
18 4 7 33
15 4 19 37
40 26 10 26
34 15 16 38
44 25 12 38
38 34 16 41
38 27 0 9
34 20 8 41
47 47 32 44
39 3 3 31
45 40 22 22
45 33 8 31
47 18 10 23
34 45 5 26
9 5 3 29
48 41 10 34
8 5 5 21
45 38 17 34
13 0 21 35
46 36 25 33
47 32 16 29
10 25 7 27
43 29 29 7
46 41 0 4
49 37 30 15
20 6 5 33
6 25 7 11
15 3 18 38
13 6 19 39
48 37 16 25
48 36 4 34
8 9 15 33
28 30 6 35
41 29 27 13
48 40 17 38
12 5 32 34
48 34 4 32
37 44 4 25
31 5 17 39
7 3 15 29
42 41 27 25
45 10 20 22
47 25 18 26
36 8 15 31
40 6 7 35
13 0 20 39
47 32 24 36
35 18 6 33
15 23 35 48
42 32 4 9
36 22 17 37
46 36 9 23
22 5 4 32
47 32 0 13
21 30 9 37
41 34 25 36
48 38 13 37
47 26 21 40
16 7 6 22
45 25 24 38
44 32 8 34
44 31 29 35
33 0 4 29
17 5 9 41
44 38 0 29
49 35 15 24
46 5 20 37
39 41 11 27
15 3 10 21
39 2 4 35
19 3 11 31
46 13 7 33
47 40 2 26
45 40 7 29
32 19 31 33
44 43 14 33
48 39 11 26
44 37 8 27
13 11 13 22
12 7 20 18
15 12 41 0
43 38 4 33
12 6 10 27
11 19 3 33
44 27 15 29
29 45 21 38
18 7 1 18
44 33 9 37
46 17 19 34
46 46 18 38
14 6 4 47
41 37 17 39
17 7 42 7
23 26 3 37
14 9 19 40
30 43 24 39
48 35 35 36
40 36 22 35
14 2 22 35
32 33 15 40
41 32 0 41
48 25 41 46
35 17 9 12
7 9 16 38
45 40 21 39
41 8 25 27
9 2 3 33
38 38 24 31
33 10 23 35
40 32 23 37
39 38 11 22
16 5 18 38
46 41 4 6
15 3 24 43
17 1 4 31
45 33 45 11
40 28 14 17
21 4 18 35
43 25 12 29
15 5 12 48
46 36 26 15
17 1 8 25
43 35 1 16
11 8 5 11
48 15 7 33
45 37 19 42
39 43 22 18
49 38 12 34
46 28 26 3
38 36 32 28
44 30 8 42
37 10 15 8
10 4 2 3
35 25 28 31
36 32 1 32
48 35 7 32
11 7 3 32
47 20 6 47
39 32 32 25
45 33 2 35
48 24 17 34
47 39 12 36
49 25 32 35
29 33 12 45
15 4 16 45
41 11 15 33
47 45 1 14
13 4 11 31
46 34 3 35
38 37 15 24
18 4 10 18
35 26 22 39
48 21 16 23
43 43 12 40
30 26 17 37
44 21 20 37
37 4 23 28
31 16 3 34
32 23 16 26
24 15 13 23
41 47 18 41
47 17 4 36
35 34 18 38
41 29 9 11
43 38 0 37
34 15 13 0
19 44 13 41
48 31 22 38
42 31 4 41
48 35 42 28
45 15 3 37
12 1 10 24
48 41 21 38
41 39 21 45
17 4 7 33
45 37 2 32
32 39 18 8
48 31 17 7
48 30 20 37
10 3 12 14
23 26 0 49
16 5 11 24
49 30 8 16
37 40 7 37
48 42 16 37
49 41 4 35
25 12 21 34
12 8 14 22
43 12 21 41
41 8 22 39
43 36 19 36
11 5 39 9
22 4 9 17
16 1 3 17
42 36 5 33
20 7 10 44
9 8 17 12
40 16 9 39
16 9 6 36
43 47 6 36
48 35 19 35
47 36 38 37
48 29 24 8
23 2 19 33
49 37 3 30
14 4 39 14
11 6 18 21
12 1 32 12
41 19 15 27
43 15 5 37
47 44 7 32
14 10 11 20
48 39 23 15
48 44 0 36
29 23 2 45
46 44 22 34
8 3 9 15
14 6 12 9
6 19 12 27
38 35 23 39
49 29 2 23
23 40 3 12
44 34 28 34
36 19 16 36
15 6 20 48
11 2 16 28
40 40 3 37
31 37 19 39
29 31 8 11
49 6 11 31
