50 221 14792 800
42 46 35 5
29 42 1 31
49 33 43 21
15 47 40 33
17 20 7 33
46 40 6 37
2 6 19 29
40 48 26 40
43 38 44 15
40 21 45 16
25 20 15 27
41 45 12 21
6 11 22 42
39 40 33 41
31 33 21 12
38 38 7 32
21 33 36 33
38 13 11 39
44 35 2 40
46 34 3 35
5 3 5 18
44 41 26 44
10 32 23 43
2 9 37 21
45 15 12 37
46 43 10 21
27 16 25 40
2 13 27 18
2 14 14 28
14 22 8 36
5 8 28 40
31 40 20 36
43 37 34 44
30 39 31 27
29 32 22 22
25 1 6 37
9 1 45 20
43 42 28 43
42 6 10 42
1 8 48 19
25 11 29 18
36 48 15 37
22 22 43 38
41 38 16 31
14 9 33 36
41 28 1 47
49 37 21 6
2 1 13 21
21 49 17 24
17 30 25 41
45 42 21 31
37 40 29 28
36 9 13 40
43 33 35 16
11 29 42 2
0 11 17 36
41 46 36 6
35 38 24 37
6 20 23 26
49 34 13 33
19 41 45 30
3 1 0 42
45 29 17 6
21 13 29 2
39 36 5 49
45 46 24 8
42 32 28 44
7 13 36 9
18 42 34 5
1 14 9 44
32 1 24 6
14 30 21 38
12 43 35 28
7 7 39 6
44 34 43 20
39 35 20 35
31 46 35 21
13 8 5 48
35 0 29 41
47 22 29 17
38 37 8 33
38 23 11 24
45 44 11 34
45 42 9 40
8 29 16 42
49 38 46 19
21 10 18 15
22 16 33 22
25 32 23 18
44 36 31 19
26 28 4 13
30 36 12 41
40 41 44 14
12 43 24 39
39 44 39 35
38 34 15 1
40 45 38 12
26 46 43 19
6 37 37 14
44 39 35 15
35 28 2 24
46 43 31 36
49 18 7 28
1 1 35 1
2 2 14 44
12 18 26 44
47 39 18 39
9 21 14 1
32 12 7 47
17 4 39 31
14 38 32 10
47 24 21 31
35 40 17 47
42 38 40 28
37 34 22 47
11 4 43 30
41 45 18 34
12 4 15 44
37 8 23 31
20 32 19 21
12 43 42 7
45 37 39 11
12 9 27 33
38 42 12 43
26 1 2 27
47 44 4 43
20 18 8 48
40 33 8 42
16 17 21 30
23 7 14 42
43 20 33 46
41 21 37 13
44 29 33 38
37 33 18 36
46 25 9 36
0 47 40 35
49 17 14 27
17 15 7 39
40 39 21 0
14 8 29 19
16 42 16 15
46 32 26 40
10 7 18 37
46 27 35 39
24 18 20 25
2 5 30 18
46 35 18 32
16 31 15 24
35 10 8 44
36 27 34 22
43 36 8 38
34 2 17 16
41 4 21 9
16 16 36 16
37 46 13 13
42 43 43 12
9 11 19 21
12 15 35 8
35 26 42 16
11 10 4 49
43 35 0 46
23 22 9 49
39 44 44 8
27 20 43 6
6 14 15 42
21 36 26 0
4 43 17 44
22 12 14 28
38 5 19 25
26 2 19 0
37 32 17 42
7 31 14 45
33 19 22 42
37 25 17 20
13 36 33 49
11 11 31 41
48 35 13 36
44 44 42 18
35 3 4 25
9 32 26 37
12 30 27 15
39 39 40 0
39 4 32 41
23 2 25 30
46 34 26 13
48 35 33 10
6 24 31 43
12 2 6 9
3 7 0 39
42 34 8 17
33 24 29 11
9 1 13 35
45 41 15 41
45 33 46 23
33 36 37 13
37 39 9 2
38 40 36 26
36 40 30 10
48 40 12 38
39 42 17 8
41 22 11 31
47 36 30 20
26 35 10 11
31 4 30 29
26 43 33 27
49 39 15 40
38 0 36 27
46 38 18 17
49 24 23 43
7 2 25 48
48 43 26 35
44 37 23 40
48 36 24 41
40 10 18 42
46 38 4 17
39 42 21 37
3 8 41 8
49 49 3 17
43 43 13 41
30 7 21 22
7 14 22 40
