50 186 16492 800
23 38 7 30
47 6 17 18
41 10 40 24
21 40 28 31
14 33 19 11
22 33 20 48
30 35 31 39
25 17 30 43
36 13 23 43
36 33 15 36
13 22 32 21
39 2 15 8
2 28 24 44
11 26 13 16
39 23 32 30
22 35 21 46
22 24 24 21
16 25 40 26
42 15 25 46
30 42 13 0
23 38 13 22
21 28 14 29
22 31 36 31
42 2 15 47
29 38 7 41
29 40 25 6
35 9 14 44
25 15 23 36
7 23 24 38
23 30 18 28
21 38 25 21
3 27 29 38
25 18 9 0
8 37 14 6
44 43 21 1
24 32 5 33
7 37 35 22
27 12 12 27
49 14 14 49
37 23 11 47
26 30 3 9
13 30 42 22
39 43 25 0
29 37 21 34
49 31 43 39
31 32 15 38
47 38 18 45
6 31 16 1
30 47 35 35
14 44 18 31
9 26 13 48
46 5 38 31
23 38 24 44
41 7 17 48
1 36 19 33
9 44 4 34
28 33 17 47
5 44 39 20
45 8 40 21
14 28 33 31
7 44 18 44
31 3 12 19
26 28 32 36
0 45 8 9
6 27 24 39
23 37 39 26
43 5 2 19
25 1 2 0
8 18 22 19
13 35 21 41
47 48 43 25
27 34 23 48
46 36 9 34
47 4 27 32
23 27 14 45
45 33 5 7
37 30 48 38
31 4 17 33
28 9 40 48
10 41 18 27
29 31 3 22
43 40 6 5
30 1 29 14
42 31 29 15
17 48 27 12
31 13 35 12
26 21 33 25
26 34 11 47
22 43 21 20
47 42 26 14
28 42 4 6
41 0 22 36
1 48 21 45
47 36 18 45
43 7 21 43
29 49 38 38
6 31 27 10
8 27 19 40
46 4 8 16
4 34 15 47
19 34 22 42
37 26 45 12
22 37 40 37
5 23 27 39
36 33 28 20
13 30 24 35
11 18 48 25
25 33 44 41
20 35 8 10
44 31 19 47
26 29 20 36
33 48 39 30
20 47 0 3
45 0 30 16
17 24 41 34
21 42 17 46
12 30 13 49
14 33 4 44
7 40 17 33
27 20 31 32
27 31 28 48
24 19 5 13
21 32 22 26
38 39 27 42
12 41 43 5
7 8 17 40
21 37 12 45
9 31 12 15
4 12 22 42
36 34 31 24
47 4 32 36
17 42 5 30
29 23 4 16
16 30 23 28
15 31 18 46
16 18 12 46
23 36 15 47
46 31 25 4
8 40 41 16
16 6 48 30
16 30 19 45
40 46 23 36
23 16 17 49
23 30 40 25
48 7 22 45
20 23 20 4
23 23 32 7
16 38 23 2
43 4 15 19
46 13 18 40
40 21 22 2
48 6 12 47
7 22 14 40
25 21 34 39
48 40 10 30
31 35 24 44
17 28 13 45
48 1 33 25
48 9 39 13
44 9 19 34
2 44 11 38
11 12 41 33
0 33 47 38
37 1 19 43
41 2 27 38
34 15 18 20
13 14 5 30
28 44 10 18
39 19 14 32
27 22 15 19
16 26 27 5
43 1 43 31
29 38 13 40
27 47 1 10
15 41 20 46
11 44 28 34
32 7 0 40
32 40 22 4
32 7 24 44
47 46 23 45
7 36 26 35
9 45 47 1
0 27 32 19
45 9 10 37
20 41 14 33
41 6 41 27
