50 487 11774 800
47 41 16 1
22 17 2 23
18 17 14 18
38 14 17 27
36 32 2 26
23 10 4 9
26 12 9 22
32 6 14 21
19 23 5 14
49 21 3 43
24 13 10 19
15 37 3 27
23 33 16 20
25 37 41 25
5 28 28 4
5 25 18 7
18 6 15 12
30 29 13 23
28 16 25 6
37 36 10 31
8 27 16 18
30 6 25 43
17 43 13 7
26 7 22 33
37 41 8 28
27 36 37 29
30 5 46 7
8 24 14 16
35 24 27 9
11 28 12 14
15 8 3 36
22 23 13 18
44 19 1 3
49 35 9 13
23 7 10 27
34 31 20 21
39 29 6 18
31 39 19 0
18 36 13 22
11 12 18 19
33 9 8 16
38 29 10 6
44 12 12 19
12 22 4 27
7 34 34 27
27 9 41 43
12 36 9 23
20 12 7 27
7 46 23 27
34 17 21 7
44 26 13 18
39 31 10 45
30 19 13 33
26 16 17 30
8 5 26 14
14 42 17 5
14 42 15 22
36 5 1 21
25 43 17 19
29 19 44 36
28 6 17 26
31 7 17 4
8 45 46 0
21 22 28 38
29 13 3 44
43 28 4 15
29 15 9 2
47 12 43 41
38 38 11 12
26 7 24 4
5 26 41 40
33 12 23 10
10 17 49 5
46 40 15 19
24 6 22 21
39 37 39 22
39 32 1 15
44 12 4 17
13 35 4 31
10 12 0 33
4 25 41 34
14 32 14 10
46 4 2 11
14 6 16 23
27 12 26 2
35 15 9 19
37 48 13 17
27 6 5 8
42 2 19 18
27 13 21 27
1 25 12 19
21 15 14 18
26 17 16 16
23 4 13 21
19 39 32 0
21 19 10 43
45 35 16 11
43 20 16 17
35 8 5 12
35 25 30 10
21 17 0 43
5 49 44 35
28 3 14 21
22 3 30 2
45 23 19 44
29 13 40 12
20 44 16 20
26 8 8 49
34 8 24 9
30 12 19 5
30 23 21 38
43 40 16 18
2 16 13 25
23 15 12 26
11 45 43 31
5 14 6 18
35 21 7 25
42 29 7 26
35 41 16 28
32 26 37 19
27 13 14 17
28 8 13 17
25 40 13 23
48 41 14 17
39 1 7 1
22 12 11 18
29 13 11 24
19 9 41 29
28 9 34 44
23 39 12 17
7 39 16 16
23 23 34 24
34 27 8 33
0 35 38 17
20 39 17 3
9 9 42 28
30 20 11 28
45 39 18 1
14 38 10 29
25 4 15 17
7 30 41 1
25 25 15 11
31 28 16 19
27 10 17 8
30 38 13 15
19 3 24 4
33 14 35 37
26 14 17 19
30 12 12 7
32 9 42 28
13 34 37 49
32 4 16 8
9 24 13 13
2 27 25 20
41 36 18 20
11 25 17 18
39 25 14 28
28 2 3 23
29 11 22 13
10 14 13 21
20 13 34 36
44 23 27 33
15 25 14 20
28 45 17 14
28 15 17 1
44 16 9 29
27 34 6 28
26 12 39 14
22 5 21 13
43 18 40 49
23 21 3 4
1 39 19 45
34 26 18 20
0 22 7 30
27 32 8 31
23 19 18 4
27 10 6 23
9 31 11 17
20 18 27 48
23 12 16 7
39 23 46 4
15 23 14 13
28 17 15 18
46 22 46 16
45 14 21 11
24 23 16 14
16 13 6 24
29 20 13 22
28 16 6 17
41 49 6 7
14 26 6 44
28 8 15 25
46 22 8 14
16 6 12 35
47 29 11 23
29 16 27 23
20 4 19 17
17 9 25 8
16 8 45 13
39 21 15 21
22 9 13 45
34 5 15 11
32 33 1 17
17 26 38 18
42 15 18 1
34 17 16 13
30 5 17 37
36 35 14 31
15 34 13 20
28 10 12 20
5 27 21 7
14 10 43 18
13 29 16 20
12 25 44 15
34 7 38 23
45 44 1 20
18 42 18 21
38 4 18 14
23 41 24 6
30 9 6 22
35 21 8 23
33 8 22 7
13 36 9 25
20 15 8 15
29 1 13 15
7 48 18 18
33 7 36 45
37 18 40 44
11 15 7 40
35 49 49 22
6 37 24 21
30 12 16 18
29 13 17 23
20 31 15 1
23 5 32 10
22 13 14 23
23 11 24 44
29 13 15 18
12 7 19 14
29 42 13 23
4 12 16 26
28 10 20 12
13 49 24 9
39 43 18 13
1 36 19 11
25 18 11 20
15 28 16 18
28 46 4 15
39 43 9 24
41 26 17 28
28 14 6 13
26 9 47 10
38 34 13 37
41 29 5 7
4 24 39 30
33 5 26 23
1 49 5 11
35 32 23 1
32 9 2 35
47 32 4 26
47 29 20 21
46 35 17 30
28 6 8 37
28 8 10 33
23 42 20 3
36 1 8 28
33 12 1 36
32 32 29 27
40 19 17 19
41 11 18 5
7 17 34 11
0 29 21 7
8 33 36 38
22 6 6 20
6 42 0 46
27 9 15 22
25 9 3 5
11 20 33 24
0 27 14 17
24 13 15 23
26 33 2 25
38 45 5 28
26 20 32 45
30 41 14 8
11 49 34 10
10 45 41 22
40 24 14 3
36 17 27 8
22 30 9 2
14 31 10 7
10 17 16 3
15 37 8 18
4 9 3 13
17 26 11 15
32 11 11 47
16 17 14 20
14 22 0 16
35 46 3 30
23 7 33 35
7 4 17 1
28 10 19 6
0 25 4 35
22 36 20 18
39 21 14 39
12 10 24 5
33 16 48 4
49 26 18 19
46 46 8 14
21 3 10 28
24 11 32 38
21 6 13 24
9 27 10 21
33 13 26 9
41 10 17 19
10 32 1 19
27 10 18 22
15 46 41 24
25 37 15 20
40 6 4 1
8 21 13 31
26 5 13 21
1 43 9 19
30 13 11 22
28 40 21 33
12 14 6 1
21 30 36 9
20 17 44 45
31 6 11 28
19 8 13 23
23 39 15 22
48 22 16 21
44 44 46 9
15 40 29 7
27 39 47 39
23 21 5 18
11 30 7 25
27 12 7 40
22 3 3 41
31 7 38 34
7 38 19 25
32 40 13 17
26 18 32 41
6 18 33 23
46 3 17 19
34 29 19 14
6 13 13 43
29 6 22 35
24 11 21 42
28 11 4 37
19 13 7 19
8 15 40 13
26 26 14 20
39 34 15 19
37 32 24 38
29 15 31 9
40 16 8 34
34 9 15 17
45 17 13 22
49 11 34 7
27 26 14 22
38 26 5 12
35 12 9 20
32 38 18 37
25 10 7 16
47 18 7 13
23 15 9 20
35 28 15 13
34 1 8 29
40 33 26 10
38 30 25 18
27 22 8 22
6 24 12 29
34 32 20 5
3 35 9 7
16 10 0 20
13 46 21 17
24 6 17 19
30 40 36 40
5 33 2 23
11 14 9 11
27 13 46 25
29 29 1 12
0 1 0 24
28 34 6 13
49 15 43 18
26 9 12 38
23 15 8 35
29 14 16 36
35 21 22 11
8 14 9 24
33 37 32 11
41 19 7 34
18 23 14 26
14 24 22 40
26 5 15 17
11 40 39 38
1 43 13 21
28 14 13 18
10 38 11 49
42 13 44 20
36 31 13 15
44 40 14 17
1 28 14 17
36 1 18 3
35 32 45 15
18 45 20 6
22 15 37 3
8 16 10 9
12 15 42 7
6 16 12 18
35 20 11 20
36 9 23 1
16 23 26 5
16 17 20 19
33 7 15 19
16 13 1 37
17 12 35 43
21 34 36 7
34 24 7 34
17 4 0 32
34 4 20 21
48 16 29 14
22 17 9 27
27 3 17 20
8 10 8 43
9 25 13 16
27 13 10 18
47 19 16 19
8 24 0 24
28 11 36 15
41 20 8 20
47 34 19 32
19 8 16 33
14 48 12 27
40 15 36 25
32 10 19 17
30 40 28 16
3 42 12 22
7 13 41 18
40 34 15 16
11 12 5 25
48 23 11 19
34 14 19 20
20 6 14 17
36 23 6 25
42 47 4 17
24 17 6 7
17 3 21 18
49 39 2 32
32 21 11 16
29 31 22 9
31 5 31 18
42 38 37 31
14 10 10 25
14 1 11 24
16 9 16 23
38 33 2 19
46 19 17 30
37 43 11 17
36 29 1 17
23 11 3 27
2 16 29 1
4 24 40 24
34 9 10 22
6 39 12 13
36 45 5 19
30 13 24 0
20 19 0 8
33 47 7 23
6 49 13 11
22 18 19 5
16 30 47 41
36 22 49 36
27 17 5 19
32 8 17 18
21 11 15 15
5 20 17 13
34 20 13 31
17 26 5 27
21 7 8 10
12 39 15 15
27 8 18 21
14 19 25 22
7 12 4 10
26 18 3 29
48 21 23 48
24 10 5 20
