50 69 12395 800
39 10 24 33
26 46 29 32
20 14 31 35
38 8 10 9
7 19 13 8
10 44 26 32
28 14 27 25
8 11 35 16
26 27 12 15
2 10 23 22
17 37 24 21
26 28 22 16
31 15 34 18
44 16 34 17
8 15 6 12
18 9 31 17
29 7 40 25
29 11 45 6
45 9 21 42
13 9 7 30
34 19 9 3
18 9 5 12
35 6 35 15
4 19 29 38
3 12 9 5
46 20 26 41
47 10 16 4
25 18 13 9
29 17 9 6
48 39 6 15
0 12 27 43
35 21 25 34
25 16 26 36
31 13 0 10
3 11 8 17
11 41 48 20
47 12 45 32
21 8 47 10
44 10 40 24
2 42 32 18
23 37 41 10
45 11 2 25
43 9 12 48
7 22 25 35
24 16 6 3
43 20 34 17
7 38 27 27
28 14 26 33
17 13 20 35
25 8 29 26
32 21 34 17
45 9 29 37
27 22 30 33
8 38 26 29
29 10 45 11
28 45 33 1
37 29 5 8
7 11 1 12
10 36 30 34
43 12 46 4
32 11 25 30
33 40 35 13
0 7 18 47
29 13 6 6
21 40 49 21
34 15 30 10
1 5 27 28
33 38 5 3
21 1 5 17
