50 442 13463 800
34 19 7 20
27 33 0 29
40 4 11 11
23 35 24 21
28 19 17 14
47 36 31 14
42 20 8 18
28 31 9 16
22 33 16 14
46 12 11 14
35 30 22 24
42 6 17 10
30 43 24 36
1 44 6 14
44 10 7 26
32 45 6 43
38 27 19 2
23 39 30 20
44 16 18 31
25 5 15 9
48 35 17 12
20 32 14 17
46 14 10 20
42 12 2 42
47 12 10 24
30 32 28 18
34 28 18 25
25 0 26 5
42 26 21 21
43 24 26 9
29 26 33 7
12 29 22 29
29 32 16 30
41 23 17 6
31 48 27 25
35 4 39 29
35 33 1 41
23 19 23 31
42 25 20 25
34 18 2 14
25 31 9 20
11 25 20 24
39 20 3 8
19 30 21 19
22 33 12 26
20 26 30 26
16 26 6 22
42 17 19 12
15 5 11 22
33 21 16 20
29 42 5 11
47 19 15 29
45 13 20 13
30 32 23 6
38 26 24 13
27 12 10 13
27 33 5 20
2 21 12 33
33 27 24 5
35 15 16 3
45 15 18 30
38 39 5 4
41 14 24 27
35 30 16 15
3 19 11 8
47 19 22 9
45 26 17 19
33 41 20 17
5 34 16 21
31 34 3 11
11 20 0 31
12 19 8 35
32 45 20 16
3 41 16 20
10 14 3 32
37 40 26 21
31 44 15 16
27 38 3 27
8 32 18 31
47 14 21 18
36 26 17 0
16 2 1 7
1 41 17 19
17 42 26 20
35 38 15 34
37 25 15 12
3 20 20 22
40 19 5 27
24 44 19 9
37 32 21 16
14 28 23 5
41 38 18 40
23 19 18 19
35 25 5 9
31 22 29 12
24 44 12 9
41 19 13 21
32 25 27 9
18 4 15 21
3 48 8 47
48 13 17 17
11 31 24 21
39 29 11 1
42 42 11 46
42 44 1 21
33 24 20 41
34 33 28 20
27 35 27 7
6 43 3 20
47 14 11 20
12 25 18 13
26 39 23 29
43 5 28 18
23 15 17 25
46 10 17 21
29 44 21 29
42 16 26 11
47 17 27 22
46 14 5 25
43 18 27 25
24 40 25 22
26 46 8 25
46 14 20 9
27 7 20 8
34 38 12 21
1 25 0 17
23 16 34 13
34 25 17 34
29 18 3 31
25 15 23 32
47 37 25 11
48 12 15 12
34 26 21 32
37 21 1 12
25 37 32 25
1 33 4 18
29 24 19 33
22 20 18 10
0 45 6 24
37 39 19 17
46 26 30 26
25 24 13 11
24 15 5 33
20 29 9 11
23 11 15 28
2 49 11 24
30 29 21 19
31 30 15 21
31 15 31 22
43 17 27 6
45 26 15 9
36 35 26 16
41 18 17 29
27 22 10 5
21 12 17 23
37 19 13 14
33 43 22 26
32 12 25 15
3 27 0 30
37 38 20 10
30 47 18 20
29 48 4 3
27 31 15 12
33 36 13 28
45 48 24 22
33 30 20 10
32 39 22 25
32 41 0 21
29 24 33 15
36 14 16 5
30 31 20 17
12 48 32 27
13 21 24 9
37 29 0 6
31 23 13 28
6 27 11 23
48 2 23 12
29 25 26 14
37 19 11 4
37 41 18 26
8 43 13 29
0 37 24 20
6 49 24 28
46 20 12 32
25 41 9 14
33 45 31 18
29 37 15 24
14 18 17 26
38 12 12 8
33 38 21 23
45 17 28 24
15 11 28 32
49 35 33 14
26 34 30 28
6 9 10 17
26 34 17 20
29 45 23 26
31 28 20 21
47 31 7 36
20 27 24 30
28 23 17 14
44 29 26 20
49 7 15 0
38 40 17 10
18 23 26 11
31 26 12 0
25 31 24 18
23 33 10 32
30 45 4 20
14 4 14 25
23 11 5 21
19 41 9 17
9 32 19 35
18 28 13 19
21 17 17 23
44 4 13 23
28 22 4 22
44 23 23 28
39 9 18 20
40 21 16 11
49 21 27 24
21 33 21 28
20 49 26 18
44 27 19 14
32 14 11 26
46 42 3 34
45 42 15 22
34 47 16 25
28 48 22 21
9 42 20 22
37 32 0 11
33 29 23 28
19 16 15 27
37 26 14 23
28 37 13 9
25 6 16 26
36 18 17 23
31 45 3 27
42 13 2 27
37 6 13 12
25 32 19 28
37 25 6 20
29 34 21 16
27 36 25 22
26 35 32 29
23 11 11 14
26 31 29 13
6 46 17 28
28 6 1 22
9 30 13 20
18 39 15 10
30 47 15 15
18 10 29 13
23 7 24 15
34 24 13 5
46 20 28 33
8 35 11 22
38 30 28 9
12 21 28 4
1 33 21 27
5 15 16 28
24 36 19 17
24 25 20 9
31 44 17 23
48 15 13 30
35 6 18 21
47 23 13 13
46 24 16 23
34 18 23 2
22 26 10 24
15 29 15 41
43 13 17 14
22 18 23 25
36 42 8 18
35 41 19 20
12 8 21 23
46 31 20 15
43 11 21 7
36 42 13 18
23 7 34 21
29 23 24 12
30 29 19 14
41 26 20 30
47 21 9 15
38 8 15 21
3 40 20 8
27 49 24 32
22 21 31 24
45 0 17 25
12 36 22 29
40 45 17 31
15 5 8 3
44 3 14 10
26 22 25 1
32 36 15 29
25 38 18 11
5 23 23 30
33 44 0 12
40 25 8 2
26 47 16 12
8 19 29 21
34 38 25 6
32 44 24 34
30 42 0 27
46 12 12 14
30 36 23 26
43 4 20 26
27 37 6 7
16 30 23 22
36 24 7 23
11 49 12 19
30 40 23 27
25 39 14 2
21 7 23 37
39 32 18 24
37 33 13 17
46 5 5 10
32 43 21 26
35 35 24 21
31 38 29 23
36 41 31 18
48 8 18 24
16 10 17 32
19 12 21 30
20 12 14 40
37 34 3 24
23 31 25 11
36 43 15 5
46 16 24 34
46 14 22 18
36 35 18 29
19 35 26 11
32 20 8 23
11 24 29 23
36 33 7 42
39 17 14 23
49 18 11 19
16 17 20 29
41 48 22 36
23 20 18 21
23 18 34 8
38 12 13 16
33 42 20 16
21 9 23 25
36 40 10 27
25 49 19 23
7 34 7 15
29 16 16 5
30 21 9 8
46 27 39 13
22 43 28 30
44 18 10 18
31 45 23 21
27 46 14 15
45 14 6 12
35 19 18 23
33 49 13 8
48 15 20 12
9 15 9 23
38 30 8 19
46 32 14 10
35 33 15 28
35 47 27 12
41 22 26 35
22 9 26 18
10 29 35 7
41 38 19 9
13 16 18 19
22 36 9 27
30 36 13 9
34 49 18 18
38 17 24 32
46 34 16 10
25 20 25 33
27 37 14 16
12 37 9 15
39 6 3 21
29 38 20 17
47 14 9 26
42 22 27 21
40 19 24 24
12 19 16 15
5 45 18 20
28 3 10 23
18 16 31 20
45 27 6 19
43 15 13 17
42 32 7 22
26 22 12 4
22 35 15 14
30 31 28 15
46 15 22 14
2 22 23 24
11 27 20 4
27 47 9 18
48 15 16 18
13 29 13 22
30 31 21 9
38 31 6 6
39 12 14 22
49 18 37 20
36 38 17 4
31 44 2 20
37 19 23 32
3 41 30 19
4 45 16 6
46 29 1 14
42 18 9 23
36 21 16 20
12 30 29 8
43 26 25 34
35 38 29 10
27 43 25 20
46 35 1 2
33 46 30 28
40 33 21 22
22 18 8 19
21 23 3 47
16 34 11 31
36 36 13 8
1 49 12 32
1 36 12 19
31 40 10 8
45 22 19 12
41 31 23 16
44 13 7 16
27 43 18 17
25 34 9 0
25 41 23 22
28 49 10 13
26 35 23 9
23 19 1 9
43 14 13 30
40 9 5 0
34 46 18 4
31 29 6 35
22 19 27 21
5 38 12 30
28 41 17 22
28 27 24 29
48 17 26 13
32 18 28 26
