50 137 15831 800
18 12 28 49
22 28 0 48
6 13 46 6
24 22 20 23
18 5 39 33
12 7 6 41
43 10 36 33
12 32 27 2
3 49 23 42
8 39 17 32
16 13 3 37
47 19 27 28
46 24 9 40
46 25 35 37
13 5 21 12
11 9 20 20
9 8 30 19
5 41 34 34
4 42 31 15
8 30 35 43
11 43 32 6
36 27 30 24
13 7 24 8
12 8 29 17
44 25 39 43
36 24 29 15
14 14 33 24
30 19 42 36
40 19 31 6
14 8 17 43
7 20 37 31
40 6 24 12
37 29 1 37
3 28 32 45
43 19 29 5
32 11 3 16
38 9 30 42
44 23 3 36
19 40 18 17
14 28 11 25
49 9 33 14
38 14 19 15
33 23 20 36
34 12 19 1
7 17 32 39
2 42 14 34
11 14 23 13
19 8 32 23
43 20 35 1
43 31 41 7
22 12 29 33
5 8 46 38
14 13 23 27
29 9 28 41
18 37 42 18
14 10 46 47
12 8 40 38
33 12 40 8
32 10 43 38
25 16 37 42
41 9 23 35
21 33 29 22
17 13 37 12
35 23 0 36
32 27 43 15
11 40 37 38
41 6 48 42
18 49 1 41
45 31 37 29
14 36 39 8
30 9 43 15
34 6 49 41
11 13 34 10
21 28 40 40
26 26 36 42
41 6 1 43
23 47 11 34
7 10 31 9
39 15 29 15
16 41 37 6
34 35 21 38
8 47 21 25
8 46 21 27
17 10 33 41
30 28 25 27
16 18 10 45
26 27 28 45
42 19 2 1
7 9 31 2
26 15 10 38
14 11 32 38
18 8 41 36
9 21 38 9
7 45 35 38
39 7 36 49
1 33 34 3
18 7 28 27
26 24 35 37
17 15 49 20
47 30 30 4
6 29 40 40
8 6 33 41
13 10 2 36
24 21 41 39
14 17 40 21
7 40 41 0
27 9 26 46
21 23 37 38
10 7 29 5
11 19 16 10
37 27 41 0
18 29 47 46
10 10 35 43
11 47 34 45
7 8 42 39
22 17 10 23
18 7 23 4
46 6 25 11
11 24 24 32
46 22 26 12
13 10 48 32
25 18 12 25
10 6 15 35
2 34 13 23
7 37 34 8
28 29 42 2
16 16 19 10
16 7 26 6
9 10 30 0
31 9 39 42
2 49 2 36
30 21 37 49
38 20 17 38
32 20 21 48
41 39 34 38
12 30 31 10
48 12 1 38
