50 544 17467 800
27 45 32 37
18 28 36 36
27 38 14 27
12 33 13 29
15 33 25 10
5 45 3 23
42 15 44 0
18 27 12 23
27 29 28 15
3 44 15 28
10 35 45 8
33 37 10 27
46 24 19 26
19 45 0 10
9 33 24 25
14 39 30 32
14 44 1 23
19 20 19 29
5 10 12 9
15 27 6 11
5 16 29 24
9 9 36 18
29 26 13 35
41 35 23 45
15 35 7 21
17 35 24 19
2 46 33 23
24 48 15 25
14 10 15 0
23 15 7 33
16 6 11 7
27 34 8 1
17 21 19 30
5 36 14 21
13 6 38 3
10 9 6 26
38 37 30 31
7 48 32 19
32 39 49 30
25 25 21 15
21 33 14 15
16 6 24 31
39 47 30 34
19 38 26 20
36 25 36 32
18 45 22 21
15 27 10 23
16 27 5 19
4 28 20 16
12 24 33 18
41 26 45 12
21 46 29 22
11 15 14 24
31 12 16 29
6 12 35 8
11 31 40 17
43 39 20 44
19 31 12 23
11 30 37 18
4 34 48 1
31 29 6 4
8 28 5 21
3 23 25 17
11 25 38 14
26 15 10 35
2 41 23 9
10 16 17 22
17 42 2 30
0 39 42 10
18 28 27 22
8 37 19 47
9 14 12 11
11 32 3 32
4 43 34 22
17 27 12 7
24 5 46 46
11 3 44 11
12 17 18 29
32 44 2 28
4 26 32 45
15 39 31 1
19 46 14 22
26 27 22 31
6 33 28 25
26 37 30 39
38 38 35 24
13 4 27 15
27 30 33 26
2 27 29 5
18 10 21 26
18 30 12 36
22 28 38 27
32 36 10 14
13 49 43 18
22 38 0 22
40 29 11 28
40 31 10 37
37 27 49 15
2 31 20 18
11 28 4 35
21 31 16 20
27 33 9 24
40 12 8 30
2 26 10 30
38 40 41 21
31 15 42 7
28 31 10 28
20 2 12 25
28 37 29 33
1 30 26 46
17 47 29 6
7 30 18 31
2 19 14 18
17 28 0 9
10 38 41 8
10 22 18 6
16 7 22 35
9 19 1 20
2 9 25 40
21 25 43 45
24 29 5 24
35 6 13 27
39 35 14 39
23 34 41 46
7 34 23 31
8 25 7 9
22 8 8 29
11 43 30 28
10 21 15 24
32 37 35 28
30 34 34 44
22 39 31 0
31 44 13 14
20 21 13 20
15 28 34 4
0 35 20 24
27 28 29 14
40 33 49 0
0 10 30 26
38 25 13 29
12 21 36 44
4 20 31 16
21 47 4 0
11 30 41 41
3 42 49 20
12 34 41 36
40 33 18 32
19 4 34 26
9 5 5 18
7 5 19 25
32 39 45 10
20 3 14 15
28 32 46 35
22 33 26 2
29 45 15 20
4 28 9 27
34 23 20 34
19 22 2 14
48 31 13 20
0 41 37 36
4 26 9 21
19 4 31 37
24 35 13 6
7 13 41 5
41 31 34 2
5 39 14 26
16 36 12 1
27 2 17 25
26 34 5 31
9 9 28 23
9 43 41 3
25 33 35 15
23 22 41 20
2 39 15 32
9 38 12 20
12 5 8 25
19 24 27 37
18 43 23 6
2 38 29 36
22 6 25 41
24 30 32 14
5 4 6 38
6 27 39 44
3 41 6 23
35 30 42 4
3 33 14 49
4 40 40 28
10 42 9 30
22 35 41 46
16 15 30 38
25 16 35 8
14 17 12 26
10 27 8 22
14 27 36 44
2 34 34 18
7 8 10 0
22 30 8 24
19 38 39 16
12 30 28 15
8 40 12 20
25 26 49 15
31 35 26 27
10 44 7 13
37 30 47 23
7 28 41 14
3 28 20 26
25 24 32 15
21 38 10 27
9 41 18 24
9 21 16 23
33 37 19 3
13 30 35 3
14 41 16 29
19 24 14 18
30 20 9 40
4 29 0 9
23 9 10 23
25 32 5 44
22 5 11 23
13 26 17 21
24 19 16 24
19 34 29 37
1 32 32 8
10 23 21 4
17 32 6 44
8 30 39 21
8 43 45 24
1 39 11 25
30 32 27 5
22 39 24 22
27 18 46 5
31 23 13 29
8 9 29 17
5 38 9 18
35 10 7 49
19 26 46 11
22 44 49 12
9 30 27 27
19 42 41 1
9 26 2 24
18 13 33 4
32 27 33 7
8 35 10 20
4 36 14 26
14 4 24 23
16 46 49 28
6 45 18 38
7 37 10 26
5 13 12 14
20 42 13 23
13 4 38 45
20 27 10 25
6 19 13 15
17 31 44 31
4 47 5 21
27 33 13 6
13 14 44 13
15 18 43 39
30 48 10 28
10 12 1 18
36 41 37 4
9 25 38 17
25 42 13 22
21 26 23 45
6 15 40 3
40 21 12 28
10 42 1 12
8 34 0 5
8 45 46 16
26 26 17 18
30 39 10 28
32 24 2 16
5 42 7 33
49 24 13 22
24 24 16 25
10 17 38 11
0 34 17 14
10 34 33 49
24 40 4 4
11 43 38 13
7 17 1 29
15 39 27 6
19 12 42 33
32 25 2 20
26 23 27 13
10 9 10 25
24 37 15 37
16 25 2 21
12 28 28 13
17 29 42 41
33 30 28 34
22 43 36 19
32 27 4 19
33 33 3 29
15 25 0 22
12 29 8 31
40 29 2 10
28 48 34 10
6 38 11 48
17 39 12 24
25 42 6 16
15 19 35 15
9 2 0 25
20 17 20 45
5 19 34 42
3 36 6 27
25 33 36 22
21 29 35 10
3 23 19 21
19 36 11 23
8 1 20 15
31 40 32 17
23 16 42 36
8 42 36 31
12 2 11 31
24 35 37 14
1 19 13 12
10 42 9 25
40 42 8 24
29 10 11 11
12 8 15 42
29 41 18 23
0 38 2 2
6 38 12 25
37 19 42 34
42 42 14 19
6 37 36 43
25 22 16 10
13 28 15 19
7 2 16 35
25 41 25 33
31 29 0 13
44 13 35 44
9 7 44 18
22 34 3 30
6 31 41 47
34 20 34 10
27 30 38 28
27 10 31 30
24 31 44 0
6 45 7 28
25 30 32 19
13 26 2 24
33 35 25 32
41 21 33 9
22 46 7 23
23 22 34 18
6 18 19 25
13 41 17 21
26 18 36 15
13 31 7 22
41 42 31 12
18 31 14 42
20 32 5 29
4 18 40 2
12 9 3 30
20 33 13 19
22 38 12 25
30 24 14 19
38 27 44 24
14 1 27 27
6 40 36 15
32 28 33 18
18 22 2 34
8 38 4 18
11 31 30 43
9 23 12 26
13 32 3 18
33 13 36 24
18 9 27 15
16 31 28 28
19 27 46 10
14 14 41 8
0 11 16 4
40 20 44 18
11 12 19 29
20 9 17 19
33 29 12 5
17 42 5 14
25 17 14 36
28 26 26 14
19 29 32 12
25 33 28 48
5 28 45 23
44 17 9 25
12 23 36 22
15 30 30 0
21 12 31 32
1 41 28 12
27 6 45 7
31 9 23 27
8 9 43 20
6 45 15 26
47 35 22 46
43 24 20 13
0 20 39 35
14 10 38 25
10 11 19 40
16 21 12 27
15 29 7 8
18 8 2 4
26 28 32 9
16 8 43 13
24 42 41 33
23 7 26 0
45 34 5 32
5 47 9 32
12 42 19 41
35 30 23 3
23 40 17 32
21 20 32 34
1 28 41 37
18 29 20 22
24 34 28 24
19 17 1 21
26 9 10 5
7 25 29 1
13 34 44 25
11 39 30 42
22 30 37 20
9 10 18 10
28 28 31 23
13 12 18 25
10 22 32 1
1 32 4 23
28 1 37 3
9 42 47 13
41 33 21 34
20 23 15 28
24 32 45 20
16 10 6 4
44 43 44 33
9 25 15 30
22 44 31 21
17 3 7 20
14 4 11 25
2 39 16 23
17 5 34 16
31 41 48 18
17 10 32 38
11 22 36 47
24 26 11 22
31 47 0 32
7 35 12 20
23 8 42 18
32 39 22 0
29 40 12 10
1 41 0 32
39 39 5 35
24 22 43 10
26 46 35 26
42 37 36 25
7 16 6 24
11 6 38 44
10 36 13 11
31 7 38 17
25 10 21 42
15 15 27 39
36 25 23 21
27 33 29 19
3 11 7 15
20 27 36 24
11 47 26 2
25 40 45 32
16 35 2 27
10 31 44 14
6 10 28 39
49 37 24 27
23 32 14 45
5 24 5 17
12 14 13 20
35 19 29 21
28 36 9 3
12 46 45 12
37 25 40 37
18 14 40 27
39 27 14 21
28 37 26 18
32 41 28 24
27 34 30 12
12 9 43 5
5 33 29 19
8 30 8 21
12 1 4 30
30 44 43 37
12 21 17 6
12 7 11 29
43 31 34 17
3 1 10 21
24 15 32 25
18 5 27 9
25 11 6 38
15 36 29 11
23 38 10 27
26 39 49 12
6 41 21 20
8 31 4 23
11 25 45 30
8 26 31 20
4 2 48 12
12 36 33 10
23 41 22 17
5 15 12 5
17 16 40 21
12 34 24 36
14 16 23 30
22 16 17 16
2 40 43 49
41 45 0 6
0 37 40 31
8 41 28 25
27 42 25 18
5 34 21 44
27 37 42 38
22 29 16 28
48 30 45 1
20 1 23 20
20 21 28 13
28 33 32 27
21 23 36 8
13 38 9 23
28 34 11 22
28 32 30 20
23 18 39 23
23 47 2 3
2 47 13 30
24 37 13 19
11 29 45 5
27 23 43 11
46 47 18 17
24 17 3 29
11 21 24 37
24 12 11 49
20 21 3 20
34 38 42 24
8 36 41 30
8 46 33 17
7 26 15 44
2 48 12 14
9 39 42 23
31 32 21 8
31 23 11 25
8 28 7 23
0 31 14 29
