50 1506 11439 800
2 40 22 5
28 0 10 22
45 1 18 29
33 30 15 19
5 39 10 12
32 34 24 30
49 16 39 1
31 40 30 6
13 36 28 1
44 37 30 2
47 41 9 28
28 32 34 4
20 11 5 40
17 25 45 27
6 34 45 34
8 28 48 36
41 47 10 49
32 40 16 32
33 43 14 35
11 35 44 32
47 2 9 40
39 23 17 31
38 47 34 4
38 12 37 31
16 39 6 28
35 42 33 24
36 45 22 2
8 32 28 33
21 13 37 11
33 34 4 37
44 33 36 8
19 33 34 0
10 12 29 14
46 39 48 25
39 40 49 8
8 34 3 27
26 20 22 22
11 30 43 32
1 39 5 43
9 33 41 28
6 45 15 40
46 0 35 4
46 42 7 49
6 23 23 19
22 26 5 44
29 25 49 32
45 41 30 2
32 45 17 37
44 7 8 38
32 42 27 13
35 32 32 4
49 43 6 34
12 41 48 35
39 2 3 34
25 11 29 0
3 42 34 3
19 13 26 30
34 28 17 2
8 41 30 2
36 27 32 2
20 42 42 31
32 47 18 38
43 46 32 22
30 3 10 18
46 10 32 0
23 24 16 45
19 40 45 27
35 30 33 10
5 44 21 39
37 1 3 9
9 29 34 28
6 39 32 8
24 31 5 41
35 32 8 17
17 25 42 30
12 34 48 29
16 9 47 22
2 34 33 0
10 34 7 24
5 43 24 16
13 30 5 41
11 48 36 1
31 30 32 8
42 40 48 33
44 45 0 34
24 24 45 11
38 1 34 2
9 41 25 33
36 9 1 14
48 2 38 2
25 31 33 26
12 41 3 43
42 38 7 17
7 41 12 29
8 45 46 26
10 34 11 21
41 6 29 16
34 2 3 29
34 39 34 3
2 47 43 29
25 49 5 36
1 25 42 2
16 24 21 3
0 35 36 11
1 36 8 49
17 23 3 13
33 38 39 19
15 31 4 40
14 40 47 28
44 4 20 34
36 38 28 34
35 39 14 22
28 33 11 5
47 0 37 0
9 45 29 32
33 37 31 0
29 41 28 14
11 35 47 12
14 38 43 28
33 4 29 7
2 33 30 7
35 29 28 18
31 25 12 36
14 37 31 3
18 31 16 15
5 34 31 7
6 39 28 45
9 29 20 21
31 40 48 34
22 33 32 24
40 22 19 37
14 33 21 11
10 35 45 30
28 33 11 30
11 39 45 7
12 35 35 16
35 32 6 37
42 1 28 5
45 33 36 23
29 33 3 18
22 23 38 9
30 11 33 2
26 42 26 18
43 0 45 28
25 21 12 1
11 32 36 37
38 45 3 39
38 3 34 1
27 44 37 15
1 26 33 1
35 40 34 31
38 33 34 0
9 30 12 45
49 3 14 5
47 27 33 1
27 34 34 3
17 43 30 2
45 49 30 45
19 17 47 26
43 41 20 46
13 28 3 15
45 1 43 34
41 38 27 37
32 37 5 3
9 32 41 3
44 21 31 1
9 38 22 16
35 14 2 44
40 30 28 16
11 26 33 0
38 43 1 35
46 20 47 32
39 3 47 25
9 32 29 2
9 31 11 39
25 22 24 42
36 25 40 23
36 1 16 42
15 37 35 20
41 0 41 39
32 39 31 35
38 10 6 40
18 37 8 48
27 34 41 39
49 49 16 41
22 25 6 23
18 28 49 34
21 22 37 11
8 31 11 37
29 43 1 48
30 38 6 18
21 45 3 40
38 2 45 8
11 39 32 29
1 37 18 4
25 41 33 0
2 39 37 2
32 38 49 31
5 39 21 43
16 43 5 43
12 46 44 30
11 30 36 6
20 40 48 27
4 49 37 9
23 29 2 41
5 39 35 28
29 32 26 23
8 33 21 7
48 25 49 30
41 42 3 38
40 23 32 12
18 35 47 34
47 5 32 8
11 36 15 11
48 29 8 41
40 4 29 31
25 30 38 8
27 37 47 27
13 39 9 12
31 33 9 12
33 12 37 16
26 35 37 3
32 34 33 25
26 33 9 37
47 4 17 23
8 43 28 7
25 12 5 40
29 22 27 35
35 40 31 4
27 32 24 25
12 25 35 8
13 28 38 14
33 46 1 1
47 0 45 27
46 21 30 2
8 27 14 31
24 33 41 0
24 36 32 27
28 32 27 16
0 36 24 10
44 42 4 36
47 3 44 28
15 29 46 3
39 37 5 39
10 39 5 39
23 45 21 30
14 31 42 33
38 5 31 5
33 36 49 30
19 47 45 26
29 11 13 34
10 46 5 32
15 42 35 1
20 30 40 9
26 15 17 18
34 43 39 3
30 35 37 42
38 3 45 32
32 17 32 2
28 16 43 7
35 17 24 47
37 35 25 18
20 31 31 25
29 44 34 4
36 43 23 6
4 33 46 29
10 43 12 11
34 40 36 28
31 36 41 2
5 30 2 11
37 45 34 2
44 46 37 34
30 36 29 17
28 26 2 39
11 26 26 35
3 36 13 17
33 29 40 31
6 36 2 41
9 33 36 35
6 34 33 14
2 34 33 1
10 43 5 40
23 38 49 27
35 39 48 33
48 46 35 8
41 2 46 29
11 29 34 1
5 44 8 11
31 32 3 12
37 33 23 26
37 14 7 19
32 43 29 19
38 2 11 29
32 43 32 38
34 41 27 37
34 7 14 12
39 29 23 46
41 5 40 29
40 5 23 43
28 48 31 36
42 7 43 11
28 48 29 13
9 32 16 26
44 2 27 27
33 43 45 26
12 39 29 31
21 25 46 29
44 32 8 37
4 32 5 17
40 26 38 22
2 31 11 30
37 16 31 7
16 33 24 28
32 41 44 27
39 25 30 28
43 6 13 16
33 39 39 3
16 22 15 43
43 3 10 7
32 41 40 37
37 5 31 3
36 40 42 28
5 35 22 12
28 35 37 8
7 41 1 44
21 35 6 14
27 32 45 32
12 41 42 13
48 3 42 9
18 49 2 25
33 41 7 41
26 31 48 35
46 5 46 29
37 44 22 6
29 39 32 0
6 31 15 32
43 0 6 40
35 44 9 26
32 8 6 7
39 3 35 5
22 33 34 1
23 31 1 47
41 41 3 23
4 27 27 11
42 38 25 18
2 40 30 4
12 37 10 47
39 1 9 19
46 6 42 28
38 33 31 16
27 28 39 23
29 40 49 37
41 32 43 7
17 44 17 21
32 39 17 47
23 31 43 33
28 34 4 38
6 33 33 42
13 45 41 27
41 49 0 17
37 43 40 23
31 37 23 5
43 4 10 40
38 19 47 25
36 47 29 4
27 36 32 0
42 7 35 6
42 19 37 3
4 41 6 38
3 37 8 9
34 28 21 24
8 32 47 33
28 49 40 14
35 38 4 35
40 6 39 30
4 19 8 49
4 27 18 21
46 2 30 10
0 30 31 13
41 2 7 40
41 42 35 4
18 45 11 15
10 41 25 12
16 32 35 2
17 24 48 29
8 31 36 33
23 40 18 41
44 5 8 46
32 31 30 0
44 3 46 27
8 43 2 10
16 46 7 26
34 27 23 32
14 39 42 39
34 42 38 28
42 44 20 36
46 2 25 20
22 39 43 3
1 36 23 19
27 43 48 30
6 44 43 27
1 35 1 42
36 17 46 31
8 40 39 12
47 43 46 13
41 5 36 31
26 24 18 14
30 34 27 1
5 43 25 17
35 40 30 35
26 31 40 27
39 38 43 15
39 3 6 45
1 43 5 17
46 1 41 25
2 36 45 29
42 0 28 15
8 36 47 34
12 36 34 32
35 31 23 20
19 26 28 15
16 43 13 13
6 39 47 25
41 17 41 1
32 28 5 39
1 40 31 15
29 15 5 11
18 27 35 25
23 24 34 8
26 42 1 42
45 1 46 25
37 0 4 41
36 22 17 13
31 30 49 30
33 32 16 31
41 44 31 9
32 43 46 31
6 34 49 32
33 37 34 4
2 40 46 29
42 3 34 26
15 36 11 48
10 39 24 5
43 5 34 34
30 33 10 25
20 39 13 26
42 3 34 3
8 42 15 46
33 27 31 5
39 4 31 18
34 40 11 45
28 30 20 14
44 8 28 31
3 30 30 8
19 40 38 15
18 31 1 15
43 44 46 31
5 28 43 6
35 43 32 8
11 48 48 29
12 34 42 4
47 2 42 2
27 49 20 47
42 20 0 40
35 41 16 33
11 34 46 28
43 16 31 35
24 35 4 42
41 21 19 26
38 40 27 27
32 40 46 24
2 41 14 35
1 31 19 43
10 43 36 31
30 33 4 12
35 40 34 16
40 35 10 46
15 34 46 13
20 43 35 24
28 43 22 26
4 36 36 2
29 44 41 1
17 33 26 44
35 40 45 33
4 27 20 0
43 36 34 3
36 44 48 24
29 19 49 32
24 23 18 18
46 34 2 18
10 44 46 32
28 17 16 39
39 33 49 33
39 49 18 5
39 4 49 33
10 39 43 27
48 4 14 19
15 35 13 39
28 33 21 10
47 21 47 31
9 32 32 1
1 35 6 40
17 23 0 9
48 0 7 42
42 43 45 29
33 39 5 45
48 39 44 21
5 37 9 42
14 35 49 25
27 39 8 42
41 25 15 42
33 40 39 4
10 49 46 16
21 33 38 30
26 33 6 39
37 23 35 9
43 8 16 40
28 14 29 28
37 2 1 31
42 0 35 12
24 40 24 20
41 4 33 3
41 37 7 35
21 46 24 23
29 20 15 6
3 24 34 0
9 40 34 7
28 43 28 33
5 29 2 41
29 25 32 1
27 34 30 2
34 35 44 28
41 33 4 15
2 46 34 25
4 29 38 7
46 46 46 26
39 36 7 41
34 46 2 49
3 32 47 35
5 40 18 19
6 35 45 31
44 0 7 49
8 33 45 31
45 43 47 9
3 39 8 42
25 34 41 0
13 33 6 8
25 32 38 1
29 43 21 30
6 42 32 2
11 39 26 21
36 3 25 29
41 3 14 41
12 41 45 18
42 3 36 14
24 34 5 39
38 43 41 15
10 28 42 34
14 46 0 45
24 37 5 42
32 41 32 0
36 40 25 19
34 41 24 42
34 30 24 13
33 44 49 35
41 6 22 22
35 32 37 5
5 49 44 24
37 48 10 27
41 36 14 39
26 33 27 12
32 13 29 21
14 33 6 46
40 7 37 16
42 9 17 10
32 40 1 40
26 40 28 9
9 29 48 17
26 34 26 24
30 28 32 5
43 40 28 2
7 35 31 3
31 37 27 25
12 42 18 0
10 35 43 29
36 46 45 22
10 32 39 22
7 44 48 36
40 35 5 40
8 27 32 1
43 36 39 9
13 34 9 41
37 49 41 21
48 24 15 20
36 41 22 34
19 45 35 24
16 31 31 35
34 32 7 28
29 18 6 44
37 2 5 39
35 35 21 37
30 31 38 8
6 36 27 32
31 31 26 0
32 43 36 11
41 30 42 38
35 31 37 1
4 37 35 1
30 44 33 33
20 36 40 32
25 23 22 45
10 25 1 47
44 47 1 43
31 41 26 30
34 44 27 7
21 27 3 4
43 22 43 2
2 37 32 5
44 5 33 36
37 46 3 36
0 47 29 27
35 42 27 5
16 35 44 35
37 32 35 9
46 3 41 22
9 31 29 13
45 2 5 11
24 23 34 24
40 34 32 9
39 47 35 14
42 3 31 7
8 30 25 27
30 26 39 0
4 43 36 21
33 33 47 28
24 40 38 30
38 9 5 43
37 44 6 38
10 34 13 23
40 19 5 41
10 24 31 2
24 40 43 27
42 10 20 5
20 46 48 28
36 39 40 6
46 26 44 34
6 44 14 46
40 2 3 47
30 39 49 31
9 33 41 34
28 26 14 12
45 46 38 10
14 44 39 3
39 31 37 2
39 46 49 31
43 44 45 31
33 43 29 24
10 29 8 41
36 21 39 7
33 38 48 33
28 20 39 3
27 44 2 35
36 2 0 23
8 35 25 32
11 30 47 5
9 43 47 36
0 38 29 27
24 44 4 31
40 0 4 41
36 3 12 5
20 24 1 39
36 40 36 2
0 39 2 2
46 48 7 31
30 47 29 30
17 47 31 3
47 8 36 29
38 38 5 42
5 34 48 33
11 44 15 43
49 28 35 5
0 34 43 13
28 32 32 0
27 10 49 25
3 21 38 6
3 34 27 32
3 31 24 15
7 42 36 3
41 2 2 39
34 35 49 23
36 3 4 46
38 1 30 9
42 4 29 26
34 43 41 20
30 29 27 0
14 31 23 26
15 33 29 7
37 46 30 10
9 45 22 17
49 6 7 44
39 22 47 27
11 39 46 2
37 32 18 38
18 31 30 7
33 41 20 16
23 29 3 18
27 35 47 27
14 44 35 2
46 42 38 25
12 36 1 18
37 40 32 38
45 47 26 9
41 25 20 4
13 30 35 11
27 11 29 27
35 32 47 18
37 29 4 42
7 37 17 29
32 42 8 18
2 43 46 31
42 37 6 33
48 45 30 17
39 4 41 27
21 30 1 18
47 2 38 10
17 42 43 4
21 17 34 1
11 45 8 8
42 12 46 33
17 26 42 12
33 29 40 13
1 33 35 45
38 36 29 5
41 45 44 8
37 31 4 6
35 19 12 41
45 1 36 4
38 42 34 2
17 32 34 5
34 44 31 16
26 30 49 29
28 37 21 13
39 0 48 29
38 17 6 43
29 33 48 31
39 4 13 16
16 36 9 33
40 25 36 4
13 34 0 38
39 12 44 34
25 41 40 22
35 39 32 26
9 47 0 40
46 5 48 34
21 18 14 47
39 5 36 42
3 41 46 30
7 37 31 6
48 0 38 1
13 40 48 30
7 37 14 10
28 39 49 28
41 0 47 31
44 6 29 2
6 38 27 11
22 43 49 35
35 42 6 45
26 44 6 41
7 43 24 35
3 47 40 31
32 48 43 27
43 47 31 28
24 31 36 3
37 47 27 30
30 21 44 30
10 32 28 7
40 2 48 36
21 40 46 14
10 35 46 33
33 16 24 30
30 29 2 1
9 33 47 24
41 7 49 36
39 38 15 23
20 29 3 42
24 34 33 10
18 37 1 36
41 31 43 27
28 25 37 4
46 46 8 43
45 6 28 35
19 41 30 24
35 45 25 36
35 37 37 17
38 45 28 33
34 44 32 23
37 40 48 26
10 37 27 1
3 48 22 10
10 39 43 16
6 31 48 24
12 45 25 0
12 39 28 40
11 33 41 6
13 38 6 39
17 22 31 0
20 14 30 4
49 2 11 8
11 40 48 29
37 29 3 26
29 30 31 1
10 43 46 31
38 11 2 39
13 35 49 34
26 40 44 14
10 33 39 28
19 45 49 29
41 45 33 4
28 16 10 23
29 27 32 13
46 48 18 21
46 32 7 41
4 32 49 34
5 35 6 39
39 0 29 27
33 42 15 49
29 25 0 41
15 34 33 2
1 29 42 28
5 29 32 33
42 5 29 4
8 27 36 5
12 18 16 31
17 35 44 19
33 29 16 38
11 34 32 32
18 37 44 31
8 37 3 38
3 38 23 49
35 23 47 31
17 36 13 44
25 36 21 39
33 40 44 15
38 0 40 11
27 48 7 42
36 49 4 33
4 43 0 40
9 24 24 31
42 40 4 44
39 2 9 39
14 27 45 29
40 30 43 12
9 38 29 16
45 5 8 36
35 48 7 44
25 32 32 29
28 29 43 35
2 36 47 11
3 35 7 39
12 36 5 39
39 2 47 27
42 1 21 16
38 49 6 41
11 34 34 3
34 38 33 3
45 2 45 23
28 33 37 10
0 31 27 26
42 1 30 1
46 22 32 21
13 40 36 30
10 34 46 25
42 44 45 27
8 34 3 35
42 7 13 15
38 0 8 38
14 36 47 23
49 1 28 12
48 4 46 29
45 4 40 47
36 45 47 27
32 33 28 4
2 43 29 3
28 45 23 27
34 33 11 41
42 3 29 34
1 39 21 46
7 38 37 6
2 14 35 34
36 8 32 3
7 40 34 24
38 34 39 4
33 2 33 16
48 48 10 16
7 49 46 36
27 31 6 12
44 45 7 11
6 48 31 0
36 37 7 25
26 37 41 6
41 42 16 25
33 34 15 11
40 29 26 30
12 33 39 3
29 18 47 37
17 16 46 31
39 22 12 14
26 36 2 30
38 36 41 6
6 44 48 28
8 28 6 41
48 24 26 40
13 42 32 11
14 13 36 4
41 35 5 1
14 34 32 3
5 24 32 0
48 5 10 43
35 29 49 32
30 44 11 46
39 18 8 11
11 18 45 15
28 23 32 0
8 34 46 28
32 38 48 29
25 22 33 44
15 39 8 46
41 1 46 21
9 29 6 22
2 42 14 33
33 28 5 46
42 33 1 37
12 32 49 26
11 36 47 29
4 37 7 41
0 42 46 6
7 34 25 4
3 27 16 38
33 29 40 30
35 39 36 2
12 26 42 15
11 35 35 23
30 15 32 31
20 24 18 32
31 40 6 42
27 38 32 35
36 36 32 14
8 42 37 2
3 42 8 31
45 17 30 3
5 22 10 16
40 42 38 4
7 39 17 23
13 34 2 27
8 39 25 47
27 22 21 19
40 41 3 7
30 37 10 42
14 46 31 34
11 37 45 32
3 37 39 35
4 47 23 35
42 2 26 33
19 44 14 20
4 36 13 39
16 16 33 2
2 45 25 5
35 49 5 41
37 39 32 23
25 31 46 25
8 40 9 9
1 25 44 24
34 38 12 6
44 2 18 20
18 47 15 29
43 8 3 40
41 8 16 24
35 41 1 42
21 46 3 14
39 11 43 26
36 35 31 17
45 49 3 29
32 43 43 1
11 25 34 21
40 36 39 20
25 39 18 43
8 38 12 21
34 32 35 1
37 25 29 30
10 38 46 13
36 40 48 32
48 35 17 5
16 43 35 3
39 7 8 12
38 49 17 17
36 38 35 3
39 39 24 39
26 41 49 34
28 27 37 16
23 33 34 1
33 42 36 21
2 34 49 31
40 32 14 12
43 0 49 34
45 1 41 17
41 44 46 10
43 33 47 34
39 39 35 29
30 37 7 40
9 49 38 4
35 25 12 45
6 33 35 5
49 30 15 35
11 33 49 35
37 35 28 27
9 49 46 34
26 36 22 4
27 32 23 28
9 37 7 43
48 3 33 40
19 33 6 40
10 34 28 25
20 32 48 26
5 25 29 4
37 43 2 38
45 48 28 3
37 39 18 17
40 48 2 36
40 3 46 27
38 4 25 49
46 1 33 1
15 35 19 40
5 38 8 41
38 35 8 10
8 37 31 18
23 24 43 11
11 29 11 35
9 38 0 26
15 29 21 36
22 23 2 20
42 11 26 38
44 46 24 25
20 26 30 33
25 38 30 6
30 46 10 18
44 5 35 2
40 5 32 34
25 47 26 25
48 47 7 37
48 15 5 39
47 49 9 39
21 24 43 7
13 29 48 39
39 20 31 42
25 38 38 6
35 45 30 11
42 5 20 18
46 5 2 39
4 32 9 40
32 22 23 21
28 49 18 47
35 45 21 11
31 44 34 3
12 35 30 2
1 35 48 32
42 30 46 12
46 4 33 13
10 34 38 0
40 8 3 8
11 42 21 35
27 21 18 46
24 49 1 40
7 34 39 13
42 18 37 4
5 40 44 21
23 15 21 25
36 1 43 26
6 31 29 26
42 25 16 37
5 33 37 30
29 37 39 11
8 28 43 30
34 34 4 14
2 31 44 9
8 42 49 35
41 31 33 23
38 45 31 36
37 46 8 41
15 48 32 16
39 31 3 2
38 17 27 20
48 4 41 25
25 40 48 36
31 29 26 26
44 32 29 31
42 8 16 48
40 4 4 43
11 38 13 10
23 46 27 3
13 42 47 38
13 39 32 11
12 48 32 2
30 41 25 25
34 34 35 4
5 28 17 47
33 42 6 38
18 32 38 2
41 38 30 0
5 29 7 37
8 33 41 8
37 37 36 7
8 32 48 7
0 28 23 2
40 32 34 7
34 43 31 5
28 35 37 17
43 0 25 28
33 47 26 31
26 29 16 47
32 42 23 10
1 43 32 33
31 38 14 3
19 22 4 21
16 38 25 31
36 44 43 29
48 46 44 15
4 23 23 22
25 36 34 1
32 42 11 5
30 49 35 3
14 36 25 32
36 18 33 30
19 37 22 4
37 45 6 41
38 42 29 32
25 31 49 26
15 20 32 2
45 38 20 22
4 43 41 3
41 31 23 37
17 42 3 33
9 39 40 6
26 21 7 37
39 8 20 32
27 33 31 3
21 47 38 0
10 37 40 14
25 34 29 31
45 36 46 27
46 42 3 37
13 38 19 13
8 41 8 35
18 37 18 0
35 30 41 15
31 43 24 33
26 30 35 11
43 6 27 5
39 7 38 0
5 26 7 36
22 26 32 37
41 0 18 19
19 31 5 32
8 37 47 29
8 34 20 43
43 20 36 22
38 32 11 47
43 4 39 9
31 24 29 34
46 2 24 31
30 35 37 29
33 45 20 8
33 43 35 1
15 35 40 32
18 40 14 47
26 45 49 28
24 25 45 20
45 3 39 11
22 34 46 27
38 0 24 25
33 24 22 35
40 28 23 48
17 36 24 14
3 40 45 34
32 47 36 8
35 25 32 8
17 20 23 17
9 36 26 19
36 26 12 46
14 33 49 26
43 10 7 40
31 32 6 37
10 28 18 8
28 35 37 1
7 39 22 5
40 39 36 4
5 38 46 28
42 2 1 1
26 35 10 20
25 33 49 30
11 24 46 29
1 29 37 6
43 42 0 28
42 48 43 30
29 29 35 31
11 42 41 30
31 40 29 34
13 34 10 43
39 38 1 29
10 44 43 27
40 38 2 41
37 14 28 28
44 7 48 31
3 33 15 30
38 40 3 20
32 26 25 17
13 42 31 1
43 29 22 3
31 17 6 37
33 41 26 26
17 32 12 30
18 36 24 17
39 20 37 2
16 39 40 31
42 2 15 15
43 0 28 31
45 41 7 39
33 36 4 12
30 34 33 0
1 35 44 27
19 38 7 45
12 46 13 5
41 5 27 13
29 23 27 0
33 38 3 41
42 25 48 32
34 34 4 43
22 41 39 31
45 2 45 16
37 44 49 34
36 44 48 37
43 5 5 18
32 34 7 40
4 44 15 23
11 35 30 2
12 40 39 5
36 41 40 1
39 42 17 0
13 27 45 21
34 17 43 29
38 1 28 38
44 34 20 33
23 32 14 48
19 34 49 32
18 30 39 2
23 42 24 27
0 38 44 30
28 39 48 14
24 39 47 34
0 44 6 25
29 24 6 41
9 36 21 39
7 33 4 5
30 12 14 49
4 31 5 2
0 39 30 18
32 41 18 10
31 28 7 0
34 20 49 33
11 40 7 47
25 11 36 3
34 11 29 4
44 3 28 1
4 28 28 23
12 44 35 15
30 39 47 7
10 32 5 21
38 40 6 42
40 48 47 37
46 45 27 8
46 27 44 31
37 23 47 36
8 42 22 6
34 9 32 33
6 36 16 20
29 45 12 33
41 27 48 28
4 33 15 32
32 26 27 1
8 29 2 49
40 2 3 11
37 42 29 22
36 41 10 29
7 36 41 4
3 34 1 49
30 42 43 20
1 25 6 0
10 31 25 43
32 20 1 43
46 43 37 2
27 26 9 26
4 33 37 21
7 34 49 3
13 31 39 12
1 41 42 1
28 38 15 23
1 33 8 40
26 29 37 4
23 14 12 36
10 32 1 49
45 42 35 11
9 38 47 33
31 18 31 11
37 30 6 9
34 44 44 30
28 37 10 22
34 40 34 29
8 34 34 8
41 47 47 29
14 46 49 25
28 34 14 32
43 1 4 37
40 1 18 32
42 4 7 16
28 30 49 23
19 35 7 39
31 43 8 44
3 41 26 27
14 39 6 38
21 32 26 7
28 32 3 20
32 33 25 6
4 40 33 5
44 0 34 2
19 34 30 18
20 19 44 4
17 39 28 1
18 39 26 34
38 29 33 18
29 47 32 29
5 38 32 19
23 28 45 33
18 39 6 39
44 34 17 21
15 30 45 18
24 10 47 31
22 35 29 0
34 40 26 22
34 45 32 36
14 34 25 2
43 4 24 1
6 40 48 32
33 41 33 16
27 37 20 16
17 25 39 23
43 38 28 38
36 24 35 2
21 30 49 33
32 40 5 38
3 46 19 23
18 44 15 36
4 34 0 42
1 27 31 3
42 6 20 25
3 40 44 28
34 43 48 31
37 35 15 15
34 26 41 23
39 42 1 38
35 27 30 2
8 38 36 0
20 25 32 3
17 38 46 10
34 43 33 3
8 41 21 7
35 34 37 6
3 47 46 30
31 38 24 44
29 19 38 38
4 36 11 23
43 3 2 40
35 48 18 43
10 34 32 1
5 31 34 20
1 32 47 29
11 30 14 20
34 35 2 24
45 4 27 13
39 0 34 3
27 38 13 37
31 35 16 8
18 22 25 27
37 3 35 26
39 1 34 1
42 11 41 35
41 5 49 26
5 39 28 29
36 20 21 23
47 23 45 30
43 3 13 33
32 47 37 4
36 4 48 33
9 33 45 20
41 0 8 41
22 43 4 34
44 0 46 34
6 19 35 31
49 38 44 30
41 33 14 5
35 41 14 9
28 34 36 20
7 43 8 10
9 31 30 19
44 12 32 28
8 33 41 20
32 36 28 17
12 14 21 39
44 25 10 24
37 1 2 38
23 26 27 20
43 21 49 34
29 43 44 24
33 38 1 25
5 33 30 2
23 34 26 2
23 41 40 2
41 49 32 7
31 30 8 12
27 32 41 6
42 28 12 46
20 43 17 1
0 33 8 34
48 5 29 10
7 31 32 26
21 38 15 39
34 40 29 15
28 18 7 37
39 2 45 14
32 40 45 29
25 13 7 41
34 46 33 34
21 32 47 25
35 42 27 27
35 43 43 27
30 40 2 38
1 32 18 7
36 37 43 36
33 40 28 33
41 2 0 26
12 26 9 6
15 36 49 30
5 40 16 40
39 24 30 27
15 41 7 41
29 43 1 11
12 31 22 3
26 36 36 3
42 0 32 11
47 0 34 9
30 35 18 38
31 36 24 10
17 43 5 42
7 36 18 15
14 42 20 7
16 19 19 1
24 35 8 42
4 29 1 45
31 29 25 20
25 27 46 31
46 49 32 3
6 43 15 28
4 21 49 35
27 36 39 43
36 20 35 0
8 37 14 46
10 42 47 12
25 34 41 24
3 38 22 40
36 38 34 6
28 39 6 19
49 40 34 4
10 35 4 41
3 40 7 49
37 1 27 12
6 33 18 44
36 23 4 41
6 39 47 31
30 23 21 30
30 10 12 24
10 40 15 15
24 33 49 32
33 36 35 6
47 4 32 2
22 49 40 0
30 32 5 37
7 35 24 28
42 37 12 32
41 1 49 29
27 26 26 1
27 22 5 36
10 41 42 17
29 31 28 3
27 22 46 29
44 5 46 27
9 48 33 1
7 48 2 45
33 40 34 7
