50 1154 15943 800
12 8 26 5
40 9 42 45
49 10 12 22
39 34 47 42
38 17 45 3
18 37 23 31
33 2 25 1
26 26 26 46
35 6 23 48
9 28 22 35
43 6 18 29
7 30 24 46
28 19 31 43
14 5 18 27
36 39 37 43
33 13 11 18
35 23 2 39
12 33 28 2
31 11 43 35
17 45 30 29
43 17 5 48
28 41 37 37
31 20 39 29
32 20 41 38
26 5 29 30
47 0 26 43
33 8 48 38
13 0 8 24
45 17 25 49
44 20 29 3
18 43 46 38
8 19 23 38
8 29 9 47
41 12 24 45
31 6 40 42
41 10 13 40
20 31 26 8
32 8 18 29
41 23 15 36
32 2 35 8
26 0 7 44
6 29 49 33
24 14 30 3
39 12 20 30
33 14 23 11
40 29 34 28
40 36 37 22
27 27 28 31
20 29 13 38
22 14 25 31
7 41 18 49
36 9 27 41
39 11 34 38
36 36 22 6
18 46 6 43
14 7 22 9
22 4 13 21
6 2 25 0
27 34 42 11
33 29 24 40
11 32 24 40
37 4 38 43
12 47 20 26
38 2 39 40
33 4 36 37
30 21 42 32
40 38 2 34
24 6 43 43
23 12 20 40
35 36 19 18
44 2 36 45
26 3 20 28
15 4 39 48
29 4 35 2
41 10 44 41
12 3 41 35
25 40 34 30
21 6 24 39
38 1 34 42
14 1 25 35
28 29 37 42
38 2 43 8
36 3 24 37
38 35 32 38
34 9 42 43
31 6 24 26
41 16 42 35
45 14 34 11
36 38 7 32
37 14 31 7
34 8 44 2
10 30 29 25
40 8 9 4
32 4 40 35
36 9 40 25
42 1 25 38
6 39 26 49
14 5 44 2
40 4 47 41
18 33 21 28
40 38 37 27
41 18 42 34
20 29 16 31
21 39 30 25
37 40 41 4
46 16 23 30
14 8 40 12
15 6 39 46
31 6 46 37
17 1 32 39
35 4 39 8
35 12 22 32
36 9 42 27
13 48 11 37
44 4 42 43
13 6 0 10
6 35 41 36
10 2 33 49
36 22 9 34
22 44 7 36
34 8 30 39
39 10 37 36
16 21 27 13
18 7 24 46
42 20 37 38
36 42 25 31
33 12 18 30
38 10 28 39
32 16 20 35
38 11 43 16
10 9 1 10
36 23 41 28
21 24 4 7
46 24 11 10
9 3 43 38
29 18 31 35
10 35 19 42
21 5 31 9
31 7 39 3
42 2 27 26
24 10 36 10
18 40 6 47
32 10 38 33
38 23 25 13
2 12 35 37
44 6 11 45
40 6 28 5
37 34 48 31
42 14 0 9
45 13 27 48
24 4 39 1
40 6 34 9
11 13 38 41
38 11 19 4
4 3 48 33
42 17 15 43
6 41 38 28
18 44 29 28
16 42 39 48
10 5 42 40
36 13 33 41
34 10 37 2
42 6 2 4
34 8 13 25
12 44 40 46
41 14 39 39
27 20 39 40
44 29 20 33
7 33 46 42
25 39 39 47
28 23 29 0
34 16 40 26
30 13 25 40
33 5 11 38
28 3 14 38
9 6 49 47
23 5 26 37
31 5 3 41
36 19 47 31
47 19 27 31
41 36 49 1
26 21 39 0
15 4 45 6
30 19 5 12
35 37 3 37
24 27 41 9
3 2 27 25
34 12 19 25
23 12 45 2
38 20 23 40
22 21 21 38
33 9 27 42
14 6 42 22
32 20 42 21
37 28 21 46
17 42 21 8
14 0 33 31
30 24 43 3
14 8 20 40
38 22 39 45
20 3 15 48
16 2 17 37
31 5 19 27
34 22 45 37
16 14 10 11
23 47 19 32
10 41 23 24
46 15 42 44
40 14 46 30
17 36 47 42
28 28 13 41
4 0 34 48
34 13 24 21
32 17 12 33
19 43 9 31
8 46 38 11
17 1 31 11
37 27 1 38
12 4 30 42
27 1 37 36
13 2 8 35
11 3 28 26
12 4 28 46
30 14 11 49
13 38 36 42
25 8 36 6
45 14 19 33
24 24 24 36
21 14 2 22
20 0 13 43
19 7 3 21
3 22 2 15
21 47 31 45
12 2 25 33
15 14 22 43
39 6 38 46
7 3 28 42
34 20 37 6
40 6 36 42
24 8 13 46
32 14 20 20
40 15 11 49
40 35 48 41
38 31 41 39
36 10 29 49
39 26 4 15
35 4 38 12
45 12 0 18
48 14 31 49
49 20 23 29
35 46 13 32
36 0 44 35
42 39 29 21
12 40 37 3
19 35 25 49
34 21 30 40
37 17 38 30
49 9 24 2
16 9 17 32
22 12 21 44
15 5 31 25
38 20 22 35
47 4 28 40
42 4 42 37
30 3 29 32
23 10 42 0
16 1 33 17
31 8 42 41
33 35 7 44
14 8 9 20
31 9 46 28
40 8 45 39
12 12 28 42
32 45 39 39
10 6 45 42
17 32 15 28
33 4 9 25
36 36 42 6
47 0 41 44
44 35 38 38
7 1 21 48
34 10 18 11
23 26 26 39
47 19 35 39
23 48 47 40
37 11 12 36
34 36 16 32
41 0 37 45
27 12 9 38
7 10 17 10
10 7 35 30
25 27 23 30
25 46 12 44
23 18 22 35
42 6 13 49
38 30 37 36
28 40 48 26
23 25 42 17
34 14 13 46
39 18 9 16
45 15 23 45
31 25 46 30
39 6 5 22
4 30 30 30
42 16 27 30
33 23 24 40
22 39 37 5
39 34 30 45
35 38 24 35
37 24 19 44
31 7 21 2
30 12 8 41
17 8 33 45
38 11 19 37
12 4 20 41
44 8 47 16
41 36 42 11
25 23 36 16
38 20 16 37
48 24 8 28
40 5 38 26
15 6 48 36
33 10 36 27
21 46 30 28
44 16 12 28
36 40 13 31
10 9 8 23
36 9 38 40
35 29 1 29
35 21 9 38
37 0 8 40
35 38 7 28
10 32 11 19
40 41 25 16
7 42 25 0
43 37 43 5
34 24 18 29
21 42 15 34
48 21 43 40
30 3 45 20
9 25 48 18
5 36 37 1
38 33 30 31
10 5 37 34
14 0 5 29
25 25 45 48
36 42 49 22
41 12 27 49
14 42 44 29
44 11 28 47
12 27 34 47
34 22 32 36
26 8 36 30
41 15 37 49
38 11 42 10
33 20 39 10
28 16 15 32
35 5 39 39
39 39 27 48
36 17 24 42
10 40 3 38
37 12 42 6
49 13 30 9
36 11 11 3
40 18 42 41
31 9 13 38
45 14 43 37
38 13 1 43
7 5 8 33
29 9 32 46
12 17 40 41
14 18 26 42
22 12 47 6
6 39 19 29
46 9 5 43
39 38 27 44
12 5 26 8
29 16 42 6
41 37 18 32
26 29 33 25
33 18 32 43
31 6 28 2
37 13 38 31
18 42 49 15
45 4 32 9
23 1 40 9
39 33 21 18
21 10 16 40
14 3 13 40
10 37 4 10
41 9 17 10
34 8 41 47
13 41 10 30
3 33 32 41
41 7 2 10
29 19 29 3
15 7 35 3
39 23 33 5
24 4 17 42
35 7 28 0
30 16 44 32
17 3 33 35
15 36 18 39
32 12 26 39
38 7 27 37
1 7 46 1
43 15 36 40
36 9 12 39
30 14 14 18
43 27 10 35
11 6 39 45
21 11 18 9
12 30 31 10
36 37 4 49
35 18 47 32
44 2 36 40
7 34 9 11
43 17 24 30
21 6 40 44
24 24 45 26
12 37 18 34
31 13 28 38
6 32 46 31
32 7 24 33
10 8 10 25
13 38 43 46
21 6 16 49
4 34 37 8
31 8 36 36
29 24 27 39
36 3 32 29
13 47 10 27
27 28 6 13
38 32 3 38
45 17 32 24
40 0 32 47
43 6 26 43
41 16 8 32
9 31 42 45
10 8 24 35
39 15 14 11
7 8 29 20
6 31 37 39
35 12 40 49
25 27 46 29
49 34 42 30
40 15 35 32
38 22 24 43
31 23 18 37
17 16 42 27
38 38 12 33
39 19 9 42
18 0 12 25
25 17 42 47
41 3 36 36
31 31 18 8
40 13 49 10
14 12 37 34
32 6 27 25
36 8 48 5
47 13 42 39
8 34 18 34
26 22 47 48
42 13 20 36
39 41 42 30
26 13 49 39
42 5 33 34
14 40 16 7
40 19 41 44
20 44 11 45
13 44 4 26
13 5 31 47
13 5 29 25
10 8 21 18
25 44 18 28
7 6 37 44
44 10 35 39
10 0 40 34
10 32 10 26
40 0 20 42
42 8 28 42
38 12 11 20
40 8 46 3
30 6 45 9
20 4 41 39
40 40 33 2
41 35 22 32
38 14 12 30
39 7 30 29
43 0 22 47
6 28 38 5
9 30 37 35
40 36 2 34
8 31 43 35
14 3 11 40
37 36 48 41
46 1 26 23
43 20 44 31
12 8 26 37
31 18 37 48
22 13 6 9
40 12 18 37
15 31 8 36
34 28 27 39
38 19 34 24
40 11 5 30
39 10 29 40
35 40 17 38
37 13 42 13
20 45 38 31
31 15 15 44
21 40 8 36
28 8 45 36
37 29 35 33
10 42 36 40
31 28 12 41
7 44 29 39
13 0 20 34
30 5 43 39
39 13 0 12
38 10 33 37
40 37 22 20
14 48 21 38
39 15 26 43
7 38 32 10
42 21 23 45
13 12 13 18
43 12 27 38
37 30 8 8
36 8 13 9
14 11 40 46
36 46 36 0
26 11 24 38
15 23 31 40
11 35 41 43
8 31 17 31
32 23 44 33
32 20 47 27
41 6 19 34
7 0 44 28
7 9 31 37
39 8 25 46
40 14 33 22
42 20 33 10
19 23 7 41
27 10 49 7
40 15 8 25
18 5 33 45
8 4 22 35
31 18 42 7
13 7 16 27
12 7 40 33
11 40 1 24
40 15 35 22
43 13 20 17
17 42 40 40
30 0 16 17
8 35 43 37
32 3 38 39
43 13 40 39
8 33 5 6
16 1 3 37
40 39 17 36
19 4 13 26
18 2 39 39
29 21 36 8
45 27 31 31
31 5 30 15
26 21 32 3
47 5 40 28
28 21 45 39
15 43 34 46
24 10 24 25
33 38 12 31
44 10 13 45
6 34 31 41
46 32 49 2
39 38 18 0
40 9 27 31
12 36 42 22
6 32 18 31
3 18 8 32
13 5 15 13
17 9 16 39
32 26 31 5
35 27 22 32
43 10 21 27
41 32 43 14
35 11 39 20
1 21 12 14
13 34 41 28
27 45 39 42
10 0 45 41
13 3 14 20
44 6 18 40
17 4 38 37
41 35 45 39
28 22 43 33
44 8 34 0
40 13 38 41
29 17 13 29
38 12 19 42
13 12 13 35
41 43 36 36
49 19 12 39
28 16 11 28
11 31 5 9
27 28 3 6
37 39 40 26
13 5 42 3
46 19 26 28
27 39 24 11
39 15 33 41
40 36 30 4
38 17 48 38
38 41 24 43
47 14 8 33
11 38 47 48
41 43 27 13
34 7 14 40
18 37 40 39
39 26 48 11
7 10 41 28
31 9 43 4
34 11 48 21
10 6 46 8
25 29 33 26
24 17 6 5
42 8 45 37
32 18 26 26
9 2 40 11
33 8 28 41
41 19 47 18
6 36 16 22
20 13 21 46
22 36 44 48
33 18 33 25
32 25 18 18
43 28 14 41
29 4 37 9
40 15 26 36
13 44 43 49
42 7 29 16
43 13 28 40
41 25 32 13
36 2 24 36
34 17 29 38
26 43 39 32
25 15 37 41
36 10 29 40
13 2 49 39
35 9 22 17
32 11 44 6
39 8 4 31
29 26 48 32
12 42 46 37
4 28 34 3
20 40 17 37
41 18 33 32
44 19 23 39
32 10 38 40
8 4 29 15
9 32 1 32
46 34 36 3
29 6 21 45
31 11 14 19
45 22 42 37
13 45 28 43
14 7 42 44
34 11 47 30
41 6 43 45
34 6 46 28
42 25 17 45
33 3 49 22
41 20 48 12
16 0 17 39
48 20 32 1
40 18 15 44
37 35 43 33
29 23 39 41
10 38 32 10
14 5 43 27
37 38 48 0
23 26 14 14
25 12 9 21
37 35 49 33
36 7 45 49
41 38 47 34
18 46 31 34
29 6 43 47
33 39 18 48
40 36 31 34
25 25 16 25
36 40 15 17
36 11 30 39
5 44 41 32
34 11 29 30
25 15 28 32
42 11 41 39
24 7 40 38
39 14 7 43
36 38 12 9
28 4 15 46
19 10 41 35
34 10 38 42
34 6 28 18
26 23 44 27
21 18 1 4
19 1 48 43
34 12 45 41
2 18 26 32
34 17 12 32
32 11 20 38
41 17 21 42
38 13 17 2
39 21 31 1
13 4 22 38
42 11 35 41
39 36 17 16
17 6 30 20
38 36 33 42
31 28 34 33
10 2 39 38
15 4 37 3
44 16 30 38
38 36 44 38
23 6 34 37
49 16 31 48
27 10 39 43
36 36 18 42
43 38 13 21
44 12 23 44
34 6 16 42
46 1 34 21
37 21 25 49
25 28 34 11
11 31 30 37
34 15 23 32
47 13 36 39
20 41 1 43
27 48 12 34
44 38 46 47
15 0 10 23
18 46 0 8
35 16 20 6
39 7 15 31
17 43 11 17
37 10 39 35
9 12 19 35
37 22 34 45
47 7 41 42
38 5 41 30
6 0 11 36
36 23 43 26
34 21 7 49
34 3 48 1
45 13 37 41
40 20 31 7
11 3 29 2
17 2 44 34
44 16 0 23
27 19 44 46
33 15 34 32
31 5 38 0
45 12 26 13
29 19 49 35
7 1 42 15
40 16 20 44
45 19 1 22
28 15 33 34
14 7 20 34
23 32 41 13
43 6 28 39
7 46 36 34
20 31 38 37
16 4 20 26
37 16 46 38
46 26 29 47
6 46 21 43
14 46 18 35
14 9 17 28
37 37 41 27
31 4 1 40
31 14 34 25
44 13 34 44
13 43 14 13
29 7 42 16
46 7 37 4
5 45 44 36
40 18 7 33
35 24 27 34
40 6 40 49
47 9 31 44
14 39 36 42
6 32 17 40
39 23 12 37
40 3 40 38
47 24 31 31
41 16 34 38
16 37 34 32
43 15 39 35
4 49 26 19
49 9 18 33
41 34 32 4
35 11 11 22
30 12 30 45
46 17 0 15
42 11 13 39
43 5 38 37
33 41 2 26
13 45 25 3
15 43 34 35
5 42 46 4
9 40 39 43
21 9 9 44
36 6 27 47
1 19 29 43
6 34 47 5
22 49 36 35
39 40 21 40
10 3 40 48
7 38 24 42
39 27 41 13
37 21 2 21
26 14 43 36
28 5 36 0
37 1 33 48
26 1 10 26
34 0 41 4
32 21 27 33
34 4 39 39
44 23 24 0
26 43 25 30
27 43 33 21
6 3 10 16
25 18 18 26
10 30 2 14
43 20 21 32
31 17 12 34
40 38 23 39
40 17 20 49
15 1 3 38
36 12 20 41
23 8 46 6
30 4 42 47
42 20 37 39
39 17 1 4
38 17 43 34
35 21 39 43
32 10 25 48
13 6 32 4
36 10 41 27
6 34 26 47
20 15 29 38
40 19 18 18
18 0 43 47
32 15 36 30
36 5 11 13
20 22 1 42
14 46 22 34
30 24 35 26
46 16 40 48
46 9 24 20
45 2 42 40
45 40 41 30
14 0 45 6
41 7 28 23
37 20 38 2
42 36 3 19
41 12 20 47
42 7 32 44
24 22 4 49
6 35 15 27
14 41 21 45
5 7 38 29
19 5 35 34
8 34 30 0
34 26 21 49
19 2 36 33
36 33 7 46
47 20 19 33
13 23 48 23
48 7 24 7
24 31 38 40
32 29 41 37
39 11 33 38
26 2 29 40
22 31 43 35
20 2 28 28
34 19 18 4
17 38 16 7
48 7 7 3
16 3 9 40
12 5 15 19
24 14 49 38
28 19 17 42
38 18 33 39
46 17 41 39
6 30 38 44
36 2 49 38
41 34 39 48
16 8 8 15
36 9 15 44
29 21 15 32
35 20 48 44
18 10 47 37
45 17 35 46
22 0 19 34
12 25 14 35
12 4 28 37
33 11 47 39
35 2 38 23
33 25 10 29
42 13 16 45
41 43 31 8
1 25 0 29
7 41 2 28
24 34 45 32
36 21 38 44
40 40 1 25
22 28 26 29
41 12 22 29
39 10 27 24
24 9 37 43
20 6 17 33
8 44 12 43
2 31 7 23
31 24 29 35
41 1 24 34
29 17 37 46
35 16 12 34
23 23 7 9
47 10 43 35
11 45 22 35
39 22 10 23
34 6 37 44
37 32 5 33
35 20 47 5
5 34 37 47
28 0 22 38
2 33 47 38
26 22 29 44
31 41 20 29
42 24 42 12
37 38 30 43
41 36 36 13
6 32 20 3
37 24 47 4
38 2 43 47
32 7 0 34
8 13 34 29
21 33 6 34
17 36 36 32
2 29 43 49
13 42 28 30
34 8 38 31
14 34 20 45
17 11 32 27
19 9 18 42
37 6 7 27
38 34 16 21
32 3 40 27
22 7 47 15
23 31 25 23
41 8 37 10
46 5 21 43
37 18 40 30
13 6 45 41
29 27 41 38
8 1 35 38
35 6 34 15
29 5 47 39
14 4 7 26
34 15 26 34
48 26 29 26
2 24 34 8
32 13 28 45
40 39 23 38
21 43 41 16
7 1 26 34
13 38 38 39
7 31 47 26
37 13 31 1
36 20 2 42
5 11 32 5
26 49 41 41
10 10 45 37
13 38 10 26
24 32 40 4
25 30 34 44
6 33 45 12
31 38 42 41
13 5 34 20
22 10 40 44
10 10 38 42
38 36 31 3
42 12 15 35
46 0 22 40
25 3 13 47
39 9 43 44
36 18 38 10
39 19 25 35
28 6 26 15
19 18 18 22
9 32 6 10
8 2 39 46
24 10 34 45
37 9 24 18
46 16 10 37
39 12 34 49
16 32 2 26
23 8 25 3
16 4 44 41
31 16 28 1
45 8 47 39
33 14 45 40
33 21 23 9
12 2 19 42
39 1 37 23
24 13 34 33
37 5 30 37
11 2 3 22
40 35 39 25
14 32 49 44
42 33 12 41
29 12 21 46
23 41 11 16
17 5 45 28
33 34 29 31
46 16 45 41
24 7 27 35
26 13 30 33
8 3 24 8
23 3 23 31
37 15 48 17
16 7 46 48
30 8 35 5
34 38 35 2
37 7 11 34
20 33 16 34
30 14 44 48
15 38 10 44
30 20 6 21
12 8 36 38
35 18 29 43
31 41 13 29
24 12 41 29
35 12 23 46
39 15 11 32
16 29 37 13
42 36 19 36
39 13 34 46
14 20 0 24
19 23 9 26
24 17 38 10
41 21 47 36
8 3 39 5
2 31 6 40
37 7 48 40
40 42 29 42
10 3 35 6
35 1 6 32
46 4 31 3
42 6 44 43
12 45 40 27
1 33 41 12
18 37 46 32
36 19 21 6
32 2 46 27
41 15 32 17
7 46 18 36
48 17 15 13
47 9 48 33
17 9 39 47
32 20 37 29
37 38 23 34
13 6 49 11
41 7 39 32
34 15 45 3
40 6 47 4
47 24 21 2
17 5 1 20
42 4 33 33
7 30 35 37
35 37 41 19
28 27 36 30
10 1 39 26
17 47 23 42
35 13 14 5
34 4 29 26
24 1 33 24
33 13 46 30
44 8 49 17
36 18 22 12
48 11 46 43
35 8 37 49
1 43 31 40
34 19 40 2
43 20 21 44
12 9 25 49
17 22 28 39
40 18 27 38
23 32 12 32
40 37 30 6
9 6 36 25
35 10 10 31
39 35 38 48
16 47 28 45
17 0 18 12
40 20 46 48
28 14 41 42
38 8 24 5
44 13 39 29
17 27 12 49
5 31 32 35
8 8 22 19
22 35 35 40
34 5 49 16
38 19 39 41
39 7 11 42
48 14 4 15
33 39 42 37
39 16 39 7
20 32 25 46
32 12 39 24
10 14 18 41
18 11 11 37
42 6 42 30
39 35 31 41
15 47 35 1
15 8 8 31
40 20 36 41
8 28 33 31
29 28 48 10
34 7 23 24
37 39 43 0
47 20 15 38
37 38 2 18
31 2 37 3
40 5 35 42
39 37 17 29
36 35 35 30
10 13 40 0
3 21 38 32
25 19 42 11
38 8 18 36
12 45 17 6
29 0 33 47
39 1 34 47
40 9 19 43
13 4 48 33
39 2 32 41
37 30 38 42
40 37 15 26
