50 563 15362 800
15 30 19 29
43 38 7 18
24 4 8 14
23 30 21 49
43 42 0 31
16 25 13 35
3 20 15 33
43 17 31 45
18 29 13 33
10 20 0 24
2 33 32 4
35 9 5 25
9 38 4 12
21 20 14 16
6 22 31 32
16 24 3 22
16 6 0 24
6 14 3 22
36 26 12 34
32 11 16 32
8 11 4 23
22 26 4 22
43 35 0 22
9 49 1 15
38 16 0 25
42 38 5 26
10 16 5 28
29 11 20 14
14 33 5 20
30 0 12 34
27 41 11 15
34 19 0 21
28 35 11 36
8 21 1 22
10 25 13 34
12 15 4 26
11 14 13 35
22 23 16 33
14 20 3 31
18 7 16 32
31 40 0 24
39 30 6 25
18 36 28 13
20 15 7 25
10 15 3 23
37 35 11 31
6 21 1 26
10 19 14 21
10 12 2 26
18 16 13 6
34 30 2 24
45 39 27 13
16 24 15 35
20 40 12 36
8 15 4 0
19 40 14 33
43 36 3 23
10 15 3 26
3 8 27 8
13 12 1 27
30 5 1 26
8 14 42 47
8 25 9 31
46 37 1 26
49 31 1 27
19 45 9 32
2 15 4 21
24 44 0 26
16 22 14 38
22 26 12 36
12 11 12 31
2 21 10 35
16 12 29 38
8 11 9 35
27 43 3 21
17 31 3 24
11 37 8 34
31 26 2 24
29 4 3 27
37 5 10 24
33 37 13 39
19 33 0 26
49 38 12 33
32 44 0 24
24 41 40 4
18 7 32 37
26 28 2 23
24 36 1 19
22 13 3 23
9 21 41 36
7 17 14 32
15 38 3 28
44 33 13 34
30 10 24 10
9 19 14 35
20 34 2 26
16 24 16 11
34 39 2 21
31 45 4 22
32 21 12 34
15 28 8 31
45 36 0 30
11 17 26 15
17 14 26 13
17 26 47 36
42 21 5 24
20 9 14 34
29 13 47 42
19 0 1 17
37 29 16 33
42 38 1 27
25 30 14 34
11 37 2 19
5 34 4 11
15 21 4 28
23 43 11 20
11 36 1 25
13 3 1 22
20 42 13 35
33 17 13 32
7 34 14 23
18 38 9 20
37 26 0 26
11 12 27 9
24 38 11 33
14 44 3 23
21 19 15 10
3 33 2 23
11 17 2 26
41 34 11 35
15 35 0 25
10 11 49 42
44 36 8 6
41 38 2 22
13 24 15 13
6 10 3 23
15 31 40 37
21 39 3 14
9 8 20 0
38 10 1 27
10 17 5 24
42 35 0 27
33 5 0 25
28 42 31 27
17 13 1 24
13 24 13 35
3 19 16 24
37 34 1 25
35 8 2 27
49 34 0 20
11 15 15 8
20 12 0 26
25 31 22 15
15 24 11 32
12 36 26 6
16 40 23 11
39 2 12 32
22 38 4 27
48 9 2 31
9 16 5 5
46 38 2 28
21 37 0 26
6 12 6 24
43 41 2 25
19 2 19 13
43 40 15 33
11 16 4 26
35 34 14 35
23 19 2 25
14 9 20 32
18 38 1 26
21 36 3 23
15 43 9 32
45 36 5 25
17 34 16 25
9 32 12 34
18 9 16 18
8 20 10 36
16 34 11 34
20 39 2 24
18 35 4 26
43 41 4 28
16 27 23 14
12 21 1 22
47 20 19 9
39 10 4 20
43 37 11 34
37 27 10 32
8 27 5 41
1 12 11 8
4 16 13 31
47 38 3 21
3 13 9 17
9 17 0 24
23 5 11 35
16 35 2 21
1 17 15 34
25 14 5 23
20 24 29 33
22 37 14 33
38 17 44 49
5 13 4 23
18 41 4 27
42 36 3 26
23 42 4 24
22 14 2 12
26 30 10 34
10 41 27 8
1 14 12 20
14 18 2 1
6 15 26 18
43 37 6 27
24 26 6 23
13 18 13 30
19 9 3 28
19 39 11 33
49 5 39 40
27 35 10 32
31 31 13 34
27 35 6 26
20 35 11 38
44 37 3 22
37 11 0 22
22 23 12 32
19 8 31 42
22 17 2 22
8 24 30 37
25 32 1 28
18 27 4 29
16 45 4 25
40 16 4 18
16 23 13 27
16 20 14 33
47 7 27 19
10 16 13 33
21 28 1 24
36 4 15 20
44 36 1 25
14 42 36 44
22 25 10 36
43 37 2 25
5 17 6 22
31 19 1 24
6 28 1 28
18 28 28 10
25 41 1 23
17 3 16 33
27 16 3 22
46 33 14 36
12 20 7 28
29 26 13 35
25 40 4 22
37 13 3 20
23 38 0 28
18 33 10 34
9 11 2 25
36 47 12 31
25 38 2 24
10 20 31 6
26 6 22 10
21 14 10 18
13 34 16 32
5 18 17 4
16 36 11 32
11 12 2 23
22 29 21 4
16 33 1 25
22 48 0 24
21 24 9 35
42 35 2 24
11 42 11 30
42 40 3 19
32 18 12 32
6 19 2 25
31 47 1 23
14 16 12 37
20 19 12 33
12 23 29 7
35 38 2 25
17 45 2 19
15 7 16 34
15 15 3 20
15 31 27 28
31 12 14 33
8 15 0 24
16 35 1 24
3 16 6 26
14 24 15 36
35 9 11 36
30 7 46 48
11 18 15 21
26 49 1 23
32 9 22 12
4 21 2 27
22 17 14 33
16 19 9 34
46 41 0 24
17 38 9 19
17 21 2 25
5 17 49 28
25 9 9 31
31 10 13 35
16 17 0 25
26 5 25 14
28 45 12 31
12 14 45 44
9 39 14 35
45 39 12 34
33 24 4 24
46 4 2 28
40 22 14 32
21 34 13 35
20 38 15 35
18 38 18 9
28 40 2 22
43 21 4 20
10 11 0 24
14 16 0 43
24 22 40 33
39 48 12 33
22 16 12 31
42 41 18 18
13 40 1 25
43 37 2 28
13 38 2 25
25 15 2 26
19 20 8 19
36 30 6 23
17 40 9 35
48 36 0 23
2 13 15 34
19 17 11 31
33 45 45 37
4 15 11 20
39 37 12 32
16 20 2 23
19 41 2 24
22 40 37 44
18 29 12 37
4 16 5 8
31 28 13 31
6 19 22 20
8 17 0 20
28 20 23 13
20 36 27 5
5 9 1 23
43 36 21 14
16 19 33 34
35 36 24 8
36 21 13 35
43 35 14 32
20 34 5 15
49 8 20 0
42 38 3 29
23 34 44 35
43 18 3 23
40 14 3 26
26 15 2 27
20 39 0 21
19 10 1 28
17 26 5 19
7 35 12 34
17 44 8 6
22 11 6 21
22 39 3 20
32 0 1 24
45 35 14 32
46 33 9 10
28 35 13 32
35 15 2 30
9 44 11 35
7 7 17 36
22 11 14 31
48 38 10 34
11 23 27 21
4 27 1 25
18 24 0 25
45 42 1 23
20 0 33 44
12 11 3 30
6 10 1 25
24 27 40 37
18 14 19 30
36 19 3 20
18 20 2 33
11 37 1 25
1 18 9 23
14 15 5 24
23 33 16 21
39 27 25 14
47 39 1 28
9 17 11 25
18 40 2 24
19 46 27 9
14 19 0 21
41 35 12 33
21 6 23 19
26 1 13 31
26 22 12 30
9 13 0 25
41 41 12 35
7 8 0 20
23 34 3 28
17 23 24 6
15 1 3 26
19 5 11 26
18 41 10 33
42 0 3 22
45 49 0 29
6 20 2 26
11 22 30 39
29 2 11 38
24 39 7 20
47 37 11 36
12 42 14 33
24 31 14 34
8 19 6 22
9 22 1 25
28 12 3 21
21 37 3 20
22 34 12 37
26 47 4 24
7 18 0 27
2 26 4 30
30 35 11 33
4 8 15 27
14 38 7 27
9 23 1 25
8 19 25 1
24 19 1 24
37 39 1 32
45 34 3 24
29 45 0 26
13 34 19 20
38 6 1 26
40 12 15 36
21 0 3 29
17 24 15 32
9 48 4 21
6 16 2 24
32 19 28 5
31 28 4 36
29 41 7 25
17 8 0 28
41 38 16 13
18 41 33 11
4 12 5 26
17 31 26 21
7 29 17 31
6 10 13 33
13 17 11 9
36 4 2 20
10 13 5 28
27 37 3 24
14 41 3 25
34 20 9 28
25 32 2 28
34 40 11 32
18 35 2 27
5 14 4 25
36 20 27 25
35 39 42 35
44 38 2 23
45 18 4 25
6 14 13 35
34 21 1 27
4 20 12 32
41 40 20 35
33 25 25 12
13 7 2 26
26 23 4 6
17 15 0 22
24 41 17 13
46 35 5 23
10 11 1 27
17 34 14 29
8 16 2 24
14 15 8 31
25 32 4 24
33 32 3 29
26 38 13 31
4 16 42 23
27 16 3 26
35 6 1 28
15 30 0 23
5 20 33 7
10 23 2 27
17 28 22 48
39 48 3 26
7 35 2 26
36 20 41 46
9 18 4 25
6 17 2 27
23 38 13 32
20 18 1 27
8 15 0 25
31 13 3 29
11 17 2 22
14 11 22 44
45 8 4 26
19 40 25 26
11 40 4 23
18 29 5 28
10 38 2 25
7 16 9 34
9 17 13 46
9 10 7 7
46 34 8 25
5 14 23 10
22 27 14 15
22 35 0 25
47 34 2 24
10 32 13 7
12 31 18 8
32 20 14 34
19 29 14 35
7 8 0 23
15 20 1 26
18 30 4 30
12 32 2 26
13 15 12 36
25 19 39 29
29 6 12 33
6 11 14 4
21 30 10 14
20 33 35 38
10 22 2 25
20 32 12 32
14 3 0 27
38 33 5 26
0 37 5 25
45 33 13 33
14 22 0 20
17 39 28 2
12 12 1 27
44 38 15 34
44 38 3 25
11 8 2 24
25 33 20 6
26 32 2 30
28 30 11 31
17 33 3 22
40 6 1 24
11 42 12 37
15 34 3 17
4 21 15 3
23 31 26 25
27 16 33 15
25 0 10 33
13 20 11 33
11 14 1 24
31 37 26 24
41 10 2 28
35 39 48 45
47 13 2 24
14 46 8 30
1 39 14 7
18 33 12 31
11 7 24 11
46 40 13 32
33 37 12 31
14 37 0 23
21 23 10 35
