50 987 17876 800
44 17 10 14
6 13 31 0
15 42 21 23
31 34 13 20
4 19 38 38
2 11 6 1
15 40 28 20
1 19 22 2
14 36 10 25
46 43 6 22
46 16 10 8
44 5 37 9
34 22 9 17
25 20 35 42
4 11 19 14
5 4 21 0
40 33 2 35
45 42 32 1
44 19 40 39
47 25 35 37
23 29 34 15
19 14 29 14
26 31 5 2
13 40 33 36
24 37 11 10
43 47 18 14
17 20 36 41
43 25 43 4
35 31 11 19
14 48 6 16
47 20 9 6
12 21 12 6
5 27 9 16
23 19 4 7
30 40 40 2
1 23 7 4
0 9 1 0
21 20 43 46
3 25 36 46
10 29 33 44
3 16 4 5
13 30 14 24
40 36 43 2
47 6 16 5
0 40 19 31
23 27 29 6
47 21 26 27
37 10 31 46
47 2 7 40
44 42 37 40
47 18 26 14
27 28 3 13
28 17 13 13
25 31 15 24
3 10 29 38
24 40 4 38
31 9 23 10
42 19 31 0
25 37 3 1
7 10 2 3
35 12 3 27
13 33 11 21
16 25 1 0
41 38 17 3
0 28 31 18
32 18 37 43
3 11 11 23
19 24 17 18
17 38 30 48
17 24 13 5
19 31 0 42
21 35 7 35
23 28 27 8
44 2 5 16
38 35 32 48
44 40 29 17
21 27 28 38
35 34 3 4
35 44 19 24
31 12 36 38
19 20 27 46
43 36 22 4
43 0 13 12
42 30 18 2
20 13 15 35
17 18 25 20
17 22 1 0
2 7 18 0
17 44 4 1
20 25 30 42
43 9 32 44
24 24 10 16
16 20 8 3
2 9 13 15
34 21 10 6
15 35 1 9
37 10 33 43
18 38 15 33
11 30 34 39
22 25 37 10
39 32 30 8
38 20 13 16
5 18 20 28
14 27 15 6
27 26 36 46
14 37 31 40
17 26 27 7
26 35 19 3
22 31 9 37
36 37 22 14
11 0 34 40
10 35 0 9
11 40 4 17
15 37 30 31
31 26 3 35
13 32 26 3
6 11 23 4
45 30 7 11
22 35 7 26
17 29 8 21
35 14 36 43
25 25 24 13
46 27 42 47
28 7 3 2
11 33 23 4
16 18 0 12
37 21 15 24
7 16 8 10
19 44 28 45
44 40 31 32
37 32 7 5
39 5 1 5
22 26 31 5
35 27 40 32
9 5 17 28
13 6 7 18
17 14 20 18
24 23 12 23
29 10 3 29
34 30 8 18
43 25 24 39
33 33 14 27
30 49 27 27
24 31 9 1
14 35 27 12
15 29 19 14
10 19 2 2
28 12 31 48
16 32 10 14
7 17 22 28
20 36 21 26
23 32 3 2
27 15 1 18
28 32 8 11
21 7 32 27
19 25 35 47
34 10 4 27
44 37 2 3
31 19 22 7
26 44 0 7
16 29 6 9
23 40 4 2
19 35 31 14
15 25 14 42
25 18 31 36
24 28 16 11
43 34 14 24
32 30 10 10
27 18 6 36
12 28 26 23
17 35 3 4
5 17 9 18
32 16 0 36
46 39 9 34
40 46 10 13
25 1 10 16
23 14 28 8
8 17 16 0
43 49 38 49
29 18 2 41
1 21 5 5
19 32 0 0
27 1 8 18
41 42 27 2
32 42 23 7
34 41 14 9
25 22 25 14
21 28 3 16
15 27 0 3
21 21 36 38
19 24 1 19
22 19 12 14
41 8 28 37
11 22 1 11
21 19 1 4
39 29 11 4
1 25 29 7
34 32 35 47
20 36 15 14
41 29 32 10
9 43 26 48
32 40 6 15
28 37 4 5
20 29 12 2
46 31 31 36
26 33 33 11
32 37 27 18
21 23 20 13
23 23 22 33
23 23 2 38
40 43 35 45
39 26 24 25
2 5 17 7
35 36 19 26
16 18 14 4
34 35 27 43
37 48 16 21
25 12 33 45
40 28 0 33
45 15 31 9
41 34 16 6
24 7 20 6
17 33 5 7
8 15 14 17
42 0 1 26
8 9 30 6
13 48 2 6
37 34 6 1
18 30 14 8
36 44 26 5
42 15 28 3
22 21 12 5
16 34 3 44
42 44 31 38
21 24 30 9
47 41 28 39
21 21 36 45
5 15 24 17
31 40 35 46
28 47 37 7
20 25 29 20
15 49 23 4
11 33 0 12
30 37 38 45
47 34 6 0
21 24 7 2
16 22 37 8
24 28 14 7
9 8 17 2
13 34 42 44
24 20 18 31
47 28 9 17
36 35 0 36
36 44 28 15
19 33 26 43
13 37 0 4
40 32 6 13
3 14 42 43
37 2 31 39
43 38 27 26
43 8 23 28
20 17 38 3
22 21 11 8
21 28 22 15
8 30 20 7
1 39 25 2
35 26 13 19
3 18 30 10
26 28 15 8
41 29 9 33
39 34 39 47
35 42 41 45
9 39 11 1
16 32 4 14
41 23 12 17
24 41 12 12
4 21 1 15
11 21 30 46
44 34 2 12
42 38 37 47
34 41 1 31
22 40 11 36
14 38 0 5
36 16 30 45
17 28 15 39
27 23 8 21
20 27 22 19
7 34 29 12
34 5 8 6
36 22 25 7
27 18 13 16
6 31 27 10
22 38 48 45
46 22 2 3
24 23 17 6
39 6 38 41
34 32 0 16
46 41 19 6
29 14 12 1
46 28 16 16
11 34 10 3
2 15 7 9
24 14 15 26
31 35 25 45
36 45 28 9
12 34 8 7
23 23 8 32
14 32 33 5
44 21 3 11
33 45 25 7
19 26 16 8
12 20 25 6
26 27 36 37
11 31 26 28
34 10 8 19
0 0 45 42
34 20 9 2
13 35 13 22
15 24 4 1
21 25 33 8
27 20 10 31
27 6 4 11
1 21 36 40
47 1 5 8
30 25 27 13
31 23 30 46
23 25 36 42
4 26 14 27
10 27 35 49
20 36 2 7
15 43 29 47
24 23 1 1
31 23 37 17
37 21 27 4
21 36 39 11
21 26 31 9
27 21 32 33
28 28 21 43
17 24 35 28
4 36 9 49
46 48 6 9
11 35 7 33
18 17 24 8
19 32 4 8
44 43 22 19
33 36 13 0
13 37 10 7
28 11 15 28
23 27 41 11
26 28 4 13
18 28 2 5
15 41 13 3
47 34 24 18
18 12 11 3
40 32 8 12
13 22 36 2
43 1 0 14
33 14 11 39
17 25 1 13
47 18 32 43
28 37 30 12
16 18 1 43
21 20 38 48
11 29 10 7
7 0 8 16
33 44 24 7
2 10 16 16
41 35 24 19
13 27 9 11
31 32 6 2
3 10 7 15
23 34 15 18
6 30 31 19
38 17 39 44
13 28 1 9
28 27 5 23
20 30 49 23
47 39 26 0
17 25 22 18
4 9 30 9
27 23 21 0
21 19 5 10
34 24 1 38
14 6 7 30
13 33 32 49
34 11 38 38
19 31 23 12
15 25 22 37
31 45 16 12
47 35 41 47
8 11 42 38
5 22 6 35
36 48 20 0
39 29 15 25
27 25 15 24
37 11 32 44
2 24 15 2
14 23 23 22
35 12 4 37
10 21 10 5
42 41 36 39
40 22 31 49
46 18 15 14
33 29 7 20
11 20 1 18
43 25 26 32
19 28 13 26
15 14 32 6
44 36 22 5
48 41 34 43
19 32 3 9
17 13 18 24
30 18 5 0
22 35 22 1
22 37 33 23
5 7 15 33
13 37 35 14
10 36 15 13
21 14 4 2
19 20 9 7
30 1 15 0
46 3 2 7
9 11 10 4
13 23 29 48
32 12 30 18
31 15 22 9
13 22 30 47
17 23 20 41
26 14 4 2
16 33 38 44
21 30 0 2
13 39 2 3
11 31 32 2
29 36 11 13
10 31 30 19
6 22 29 31
34 29 16 33
16 35 4 13
15 34 31 46
11 40 10 25
46 33 11 18
36 20 13 14
33 32 6 1
38 42 34 6
42 38 0 10
10 43 12 8
31 22 5 0
1 20 10 30
37 38 13 22
35 44 17 33
31 24 26 44
19 20 11 11
40 46 34 41
29 20 30 4
39 21 8 24
3 23 8 0
25 19 15 16
3 16 28 10
41 33 1 1
30 43 31 48
17 27 8 18
40 39 34 47
20 29 18 8
17 18 28 9
41 37 2 33
11 24 28 41
11 7 35 36
27 17 16 33
22 37 15 29
34 15 35 48
37 17 38 43
37 13 6 4
23 35 0 33
44 36 39 6
11 15 32 44
13 31 16 6
28 11 8 38
36 36 33 47
41 36 26 1
35 25 5 17
31 44 9 5
42 17 8 28
31 41 14 0
43 29 0 13
35 15 10 8
1 33 27 28
48 20 32 46
37 13 7 3
44 26 10 21
41 38 13 15
47 37 10 11
19 33 8 28
17 32 37 41
39 31 32 45
31 23 22 14
45 35 14 1
21 25 8 29
39 46 5 34
20 32 25 4
12 25 0 17
31 30 26 1
4 24 4 8
18 34 15 13
34 41 30 27
41 36 30 4
7 21 1 1
35 16 29 19
2 44 6 28
14 33 7 2
30 47 27 18
18 19 3 18
23 22 7 29
27 21 34 5
17 6 30 7
20 31 29 24
47 7 20 27
26 17 37 17
29 39 16 5
0 10 1 29
26 16 4 5
7 24 9 15
9 5 14 14
41 30 19 11
15 18 16 1
18 19 3 10
22 24 3 7
19 28 2 6
24 35 3 3
7 41 15 47
44 32 37 41
30 32 34 3
28 6 13 20
48 5 31 18
39 8 21 4
4 4 37 25
43 41 24 15
1 23 11 14
32 40 1 29
43 34 16 7
28 12 11 32
23 28 5 34
35 40 1 32
6 16 21 4
34 14 31 42
22 43 2 5
35 42 10 0
46 28 0 34
9 27 1 45
41 45 20 21
46 32 3 34
43 21 11 44
25 28 34 37
6 9 5 30
22 36 4 15
26 15 26 45
17 40 29 12
4 48 37 44
35 38 2 21
0 23 39 37
20 24 12 19
17 35 28 14
42 38 5 2
13 23 7 5
13 34 0 10
44 33 37 45
38 4 36 41
40 11 9 21
16 19 24 2
28 26 2 14
28 36 9 3
16 39 0 11
17 35 15 22
15 22 28 19
20 41 6 7
39 41 6 17
24 32 25 14
22 47 34 38
30 12 15 27
14 23 27 11
45 35 36 46
18 28 9 37
31 25 31 48
41 11 5 29
29 23 40 41
15 22 29 29
0 11 26 32
34 15 35 6
26 23 35 35
19 26 9 2
19 35 4 28
33 37 25 9
16 44 13 5
39 34 13 6
38 14 26 1
23 21 25 6
20 25 28 40
28 17 17 18
3 27 3 17
21 41 31 11
37 12 12 8
22 43 4 7
28 41 13 14
41 21 12 10
37 29 12 1
14 20 38 46
20 20 6 2
29 35 6 1
18 30 23 9
17 30 24 13
18 27 6 17
11 31 8 4
20 25 20 17
12 44 22 27
18 14 29 11
16 34 19 28
36 38 14 11
38 32 33 46
9 32 35 40
16 35 1 10
9 41 36 34
11 9 6 1
41 43 47 34
38 35 11 10
21 25 7 28
18 32 1 33
34 47 14 19
6 20 6 3
32 39 41 48
36 43 7 17
4 2 12 2
34 22 27 1
23 22 0 10
32 22 7 27
19 36 40 3
26 22 31 37
20 18 0 41
36 43 9 1
25 18 13 3
24 24 6 17
37 46 5 22
31 14 1 1
39 38 36 44
14 32 8 8
13 36 31 43
5 16 8 10
12 33 7 4
48 23 0 15
2 9 37 46
37 2 13 34
2 43 12 11
6 36 7 9
24 15 36 48
48 34 30 6
26 41 10 22
12 31 8 14
48 26 19 10
34 32 23 12
23 34 10 34
13 30 30 4
41 36 28 41
33 21 6 24
8 18 30 20
8 36 4 38
18 19 19 6
42 38 15 13
8 13 21 5
19 22 7 10
39 37 6 22
4 26 29 37
8 25 24 12
6 25 27 3
23 19 2 13
26 41 14 6
38 37 3 31
5 35 39 40
48 31 5 14
29 30 3 26
36 30 24 31
26 27 15 29
5 20 3 0
21 44 25 7
13 32 6 9
31 31 19 30
40 21 6 4
13 16 37 44
14 35 17 8
43 36 44 45
5 13 15 32
35 35 8 13
39 38 8 10
10 39 2 20
13 27 12 48
31 26 6 14
13 31 7 15
12 8 3 19
26 23 6 4
13 28 0 9
32 39 8 2
27 28 40 42
31 29 9 36
39 40 38 45
2 10 3 4
32 23 26 2
42 38 12 29
44 7 30 37
3 7 2 12
30 20 4 11
31 32 20 7
38 39 18 40
3 22 27 47
2 40 11 34
34 39 10 4
33 5 9 39
27 16 1 36
36 43 12 10
36 16 8 14
12 49 26 45
23 34 6 12
2 23 12 11
34 35 4 22
16 43 33 9
27 31 14 18
18 33 17 28
27 29 21 18
34 30 23 35
22 26 22 9
48 49 12 10
24 24 5 21
39 23 0 49
39 39 32 45
28 35 33 49
1 37 32 27
49 47 3 21
43 45 7 1
23 23 3 4
16 35 26 45
28 45 36 48
41 8 3 7
18 20 28 32
18 21 7 7
24 39 11 22
40 29 3 5
1 11 15 5
22 47 25 12
30 23 17 15
2 13 9 21
21 28 32 37
20 27 17 17
30 27 18 22
37 23 5 16
39 16 12 17
5 13 35 9
48 35 11 7
36 31 4 8
11 34 43 46
28 19 37 12
14 47 3 13
30 43 39 38
27 14 12 0
17 10 32 7
33 36 34 31
41 17 11 28
14 49 45 45
26 20 10 29
40 33 25 32
26 30 1 10
0 21 9 26
3 23 15 23
41 37 9 35
25 24 37 43
24 30 7 23
26 30 37 36
8 16 22 16
32 45 11 30
49 43 27 7
4 46 11 26
31 23 36 39
0 10 36 47
25 36 3 1
42 32 7 21
30 44 8 12
43 20 31 47
43 17 39 13
2 19 2 8
3 11 1 2
2 10 7 27
32 42 13 25
9 21 35 3
27 32 17 17
42 32 35 48
17 36 19 9
3 12 29 47
22 44 32 3
41 2 12 33
44 38 33 46
41 27 10 8
23 20 37 46
33 37 4 19
25 27 11 19
18 24 1 8
34 44 15 13
39 31 34 44
14 34 36 36
34 33 6 3
22 24 8 17
18 37 12 4
39 31 27 27
3 12 36 45
25 25 3 37
15 33 26 7
14 35 13 17
1 18 6 13
19 46 27 42
5 8 2 0
25 14 8 3
25 48 5 9
5 20 11 13
46 48 22 38
43 49 37 13
42 6 4 6
24 36 12 35
13 32 5 37
36 6 30 7
43 48 37 5
0 23 4 1
1 20 37 2
31 45 37 4
6 19 7 26
27 21 2 23
16 20 36 46
23 31 10 14
29 23 4 29
43 13 8 13
45 22 11 23
25 24 18 3
27 35 6 1
35 22 40 38
0 26 2 11
47 37 29 11
37 15 12 39
11 14 33 48
48 33 11 13
12 39 33 41
27 23 3 10
11 30 7 33
25 22 27 45
29 21 29 15
30 28 9 31
42 23 18 5
31 8 30 47
21 25 7 32
13 13 43 41
17 36 28 13
44 5 11 2
40 22 7 5
40 31 9 28
40 35 6 6
17 5 4 12
3 9 11 17
17 33 0 1
43 28 9 20
1 25 25 17
26 31 26 37
45 36 5 1
30 29 29 41
44 34 12 40
41 1 20 38
47 37 33 41
15 39 20 40
19 29 5 23
29 21 6 11
12 35 35 47
35 34 9 36
41 19 3 3
16 39 2 29
37 34 24 25
22 28 8 8
20 25 25 8
0 2 24 9
45 45 8 20
24 24 7 33
44 9 34 14
43 3 39 11
0 26 18 26
5 36 30 41
19 23 7 6
48 37 13 6
17 42 17 23
23 3 8 33
44 29 14 32
39 8 0 5
18 34 35 44
3 48 33 47
27 9 14 9
35 10 0 4
6 10 12 13
43 7 23 1
34 39 37 46
14 25 8 6
8 24 3 0
38 34 8 26
33 41 8 20
6 15 35 47
20 25 19 36
44 36 7 23
38 38 3 15
22 21 34 47
19 42 35 45
38 39 38 44
18 39 6 0
29 19 12 14
38 31 2 3
16 19 4 12
47 37 19 20
0 47 36 44
11 48 8 7
39 11 14 33
19 29 25 8
13 30 1 10
24 42 22 29
1 15 28 38
48 41 15 27
30 29 8 16
34 30 13 10
39 46 27 36
44 30 0 11
11 42 8 2
48 46 4 30
22 22 2 47
1 26 4 4
46 6 5 9
31 49 6 12
16 38 1 1
38 29 33 48
30 38 19 32
12 26 38 43
2 4 24 5
30 17 25 26
6 19 1 8
30 22 9 44
18 32 16 41
15 32 36 46
37 30 2 26
22 21 7 5
33 9 0 6
22 30 22 18
22 18 3 0
14 29 34 9
42 16 28 46
13 31 4 48
21 46 7 3
2 8 4 24
14 40 26 45
36 23 5 21
8 46 4 27
18 34 19 7
31 28 24 8
22 29 5 9
35 26 3 19
27 41 15 6
44 47 6 8
22 33 1 22
40 32 16 21
24 31 8 3
25 39 20 17
16 28 37 31
18 24 27 22
12 24 23 4
45 28 21 30
13 30 1 44
19 39 5 1
20 26 18 22
15 25 33 15
1 48 31 41
22 26 1 3
11 32 33 39
24 22 20 34
25 27 0 6
32 4 20 32
26 23 4 7
40 26 14 5
7 10 33 47
3 22 37 46
49 14 5 22
3 3 1 17
18 22 14 29
36 47 30 8
