50 1594 15832 800
0 9 28 42
21 31 8 24
23 30 28 38
15 17 3 20
20 13 43 43
0 16 39 7
20 12 9 32
6 8 2 25
40 23 15 26
7 14 22 42
2 12 36 1
31 6 42 4
11 31 15 26
2 5 12 4
18 25 45 1
30 4 45 3
10 32 7 25
44 7 27 17
9 9 6 29
4 16 7 35
20 16 6 41
25 16 36 12
26 21 4 25
19 15 21 28
27 17 46 5
5 4 17 7
18 18 22 42
7 30 5 17
35 29 31 47
15 6 28 43
39 9 20 29
6 4 19 45
6 29 25 46
33 21 25 34
40 4 22 19
21 13 17 23
41 35 14 40
18 15 31 27
26 29 4 5
26 12 11 21
5 34 31 30
9 13 17 4
32 13 29 23
22 7 6 25
18 19 27 43
21 13 31 49
18 4 8 31
16 36 28 39
11 4 1 35
17 20 36 6
46 5 33 41
30 3 23 37
8 0 33 33
20 26 48 0
15 3 42 46
17 16 10 36
14 10 3 25
27 7 0 38
12 24 7 16
10 16 12 9
19 27 32 40
12 34 22 24
18 21 12 21
15 19 22 41
9 16 23 32
5 8 21 35
16 13 16 41
19 18 24 37
21 18 14 36
14 18 1 37
24 4 8 19
0 15 29 44
7 28 30 32
1 9 37 16
18 16 32 10
3 47 18 25
21 13 31 42
19 19 32 9
11 19 40 43
21 18 19 37
16 2 27 39
19 13 32 37
39 28 22 24
2 48 29 26
0 18 31 35
5 16 14 34
12 2 22 44
35 3 19 22
14 18 34 37
30 18 11 24
21 15 42 2
20 16 18 28
16 7 1 8
17 2 24 22
17 17 19 21
15 17 16 38
24 21 14 49
14 24 2 8
15 0 48 1
13 11 9 45
16 18 4 25
44 4 8 20
14 14 17 6
0 6 7 15
1 16 20 38
35 36 18 12
16 12 29 38
34 3 10 42
40 23 48 2
20 9 12 36
3 27 29 9
35 20 38 7
43 1 30 32
14 21 11 42
17 18 4 22
13 5 14 18
24 9 45 6
7 5 46 1
16 15 1 13
13 2 3 28
43 6 43 14
14 4 7 12
7 33 16 10
13 16 0 37
9 29 22 31
17 19 12 10
18 20 6 43
15 16 31 41
22 20 3 11
12 7 15 37
24 24 6 17
33 14 15 47
5 1 8 25
9 18 6 16
18 20 25 20
18 1 21 33
29 13 21 45
20 2 5 17
10 14 23 30
11 26 29 13
20 15 30 45
9 21 27 26
16 13 28 38
21 11 21 36
41 22 34 33
26 6 14 33
7 4 21 5
23 34 27 27
24 11 32 14
8 8 18 25
12 13 47 5
16 3 10 18
17 21 22 46
4 9 28 42
1 24 23 12
20 31 17 27
2 43 10 34
15 18 7 29
5 7 49 2
1 19 42 0
6 20 23 33
24 2 21 11
17 16 25 24
21 18 47 1
36 11 17 36
13 17 23 31
4 9 11 24
2 17 4 21
21 9 16 22
26 1 19 22
4 8 27 26
18 16 9 24
15 20 27 42
18 21 18 12
23 13 23 39
23 7 27 36
38 27 40 35
17 19 1 15
18 12 12 29
15 26 23 18
10 7 16 33
25 6 45 15
13 14 20 41
4 3 17 39
23 12 43 2
11 27 23 36
9 21 14 28
20 20 4 24
40 8 30 7
11 26 48 7
9 8 31 34
25 6 36 31
19 17 13 41
9 15 42 0
5 6 29 45
37 5 19 34
15 13 40 31
10 9 7 12
19 16 18 24
13 14 36 39
17 3 30 19
19 15 1 35
20 0 5 35
29 15 18 29
7 13 47 2
14 14 22 12
35 28 13 45
39 32 27 38
28 18 22 36
4 13 2 43
10 16 22 38
32 14 27 32
18 33 24 47
21 18 19 26
1 12 4 41
1 11 7 15
5 11 20 39
30 21 11 31
41 5 26 44
1 2 5 24
20 5 34 35
28 9 0 23
2 6 38 42
18 17 24 7
31 27 4 12
1 13 17 35
14 20 5 17
15 22 22 29
18 16 26 27
7 5 23 21
28 7 11 11
19 6 19 35
19 35 3 17
2 0 10 31
14 11 27 29
16 16 29 49
13 22 20 26
20 11 1 9
4 15 13 17
9 46 22 4
17 15 13 14
7 4 30 43
11 16 20 23
11 16 2 42
15 18 4 18
24 6 26 47
7 4 24 47
16 12 16 22
16 18 23 23
9 23 39 34
9 22 9 38
22 4 25 36
17 18 7 29
10 25 4 24
20 10 35 32
27 29 6 24
20 17 36 35
11 12 18 43
7 8 1 16
17 12 21 24
20 25 16 24
32 34 21 19
36 7 31 39
16 16 18 25
20 16 7 35
7 11 43 2
31 27 27 25
12 12 49 2
45 14 31 24
15 10 33 22
18 15 31 43
13 4 23 28
14 19 3 34
22 6 25 17
20 16 27 38
15 7 12 22
37 7 7 25
22 13 23 31
11 22 23 27
10 5 48 3
19 17 6 36
11 10 25 19
31 6 43 3
23 14 41 2
16 15 9 35
31 47 30 29
22 36 10 32
22 17 16 29
8 16 4 9
2 11 3 4
23 45 8 22
13 16 21 32
19 1 20 23
14 7 14 22
17 16 42 5
6 17 15 21
14 9 26 45
27 10 21 30
16 13 12 32
16 18 17 49
10 16 5 20
7 5 31 31
31 16 8 29
16 15 18 29
24 2 26 41
1 48 30 37
23 11 47 6
15 21 24 47
32 7 34 46
25 19 10 29
32 23 20 46
8 12 20 28
21 6 7 29
13 44 2 10
6 17 9 34
15 17 25 20
14 15 23 46
8 6 23 37
41 27 1 19
16 29 29 2
0 17 22 38
20 11 31 36
23 7 18 29
15 6 19 46
11 13 7 33
12 16 35 42
16 25 32 21
12 4 45 0
8 21 20 34
15 18 21 49
28 2 36 25
16 31 22 38
14 1 13 25
13 18 13 35
13 16 32 42
15 11 8 28
13 37 19 20
10 33 29 7
26 0 34 44
25 25 8 40
26 13 6 35
11 6 42 6
18 21 25 36
11 9 24 12
17 32 39 6
15 18 0 33
18 26 30 34
21 4 17 20
14 19 8 13
19 31 41 31
2 7 30 40
18 5 13 38
29 22 7 45
13 16 17 8
3 25 21 49
14 18 34 47
15 3 13 36
21 6 34 49
28 22 14 16
32 15 8 26
16 32 42 36
18 30 14 46
16 17 11 42
16 6 31 49
17 17 12 20
16 16 7 37
34 8 42 6
20 12 41 36
18 15 5 37
15 32 31 41
5 8 20 21
16 16 22 43
18 1 32 34
0 47 18 34
21 21 22 40
31 16 23 25
18 16 47 4
31 29 17 42
18 17 27 44
16 20 27 30
20 4 11 28
13 17 1 8
2 28 34 27
28 12 21 26
30 12 42 34
8 0 15 19
17 14 18 27
7 18 17 20
21 15 25 31
13 13 31 37
24 6 19 22
23 12 19 34
10 26 21 34
9 26 30 45
14 38 16 43
15 16 43 16
14 5 24 4
22 4 11 48
18 12 30 18
20 2 22 35
12 7 10 19
20 40 15 23
1 26 48 33
17 13 38 5
9 31 28 39
1 10 16 26
6 2 44 2
2 1 4 7
12 27 7 17
1 48 34 41
35 13 18 21
4 14 0 26
18 23 21 38
7 27 4 14
2 20 32 41
1 15 9 38
15 6 10 25
6 36 27 24
14 32 1 35
37 23 27 40
12 15 14 27
27 5 34 47
23 18 35 15
6 17 31 45
19 8 15 21
3 8 1 29
49 13 10 37
33 17 21 3
14 7 9 9
12 5 43 2
16 16 1 29
18 12 15 14
15 20 8 43
38 27 5 9
12 4 13 35
14 14 26 40
12 10 35 45
21 12 11 13
20 16 3 34
31 9 22 43
17 16 4 8
15 10 13 47
11 0 0 16
16 13 16 43
1 0 25 14
22 6 2 11
13 11 4 36
46 11 19 3
20 20 33 15
0 26 27 48
31 14 7 16
39 4 17 28
11 7 21 21
15 0 18 20
14 16 26 39
12 1 9 13
16 5 44 3
11 19 44 5
16 18 8 40
26 13 6 49
1 30 7 23
10 6 21 18
17 16 8 25
2 4 21 41
11 14 11 7
1 0 13 46
10 22 28 41
12 11 18 33
17 7 18 47
17 34 38 14
20 11 17 39
1 7 37 19
35 14 0 41
30 11 27 49
16 25 17 32
6 11 0 19
11 15 24 46
22 10 24 22
27 21 14 38
18 16 17 28
17 19 5 27
9 13 28 39
12 5 25 44
18 12 24 28
4 49 14 31
9 14 17 36
34 7 32 43
11 2 7 29
12 37 10 19
19 17 17 36
17 16 10 46
10 42 17 25
8 2 16 8
23 5 20 17
25 27 2 12
16 15 12 34
23 24 44 0
15 35 44 25
19 8 5 40
31 14 2 18
20 17 17 42
15 15 40 20
19 3 12 37
20 18 44 48
11 12 19 12
21 17 14 27
10 15 45 40
22 18 5 34
18 9 43 1
12 3 32 17
4 4 18 36
9 27 16 34
22 10 26 26
13 4 10 34
5 29 44 4
18 8 2 31
10 25 38 41
6 0 32 29
15 18 5 18
9 30 17 31
21 17 20 34
13 27 14 33
17 31 25 29
7 31 32 45
34 23 18 34
4 9 30 35
26 3 29 43
27 0 12 25
12 33 39 39
6 19 30 35
28 5 23 32
36 7 15 6
16 17 26 32
6 28 1 20
26 6 36 27
14 5 11 32
28 11 15 41
5 8 1 9
43 23 36 13
11 49 8 29
46 2 22 45
13 12 15 27
33 9 14 3
6 0 16 21
15 19 27 13
16 20 35 34
10 11 18 32
23 3 4 25
23 9 34 10
4 37 40 32
18 14 22 20
20 20 36 42
2 11 26 25
6 19 12 28
29 12 15 34
37 3 19 22
30 2 14 30
1 29 37 34
12 7 31 38
20 13 22 45
10 0 49 9
1 29 26 35
23 1 10 26
12 2 9 24
3 14 14 37
22 6 26 48
5 28 10 19
28 24 17 16
7 20 47 0
7 6 23 21
22 13 27 39
16 16 16 37
28 8 12 29
2 5 15 25
12 3 33 5
5 2 2 36
14 7 27 43
7 5 7 18
24 21 41 24
0 20 21 38
28 12 1 14
24 16 15 47
24 18 30 9
22 0 34 5
18 18 3 22
19 4 12 42
18 12 39 42
16 7 22 30
24 15 25 43
44 9 18 30
6 9 4 37
31 28 30 2
27 27 20 30
10 44 8 21
17 34 13 15
9 16 26 32
15 31 35 40
5 16 6 21
13 2 16 31
1 30 23 18
15 0 48 3
10 12 23 30
16 16 29 34
5 6 5 13
11 17 18 31
15 11 2 13
17 15 4 17
3 11 16 27
17 20 25 3
11 43 38 49
38 2 49 1
24 8 19 19
21 4 10 25
17 14 13 16
36 16 19 26
27 5 15 37
20 14 45 3
24 16 20 38
25 1 22 33
30 8 18 42
18 12 26 49
21 12 42 4
16 16 42 2
5 23 23 24
21 15 7 33
17 11 21 31
2 0 21 37
0 39 24 33
4 5 4 21
12 27 24 39
11 1 26 47
2 33 12 48
18 8 36 41
21 1 2 20
29 42 12 22
12 3 29 31
22 6 34 37
15 10 15 30
18 18 47 7
45 20 3 31
16 7 15 22
15 16 22 41
1 15 23 27
19 15 19 36
11 8 26 35
15 10 34 38
9 5 21 32
7 3 21 40
17 22 15 33
14 17 19 35
5 2 26 48
8 21 19 33
10 15 37 10
10 25 40 33
5 4 22 41
42 10 22 31
27 1 8 19
17 14 16 42
3 14 15 4
22 39 19 35
16 18 14 34
14 17 6 28
16 21 9 22
12 34 21 16
13 4 22 34
8 0 11 45
18 28 29 41
18 16 34 8
21 14 3 11
24 13 39 13
17 17 28 37
17 4 6 13
16 32 13 1
6 26 5 17
21 32 9 20
16 38 4 34
38 12 17 34
26 3 16 42
4 25 14 35
18 35 13 27
32 5 11 24
31 6 32 35
26 7 0 23
8 10 46 1
15 20 19 39
20 18 12 16
16 14 18 46
15 17 9 12
15 14 28 37
27 29 44 0
18 18 46 10
18 14 24 22
6 30 3 26
5 12 23 32
6 10 27 47
23 3 26 49
9 17 6 20
2 14 12 15
14 15 19 33
10 16 20 27
13 16 22 31
19 30 17 12
14 12 11 26
27 0 25 39
13 12 27 29
18 15 6 38
18 17 4 24
19 15 36 33
7 0 28 31
26 6 23 30
11 6 8 26
17 19 16 34
10 4 44 3
18 17 16 32
13 6 9 5
11 13 48 3
15 22 45 47
15 16 19 46
15 19 18 37
4 27 34 10
16 19 29 40
6 25 36 31
15 18 45 5
23 6 23 37
17 12 16 38
25 28 22 40
19 11 28 40
18 12 17 27
5 10 42 5
14 4 46 1
16 18 3 8
19 7 28 6
39 23 23 33
26 15 1 29
33 7 18 35
20 18 28 14
18 29 0 12
14 17 33 12
17 14 1 28
12 13 28 40
12 14 9 11
33 25 45 0
17 2 31 24
14 35 35 19
40 19 32 26
34 28 41 0
26 9 17 37
13 17 20 33
10 22 24 3
18 13 33 34
4 25 14 47
11 44 46 7
25 23 11 18
17 14 19 46
12 10 3 14
12 19 15 42
30 17 25 22
12 19 21 37
17 3 45 9
16 16 27 32
13 18 24 38
19 17 18 4
3 31 10 14
30 7 23 5
20 37 2 37
7 24 12 38
0 4 16 29
18 13 23 9
5 45 21 30
28 1 30 43
16 16 42 6
45 2 12 13
1 8 21 30
4 9 16 10
13 20 25 28
3 14 20 10
1 37 12 35
16 27 2 32
24 18 3 2
20 10 23 39
34 2 1 29
16 1 33 35
13 8 47 2
15 16 40 28
22 8 17 9
25 6 28 9
0 9 1 20
20 36 3 33
4 3 18 2
32 1 6 24
11 3 41 22
24 4 15 32
15 16 1 30
25 16 37 22
17 12 30 29
19 26 15 28
19 18 22 44
26 27 9 37
4 11 40 1
9 33 10 41
0 0 29 33
29 24 19 30
30 18 1 18
38 4 27 19
28 5 27 47
21 45 30 47
40 29 41 44
39 9 44 17
31 2 27 32
27 0 2 21
12 11 10 38
14 14 3 13
13 19 15 30
8 9 16 26
37 14 41 4
0 22 31 25
14 8 19 49
8 5 26 30
2 10 6 36
16 17 36 46
21 5 28 17
29 22 18 16
6 11 32 9
17 15 23 32
0 9 28 39
16 16 8 16
9 27 6 29
34 32 13 31
15 13 11 28
5 32 27 47
15 6 22 28
22 12 19 36
14 1 12 28
28 1 37 4
23 0 42 2
7 2 28 7
10 20 23 24
2 9 19 47
18 16 40 34
13 20 22 36
0 12 14 31
33 7 16 36
4 11 14 22
23 7 6 28
11 5 40 2
9 3 39 44
9 46 11 41
16 18 19 41
2 13 7 34
6 39 27 24
21 17 3 10
14 1 37 39
2 5 4 18
34 11 18 43
10 15 8 37
5 14 35 0
27 3 9 23
13 18 4 18
21 17 43 26
11 6 23 44
15 5 48 7
22 9 45 2
3 7 45 5
14 7 36 46
9 11 9 39
23 2 12 34
9 23 1 19
20 35 3 34
2 21 27 21
11 3 22 40
14 10 16 25
24 6 44 12
18 20 18 42
32 10 48 3
13 15 8 23
34 1 9 29
18 18 29 42
10 34 40 43
19 3 33 23
22 20 22 4
19 2 10 11
33 34 32 48
19 13 9 31
7 0 1 34
35 25 12 28
15 16 23 11
3 33 15 41
16 16 15 4
18 8 8 39
21 8 12 33
23 4 45 1
17 24 10 44
23 16 0 13
34 22 4 10
19 42 44 2
18 13 22 36
39 30 36 39
14 29 12 26
17 19 14 27
27 12 5 37
46 15 15 39
34 8 20 36
24 2 29 48
4 21 9 24
3 7 3 37
13 46 26 32
21 17 25 18
22 18 38 33
14 13 31 26
20 8 24 36
18 18 3 19
16 12 0 16
17 5 6 34
31 5 11 3
18 38 46 29
17 13 32 40
3 22 43 2
2 32 30 29
2 19 3 7
3 16 11 47
21 6 34 13
20 32 11 15
1 18 16 25
16 17 10 14
16 15 28 30
8 33 9 20
15 26 32 17
18 10 20 32
16 11 43 46
13 21 29 24
37 40 8 13
15 14 37 49
5 13 4 27
16 18 5 26
10 17 15 32
26 15 9 24
25 33 18 12
16 17 16 36
23 1 24 30
18 13 39 39
16 8 20 37
14 6 0 46
14 15 12 35
12 26 18 32
19 15 10 32
20 0 15 30
20 20 14 28
23 21 44 41
15 28 23 30
16 21 11 29
17 31 4 43
17 39 22 24
17 14 45 4
37 15 13 19
34 5 22 27
36 13 18 38
18 27 13 22
5 7 4 13
20 0 46 4
9 8 32 7
14 18 9 42
12 9 14 27
23 28 30 43
26 12 16 34
14 8 5 3
27 2 21 30
20 17 11 23
26 8 27 33
19 17 6 26
31 2 18 36
14 17 30 35
24 18 25 48
31 11 6 33
16 16 4 12
4 42 25 26
9 10 45 38
0 38 4 18
3 35 0 42
12 23 23 15
17 16 21 35
17 15 6 12
40 9 11 31
4 45 44 4
18 27 27 43
17 8 46 0
19 20 30 35
17 21 24 37
19 6 1 35
13 17 41 3
16 14 36 22
12 12 7 13
10 15 7 5
16 16 48 10
37 8 17 42
29 5 18 41
17 13 35 21
35 1 10 31
7 13 19 29
31 3 15 36
5 12 15 15
10 31 23 49
3 20 35 48
24 9 11 45
16 15 21 42
15 15 8 23
23 45 30 27
17 10 7 32
15 21 35 39
10 21 23 28
22 11 31 26
15 15 27 10
31 20 8 7
15 25 22 31
13 15 26 33
18 16 15 32
17 17 46 5
18 18 20 32
19 2 13 36
11 0 0 28
23 29 3 21
16 16 34 30
9 7 14 25
12 13 32 48
11 19 25 24
15 34 36 48
28 7 24 39
42 18 31 46
10 18 11 22
12 11 26 36
11 6 13 27
11 36 10 48
11 32 7 42
18 16 12 10
36 13 31 45
16 12 41 33
30 19 10 29
12 24 9 19
13 11 2 25
27 10 17 28
5 24 11 34
17 17 23 29
8 18 14 27
13 7 40 49
18 7 43 4
15 16 22 37
13 14 22 30
9 38 32 20
14 15 16 27
27 38 25 35
7 7 33 45
8 5 42 0
17 18 42 20
16 5 36 41
15 6 29 43
20 19 20 29
38 34 26 46
9 15 44 16
7 26 33 32
9 18 18 11
36 22 25 35
15 17 19 24
27 24 26 43
15 25 22 48
19 14 16 31
4 14 18 28
26 18 10 47
17 11 35 16
15 6 2 19
7 5 45 3
13 22 10 27
29 20 24 21
17 0 34 42
5 1 22 33
1 24 21 38
8 15 26 45
13 9 35 26
20 20 4 11
16 25 3 36
12 15 21 14
28 11 3 29
20 15 2 0
33 1 4 27
22 7 31 36
22 33 23 39
28 10 20 26
41 26 19 15
2 18 31 17
19 25 24 22
9 11 5 35
10 14 46 4
0 3 11 36
15 18 13 33
7 15 11 27
16 1 4 35
48 14 17 32
6 27 7 17
10 11 2 23
22 6 46 41
8 27 16 24
16 17 20 27
42 27 16 2
26 0 16 45
16 16 30 41
3 21 42 20
9 5 19 32
10 16 27 29
20 18 24 42
17 27 33 22
35 6 42 5
32 17 25 28
13 0 5 40
16 14 23 38
35 13 33 1
13 19 14 32
13 2 13 24
10 0 28 37
43 9 21 41
20 17 33 26
14 8 33 16
22 34 10 33
13 31 9 41
17 19 22 33
23 5 20 32
3 9 22 40
21 5 17 23
14 16 6 7
16 13 14 41
22 7 22 18
10 27 36 33
3 34 22 29
5 28 8 18
18 13 7 42
23 6 7 44
25 19 20 22
20 9 32 36
21 42 12 43
7 21 15 43
16 17 4 32
16 40 21 15
12 9 0 34
2 35 18 7
19 3 30 25
0 13 30 23
7 5 19 46
27 27 28 48
15 5 7 21
4 17 30 35
16 15 14 30
4 47 3 9
16 8 11 44
22 32 37 3
3 26 24 28
30 0 16 28
13 20 17 24
47 35 22 25
16 1 32 32
14 38 20 33
15 3 3 20
2 27 38 34
7 2 11 46
3 32 20 22
17 19 13 38
31 20 30 44
23 12 19 43
21 35 29 41
2 41 31 42
1 11 22 27
7 5 21 13
3 13 19 39
29 18 23 34
30 20 32 46
19 29 1 20
28 20 22 45
20 16 19 7
7 30 46 43
10 9 25 1
41 15 44 10
16 33 13 37
15 14 26 26
15 11 16 30
16 4 36 21
1 21 45 5
17 12 33 10
20 24 2 29
19 16 42 46
2 21 3 11
8 4 16 8
22 22 44 1
13 6 5 20
23 3 5 15
14 14 10 30
15 8 13 16
2 36 25 40
14 19 25 36
14 18 19 26
7 35 43 2
16 29 39 46
8 1 22 30
2 7 47 1
9 12 9 48
19 13 29 24
7 20 30 28
4 28 35 27
36 4 11 40
17 7 36 11
11 19 6 38
35 10 16 42
11 9 17 22
19 21 13 28
19 11 23 19
41 14 49 1
14 19 24 42
17 17 5 15
20 17 40 23
17 14 36 47
16 14 2 14
15 15 14 1
20 46 26 27
5 20 21 23
25 26 21 29
19 14 42 38
10 20 3 13
21 6 17 21
19 38 22 23
6 19 2 17
10 9 3 16
25 7 17 45
9 19 47 0
18 30 7 38
24 6 21 19
3 16 23 17
31 15 18 33
12 13 26 14
7 4 3 13
14 8 21 40
10 32 19 28
9 12 8 29
15 21 20 36
19 15 17 31
6 4 14 24
2 27 17 26
27 11 19 29
25 18 29 29
7 8 14 20
21 10 33 43
20 31 7 20
18 15 1 21
10 25 26 33
18 15 49 47
1 33 9 19
11 31 42 46
21 29 22 2
1 0 25 31
23 0 10 17
11 11 24 27
8 39 12 38
10 14 33 44
14 9 10 38
5 21 5 33
6 24 11 42
2 0 17 21
21 15 20 29
16 15 2 47
22 14 32 32
19 31 21 42
17 30 3 24
6 11 9 22
19 2 38 1
6 15 11 31
15 7 41 0
1 31 45 3
17 16 20 18
19 18 34 45
19 14 37 35
2 3 24 26
37 6 21 21
8 35 35 41
16 5 3 24
14 18 25 37
5 7 5 21
17 18 18 27
28 8 0 8
18 11 42 4
15 0 24 47
20 23 31 46
15 20 14 27
12 14 3 27
18 4 14 35
3 23 19 38
16 29 20 35
11 10 25 44
13 11 35 30
7 9 48 10
38 25 27 40
38 14 47 34
19 15 14 12
18 29 39 42
14 11 1 16
16 16 5 47
13 5 15 28
19 18 16 32
13 17 12 37
22 10 35 34
5 35 27 37
11 12 11 26
4 5 3 18
22 19 29 13
20 23 21 30
12 0 42 2
27 4 13 25
18 16 20 34
17 9 11 38
14 15 16 23
22 37 38 1
7 1 18 0
18 18 9 29
12 28 31 49
13 5 23 38
8 19 30 22
3 26 4 38
31 23 2 40
1 13 23 24
8 27 37 48
4 19 31 11
14 13 22 35
16 9 26 33
3 40 5 25
14 17 26 3
1 18 25 37
42 6 10 17
8 7 16 25
18 17 36 16
19 11 19 32
16 7 22 14
15 23 24 32
10 3 13 24
19 4 22 36
16 17 4 19
2 25 9 32
6 36 23 26
19 10 22 20
22 28 28 36
18 14 9 33
16 17 3 24
5 25 32 47
37 10 20 43
21 16 3 26
15 14 15 4
10 9 19 12
46 22 21 10
18 4 37 24
5 11 19 38
9 6 1 35
18 17 3 37
14 6 47 0
10 17 18 6
19 10 12 27
5 19 35 34
34 28 2 26
0 8 28 35
19 2 14 17
49 8 28 38
14 18 15 41
24 0 21 15
28 1 26 39
23 4 5 19
18 14 45 2
7 41 26 30
7 7 19 25
17 12 0 11
29 21 22 25
16 12 1 19
23 10 15 20
13 17 9 6
1 6 20 29
5 2 37 49
36 16 20 41
23 19 45 1
30 13 24 47
26 34 29 43
44 3 39 29
3 15 24 42
10 13 14 33
16 12 10 34
19 9 23 41
18 18 24 34
6 30 34 36
26 8 11 17
28 23 38 34
26 8 22 44
10 11 24 19
31 24 7 27
15 7 2 1
16 20 32 44
18 14 13 15
18 17 1 31
7 39 17 28
12 42 40 6
7 12 39 46
22 1 30 34
16 18 5 44
34 22 23 29
16 15 10 25
1 2 29 48
2 46 28 24
32 24 13 26
17 26 37 42
14 10 21 20
2 25 11 21
29 7 12 8
10 12 27 29
11 10 28 22
15 10 38 31
21 11 24 33
22 31 20 28
32 7 27 16
16 17 19 30
29 15 34 43
20 17 4 31
13 5 16 11
15 32 21 35
14 34 20 31
35 9 15 25
16 19 5 32
19 7 12 34
3 14 22 37
11 16 0 11
15 9 17 29
18 22 22 28
20 17 35 1
15 18 25 32
35 27 19 25
6 18 13 34
26 5 48 4
17 11 19 37
13 16 25 30
15 7 24 22
31 4 21 33
5 5 18 16
27 8 30 36
4 18 19 44
39 29 30 12
15 13 18 43
16 0 1 2
14 13 43 47
30 32 22 46
17 16 19 32
7 1 13 13
15 21 27 30
30 23 45 47
15 18 13 30
10 3 25 38
28 17 14 32
31 8 18 43
3 16 23 42
24 15 3 23
28 1 39 47
7 4 3 25
17 29 8 18
15 17 4 30
12 0 14 16
30 10 25 12
14 14 29 28
10 37 29 46
6 25 14 47
23 2 2 37
8 19 21 37
17 19 38 28
42 19 7 26
2 4 11 40
7 29 4 2
17 16 14 25
8 36 21 28
35 23 30 14
16 30 47 5
9 13 3 46
14 16 17 27
33 4 17 13
21 0 31 40
5 9 2 6
10 9 14 27
15 6 2 14
28 7 3 3
38 13 34 23
25 21 39 0
12 22 11 31
27 7 8 18
6 40 12 33
18 2 8 38
7 17 4 30
44 23 1 8
9 25 22 40
14 15 20 28
21 2 11 30
12 13 18 30
14 3 0 48
27 26 42 1
22 7 37 44
13 14 32 43
28 0 4 31
16 16 25 35
9 19 16 24
5 6 20 36
10 12 42 2
24 17 12 17
47 1 10 26
14 12 19 7
7 12 27 45
17 5 28 31
23 3 18 29
17 18 13 12
30 10 45 40
16 29 14 45
16 23 26 32
13 8 29 43
3 2 26 38
11 13 31 45
19 32 31 47
4 25 21 21
8 7 20 27
31 24 12 37
15 17 7 24
14 20 41 38
16 14 46 3
10 8 4 28
22 18 36 7
19 19 47 3
23 3 35 39
14 25 36 35
15 17 29 43
13 11 25 38
24 5 3 5
17 34 28 48
7 6 11 36
8 1 23 25
30 32 23 49
22 14 18 45
30 23 17 24
37 8 7 6
10 33 27 48
15 34 23 10
20 13 28 35
23 15 21 33
7 49 8 29
21 16 18 4
11 4 12 43
21 18 23 49
35 33 15 19
0 26 42 3
10 10 13 38
17 15 23 27
10 4 7 27
19 10 27 4
16 28 14 41
6 10 33 46
20 22 18 26
15 29 13 37
13 39 27 41
8 31 23 25
19 7 26 46
8 15 27 28
32 19 21 39
16 6 6 32
15 0 5 25
6 10 21 41
31 4 22 38
14 15 23 26
20 30 27 36
14 11 48 5
37 12 24 26
15 48 25 48
7 12 17 38
32 7 15 37
19 11 24 6
7 11 21 29
9 14 45 1
21 13 16 17
20 16 3 31
12 13 12 25
26 14 31 13
13 3 46 23
25 12 23 25
17 3 12 16
15 16 44 40
13 12 20 46
15 21 3 6
23 1 17 36
34 1 41 39
30 3 18 21
41 8 0 29
47 7 22 29
39 4 26 35
18 6 5 21
14 9 43 2
