50 234 14282 800
1 43 6 13
38 21 16 36
38 24 4 20
23 13 8 26
1 40 42 21
18 34 1 15
21 38 24 43
11 39 7 28
4 47 23 26
20 40 44 26
5 14 17 31
6 42 38 30
27 36 37 45
22 35 9 26
18 34 8 22
16 23 47 27
21 38 42 20
18 6 3 24
7 46 43 47
38 48 21 46
21 14 5 18
9 44 38 44
14 9 2 13
4 47 15 8
13 21 19 2
7 43 17 0
33 12 44 26
9 7 27 29
23 40 8 20
14 46 15 10
0 41 10 15
20 44 37 49
36 12 3 32
40 41 2 8
19 38 10 23
16 11 11 4
8 45 27 38
10 13 43 11
19 10 5 18
44 13 4 29
7 45 25 14
16 41 17 10
4 8 23 14
1 19 39 26
8 43 33 38
3 14 45 48
12 37 44 28
9 26 16 36
17 36 14 2
33 23 8 19
16 29 47 22
6 44 32 27
7 43 12 15
21 37 16 3
12 42 10 45
11 41 46 45
32 23 4 25
48 37 42 24
21 39 37 37
33 38 8 24
4 44 45 26
2 42 37 49
21 38 3 17
5 49 3 12
7 46 37 23
1 31 15 6
18 48 44 28
11 47 3 17
20 35 49 24
18 40 38 31
10 44 40 29
16 15 13 31
8 31 44 25
15 34 7 16
40 37 41 22
24 37 11 21
7 49 30 21
0 7 42 24
8 47 17 43
46 42 2 19
13 39 40 29
35 9 0 36
6 42 3 24
7 44 12 15
9 47 45 47
10 46 18 31
6 43 36 46
11 46 48 48
34 23 27 12
8 44 7 19
22 38 4 48
3 7 49 0
5 7 15 20
16 16 0 13
15 15 13 6
12 42 19 9
2 40 44 29
9 46 3 17
5 44 47 28
10 42 43 45
11 46 41 48
7 43 2 19
21 46 12 22
25 36 41 33
37 43 24 7
12 45 9 7
39 21 17 29
12 11 43 47
21 40 12 22
30 19 20 32
8 43 5 35
19 36 6 17
7 43 8 23
8 36 19 4
15 41 40 48
8 28 43 47
9 43 39 41
9 23 17 7
9 39 39 20
11 29 1 23
11 42 45 24
13 24 27 47
11 41 48 26
24 37 44 47
2 23 37 43
5 26 4 20
37 16 43 48
24 34 3 21
13 48 30 26
38 41 37 18
24 34 20 40
5 22 49 23
11 43 36 44
10 13 3 27
29 8 11 41
24 34 13 18
12 41 43 22
2 47 4 15
6 49 7 15
20 26 13 10
4 43 7 17
3 3 11 20
23 37 3 12
21 36 8 23
7 44 44 9
30 21 46 47
12 11 36 42
12 1 38 43
29 24 3 17
4 29 25 49
20 35 15 15
6 16 8 2
11 10 28 26
10 46 8 17
9 26 2 16
10 45 44 26
17 12 1 17
19 36 4 20
8 43 44 29
18 12 31 31
3 16 10 22
37 20 14 1
3 19 47 49
29 37 11 20
5 44 1 34
9 48 0 7
6 45 44 46
18 15 0 25
7 24 5 29
4 27 11 19
10 44 18 10
7 41 0 33
2 14 9 24
13 32 43 40
24 40 0 11
19 36 37 11
4 22 42 26
38 24 29 37
45 21 3 8
18 15 42 26
7 41 41 21
30 11 46 25
17 48 11 34
10 44 46 24
40 37 9 15
10 24 15 9
23 37 49 29
9 22 42 25
30 22 9 36
2 30 2 25
39 12 7 17
28 33 30 40
32 41 3 13
4 41 22 41
30 15 4 15
5 48 1 2
5 12 25 42
5 37 8 17
13 11 21 38
18 38 38 48
39 12 0 4
29 25 4 23
23 43 32 40
13 5 18 29
25 35 29 27
7 46 42 21
17 40 2 16
18 41 7 23
19 36 11 16
10 48 3 18
27 5 38 45
17 34 18 24
16 48 44 23
8 12 8 5
48 33 42 24
22 36 1 23
14 20 9 18
23 34 8 19
44 16 2 11
16 20 42 45
0 42 19 38
7 10 7 23
43 33 7 20
38 39 18 11
10 41 10 9
11 6 33 27
13 27 28 22
12 49 35 28
13 37 40 32
23 34 46 48
11 47 1 17
9 42 28 47
26 36 49 45
12 7 12 24
