50 594 11659 800
10 17 19 14
13 18 44 3
6 18 17 14
27 40 3 13
47 22 8 4
35 4 49 44
48 12 29 7
45 23 32 2
9 14 14 13
46 20 40 11
23 20 36 49
46 20 0 8
43 29 5 9
21 14 33 29
27 13 21 1
42 20 21 11
34 2 2 9
31 6 10 34
20 19 22 47
48 16 45 33
17 37 22 44
10 15 25 42
38 6 36 15
19 13 18 45
4 36 22 15
23 12 27 45
15 16 44 38
13 47 8 17
46 18 14 11
39 6 31 18
20 3 19 33
36 3 18 39
11 9 7 5
31 29 8 17
20 19 5 14
47 20 38 31
47 24 43 4
27 17 29 49
4 21 1 16
36 4 10 23
17 7 4 38
41 35 26 44
46 13 8 14
6 15 18 22
25 9 34 28
34 29 21 11
22 24 31 43
18 18 3 13
32 34 37 27
9 15 45 23
32 21 36 36
49 22 20 4
38 20 17 25
25 22 38 16
14 22 24 43
21 14 45 6
9 19 7 47
26 24 24 41
14 6 24 0
28 10 47 12
25 23 42 9
36 7 34 2
22 19 24 29
2 17 25 44
35 5 29 26
9 16 41 21
30 21 21 2
49 24 30 30
5 17 40 8
7 21 4 9
36 19 30 44
35 38 35 33
24 19 16 20
21 17 45 17
18 19 31 42
17 4 2 15
48 18 41 40
24 15 6 8
39 4 12 22
5 15 32 21
33 33 42 32
26 46 6 16
49 11 32 40
36 28 36 35
1 3 11 21
33 24 2 31
11 35 46 44
21 12 14 40
28 17 6 15
47 22 15 47
23 7 39 37
38 3 45 19
49 27 37 15
36 9 6 9
25 15 8 7
44 23 3 7
24 20 49 35
25 17 6 9
35 3 39 27
31 13 0 12
46 24 27 45
48 22 8 12
39 6 22 3
11 19 6 17
37 4 3 34
49 22 29 41
42 22 11 7
15 30 9 12
32 5 31 43
45 26 0 43
2 9 25 45
38 2 28 42
24 18 16 20
47 27 8 10
9 13 13 11
47 21 40 44
39 9 36 33
46 47 39 24
41 29 40 21
48 20 26 25
2 37 32 43
49 23 19 4
23 16 5 30
22 15 16 5
10 22 42 6
21 14 0 40
49 20 13 19
30 1 21 25
42 4 29 44
15 21 26 43
16 12 32 11
18 14 29 2
25 8 31 23
35 10 45 22
9 22 19 2
36 6 2 8
28 22 26 40
39 3 35 12
25 23 13 16
25 1 6 3
46 36 25 45
34 15 28 30
20 29 28 46
13 16 12 0
28 30 7 12
23 19 23 2
26 15 31 13
21 16 8 7
36 8 37 26
4 41 28 43
38 35 46 17
33 4 42 15
17 18 3 21
21 15 28 42
48 25 26 12
7 19 13 21
14 19 29 49
49 21 28 38
7 15 1 9
6 35 49 25
21 17 34 20
21 24 0 41
48 20 1 13
21 20 38 42
16 10 18 1
2 23 7 9
1 4 13 10
19 5 36 8
39 8 45 45
15 8 29 42
18 12 7 34
49 21 11 32
23 19 15 12
36 11 17 14
46 24 16 33
39 27 33 49
38 29 35 14
30 24 33 18
23 23 26 39
32 22 1 21
28 14 9 9
36 6 28 44
35 31 4 13
37 6 27 44
40 4 11 29
26 20 2 19
36 8 1 15
34 11 9 11
39 8 48 35
26 12 34 20
32 26 17 49
40 25 10 10
24 24 44 22
30 2 11 17
25 13 3 19
47 19 30 44
7 18 5 21
6 18 27 8
31 16 11 34
21 14 31 4
9 18 4 5
30 16 39 30
8 20 28 43
49 24 20 23
35 11 21 1
32 7 47 1
47 21 4 17
38 6 33 15
21 14 27 1
15 30 45 48
26 14 38 31
37 14 17 22
48 22 41 10
23 28 10 2
38 7 37 13
15 14 2 16
35 7 39 4
39 24 47 28
37 3 9 44
46 23 26 43
12 17 20 17
36 4 29 42
22 18 39 37
20 20 41 17
22 17 27 45
38 5 3 48
8 45 1 37
29 32 41 1
30 33 16 16
10 8 3 16
36 4 44 1
28 18 36 3
23 44 10 15
23 14 27 3
7 18 12 16
10 9 46 14
33 30 46 11
18 33 27 43
12 19 46 10
5 18 39 24
35 6 36 12
16 7 41 31
1 0 16 36
10 20 23 44
20 22 33 18
26 16 4 15
10 20 19 2
40 19 28 45
16 5 49 30
18 18 2 14
37 2 31 48
22 19 13 4
21 18 43 38
22 21 8 9
36 7 32 44
21 15 32 13
10 18 29 39
37 7 17 23
14 17 3 12
30 47 29 43
24 31 31 26
37 4 11 7
37 30 3 39
38 8 34 9
36 3 6 43
35 7 3 13
22 19 39 5
38 27 8 22
36 1 27 3
35 5 35 28
38 4 42 19
32 18 25 47
25 17 39 0
22 17 32 10
13 11 35 42
8 5 46 10
33 3 43 8
25 10 0 11
22 15 26 43
39 4 37 31
36 9 35 24
25 39 13 26
39 6 6 11
4 16 40 19
19 19 4 29
16 11 41 31
23 9 30 6
19 13 7 12
33 2 32 27
6 10 23 20
21 14 12 19
21 1 9 17
0 6 38 0
44 6 26 43
6 5 25 39
34 9 4 18
38 5 5 11
22 12 37 34
17 32 8 44
25 14 31 41
35 5 34 15
11 21 15 15
21 30 32 25
36 7 23 30
8 18 13 44
15 18 39 11
48 17 29 47
35 7 29 8
45 22 9 5
10 14 22 2
36 6 48 10
22 25 8 43
40 42 7 7
12 7 15 13
33 24 1 18
23 12 27 43
30 16 20 5
23 15 40 14
22 18 37 11
37 19 18 1
16 16 10 49
16 15 3 37
18 22 7 9
21 16 5 21
29 25 25 43
7 23 23 2
4 8 26 13
35 5 4 14
31 15 13 6
24 20 34 0
5 1 2 18
37 6 27 4
12 33 42 18
17 8 40 26
18 6 14 12
19 13 38 4
10 15 28 15
45 17 3 16
34 4 23 21
46 9 33 11
39 32 9 49
39 7 7 25
40 9 4 18
25 15 3 13
25 16 36 25
49 24 40 20
0 12 36 42
16 6 29 30
35 5 15 38
28 18 15 45
4 16 6 22
36 22 9 45
1 14 29 8
14 10 7 39
17 36 5 7
5 20 38 30
34 22 33 6
37 13 27 41
37 3 6 11
20 14 49 26
29 31 28 39
22 16 7 8
44 22 14 49
24 13 42 29
33 5 48 28
34 7 23 45
24 19 12 8
29 30 47 34
48 22 11 18
7 11 24 16
21 9 47 8
32 23 30 13
25 17 34 5
41 1 10 16
14 42 20 39
3 20 14 13
1 9 33 32
20 10 0 12
19 15 19 1
22 0 17 14
31 4 31 29
0 14 37 24
11 16 28 45
34 2 23 23
34 5 4 10
27 25 28 17
36 5 49 34
27 11 6 8
24 15 1 7
9 17 22 38
17 36 44 13
26 11 4 14
26 14 9 21
30 21 35 29
38 17 5 46
39 9 41 12
11 1 15 48
26 8 39 42
34 26 46 28
22 14 49 27
34 3 7 12
24 13 25 36
16 20 30 46
35 28 26 13
30 28 9 13
37 8 42 34
14 1 19 33
41 6 44 15
38 4 32 31
49 23 7 8
13 9 1 13
21 13 10 9
7 2 40 7
35 9 9 16
36 4 31 0
2 38 15 11
39 5 48 32
35 5 11 28
37 5 4 44
4 11 30 10
27 6 33 1
25 17 21 18
49 20 12 47
41 4 1 8
37 5 39 41
25 9 4 11
18 4 14 36
22 15 42 27
49 21 6 15
37 8 27 41
20 3 16 44
28 21 26 15
36 6 31 2
34 6 40 27
31 18 46 6
10 21 12 6
34 29 39 0
5 3 19 22
40 24 15 6
8 13 23 6
32 19 26 42
37 6 10 39
37 0 37 21
24 30 12 42
13 16 5 13
8 48 30 47
8 9 3 17
36 5 0 14
8 6 1 17
46 26 20 41
4 9 39 15
39 25 7 8
29 1 4 16
23 14 33 23
24 15 3 17
45 13 40 43
47 47 31 5
28 33 23 29
23 12 5 45
40 8 6 42
23 10 27 38
4 5 39 3
4 15 17 41
29 14 3 4
37 6 37 35
36 5 7 17
11 17 13 29
15 31 41 25
18 29 6 21
20 11 23 14
25 11 43 41
9 5 6 17
9 18 30 16
21 18 16 31
48 24 26 45
28 3 1 47
35 1 28 46
37 8 23 45
33 6 26 46
49 23 8 23
30 10 7 3
16 27 29 5
31 3 32 19
26 19 15 9
24 19 17 22
5 16 49 5
26 6 27 45
33 17 40 31
19 21 5 19
34 2 24 14
21 5 12 8
28 27 30 46
35 4 1 6
25 20 0 12
10 7 27 46
39 6 36 24
40 22 42 3
32 23 17 25
27 26 32 11
21 20 43 32
36 8 28 19
26 12 8 4
13 7 6 14
13 26 2 9
21 15 42 31
20 19 27 43
7 16 28 46
44 20 35 23
44 43 12 38
11 21 39 15
46 20 34 43
28 12 31 15
36 8 21 37
6 11 20 24
18 13 13 21
35 8 23 44
20 18 25 22
42 4 26 43
16 3 29 42
6 0 1 39
42 31 25 31
7 17 4 10
39 1 34 18
49 20 34 41
37 7 40 33
20 19 35 11
43 13 40 22
0 20 19 10
37 3 19 5
26 15 38 3
20 18 31 38
49 21 23 26
39 4 44 13
39 1 26 43
22 20 6 12
49 25 30 11
18 42 33 34
16 19 0 18
25 9 45 9
3 25 25 2
25 11 31 23
4 17 32 22
22 23 2 18
11 18 38 34
34 18 24 17
25 11 8 13
22 20 27 0
8 14 29 29
33 20 25 41
41 6 30 42
13 15 2 19
19 42 44 39
18 22 28 0
23 22 41 1
6 16 3 45
2 11 32 41
40 7 7 47
5 20 0 10
16 4 4 10
40 48 17 17
8 7 49 9
24 22 37 18
46 22 28 45
8 21 26 44
27 24 37 41
21 20 4 15
37 7 29 16
21 9 6 7
10 22 40 49
36 2 11 18
37 7 5 24
12 17 27 29
23 17 28 30
29 14 40 42
31 5 44 15
47 29 40 38
7 7 0 17
35 2 6 6
15 21 27 12
2 13 16 49
35 5 49 28
37 36 2 20
10 8 44 31
39 5 26 35
39 1 12 16
11 12 42 1
48 21 8 10
6 15 17 48
8 10 15 22
37 8 36 18
14 27 23 39
48 19 5 19
36 8 17 45
35 10 44 14
