50 207 14645 800
23 1 14 37
44 45 5 43
7 19 10 34
31 40 35 21
25 10 37 0
46 45 19 36
7 22 20 43
45 34 6 41
5 16 17 48
35 13 45 30
33 34 47 20
19 30 35 4
10 27 47 24
10 36 30 36
26 40 13 39
21 20 19 28
26 32 35 32
2 25 5 41
11 9 43 10
49 48 28 37
21 23 32 34
47 44 17 41
48 41 17 10
6 25 25 6
6 32 37 37
6 18 23 37
44 47 20 38
28 45 6 42
17 20 42 11
45 47 47 2
32 1 13 23
10 23 43 49
13 13 17 11
0 26 32 8
7 22 27 34
15 36 30 15
29 39 3 46
43 40 46 18
31 21 26 14
20 25 5 41
34 37 16 36
7 28 17 39
6 30 45 10
38 37 22 4
22 9 39 25
32 44 48 47
42 45 27 41
45 42 4 45
47 43 18 12
44 43 6 26
14 37 30 34
48 43 17 37
30 38 29 20
33 37 17 25
2 16 3 45
49 44 3 40
7 24 38 26
46 21 16 40
47 44 11 40
7 26 4 47
15 10 3 43
33 6 27 9
6 30 37 17
47 42 13 38
33 28 23 33
28 33 9 38
46 44 29 16
46 46 49 28
28 41 38 48
17 2 29 46
31 9 22 12
14 7 35 23
41 39 15 31
8 30 35 39
34 11 2 43
11 29 27 1
44 46 34 5
28 9 29 28
7 13 43 20
25 21 29 37
25 26 7 19
9 27 48 28
1 25 19 38
30 7 34 29
45 41 39 8
22 8 23 40
45 40 19 33
17 38 5 45
48 34 9 45
2 24 21 31
23 39 20 47
8 29 31 34
2 23 25 13
11 37 17 39
47 39 49 3
46 44 21 37
9 30 20 39
43 43 29 34
49 48 22 36
34 21 37 19
6 23 17 9
13 22 29 38
31 1 20 15
15 37 29 39
30 35 39 49
19 32 34 13
16 19 14 40
33 41 24 7
23 40 29 37
45 32 19 23
22 8 42 49
11 31 37 20
27 4 24 13
26 37 45 22
21 43 29 36
41 40 17 37
42 43 5 47
36 30 34 7
13 27 38 21
47 44 42 30
38 41 29 31
21 41 3 45
2 7 48 35
47 39 37 22
10 28 35 16
7 25 16 35
27 3 19 40
44 43 37 16
2 20 47 35
41 39 19 40
17 38 22 6
23 2 21 39
13 23 40 47
10 23 12 36
28 11 29 38
9 25 36 43
4 26 6 42
49 30 19 38
25 35 30 19
0 13 40 38
44 38 41 12
6 29 24 11
30 27 10 34
10 44 18 33
8 30 23 38
33 35 40 27
25 42 23 15
16 27 5 36
44 47 34 1
49 43 42 26
46 44 21 21
5 26 11 41
19 39 4 47
4 23 33 34
6 28 0 48
32 41 22 42
6 27 43 42
43 48 13 17
47 41 9 44
13 22 31 35
8 14 8 48
6 22 17 39
30 42 3 43
16 40 42 9
28 4 34 14
17 22 32 9
1 20 14 26
35 35 41 1
43 43 37 14
27 10 47 39
30 45 26 11
3 33 2 48
24 14 48 7
19 38 15 37
7 15 20 39
27 31 5 45
6 37 18 33
14 5 14 14
23 36 39 21
42 47 30 8
46 40 20 12
5 17 43 12
7 7 28 3
49 43 38 32
6 19 20 35
36 44 22 1
22 11 10 41
45 44 11 28
37 36 2 49
40 49 1 46
4 28 23 37
15 24 23 38
9 35 17 5
15 32 33 14
49 40 23 19
24 6 27 42
48 45 15 30
26 5 26 32
12 25 31 13
20 10 40 23
16 33 17 39
16 30 29 36
7 28 40 5
3 7 1 42
11 34 20 47
46 41 19 35
23 19 47 27
