50 703 15521 800
15 31 41 40
4 19 29 13
49 25 36 12
20 40 26 20
11 30 36 20
2 19 27 11
5 24 47 11
17 30 46 35
5 21 32 34
5 28 31 26
34 6 33 44
43 14 11 48
41 18 36 10
2 18 11 49
25 3 28 5
39 12 38 35
2 23 13 6
5 24 41 29
4 0 47 39
1 33 31 33
10 39 27 6
21 30 39 29
6 29 41 41
2 31 8 10
21 25 25 40
29 38 34 3
19 39 36 36
23 2 38 12
24 9 37 32
8 28 32 4
26 44 24 3
11 47 29 6
36 31 31 45
6 32 29 42
1 19 17 20
23 6 25 9
3 21 36 48
31 37 12 12
19 26 21 7
41 31 31 45
26 11 34 7
42 16 21 48
0 1 32 1
3 30 39 45
30 25 43 15
4 22 9 44
26 31 29 36
4 17 49 27
0 17 38 17
17 23 36 38
5 18 32 19
1 25 28 49
46 18 44 6
1 17 31 26
25 47 15 36
49 27 26 31
24 8 44 41
1 22 29 18
46 13 34 38
1 18 13 1
13 31 40 43
17 41 33 32
9 40 15 5
2 15 33 22
4 32 41 27
1 19 40 31
2 16 33 33
44 2 48 8
3 15 28 4
20 43 36 19
38 4 26 5
1 29 33 38
10 29 14 4
4 17 32 28
48 19 9 40
26 3 38 19
1 29 36 35
23 19 40 27
17 8 47 42
43 32 41 28
25 6 42 12
11 26 26 49
2 17 37 42
34 25 44 5
43 29 29 13
10 41 44 40
24 5 20 26
6 19 31 22
5 39 39 39
1 6 7 0
0 31 43 41
45 6 39 3
42 12 17 48
3 34 39 25
11 35 42 30
19 10 36 40
43 19 41 5
23 8 42 18
49 26 40 34
31 26 20 6
26 35 38 47
10 35 33 47
45 25 31 25
14 46 31 38
32 20 26 38
21 21 32 43
24 3 7 43
25 12 35 33
5 28 37 8
8 29 30 24
3 32 36 10
17 27 19 32
36 4 32 43
8 33 48 6
2 30 22 38
7 34 40 34
21 5 45 43
0 31 44 39
1 35 27 30
3 5 28 29
19 17 38 40
26 11 42 29
29 9 28 38
18 48 48 42
6 17 39 3
24 5 47 7
47 5 31 28
22 7 21 47
29 6 12 3
4 39 38 10
37 10 40 31
23 9 10 2
43 11 34 5
4 21 33 43
4 29 39 44
39 23 24 21
42 44 21 37
27 38 46 1
23 5 6 44
2 21 30 40
16 42 31 42
47 40 30 31
1 17 21 7
3 19 30 37
17 27 46 37
30 14 47 11
22 9 21 5
0 24 32 7
19 24 4 9
20 23 36 31
4 34 42 30
26 12 42 37
25 10 36 44
24 11 35 5
2 19 0 3
39 30 20 6
37 47 42 12
21 46 45 12
35 4 29 15
25 6 27 32
24 25 42 42
22 7 39 46
4 18 7 7
25 7 42 0
47 14 31 12
6 17 49 2
24 14 30 6
25 6 12 40
27 4 32 9
22 34 38 4
2 49 47 7
22 34 16 0
45 14 39 35
3 16 37 19
27 35 29 2
26 4 40 23
36 0 41 18
21 28 33 16
31 34 29 39
25 40 36 28
34 34 38 8
35 15 31 23
0 39 40 49
3 17 15 36
19 24 46 42
18 22 24 34
4 23 16 15
8 26 39 31
19 27 31 36
38 46 27 38
24 8 46 5
24 3 19 40
20 5 40 24
22 6 44 38
25 5 34 6
45 21 32 30
1 18 7 48
31 28 17 1
16 43 39 29
35 10 35 42
3 23 37 21
36 15 30 1
26 11 39 38
46 29 40 0
45 18 5 25
20 6 40 37
26 4 43 32
2 19 20 1
43 12 35 21
11 25 35 46
33 26 7 16
27 44 48 30
42 42 40 37
36 8 44 41
10 19 37 39
3 48 31 36
1 20 12 25
3 31 37 28
21 6 35 37
34 7 26 31
12 37 44 46
28 36 28 19
26 48 29 32
4 24 37 2
2 17 31 31
24 8 30 14
3 17 33 0
24 9 32 16
47 18 34 38
46 6 26 29
17 28 39 1
9 31 42 47
2 24 35 7
5 32 34 6
3 16 17 11
21 1 0 11
35 44 23 7
7 17 24 7
13 40 34 26
19 42 11 2
0 28 19 4
4 23 14 13
25 20 41 7
39 41 32 34
9 25 47 24
28 28 18 31
20 25 41 38
1 19 0 30
31 15 30 46
1 26 40 5
34 36 30 32
32 4 6 23
18 23 35 33
13 26 6 6
29 16 38 33
39 14 7 10
1 24 40 42
40 25 47 11
44 5 37 46
41 29 11 7
32 46 25 12
26 7 34 34
24 11 15 0
2 21 20 45
28 15 11 31
2 17 39 22
6 21 6 8
5 32 39 16
23 48 32 25
45 40 40 33
30 33 4 49
2 47 36 3
9 38 44 3
25 35 38 10
4 28 46 2
15 30 49 45
2 35 49 31
25 7 36 38
6 19 40 39
5 26 41 6
22 22 29 5
25 38 29 27
28 43 39 32
6 34 7 41
4 18 29 31
30 38 36 33
6 31 35 32
17 0 40 22
25 8 11 5
27 40 27 49
48 20 12 5
26 39 45 6
24 9 9 4
2 19 40 28
25 11 43 41
9 0 5 46
2 20 39 8
22 9 31 40
2 19 28 2
41 22 45 30
43 24 23 28
23 27 46 19
1 25 27 37
41 3 31 20
0 0 48 17
31 46 28 43
4 28 33 10
5 21 32 37
39 6 41 17
21 9 41 18
6 32 32 27
23 7 38 44
45 35 24 24
17 23 44 41
37 20 32 6
48 31 17 41
26 12 17 38
2 27 40 38
26 48 30 37
3 43 22 41
28 49 35 19
0 46 12 14
2 19 13 10
36 12 15 40
28 37 40 0
12 34 44 33
17 37 30 21
27 13 32 37
13 30 32 19
7 38 25 17
0 21 42 49
25 8 46 12
30 26 28 2
2 28 22 32
9 23 29 28
19 26 4 2
45 3 36 37
3 16 29 30
8 32 15 35
1 30 45 44
25 6 36 39
16 46 17 9
27 38 36 5
6 35 31 4
24 41 17 42
29 34 39 41
25 6 37 10
1 37 9 5
20 30 18 48
31 45 39 48
21 28 32 10
29 4 15 4
1 20 44 39
24 9 31 34
24 38 31 38
36 11 31 2
3 23 39 43
3 32 46 33
4 26 32 9
21 45 34 32
28 47 27 35
35 27 45 38
38 38 44 1
32 13 16 25
3 19 35 10
22 42 17 18
25 45 17 9
4 19 33 41
32 23 28 15
25 13 6 49
5 20 32 31
1 23 12 40
48 21 9 45
28 37 32 35
1 23 43 33
35 45 21 46
8 25 49 42
41 7 34 36
4 19 9 7
2 20 13 41
4 17 28 12
26 4 45 0
26 7 20 35
9 28 38 47
36 28 16 43
3 18 38 38
20 42 16 32
24 7 29 4
30 42 5 46
2 20 28 17
49 16 39 16
16 25 19 3
16 25 29 3
22 9 33 3
20 41 27 21
21 14 17 34
45 22 27 37
25 14 8 39
13 34 34 33
30 33 7 44
18 24 48 45
4 22 4 37
2 13 11 4
21 27 47 41
28 5 25 9
40 24 38 32
26 7 24 11
3 20 47 26
21 6 28 14
1 16 31 36
2 37 40 38
6 19 14 7
22 11 16 7
22 29 24 43
26 49 30 5
25 9 39 47
26 38 23 16
1 28 30 32
13 27 42 7
20 47 30 36
33 37 31 14
24 6 37 35
21 48 44 25
29 24 38 39
5 37 12 4
12 21 19 30
10 38 37 12
4 32 39 44
4 3 25 11
47 32 45 42
33 23 34 15
0 16 24 33
14 44 30 30
2 19 43 41
25 43 36 18
25 9 47 38
45 16 34 37
35 37 9 46
18 8 46 40
30 33 31 40
22 9 24 19
43 9 41 33
20 28 37 37
5 23 23 32
8 29 42 4
5 27 28 17
16 16 33 29
25 5 39 22
24 8 8 47
19 34 19 4
4 18 44 18
13 49 19 23
16 27 44 43
33 31 22 6
7 20 27 37
21 18 38 8
4 35 25 47
3 16 40 16
37 11 41 9
25 12 37 37
11 31 33 28
16 43 30 10
3 37 10 7
3 24 39 34
34 21 26 46
23 4 17 22
26 6 36 10
18 31 37 16
24 10 32 4
2 18 42 28
1 28 33 37
17 26 30 42
32 6 48 28
32 28 16 12
29 48 30 19
2 18 8 38
29 19 10 43
6 19 6 9
45 30 18 30
22 8 17 6
20 45 34 37
3 21 47 12
25 9 45 6
40 22 17 41
11 24 12 6
36 8 32 48
39 24 27 32
2 20 31 33
17 26 45 11
36 20 32 33
2 19 27 4
3 32 34 30
47 37 9 7
0 34 39 7
1 17 23 36
4 29 32 42
3 21 35 26
27 9 26 46
8 23 29 24
15 41 38 41
4 19 29 47
26 8 32 8
1 21 38 38
28 25 47 33
20 9 29 29
24 8 23 47
16 45 19 42
6 19 24 37
0 0 37 19
3 22 39 15
11 32 7 7
1 37 35 15
12 24 37 32
3 18 45 28
49 30 18 42
21 49 37 9
23 35 32 31
6 20 39 11
9 32 15 46
39 5 5 0
5 6 28 44
40 24 14 7
27 5 26 42
1 18 45 44
30 36 31 31
17 47 5 10
7 34 30 4
0 17 47 36
4 21 35 13
8 26 47 37
14 31 30 32
17 26 39 32
7 16 39 44
4 16 34 45
28 46 28 2
4 18 19 5
3 31 12 37
27 35 46 1
36 25 28 0
8 40 25 12
26 6 34 6
28 8 34 3
15 49 33 44
8 28 45 31
21 11 29 18
47 11 42 11
0 31 40 6
34 0 13 3
0 36 39 40
24 4 39 1
22 39 33 26
14 45 39 33
2 4 26 27
48 44 34 27
23 36 14 7
22 5 33 36
4 21 11 41
1 28 44 39
5 27 38 39
0 26 9 7
3 23 27 31
0 31 33 12
8 29 33 42
22 2 49 10
40 36 33 41
17 29 33 35
1 30 18 14
4 31 27 25
49 38 19 46
28 40 35 47
19 22 35 35
4 22 33 20
4 29 39 9
25 10 32 7
25 7 45 22
25 13 26 19
6 18 24 33
11 33 26 0
24 10 12 31
49 15 32 28
1 18 11 46
23 40 49 24
3 19 27 27
0 20 41 15
38 28 40 7
22 8 16 6
31 33 37 42
3 20 16 4
3 20 7 47
23 10 4 49
35 28 41 1
3 31 39 35
2 18 17 2
1 33 33 24
26 33 23 16
39 30 30 42
16 26 43 6
6 26 35 39
39 23 34 47
23 12 40 47
18 5 38 13
29 44 21 30
3 41 21 4
6 5 40 19
38 17 41 35
9 48 30 22
22 10 32 32
18 31 27 47
45 3 28 10
23 30 42 1
38 25 32 30
3 31 20 42
44 44 43 22
24 5 49 31
25 8 11 14
4 3 28 38
0 19 39 30
12 2 40 9
31 38 42 33
38 16 37 2
2 19 23 40
28 26 32 38
10 25 36 6
8 32 25 36
13 26 26 21
3 20 44 10
2 19 32 27
4 39 22 33
11 27 24 14
21 5 26 7
0 39 12 47
10 35 39 4
27 42 0 6
8 29 9 2
20 24 25 6
26 5 20 35
18 29 29 6
4 27 26 46
42 26 31 5
29 5 40 6
31 39 29 32
26 10 31 35
11 39 36 32
22 3 27 39
23 12 14 12
9 31 28 49
6 30 30 13
0 21 22 26
4 21 43 15
26 8 5 46
32 22 42 18
26 5 9 47
2 41 36 13
2 32 44 11
43 16 29 31
28 27 21 33
9 47 45 2
17 26 38 11
28 7 16 3
11 33 8 3
18 26 22 36
24 11 30 34
0 31 44 33
23 7 47 43
3 17 43 5
0 35 36 9
44 12 37 5
44 28 40 18
1 18 38 45
23 3 21 43
3 19 18 3
3 18 27 36
24 10 36 27
3 20 38 40
24 19 37 37
22 12 34 9
33 14 21 2
24 4 30 13
26 8 44 34
17 26 42 3
30 8 40 31
21 39 24 9
32 46 30 12
5 19 11 47
41 37 35 35
0 19 41 22
13 26 34 45
49 23 12 2
41 46 44 1
32 34 31 46
13 23 35 40
2 35 36 10
48 11 21 44
34 23 19 10
20 2 26 43
4 18 41 34
41 16 30 31
4 18 0 9
2 32 15 32
12 46 17 32
39 30 21 41
16 22 49 44
4 20 24 36
