50 149 16285 800
42 26 5 31
7 16 23 10
33 0 26 27
32 21 6 42
33 12 6 38
3 38 13 10
11 27 13 6
39 22 10 26
1 37 18 24
32 42 40 16
10 30 15 7
30 6 0 35
9 35 48 22
41 24 28 23
45 34 11 41
24 7 10 3
11 4 2 34
17 10 24 26
45 19 48 27
20 44 42 14
7 49 8 37
25 12 8 41
49 31 0 0
26 10 29 23
13 19 41 33
3 32 0 36
33 5 48 29
3 1 43 25
29 5 48 24
4 44 36 33
7 39 43 31
10 28 10 46
1 39 40 36
37 42 0 3
16 37 10 35
8 29 39 22
0 46 14 45
34 13 29 11
10 13 29 18
49 12 10 7
5 28 43 25
3 37 43 30
9 33 23 14
39 24 13 45
0 1 48 23
44 49 1 29
40 19 43 27
1 32 38 12
39 25 9 40
22 25 31 43
43 23 41 37
31 6 5 26
23 46 27 23
11 15 3 41
28 4 38 32
6 37 30 41
49 18 1 16
38 0 5 42
37 32 49 24
42 20 23 6
12 27 44 35
45 24 12 4
25 12 44 30
31 32 43 2
37 17 22 23
40 9 20 23
45 29 12 15
8 30 35 29
35 3 5 42
12 18 8 40
12 6 12 22
10 35 20 8
22 24 34 34
19 47 36 1
6 4 42 34
48 31 3 40
22 3 18 18
3 23 26 28
17 24 9 31
6 30 4 11
22 11 15 11
6 39 38 27
30 47 21 5
22 7 46 31
13 1 48 25
18 48 9 17
9 9 47 36
20 42 21 25
7 10 40 29
26 46 5 28
31 27 8 44
34 8 49 28
4 12 24 25
7 48 42 42
45 21 35 19
13 44 38 31
31 11 37 35
14 9 7 24
17 4 3 19
34 28 11 30
5 33 45 21
1 21 2 34
32 37 31 16
0 18 14 10
24 4 42 49
7 26 19 8
8 33 26 0
23 24 11 4
5 37 41 0
8 25 10 8
11 3 35 34
48 21 41 31
37 6 24 14
2 35 39 35
25 22 2 28
41 27 8 9
20 43 6 23
45 29 10 16
24 29 31 36
2 34 15 10
24 5 11 9
39 32 3 19
12 31 38 31
9 34 43 24
32 30 8 1
14 14 44 32
4 31 13 42
32 8 1 24
23 6 3 4
4 12 48 28
38 26 10 47
1 29 9 21
0 8 44 28
17 24 9 47
30 23 46 25
14 8 49 22
16 36 7 29
33 5 46 27
41 21 48 24
6 36 33 10
3 20 11 48
42 35 7 29
6 16 21 1
24 26 14 47
25 3 5 41
8 27 5 3
42 26 45 34
16 25 2 42
2 33 47 28
