50 514 11986 800
38 27 10 25
14 39 45 18
26 31 11 23
0 6 31 19
15 31 27 35
30 17 37 23
0 45 42 26
48 16 45 49
7 24 14 3
15 31 37 12
26 19 0 12
7 34 40 27
13 6 37 20
31 27 45 27
25 27 22 22
23 38 3 15
11 10 37 4
14 10 25 32
41 27 45 49
26 35 34 22
14 36 21 8
24 34 40 14
21 31 6 26
4 38 34 30
25 36 44 28
5 7 16 15
13 37 5 18
30 31 34 16
9 47 20 29
14 35 10 11
25 29 6 14
34 47 49 34
25 34 8 18
37 37 13 8
46 2 25 30
18 38 17 30
35 17 33 28
5 9 15 24
25 26 44 34
10 48 28 10
22 33 15 27
15 43 21 18
25 38 36 42
15 16 39 13
4 41 26 24
34 30 32 17
24 35 48 12
32 35 3 14
1 46 38 25
26 27 1 14
7 12 16 1
12 27 37 20
0 49 0 22
14 40 28 9
39 17 0 19
24 33 41 19
17 47 7 27
20 26 4 2
24 34 41 28
26 46 35 24
7 40 26 26
10 5 14 9
46 48 41 30
16 41 15 7
20 37 30 21
23 32 39 23
2 49 18 25
26 13 12 23
8 9 37 21
28 30 42 20
26 17 23 15
5 43 40 26
22 31 40 5
33 30 28 19
21 31 43 15
35 13 12 1
26 31 10 5
7 6 16 13
26 19 45 19
6 44 41 21
25 38 40 29
21 27 22 19
19 24 27 16
5 29 46 41
25 34 30 30
20 3 31 25
46 7 0 18
25 28 25 14
41 8 5 20
20 37 46 18
0 45 37 19
29 48 20 27
17 23 40 27
14 42 47 38
26 21 32 11
23 35 29 13
5 9 28 21
43 36 32 17
27 27 33 29
35 17 36 0
15 28 4 11
27 36 13 14
5 44 14 16
30 38 36 27
27 34 43 10
24 34 19 15
9 6 35 29
17 40 21 5
32 9 48 21
8 7 40 21
30 40 25 23
13 43 20 29
6 29 12 19
30 14 47 46
40 34 46 40
2 49 36 24
16 45 42 28
29 39 39 22
25 48 34 27
42 10 19 24
44 34 35 13
9 28 31 5
38 9 45 21
4 46 7 10
14 46 40 19
5 47 33 23
28 42 38 16
14 32 14 23
5 37 23 19
7 6 4 19
20 35 21 21
14 8 3 8
3 35 40 20
23 30 39 17
27 28 36 19
33 43 6 14
7 8 18 36
2 42 6 17
40 39 41 19
27 30 17 9
8 41 38 19
20 22 11 13
18 48 44 48
19 42 40 28
24 32 37 23
10 5 34 28
32 40 34 2
33 3 28 27
9 10 43 33
15 30 40 31
17 44 40 15
4 29 20 22
8 8 34 22
23 22 3 1
7 28 26 1
29 29 44 6
28 37 41 33
3 45 35 29
15 40 14 21
37 22 4 11
6 17 43 6
11 44 24 15
22 36 7 22
0 45 38 28
28 30 37 5
2 29 18 8
14 37 31 26
24 29 5 6
25 38 40 13
27 37 15 4
18 31 3 20
26 35 0 14
3 37 37 30
14 43 35 21
44 27 42 18
29 36 46 41
38 38 31 9
25 35 41 25
8 38 9 26
9 12 8 20
39 18 11 1
24 35 15 23
36 15 22 20
29 22 33 1
22 38 35 18
29 38 24 8
17 35 37 33
22 32 25 17
24 37 1 7
40 23 15 22
27 27 40 15
32 26 31 12
41 31 6 12
23 30 38 22
24 36 4 3
2 33 21 28
0 45 17 23
49 26 25 15
8 38 36 9
22 39 4 17
34 46 31 24
28 38 22 8
24 39 31 18
36 39 40 13
2 47 23 20
25 37 7 30
24 27 28 1
37 24 14 35
2 42 31 44
5 40 32 0
3 15 32 2
6 38 37 19
35 31 39 32
39 8 49 38
25 22 33 26
17 39 4 26
15 44 39 24
30 28 49 43
12 9 42 20
37 34 40 28
8 44 7 20
6 8 42 27
29 30 39 16
8 36 43 48
21 35 26 14
47 25 39 14
26 10 3 8
33 43 1 15
15 23 39 27
1 43 41 6
4 12 41 10
20 32 5 8
17 34 14 21
3 45 34 11
15 18 1 6
42 4 30 0
3 35 38 15
24 35 31 23
35 9 1 11
17 49 7 4
1 39 46 25
22 37 37 0
7 32 35 21
8 12 46 18
27 18 3 35
39 44 36 11
4 41 23 19
35 42 36 24
48 39 5 27
19 42 37 31
26 37 30 14
26 33 49 34
47 7 4 25
24 28 42 25
30 31 39 23
12 45 37 20
8 39 44 34
0 45 36 22
31 20 8 12
24 21 40 34
10 35 35 20
25 31 9 19
26 34 28 15
22 41 31 11
14 36 45 14
0 37 10 14
30 16 1 11
40 8 3 22
29 33 18 14
8 8 24 15
26 31 14 5
43 46 35 18
11 24 1 2
42 34 41 38
23 30 21 18
26 33 39 7
30 40 35 26
13 41 44 0
33 20 32 25
7 15 30 28
25 30 38 11
8 44 11 21
9 7 40 33
23 31 35 15
42 30 37 21
29 34 47 5
22 22 35 12
17 44 32 28
39 36 47 13
27 47 29 22
26 32 30 12
34 38 0 22
14 33 9 12
28 19 36 36
37 33 33 35
16 46 39 24
28 45 16 0
20 42 39 25
13 44 39 27
29 33 19 13
24 24 7 14
27 36 42 31
9 11 47 43
6 6 21 14
49 10 34 23
12 30 34 11
26 32 2 22
38 36 47 18
4 47 32 45
36 32 37 16
27 33 10 18
6 30 32 38
12 7 36 26
23 33 31 23
44 38 22 25
25 33 33 28
46 37 40 48
39 36 6 27
12 36 42 12
28 48 28 21
43 19 3 12
37 37 39 19
23 30 43 24
27 34 40 22
10 17 8 21
10 35 30 10
24 22 48 46
28 38 36 25
1 49 43 10
32 20 7 13
39 27 42 10
27 31 43 31
20 40 5 7
14 29 46 38
3 47 29 4
24 34 42 24
15 32 49 6
20 33 35 30
4 10 2 5
10 38 30 12
11 34 8 27
1 44 5 5
49 23 43 19
21 33 16 29
25 30 39 20
32 25 47 48
13 7 27 18
27 38 35 5
35 3 34 31
34 25 35 12
31 31 5 14
27 32 2 17
23 35 26 6
24 38 15 34
36 17 2 6
7 46 46 46
11 43 6 13
8 12 36 8
23 34 29 15
36 22 4 19
9 10 44 43
23 16 0 9
42 36 2 11
11 45 47 10
24 36 25 19
26 32 41 14
18 8 43 24
36 14 8 12
42 13 43 7
32 36 11 17
17 32 42 21
1 41 29 16
6 9 42 25
16 34 32 33
25 30 40 19
35 36 43 2
27 32 30 15
9 9 38 15
16 38 23 27
7 44 26 27
7 46 30 30
24 43 35 8
22 33 12 4
15 31 19 15
4 29 6 19
23 36 3 11
24 38 29 14
35 45 30 20
16 29 22 14
11 39 16 23
12 11 40 34
10 32 0 11
30 30 34 2
26 28 1 3
43 10 41 29
8 8 13 4
47 19 41 31
11 48 40 34
26 38 23 13
4 37 47 21
14 34 35 19
12 28 35 1
27 33 44 42
39 36 38 26
34 45 19 22
34 30 38 15
27 35 47 44
25 38 29 9
16 36 43 16
28 9 25 12
15 27 12 22
5 37 5 12
25 30 8 23
29 17 31 30
19 17 0 23
9 11 0 15
34 46 34 2
18 41 34 23
9 37 37 14
26 34 3 8
24 38 29 4
4 35 24 24
0 36 36 17
13 43 35 24
26 35 2 21
17 39 35 29
32 27 13 16
16 25 13 4
2 43 31 26
9 25 39 12
28 37 14 23
31 1 34 26
18 42 13 22
11 10 30 15
10 34 2 20
0 44 12 2
22 13 33 9
9 49 9 9
24 34 39 25
5 33 45 23
47 35 36 26
3 37 13 24
10 27 26 13
28 30 37 18
25 33 2 12
24 35 37 26
35 41 27 4
25 38 17 15
35 12 6 21
35 15 10 19
23 38 9 20
31 44 7 26
38 35 36 13
27 35 38 16
13 10 17 28
4 35 27 27
18 7 33 13
25 33 35 11
13 10 18 6
36 35 38 14
31 14 29 8
9 14 45 4
30 30 0 10
14 12 33 1
35 35 41 0
23 47 16 6
20 39 45 4
7 18 37 23
27 33 39 25
32 29 30 12
9 39 8 10
16 48 43 13
29 30 41 17
9 15 35 20
46 41 5 0
18 26 44 2
18 42 21 15
24 30 39 18
23 31 48 9
21 39 31 30
25 32 2 5
28 0 10 16
37 15 44 17
15 23 36 1
23 33 37 42
9 27 5 24
37 30 21 19
23 21 34 29
11 34 42 7
28 29 49 37
26 29 1 19
1 30 19 5
15 36 43 26
21 34 43 31
7 15 12 15
27 33 0 7
13 15 31 16
38 17 35 37
3 9 34 20
17 27 13 2
26 37 37 21
27 40 43 15
4 43 38 27
25 11 33 33
30 20 45 21
8 6 37 23
25 29 24 8
23 28 32 7
46 8 33 27
27 29 34 28
9 12 39 27
17 41 30 5
24 39 36 21
10 15 0 15
