50 81 18997 800
12 16 14 32
16 7 49 49
3 35 35 44
30 39 9 47
32 22 8 42
34 29 42 40
11 7 21 31
32 32 29 11
41 45 9 14
37 24 18 34
30 39 1 48
31 2 23 26
2 11 20 14
26 8 22 32
41 45 9 31
47 37 44 31
6 5 19 33
15 9 24 38
14 7 27 39
32 30 36 28
40 6 23 32
13 4 43 47
37 12 15 33
9 10 10 20
3 32 20 21
10 11 9 20
28 33 1 32
33 27 24 49
5 19 33 39
44 32 28 32
0 39 46 20
34 9 34 29
28 16 5 28
29 12 46 42
36 31 29 35
24 1 19 14
38 17 20 40
36 37 25 47
44 3 28 21
34 24 5 44
14 1 11 27
25 40 25 12
0 33 18 43
0 10 30 31
8 0 11 23
20 8 13 35
21 28 21 16
8 14 31 11
30 20 17 32
47 9 1 47
35 30 23 28
28 38 26 31
29 24 12 12
35 36 15 28
36 17 43 29
31 42 41 40
3 14 20 36
27 32 12 39
21 7 16 34
11 14 10 0
20 12 4 28
30 44 30 24
43 16 6 30
2 33 22 17
38 11 32 31
3 14 29 33
42 9 32 48
10 7 17 32
15 0 38 37
30 4 29 23
8 29 23 31
0 11 21 20
10 19 49 43
42 9 3 35
33 0 14 4
30 1 10 19
42 14 15 41
26 34 16 28
28 1 15 14
4 30 17 41
27 17 18 38
