50 765 18178 800
15 35 5 2
24 47 7 3
19 32 14 26
10 33 25 33
28 48 27 19
15 33 41 37
17 32 30 35
40 37 32 47
23 43 23 24
37 20 13 38
14 23 27 20
0 33 37 10
18 28 7 5
23 45 27 42
40 22 20 30
12 37 43 41
26 47 31 25
28 49 4 2
34 26 23 11
25 46 47 13
32 48 39 41
48 25 29 27
40 33 46 22
43 29 39 34
24 44 49 13
13 33 27 25
13 42 39 3
1 20 26 36
28 44 13 30
34 23 1 10
41 43 4 7
16 43 38 34
21 22 9 6
31 44 9 8
40 30 11 6
40 24 32 32
24 28 21 16
36 27 40 30
17 36 5 9
39 18 13 8
20 38 36 46
37 21 43 18
25 28 42 1
10 1 22 0
34 5 8 6
19 32 44 33
19 25 5 7
40 32 29 16
29 36 23 43
37 25 32 34
31 40 46 9
25 40 24 15
36 23 29 8
30 39 39 28
10 40 28 21
31 45 5 4
7 45 48 49
38 17 29 27
24 49 9 18
14 44 33 22
14 47 8 2
13 35 6 2
20 36 24 38
38 19 8 6
31 41 1 5
35 27 4 27
15 40 14 15
24 43 9 1
23 3 35 35
15 2 11 6
37 42 45 33
15 30 4 11
41 24 22 23
7 24 34 44
27 43 20 32
33 44 34 35
1 25 10 32
20 33 39 28
45 11 42 47
37 2 14 16
13 38 8 18
32 26 19 12
11 22 34 19
12 31 34 5
15 32 8 5
40 20 40 7
38 24 32 17
46 2 39 21
4 18 26 32
8 25 20 38
29 48 6 5
49 30 24 10
4 21 38 17
40 39 44 26
39 1 10 21
8 39 9 5
16 36 21 48
17 38 8 6
3 18 48 46
42 12 4 5
8 33 10 7
29 46 0 11
49 0 17 2
31 45 29 25
39 40 28 40
34 0 38 12
4 21 47 45
11 36 18 25
46 17 10 2
13 36 49 12
2 18 34 10
28 43 42 25
30 44 44 32
37 11 29 28
9 34 25 5
47 1 1 10
41 28 38 7
16 36 25 22
35 23 2 41
22 44 34 19
24 46 7 23
20 36 35 49
33 12 6 3
39 24 10 6
19 14 9 1
12 41 42 41
17 16 44 5
17 38 8 0
36 18 7 21
44 16 16 14
24 48 37 13
10 34 22 46
6 20 29 43
20 37 40 4
11 29 9 3
11 40 37 29
39 28 8 1
49 21 41 18
5 5 37 14
43 19 5 0
49 19 43 13
25 33 37 15
9 37 35 31
32 25 8 4
36 49 6 0
25 43 44 49
49 30 25 19
2 26 21 33
41 11 26 45
46 22 26 42
29 11 49 23
26 34 40 22
38 26 6 3
15 24 9 4
48 6 47 13
13 27 36 17
26 22 41 35
34 6 37 37
3 23 24 29
17 35 40 14
47 5 22 28
39 19 8 5
11 22 21 41
16 39 35 34
27 0 6 6
40 23 7 2
4 18 38 17
28 47 9 6
7 20 40 27
33 49 30 46
19 45 41 45
20 33 26 21
37 22 49 32
11 10 48 44
28 3 35 46
44 35 12 5
27 49 31 7
31 43 8 4
45 36 24 35
46 4 8 4
3 22 22 11
38 22 42 4
4 37 8 6
28 32 34 4
21 36 38 29
1 20 6 3
19 37 33 32
33 29 25 28
3 34 45 30
25 42 48 39
14 43 29 35
42 17 44 20
15 29 35 25
35 24 10 6
4 27 35 23
35 5 12 0
31 22 33 12
19 44 22 42
43 21 2 4
10 40 33 7
42 4 13 4
20 39 8 2
29 38 3 4
42 20 35 33
17 48 14 6
8 23 4 1
4 11 9 6
40 14 43 24
9 32 8 3
28 42 47 27
19 27 35 27
3 36 47 23
48 15 7 5
46 19 21 12
27 12 5 3
33 12 38 24
3 25 21 35
30 19 28 33
6 45 25 18
36 23 3 8
13 11 39 29
42 17 9 10
40 8 37 1
13 34 43 39
34 48 29 36
32 45 28 15
45 42 45 30
45 22 17 43
16 33 32 29
26 41 36 16
39 18 23 16
24 40 6 2
11 24 10 3
2 21 13 2
49 19 48 34
22 31 39 20
12 39 41 10
13 40 43 39
31 47 20 6
49 26 22 0
18 48 31 34
4 20 19 22
34 19 5 1
43 20 44 31
11 37 12 11
22 20 22 38
19 38 25 33
30 43 44 21
27 48 14 42
40 25 41 5
36 18 5 3
35 29 39 1
33 48 25 14
5 28 42 37
26 26 7 3
43 0 8 5
45 30 20 22
8 36 27 16
29 39 41 9
28 43 19 21
38 33 40 49
33 6 29 17
8 37 36 16
35 15 3 0
28 40 19 23
37 21 0 7
48 0 46 49
28 39 12 40
9 31 10 11
38 23 40 3
32 46 15 16
44 8 6 2
45 22 41 40
24 44 39 10
40 13 46 24
15 46 6 4
2 23 38 23
30 48 12 8
14 31 5 4
31 38 7 2
20 45 13 18
17 38 22 3
42 14 32 39
30 40 11 33
18 34 6 2
9 26 10 21
2 33 38 25
30 44 31 28
32 46 8 6
26 46 13 8
26 41 36 16
39 10 41 3
48 17 18 22
33 41 8 4
47 32 39 33
40 17 11 7
48 22 38 20
47 29 38 17
22 37 45 7
34 48 8 6
5 18 28 15
39 24 46 41
6 24 27 21
28 18 9 6
28 38 36 3
45 15 38 5
27 41 32 39
31 44 25 26
15 3 41 30
10 40 39 18
42 30 44 26
31 42 9 6
26 43 32 38
5 33 16 21
35 42 30 6
39 22 43 40
40 23 9 40
28 41 38 49
28 43 11 4
36 29 24 29
11 29 5 2
44 10 36 38
48 9 17 23
32 0 12 9
41 20 12 5
2 27 14 44
23 28 34 21
34 30 22 30
29 43 9 20
32 0 41 4
7 29 15 8
10 41 32 21
48 3 8 6
45 17 4 0
21 47 49 20
15 28 40 9
3 38 37 5
31 40 4 43
31 43 8 4
44 29 37 20
13 30 8 7
7 35 24 21
17 39 26 8
46 34 5 4
0 25 11 12
36 30 7 10
17 17 13 0
28 21 39 38
30 44 11 5
42 44 7 12
42 6 39 46
33 23 7 1
39 11 40 24
44 20 26 21
36 25 19 11
27 15 8 11
30 42 40 17
8 20 7 3
39 25 1 25
3 26 8 4
41 13 4 8
15 33 30 25
32 47 13 30
24 7 21 34
41 3 6 7
16 24 14 3
28 41 0 3
39 18 35 45
16 28 10 0
5 28 42 28
32 4 36 1
45 10 10 8
26 46 9 1
21 45 8 8
44 18 40 29
19 23 7 2
12 30 30 33
36 21 27 17
9 40 41 17
48 8 12 6
39 11 42 3
26 37 6 3
24 18 49 28
42 21 37 31
38 12 11 5
40 17 6 0
19 30 33 17
27 26 34 35
18 48 4 0
40 18 37 7
17 13 17 34
29 40 44 39
24 28 12 7
43 6 7 8
12 33 38 39
45 22 7 2
48 47 16 11
17 31 38 2
28 6 37 0
21 33 41 6
43 26 40 40
45 17 42 31
25 44 8 15
47 12 31 16
49 7 47 22
0 31 27 39
11 28 27 42
38 31 23 40
17 34 11 5
7 24 20 32
26 21 11 3
44 5 26 33
44 41 7 1
35 24 36 19
25 37 3 47
28 42 34 15
13 40 19 20
32 23 9 5
22 9 9 0
13 14 42 41
22 26 10 0
26 8 32 1
33 3 8 11
45 8 45 49
32 12 7 7
16 30 19 28
44 24 10 6
32 19 36 12
22 39 5 21
37 30 34 14
33 7 8 1
7 33 34 36
12 34 23 0
46 0 8 40
23 36 34 32
4 25 40 17
33 25 38 45
42 22 9 8
40 28 3 2
13 35 44 20
28 44 10 4
31 0 40 40
23 35 14 9
5 32 13 15
18 34 20 3
36 27 28 19
29 42 4 2
41 26 4 12
32 49 36 37
27 41 40 7
24 32 37 38
11 40 44 3
37 16 38 1
18 40 48 18
4 24 7 27
40 11 23 23
33 38 29 17
42 29 25 18
21 37 33 24
17 36 21 44
17 41 21 30
19 41 14 49
12 46 41 35
14 41 42 18
47 13 48 2
41 25 23 27
23 32 18 9
38 39 38 18
13 18 34 30
0 22 40 8
18 34 9 6
24 43 38 13
24 11 42 5
25 39 49 21
37 34 10 4
33 5 1 13
14 38 6 5
34 22 3 11
17 39 46 44
23 49 7 6
23 15 25 41
16 35 46 29
46 32 5 2
41 3 47 36
35 46 19 44
13 43 39 36
10 39 13 3
28 44 24 40
5 37 15 11
24 46 8 4
3 9 32 18
18 5 32 20
44 31 10 4
30 42 8 16
44 30 25 8
39 20 26 32
7 28 25 35
31 16 37 28
31 43 42 4
20 48 36 14
28 43 11 3
28 43 39 2
7 26 43 8
35 24 28 46
32 43 6 17
19 48 36 41
37 21 15 42
34 41 9 4
24 48 37 29
30 43 27 22
3 24 8 4
27 39 36 0
33 32 8 8
28 49 23 8
20 22 9 1
37 30 0 11
35 28 1 8
6 25 31 41
26 44 37 12
4 42 28 38
11 23 37 13
24 12 48 41
30 46 42 2
10 27 37 38
36 45 19 26
42 33 36 18
23 40 44 32
17 33 38 41
22 30 38 6
20 15 30 30
37 10 39 27
33 18 26 3
5 21 6 13
14 40 19 22
40 18 0 13
34 41 10 7
35 14 9 0
37 23 41 43
34 46 34 10
24 48 19 7
31 41 33 18
37 22 37 42
38 21 32 31
25 44 35 19
11 36 8 3
49 8 47 20
15 30 8 2
33 46 4 5
40 15 47 17
17 37 14 6
17 36 48 36
9 34 10 5
33 28 37 24
44 6 28 30
31 9 34 22
14 33 31 30
30 18 11 3
17 29 7 3
28 43 39 6
13 46 11 1
43 39 37 18
12 34 8 3
34 44 26 13
2 29 45 45
19 45 44 5
25 29 23 5
4 22 7 7
14 31 37 24
36 13 26 20
24 32 19 30
13 26 9 4
36 17 7 9
30 44 11 4
1 22 29 42
45 32 13 8
14 48 30 39
41 28 45 21
20 29 25 47
28 47 36 20
27 15 26 26
39 17 9 9
29 41 29 35
17 6 6 14
9 37 22 4
1 42 49 47
0 0 27 18
14 30 7 3
33 16 34 33
12 32 21 18
17 35 42 5
12 32 7 5
29 16 6 5
7 48 23 33
3 18 12 26
14 48 32 44
16 37 41 18
16 33 45 15
28 6 10 5
6 39 30 26
46 37 31 24
29 10 12 5
35 15 9 7
18 42 8 8
47 4 48 16
37 20 9 3
30 45 23 3
22 38 43 23
23 36 8 6
32 0 14 12
29 43 14 9
26 49 31 7
1 20 18 18
38 17 31 7
25 44 8 7
22 35 36 35
33 12 37 5
30 39 33 44
28 17 7 4
17 31 7 13
42 18 30 19
38 3 39 38
24 37 6 3
42 25 43 33
24 43 28 42
17 31 16 44
29 42 27 28
38 26 14 15
38 31 28 42
20 29 9 3
40 25 45 29
31 28 42 20
11 36 37 10
28 41 40 4
30 28 48 2
36 21 4 23
30 47 30 12
35 9 17 23
36 31 9 2
21 47 34 30
44 31 23 10
32 13 40 25
39 25 16 35
40 19 45 7
28 40 8 7
12 36 24 49
23 37 40 37
29 40 36 39
20 42 19 37
22 30 2 6
14 30 36 3
5 26 6 5
10 37 26 25
5 32 27 45
13 33 24 6
24 35 40 24
30 42 38 39
23 37 5 4
14 46 48 20
31 25 49 46
37 14 43 0
37 28 4 8
30 41 33 27
35 49 35 23
16 25 8 2
35 48 11 3
13 34 12 6
28 43 42 20
42 10 35 38
5 33 18 33
18 37 30 19
42 20 43 1
18 40 45 48
49 14 27 2
19 34 34 42
23 48 46 28
35 28 24 19
15 39 41 45
28 41 12 8
32 21 34 24
39 29 9 8
33 49 21 41
25 46 46 34
9 35 7 0
23 9 5 0
4 18 31 14
26 42 8 19
10 34 10 5
44 35 47 31
44 3 13 23
25 11 17 29
13 28 11 4
27 39 23 24
43 16 46 30
36 24 42 13
17 42 9 8
0 23 5 7
41 47 45 12
11 26 10 0
16 16 6 8
5 43 45 17
7 33 26 21
26 47 31 11
17 36 16 41
39 19 37 5
47 33 27 4
3 28 9 3
25 40 9 7
45 6 38 21
16 34 39 2
44 10 33 16
17 35 30 27
0 20 42 18
0 36 29 33
49 0 28 19
9 26 4 0
39 21 15 32
15 27 42 5
38 6 11 4
48 20 22 23
45 20 45 9
19 36 34 23
42 8 10 5
45 5 25 3
20 32 14 2
19 29 17 13
12 15 32 7
27 48 45 26
37 30 36 21
48 19 37 43
47 31 7 5
33 47 31 33
22 39 17 33
45 5 31 41
27 43 33 25
19 41 31 35
43 25 13 0
14 34 26 23
37 23 13 2
29 1 23 38
26 44 12 4
6 20 13 2
38 24 15 22
35 11 38 19
2 22 28 25
23 42 24 36
25 45 14 32
36 14 10 7
24 43 10 4
27 44 10 4
4 26 6 14
9 36 29 18
30 21 22 22
34 22 24 2
31 1 38 2
28 44 25 35
37 18 8 5
13 18 11 0
21 46 8 2
34 27 4 18
29 35 19 1
45 32 19 0
24 42 23 1
42 6 5 2
27 42 37 46
23 37 24 5
