50 158 13641 800
44 26 46 20
22 23 32 43
34 42 21 30
45 26 21 26
42 43 37 1
36 49 9 4
15 14 24 44
30 19 22 33
20 30 39 30
35 35 11 10
24 24 31 19
19 6 30 26
16 13 25 29
32 36 27 5
45 40 22 25
46 41 44 0
21 32 24 35
20 9 42 40
45 8 48 13
26 32 36 40
19 46 35 42
0 28 49 15
39 11 26 33
20 16 19 29
41 7 32 3
5 19 41 16
16 7 49 11
35 40 10 7
34 2 43 19
37 9 26 21
25 13 12 30
12 2 24 27
37 19 47 20
36 38 6 12
41 43 4 13
43 1 49 17
30 27 28 38
47 41 24 24
40 26 14 27
45 38 49 48
29 17 7 4
19 22 10 20
20 29 21 25
7 3 27 32
15 48 44 21
19 25 28 26
33 42 7 30
44 43 29 28
31 40 34 3
22 46 20 18
32 35 11 16
45 41 32 0
19 27 42 21
35 40 27 33
21 29 23 26
21 27 47 20
26 25 46 15
21 22 1 31
24 25 14 4
24 40 46 18
15 14 6 21
23 16 30 27
44 41 12 13
18 0 36 31
40 6 29 47
25 12 3 18
38 11 32 27
48 25 42 29
30 23 21 27
12 30 13 19
14 13 48 25
21 23 44 23
15 41 34 27
21 26 8 7
40 46 33 39
18 16 25 28
33 32 20 20
34 23 38 39
23 27 11 18
21 15 11 4
16 0 43 15
22 24 32 27
33 7 17 28
31 30 0 33
45 40 13 30
44 43 13 8
16 26 21 26
20 36 41 15
35 29 42 15
17 21 36 26
42 38 27 26
29 28 42 22
29 27 47 17
33 34 27 10
11 18 48 19
46 43 40 17
43 44 41 15
29 24 26 29
26 21 21 27
37 44 45 19
25 20 27 35
1 46 30 27
8 15 34 3
18 3 5 27
28 40 33 19
48 18 4 29
13 26 27 23
27 8 23 29
21 20 19 29
31 38 39 34
27 39 3 16
18 28 13 9
44 38 16 21
14 10 41 35
5 20 49 22
11 17 41 16
46 47 8 9
37 39 8 23
9 8 46 21
7 40 25 25
28 18 47 3
18 23 20 43
33 33 41 1
36 49 15 25
16 26 41 26
36 47 22 11
37 18 48 16
47 41 23 28
18 24 44 16
41 10 26 28
45 45 7 29
4 24 45 11
24 38 3 3
47 45 31 5
33 35 23 2
35 37 20 17
29 18 49 15
33 23 1 12
34 41 19 15
49 35 32 27
18 23 44 7
19 4 39 17
22 41 26 26
26 22 44 30
43 45 12 19
33 27 16 25
20 26 31 34
23 29 21 12
20 32 34 3
28 37 48 13
40 32 34 28
29 18 1 9
34 36 43 46
11 17 20 29
20 29 22 22
30 34 25 26
12 8 40 23
39 38 22 35
