50 468 18715 800
9 34 36 8
30 38 9 15
29 38 36 8
27 43 41 11
2 43 45 12
43 24 27 20
24 49 12 21
30 41 33 23
26 40 23 49
10 34 19 33
46 8 32 24
30 35 7 19
10 45 13 20
33 39 20 31
38 47 10 16
1 27 11 26
28 46 41 10
24 43 39 9
41 47 23 47
25 45 6 37
1 30 12 9
2 34 39 10
31 37 41 4
23 48 14 16
18 44 8 17
6 49 40 7
35 35 11 25
2 19 9 17
38 42 4 36
41 39 12 20
23 45 29 15
9 39 16 18
39 43 10 18
26 40 39 11
26 46 8 21
29 37 42 5
39 30 11 17
34 49 14 25
33 44 38 9
32 30 10 23
6 27 38 9
6 32 21 6
8 33 40 12
38 38 14 20
14 43 9 16
0 28 12 20
34 44 12 44
10 24 40 7
28 44 22 2
1 31 17 17
0 32 40 6
26 37 10 43
4 31 12 6
38 19 17 46
27 40 20 24
25 38 23 45
45 9 19 19
32 43 42 7
6 30 17 18
28 46 13 21
5 25 38 8
23 44 11 23
32 48 14 16
3 28 12 21
24 46 9 18
5 31 23 34
19 39 12 15
19 49 39 11
0 27 23 48
5 34 17 21
2 29 37 6
0 32 15 19
1 35 20 8
4 32 40 8
39 0 8 25
30 46 10 19
1 34 14 22
1 27 40 10
7 34 10 21
26 49 39 12
31 25 43 11
27 39 16 29
30 44 19 47
28 38 14 19
30 44 38 7
42 42 0 37
6 36 44 8
6 32 41 9
2 18 42 9
5 41 35 11
21 49 0 47
4 38 6 15
44 12 14 22
42 10 14 14
5 30 34 8
44 16 14 24
6 30 0 23
42 14 40 7
32 45 15 18
32 48 4 4
40 46 16 18
40 4 43 13
4 33 40 9
4 30 6 19
34 45 12 24
0 31 33 9
36 48 37 8
42 22 14 14
28 34 42 7
24 43 40 10
1 29 10 40
5 32 35 8
31 46 43 6
26 46 39 5
47 7 28 38
30 46 11 14
43 49 38 14
26 35 13 24
5 23 35 17
10 31 40 9
21 38 40 8
2 26 39 2
33 38 0 46
24 45 40 8
32 46 9 18
49 29 16 32
26 38 11 34
7 37 12 19
12 37 15 21
9 30 41 6
26 37 35 13
30 43 40 3
24 44 46 7
6 27 10 18
34 47 16 24
22 44 36 5
43 49 38 4
11 37 14 16
25 45 7 14
27 48 12 17
47 12 15 15
33 45 35 7
3 35 12 23
27 37 17 19
29 49 6 48
9 35 5 18
7 4 14 17
1 26 10 30
30 40 5 28
6 21 41 5
33 42 40 3
26 37 40 11
44 40 0 31
23 42 42 5
33 48 23 19
5 25 38 11
39 33 26 16
23 47 2 15
44 45 4 15
2 25 9 19
48 11 11 18
44 2 35 8
12 40 12 19
3 44 14 20
29 37 22 25
33 46 38 11
36 24 41 11
38 40 6 23
44 11 19 30
4 36 43 12
26 46 9 17
7 34 12 37
3 1 33 12
25 43 23 3
30 44 6 22
24 40 41 5
1 26 14 20
0 23 16 23
5 4 11 15
34 48 5 15
9 35 42 13
25 41 3 14
6 34 11 43
26 34 7 25
3 27 34 9
39 21 35 4
31 48 40 10
28 42 38 6
47 38 29 18
28 48 40 9
36 44 14 28
34 43 44 28
30 40 15 12
44 7 8 18
0 23 15 16
7 33 6 39
34 30 27 5
33 42 10 17
28 44 13 21
29 40 18 18
0 30 10 20
41 4 10 16
20 43 41 6
30 33 18 21
41 7 18 18
29 38 38 5
27 48 38 4
43 34 35 33
17 33 10 13
5 28 16 21
27 33 36 11
0 23 29 20
8 27 12 23
32 46 15 20
26 39 29 16
5 27 11 23
36 47 40 7
44 26 38 8
30 43 42 9
10 26 12 23
25 40 14 35
35 49 39 8
1 35 43 10
11 34 38 4
37 27 34 6
6 20 37 12
1 35 33 30
5 39 36 11
9 31 26 17
30 45 39 5
47 10 7 33
23 42 14 21
9 28 39 9
49 8 16 22
41 1 38 9
39 41 16 45
21 45 15 41
8 30 34 11
9 49 13 19
11 45 34 26
3 43 38 9
9 43 46 3
24 46 11 14
37 44 18 42
43 48 42 7
29 42 12 19
26 49 8 17
27 39 15 37
23 40 9 22
4 32 37 6
0 29 35 10
6 30 39 10
3 29 42 6
1 26 5 21
28 38 13 17
28 34 35 7
4 39 38 3
29 37 8 20
32 37 31 30
28 36 36 9
31 42 15 43
49 5 23 30
28 46 10 18
44 2 40 8
46 6 8 22
7 35 43 12
42 32 43 11
25 31 8 17
8 29 15 17
42 32 26 34
45 34 34 48
25 47 6 19
27 44 43 7
32 43 38 7
24 47 46 10
28 44 22 45
3 38 37 13
9 35 36 6
24 36 39 5
2 42 26 20
13 27 41 7
38 11 14 16
1 27 40 6
46 11 41 7
20 29 37 9
44 5 38 14
34 48 44 8
10 43 13 19
49 37 37 6
49 3 8 15
39 48 9 27
25 47 40 5
5 47 39 9
7 33 42 0
6 34 38 12
29 38 37 7
27 48 37 8
33 33 37 11
31 40 44 9
26 41 13 26
38 44 34 6
1 33 16 20
39 48 37 6
6 23 38 8
38 48 11 18
28 46 16 26
11 35 7 16
24 37 34 40
10 26 22 32
26 48 13 19
30 48 41 8
10 47 10 19
3 19 16 10
0 22 16 19
25 44 36 4
41 0 12 20
35 47 27 17
39 33 16 20
36 39 10 20
1 47 43 4
28 45 35 10
2 38 16 22
7 26 16 49
28 48 2 20
41 4 16 39
25 34 39 39
38 42 46 8
19 41 39 37
28 42 41 12
2 23 11 21
28 45 12 42
4 30 34 9
46 11 35 3
47 25 40 6
2 37 42 1
31 45 43 7
0 39 14 21
8 36 9 14
4 26 43 7
35 48 39 5
2 4 31 45
7 32 40 6
21 45 41 7
2 31 8 14
1 39 35 1
11 46 12 18
33 46 35 23
48 9 4 25
47 45 10 27
1 24 10 22
43 17 39 8
46 10 4 15
12 27 10 16
2 26 43 5
2 28 40 8
40 5 17 17
25 46 35 5
26 49 15 13
2 23 5 14
1 25 5 45
39 28 36 5
21 45 16 31
30 37 22 49
7 44 12 14
48 22 31 9
29 27 11 16
4 39 16 23
38 39 39 7
8 38 34 2
3 23 41 6
23 27 7 21
28 38 41 6
42 10 15 24
25 32 45 7
40 4 13 20
0 32 9 46
6 24 9 13
0 26 7 19
43 16 1 34
38 44 40 10
1 21 11 19
32 44 47 6
25 45 37 4
31 49 39 9
1 29 39 5
34 42 23 36
4 30 39 3
27 37 11 14
30 45 13 20
48 6 42 12
4 24 42 9
15 35 46 7
36 48 38 6
16 43 10 35
1 34 35 10
0 41 16 13
0 24 41 8
40 43 16 17
31 35 27 18
27 48 38 5
22 36 7 24
32 39 9 18
0 44 16 22
8 46 40 7
30 42 37 6
5 42 0 13
6 19 17 9
28 40 38 1
29 49 43 9
12 46 17 20
4 25 7 34
10 41 39 12
34 48 9 38
0 30 5 14
8 32 42 12
8 1 17 19
15 35 40 7
20 41 37 5
20 48 20 20
29 41 32 11
43 25 39 10
24 37 39 6
3 37 31 8
39 45 40 5
46 30 19 8
9 39 39 5
17 45 23 36
2 37 38 5
7 25 9 45
32 40 41 5
31 44 13 29
39 13 13 26
31 49 9 23
38 48 13 12
11 39 10 26
2 28 30 25
26 33 29 27
9 36 39 6
9 17 45 12
41 36 36 11
30 32 9 33
31 49 4 15
29 43 23 22
11 36 5 12
8 36 13 16
0 36 13 21
2 27 9 21
42 7 20 17
46 2 8 18
22 39 13 14
30 45 41 6
25 47 39 6
42 5 38 7
47 22 9 22
32 39 39 6
3 23 40 9
32 49 43 5
3 28 14 19
28 40 42 11
32 29 30 8
48 39 6 22
47 49 42 4
8 39 32 6
30 47 12 25
10 39 13 20
28 46 42 8
46 15 14 22
48 30 40 5
