50 566 12006 800
29 13 15 8
13 19 40 36
22 32 6 2
33 33 31 18
18 12 24 20
28 10 46 24
30 36 9 3
15 36 8 23
44 29 32 25
35 25 18 29
29 17 33 1
16 9 47 47
10 10 6 12
32 34 32 47
28 45 40 49
28 17 14 23
27 12 5 10
45 38 33 23
7 23 27 32
12 16 48 36
4 14 47 39
29 14 40 12
24 41 46 40
6 10 9 4
2 35 43 33
15 28 10 8
39 21 49 26
29 6 23 48
10 14 35 46
41 16 44 37
25 22 35 37
32 26 21 2
18 10 39 34
23 45 19 26
29 24 9 4
31 42 21 7
15 36 32 36
4 26 34 36
25 39 27 32
13 20 38 40
12 30 8 19
31 6 43 23
26 19 43 42
19 41 2 4
22 13 20 7
37 29 49 44
28 13 41 41
31 17 47 35
23 22 29 29
32 10 10 38
21 29 40 34
35 14 44 43
30 19 45 42
30 13 39 36
36 23 1 35
13 39 41 38
32 16 28 27
16 24 12 0
36 12 11 20
49 35 36 17
20 9 42 40
44 21 10 0
41 38 7 15
20 45 9 36
30 37 31 42
40 47 44 40
24 34 39 38
27 24 49 44
10 24 25 11
38 24 40 30
10 20 34 29
13 7 25 8
48 34 44 45
29 24 29 8
5 14 42 19
40 17 24 27
16 15 45 34
31 20 39 20
15 22 29 22
3 6 29 24
29 33 46 38
22 27 9 8
11 33 34 34
8 10 34 29
25 36 23 9
24 22 40 44
22 32 28 42
40 45 39 41
42 28 44 37
6 44 16 33
22 1 22 30
37 18 41 40
16 26 40 36
25 33 35 22
7 28 39 36
31 27 39 23
22 9 45 37
26 18 8 47
49 28 24 22
20 15 18 20
14 13 40 33
19 49 39 46
31 40 14 10
44 25 37 38
29 9 5 26
5 24 34 31
43 19 30 33
28 17 31 38
13 5 8 35
30 29 3 5
32 10 33 48
13 9 24 30
36 9 43 26
42 27 23 14
7 31 3 23
29 25 46 33
18 23 36 46
8 19 48 42
7 22 24 19
45 32 32 24
8 41 22 5
38 48 36 38
47 26 36 40
18 17 2 13
29 39 31 45
16 20 40 42
34 44 43 17
25 23 14 2
15 14 27 35
24 18 31 19
6 41 38 37
20 21 37 40
26 16 39 40
39 19 35 35
10 11 8 45
27 39 29 28
16 10 41 39
4 32 20 39
10 42 35 46
35 32 22 20
38 43 43 26
27 16 18 29
16 20 8 3
48 21 12 18
22 27 43 16
18 5 32 30
26 34 42 31
3 26 25 39
26 39 31 30
32 20 45 45
12 13 13 45
23 15 19 7
40 24 34 27
48 27 20 39
29 16 7 40
15 44 45 36
18 3 2 8
10 27 41 41
43 23 14 31
35 10 36 40
14 34 17 4
10 20 41 38
49 25 20 26
24 31 31 37
13 25 31 38
28 15 45 43
31 32 41 39
34 25 37 42
29 35 37 34
29 16 35 31
19 14 3 27
35 33 32 24
42 15 40 30
17 12 8 6
20 37 33 33
30 34 32 25
21 34 41 25
18 20 29 40
18 23 28 30
11 7 37 39
16 14 44 47
31 44 47 36
0 39 34 47
42 36 0 47
48 34 45 44
20 14 2 43
40 32 43 30
28 46 27 22
17 13 13 26
10 3 15 28
27 25 25 34
21 12 37 45
6 29 45 39
24 16 22 40
0 30 33 17
14 26 18 39
39 33 34 18
41 7 5 11
32 5 16 44
39 5 34 25
5 41 36 48
35 34 45 41
24 12 23 21
4 30 37 25
41 48 43 34
20 41 4 24
30 40 33 45
17 14 45 34
31 47 20 48
7 19 20 13
25 44 24 4
25 34 21 12
20 39 14 14
24 34 36 32
24 15 7 13
6 42 21 28
23 31 9 34
40 13 39 32
37 31 40 42
39 16 26 45
18 5 24 27
15 27 15 33
32 39 16 16
47 30 8 14
36 22 46 45
29 37 49 18
3 36 43 20
16 45 37 34
29 19 45 6
31 12 13 15
31 13 19 14
33 20 42 39
35 39 0 46
26 17 0 30
45 38 36 34
34 39 34 16
36 18 19 13
26 12 7 14
5 38 35 45
33 31 26 33
10 42 47 8
17 6 39 42
36 16 43 46
22 41 11 15
33 29 22 31
30 12 11 17
15 17 41 38
17 20 36 30
36 11 38 42
6 11 19 44
6 32 7 36
35 39 44 44
12 19 15 24
14 24 47 37
19 35 44 35
27 31 7 9
34 15 19 25
39 7 47 45
21 14 17 4
32 37 31 15
36 23 44 43
9 28 42 45
44 12 15 18
36 40 35 47
3 30 37 25
0 42 8 21
5 7 32 30
26 46 19 28
37 21 43 48
19 35 5 5
22 29 41 35
29 18 25 36
29 15 23 16
10 21 38 39
16 22 35 42
37 29 25 20
31 17 19 47
3 22 40 38
21 23 6 13
44 31 39 48
13 35 42 26
24 18 8 35
28 38 23 4
10 44 23 18
30 21 43 23
36 26 27 27
18 21 0 4
40 15 41 36
24 47 1 1
23 28 35 25
35 35 31 40
12 18 1 9
27 44 15 18
10 36 47 43
19 13 39 24
28 12 39 42
35 18 47 15
32 15 23 47
28 25 34 49
40 35 17 21
37 22 17 24
1 31 42 40
0 45 11 41
13 45 35 34
26 48 27 42
40 26 40 49
23 17 33 35
25 24 26 34
24 20 41 46
14 27 27 37
8 37 8 1
45 31 31 31
12 21 28 43
38 39 25 19
25 29 38 37
43 5 34 42
41 18 14 21
49 42 0 28
26 19 32 45
38 42 25 28
34 14 44 38
29 23 35 32
2 41 27 46
32 29 6 45
14 37 44 40
29 28 32 21
46 43 22 5
22 23 32 13
42 23 14 10
20 44 32 10
5 38 32 35
24 11 28 6
30 16 11 3
41 38 8 43
8 20 10 39
36 20 10 26
12 36 20 21
49 41 2 11
17 21 9 16
26 21 28 47
30 33 38 40
22 23 16 3
32 27 34 5
24 17 37 20
3 9 35 31
28 13 34 44
7 24 25 29
27 33 36 40
45 21 15 14
41 29 17 1
19 16 28 31
6 38 28 40
14 19 24 0
23 25 0 26
38 27 43 39
35 35 2 12
28 19 19 11
37 20 2 7
21 26 42 34
35 42 47 26
34 37 29 39
11 8 24 22
40 19 9 9
7 27 26 29
37 17 43 46
25 21 29 17
40 16 24 19
30 20 37 42
30 21 47 35
39 30 13 36
19 27 8 42
2 31 41 18
38 10 41 40
40 36 7 22
0 17 21 0
8 22 35 45
19 16 44 28
2 34 24 38
9 30 44 38
22 27 3 4
44 39 16 46
29 22 12 12
47 39 10 43
3 31 11 20
28 8 39 39
9 18 23 13
29 35 25 46
11 32 48 25
32 10 30 35
7 24 5 9
15 14 34 36
14 27 42 36
37 31 44 18
21 46 38 38
20 23 36 45
1 47 42 35
36 31 30 38
5 31 46 46
11 35 47 36
2 46 4 16
44 35 48 42
27 36 31 31
5 44 28 29
38 23 36 17
5 34 40 34
21 27 6 48
40 30 35 14
4 38 44 42
10 37 44 40
33 15 4 18
24 4 38 19
4 5 14 46
23 4 34 15
33 24 39 36
36 7 48 47
9 22 43 38
32 21 10 0
41 27 36 49
14 17 37 40
15 22 12 43
11 7 40 42
2 20 29 3
40 25 29 49
48 26 32 43
32 18 39 40
23 32 47 29
33 29 26 47
3 32 10 17
41 34 33 18
22 18 35 41
22 44 15 6
35 40 48 32
24 11 23 23
38 27 43 39
40 12 35 32
32 43 44 35
28 29 44 32
48 23 37 29
9 32 18 19
42 28 37 15
28 14 41 41
1 9 39 44
31 25 37 36
20 5 48 30
41 44 24 34
45 26 4 27
2 33 34 40
0 31 39 49
20 30 39 30
36 29 11 47
19 2 35 47
14 2 10 48
21 21 30 36
39 28 37 41
22 28 36 38
29 43 25 49
26 26 30 43
21 46 41 44
31 12 16 36
7 29 21 18
36 23 36 37
43 22 37 45
39 19 48 28
26 14 3 34
34 28 41 47
16 10 36 45
36 45 29 27
34 38 21 41
18 15 39 27
32 19 25 13
27 34 5 48
12 12 45 37
25 32 44 38
37 23 32 31
47 38 39 44
12 25 45 18
19 6 10 48
1 45 41 41
36 23 43 37
43 35 39 46
34 22 48 36
33 16 38 34
38 24 29 24
30 18 10 36
34 24 35 14
39 27 34 47
34 41 29 29
26 37 42 19
31 40 15 1
18 15 39 42
31 38 8 44
18 0 48 31
4 16 36 38
34 22 2 22
9 15 34 13
4 45 40 19
35 12 38 37
18 15 48 34
27 32 6 39
43 43 47 28
14 18 14 32
19 40 33 39
26 10 43 42
15 26 11 9
24 3 43 47
29 26 29 21
20 35 45 20
19 6 3 37
31 9 44 40
22 47 26 12
20 45 45 31
2 22 25 43
15 2 19 39
33 8 41 41
41 43 38 40
1 18 42 21
26 45 30 15
36 37 36 47
8 4 33 38
4 10 16 47
33 49 34 16
13 18 31 37
39 4 37 45
32 19 46 41
7 1 28 21
34 45 35 29
5 31 31 20
0 25 37 43
21 14 35 42
38 18 41 43
13 12 7 23
40 28 24 17
18 39 6 14
38 12 33 33
43 28 17 4
15 43 46 46
22 44 0 8
48 36 40 44
38 13 11 6
13 44 28 34
25 12 40 26
33 35 46 24
18 8 49 44
17 29 22 42
3 40 42 38
14 10 28 49
38 38 4 31
49 14 42 33
27 14 9 47
24 19 39 42
24 24 3 5
32 13 6 33
40 19 46 39
28 35 21 16
13 19 11 7
1 31 14 49
6 41 45 30
15 22 36 48
14 12 41 36
45 13 39 48
34 20 31 37
28 40 14 0
22 23 13 28
47 43 18 15
36 16 28 48
29 3 18 39
