50 931 16333 800
0 4 26 27
13 0 13 34
3 15 13 39
13 7 7 31
17 27 14 34
32 38 24 31
14 3 14 12
31 45 15 19
15 38 43 22
6 3 17 19
12 10 19 33
30 45 8 38
30 48 30 22
41 44 11 26
12 17 25 16
8 16 5 40
22 48 15 11
36 24 26 32
10 9 20 4
12 43 29 29
9 9 6 31
8 21 28 25
19 0 24 20
28 39 29 13
39 39 15 24
34 37 19 49
7 5 5 16
1 29 11 10
4 35 21 17
26 35 0 26
1 31 10 45
6 4 14 30
2 9 23 22
11 36 0 18
26 46 20 9
11 2 21 14
15 9 1 15
13 5 17 27
34 38 24 24
36 38 8 47
34 44 12 6
8 27 2 37
34 41 7 16
37 49 36 23
5 7 21 25
5 33 15 27
13 43 26 5
4 6 4 18
12 44 1 5
34 45 10 33
40 39 30 36
42 33 4 19
10 36 29 49
0 30 23 24
33 41 22 14
15 46 33 12
22 8 19 35
37 35 30 2
26 30 5 43
2 45 35 9
38 44 0 34
11 23 12 4
9 0 25 23
47 41 14 40
24 31 16 25
7 37 13 35
31 40 25 16
23 31 25 17
39 29 9 8
28 24 18 43
5 4 26 10
2 34 12 19
9 10 25 9
17 24 18 37
19 29 26 28
0 3 16 3
18 2 14 31
9 11 11 43
3 30 19 33
18 42 4 39
11 31 49 10
20 6 24 7
23 0 13 41
26 12 14 0
11 30 15 40
11 11 18 42
14 39 10 8
24 23 32 44
33 26 4 40
6 33 19 46
40 42 6 28
21 30 17 20
34 33 20 16
24 22 12 29
31 33 15 27
40 47 21 35
10 45 13 21
31 42 13 23
10 42 27 26
14 37 26 41
23 43 11 18
13 12 19 35
17 25 16 31
48 25 5 28
23 5 14 14
31 27 16 22
24 49 6 32
15 39 21 17
9 49 17 22
32 45 25 15
2 47 1 22
26 0 3 15
31 16 19 42
31 46 13 24
14 49 27 45
2 8 32 15
2 20 12 24
31 47 34 10
14 34 10 15
33 37 29 23
27 42 45 11
6 42 21 23
20 47 24 20
17 41 13 20
40 44 20 32
33 28 14 33
42 44 13 28
0 9 10 10
28 29 13 37
42 28 13 27
31 49 26 48
6 15 8 20
34 39 27 21
0 7 7 35
15 4 26 17
12 22 13 38
41 36 33 47
33 39 23 3
26 29 16 27
18 38 33 44
21 44 22 32
6 40 29 18
28 29 34 29
26 34 17 29
30 39 16 40
0 4 13 6
9 23 21 20
24 46 14 19
18 41 12 35
24 34 19 11
46 43 26 5
24 26 13 28
5 7 9 25
34 38 28 18
9 35 13 3
19 13 3 29
41 36 13 39
4 9 5 32
8 14 6 27
34 30 8 22
24 32 17 37
33 41 7 23
17 14 15 18
8 21 26 21
9 5 19 25
9 2 22 9
29 1 9 36
15 24 25 12
7 16 23 25
2 40 44 5
9 27 7 33
8 27 20 10
3 26 25 18
3 1 3 39
37 39 20 24
10 20 22 24
11 9 4 45
10 11 29 17
11 7 23 25
5 8 20 22
12 2 23 36
19 28 41 5
31 43 36 7
16 41 17 36
22 37 7 28
39 30 4 13
2 42 17 18
22 40 10 41
4 42 11 43
44 15 16 36
23 46 13 20
25 37 9 28
8 0 15 30
27 7 12 35
18 25 11 42
13 43 7 31
20 32 4 13
41 45 11 30
17 40 12 8
19 1 13 33
26 38 12 46
1 5 29 1
15 40 19 15
20 30 27 24
15 26 22 37
41 39 9 7
14 33 18 34
24 47 27 41
3 11 30 39
33 38 14 9
10 46 14 18
20 22 24 42
28 36 9 26
18 8 31 3
38 6 12 10
2 12 7 40
28 44 42 11
28 36 41 2
37 32 12 40
21 5 24 25
40 12 45 25
12 42 3 40
15 11 18 9
32 40 28 24
16 10 6 28
6 47 20 24
11 38 11 20
28 36 4 28
25 46 26 17
13 13 1 32
27 46 4 36
11 5 0 26
20 44 28 20
6 38 20 40
33 46 34 28
2 7 44 28
30 32 24 37
39 43 28 20
2 32 13 14
11 14 8 43
15 34 37 38
6 13 16 33
39 44 9 23
22 36 8 37
11 39 4 15
7 10 16 30
6 1 44 11
29 38 10 46
1 13 1 35
13 3 21 16
8 9 47 9
16 23 16 8
16 38 11 8
9 28 22 34
5 10 21 33
0 10 21 0
29 41 2 2
19 29 46 10
2 7 9 7
21 27 13 22
13 21 19 23
25 27 9 34
34 44 16 33
30 37 14 30
13 18 11 31
7 20 11 38
5 14 10 6
38 34 15 32
9 31 24 32
42 38 2 29
33 42 19 19
28 41 25 23
14 37 11 28
33 32 10 29
13 41 35 6
38 39 47 3
36 46 9 28
26 47 15 27
10 10 7 36
14 30 6 29
7 18 14 7
24 25 22 37
11 47 24 25
10 6 10 40
41 24 27 17
21 25 14 22
32 40 41 34
25 39 21 35
27 7 3 11
18 25 10 27
33 39 31 24
21 2 25 18
37 44 17 15
25 45 26 23
30 42 12 25
45 41 26 31
24 49 11 26
5 12 11 11
17 46 21 3
7 7 35 29
7 26 36 6
4 36 24 32
9 17 18 0
22 25 15 37
28 32 13 7
7 17 32 28
33 38 14 33
12 2 11 43
14 18 22 25
36 37 10 34
3 19 15 37
13 34 23 21
7 40 16 24
9 10 26 21
46 24 31 28
30 45 9 27
13 16 19 32
21 23 14 0
26 40 16 36
20 45 14 27
12 5 17 35
23 35 18 39
28 40 2 36
33 34 24 18
6 45 12 35
8 37 21 12
41 32 24 37
39 35 25 36
23 44 23 7
30 32 15 38
49 37 7 31
16 48 8 32
37 47 7 47
32 8 20 31
28 42 20 6
21 30 13 2
26 7 13 2
7 9 31 22
12 23 21 15
5 4 15 33
11 20 18 41
32 35 11 35
33 41 18 16
2 29 22 48
42 33 18 18
16 32 8 14
38 23 10 4
25 44 18 45
33 35 9 34
4 0 20 33
7 38 16 40
0 2 15 47
7 25 29 25
10 16 6 25
36 38 19 20
4 46 15 16
38 32 29 29
1 38 26 31
9 45 20 24
19 24 26 14
17 46 13 22
37 47 39 7
27 42 2 39
10 34 13 31
0 10 32 42
12 16 13 12
7 37 16 49
49 22 29 20
18 41 10 42
44 45 20 12
19 30 21 4
12 16 49 8
18 28 17 15
39 39 9 33
6 5 34 21
18 18 21 34
18 7 20 23
26 45 46 10
18 46 35 11
36 38 5 33
33 1 11 34
32 43 19 29
12 43 16 12
15 5 12 25
19 37 7 2
4 8 20 18
24 14 1 10
27 31 13 1
23 37 29 28
19 49 25 41
25 49 12 14
34 48 11 34
29 45 5 30
17 4 17 32
13 46 31 9
30 46 30 25
22 37 20 21
4 40 23 23
34 31 13 6
10 0 4 25
29 47 9 32
22 31 26 24
1 40 15 25
31 49 19 16
28 11 13 20
9 15 23 45
23 45 16 38
24 22 10 17
25 28 15 6
35 45 16 33
16 2 23 14
43 30 18 40
11 0 16 4
34 47 16 1
2 4 18 8
21 31 22 41
5 36 25 30
26 43 13 39
14 43 10 22
35 29 39 14
8 0 28 43
28 40 29 10
47 32 35 22
13 32 20 27
7 44 29 29
2 40 23 33
27 32 10 14
29 35 9 13
6 1 15 41
4 10 43 4
35 42 24 26
27 36 5 9
39 42 10 40
9 41 10 23
41 34 15 20
14 47 17 43
16 36 6 32
11 4 17 21
23 26 14 23
34 33 20 28
36 31 39 18
33 41 9 40
16 18 18 11
39 37 25 37
1 7 10 29
7 3 15 10
33 32 15 4
40 33 7 16
7 2 12 31
3 36 16 8
34 37 16 22
27 38 0 2
19 8 25 40
1 27 8 29
17 42 9 40
35 41 23 40
7 22 28 12
6 21 13 39
42 39 15 18
34 48 13 40
10 9 5 35
6 16 24 5
10 2 11 14
0 10 28 27
21 7 38 1
18 38 14 23
13 29 9 28
28 4 14 42
5 26 16 25
40 41 9 34
13 20 6 31
10 26 9 43
34 8 30 38
26 42 20 28
29 43 30 19
14 46 27 11
4 25 9 1
41 48 19 27
2 9 14 44
13 47 39 39
4 40 13 33
13 36 37 27
10 43 5 49
7 30 22 26
47 40 23 24
29 37 10 18
3 7 12 42
12 19 36 12
9 38 19 24
18 46 20 38
17 18 13 4
3 19 13 21
32 43 7 45
32 32 25 37
41 48 22 15
22 43 26 9
23 24 19 26
37 36 17 33
34 43 0 20
20 7 3 13
12 15 19 43
24 36 23 28
1 26 29 37
28 47 25 29
8 5 9 20
30 32 15 30
34 46 19 24
17 42 12 19
1 38 27 22
24 44 10 30
6 31 4 40
33 42 29 7
14 23 2 22
32 37 16 27
7 33 5 36
4 27 23 22
4 49 4 33
12 21 24 29
5 48 11 17
24 44 15 12
26 48 43 9
0 16 2 2
14 11 4 16
22 37 42 44
31 35 10 38
2 21 28 10
6 46 28 25
23 1 30 15
4 25 18 11
8 3 16 40
18 10 15 4
17 25 16 43
26 49 6 21
18 17 24 39
21 17 18 43
9 29 30 44
12 7 12 29
4 6 13 20
30 40 19 17
10 0 31 29
25 38 22 31
14 1 17 23
41 23 16 6
0 39 15 28
4 20 0 12
5 35 22 25
42 42 17 5
7 30 10 47
0 39 9 31
36 24 5 19
28 3 23 33
14 28 11 37
36 28 48 0
8 11 7 46
5 2 20 21
7 18 23 9
23 34 17 35
3 44 25 13
20 40 5 4
30 33 18 21
33 42 10 19
9 36 12 4
27 37 25 19
7 20 1 21
25 14 17 16
5 21 15 35
31 39 3 38
16 29 18 18
18 23 6 12
2 25 16 24
19 44 1 34
22 15 20 26
4 5 22 10
9 32 23 5
23 29 25 24
32 2 28 27
46 48 8 45
19 40 4 32
26 49 1 30
21 48 18 30
23 31 13 46
14 46 5 5
11 49 23 44
11 1 12 19
27 44 12 6
19 9 21 28
12 15 8 13
31 41 17 18
28 36 13 34
28 39 15 17
27 44 12 24
21 48 21 38
0 38 16 35
32 44 17 36
11 23 21 22
1 0 17 33
20 36 3 39
23 14 28 16
33 35 25 30
0 39 25 0
5 47 21 0
26 31 13 28
29 46 4 36
7 43 17 20
1 5 0 10
7 25 13 23
38 36 10 34
37 37 16 30
0 4 12 26
26 33 28 17
25 30 8 24
26 49 21 22
17 22 23 17
28 33 20 28
5 26 29 18
20 14 19 5
12 28 20 39
10 12 0 35
14 36 45 7
13 5 24 14
13 40 18 12
34 37 14 38
32 41 24 41
25 47 2 23
31 23 36 21
0 37 26 22
34 39 12 34
42 31 7 21
0 36 16 21
21 16 9 44
15 32 6 20
1 3 14 15
33 39 37 8
32 33 30 5
3 7 22 27
15 4 8 25
25 0 14 18
11 47 2 22
40 36 21 39
14 32 3 10
10 27 42 9
23 19 21 36
38 40 13 38
29 43 20 6
30 40 40 0
42 42 21 7
7 42 27 15
11 6 19 22
2 39 9 28
32 40 13 38
19 10 26 37
22 39 3 18
6 36 26 21
5 15 7 38
4 10 18 32
46 42 15 33
1 10 23 19
4 14 15 25
1 12 20 36
5 25 16 28
15 21 23 22
29 29 14 24
8 7 34 13
8 46 19 6
14 29 17 25
49 49 13 29
5 25 9 40
18 1 3 29
6 18 30 22
36 44 6 6
5 15 9 38
35 41 21 22
19 36 14 13
26 36 17 19
28 41 15 14
8 47 47 6
0 42 19 43
11 34 3 38
5 15 10 16
8 25 9 47
13 37 40 15
14 23 28 25
12 39 16 33
28 36 13 24
34 34 39 5
16 48 27 19
6 26 7 35
41 30 24 18
31 46 27 25
33 38 20 41
12 49 12 18
9 33 40 14
15 46 20 4
0 3 3 37
31 43 7 39
16 40 24 22
13 3 20 4
14 30 29 37
14 36 14 4
1 15 42 8
2 11 2 43
2 0 24 22
41 39 21 2
8 3 10 39
5 5 26 17
16 31 7 22
28 6 32 3
9 1 25 3
36 35 22 12
30 42 35 27
11 44 11 24
12 26 20 21
2 6 8 40
15 4 20 18
24 35 11 41
3 0 19 40
41 39 22 31
11 29 11 44
2 17 8 33
1 14 42 7
38 42 15 14
13 14 19 7
28 48 22 20
20 5 19 24
34 48 27 31
0 15 19 28
10 8 7 6
43 41 39 5
42 21 17 23
10 36 2 33
16 22 18 33
36 19 19 33
36 18 30 20
7 26 10 34
23 41 24 16
19 11 17 26
18 30 24 17
25 8 48 4
14 10 5 34
38 41 17 49
7 21 28 47
10 41 7 36
16 30 32 31
32 39 8 17
18 42 12 37
47 46 13 20
40 30 43 3
0 2 28 18
41 43 11 42
25 32 15 1
24 45 7 19
23 19 48 7
42 49 29 17
11 6 20 24
10 30 5 41
20 2 19 33
16 8 10 40
9 33 16 36
45 44 17 30
32 23 14 25
31 39 25 23
1 21 19 45
9 39 49 2
6 5 16 33
34 38 0 15
34 40 20 33
7 27 24 31
18 36 39 7
14 13 12 39
24 15 10 13
26 17 45 5
23 21 46 3
2 1 11 39
27 31 22 20
28 37 15 22
1 49 47 6
19 4 12 27
24 36 28 20
30 37 24 26
34 42 46 3
6 9 6 34
36 43 26 16
3 24 7 28
8 6 20 17
12 44 16 10
47 44 12 25
32 34 19 34
14 25 26 29
1 18 30 27
1 49 23 18
29 42 13 33
30 47 14 10
43 41 17 37
8 11 18 28
12 30 18 12
35 28 8 4
25 34 5 36
16 20 8 41
18 44 8 22
15 39 9 19
3 0 19 17
15 9 18 16
8 48 8 20
38 39 5 45
49 29 8 7
10 25 23 21
19 33 17 23
30 45 18 40
30 38 19 36
30 44 23 38
8 2 36 26
6 5 22 25
3 5 9 39
6 25 15 38
11 8 14 17
12 40 19 36
21 19 24 29
33 45 7 10
33 42 17 4
18 34 22 19
20 27 7 29
27 47 23 39
32 40 48 2
10 15 10 26
40 46 12 42
11 48 16 15
32 38 20 35
0 0 14 25
40 46 20 25
15 45 1 7
10 38 2 41
12 4 18 27
22 31 44 5
7 1 7 38
37 44 20 38
28 16 14 0
7 9 16 7
29 15 48 5
19 3 9 20
46 48 28 14
13 39 23 4
10 7 30 37
18 35 16 40
39 48 26 32
19 22 9 34
9 37 6 9
35 19 26 27
9 15 14 33
13 12 21 31
16 35 16 40
36 35 10 43
32 29 24 36
1 3 6 34
7 5 12 35
17 38 12 30
35 37 17 18
16 14 28 23
1 34 23 27
20 40 25 13
16 15 2 19
39 39 25 18
20 29 17 48
5 4 21 14
16 4 48 5
0 39 21 40
15 5 13 19
43 37 17 36
9 7 23 5
26 42 2 36
0 3 42 23
6 36 27 18
33 38 8 33
19 15 23 11
13 19 15 38
11 0 13 47
32 31 5 16
17 37 12 19
8 29 17 32
37 49 10 26
21 38 16 32
30 36 43 4
16 9 19 31
7 15 27 1
5 17 22 7
8 1 25 16
1 5 20 43
0 29 16 23
2 27 23 35
34 29 8 34
29 12 17 26
42 19 14 10
30 30 16 28
8 25 12 9
7 5 23 21
27 40 7 41
26 31 15 25
38 9 10 18
14 10 31 44
18 35 21 38
24 40 15 19
39 39 49 9
9 4 8 21
19 11 14 33
37 36 10 30
28 41 19 19
38 25 17 38
28 36 7 23
9 39 41 2
8 14 10 30
31 34 7 43
11 47 8 33
25 3 29 4
14 34 17 19
21 14 17 20
44 47 13 40
20 33 22 25
14 21 43 26
31 41 26 4
21 42 11 5
2 10 5 34
41 18 19 26
43 36 11 31
7 47 3 27
4 45 11 13
18 3 11 35
37 41 18 11
20 15 12 13
18 48 22 19
10 48 0 9
6 5 14 45
18 6 26 16
