50 638 11539 800
34 17 18 12
41 33 29 17
34 39 22 47
34 19 4 19
49 31 15 11
3 23 12 11
31 37 6 48
4 35 1 7
8 29 21 7
19 34 26 6
41 25 5 17
12 9 2 0
49 27 30 41
42 5 11 34
48 39 19 18
0 31 15 4
34 15 29 7
45 29 10 45
6 23 1 7
8 18 4 22
0 27 25 33
11 33 24 22
47 34 10 14
32 14 14 20
30 41 4 4
37 1 22 40
41 25 29 32
29 36 35 22
44 24 48 2
40 36 3 23
2 25 44 19
44 35 44 8
27 34 44 9
33 27 12 11
47 9 9 2
43 29 12 15
33 41 26 14
35 30 38 37
42 32 9 24
33 46 43 38
37 31 6 2
31 27 23 16
30 27 19 11
31 21 9 19
47 12 35 33
4 17 24 23
31 27 8 16
2 29 9 11
5 25 15 33
36 7 32 32
38 37 32 34
49 23 19 49
31 32 6 18
45 34 11 7
41 5 21 6
10 0 2 9
18 25 7 3
40 10 7 3
0 22 13 17
38 32 5 17
39 33 11 1
21 10 18 15
9 25 26 14
7 26 2 26
29 36 29 23
5 37 31 6
13 40 14 33
47 15 12 10
42 14 13 16
10 36 45 41
34 37 17 19
8 31 2 25
39 21 11 16
4 25 15 10
23 33 19 44
42 48 22 9
21 35 39 14
46 29 33 26
4 26 33 20
6 29 23 7
25 29 44 2
36 26 30 15
33 3 1 25
14 32 15 19
3 23 20 48
13 21 15 17
18 16 34 18
12 39 2 19
36 41 4 18
29 32 11 17
43 17 23 9
41 21 17 34
25 40 7 10
33 40 10 7
4 31 18 23
24 29 42 8
20 33 28 14
41 4 22 36
31 35 12 13
22 30 1 1
32 35 13 4
4 30 39 43
3 16 16 29
46 27 31 16
6 18 2 12
32 4 15 22
8 33 33 3
49 0 27 48
2 18 30 24
46 16 47 38
48 5 20 35
12 32 20 15
8 19 28 41
33 19 12 6
47 20 33 14
8 30 15 6
11 37 13 27
26 35 6 36
30 13 15 22
32 20 4 5
6 29 17 24
4 5 5 23
41 14 15 9
36 30 8 15
24 12 8 2
27 2 23 17
14 29 24 11
28 29 48 14
28 30 0 4
47 17 39 18
43 13 31 20
4 27 44 33
38 32 12 31
44 22 32 11
12 26 35 43
41 26 42 5
11 36 4 8
37 24 28 43
47 36 15 43
38 14 33 21
6 21 5 4
41 15 27 23
32 39 13 0
36 31 37 23
44 28 14 14
7 26 35 26
2 24 3 19
42 32 12 27
42 15 33 8
40 22 20 19
8 12 15 31
22 25 27 21
1 24 17 19
16 38 21 20
43 19 19 10
1 36 1 12
14 38 15 26
40 22 3 27
0 27 7 12
40 23 10 16
15 33 44 33
7 21 6 3
44 27 1 24
13 32 20 11
42 21 19 14
34 36 12 10
47 4 26 38
9 29 6 10
28 25 4 1
45 25 25 46
31 8 19 5
28 24 11 39
7 27 4 23
9 29 3 33
45 19 43 13
27 25 7 14
29 4 15 14
18 34 10 28
4 10 3 3
8 23 28 31
5 27 4 2
42 30 2 20
30 34 22 21
21 24 48 7
37 36 16 37
47 19 38 20
20 26 45 30
31 31 12 18
29 39 25 27
40 39 28 20
8 34 42 6
33 25 20 8
32 27 23 17
26 32 9 5
0 20 44 19
38 21 13 11
8 26 33 17
35 28 34 32
0 34 5 33
8 27 0 28
19 36 15 14
19 5 5 33
40 27 16 20
37 12 7 3
37 36 31 21
21 9 17 18
44 0 5 19
42 5 21 12
42 14 2 0
38 40 14 26
47 9 25 35
1 18 8 35
17 36 23 26
41 10 9 6
10 39 3 19
15 36 11 9
14 40 8 3
2 34 44 9
43 28 35 42
44 31 28 33
13 37 12 20
5 39 12 21
13 5 25 31
44 31 19 14
48 14 20 18
0 31 18 25
42 17 7 3
27 35 12 4
2 21 13 36
30 34 9 6
40 30 14 20
36 31 21 6
33 14 14 19
21 35 20 11
43 25 11 25
45 16 25 34
36 25 16 19
24 32 4 25
26 27 5 8
34 29 5 37
15 39 38 10
4 32 27 40
1 19 15 16
7 29 15 18
2 30 9 1
43 13 20 27
43 18 17 16
17 36 12 13
36 33 10 7
41 32 35 43
8 16 18 11
46 34 32 18
26 21 39 6
44 14 46 7
5 37 36 30
10 32 0 10
6 28 34 17
34 26 27 33
29 36 20 44
37 19 14 31
3 19 31 43
1 37 0 22
40 2 30 48
29 23 27 15
32 0 12 3
4 20 4 4
3 26 16 17
5 26 10 19
44 12 45 27
31 19 30 36
41 22 13 10
44 29 14 21
34 32 48 25
9 31 12 17
1 23 11 21
48 27 15 21
23 28 48 23
5 23 32 46
29 36 49 9
39 27 14 20
3 23 48 5
38 28 0 33
1 31 19 46
45 31 7 35
37 17 21 13
40 30 7 23
33 7 25 2
46 19 16 17
42 13 3 21
18 33 34 36
49 17 15 36
38 17 2 29
32 24 5 6
48 8 15 30
10 29 14 16
30 32 3 22
43 24 10 16
6 16 19 15
3 27 9 12
1 28 12 26
12 34 10 11
8 28 46 6
4 33 12 16
33 30 15 12
36 5 7 22
48 32 19 16
41 35 8 25
9 25 6 3
7 24 7 5
25 35 12 40
30 33 8 47
15 26 7 5
40 18 19 42
14 26 12 19
43 10 17 25
45 23 44 3
30 27 44 5
1 29 36 21
12 13 7 17
10 38 43 0
40 22 22 9
36 18 2 6
49 12 19 12
2 30 11 1
27 20 7 27
31 14 11 15
47 15 38 7
31 27 47 11
11 22 12 26
44 6 47 10
42 12 9 18
24 30 17 16
44 31 15 43
43 11 15 29
30 30 0 20
27 38 41 7
11 23 30 29
0 28 11 14
41 22 8 14
10 33 26 23
7 21 43 22
39 37 9 25
39 10 2 40
15 38 40 15
36 35 4 16
40 16 24 14
43 10 42 23
5 17 22 11
5 34 0 21
32 3 41 3
15 41 13 23
21 31 20 21
2 27 0 22
29 26 26 12
34 34 1 11
29 32 19 29
36 32 17 16
39 20 24 4
32 33 24 17
36 15 36 30
29 5 9 31
15 31 12 18
35 17 6 22
16 7 30 4
23 32 31 25
48 33 13 16
47 21 31 45
11 35 25 24
2 23 25 31
34 37 3 19
36 18 5 2
9 32 7 23
43 20 27 12
38 15 5 3
25 19 33 9
3 21 18 23
44 26 2 25
39 26 4 29
24 21 29 20
47 31 21 25
38 33 36 20
6 26 13 24
3 28 15 22
29 14 23 19
30 33 18 46
40 25 47 3
32 33 45 0
32 11 18 23
47 17 23 20
20 7 16 24
45 16 5 22
26 12 11 46
5 20 15 15
49 14 1 25
28 5 8 6
37 40 16 14
9 28 16 21
37 15 46 45
37 24 10 17
38 34 1 4
22 22 18 20
10 18 7 8
26 13 35 43
9 36 15 20
33 37 17 22
4 6 15 45
44 10 46 22
12 22 23 42
43 27 11 44
34 31 19 23
41 34 7 44
2 4 11 13
40 37 35 26
40 42 6 24
39 35 48 2
46 22 12 21
9 27 22 12
34 22 32 15
12 30 4 38
43 37 30 2
28 33 15 29
7 30 2 23
11 15 6 3
16 32 20 24
38 16 21 16
47 18 23 34
37 29 40 40
35 9 1 30
30 40 11 16
4 26 42 9
31 33 4 20
47 27 32 10
13 38 32 27
11 31 30 13
45 29 8 45
10 38 16 49
42 29 8 10
43 25 7 25
42 25 12 10
13 17 20 37
32 13 19 16
28 38 13 40
6 37 37 7
31 6 15 25
36 10 27 21
42 6 17 15
39 17 13 35
15 35 2 22
5 24 28 12
38 9 10 27
15 6 47 0
41 22 11 7
42 24 11 30
46 21 1 28
16 33 18 20
32 29 41 13
28 35 46 13
38 18 1 5
34 45 2 19
11 34 17 5
42 23 13 12
31 32 18 19
8 33 11 18
7 4 0 20
40 36 19 18
34 15 21 14
37 9 45 15
43 30 1 20
23 15 9 28
1 24 43 3
45 2 13 28
37 30 22 30
10 33 26 19
42 25 41 31
37 19 5 25
41 35 5 3
3 37 29 44
48 12 10 38
2 15 11 8
35 21 14 5
10 23 14 17
49 20 22 13
47 10 9 22
2 11 11 31
43 2 3 10
16 33 3 0
24 27 19 7
14 34 47 12
14 27 11 29
7 24 12 15
26 33 10 30
12 27 12 18
36 34 17 40
34 38 19 18
14 35 11 4
45 33 45 21
23 41 12 21
46 26 17 9
33 12 4 3
41 16 43 9
7 34 12 26
34 33 11 2
35 6 11 12
36 27 9 8
2 24 20 11
37 29 6 20
5 33 7 7
2 21 5 6
31 29 19 43
18 37 26 38
9 35 8 7
11 37 45 46
44 17 48 49
2 24 12 14
44 16 20 32
46 30 16 1
35 18 12 22
3 44 5 6
48 22 1 9
4 34 43 2
5 24 9 13
18 12 40 12
39 21 44 25
25 15 47 8
6 39 4 20
41 7 34 9
48 6 24 0
11 32 2 0
40 31 18 13
41 30 11 6
36 30 3 19
9 38 1 10
11 36 24 17
11 38 2 17
10 26 34 36
35 29 48 10
43 33 16 20
30 32 29 26
47 32 4 3
41 26 12 33
8 26 8 3
38 18 11 2
38 36 33 32
42 22 49 16
25 43 35 39
49 17 16 12
35 8 8 23
32 17 12 8
10 20 13 22
7 27 21 12
35 11 9 15
4 26 17 40
13 32 36 37
35 26 1 24
31 32 28 24
30 28 37 29
33 18 48 13
43 10 3 18
34 44 0 1
39 28 7 0
42 16 21 18
6 28 5 22
35 36 22 0
42 31 29 7
0 28 36 33
46 45 1 49
36 29 0 3
25 28 15 18
17 38 9 8
0 21 31 32
5 31 19 2
10 27 4 43
34 12 13 49
1 29 12 39
46 20 1 11
5 15 16 21
11 22 2 19
44 33 5 15
46 25 4 7
4 27 29 26
39 6 28 36
40 28 41 7
32 36 34 13
26 32 3 17
23 5 17 39
40 26 2 19
43 9 24 17
44 19 19 12
48 36 14 18
11 19 13 22
27 39 5 24
34 25 32 18
41 13 19 19
29 29 3 34
13 29 37 20
7 37 11 21
40 31 7 11
15 40 44 9
6 34 19 13
34 17 22 32
42 20 7 4
24 35 26 21
39 9 22 23
13 35 32 18
44 33 11 7
36 32 1 27
9 31 24 18
12 17 40 20
28 40 20 28
9 30 10 22
12 29 0 22
40 26 16 20
40 25 23 9
41 7 43 3
30 33 4 6
24 35 17 24
29 16 17 19
41 31 30 46
23 43 38 37
6 28 2 23
44 10 37 10
24 30 6 8
9 35 6 6
43 23 43 6
44 16 47 9
42 21 48 11
1 27 1 2
38 34 7 0
31 29 1 0
7 33 18 22
9 29 20 28
31 24 36 47
30 37 20 16
27 32 5 17
21 43 4 20
11 30 21 30
14 46 25 4
32 38 7 47
