50 98 16572 800
13 23 2 48
13 5 22 18
13 19 9 20
9 19 18 16
46 14 39 0
28 24 40 33
9 27 37 8
15 34 10 20
2 6 30 5
14 5 6 16
22 18 34 36
1 19 3 7
5 13 12 14
2 16 22 18
0 15 28 7
2 35 37 3
30 21 9 22
17 14 38 32
9 1 46 22
17 18 49 16
1 26 34 1
45 2 11 16
18 20 8 46
2 17 11 41
11 7 18 18
28 20 16 24
1 2 18 18
4 33 22 40
4 38 12 13
7 23 20 8
13 17 6 44
37 14 47 40
7 33 2 21
0 14 12 21
7 32 20 20
17 31 20 3
3 17 38 35
27 25 12 30
14 33 29 13
15 31 18 18
18 39 34 5
3 39 4 26
14 9 21 19
4 25 5 48
1 16 34 35
7 2 6 14
4 15 33 33
20 12 15 4
17 29 41 10
31 18 46 16
26 34 33 40
25 21 13 20
24 27 31 32
10 14 39 36
10 36 39 31
26 23 14 18
9 14 36 13
24 21 35 33
47 20 38 33
0 14 37 37
2 22 49 33
9 31 16 22
5 31 27 7
14 31 18 16
27 23 36 36
29 21 15 18
1 42 21 3
14 23 7 29
10 10 38 35
12 23 40 33
26 23 12 27
12 22 7 22
3 42 17 20
1 12 17 18
9 19 13 30
40 1 14 22
18 11 39 34
14 42 43 35
19 15 25 6
16 36 13 13
11 20 13 25
5 45 15 14
32 23 12 29
10 19 43 42
5 13 47 14
26 23 10 32
8 15 6 40
15 14 8 14
2 36 39 32
6 37 6 7
0 17 18 15
7 1 8 44
4 16 12 25
12 21 2 13
12 49 14 17
25 20 11 16
27 21 23 24
12 10 37 35
