50 166 18038 800
39 15 14 25
9 41 39 46
22 36 17 21
35 33 44 13
41 2 2 23
34 46 37 7
13 42 33 1
9 32 9 38
14 17 26 27
25 45 15 27
18 21 45 22
19 11 13 38
35 37 16 41
15 31 12 34
33 19 12 34
26 13 15 25
30 17 29 31
13 36 26 38
31 23 7 34
21 40 40 5
20 16 42 27
41 19 4 23
23 19 15 30
41 10 6 24
15 45 13 37
38 36 30 18
44 21 5 29
10 16 28 37
17 42 32 37
17 35 41 16
48 11 12 49
11 38 25 15
39 41 48 13
24 0 20 40
36 14 16 37
23 10 25 16
49 21 2 19
25 17 10 21
48 14 43 7
14 35 9 27
16 40 1 33
12 37 33 39
6 34 8 29
20 43 9 27
23 35 28 29
46 2 5 32
41 13 46 4
25 35 42 1
46 6 19 28
4 38 28 28
23 39 0 29
6 47 15 20
8 47 36 23
47 30 10 33
35 11 34 36
17 39 48 14
23 14 7 36
47 45 12 17
15 39 25 34
19 35 49 6
16 33 47 7
43 1 11 28
6 35 15 29
46 42 32 18
9 37 15 45
19 25 13 43
46 49 15 41
21 41 1 30
21 9 29 18
47 9 34 39
7 36 3 23
12 20 31 40
1 45 3 37
36 13 29 7
22 42 46 11
49 30 49 9
26 29 8 42
32 25 3 37
40 41 41 11
48 40 3 8
38 39 39 13
47 39 12 43
18 43 10 27
24 8 42 13
26 21 48 6
18 20 19 9
48 1 44 21
17 11 12 9
24 42 4 33
30 18 10 31
35 2 10 38
17 7 10 29
15 45 4 39
39 18 15 32
15 40 21 3
20 13 5 38
13 46 6 31
20 11 10 19
5 42 47 26
24 11 2 41
47 1 16 38
24 45 15 40
35 7 35 1
4 48 28 25
45 7 12 11
11 29 3 24
4 35 13 35
31 17 20 19
48 4 42 13
46 2 16 23
12 42 7 26
20 20 14 32
29 42 48 6
15 29 11 31
49 2 26 47
46 35 13 20
18 44 32 1
22 11 1 43
8 47 8 18
22 27 3 26
36 20 2 18
34 33 14 39
36 30 43 7
25 9 40 11
32 32 11 39
22 16 0 31
39 35 3 23
42 4 35 14
10 48 7 40
34 41 31 7
4 2 47 14
27 12 11 39
46 0 12 25
26 0 0 45
30 38 13 33
19 23 35 11
15 36 19 47
49 34 3 39
10 45 44 12
36 0 18 38
20 21 6 32
6 42 34 11
26 44 17 41
19 42 10 41
33 31 10 32
33 36 35 2
25 46 19 27
22 39 23 27
26 11 25 38
16 36 5 37
22 43 24 26
16 37 39 3
17 41 22 26
40 23 34 13
10 24 7 36
13 39 7 17
15 15 9 39
6 36 4 25
21 11 21 18
8 42 7 35
20 12 12 31
8 39 4 31
20 18 4 43
20 24 36 15
16 34 47 10
21 39 12 36
