50 670 11184 800
5 6 7 28
14 13 27 3
18 43 11 12
13 18 40 27
13 6 15 44
6 7 42 33
17 43 49 32
7 41 1 33
4 3 0 41
19 23 38 19
17 46 39 10
16 46 40 3
17 6 18 13
14 46 22 31
37 37 27 24
15 39 27 34
17 4 36 16
21 1 43 15
17 45 35 11
43 9 30 20
39 15 44 24
11 5 40 37
12 36 37 37
34 33 17 11
12 5 19 4
34 34 21 14
17 24 43 32
15 14 19 8
5 3 43 22
15 23 42 13
12 10 13 3
11 7 42 39
10 43 22 15
14 14 35 13
16 11 34 14
8 0 40 29
25 3 11 10
18 48 40 10
2 39 37 20
10 44 37 15
6 3 36 31
49 6 8 33
15 45 9 19
20 1 34 17
22 49 20 26
8 5 37 45
41 8 40 37
11 10 38 24
17 47 3 43
36 6 38 12
17 49 39 7
6 38 22 9
5 16 43 25
2 2 34 18
2 4 31 0
3 42 41 29
12 6 8 43
6 0 43 11
4 24 12 7
12 2 39 14
17 8 35 11
6 10 49 37
5 19 12 11
14 43 17 22
16 45 32 16
5 37 2 28
16 20 47 34
6 29 18 3
15 49 10 1
17 32 41 10
15 45 22 40
6 7 25 36
22 14 10 43
7 38 24 3
12 4 49 40
38 37 39 13
13 45 41 11
9 1 21 10
15 44 40 22
26 7 43 26
33 42 25 6
16 39 21 2
18 8 21 30
47 25 5 44
30 9 26 13
29 23 35 29
28 22 40 15
39 10 42 23
10 6 39 12
34 23 14 16
8 0 14 7
1 6 49 35
39 14 39 9
14 49 20 15
0 25 40 13
18 4 2 49
3 7 39 11
17 7 23 38
16 5 39 28
15 30 3 41
18 6 15 3
12 7 42 12
21 10 16 13
16 48 29 30
18 46 15 7
46 25 34 13
29 31 10 1
15 44 24 8
7 0 6 47
24 2 15 1
15 20 27 16
4 6 44 41
10 2 44 11
4 21 28 7
20 13 23 31
27 6 13 47
4 1 38 8
20 2 36 39
22 24 35 5
15 32 40 25
10 25 31 11
33 15 15 45
7 0 43 26
26 3 11 15
15 38 42 24
44 7 37 38
15 5 30 31
37 28 13 32
9 9 46 37
18 8 28 11
16 47 29 4
10 7 32 5
33 26 6 13
18 48 24 44
6 5 45 24
17 47 24 15
16 47 48 18
19 47 39 12
3 2 8 1
7 3 15 3
34 17 47 24
11 32 38 22
11 47 49 33
13 12 31 7
10 11 37 13
37 26 13 13
1 14 22 13
2 41 35 10
16 44 17 19
34 23 45 45
4 7 45 42
18 45 27 26
2 7 12 13
7 7 46 37
21 25 23 29
24 8 13 2
27 14 36 10
7 5 9 24
31 36 36 36
10 1 13 14
4 2 15 1
21 44 13 38
6 2 41 26
23 28 16 27
17 49 7 7
36 6 26 15
14 49 42 42
38 4 40 9
9 0 26 6
7 2 7 14
20 30 36 6
4 7 44 13
32 4 34 14
35 23 10 40
3 4 42 38
3 33 39 2
30 19 45 27
33 30 28 6
15 6 6 38
34 10 43 2
11 28 46 12
18 0 11 32
36 3 35 13
11 31 25 30
1 34 7 38
27 10 36 12
15 37 40 13
3 0 10 20
3 43 46 32
14 14 43 39
15 45 43 16
3 8 15 10
11 6 48 39
0 18 39 12
22 27 6 12
20 31 8 39
17 47 5 22
26 18 11 43
35 37 41 29
15 38 19 20
3 4 40 15
25 20 15 3
9 32 42 15
14 1 34 7
19 34 42 29
24 29 40 31
9 27 30 35
41 20 7 34
19 11 41 45
6 39 4 30
14 43 41 24
9 29 10 11
36 12 17 12
18 48 43 2
15 44 23 21
43 18 15 22
15 43 1 10
13 43 36 16
29 10 21 6
43 16 15 19
23 8 21 0
11 4 11 39
1 32 37 15
16 41 12 6
10 6 7 49
21 4 13 12
20 31 42 16
5 30 7 44
37 29 27 15
18 48 0 38
40 16 37 2
17 47 38 30
1 39 39 20
16 29 39 11
16 45 29 32
11 24 39 14
14 46 12 13
11 3 45 38
13 3 2 44
49 24 29 29
9 38 20 0
19 45 9 9
20 41 19 35
14 46 45 21
4 3 16 10
14 23 38 16
25 32 21 11
8 12 20 30
13 42 13 11
8 2 36 24
27 30 35 9
12 40 17 23
17 31 35 8
17 18 22 24
46 10 43 27
21 38 36 13
35 0 30 17
15 41 45 31
13 36 12 17
22 17 42 28
14 2 16 8
15 45 9 10
5 6 39 12
15 4 29 23
44 22 40 18
15 13 37 12
12 45 41 11
29 10 17 16
35 22 39 40
20 30 35 13
15 45 26 25
2 33 22 38
11 4 33 24
9 22 43 11
16 32 10 19
9 3 15 4
3 42 36 24
9 3 40 29
26 34 22 33
18 29 9 8
9 11 23 32
7 10 19 15
36 27 30 21
16 44 35 19
19 26 14 34
0 42 38 8
15 6 6 7
34 13 12 33
19 46 38 1
29 16 49 37
12 46 25 1
19 6 14 12
15 24 26 4
32 27 42 6
13 2 17 31
20 48 40 31
5 25 25 6
16 40 46 5
43 21 29 4
8 8 18 15
32 1 33 26
9 23 42 26
6 35 8 30
3 32 43 14
16 48 7 18
4 38 23 14
29 29 22 8
6 2 1 35
30 18 22 30
22 16 40 13
6 42 34 5
20 0 19 12
16 47 40 11
9 4 12 28
17 46 13 11
8 15 34 12
31 33 32 16
8 6 20 30
15 34 19 19
14 44 22 39
24 20 26 7
18 49 27 20
24 12 18 1
29 6 22 7
0 40 18 14
19 45 23 48
19 22 14 13
23 27 21 39
0 27 29 38
22 33 44 39
0 0 36 14
0 29 32 6
16 33 32 6
23 11 19 24
17 28 39 14
9 10 19 47
16 47 11 5
17 45 25 18
24 31 22 19
8 4 39 26
5 9 22 10
40 39 12 10
19 48 40 16
12 3 13 36
14 47 46 30
16 48 10 33
9 13 28 24
18 47 36 4
13 2 23 29
44 16 42 33
28 27 40 10
0 11 21 0
23 29 42 38
16 11 35 11
12 25 45 37
19 48 35 9
5 24 28 18
5 34 35 41
17 48 7 49
39 25 21 26
20 28 41 7
14 44 38 11
14 8 23 10
21 2 12 12
18 21 31 16
27 33 7 34
18 40 17 35
10 48 41 15
10 1 14 11
20 18 8 18
12 44 45 35
39 45 28 17
21 12 34 26
36 26 13 25
15 45 36 10
8 32 33 13
23 28 13 13
12 6 13 48
20 12 7 27
10 7 36 20
15 49 32 36
13 25 8 11
29 26 41 32
21 47 14 32
24 23 46 36
10 6 18 18
14 11 2 35
27 18 1 19
7 26 43 12
17 44 22 27
16 48 23 44
14 5 23 19
5 2 39 10
19 31 20 11
14 0 29 38
14 24 39 9
13 10 7 5
15 20 14 36
17 4 38 14
15 29 2 37
19 10 21 29
0 3 15 18
4 5 0 37
8 4 20 15
13 7 5 45
16 48 39 16
2 26 34 12
31 30 39 9
17 30 35 32
12 22 17 2
12 0 4 29
13 46 17 12
18 18 46 21
32 5 23 11
15 13 6 27
17 44 29 2
14 5 39 37
14 0 25 6
19 48 3 32
18 46 39 16
10 25 34 8
19 21 26 14
4 18 29 4
14 3 14 13
17 46 7 44
0 28 5 6
6 3 44 35
38 29 37 12
22 15 39 28
2 2 15 17
7 38 34 27
33 23 18 19
44 23 37 13
8 45 41 27
26 5 39 42
20 32 45 23
12 30 4 38
7 9 24 21
35 19 40 14
13 8 12 46
13 27 13 7
10 29 37 30
33 47 29 25
9 11 22 40
24 22 10 33
37 29 40 39
23 32 20 4
25 2 11 13
16 32 9 43
23 28 13 8
5 23 46 31
10 48 18 10
14 48 42 32
17 48 15 11
20 3 37 12
7 0 43 33
14 25 11 5
14 44 32 42
19 7 18 15
13 39 43 15
4 2 12 5
3 44 26 12
20 4 8 42
25 25 39 11
15 4 28 7
0 43 20 9
9 14 14 5
12 36 31 34
18 45 25 35
18 46 34 4
16 49 14 33
13 48 48 33
15 4 2 18
30 46 36 12
6 24 4 3
4 4 35 17
2 17 38 12
18 12 17 1
14 46 36 35
15 2 37 8
3 48 44 46
7 4 30 8
25 17 36 31
38 20 39 12
15 44 29 17
31 23 13 3
30 15 12 14
6 37 41 30
38 31 46 40
33 4 1 37
16 44 42 17
18 46 13 0
34 11 25 21
16 46 39 30
15 8 29 38
38 30 5 40
14 0 27 13
20 33 36 12
7 6 42 28
17 6 35 11
12 46 37 13
37 20 33 35
15 2 15 23
14 45 23 13
14 44 46 33
16 45 3 43
34 6 16 19
18 44 37 8
1 4 28 0
10 1 35 48
42 46 31 23
13 45 0 36
1 3 26 46
40 10 11 8
11 45 31 37
21 49 38 18
31 14 14 3
6 39 20 6
2 36 13 7
15 48 46 28
14 47 31 28
18 47 21 12
9 3 43 45
16 46 17 18
18 37 38 30
33 22 7 37
19 47 28 0
20 46 0 43
18 13 39 25
35 31 42 7
13 7 6 32
3 39 35 7
42 32 16 22
12 45 28 16
23 20 13 14
11 19 37 9
47 31 7 34
15 46 15 7
11 42 18 24
3 32 27 43
8 1 24 29
24 12 6 16
15 14 12 25
16 11 39 14
14 44 6 18
34 41 42 21
28 24 42 15
25 21 9 16
29 30 23 32
19 8 20 24
3 26 34 36
30 24 27 2
17 0 38 24
7 8 46 11
29 14 25 0
45 18 1 40
28 22 29 3
9 3 41 8
43 28 36 16
0 41 15 31
1 33 44 22
38 31 44 46
10 44 45 49
16 48 27 13
20 9 11 39
24 15 37 13
3 40 39 14
15 47 33 29
2 8 38 14
6 8 34 15
14 40 20 39
6 31 16 19
34 36 32 25
39 29 38 10
36 24 15 11
42 19 37 31
13 12 29 26
29 23 10 4
34 28 37 11
12 48 19 8
35 19 41 12
37 19 1 33
5 17 13 42
34 16 17 15
39 22 33 20
34 41 22 7
18 5 12 36
11 44 30 19
17 29 38 14
16 13 12 5
16 49 4 30
26 27 33 20
8 0 36 14
0 43 31 24
18 46 8 0
16 15 17 28
15 44 9 7
16 13 29 42
26 35 37 14
17 45 25 21
11 24 8 47
1 30 26 17
12 47 30 35
26 15 44 38
2 33 39 10
15 45 4 41
37 39 39 10
12 37 40 35
23 42 24 22
19 43 37 28
18 46 18 19
48 25 25 28
4 1 35 6
5 27 5 35
25 42 9 34
6 35 14 20
28 25 35 30
15 3 44 37
7 24 39 15
23 3 21 7
19 10 2 46
32 28 32 14
18 18 21 9
17 46 48 29
38 27 9 49
16 17 12 41
4 10 47 46
35 22 13 47
38 35 37 14
34 6 18 6
21 5 19 37
32 2 18 12
18 18 19 41
7 30 14 36
1 2 40 27
18 16 11 0
8 30 33 7
4 6 32 7
17 2 41 32
8 5 32 1
7 23 38 45
6 33 36 13
11 2 33 8
40 19 14 14
21 25 40 12
9 11 38 16
10 3 39 11
42 23 35 18
3 5 17 7
10 11 29 31
25 31 4 8
12 13 44 28
35 13 48 34
16 26 18 10
7 25 32 5
8 8 5 17
16 45 12 5
17 37 11 42
3 23 19 1
24 17 11 43
2 26 24 12
10 21 37 18
12 47 9 8
10 1 39 34
10 0 47 33
1 27 17 12
19 5 16 10
22 9 48 39
13 49 2 14
1 10 2 41
