50 61 17737 800
22 27 43 43
13 34 35 17
20 38 16 14
17 39 20 16
9 13 42 45
43 24 45 46
45 22 41 42
13 37 19 18
26 31 18 10
35 30 44 5
15 21 38 9
26 26 43 5
15 44 43 9
17 2 13 18
29 33 44 42
33 37 43 5
11 10 13 31
26 28 41 5
35 18 13 24
9 9 24 26
8 11 43 7
20 37 44 40
47 37 16 24
11 16 5 12
24 32 14 14
36 4 39 7
19 19 33 30
14 1 41 33
35 20 31 25
24 35 29 19
19 4 33 46
20 1 26 29
23 44 46 49
9 33 23 22
27 24 38 4
22 5 23 34
38 35 43 45
42 29 15 17
0 5 28 21
35 42 6 23
28 35 11 8
25 28 44 46
36 1 29 16
47 28 26 19
49 32 49 47
16 24 23 33
49 34 24 44
35 13 20 43
31 26 10 16
41 30 25 1
22 36 27 23
42 6 46 11
46 27 47 46
24 29 23 15
22 23 37 9
36 19 23 24
29 19 23 41
23 28 27 26
31 40 20 26
30 22 39 9
29 26 30 22
