50 213 17567 800
42 12 28 35
6 5 5 10
19 2 40 28
41 6 9 48
38 41 15 19
33 6 12 31
6 41 3 37
23 10 16 49
0 35 11 5
17 7 17 44
8 5 17 41
32 31 26 29
7 43 8 29
41 17 17 31
18 16 17 36
41 24 5 33
22 10 37 16
41 34 7 21
38 10 12 42
1 48 2 35
37 2 38 15
44 18 48 6
37 45 4 10
38 21 25 11
5 46 28 7
35 14 10 46
14 4 8 28
36 26 16 32
46 15 42 41
47 7 13 18
10 39 14 45
7 9 9 18
24 41 43 16
3 44 9 23
33 13 28 6
3 49 15 45
9 3 15 17
27 35 35 32
17 20 18 38
17 17 28 19
6 25 16 45
11 47 20 45
34 12 13 16
46 12 30 27
32 0 4 26
19 16 19 28
20 18 9 45
28 38 32 25
36 10 20 22
38 40 20 37
48 11 12 33
5 43 14 11
6 36 27 17
40 17 45 36
13 41 6 14
18 13 15 21
6 29 23 28
44 11 14 47
21 0 19 37
44 0 12 17
14 26 46 23
25 35 16 28
6 47 16 33
15 17 29 47
5 40 8 14
44 13 11 13
25 27 6 10
40 12 27 24
16 19 25 0
27 46 35 34
18 16 7 37
45 9 35 29
5 29 6 37
5 4 23 44
17 20 27 30
22 47 24 36
16 17 33 9
48 37 36 12
5 40 17 5
37 36 28 49
8 4 38 32
12 43 18 43
15 17 22 42
41 10 20 38
43 4 12 43
22 46 11 43
19 7 13 23
48 11 31 25
17 20 7 46
34 8 28 3
47 13 21 5
36 0 36 30
38 17 30 37
37 3 21 48
19 8 4 17
17 17 9 15
11 0 20 20
18 44 1 20
38 8 17 28
20 21 32 41
5 3 25 31
1 34 26 43
13 34 15 29
47 24 33 45
19 40 28 26
19 18 9 35
4 44 19 39
44 1 31 21
31 40 22 8
29 35 11 15
14 46 13 17
38 23 23 22
18 5 17 49
5 9 24 16
48 20 4 37
42 23 12 42
37 15 13 18
45 14 17 22
30 26 4 1
42 10 36 35
18 19 16 46
13 2 42 9
19 45 22 6
40 12 22 41
46 9 16 47
49 33 26 39
16 13 33 13
42 44 39 9
30 31 43 18
11 3 29 39
39 17 13 34
15 15 20 45
11 41 7 3
4 40 18 35
6 42 21 29
13 37 11 41
30 39 1 41
37 1 22 48
17 34 12 10
31 18 35 21
1 45 28 11
15 36 21 31
33 40 3 43
17 15 15 46
6 45 19 44
27 45 17 38
16 4 9 15
5 8 45 22
3 35 18 38
38 13 37 6
31 14 17 11
7 35 30 29
45 17 24 33
5 15 13 42
43 16 19 16
12 14 15 19
34 2 7 11
2 42 9 49
47 24 49 18
33 26 28 34
1 26 8 15
15 13 14 0
12 38 3 26
12 3 27 31
40 44 1 21
23 5 32 27
9 45 35 36
16 19 9 7
16 17 28 27
48 5 41 10
26 11 46 7
13 43 33 32
5 38 20 42
39 4 38 13
15 40 12 34
11 46 45 6
8 41 16 32
11 19 39 33
48 6 1 2
24 16 10 47
16 11 12 21
10 30 15 42
9 34 33 18
42 29 19 48
14 49 47 16
6 49 7 10
29 22 40 27
42 25 21 46
17 15 13 13
16 12 45 25
48 9 24 17
10 48 19 27
12 37 22 39
14 18 7 22
6 44 48 21
7 46 37 17
13 16 42 7
6 25 8 39
4 47 26 6
19 0 22 37
22 39 37 0
17 20 15 11
8 41 19 47
0 42 28 29
8 31 30 32
13 32 20 16
8 22 28 17
3 34 14 15
17 6 18 45
4 35 27 38
47 0 25 30
15 17 15 40
14 15 15 22
