50 76 12593 800
37 38 12 11
15 24 11 31
36 36 10 40
22 22 14 11
21 33 11 21
41 34 46 17
33 20 5 15
10 11 3 13
49 40 9 8
4 9 48 27
0 21 6 0
2 32 13 10
32 49 9 14
13 35 13 12
5 21 44 21
7 6 0 3
15 40 39 22
35 19 3 0
26 16 7 13
47 32 10 9
13 14 48 25
49 33 5 2
17 23 7 21
27 21 11 26
5 7 13 7
30 39 14 10
48 34 45 19
43 21 8 39
29 16 9 45
20 49 2 36
18 23 7 35
17 40 10 30
33 10 3 9
34 42 9 2
18 20 5 25
9 26 23 48
45 33 8 11
36 36 12 38
10 33 6 2
7 9 1 3
41 30 7 29
41 33 5 43
41 39 11 12
17 47 7 1
23 42 1 10
14 4 16 11
11 20 15 43
29 30 9 1
16 22 4 29
39 36 2 15
45 29 29 45
19 35 0 40
25 26 4 13
28 33 2 14
24 25 9 13
8 7 3 2
9 29 6 38
5 25 4 37
13 24 48 19
48 17 2 45
14 45 4 12
32 35 7 26
29 29 2 5
48 31 11 14
38 33 20 17
48 30 4 11
5 23 34 5
38 41 5 26
40 49 13 23
32 34 48 45
42 7 22 19
28 23 9 37
14 38 7 4
7 4 29 36
24 47 4 13
16 21 9 30
