50 264 17148 800
16 11 30 43
9 35 7 22
5 9 49 24
31 16 28 42
3 9 39 36
29 5 18 22
31 15 27 19
29 12 42 35
15 1 7 34
7 2 7 26
2 14 24 38
20 16 2 32
38 5 29 43
3 25 23 47
34 20 25 18
14 7 27 46
42 12 35 47
33 20 29 39
8 19 14 25
10 7 24 36
30 33 49 47
39 30 35 48
5 16 16 34
9 20 31 31
34 26 7 30
13 15 8 45
43 3 22 39
34 12 20 20
41 2 9 25
24 5 19 37
14 17 16 40
25 3 7 29
5 22 5 32
10 20 6 25
16 3 4 26
13 26 30 38
41 10 17 24
46 20 4 23
20 13 12 47
38 25 46 36
25 9 18 41
41 9 5 30
40 5 25 30
39 6 10 35
20 21 16 23
32 34 24 40
33 18 6 29
40 9 10 28
9 14 25 47
40 4 47 30
43 9 8 33
1 24 28 27
7 8 9 28
46 4 40 23
0 2 28 35
16 11 3 34
20 18 33 44
8 10 18 14
7 1 12 23
39 7 26 26
41 5 16 39
39 21 11 31
46 4 10 30
11 17 19 32
36 41 29 48
26 6 46 22
18 47 19 31
22 22 27 35
44 2 5 28
0 10 34 49
19 14 32 47
29 23 4 28
38 25 13 34
4 22 32 42
39 12 30 40
0 26 33 38
38 36 8 25
32 25 3 35
42 6 28 37
39 6 44 16
14 49 30 45
40 8 33 47
26 31 25 49
33 1 17 42
24 32 22 36
24 5 24 33
32 49 20 23
31 2 22 21
40 1 33 46
41 4 32 38
39 4 45 31
41 6 34 47
39 6 31 44
8 4 15 49
16 20 31 43
28 42 3 36
7 27 7 32
41 7 31 44
5 3 7 28
12 20 9 27
32 19 25 30
38 5 28 41
27 3 19 26
48 43 20 45
27 21 2 30
30 33 27 48
22 14 21 43
24 8 28 39
14 25 49 46
28 36 31 46
40 4 7 21
42 6 2 32
38 23 40 18
41 29 26 44
33 20 30 43
32 11 31 40
7 8 28 47
37 2 9 43
38 30 24 49
31 6 30 36
7 25 36 44
42 6 27 45
39 7 40 39
36 7 10 32
29 28 4 36
40 3 28 40
40 7 25 43
44 4 35 30
30 30 24 39
23 19 24 42
38 15 47 37
39 7 42 23
48 28 29 41
38 1 40 39
15 44 27 41
45 13 3 23
34 17 24 38
1 14 44 28
9 12 38 36
17 6 1 32
20 31 2 32
39 7 32 43
34 49 18 29
40 6 17 32
27 19 29 44
37 6 27 47
24 44 20 47
34 35 48 34
27 25 23 45
3 25 7 27
39 8 14 25
41 8 30 41
30 10 37 21
22 39 13 38
22 4 13 35
43 6 31 42
16 44 27 32
38 4 47 34
8 21 32 40
26 3 26 32
37 10 41 32
35 22 46 28
20 2 30 42
40 5 10 22
2 12 0 28
30 17 9 33
4 15 5 35
26 1 20 25
9 18 30 48
39 9 45 32
26 11 23 39
9 19 23 19
8 35 9 49
43 45 6 40
49 12 31 43
37 4 38 36
32 22 43 43
15 26 19 33
11 5 7 33
29 3 30 43
40 7 26 44
6 13 12 25
4 26 21 29
35 48 42 18
44 5 31 46
45 1 41 23
41 2 27 45
25 11 15 31
30 33 30 24
43 6 46 35
38 4 4 34
33 21 39 44
48 43 36 44
4 14 5 49
18 1 3 13
37 4 36 37
39 24 46 20
41 7 21 34
45 42 2 30
22 2 44 36
38 6 15 29
6 21 32 39
26 9 1 25
49 26 37 21
20 2 24 48
29 34 5 29
42 32 27 43
43 25 28 48
16 48 44 41
39 5 29 41
42 38 11 28
43 15 41 41
34 33 21 42
49 37 12 41
15 9 8 30
10 15 47 30
13 9 24 47
40 6 2 25
38 21 13 35
26 33 32 28
32 24 20 46
14 19 25 44
43 2 1 38
39 8 0 32
32 22 6 36
38 10 23 46
37 5 38 28
42 7 5 39
39 7 6 26
33 12 2 35
15 29 30 45
43 5 14 37
44 25 20 46
15 14 1 49
6 20 25 40
39 40 38 17
21 45 24 47
43 7 17 34
26 11 32 48
22 3 32 40
14 23 1 27
40 8 30 45
1 44 8 34
22 5 0 26
46 31 21 48
44 5 44 18
44 0 26 43
31 27 19 35
39 6 46 5
39 5 5 2
14 1 40 40
44 34 21 39
38 34 29 40
41 2 15 41
11 12 27 21
4 0 18 48
5 21 30 40
41 40 36 37
27 0 12 37
2 11 22 42
42 3 33 41
29 23 8 29
44 4 45 25
25 36 32 25
