50 178 18146 800
24 13 21 9
28 20 32 47
44 10 5 13
7 26 31 17
30 7 14 36
26 32 43 15
36 29 8 35
43 12 27 2
11 33 17 34
39 18 47 12
32 38 7 36
23 24 32 5
23 23 24 4
46 27 22 8
43 29 38 35
23 22 14 29
15 44 19 39
28 34 24 15
11 34 30 13
32 35 19 11
49 1 9 23
30 21 45 37
48 21 32 9
46 11 29 24
15 40 20 6
47 20 13 21
47 5 10 10
20 45 6 18
39 3 9 38
11 34 16 45
36 16 21 15
46 25 13 37
34 34 20 39
25 28 31 15
47 14 6 16
29 17 23 0
44 3 29 5
47 13 31 4
36 31 12 27
40 25 13 36
16 17 41 29
32 26 36 48
22 35 7 37
29 27 29 0
42 46 29 44
37 10 41 28
25 21 34 24
31 25 30 44
44 7 12 40
32 33 14 20
17 33 48 13
37 42 33 25
26 46 24 8
30 48 8 35
48 14 1 27
44 5 18 48
31 31 6 15
43 19 37 46
44 11 6 34
34 13 38 49
37 11 37 41
48 5 6 30
36 34 12 17
16 29 40 34
44 22 43 41
31 3 20 24
39 40 42 43
33 40 31 3
43 9 38 9
39 26 22 19
35 22 9 21
19 17 15 20
43 32 13 8
16 26 31 38
28 39 48 24
28 15 16 4
10 5 39 32
35 6 22 11
18 21 24 46
39 28 7 39
21 23 31 10
9 16 27 34
34 10 11 14
34 47 10 16
42 35 18 40
49 13 26 9
30 36 42 33
31 1 41 29
14 43 20 42
32 30 13 11
39 29 38 48
31 35 32 16
44 20 45 43
22 33 5 25
31 23 7 23
28 24 9 36
5 37 13 27
28 31 35 46
47 31 3 38
11 9 35 44
45 12 18 21
32 34 10 30
28 38 45 34
32 7 35 29
40 22 22 7
22 45 24 3
11 33 21 14
18 9 14 24
34 15 2 27
3 7 31 37
33 20 21 40
11 29 2 21
48 19 12 12
42 1 41 43
22 30 38 44
29 6 31 47
38 27 31 0
22 18 23 13
35 34 31 49
15 35 12 40
2 29 21 19
19 14 8 28
39 28 30 2
14 29 20 48
34 13 9 14
30 23 27 17
44 9 16 22
26 36 19 46
46 24 21 13
20 11 8 34
10 32 21 21
24 8 7 31
30 32 2 38
24 46 22 22
13 9 8 33
32 27 21 47
35 17 28 12
43 13 18 24
41 35 3 32
43 18 8 20
40 45 49 15
46 35 12 46
34 38 6 41
39 32 19 18
45 3 3 37
23 12 7 19
35 19 18 47
5 35 10 30
25 45 8 35
49 34 0 24
40 27 14 41
43 4 12 39
15 33 31 47
44 21 2 19
44 26 10 10
14 30 23 8
45 35 20 36
48 24 37 0
42 42 10 18
43 22 8 39
44 12 44 18
39 7 3 30
27 10 18 47
47 13 23 20
17 12 37 48
24 42 40 48
31 15 3 28
48 23 25 10
22 22 33 6
44 7 15 45
48 20 33 47
37 18 10 29
45 4 22 45
38 13 8 39
10 28 24 9
16 35 3 20
27 16 17 18
30 19 10 24
