50 541 18262 800
35 48 22 46
35 29 5 11
25 41 28 47
18 18 44 5
9 25 38 35
24 27 9 33
25 38 31 6
14 28 26 47
17 31 39 9
32 10 10 25
13 46 39 30
7 31 43 36
30 33 22 44
22 41 6 13
15 36 49 16
35 35 35 2
36 19 10 13
15 30 46 30
4 36 38 35
17 5 6 25
42 41 20 11
28 35 21 49
19 3 13 14
23 47 25 0
28 9 44 47
23 39 40 34
13 29 12 40
12 31 7 17
35 41 22 45
11 33 36 31
23 42 24 11
45 35 5 29
9 48 26 47
14 31 47 34
7 1 24 41
25 43 25 2
27 5 12 8
26 43 49 4
43 45 10 26
19 9 26 5
34 46 21 44
41 0 6 28
29 47 42 31
47 41 45 37
28 7 18 49
13 30 46 38
22 27 9 20
35 5 1 14
19 20 5 25
16 28 44 35
11 36 11 5
7 48 48 39
46 42 42 5
29 46 40 12
18 44 48 44
32 40 38 30
14 29 42 36
15 27 16 2
11 30 44 17
12 40 42 35
21 10 42 27
12 30 38 37
30 42 39 41
40 46 15 27
43 33 25 44
47 39 28 1
4 11 26 46
32 42 8 28
22 10 40 37
13 32 42 39
12 29 48 39
25 45 28 4
37 47 39 33
24 43 28 0
37 40 14 7
29 32 42 38
15 32 48 0
35 5 27 44
32 45 12 14
10 28 46 33
12 36 18 8
0 47 17 8
13 22 24 45
33 26 46 34
43 45 21 42
12 6 38 36
14 33 30 45
17 32 45 40
34 15 43 26
24 31 14 24
7 34 34 6
35 46 39 24
30 11 6 12
7 45 44 25
25 32 48 35
8 27 33 30
19 46 18 18
45 49 3 22
25 31 49 42
16 31 38 46
8 28 21 47
3 34 26 15
2 46 47 36
6 27 46 38
4 13 9 23
21 24 44 32
24 44 3 38
14 28 35 35
47 11 13 42
12 34 39 37
15 26 31 36
29 33 47 26
42 37 27 1
13 30 23 6
37 49 45 42
24 49 49 10
17 21 43 39
38 36 9 36
16 31 28 45
1 3 10 11
18 35 47 6
10 32 25 10
40 37 30 4
12 31 42 29
10 31 4 2
9 33 41 38
21 4 24 20
24 49 44 34
36 43 1 25
28 34 24 9
46 13 29 7
21 43 2 41
23 33 23 10
14 30 41 31
13 33 25 49
36 43 39 31
11 28 38 7
13 32 39 37
40 21 38 32
12 27 40 40
21 33 26 48
13 22 23 46
26 38 43 35
43 45 37 32
23 40 1 26
44 37 28 5
11 39 21 35
16 47 35 7
35 36 37 28
38 6 38 31
46 39 24 1
24 47 9 23
4 29 22 47
11 29 43 28
11 28 24 41
12 29 30 48
10 27 25 11
16 32 41 33
12 31 36 33
10 24 43 9
35 33 37 37
7 16 39 26
29 5 27 44
27 21 44 12
4 24 44 36
17 31 34 36
37 26 45 41
10 27 2 18
12 47 37 37
21 1 49 12
25 8 44 32
33 16 30 4
15 35 46 36
26 41 12 19
24 35 11 8
5 3 40 29
15 29 3 24
12 27 16 4
44 42 2 23
37 43 13 30
44 29 6 20
37 30 40 32
5 20 38 38
13 49 44 32
19 43 45 36
19 10 25 42
9 28 30 14
33 46 38 1
43 41 0 20
22 32 44 39
15 27 21 1
24 25 35 21
23 45 16 10
17 29 39 36
37 47 20 41
2 10 20 4
22 6 47 34
23 10 27 4
36 30 43 32
20 36 3 12
24 32 41 34
26 45 17 7
11 33 40 39
15 25 21 47
32 41 37 36
12 31 40 38
13 6 7 17
31 30 8 26
15 30 1 3
17 46 24 8
23 13 35 9
10 4 38 34
34 39 28 10
13 37 9 17
18 32 29 8
17 30 10 30
28 40 2 28
8 31 45 35
7 18 42 35
8 29 22 9
14 34 49 32
41 44 44 36
25 19 22 45
10 8 43 39
38 43 36 38
12 32 45 41
46 33 37 36
28 49 32 47
23 6 3 15
13 33 46 37
12 42 38 28
1 23 38 37
43 29 12 19
42 49 37 2
25 48 49 1
16 38 46 37
21 44 48 34
35 29 42 40
15 33 48 10
26 34 3 26
27 40 14 3
21 35 49 15
13 31 41 46
31 35 17 33
14 29 32 7
18 40 40 39
26 45 27 9
12 27 25 47
41 37 41 31
3 11 40 31
17 49 39 2
27 26 13 10
15 21 41 44
47 42 8 39
31 37 22 47
11 43 48 38
12 32 12 6
13 31 40 33
21 7 3 11
17 31 16 15
40 29 34 4
23 37 10 23
11 31 39 33
18 41 47 39
16 13 3 9
15 32 42 33
12 34 20 45
11 29 45 38
18 20 22 18
11 30 20 42
14 37 13 6
14 29 14 0
12 31 45 2
42 35 49 6
27 49 46 36
17 32 34 4
20 43 29 3
37 37 26 47
13 31 24 47
14 37 25 4
32 11 24 6
16 3 22 5
45 41 8 11
8 9 19 6
45 37 25 47
25 47 36 33
14 29 36 39
14 48 40 40
11 43 47 41
47 42 18 45
11 29 37 36
30 35 43 39
30 37 46 31
26 48 12 15
16 20 40 35
36 37 23 7
32 48 44 39
22 43 49 38
23 33 29 8
5 39 17 6
42 36 28 9
16 31 34 32
11 49 43 35
27 1 5 13
14 35 23 48
14 19 46 43
12 25 37 37
21 35 38 34
11 27 20 11
5 31 39 37
19 0 23 49
11 47 30 44
32 40 10 11
17 34 39 30
36 40 17 3
26 30 43 32
15 35 8 8
45 43 4 6
12 28 26 6
4 24 36 41
31 47 45 35
41 47 21 4
35 36 21 8
1 32 32 45
21 1 8 24
36 35 15 8
8 27 27 19
24 44 38 32
33 26 3 43
13 33 46 42
6 28 42 20
36 38 33 29
27 47 42 34
15 31 22 41
14 28 9 2
14 30 17 47
13 31 29 42
36 34 38 0
13 32 44 3
15 31 15 2
20 42 46 39
20 35 0 13
22 44 23 19
10 0 27 45
33 41 45 44
40 35 26 48
34 40 24 15
1 20 44 38
14 29 43 7
2 36 23 7
14 32 40 35
8 4 46 30
38 23 43 32
15 30 23 48
11 0 44 31
24 45 29 42
38 44 24 49
10 29 3 25
9 31 13 22
16 16 45 39
44 43 33 32
33 19 47 37
6 34 42 38
12 28 20 15
32 32 35 38
13 31 45 11
34 27 5 22
17 31 0 30
36 47 44 42
9 30 10 15
35 45 48 2
33 45 8 5
33 38 40 9
38 42 36 2
38 37 19 45
29 45 40 42
24 38 38 41
32 34 13 6
17 39 43 34
1 47 37 5
23 4 44 41
20 41 49 11
17 26 46 36
38 41 35 34
18 2 45 39
24 1 34 36
34 29 48 37
39 41 23 45
14 31 42 38
19 33 43 42
13 45 44 37
43 4 24 44
31 34 29 11
11 37 49 39
9 35 31 5
13 33 40 37
35 34 34 2
33 38 36 34
47 30 39 42
14 31 36 38
6 35 44 31
34 9 45 47
26 43 22 18
28 38 44 44
10 27 2 33
35 33 12 41
8 29 39 34
27 47 40 30
33 47 45 28
27 44 24 7
39 36 43 29
12 27 40 32
1 30 39 40
23 38 46 43
41 47 26 45
10 19 47 44
29 39 17 8
20 9 40 37
37 40 47 36
26 39 23 49
14 27 24 49
8 32 16 28
8 22 17 28
22 37 27 4
36 48 44 43
31 39 42 42
38 49 0 17
15 5 46 24
30 47 19 12
13 30 43 24
9 28 25 2
11 30 23 2
18 28 23 48
21 45 40 26
38 39 44 43
27 0 15 4
11 42 40 44
15 49 42 32
27 40 49 37
26 6 42 7
16 32 24 25
39 23 8 20
29 28 42 40
47 27 48 39
23 44 43 41
28 36 9 29
19 17 27 47
24 5 28 12
29 42 49 34
26 41 2 21
10 29 10 8
24 44 32 12
21 40 41 30
10 28 27 44
7 25 47 42
49 42 46 33
14 27 42 35
10 31 39 11
30 25 18 0
16 47 24 46
12 36 5 6
16 38 1 14
4 20 46 34
29 46 5 32
40 38 22 0
12 15 23 49
9 3 36 40
19 34 41 39
17 29 22 46
14 32 25 49
33 48 10 2
46 46 49 39
47 47 26 45
11 35 43 35
12 30 39 40
44 35 48 37
20 41 49 30
10 47 38 30
21 42 30 16
23 15 40 3
40 42 29 8
11 37 46 5
46 27 31 15
12 31 46 36
35 12 38 25
7 47 24 4
24 29 36 36
3 31 44 40
30 39 11 37
23 7 3 31
16 35 33 11
30 2 37 11
9 38 30 42
22 34 2 47
34 38 31 4
25 43 25 9
27 9 5 1
16 28 19 6
7 11 22 45
22 41 36 29
12 33 19 33
19 22 39 38
15 32 45 30
26 34 40 43
31 35 30 1
39 8 18 3
15 32 38 39
41 46 2 41
17 25 12 4
20 49 43 37
35 46 30 6
13 31 23 10
23 36 39 4
11 29 5 36
33 34 45 49
43 43 22 48
12 29 32 28
20 18 44 33
14 34 22 0
38 40 32 48
23 39 36 32
14 30 38 36
3 45 38 35
42 49 26 47
18 34 23 22
12 34 41 36
35 36 25 15
10 26 40 38
9 34 39 0
15 34 21 8
45 42 39 33
5 22 40 23
11 29 34 13
29 23 40 31
32 6 0 21
30 10 21 6
13 30 22 49
17 33 48 33
8 29 24 47
3 26 44 32
21 37 48 35
