50 140 11615 800
35 24 3 35
24 36 39 24
44 17 38 36
19 0 42 28
43 26 5 42
38 32 32 33
48 24 35 21
14 17 8 41
11 19 49 15
12 3 14 23
34 18 10 34
42 24 8 15
35 1 43 16
24 42 11 29
9 29 18 20
45 27 16 29
24 39 2 40
9 5 10 40
31 36 1 32
16 1 5 41
31 4 7 41
26 46 39 26
22 12 4 31
26 38 39 22
45 36 38 32
13 38 26 40
19 32 0 11
20 18 10 32
15 43 2 20
25 10 39 20
7 42 7 35
46 13 5 43
19 39 29 28
7 42 1 23
24 1 31 38
47 49 35 16
32 40 12 12
34 44 3 34
28 7 35 42
9 33 12 20
35 47 4 28
10 30 16 9
14 7 15 34
9 23 49 41
16 1 42 39
20 31 2 37
7 28 47 17
30 47 22 37
19 42 41 15
17 4 49 40
32 1 37 17
0 24 35 22
25 35 40 25
8 16 40 14
45 20 3 33
36 9 46 11
20 4 40 27
3 22 40 18
48 26 10 26
11 5 16 21
10 24 23 42
35 42 38 18
13 25 1 36
16 23 38 25
18 42 42 48
18 35 41 30
32 45 39 22
36 46 16 31
19 27 3 42
7 3 48 16
11 48 8 27
24 37 2 32
15 40 3 14
33 20 11 37
12 49 36 39
13 5 6 33
11 26 42 22
46 19 44 13
45 44 7 32
46 24 43 18
16 37 18 47
35 43 9 34
49 26 41 42
12 3 9 26
28 21 23 12
24 39 4 46
26 0 27 15
45 23 6 34
25 24 20 17
27 1 6 39
38 27 43 24
13 22 1 32
38 37 9 48
17 45 41 10
10 31 6 37
14 35 5 35
17 2 1 27
35 2 38 26
21 9 10 45
28 31 26 34
17 38 36 32
18 4 4 38
9 9 3 38
17 41 4 32
15 38 27 23
24 32 39 8
19 46 25 34
45 35 13 7
7 48 10 25
4 7 24 43
4 42 1 27
12 4 32 41
21 2 27 18
24 1 26 44
17 12 12 23
39 46 15 15
37 45 13 22
39 6 43 16
15 21 15 7
32 39 21 14
10 9 4 14
7 41 25 30
23 32 3 25
43 15 4 39
23 49 23 20
13 36 31 32
21 37 48 4
22 38 33 36
6 18 43 17
45 38 32 41
39 39 33 15
6 28 38 10
27 32 32 2
30 9 13 3
29 45 49 41
25 45 11 34
16 39 30 33
20 30 37 13
28 6 16 32
44 21 11 40
