50 200 17800 800
8 28 19 1
32 45 34 12
30 38 8 4
41 34 11 17
47 11 14 9
31 36 4 26
6 5 26 2
32 1 43 0
48 26 27 2
38 22 1 30
45 25 41 29
45 16 16 43
31 5 33 17
29 43 5 7
0 31 7 18
0 5 43 12
3 36 20 32
20 39 15 11
7 32 40 8
28 39 34 20
33 18 2 0
22 11 48 12
29 36 34 10
28 35 25 20
32 19 38 10
7 31 36 15
3 24 30 10
27 0 7 8
18 29 32 13
23 39 5 13
47 19 39 22
7 28 5 25
15 0 12 11
8 14 43 18
35 14 19 25
5 7 29 33
28 49 1 12
30 46 33 10
43 2 0 17
40 28 37 0
5 26 5 9
20 1 30 28
36 25 10 2
35 21 32 2
7 32 16 29
42 31 44 13
8 32 0 47
7 32 37 3
39 7 47 12
5 29 39 6
5 28 24 25
9 4 15 9
47 27 4 13
10 27 0 40
31 19 8 30
27 47 24 7
49 32 42 10
23 37 14 11
30 34 2 22
10 30 15 26
18 11 13 0
23 45 31 16
0 24 27 1
42 40 49 9
48 14 1 31
34 21 38 17
32 45 39 21
48 26 0 34
31 34 4 3
12 27 17 13
13 22 28 28
29 38 48 0
15 0 16 28
8 29 43 12
1 37 7 28
34 15 29 10
23 35 18 13
26 47 17 31
5 22 12 27
26 8 6 14
46 18 33 4
9 10 9 15
22 37 46 19
27 38 32 6
41 28 7 34
5 33 34 15
1 3 33 9
34 30 42 17
47 23 21 8
24 41 36 13
19 18 29 23
38 36 7 39
3 25 12 48
28 16 40 20
8 24 2 38
33 38 1 28
41 7 47 15
16 13 30 13
41 15 44 7
24 40 41 6
16 17 8 8
42 16 19 29
30 35 2 16
29 40 29 22
7 21 33 11
20 16 8 21
16 4 0 43
1 31 38 17
35 38 20 12
25 9 2 14
0 30 40 19
39 27 33 27
46 6 22 12
35 29 27 29
47 13 16 16
37 15 33 22
48 6 16 7
29 38 36 0
23 12 24 18
2 26 11 18
46 2 20 24
0 33 14 20
26 39 6 10
33 20 48 34
28 37 39 7
5 26 46 8
2 27 12 24
15 28 2 24
39 31 3 11
25 18 25 5
15 30 4 9
4 34 4 9
29 49 14 1
23 35 35 6
3 30 12 14
0 14 19 7
28 7 2 18
2 29 20 29
43 13 28 21
1 19 41 29
27 32 10 6
10 34 18 3
27 9 9 36
46 6 30 5
0 23 48 11
33 8 6 22
29 35 44 24
34 5 6 11
44 8 41 17
29 20 38 17
28 36 10 7
38 13 37 33
29 27 9 3
30 30 11 37
42 10 28 8
9 4 4 35
28 31 3 20
37 24 42 5
14 5 18 15
0 29 21 11
13 11 1 24
36 10 49 18
35 21 10 11
38 16 42 20
25 31 36 3
31 32 32 25
46 17 35 6
46 31 34 16
26 18 35 8
45 28 45 8
5 36 33 29
6 8 3 13
29 41 36 15
46 6 49 1
13 33 9 37
13 21 37 1
46 25 24 16
45 24 33 16
20 30 42 17
28 16 23 7
12 1 47 27
30 4 8 31
42 12 35 5
2 43 41 20
7 30 5 9
6 23 30 15
25 24 1 27
10 5 0 29
30 37 4 17
43 9 10 26
28 41 40 21
30 46 11 46
12 33 48 20
30 12 12 6
4 25 5 8
6 3 32 24
3 28 9 44
44 10 21 41
23 28 45 14
21 5 37 23
