50 1283 15447 800
2 38 40 13
10 25 30 10
21 37 8 45
29 45 39 48
7 14 3 41
17 10 9 8
44 16 14 41
17 32 5 44
32 28 36 10
15 25 27 11
35 16 25 13
31 39 43 45
49 48 2 6
41 10 6 7
12 47 21 37
33 1 18 24
9 20 28 49
7 6 31 9
39 41 16 39
21 21 22 13
12 23 21 28
10 8 37 12
28 16 25 8
33 7 16 42
5 21 37 47
39 14 24 9
20 25 28 3
2 26 28 19
46 13 6 6
35 34 37 44
13 42 41 49
13 24 24 8
44 15 46 24
4 34 30 1
18 15 8 8
21 12 8 7
24 19 22 2
49 33 22 19
3 43 49 47
37 15 0 42
10 28 40 49
22 20 32 20
27 27 45 46
45 35 41 49
44 39 36 18
18 30 29 6
42 39 0 45
38 37 14 41
15 27 44 48
13 28 31 46
33 40 31 18
32 14 45 9
20 42 10 39
5 20 44 29
25 11 24 0
19 23 48 40
27 22 15 38
28 16 39 17
16 15 38 49
19 39 22 6
9 47 35 28
46 44 3 19
36 20 21 19
49 45 36 45
30 21 40 45
27 16 15 40
25 43 4 6
29 33 47 41
7 23 37 12
24 37 43 45
5 24 32 3
15 22 1 43
31 19 23 30
26 19 6 9
29 28 13 6
23 28 39 8
15 24 33 8
46 47 25 26
33 34 34 12
14 25 33 40
8 21 1 40
20 18 6 12
34 36 27 11
11 18 25 11
39 36 27 39
22 17 1 42
41 26 24 8
37 35 38 9
9 11 13 38
31 20 34 49
9 26 29 5
49 42 10 0
25 12 17 10
25 13 43 43
28 49 6 5
34 27 28 2
33 24 38 12
8 44 23 4
25 32 42 41
35 28 14 40
27 19 6 9
13 31 4 48
32 31 48 11
24 47 30 12
24 10 33 10
17 27 32 20
13 18 16 45
33 33 44 37
26 37 28 4
1 12 37 19
21 12 26 1
15 20 21 5
15 13 35 44
48 18 32 19
47 23 32 47
44 2 30 7
31 33 7 18
22 15 5 10
20 15 13 41
5 34 5 47
15 27 30 15
25 25 22 21
11 46 34 48
6 49 31 22
10 22 8 13
32 12 36 45
21 10 5 44
26 26 40 42
17 37 41 43
33 17 14 39
1 38 42 42
29 46 30 2
38 16 5 7
26 40 49 40
21 19 41 41
16 13 26 10
20 33 10 30
42 19 1 18
5 36 31 5
38 33 43 41
24 43 39 48
6 34 12 9
33 24 8 20
5 27 32 7
28 34 21 11
5 10 43 48
19 16 36 37
7 16 4 7
24 19 48 48
13 24 2 42
4 40 46 45
27 23 35 0
14 19 10 42
25 18 11 37
33 20 4 43
37 5 42 44
8 22 24 6
32 16 25 42
48 34 25 32
16 26 4 6
20 28 26 18
23 37 48 42
23 26 3 44
27 22 15 35
44 15 25 14
6 28 39 8
20 25 11 13
37 44 13 38
14 26 42 49
23 35 38 25
24 43 43 23
22 19 15 44
4 9 16 44
38 34 39 21
21 35 43 27
21 20 48 41
25 16 48 42
10 41 30 31
16 34 2 43
30 14 49 42
13 13 11 40
17 40 37 10
27 29 16 21
23 14 4 12
32 5 30 11
28 40 3 43
17 23 12 6
23 48 12 5
26 28 30 45
47 18 2 43
45 26 5 44
9 27 38 49
6 46 0 45
17 17 27 29
16 2 26 5
33 23 14 41
28 16 21 8
40 17 1 12
24 23 15 38
42 47 19 22
27 49 13 11
31 49 10 20
11 22 12 4
26 19 30 1
28 4 3 4
18 37 1 40
46 31 48 42
1 21 47 45
25 30 9 0
22 14 38 3
25 47 23 33
15 35 16 15
49 30 42 9
32 7 46 49
40 0 3 15
29 28 36 30
40 28 25 29
29 39 28 19
21 3 10 18
27 35 27 11
15 24 42 20
49 35 3 46
25 34 48 37
27 36 26 7
35 11 41 36
29 23 10 10
21 12 15 44
28 13 12 0
24 43 23 4
27 20 33 0
24 37 31 2
17 39 33 24
34 12 21 18
33 12 45 5
9 28 21 34
23 42 29 1
26 43 44 48
11 19 15 6
8 37 3 11
41 32 21 22
14 26 36 47
8 10 24 38
21 40 46 9
22 16 2 41
39 39 11 39
6 19 32 2
45 17 27 7
32 32 14 45
20 22 47 44
25 17 0 42
18 48 29 5
8 33 42 39
0 6 4 40
15 23 45 0
9 21 4 13
29 18 30 49
23 15 37 5
17 39 30 1
3 31 47 27
16 15 12 10
25 22 10 9
43 16 43 23
47 4 31 4
44 11 3 42
27 38 16 38
11 32 49 40
18 26 6 38
30 38 4 43
7 20 18 40
17 21 34 14
15 25 34 1
26 37 6 8
8 20 1 10
36 20 29 46
38 41 24 6
13 34 35 48
7 45 42 45
11 23 6 9
13 36 49 38
43 17 20 33
6 22 2 9
30 37 25 26
27 21 40 48
15 40 37 12
12 44 26 41
21 19 10 10
42 31 48 35
44 21 43 47
36 31 7 42
39 43 2 43
15 23 25 10
30 16 2 8
35 19 37 46
1 44 3 47
22 16 31 10
22 13 1 10
18 21 4 42
32 39 3 43
37 42 24 7
40 13 3 15
46 7 24 9
48 42 25 8
18 12 8 12
10 36 0 47
8 23 31 21
34 3 4 14
17 37 33 8
8 22 22 10
21 17 47 33
6 36 4 10
29 3 19 41
15 11 28 2
31 29 8 16
30 13 25 9
42 43 2 42
22 31 37 29
4 22 39 13
30 4 34 12
45 28 23 6
10 23 30 9
17 35 2 12
21 15 42 10
31 28 4 44
46 31 29 8
10 24 3 44
12 29 22 21
49 26 15 42
7 24 32 8
12 23 31 17
11 20 14 40
17 26 27 24
15 22 6 12
23 2 2 41
29 20 2 41
39 20 5 12
31 18 28 9
28 18 0 15
16 27 2 22
38 18 1 26
10 18 8 10
27 43 3 11
24 16 29 17
29 41 36 13
46 17 35 36
19 23 41 36
9 29 25 35
26 28 4 42
23 8 47 33
21 21 4 9
19 26 46 46
31 35 26 3
36 48 48 44
45 17 1 42
17 28 13 39
39 19 37 16
27 45 3 41
41 27 28 1
32 9 3 3
10 23 48 44
32 39 47 43
8 39 28 8
12 7 32 0
21 15 42 43
10 35 14 38
17 27 31 45
15 4 45 7
40 46 28 17
37 36 28 16
5 13 10 9
42 8 48 44
9 44 5 43
11 23 32 32
27 29 4 42
32 45 11 42
21 37 34 14
19 42 6 44
25 33 38 10
12 29 36 45
34 33 0 8
6 22 27 42
14 34 26 5
16 35 2 7
7 27 47 35
21 44 37 38
5 30 21 6
4 8 33 40
14 44 45 36
31 33 43 18
46 29 19 21
6 10 33 12
49 26 1 42
43 31 33 6
19 10 1 10
9 24 4 42
17 26 27 6
20 46 29 2
15 24 14 39
47 25 40 42
24 33 4 10
25 41 7 11
13 26 31 32
38 39 26 11
10 22 4 44
27 25 12 44
44 38 3 12
45 16 3 48
0 37 10 11
41 37 40 45
45 43 16 34
14 23 32 18
41 49 28 11
11 16 14 38
18 41 48 40
13 19 10 41
0 25 6 9
23 32 12 41
8 7 43 39
28 42 17 39
13 11 29 9
46 30 3 42
29 33 22 2
20 35 31 8
25 19 20 38
33 42 28 13
29 26 17 4
18 34 3 5
46 28 24 6
2 39 11 10
14 21 42 40
37 18 36 13
10 36 42 27
10 32 49 36
18 20 32 4
47 36 15 41
12 15 6 40
27 10 23 7
36 34 12 41
2 35 29 10
3 29 6 15
19 47 5 43
41 9 0 18
14 36 30 7
1 5 25 6
32 26 18 27
27 20 31 9
12 29 39 42
20 19 27 6
2 27 1 7
27 26 45 39
22 18 2 7
19 21 41 46
25 1 3 41
22 16 27 5
24 12 11 7
17 22 1 37
32 29 45 44
19 23 28 5
13 20 22 2
41 44 2 43
36 35 6 5
29 30 30 7
13 26 30 3
3 24 31 12
27 20 28 4
28 15 15 43
6 16 10 21
24 17 5 7
35 26 5 1
41 40 42 45
7 15 8 7
13 16 49 46
25 20 14 38
20 26 40 45
38 42 14 41
25 21 4 44
35 22 47 13
20 12 33 4
6 33 2 40
20 30 5 42
11 19 27 8
32 45 14 17
6 34 3 14
5 13 48 33
18 12 29 9
19 35 46 47
15 25 40 47
16 42 42 44
8 18 20 2
26 17 5 13
28 47 40 47
25 28 44 43
11 20 37 11
7 22 9 9
14 34 36 23
14 23 25 5
0 27 32 8
42 12 46 34
7 15 35 2
33 36 37 45
25 9 3 45
26 12 12 4
41 37 4 43
14 23 26 9
36 8 13 38
30 18 4 9
29 24 33 7
44 20 27 8
6 32 14 42
25 20 11 42
14 41 6 29
6 21 43 47
21 28 18 44
32 15 28 7
38 25 36 48
35 41 39 42
39 49 5 40
28 22 13 41
4 17 44 45
43 43 15 40
12 5 6 45
9 30 13 2
22 21 1 2
45 25 35 49
31 16 29 45
25 28 4 5
17 16 39 35
11 21 43 44
3 19 40 47
15 21 16 38
32 33 5 14
12 14 7 12
33 19 6 6
24 22 11 28
38 31 15 11
10 25 23 12
18 14 3 17
45 28 13 39
29 26 4 43
7 26 25 14
3 31 10 9
44 42 38 48
21 18 5 13
20 22 44 42
27 15 5 9
18 15 41 40
19 18 35 25
3 24 3 42
14 12 0 9
11 25 24 13
34 49 41 43
16 28 14 41
10 32 7 5
3 38 48 38
36 37 8 5
35 13 2 45
24 18 24 12
20 41 31 4
0 42 24 11
29 13 7 5
15 14 17 37
33 25 23 20
26 18 38 19
4 22 13 11
8 19 35 49
7 23 4 43
48 47 35 9
18 32 35 1
32 22 34 10
35 17 21 8
24 9 12 7
41 47 24 5
39 28 31 45
47 30 4 6
21 48 4 41
47 30 33 1
11 25 2 43
33 33 29 3
37 20 6 6
8 26 29 2
11 22 27 34
18 12 32 14
11 23 36 39
15 13 27 11
7 25 38 47
2 31 2 8
22 23 3 11
14 35 4 11
1 17 27 9
6 34 34 4
24 14 24 9
24 14 41 9
3 24 33 2
30 30 2 10
43 28 34 3
29 18 13 10
10 44 26 15
38 23 33 49
11 14 3 1
29 46 18 41
26 42 18 38
14 30 4 32
9 34 32 13
28 26 38 20
20 11 28 8
12 24 38 48
8 3 31 7
49 34 36 2
38 44 46 48
43 21 12 38
11 23 39 20
1 35 2 17
24 11 2 6
24 15 16 6
18 20 1 46
25 33 40 17
31 28 42 20
36 36 13 5
20 15 40 3
19 34 40 4
44 39 32 6
0 45 6 43
18 13 13 19
24 14 47 41
11 29 18 40
36 34 29 21
23 26 14 41
5 17 29 8
28 19 11 20
22 35 26 8
8 20 6 9
46 16 29 3
30 29 18 37
30 19 3 45
8 40 35 30
29 33 0 39
26 24 37 49
25 39 20 14
10 13 43 47
16 12 33 48
9 42 3 11
45 13 18 1
27 18 3 45
32 25 12 18
46 7 0 8
17 34 11 40
20 15 16 36
15 7 2 8
14 23 38 12
17 9 48 47
23 30 7 9
5 30 37 47
17 31 8 13
1 8 0 42
44 44 20 6
32 16 13 36
32 20 37 6
11 25 36 49
11 37 4 10
11 2 45 44
24 42 49 39
23 14 41 19
16 24 7 17
31 27 21 22
17 26 16 42
32 29 28 7
41 30 17 42
14 21 31 23
13 21 38 49
13 31 31 18
21 17 19 22
26 19 46 36
39 27 15 31
29 17 8 42
28 15 27 5
47 35 25 7
12 21 27 49
18 17 18 12
22 22 15 32
21 13 45 44
45 35 13 38
35 44 2 44
31 13 33 9
6 30 41 46
2 38 28 2
37 24 43 43
14 25 4 5
18 22 43 42
24 39 11 21
48 22 8 11
2 23 4 7
11 46 16 38
4 17 43 43
12 20 45 37
22 31 30 7
21 45 2 16
16 19 27 49
6 15 46 36
31 37 25 21
34 10 23 29
45 29 15 42
13 37 38 48
25 3 37 48
37 4 39 40
30 27 38 46
13 31 45 47
42 20 15 4
12 46 13 11
24 23 4 12
29 39 31 8
32 26 35 8
25 24 0 45
32 35 5 39
8 41 5 7
9 17 14 39
12 45 16 18
19 35 46 31
24 35 34 14
32 40 0 42
11 10 9 7
5 17 13 16
32 37 3 41
3 19 6 15
28 35 15 38
20 15 44 48
7 45 5 30
26 34 12 0
28 31 3 44
22 22 8 7
40 45 31 34
41 34 41 5
31 12 30 6
5 15 7 42
32 43 32 15
5 36 19 32
39 12 11 1
42 11 21 14
20 19 10 13
48 13 9 12
20 21 6 18
2 22 30 6
12 41 38 18
22 33 42 45
7 22 10 8
12 28 13 5
4 22 2 42
16 8 6 10
17 22 39 11
26 15 44 46
28 15 40 43
28 15 2 12
23 10 0 42
25 14 1 43
16 21 46 43
17 33 1 42
24 33 1 43
19 20 1 42
28 16 1 43
12 19 11 41
17 29 15 38
14 42 31 16
17 36 32 47
33 30 1 42
39 47 3 21
5 28 14 37
25 46 18 14
8 28 38 45
16 10 9 4
26 20 37 14
11 35 39 45
35 22 25 3
19 10 11 43
24 14 17 11
4 25 13 8
19 34 0 45
18 23 42 27
24 14 23 5
18 26 3 45
22 14 13 42
32 29 27 7
12 22 46 46
11 19 3 46
31 47 12 39
44 29 39 10
28 43 38 47
7 13 16 42
10 23 1 23
7 26 15 39
20 20 10 18
4 33 28 10
20 12 25 5
31 11 38 45
11 16 41 46
36 35 31 5
18 15 27 4
14 21 38 16
41 42 16 27
7 42 0 42
5 12 43 4
6 33 13 4
29 40 43 45
13 22 0 43
25 18 2 7
26 14 5 9
0 20 42 40
23 30 34 49
46 14 41 20
32 22 25 8
41 47 25 19
30 11 41 11
18 44 4 10
41 17 14 40
9 29 42 40
39 18 44 48
2 20 4 3
24 18 8 6
12 32 13 38
44 48 23 16
33 22 15 12
31 22 25 3
23 18 15 41
37 41 31 19
14 21 12 15
43 19 23 12
21 42 11 38
30 6 13 40
12 39 9 2
11 26 40 4
28 26 23 23
12 24 5 41
13 26 31 5
14 17 27 11
35 36 6 39
46 37 33 1
32 29 2 42
21 24 40 16
20 13 17 42
10 24 29 2
2 32 36 45
24 20 22 8
25 10 48 42
27 11 29 7
9 16 26 16
27 11 44 43
20 37 4 5
19 27 21 34
10 6 6 7
39 18 2 43
26 20 14 42
2 37 22 6
13 15 22 8
15 38 4 40
16 43 26 3
23 23 5 42
11 23 30 13
17 22 17 38
25 27 7 0
11 22 0 0
24 11 38 47
32 28 15 42
17 20 35 11
8 31 26 4
31 35 30 6
19 27 8 9
29 16 18 41
22 29 3 40
29 34 16 41
22 22 27 4
1 33 27 0
43 23 39 5
24 19 4 1
16 25 29 41
28 16 43 34
8 36 32 14
10 23 39 48
2 35 2 43
17 24 3 39
25 22 21 5
20 20 15 43
29 46 42 45
48 2 37 8
40 18 7 37
40 17 46 23
8 13 1 8
39 41 2 41
23 34 43 42
41 43 36 14
24 12 49 47
35 20 28 20
13 21 42 41
11 38 12 43
43 24 23 0
31 27 1 41
23 12 34 45
13 41 19 1
16 33 37 43
15 49 6 44
27 26 15 41
0 35 11 36
11 21 48 13
16 28 9 23
16 36 32 22
36 49 8 12
44 35 25 21
39 31 2 41
3 27 7 14
45 45 3 12
30 29 7 13
17 25 37 21
23 10 1 42
29 29 31 4
14 23 28 7
31 23 45 7
39 22 14 8
42 40 45 8
6 48 4 44
41 7 17 43
34 13 12 40
11 42 15 38
3 37 36 49
32 19 47 45
33 19 6 21
16 31 17 40
29 40 42 6
39 22 5 42
14 24 22 44
29 23 20 10
43 42 24 34
8 27 36 48
23 36 41 4
12 17 33 13
10 48 5 41
9 26 2 43
26 34 27 6
25 30 4 43
36 33 47 38
27 36 4 40
18 23 18 10
13 24 44 38
21 47 28 5
14 17 13 40
13 40 22 15
31 35 32 14
25 21 5 5
15 15 31 32
27 20 4 29
10 42 18 18
40 37 28 24
5 33 26 6
43 16 49 39
22 19 24 7
6 31 1 10
6 31 46 24
8 21 3 4
29 49 32 3
20 19 37 3
19 25 5 6
14 40 32 4
15 29 40 18
30 40 23 8
30 30 5 11
32 16 8 5
48 27 49 39
37 27 34 11
21 24 44 33
32 8 22 22
13 17 31 4
8 35 38 47
14 43 36 10
28 35 7 13
20 14 3 10
36 42 0 42
30 46 1 2
24 47 17 39
16 36 25 6
20 24 2 7
2 31 41 41
12 17 18 31
0 42 39 17
8 41 19 18
38 33 38 1
33 36 0 25
14 24 46 43
12 17 14 8
28 16 28 7
29 15 37 13
7 38 23 7
24 19 48 41
12 30 47 44
32 47 8 11
37 24 24 10
37 29 22 1
29 19 9 5
5 25 6 41
43 39 10 16
13 19 5 14
8 23 0 15
13 13 30 43
41 32 14 38
22 33 14 12
33 24 31 3
11 34 36 45
4 27 32 21
4 25 25 6
14 22 31 10
27 18 25 15
0 47 18 16
24 22 26 5
44 36 27 6
37 22 37 42
18 47 8 25
24 40 39 15
34 48 46 11
1 28 7 7
2 45 6 24
15 23 39 45
6 28 3 15
3 39 4 13
23 32 25 2
2 34 39 7
44 24 44 9
4 32 5 4
24 22 13 39
29 12 45 46
28 34 33 33
37 8 18 13
40 20 35 41
3 33 38 5
20 14 46 38
9 23 2 3
31 16 15 40
4 7 43 41
10 25 27 3
16 14 2 42
42 2 5 42
10 12 9 6
41 28 33 13
23 27 42 41
21 12 41 8
29 46 2 46
43 46 30 11
4 31 2 42
36 14 28 5
24 30 12 39
24 34 3 43
28 32 45 42
29 14 9 27
24 23 33 2
20 42 44 39
10 17 6 11
24 23 44 29
24 30 19 29
10 13 27 20
11 35 47 40
19 46 2 9
35 14 29 18
29 27 12 15
12 21 35 33
32 16 7 41
35 45 42 30
2 27 31 4
20 10 6 6
26 25 2 41
19 32 32 1
40 38 6 15
6 45 6 5
16 13 5 45
6 27 44 20
29 26 0 19
4 19 32 2
0 22 34 9
35 44 8 11
20 16 5 6
15 26 31 3
30 33 20 4
46 24 28 7
2 25 24 37
15 13 22 37
41 48 4 23
28 29 21 41
10 24 23 20
26 22 7 22
13 11 17 33
20 37 22 6
15 30 20 4
13 26 2 43
9 23 30 7
34 47 34 25
25 31 32 47
17 25 40 46
22 31 3 8
21 28 35 24
16 49 0 44
17 12 24 16
14 4 27 37
12 14 45 33
48 12 4 41
19 22 6 7
7 21 42 39
24 29 13 36
15 2 38 46
20 16 34 3
13 27 3 45
42 17 5 9
28 20 32 48
45 34 22 8
14 29 25 14
20 29 6 8
19 12 42 45
22 30 41 2
17 23 25 23
18 21 14 37
39 6 42 45
28 33 0 41
29 26 25 3
32 33 2 41
21 39 31 39
25 37 19 15
20 39 10 20
30 18 41 35
11 29 35 44
22 11 4 10
25 28 5 44
32 42 42 42
7 35 36 27
38 46 27 3
42 49 45 30
21 7 29 7
27 16 0 14
43 32 9 40
27 31 12 6
16 28 40 40
15 25 40 49
29 17 38 17
48 42 2 43
21 15 37 21
26 8 15 37
14 29 36 34
22 23 44 46
0 38 39 13
41 17 39 43
14 27 1 47
23 45 3 45
29 39 10 38
30 33 33 0
19 40 47 45
32 43 28 11
10 21 39 48
23 13 4 44
24 31 7 9
6 5 41 38
13 37 1 49
2 43 5 10
9 40 49 14
6 40 44 49
46 29 34 7
24 19 29 25
43 12 15 40
11 41 16 40
2 37 12 40
32 24 3 4
30 33 6 11
3 39 42 44
18 13 27 22
5 21 26 38
12 21 28 7
27 34 10 46
6 18 20 3
2 0 48 38
39 4 24 17
1 36 33 10
28 41 25 31
37 43 21 37
14 19 46 36
23 34 48 42
3 8 30 6
21 40 38 38
13 15 47 34
20 18 8 11
19 33 8 21
19 19 28 10
34 16 45 14
27 22 22 2
10 25 43 40
22 31 5 1
24 29 22 5
16 12 4 9
4 32 5 3
22 27 3 45
31 18 19 7
32 12 0 7
1 43 2 4
29 32 8 29
28 9 6 5
10 10 15 40
14 39 21 34
26 29 44 47
6 15 9 35
4 33 0 26
35 20 3 8
34 26 31 2
0 29 29 13
27 23 1 42
29 26 28 2
27 16 10 12
2 11 37 19
17 39 16 7
47 1 11 13
15 35 3 10
17 24 39 44
34 26 22 3
2 18 38 22
30 28 27 1
45 19 9 41
19 28 14 42
40 18 14 40
37 43 28 13
47 18 4 6
23 15 24 7
21 10 1 15
10 35 43 32
46 31 1 45
6 47 17 39
31 38 32 1
35 24 26 16
28 41 10 11
31 48 34 46
16 37 18 34
37 11 41 21
24 29 13 14
18 5 48 39
20 16 4 40
2 19 5 12
6 14 38 12
45 35 1 44
31 49 27 7
25 42 1 47
23 17 26 38
33 21 23 8
20 47 40 47
47 18 37 11
2 11 45 44
22 33 41 47
45 22 12 18
42 27 46 46
38 26 45 34
8 49 0 40
22 16 23 3
16 23 16 12
26 25 16 20
27 10 13 41
5 3 19 32
38 49 1 41
8 42 4 1
21 29 22 10
43 25 29 19
37 31 7 7
47 19 3 41
25 24 12 43
5 29 30 39
21 26 31 8
32 24 36 1
7 36 18 14
37 9 4 39
33 14 20 16
11 23 3 5
22 23 29 19
7 34 38 43
29 40 38 44
32 38 46 45
45 18 36 49
13 24 4 45
31 31 6 14
33 29 12 40
23 48 4 8
12 14 43 33
35 9 49 37
33 42 31 7
43 27 28 15
21 31 39 9
40 22 5 10
23 30 25 3
32 47 40 10
25 16 36 5
