50 182 16762 800
25 38 49 25
21 39 12 8
22 39 37 22
37 16 25 5
42 11 29 17
17 36 34 46
23 39 47 34
14 48 42 14
18 35 32 43
30 26 46 29
22 38 38 10
21 44 35 17
47 9 29 39
14 19 44 10
14 29 41 27
41 9 0 24
27 43 24 13
24 38 6 1
40 18 38 28
19 34 27 3
16 35 0 17
9 48 23 37
49 5 26 41
26 41 35 11
17 37 26 44
25 32 35 11
8 10 0 8
8 42 11 14
21 31 29 49
20 33 30 6
23 33 10 11
12 20 17 7
39 7 14 10
48 14 41 5
13 15 44 26
8 31 37 0
7 13 14 11
25 43 17 34
47 13 5 10
20 40 44 19
24 49 7 35
31 7 33 21
26 33 35 39
23 22 44 13
44 7 32 49
26 37 44 25
2 24 34 44
43 9 12 14
17 36 26 40
27 41 39 12
20 35 27 20
33 34 47 42
41 14 15 23
27 38 31 17
21 25 38 32
22 39 40 26
21 30 49 28
25 25 12 26
23 33 14 42
23 19 15 13
42 11 38 42
16 40 29 40
20 37 21 42
26 25 1 27
28 13 39 20
44 35 33 45
45 15 20 30
12 7 38 30
40 26 40 6
25 36 14 17
27 28 14 37
26 27 34 22
33 26 13 40
18 37 39 29
40 37 32 10
17 28 41 7
26 32 23 40
32 27 32 40
23 35 44 29
10 14 20 22
41 17 38 39
3 23 39 3
21 28 4 3
18 43 31 20
21 38 38 2
30 28 1 48
16 35 27 3
33 9 33 38
34 17 44 16
20 36 11 0
22 35 48 5
29 36 13 0
28 28 29 42
10 47 20 21
22 40 34 18
22 35 29 6
20 41 47 40
26 28 44 20
26 41 13 42
13 24 6 24
43 20 35 3
16 41 44 17
24 35 18 14
41 13 36 15
24 34 13 42
24 38 34 5
19 39 36 0
11 45 41 21
24 34 22 39
19 41 15 48
23 38 31 15
20 37 39 28
28 23 47 34
34 33 6 32
27 3 45 11
11 17 45 27
27 42 35 12
23 34 28 45
18 28 41 25
21 27 36 28
37 35 31 6
24 35 3 7
39 8 38 14
0 26 32 2
41 27 29 44
28 36 38 25
22 33 42 10
19 38 38 30
32 26 48 25
26 28 40 21
29 30 38 3
16 42 42 37
17 39 9 35
21 22 41 14
11 31 21 21
18 37 10 20
7 26 30 15
24 34 21 41
22 37 39 23
19 36 34 33
23 36 5 43
37 12 11 4
22 36 5 21
24 37 9 3
29 35 31 28
19 35 36 13
1 24 44 17
29 36 41 48
24 35 0 4
27 35 33 15
15 26 40 42
7 33 43 25
20 26 12 7
16 36 45 26
36 8 6 9
42 28 35 21
37 36 20 36
30 30 11 14
16 43 14 12
1 33 35 9
2 15 15 21
49 8 20 6
33 33 9 8
31 31 33 3
3 43 41 26
43 13 26 11
16 32 31 46
22 35 38 9
34 9 36 28
21 22 32 31
22 37 32 19
41 14 46 30
26 35 27 41
34 11 42 15
23 35 5 1
22 46 37 26
27 35 32 31
42 19 27 40
37 21 33 37
26 41 33 7
44 13 31 23
32 35 12 42
