50 144 15473 800
31 43 17 21
28 5 15 40
37 32 12 9
1 46 15 36
0 47 1 13
3 49 32 38
44 29 49 24
31 4 2 42
1 46 2 38
10 7 16 38
2 47 17 43
3 46 18 19
6 41 15 36
14 41 30 23
47 20 4 4
4 45 5 2
17 18 4 28
0 45 6 24
33 1 32 36
18 48 18 31
28 38 47 43
35 26 32 24
4 13 31 23
5 10 3 16
31 8 7 36
31 5 6 4
1 10 11 5
30 12 22 24
4 46 25 19
5 11 10 7
2 7 24 44
38 34 6 11
4 13 19 9
33 12 10 36
16 26 18 14
32 10 11 19
2 10 4 39
8 8 45 19
38 37 15 0
37 32 14 11
19 32 20 2
3 44 36 24
41 35 12 16
39 32 25 38
15 41 9 29
16 24 2 31
8 35 26 12
33 6 0 28
7 9 14 15
34 4 8 21
39 2 20 34
47 3 3 34
32 5 12 24
38 35 7 32
3 12 33 29
4 6 22 15
4 12 8 11
1 9 11 15
7 44 2 35
3 8 23 7
4 48 12 16
41 31 18 36
5 12 31 27
34 18 47 21
8 47 6 19
7 41 6 0
35 37 4 12
23 21 48 33
47 12 2 4
3 7 10 37
0 46 2 5
35 14 2 8
9 12 26 37
6 48 0 45
7 29 1 14
3 5 33 27
4 9 32 17
7 10 0 2
4 45 2 29
40 20 16 34
7 16 2 8
3 47 5 26
0 46 4 10
11 41 26 11
2 49 5 23
41 30 29 26
1 47 10 29
9 43 15 24
6 22 12 21
37 32 12 8
7 11 18 40
1 12 7 10
36 2 31 27
14 43 9 25
7 46 28 44
5 11 40 24
8 8 22 19
5 13 12 5
3 12 8 42
1 12 27 34
0 45 23 4
4 47 47 23
3 12 4 20
10 35 0 19
6 45 6 31
2 47 48 30
33 3 13 19
5 43 8 2
42 28 31 2
5 11 23 22
5 45 11 15
35 1 16 30
36 32 6 12
19 10 18 42
6 9 14 14
1 15 2 10
9 36 12 2
8 14 45 26
8 48 3 2
2 15 8 7
1 8 3 30
10 9 26 20
0 16 32 12
4 16 16 2
32 20 14 15
20 42 6 14
5 14 13 10
5 47 5 6
11 18 48 23
1 8 16 12
9 49 24 37
32 5 12 14
42 21 23 9
3 4 12 0
7 10 20 25
2 47 12 37
33 3 18 1
2 6 41 21
37 34 13 42
14 14 11 24
32 21 7 32
2 48 9 0
9 10 35 10
5 12 6 25
