50 1247 15307 800
16 0 1 14
34 37 8 41
31 46 6 18
34 44 45 10
19 35 32 37
31 35 8 2
31 31 4 23
32 37 48 20
29 44 46 6
31 42 37 34
22 43 11 41
26 44 32 13
28 35 12 9
27 43 6 0
26 49 3 47
32 42 8 2
12 38 44 15
16 35 32 21
40 39 15 27
32 38 8 1
13 32 20 0
8 43 10 29
35 44 11 39
18 30 11 17
8 35 2 21
27 37 17 12
30 45 19 42
6 43 24 12
30 40 9 43
30 23 8 20
9 40 44 24
6 33 9 0
12 35 3 19
30 43 6 29
9 43 12 45
11 29 42 49
40 23 18 32
39 6 13 46
7 26 29 8
34 37 30 29
29 33 8 38
7 37 2 17
20 37 5 42
39 36 12 27
27 35 5 46
18 31 8 8
44 17 7 0
32 40 34 47
37 4 10 22
24 39 9 1
23 27 5 0
27 44 6 1
14 38 7 48
23 41 1 0
37 39 8 35
8 47 2 22
28 44 44 24
17 20 2 26
6 35 42 19
34 43 16 7
26 39 11 23
14 28 14 45
49 33 3 45
10 38 26 3
6 40 8 43
32 34 7 31
22 43 8 24
9 40 10 20
4 29 11 29
8 40 5 1
5 39 28 40
21 45 4 2
5 27 6 18
48 29 11 5
5 45 46 31
33 44 7 9
7 46 6 34
43 26 19 49
23 30 7 32
17 36 16 3
15 41 39 4
14 29 8 33
31 43 4 23
45 29 17 6
19 31 10 43
30 46 4 30
37 46 8 18
23 38 4 24
36 42 8 24
22 48 24 6
20 46 13 40
31 42 49 9
32 37 13 5
10 39 16 30
16 30 7 18
35 28 23 13
19 33 23 3
25 47 9 22
4 32 0 45
8 43 8 14
23 47 5 2
11 34 5 13
35 43 2 33
30 49 37 36
39 11 3 6
20 33 5 29
18 43 8 24
9 48 40 19
20 33 14 27
40 29 3 4
30 41 34 11
42 42 33 20
31 47 38 31
26 45 9 40
27 48 7 25
25 20 10 48
26 42 18 47
9 29 6 2
15 32 9 47
27 39 9 13
15 30 13 5
34 27 4 14
6 41 8 34
18 30 37 27
32 46 10 2
31 46 27 40
32 34 8 0
22 36 10 48
10 28 12 24
40 34 9 3
34 42 20 13
16 33 16 4
46 47 6 43
5 35 8 21
29 43 0 39
32 44 7 20
19 36 7 26
41 25 14 45
11 29 2 3
3 40 12 38
9 16 46 27
24 34 21 24
14 33 8 26
21 29 28 29
32 47 38 14
25 40 46 5
23 35 13 12
16 44 4 37
12 46 40 25
7 43 25 3
27 3 22 36
19 29 7 24
19 43 1 26
36 45 4 1
31 20 9 5
8 27 20 0
30 47 10 16
36 31 41 13
38 29 12 15
40 22 10 33
9 31 31 24
41 28 8 26
33 45 10 44
24 46 38 39
32 42 7 43
25 36 5 1
5 44 8 23
34 45 6 23
3 40 5 6
18 43 33 11
43 17 19 14
16 30 48 45
6 36 8 28
1 31 16 41
42 34 38 9
42 43 32 31
46 41 14 11
36 47 6 5
26 37 42 35
41 32 11 27
37 40 27 37
36 32 38 12
36 34 24 11
24 28 13 6
31 46 5 26
43 12 11 12
14 47 5 30
29 46 8 29
16 41 6 1
7 41 44 25
29 33 14 2
12 40 44 17
3 47 32 37
9 44 10 14
32 41 44 22
10 35 17 45
22 45 7 42
34 45 34 34
43 26 39 34
20 45 11 48
4 31 47 14
28 27 9 0
15 37 5 20
11 41 34 24
36 36 8 2
2 40 36 31
23 34 41 9
34 34 37 39
18 29 47 12
30 48 37 37
26 38 7 22
31 44 4 8
33 45 27 29
0 33 6 26
31 16 13 42
22 48 15 13
14 35 3 1
47 12 49 46
36 19 38 37
10 40 7 2
33 48 49 38
3 47 10 34
15 41 9 1
38 10 3 20
31 49 8 5
27 46 4 18
1 34 5 3
34 26 9 29
33 43 42 35
35 26 6 37
31 45 35 14
35 40 36 31
26 45 39 31
36 44 22 28
6 43 34 17
28 38 31 15
26 27 10 43
23 42 2 1
12 38 13 23
31 44 43 18
15 48 38 0
7 40 42 16
5 34 20 10
29 38 7 1
25 28 38 4
30 29 14 7
37 36 11 31
3 37 36 32
2 42 48 30
32 46 40 39
35 26 0 36
37 48 18 4
23 36 37 27
31 48 5 10
15 33 7 24
15 26 10 20
43 24 6 2
34 36 41 28
31 47 11 46
9 48 41 1
25 43 7 19
34 43 9 5
33 43 45 1
29 45 19 10
23 38 4 11
15 22 22 21
30 48 32 36
26 33 19 7
32 41 21 12
43 33 27 6
27 29 1 31
26 39 5 28
42 20 46 27
36 29 9 22
34 29 46 47
45 27 8 20
9 34 40 35
37 42 22 6
39 26 48 11
14 38 13 46
16 44 28 5
43 22 40 1
22 23 13 2
23 41 7 0
41 44 16 35
38 23 12 15
16 21 14 32
17 42 9 34
16 37 47 4
24 28 28 38
12 28 38 17
11 34 2 27
32 32 4 11
26 46 7 44
30 16 0 7
12 17 6 22
3 45 9 48
18 33 10 0
27 44 15 30
20 31 7 19
32 47 15 13
47 44 21 4
28 22 19 34
14 28 38 24
48 29 15 15
27 38 11 24
34 44 8 2
18 45 6 6
35 35 16 28
9 34 1 43
32 48 40 11
32 47 45 46
4 42 41 2
4 30 10 2
30 45 42 24
12 42 11 19
27 45 0 14
27 47 1 19
42 17 47 24
27 42 4 4
38 29 27 7
38 25 5 16
30 25 3 0
29 41 42 16
34 38 9 26
11 38 15 4
23 41 10 3
9 47 10 29
31 45 7 27
10 45 44 48
33 25 3 2
29 42 5 20
27 19 6 6
31 46 3 43
43 27 29 2
26 45 1 4
32 40 6 15
10 38 0 11
38 48 16 49
32 43 44 40
33 36 1 2
43 18 49 14
40 32 45 30
30 40 3 3
8 37 41 36
19 37 46 17
41 33 7 20
11 43 32 13
17 32 6 3
28 39 7 45
27 27 0 21
48 24 16 20
33 42 9 18
28 37 6 17
32 16 10 8
23 26 7 17
32 41 3 10
16 30 10 29
24 18 47 26
12 36 14 31
37 48 21 40
17 39 8 12
12 36 5 38
17 25 9 11
27 36 4 21
27 45 4 21
15 23 2 24
33 47 41 42
2 27 6 9
32 47 9 20
41 18 28 5
33 44 48 36
25 30 13 44
16 36 36 17
32 43 46 2
29 43 34 11
10 35 42 5
10 26 38 24
5 36 27 17
29 42 48 1
30 41 13 42
6 27 16 4
25 38 22 45
31 29 44 27
11 35 3 20
7 21 10 6
34 46 6 25
36 47 8 25
18 34 11 3
14 38 24 1
31 42 10 30
12 36 8 49
28 41 23 19
49 22 8 43
27 40 19 3
13 40 14 49
17 33 4 31
15 38 0 48
36 19 6 1
16 39 16 13
35 45 35 40
28 14 6 48
33 40 6 24
14 16 18 26
33 43 10 3
17 27 1 3
33 35 11 32
31 30 19 2
29 25 25 10
36 48 2 44
29 31 9 22
40 7 7 2
30 42 8 2
20 39 38 33
29 34 4 30
31 47 6 36
34 40 16 36
9 34 23 11
30 46 45 4
38 8 16 13
37 27 7 49
34 44 30 22
49 35 35 21
30 47 26 8
16 43 43 40
31 12 40 4
21 28 12 38
37 22 41 23
21 35 16 13
29 43 0 39
37 44 4 16
3 34 8 28
30 43 11 2
28 41 5 31
44 40 6 19
33 33 7 28
13 44 7 39
27 49 40 35
21 20 5 32
31 40 13 19
30 43 24 16
30 46 8 0
37 9 0 41
18 30 22 0
21 31 31 32
29 47 5 1
35 35 6 25
27 44 7 28
33 37 14 31
20 40 12 49
4 46 6 3
17 8 4 6
3 33 12 27
23 27 46 22
36 32 49 3
30 42 13 42
35 20 7 29
33 32 31 36
29 41 8 21
36 32 5 23
30 39 47 2
26 41 30 9
34 45 11 47
20 1 6 15
29 31 18 15
8 40 14 40
29 13 5 30
32 43 9 29
30 32 40 39
33 34 9 47
39 18 8 19
8 29 21 0
28 49 7 19
25 48 10 21
44 19 9 30
42 26 25 44
33 46 18 38
31 42 37 5
16 41 47 1
28 33 2 39
24 40 18 15
33 47 24 12
29 43 42 21
24 24 10 28
6 35 46 14
11 43 6 22
35 40 6 7
21 26 0 19
24 47 5 37
19 16 37 6
32 44 9 31
14 35 13 31
41 31 43 34
38 36 16 13
30 40 49 12
26 41 6 48
5 33 42 33
36 42 7 2
21 35 6 28
20 27 37 1
2 39 8 22
19 33 9 3
0 32 8 0
18 25 7 23
5 26 19 19
30 44 7 23
14 38 32 6
36 44 1 44
25 45 3 5
33 44 29 36
31 43 1 40
6 43 35 9
39 46 1 6
34 6 41 0
13 38 45 26
40 30 9 2
20 7 5 17
16 42 6 1
38 31 10 11
15 32 7 43
47 26 4 0
29 17 6 40
36 24 9 4
17 27 1 7
29 49 45 47
41 29 35 17
36 38 0 39
21 43 47 26
20 36 35 39
32 41 20 22
22 34 0 46
24 29 44 48
38 42 10 0
27 48 1 19
16 28 24 7
34 43 24 36
13 30 16 5
26 18 9 33
27 43 3 17
40 28 4 19
34 43 1 5
27 36 13 7
33 41 9 37
18 2 40 17
33 45 5 47
15 40 7 37
24 45 8 43
29 36 7 3
31 46 40 15
18 35 9 30
34 32 19 2
11 37 30 34
33 44 8 5
32 46 31 41
37 45 5 8
3 48 25 28
35 43 16 13
43 17 11 20
18 16 4 5
37 41 4 2
27 25 31 43
40 44 33 40
32 44 41 36
32 48 48 34
4 33 11 38
31 40 6 1
40 35 1 9
17 29 47 35
5 30 9 3
21 41 7 32
8 23 9 28
8 40 22 32
33 45 28 17
29 48 7 7
28 42 9 26
7 27 48 14
32 44 5 37
16 27 41 35
26 22 38 17
48 31 5 28
35 48 7 29
32 32 20 24
3 43 12 9
24 32 11 37
31 44 34 30
16 32 7 45
15 34 8 1
2 40 42 15
33 25 27 41
32 43 6 0
6 48 46 38
30 25 11 7
22 26 43 13
44 46 4 6
31 41 7 6
22 24 7 19
29 37 7 4
27 44 4 0
31 47 27 30
29 30 3 23
21 42 4 1
31 40 31 34
32 45 13 48
32 15 4 18
25 46 9 40
15 35 33 23
41 39 3 41
29 43 10 31
15 28 41 23
35 44 10 27
31 45 23 43
15 46 11 22
32 41 14 2
21 41 5 46
9 34 17 35
21 47 4 0
7 42 23 18
31 26 42 20
30 47 8 39
30 45 5 3
31 42 7 1
30 45 22 3
20 22 45 39
22 40 4 40
34 37 5 22
5 46 2 35
21 47 9 48
30 49 3 47
32 43 7 22
12 41 6 6
39 48 4 11
44 33 20 18
12 40 4 2
4 39 44 1
33 46 32 19
28 48 9 24
28 49 1 17
30 46 4 49
24 29 33 36
35 46 3 14
27 38 14 2
4 35 23 34
21 23 30 35
28 44 45 18
14 43 25 3
34 44 10 40
14 25 46 38
47 12 16 17
9 38 40 4
2 37 6 30
32 42 8 44
33 44 6 24
18 36 42 27
25 47 17 44
31 34 10 29
35 27 5 6
19 21 8 19
41 42 10 32
10 41 1 41
22 42 43 27
42 27 7 29
36 21 7 42
33 29 33 6
25 36 27 40
32 44 3 36
27 30 43 38
37 25 4 20
25 27 13 44
13 26 4 35
14 37 8 0
34 44 16 29
22 39 36 34
19 45 4 4
30 33 23 30
26 40 46 43
23 37 2 0
1 30 5 44
39 39 30 21
23 28 7 1
16 33 12 39
37 44 42 24
29 47 34 10
17 37 1 44
36 40 8 4
11 33 39 12
6 28 10 19
31 42 7 44
32 32 3 3
18 26 38 41
7 45 39 0
45 33 8 29
17 35 5 20
37 43 39 13
30 43 4 17
33 45 28 24
12 40 19 7
16 20 9 23
16 49 26 49
29 26 18 13
22 34 42 27
24 26 5 45
30 47 7 44
29 48 2 18
22 32 4 23
26 21 32 23
9 33 2 41
9 31 9 0
22 29 6 45
19 0 13 13
29 44 3 19
26 36 3 37
2 35 15 18
36 44 4 46
33 48 6 43
19 33 9 29
29 45 6 3
27 23 37 24
36 27 31 18
17 32 16 1
11 44 7 2
31 27 30 44
37 29 6 43
32 15 20 9
35 43 27 25
44 35 9 4
36 12 5 1
32 32 36 0
28 43 1 40
28 39 10 25
28 42 7 3
10 34 16 14
18 45 28 11
31 42 43 8
32 34 34 9
29 31 31 25
26 33 5 0
3 27 39 17
17 27 48 7
27 25 4 33
27 32 7 41
34 48 4 34
19 27 1 0
30 43 43 15
39 36 9 3
16 38 5 0
11 38 4 1
25 24 16 49
32 41 11 31
35 33 19 46
21 28 14 40
11 38 0 0
32 47 4 19
37 25 14 43
31 44 37 3
1 39 39 4
33 32 40 17
4 43 13 1
1 7 25 7
14 42 4 23
9 31 11 16
39 43 45 20
12 45 25 41
10 35 2 2
0 42 3 47
5 32 36 7
8 37 32 35
18 32 9 24
42 38 20 11
18 45 17 11
27 41 31 23
20 27 9 20
32 47 2 2
38 46 39 42
35 39 49 25
31 31 1 36
23 30 8 0
37 44 11 37
13 32 39 9
30 43 9 8
23 39 12 41
42 43 28 34
22 38 14 12
5 45 0 7
17 36 6 43
8 43 14 44
40 24 46 12
32 42 15 2
15 43 28 35
9 38 4 3
8 38 13 37
16 31 16 0
34 27 37 42
41 34 37 10
33 47 5 2
30 42 15 11
25 41 7 31
29 39 2 19
31 31 11 6
25 38 9 1
47 19 8 0
19 43 5 38
38 32 24 17
48 23 5 33
17 25 21 5
8 42 23 46
28 43 6 16
20 36 16 23
2 45 15 22
29 24 8 5
37 34 6 1
17 33 37 11
33 43 35 32
35 43 9 20
37 27 12 20
20 43 8 24
3 30 7 17
39 42 3 38
34 48 4 22
24 44 10 49
11 31 25 6
29 49 17 9
40 21 8 42
19 29 12 4
27 33 45 26
14 34 6 41
9 44 7 20
19 31 2 48
40 44 6 3
15 43 3 2
24 38 36 19
20 37 25 31
32 47 40 3
10 37 16 4
9 35 45 20
44 37 9 1
47 23 1 47
38 42 8 29
30 35 1 4
36 32 0 16
32 17 14 17
40 9 2 44
15 27 6 49
31 37 24 9
20 37 11 7
31 45 2 41
28 35 3 5
26 11 7 0
25 46 9 31
17 35 8 34
35 44 4 3
0 46 9 0
30 43 3 24
33 39 44 35
31 34 13 43
42 37 5 32
16 38 7 1
29 45 30 0
31 47 11 30
30 44 31 0
30 36 35 33
27 33 14 12
22 20 3 45
17 33 44 11
39 38 6 19
26 37 45 27
30 48 16 4
14 41 12 36
5 34 42 5
35 32 47 1
1 21 1 3
13 26 29 3
42 21 7 6
23 37 13 30
30 44 3 5
23 25 13 8
24 21 6 11
32 49 49 43
27 44 7 19
30 34 17 2
35 47 9 22
34 44 11 1
25 29 6 1
11 39 12 45
21 40 8 17
24 35 6 16
26 34 10 45
11 38 47 25
28 44 48 24
19 25 0 16
8 30 24 43
26 32 8 24
30 44 6 5
30 35 45 29
32 45 1 27
15 31 27 1
45 29 35 12
10 41 16 6
3 38 2 28
25 44 31 27
46 37 35 31
28 42 29 25
39 26 18 31
28 31 11 18
5 39 0 23
31 38 8 26
19 36 49 34
24 34 28 10
31 24 44 8
34 42 7 15
28 42 13 22
41 36 2 21
40 39 9 1
22 41 40 39
29 27 22 35
31 42 10 20
37 37 10 45
21 41 7 0
30 40 8 21
28 22 27 5
34 36 11 4
3 29 3 44
38 39 2 10
22 37 16 24
20 27 21 47
7 38 25 9
4 46 4 0
15 33 22 18
26 29 29 42
40 34 6 46
39 36 38 41
46 7 28 13
7 29 11 18
47 40 3 19
9 40 33 30
28 47 7 1
25 48 32 1
30 46 14 14
41 25 48 12
18 36 3 4
42 20 5 28
11 36 9 23
30 41 6 23
21 40 7 29
38 39 29 31
38 22 9 24
33 42 34 1
14 41 7 24
43 41 46 13
31 43 29 7
29 25 14 29
35 41 22 22
45 28 19 7
36 10 42 20
8 34 4 22
47 33 34 33
36 44 12 33
32 46 25 3
6 31 15 6
33 33 35 29
11 47 7 3
3 24 11 28
32 42 39 9
36 44 7 0
24 45 14 2
11 32 45 19
32 31 6 2
32 45 15 14
29 47 19 44
27 40 35 16
26 37 44 25
9 46 5 2
37 39 25 7
31 27 7 27
30 43 40 5
22 16 18 0
36 43 4 6
41 28 5 0
16 43 49 16
32 45 16 30
26 10 13 18
9 40 31 49
29 48 44 29
48 18 15 3
21 33 26 49
24 43 5 30
9 38 47 32
29 43 0 20
34 47 2 1
34 42 9 22
31 45 10 32
26 16 8 6
17 27 19 2
34 45 26 5
10 47 35 17
31 32 7 45
31 46 15 14
3 46 11 2
37 38 9 4
31 44 11 18
15 11 7 2
32 46 45 20
20 48 41 25
43 23 40 34
15 37 3 40
22 41 32 31
33 43 34 1
36 26 2 21
41 34 39 37
27 13 2 7
38 44 7 2
39 42 16 8
26 44 16 12
31 48 17 13
21 42 5 5
21 42 13 7
31 42 42 30
42 0 39 44
37 27 0 22
48 45 2 26
24 45 46 8
13 34 7 23
6 31 7 4
31 39 4 27
37 7 16 10
31 47 39 11
25 32 30 0
33 41 5 25
30 42 43 46
31 25 8 29
27 40 13 10
43 27 6 5
28 47 25 14
20 29 5 33
31 32 15 6
20 39 34 5
28 44 10 15
30 27 3 21
9 45 8 4
10 34 36 0
7 45 3 35
2 40 12 41
15 35 11 49
32 45 17 41
20 36 13 31
4 36 3 4
29 35 42 29
31 26 18 1
20 36 11 49
29 45 22 37
38 30 34 9
28 27 6 22
3 32 24 33
2 45 3 2
18 39 9 23
31 47 7 27
28 38 26 15
29 47 10 26
14 36 6 1
37 35 17 20
11 26 47 33
19 35 22 39
9 37 1 14
44 26 10 22
33 44 7 3
33 41 4 23
1 38 9 10
21 28 42 12
31 45 38 11
12 39 24 48
10 31 23 37
6 40 13 10
34 42 20 14
11 41 6 27
25 44 14 31
28 45 49 18
14 30 17 3
30 39 21 31
30 45 2 44
34 24 34 44
28 22 49 2
18 47 37 48
3 32 10 28
26 37 45 28
32 17 4 18
24 41 7 6
8 41 36 36
31 43 12 26
43 33 15 32
22 41 24 0
25 26 40 13
21 27 38 34
44 13 5 46
22 42 7 19
35 45 34 3
27 22 9 18
34 44 4 1
28 39 48 25
22 36 24 11
13 35 4 9
16 37 21 10
20 20 8 32
33 46 43 34
33 43 32 37
23 42 16 18
31 42 5 10
24 36 11 18
12 48 0 1
37 34 36 29
33 46 1 3
15 42 21 36
30 42 2 4
38 44 12 9
31 44 9 4
46 44 11 47
29 45 5 3
9 47 8 17
35 40 7 3
16 36 7 18
30 44 10 21
29 39 3 39
16 36 7 2
44 20 23 16
24 43 22 4
32 34 31 20
5 36 30 41
30 40 46 37
33 18 6 23
20 22 15 7
6 32 34 32
6 36 11 42
29 47 7 2
32 40 7 4
18 36 7 28
8 34 1 22
15 37 8 21
10 39 9 12
32 45 7 2
14 40 13 22
23 13 33 19
18 29 6 2
35 22 33 30
45 16 6 24
25 39 46 1
21 32 6 6
14 25 27 21
7 23 6 17
40 32 2 19
33 44 6 26
10 23 22 23
21 38 3 6
15 31 34 9
30 45 14 37
26 34 19 13
26 44 4 1
14 42 29 31
31 34 3 4
32 21 2 48
31 33 37 11
34 44 20 6
31 41 0 2
30 33 3 27
4 35 38 0
9 33 5 25
29 44 2 18
18 45 34 33
7 39 14 33
4 49 28 1
22 36 7 22
16 32 48 27
29 40 13 2
27 23 33 45
34 37 0 49
28 45 7 4
21 36 24 1
2 29 10 32
24 36 24 2
35 42 23 7
22 30 9 37
13 39 41 5
45 29 41 2
43 44 46 5
27 42 6 26
7 48 7 29
34 15 8 18
39 25 0 46
26 25 7 46
35 47 37 2
31 39 49 33
32 21 44 49
34 41 24 48
21 42 48 32
33 43 25 16
31 34 3 21
36 11 49 30
42 32 5 4
27 38 11 24
25 27 2 24
28 42 6 20
41 44 8 19
45 18 48 2
22 36 27 26
5 34 47 40
24 24 7 48
29 34 22 15
25 43 8 24
29 46 20 38
25 31 34 6
44 41 42 11
34 15 27 41
3 36 2 1
19 31 2 0
49 18 6 30
32 27 1 30
17 32 7 25
30 47 9 18
15 34 8 48
32 42 15 22
44 30 6 27
13 29 8 1
23 24 42 30
10 46 20 4
0 34 42 42
31 43 5 1
15 39 24 42
15 27 9 25
2 34 46 10
35 45 26 43
32 46 6 44
31 46 43 33
29 28 25 7
11 39 14 45
31 44 38 13
15 33 29 15
3 27 11 20
32 14 16 10
30 48 3 16
17 45 5 40
38 33 45 36
34 45 4 20
11 37 2 0
16 41 10 24
29 46 17 24
33 24 10 12
16 33 8 33
32 46 2 18
46 19 3 1
2 41 41 40
