50 59 18476 800
15 32 14 11
24 39 13 12
28 43 20 15
9 33 24 18
22 29 30 12
1 39 17 13
12 16 36 29
11 44 9 10
12 24 21 7
30 8 3 14
12 41 14 16
26 45 11 2
9 8 26 12
14 13 5 19
7 9 27 27
30 41 16 13
15 11 31 29
46 49 9 18
10 39 28 16
14 8 13 12
22 35 9 8
14 36 25 19
27 38 26 9
30 27 3 18
7 47 20 0
13 6 24 6
8 30 4 11
32 39 0 20
29 39 16 5
14 6 8 2
29 38 17 0
31 38 28 19
42 37 8 8
27 2 8 17
1 5 5 16
33 41 1 23
24 15 7 11
10 1 15 4
28 36 5 15
11 29 10 11
22 44 25 15
12 40 10 11
28 37 8 12
35 36 7 22
38 13 1 21
38 39 39 10
35 12 3 17
7 34 16 27
40 24 16 19
4 7 28 15
20 33 27 37
30 36 12 17
37 36 22 16
10 41 8 12
30 43 9 19
12 9 8 15
20 26 22 23
35 39 24 33
44 46 13 16
