50 273 14532 800
15 18 7 25
11 32 38 12
36 47 21 4
39 46 19 10
32 48 22 26
38 10 24 18
43 21 21 26
47 25 48 1
3 39 46 31
13 41 30 12
11 26 38 16
38 8 24 16
41 45 33 28
21 34 27 8
8 8 9 23
11 5 35 17
39 24 7 24
18 37 33 36
4 11 12 12
27 36 2 29
16 43 41 19
39 41 41 17
37 49 10 20
32 11 7 23
12 38 26 8
6 16 16 11
3 11 12 25
38 38 27 43
40 38 22 41
6 48 28 1
6 10 33 48
18 41 11 11
37 4 9 31
38 43 12 27
35 13 9 24
13 16 29 26
33 28 31 18
39 29 28 29
36 12 18 23
32 30 34 16
36 11 12 25
17 18 43 25
46 23 24 32
36 8 10 23
44 27 42 16
12 22 6 35
18 37 30 4
41 2 28 17
37 6 20 45
30 47 35 19
20 31 31 13
22 23 11 38
21 41 31 23
19 2 28 27
40 24 33 13
34 40 5 17
3 2 2 11
46 29 5 28
25 5 8 20
44 41 2 30
44 20 41 22
47 19 27 26
23 32 7 29
32 12 27 0
12 49 10 21
3 15 2 20
22 37 22 22
49 34 23 7
40 27 13 7
44 22 38 15
47 27 21 30
24 32 24 25
41 48 23 42
36 42 23 4
4 48 13 36
36 7 49 7
23 34 11 22
14 35 11 21
37 48 12 21
23 37 6 23
38 39 29 12
36 35 28 41
48 32 21 48
34 12 20 26
13 25 5 11
8 22 13 23
34 49 22 27
27 8 36 22
47 16 21 45
47 21 19 44
22 41 39 15
35 6 44 27
14 46 29 21
26 44 35 12
6 44 16 43
18 34 17 23
36 6 5 25
17 40 20 35
23 39 19 31
39 22 44 16
16 9 8 26
21 10 26 28
14 2 35 8
31 46 11 46
4 43 13 28
36 48 20 17
41 37 45 26
45 32 18 34
12 7 36 15
6 1 24 24
25 45 2 37
12 47 21 23
11 5 32 45
14 5 15 26
44 24 12 6
32 9 9 24
16 43 42 21
36 44 19 24
8 19 40 15
37 30 3 31
48 24 25 22
26 35 32 28
41 49 6 23
39 30 41 19
33 3 38 13
38 32 46 11
35 6 17 29
39 26 24 12
34 4 22 19
49 28 28 28
20 28 40 6
10 8 20 31
39 31 10 23
2 44 35 15
9 26 8 22
37 5 47 29
48 23 26 27
39 47 38 11
29 47 44 22
36 11 27 12
15 11 31 15
49 24 25 23
13 6 21 27
44 23 10 27
39 6 0 36
36 8 43 4
41 47 11 33
31 48 14 31
24 42 42 16
26 32 36 16
17 39 38 10
43 40 37 35
15 12 9 22
39 24 36 12
1 28 26 12
46 22 5 43
21 31 39 23
19 33 38 19
35 4 28 17
43 8 25 23
34 6 33 41
17 35 9 34
16 46 35 19
14 14 45 29
20 20 38 25
17 38 43 3
33 7 39 0
45 36 19 6
25 8 0 28
32 7 39 29
12 36 1 28
39 44 22 5
23 39 7 21
41 47 6 22
33 3 10 25
45 35 20 28
29 7 2 34
49 27 20 23
25 0 32 27
16 4 28 16
39 47 22 20
49 27 22 27
45 8 39 5
40 46 8 23
37 11 5 23
19 38 26 27
0 49 9 24
36 49 30 2
8 30 13 23
36 7 20 24
38 10 19 46
38 44 24 24
7 18 34 16
43 31 12 25
31 11 21 25
32 7 30 14
33 12 9 25
32 7 36 5
20 31 4 25
0 49 12 39
32 14 6 27
29 40 28 17
4 35 26 12
33 40 22 25
49 20 13 25
49 17 8 33
40 39 42 27
13 9 5 24
3 2 22 18
16 48 9 23
34 7 27 25
34 5 24 20
31 49 45 27
22 33 37 8
10 42 24 23
35 14 47 22
32 11 6 26
6 45 11 22
31 2 24 24
38 42 9 40
20 18 40 11
10 33 42 27
48 31 30 20
25 40 11 23
46 25 4 22
31 9 38 11
40 47 26 48
29 2 39 22
34 8 7 27
27 14 37 26
2 16 40 15
48 26 8 24
47 26 8 28
23 9 10 23
35 10 28 23
5 14 8 21
23 42 43 11
38 47 28 19
13 15 1 28
26 12 24 0
41 42 6 23
44 24 2 33
40 24 36 8
0 4 8 38
17 38 43 4
22 10 2 18
33 37 6 25
41 22 20 14
35 7 2 20
43 39 27 14
31 13 41 21
3 47 23 38
42 47 10 25
35 10 18 29
32 16 11 17
18 13 38 37
34 20 9 22
38 35 21 29
40 47 19 25
28 35 31 20
3 43 5 39
46 22 13 25
41 25 47 19
18 3 41 10
30 6 18 24
25 28 22 14
29 40 38 8
45 2 8 30
25 43 19 9
40 35 22 5
19 2 1 6
49 20 24 15
39 49 35 19
