50 69 13790 800
46 34 34 9
15 36 48 9
22 17 15 21
26 27 3 21
32 48 45 20
15 29 30 16
28 7 42 11
19 38 3 17
1 10 33 9
13 43 26 6
22 47 48 9
24 28 44 0
29 42 24 7
17 10 33 21
1 47 11 5
1 43 0 8
22 15 21 5
41 48 45 6
13 22 21 18
21 21 25 7
29 40 8 2
8 23 42 13
22 2 23 15
1 10 32 7
38 33 44 1
8 16 21 7
13 23 1 18
19 24 0 14
6 24 22 1
48 44 34 11
27 49 47 13
37 47 28 5
5 34 11 18
32 11 20 19
25 11 36 5
7 22 37 3
36 32 39 20
49 32 24 36
21 21 44 7
17 9 7 11
39 32 17 25
31 36 38 17
45 16 9 24
12 3 14 15
24 5 11 7
2 33 33 11
16 37 33 7
35 39 14 2
35 45 12 15
39 46 2 16
11 37 13 46
14 44 37 18
14 7 26 12
15 31 28 45
39 46 2 13
29 17 23 27
31 35 40 8
1 26 26 12
23 12 47 5
15 2 27 12
36 48 1 6
33 31 3 19
8 13 29 0
16 25 0 36
2 33 13 5
38 42 24 45
6 27 2 5
16 6 24 4
14 6 18 10
