50 74 17527 800
21 43 16 46
26 40 27 46
6 23 18 47
12 32 47 15
38 11 5 10
31 9 45 26
47 39 23 26
28 22 3 3
25 4 47 15
38 14 49 12
40 15 29 22
29 11 7 5
23 15 43 18
29 6 17 7
37 39 17 21
47 3 38 16
17 5 1 22
15 14 49 18
27 5 43 13
28 19 43 8
26 7 3 18
48 23 21 38
36 32 7 45
22 27 17 16
35 33 48 15
46 34 12 18
32 21 8 20
28 21 22 41
47 36 28 4
34 6 9 36
30 18 20 46
35 27 2 6
26 17 15 5
20 36 2 4
49 15 3 4
31 12 4 6
45 24 5 10
43 34 4 9
38 1 41 18
32 26 13 19
41 3 41 19
39 13 25 21
47 21 45 14
29 34 14 33
43 27 3 1
42 13 15 17
12 8 5 20
29 14 11 45
25 17 0 13
25 15 19 43
26 14 38 17
36 21 6 38
47 21 46 17
5 41 45 9
36 5 15 49
34 6 5 21
26 16 48 20
25 38 36 19
25 21 10 43
26 27 46 14
1 20 2 0
13 26 16 32
34 17 36 7
30 16 25 20
16 32 41 21
22 41 21 46
5 2 7 36
27 38 9 13
25 19 38 32
43 18 28 5
38 28 17 48
11 13 27 16
26 18 21 44
34 25 43 15
