50 58 16834 800
6 28 19 37
4 36 2 7
40 46 6 35
20 20 12 7
3 31 9 6
30 39 13 35
44 28 3 34
14 41 3 35
7 45 5 31
24 17 4 36
47 29 14 42
47 21 5 3
10 26 20 13
12 37 17 47
23 42 20 35
43 21 6 29
30 33 3 33
6 30 12 20
33 13 2 31
27 16 24 28
13 32 18 36
34 11 1 36
10 30 1 35
29 15 4 32
48 28 8 37
38 25 25 44
46 25 45 48
45 1 0 38
24 24 4 36
11 44 4 35
12 35 21 5
14 29 2 32
33 25 18 39
38 21 4 33
24 48 3 34
34 14 2 39
29 15 16 2
38 28 12 31
29 14 14 31
17 49 17 0
11 25 5 16
29 14 18 34
38 24 21 31
26 20 4 30
26 18 10 33
12 42 11 4
7 42 14 27
42 29 23 21
29 6 22 25
31 15 31 46
27 14 4 38
28 14 14 37
43 22 2 32
10 24 2 32
37 33 21 49
44 28 16 11
43 25 29 36
9 39 21 1
