50 1191 16418 800
36 34 32 25
37 36 43 46
30 19 16 47
39 28 39 23
37 29 28 37
30 24 23 25
23 27 34 23
35 19 28 48
28 26 35 43
0 17 35 17
3 18 42 34
36 17 28 21
32 24 35 19
4 36 21 49
19 24 38 46
18 37 26 41
42 16 43 34
21 33 39 47
22 34 41 43
16 3 38 24
36 3 42 36
39 14 34 25
23 5 14 27
31 6 21 19
32 13 35 28
35 2 30 48
10 23 36 27
5 1 24 24
40 27 31 18
24 33 5 12
11 11 34 19
19 39 34 21
10 38 5 8
14 26 34 28
0 1 35 17
0 3 39 25
27 0 39 42
32 9 36 24
21 36 15 21
29 28 34 38
40 39 34 20
30 28 33 18
28 30 36 28
33 36 43 40
26 8 37 22
9 1 33 41
30 24 31 41
26 36 32 18
24 34 44 49
30 38 34 23
2 13 43 40
0 11 35 24
7 13 34 23
36 31 9 5
28 35 44 39
35 10 29 22
37 39 30 22
38 32 40 46
15 22 15 16
9 11 12 8
30 34 32 18
37 18 31 23
35 33 36 26
21 1 33 17
13 25 31 25
35 36 11 29
37 34 8 12
35 2 23 28
7 8 39 19
19 14 13 39
36 27 34 42
28 25 44 33
1 5 35 17
4 2 24 43
36 29 34 38
0 4 31 40
25 15 36 23
0 48 38 31
33 30 34 34
3 3 38 34
34 20 28 20
36 30 42 41
33 34 41 25
31 15 36 28
2 11 37 43
21 44 35 21
34 34 2 24
13 16 29 19
32 32 36 26
49 6 37 44
2 4 48 40
10 17 19 30
35 34 33 18
41 44 33 43
33 37 12 8
37 7 28 45
7 8 48 29
22 43 29 14
13 7 28 46
31 22 42 20
7 15 29 38
25 34 32 19
28 11 33 25
5 6 44 35
33 37 31 26
40 14 34 22
10 16 36 47
24 22 38 27
5 2 37 31
42 32 41 44
16 14 31 47
23 11 36 40
2 22 47 46
23 41 37 23
20 21 9 11
29 29 30 45
7 7 34 17
30 26 28 6
44 7 31 17
28 32 18 34
21 35 36 23
36 41 34 32
34 36 16 18
33 36 28 41
1 46 33 19
31 1 35 15
7 10 8 17
38 36 29 20
19 21 32 37
26 26 33 18
41 13 33 20
36 33 32 38
23 14 35 21
9 21 5 19
6 12 34 33
48 26 37 22
49 24 9 21
34 38 36 20
12 23 30 38
6 8 33 22
25 33 35 10
24 14 22 31
37 48 28 48
22 37 21 18
33 1 32 19
40 33 28 43
11 32 35 16
38 19 22 40
43 19 31 29
15 24 36 16
22 35 9 26
9 25 11 15
24 37 26 30
30 22 39 24
3 12 38 16
38 34 31 40
41 33 36 24
22 21 36 22
46 17 35 23
30 29 38 48
26 21 32 18
5 33 27 45
34 37 37 33
21 33 33 21
45 12 34 29
14 2 31 34
8 32 14 21
12 30 31 21
17 19 33 17
47 28 33 21
18 24 38 38
10 16 33 22
23 30 28 41
35 37 32 16
47 17 35 19
39 36 35 23
36 28 36 35
2 8 28 29
16 40 36 26
15 42 26 43
48 33 33 22
16 18 34 31
26 49 30 18
32 1 33 18
0 20 37 18
19 10 48 40
2 17 32 38
4 0 27 17
36 32 33 27
24 38 36 18
39 33 34 18
39 40 2 29
27 41 34 30
7 10 40 45
6 25 40 40
18 40 32 44
19 27 32 41
21 30 33 16
23 11 42 41
44 32 40 43
32 11 29 22
41 25 0 8
5 36 26 35
15 8 18 19
1 4 29 40
26 40 7 15
18 12 35 22
4 5 28 20
42 37 32 17
1 14 28 42
12 10 36 22
3 5 32 18
30 28 34 20
19 30 37 18
34 15 35 47
0 2 4 13
17 31 11 2
18 38 34 21
34 35 13 10
28 38 33 23
27 30 33 25
29 23 33 21
16 30 48 46
17 29 39 30
32 30 24 46
4 38 32 16
38 33 34 25
5 7 36 26
32 14 37 20
34 35 30 37
19 37 36 48
0 24 35 28
33 27 40 42
27 2 31 20
41 23 36 27
31 26 29 41
35 31 29 30
28 5 33 21
33 30 35 18
39 38 29 37
9 45 31 21
36 38 32 47
39 27 25 33
1 22 17 41
40 12 25 32
35 38 11 31
10 16 35 48
37 31 25 43
34 36 0 44
5 15 35 26
20 34 34 40
19 38 26 9
18 39 32 19
26 20 19 31
37 42 35 17
37 27 34 20
12 14 33 21
45 17 32 32
28 45 9 37
20 16 39 38
37 33 37 21
5 8 35 24
33 35 36 43
1 17 28 44
22 22 31 23
31 35 20 35
37 40 31 18
36 19 15 7
13 35 34 19
33 17 35 36
17 4 9 22
1 0 34 20
33 2 35 27
20 32 29 31
39 38 31 35
37 17 29 43
21 19 28 17
16 9 6 47
23 19 22 28
4 3 24 42
29 34 35 19
25 26 22 32
11 0 33 23
25 9 31 38
4 3 37 21
35 14 37 20
11 25 4 19
28 36 32 22
3 2 32 20
33 25 26 49
18 5 38 21
4 22 37 28
29 30 25 19
19 32 30 21
31 37 32 22
29 28 30 34
42 31 26 33
33 31 31 49
11 3 36 27
16 18 7 36
25 1 42 36
30 40 35 26
12 29 10 47
1 8 18 40
38 19 20 26
42 12 33 21
5 1 31 18
36 37 32 20
36 36 34 42
35 12 20 36
36 22 11 17
0 19 31 41
41 32 26 45
5 42 32 39
43 37 40 39
33 6 29 41
1 6 25 42
11 8 36 26
37 34 27 43
23 23 24 43
49 28 31 43
27 16 3 49
19 32 33 38
34 38 40 44
37 33 36 38
46 43 42 21
1 0 32 21
22 35 30 17
30 24 36 44
9 19 36 22
9 7 36 27
46 23 3 6
24 32 35 20
31 37 37 25
32 42 27 47
38 13 34 37
5 34 39 35
27 9 35 39
26 6 37 21
5 7 36 15
25 38 36 45
35 30 35 22
9 0 3 16
9 21 32 41
6 21 43 36
10 30 33 20
21 25 30 19
0 22 36 25
35 36 30 39
36 44 32 18
9 32 31 22
41 33 32 41
19 42 41 24
27 3 10 25
15 8 30 18
10 21 35 19
16 11 34 23
35 33 17 34
2 15 32 47
39 34 33 21
39 2 33 18
16 30 32 17
39 34 28 20
18 34 31 15
26 36 45 46
19 26 35 26
8 4 16 45
36 32 10 17
14 1 35 27
28 47 37 35
38 28 36 41
42 38 30 18
6 4 24 31
4 13 40 41
16 23 33 30
0 5 34 17
7 12 33 41
35 27 32 19
5 22 14 30
1 0 22 15
7 27 33 18
42 11 33 21
37 35 33 20
9 14 30 14
19 31 33 20
5 30 36 24
22 19 23 13
30 19 33 35
32 0 43 38
38 23 31 31
6 10 35 20
32 36 36 24
32 5 22 38
12 11 39 19
35 14 33 25
38 4 26 41
18 35 33 26
27 36 33 44
29 24 34 23
3 2 36 16
33 27 17 30
22 14 41 36
34 12 33 22
4 0 31 41
35 29 32 17
40 30 11 7
7 40 32 36
4 7 14 46
23 32 27 45
27 25 42 46
2 2 41 43
17 34 39 27
45 9 31 26
16 27 7 14
7 15 27 24
18 27 33 23
4 7 35 20
21 6 33 25
15 16 31 40
9 23 40 32
37 39 32 17
46 34 30 20
4 29 30 47
25 24 43 46
43 39 28 35
37 34 32 23
3 1 7 18
45 35 36 36
6 23 30 40
35 32 33 25
7 11 37 28
35 24 31 13
27 35 41 41
22 19 34 22
13 31 1 9
43 25 38 30
20 28 7 42
22 28 39 41
16 25 33 35
35 34 38 40
9 22 35 16
23 31 26 34
36 34 39 25
17 17 32 18
12 13 23 30
27 39 36 45
7 29 35 35
13 23 32 35
38 23 36 26
43 12 25 42
46 15 34 17
13 16 45 35
32 30 19 42
29 34 6 9
29 32 33 22
7 11 35 20
21 13 37 31
24 30 47 42
0 12 46 32
5 13 35 21
35 6 41 44
15 1 9 40
36 33 33 42
42 34 33 27
36 31 30 43
1 6 17 4
8 37 33 34
8 21 35 20
7 10 33 22
5 28 40 45
37 35 28 39
20 18 10 33
30 37 32 21
40 34 32 18
49 37 40 22
26 19 8 16
16 23 31 17
4 5 12 7
22 32 33 24
12 17 36 19
38 8 35 46
17 21 35 25
39 31 30 20
18 46 24 18
9 26 31 21
15 21 31 19
26 7 12 15
12 35 32 24
21 37 33 20
41 14 37 21
35 14 36 23
30 25 32 40
3 1 33 22
18 28 32 19
39 43 30 17
38 16 42 27
4 22 29 38
11 20 23 42
38 32 34 27
6 11 35 15
41 15 45 42
1 22 33 35
34 41 35 18
46 26 37 21
22 33 32 18
11 2 32 19
13 14 35 23
38 35 39 25
32 38 30 31
34 34 33 16
7 10 26 47
19 21 43 46
11 0 38 23
5 19 32 45
45 24 35 24
9 12 35 27
37 34 28 41
4 20 33 18
19 42 37 22
15 32 10 14
33 40 34 18
37 32 35 20
18 23 36 37
4 6 41 43
14 16 38 10
3 5 39 36
22 10 40 44
15 14 24 21
35 35 26 39
21 21 37 23
11 12 30 29
22 17 21 38
19 33 26 42
24 16 34 19
16 17 39 39
31 45 41 22
37 34 19 20
32 42 42 41
5 4 28 22
44 3 31 33
2 6 30 23
34 32 37 18
37 43 29 46
17 32 33 18
7 16 33 17
45 18 36 19
38 35 24 42
15 23 32 26
35 13 39 32
13 8 36 21
22 19 37 35
36 36 33 20
5 7 39 24
10 19 33 19
13 10 39 25
18 34 7 7
36 33 15 33
41 36 33 27
38 39 39 25
19 31 31 16
27 2 33 25
33 44 42 47
36 37 11 14
18 22 26 38
12 33 37 21
0 9 31 19
40 30 32 27
8 2 35 19
39 36 45 40
5 7 31 30
2 12 43 44
32 30 35 27
41 35 32 39
26 32 42 42
15 19 32 41
4 6 32 27
1 4 21 31
6 29 35 18
24 18 24 47
13 24 32 25
41 22 32 40
13 45 34 22
1 1 35 26
13 29 38 22
19 33 21 43
17 9 34 40
27 43 42 32
45 19 11 49
39 36 32 19
38 28 28 46
16 40 34 19
37 25 33 44
34 36 40 37
42 33 40 22
45 23 35 21
4 2 32 38
33 32 13 44
32 40 35 22
38 0 34 19
9 26 9 19
42 22 6 19
9 24 36 23
10 5 32 17
21 2 35 21
5 10 33 45
22 19 36 18
7 1 0 5
34 31 38 22
33 30 38 23
23 15 22 37
35 37 32 32
23 42 40 26
34 27 30 24
41 35 33 20
26 48 32 20
25 23 31 25
17 23 38 23
4 3 7 11
5 27 38 24
21 29 39 39
4 45 37 35
6 10 36 33
23 1 28 47
0 7 34 46
34 20 35 24
18 24 38 18
36 35 12 47
11 19 42 46
32 1 35 16
40 31 28 20
34 24 38 42
2 7 34 18
39 39 34 19
9 25 37 21
25 5 34 17
40 41 12 23
7 23 30 45
24 37 36 25
12 21 34 16
49 27 37 48
6 29 37 44
33 14 35 25
32 12 29 43
36 37 15 25
32 24 34 45
3 8 20 40
5 13 36 40
10 8 14 20
28 12 39 23
3 6 33 22
39 34 32 20
38 28 30 47
5 9 34 20
38 31 40 20
36 40 40 39
24 32 38 24
40 23 20 28
33 45 43 42
10 30 36 16
9 25 7 14
7 2 42 41
32 13 16 19
15 29 39 17
1 11 39 43
43 24 29 43
21 20 29 25
19 41 33 21
34 21 26 47
10 17 36 26
14 28 11 47
33 12 18 37
40 36 36 18
13 31 32 48
39 36 29 46
33 45 33 19
1 12 36 27
16 35 31 21
28 0 37 33
42 42 34 31
19 20 36 18
15 35 27 42
38 40 27 39
34 34 17 15
27 26 32 18
10 35 14 7
2 0 34 19
36 33 36 21
25 9 30 19
41 37 32 17
40 36 44 37
38 36 34 20
30 39 23 26
5 6 31 21
26 38 29 43
18 14 40 20
13 2 28 39
19 18 37 22
6 5 42 47
36 5 30 48
5 27 27 38
34 37 34 47
36 33 29 23
28 20 36 19
2 18 31 17
1 2 17 39
4 4 26 24
33 7 30 46
9 29 26 35
45 33 39 42
21 12 34 18
11 15 33 23
27 35 38 25
25 42 35 20
17 39 39 46
36 8 33 47
35 34 30 35
21 20 39 22
19 32 35 18
33 27 28 36
31 26 32 18
30 36 26 46
18 13 10 19
0 14 38 21
33 27 32 49
0 7 35 46
20 36 13 23
31 34 34 26
17 30 34 26
30 35 38 27
0 17 30 20
11 49 31 40
31 43 34 25
23 34 44 45
20 12 31 18
23 38 34 17
34 3 37 21
35 32 27 48
22 7 31 35
24 10 10 7
33 29 38 40
26 38 24 23
20 37 33 22
34 10 32 22
34 2 33 16
9 18 35 18
13 10 17 41
6 2 30 19
7 18 47 36
27 39 33 20
28 8 32 45
1 10 38 21
14 45 34 21
3 0 35 25
41 30 40 42
4 42 37 43
17 37 32 21
35 31 33 17
3 11 39 39
34 10 34 23
36 33 40 26
35 34 33 21
2 0 25 27
21 27 17 23
5 27 30 43
25 33 38 39
12 3 35 19
27 3 3 17
41 19 32 36
28 7 33 23
11 14 15 24
7 42 33 18
14 23 31 46
21 12 33 23
9 14 27 46
7 8 31 18
43 31 33 19
11 4 18 18
28 6 9 15
13 23 18 33
16 7 35 25
33 20 36 22
21 19 22 48
38 40 25 46
37 5 23 34
34 36 30 25
46 4 40 44
20 11 31 29
38 36 32 45
11 12 32 22
7 5 23 13
8 39 33 19
5 29 29 46
10 34 22 10
40 37 40 47
45 20 35 19
24 35 39 21
15 3 37 26
4 2 24 40
3 21 33 21
39 23 37 46
9 28 30 19
24 27 41 26
18 11 37 30
2 0 35 23
0 2 38 44
23 45 37 20
20 45 30 20
35 33 46 25
1 3 33 17
14 28 40 7
35 27 31 37
33 33 37 21
7 25 26 38
40 34 34 26
46 25 32 20
13 25 34 24
30 32 31 23
15 46 36 37
45 27 35 25
27 32 32 24
19 31 32 25
10 22 31 18
26 20 32 27
39 26 35 22
47 23 32 16
35 34 32 46
37 36 20 36
34 37 36 19
15 36 33 42
21 25 13 21
6 22 35 23
10 19 32 19
38 15 31 18
3 15 32 29
1 39 32 20
35 31 33 19
36 33 36 22
18 8 28 39
25 32 2 35
40 33 36 24
9 4 35 23
26 0 48 26
5 20 30 26
6 23 32 21
37 38 34 23
39 42 46 39
11 9 33 21
6 16 23 39
31 45 41 45
37 38 34 28
39 37 37 21
29 18 14 28
14 25 27 24
37 38 27 36
2 7 21 35
40 37 43 31
36 4 11 19
40 31 36 24
2 7 35 18
13 18 28 45
9 3 35 19
3 34 32 35
37 38 35 49
35 3 29 20
7 37 7 15
15 42 31 20
24 44 38 25
19 16 28 43
42 24 34 23
31 44 30 22
34 40 39 34
32 15 36 23
22 22 20 30
31 25 30 37
12 34 34 21
7 3 40 28
26 8 34 40
12 15 39 39
29 14 37 14
34 36 13 13
40 47 39 37
37 10 46 48
26 4 42 37
3 4 28 37
27 26 30 23
33 31 39 23
18 13 37 27
11 24 32 27
35 34 41 44
22 6 36 25
13 17 31 18
18 10 34 22
1 8 14 38
45 30 41 38
34 34 36 25
9 23 25 41
37 37 31 37
37 35 36 20
21 32 32 20
46 25 34 17
30 28 30 16
14 12 28 44
13 9 37 21
4 3 39 49
34 39 27 45
28 1 38 28
16 23 32 20
40 30 30 17
30 26 34 27
42 29 30 32
33 38 24 33
13 19 36 20
0 3 38 25
12 4 26 45
0 19 36 24
7 24 39 45
17 12 31 19
7 26 27 22
22 39 20 21
37 12 46 39
0 3 23 34
26 33 34 20
0 4 42 19
9 6 29 36
3 0 34 17
25 34 35 19
16 32 36 23
26 26 38 48
25 40 37 36
37 37 32 18
35 36 40 43
36 39 38 26
16 12 26 39
11 26 37 27
45 33 40 41
10 19 49 29
28 12 16 22
26 25 32 44
34 36 1 47
31 32 35 23
32 31 36 23
1 3 38 25
3 4 26 21
39 17 32 42
7 36 41 30
17 16 32 45
35 37 35 20
16 6 34 20
36 34 30 16
26 7 31 19
10 6 5 27
37 24 30 20
2 3 30 37
40 36 45 45
31 38 28 45
33 21 39 42
21 13 29 20
34 31 36 15
0 33 27 39
8 17 13 11
10 14 33 37
14 7 27 46
27 8 30 42
33 7 32 46
30 33 14 18
37 30 34 21
28 40 33 17
4 2 30 18
40 31 37 22
6 16 38 48
46 27 34 14
38 37 34 18
6 4 36 46
43 33 40 26
46 21 37 49
8 1 35 43
42 31 27 25
37 32 15 16
9 10 22 39
12 3 31 22
23 19 32 25
8 34 33 18
12 13 36 16
18 20 31 42
32 20 5 44
32 36 33 43
3 31 40 27
15 13 33 16
34 36 32 42
9 6 31 17
29 39 40 48
33 15 35 22
19 23 43 44
43 30 35 17
36 34 22 46
13 13 32 20
13 14 39 26
11 26 35 19
23 23 28 37
28 27 33 41
24 23 34 23
12 10 20 21
34 39 43 41
13 17 43 36
14 35 32 27
41 36 37 28
6 27 47 41
29 43 12 40
20 28 31 49
20 20 36 24
0 9 10 3
0 11 32 23
23 34 40 25
8 10 34 23
33 31 32 20
22 26 42 42
1 6 31 15
25 39 32 29
35 37 28 43
7 10 34 42
32 35 34 23
27 40 29 47
20 31 36 37
33 31 36 38
35 29 32 19
35 37 36 27
41 38 32 23
30 6 42 46
27 28 32 45
43 29 35 18
30 24 33 28
32 31 30 24
25 39 35 28
33 27 37 40
34 18 43 42
19 35 35 20
32 38 38 45
23 38 38 42
5 4 30 13
42 36 36 37
2 7 26 44
35 32 29 19
8 27 31 19
28 26 31 34
15 40 13 25
33 0 37 24
9 3 36 29
34 38 38 25
35 44 36 20
41 34 29 37
32 20 36 28
14 25 28 19
20 17 32 26
39 23 35 22
9 30 35 24
5 31 13 36
9 7 33 24
28 34 20 27
30 39 41 37
44 33 38 45
32 32 40 24
35 35 34 20
30 49 20 45
37 43 37 18
31 25 33 21
28 5 34 19
5 6 30 17
28 0 36 44
48 18 35 21
32 32 34 18
19 28 33 26
37 36 31 19
2 10 29 39
33 38 35 22
38 34 33 19
39 18 39 47
5 17 9 6
24 33 46 43
28 34 44 34
9 10 31 17
38 0 27 37
39 28 33 21
3 1 35 19
23 9 14 9
6 6 32 20
26 3 37 25
36 28 35 20
23 29 14 20
42 37 33 15
11 39 32 43
13 48 37 24
28 25 36 45
31 36 32 41
24 40 38 40
48 2 5 18
14 28 15 37
0 14 38 20
34 32 34 24
28 49 20 7
31 38 32 20
10 16 33 29
20 20 31 16
40 17 31 17
29 7 23 49
21 29 32 18
33 37 39 44
12 14 38 37
28 21 10 24
42 43 6 31
23 30 41 34
44 34 33 21
37 4 33 20
22 35 37 43
36 26 48 32
35 36 29 30
13 23 31 24
31 31 6 21
40 32 42 11
11 34 31 18
35 42 37 25
0 4 36 20
3 0 37 39
46 38 43 43
8 1 38 19
1 1 12 32
16 29 32 25
35 12 16 10
2 2 34 40
34 32 41 23
12 29 46 49
35 35 21 29
28 28 39 49
25 29 32 20
10 15 34 17
35 40 31 25
11 8 32 18
24 22 27 44
11 1 32 29
40 36 39 23
45 10 41 34
27 7 37 36
37 33 31 19
28 0 34 20
32 6 12 25
6 17 33 20
33 27 41 42
3 14 44 40
25 43 42 25
35 2 32 22
40 32 37 46
14 8 32 32
9 30 8 38
25 21 30 48
13 6 34 20
9 3 31 17
17 25 32 19
28 33 18 30
23 36 32 44
16 19 40 25
33 34 32 20
16 11 20 49
38 30 29 21
16 22 34 18
15 21 10 41
40 28 36 47
5 28 3 14
8 4 34 43
32 29 31 40
42 24 20 42
23 27 34 32
31 33 34 23
31 28 1 48
9 2 32 27
27 47 35 36
39 44 31 19
14 8 36 23
11 36 30 16
42 28 39 24
5 30 36 20
28 12 36 47
26 37 45 48
15 8 17 21
48 11 26 39
32 26 38 24
26 10 31 41
23 33 37 45
0 26 31 22
1 6 31 21
23 21 42 22
30 29 35 40
10 29 15 23
