50 209 13195 800
21 14 23 45
21 36 0 27
30 22 5 10
24 22 3 6
25 6 16 23
8 35 30 10
29 28 8 42
41 6 6 21
30 21 5 6
8 23 38 32
35 1 14 28
9 24 6 5
15 34 4 0
15 37 2 40
7 25 9 33
37 18 10 6
33 17 4 22
17 30 45 11
12 43 2 16
8 43 5 35
32 18 8 32
26 43 13 38
35 17 28 36
11 44 12 13
33 21 21 34
17 38 22 10
10 17 4 42
19 35 23 3
20 38 19 5
33 27 10 15
8 30 3 34
12 46 14 27
30 43 1 42
12 42 35 14
11 39 24 22
17 32 34 40
14 42 6 24
49 3 18 4
20 27 5 7
16 49 18 40
31 15 2 24
32 21 22 30
34 21 2 41
31 28 19 34
2 22 14 7
10 7 14 47
16 38 34 36
31 22 19 3
34 15 11 5
3 41 9 5
26 31 7 40
13 38 16 41
20 47 8 19
33 18 14 21
10 18 29 48
36 23 10 40
8 34 4 13
25 32 10 10
12 49 14 39
33 24 3 44
31 23 11 27
16 37 22 5
8 27 42 26
5 36 12 42
32 18 17 31
5 42 9 38
39 29 12 4
18 39 13 34
37 8 11 6
42 7 1 49
35 24 3 34
13 47 10 45
41 38 11 44
36 1 1 38
45 2 0 40
35 33 24 16
14 33 12 11
16 38 9 18
32 20 10 44
33 22 9 13
33 31 38 5
25 24 28 2
34 27 14 33
28 19 8 43
18 33 8 25
29 19 39 33
10 11 12 8
17 35 7 14
20 39 13 36
10 34 7 19
1 27 3 15
5 48 6 24
42 22 13 8
28 25 35 49
7 19 19 26
31 17 42 4
26 25 0 27
1 22 8 10
16 36 5 20
29 17 36 10
13 15 3 10
3 46 1 30
14 34 17 37
34 20 17 42
10 35 12 42
31 35 12 41
36 9 13 29
34 15 19 13
11 48 1 40
38 17 23 8
16 42 29 13
14 8 29 37
37 25 41 46
1 2 11 44
6 34 8 31
5 35 2 33
31 14 18 44
19 34 12 37
22 40 5 13
1 30 26 40
43 24 21 39
27 39 5 36
41 4 15 32
14 41 15 8
0 8 6 33
17 39 13 48
22 18 7 43
15 38 24 19
32 43 5 39
21 23 12 35
39 33 5 37
38 25 39 30
32 19 16 28
16 46 38 8
1 7 43 31
12 10 5 32
7 29 28 21
13 41 34 14
2 6 33 6
40 8 15 47
19 41 20 9
35 21 11 33
20 43 9 14
12 34 29 39
12 19 26 29
5 42 35 47
44 24 28 12
38 28 14 35
23 14 36 0
34 26 31 21
28 16 3 27
8 34 12 29
17 39 14 36
13 16 34 35
13 38 2 40
4 7 9 19
29 21 16 23
37 13 4 26
35 21 0 22
0 7 13 35
14 33 2 36
2 48 16 48
13 15 6 35
36 26 5 45
28 15 41 14
46 18 13 6
45 18 15 29
0 6 6 37
41 7 22 38
35 22 23 29
32 5 2 39
6 24 11 17
21 42 12 27
8 24 19 22
15 22 0 7
1 34 11 8
5 37 14 34
10 34 1 9
28 37 10 6
0 14 9 16
13 39 5 26
33 17 27 26
48 13 1 20
42 30 4 44
37 16 15 23
27 5 7 40
16 16 3 40
26 43 9 12
26 20 9 43
15 27 2 39
21 42 2 34
34 15 25 11
18 40 13 26
11 48 16 40
38 22 14 39
23 35 9 7
31 22 10 33
13 4 3 21
36 27 15 19
18 19 15 39
33 26 1 44
28 19 22 24
9 41 14 36
13 38 32 15
30 19 18 22
32 17 19 48
14 44 22 10
8 10 26 31
1 20 31 18
