50 128 19082 800
36 11 34 21
37 12 18 30
22 23 31 25
43 21 42 38
0 4 37 27
6 13 46 49
14 18 17 32
35 19 38 29
16 3 40 19
43 18 33 27
26 21 26 13
20 42 8 43
3 7 4 23
47 13 2 6
15 3 40 23
31 20 22 34
11 3 24 10
46 20 40 28
8 0 37 27
12 15 33 11
7 9 42 27
8 16 27 16
38 16 33 18
42 9 8 6
20 24 13 10
26 27 1 23
42 22 42 35
38 15 5 37
27 31 43 6
14 8 29 47
24 32 48 37
33 27 49 30
5 5 31 31
9 8 16 11
9 7 3 29
33 48 18 9
44 12 44 20
6 12 3 19
35 47 34 27
28 48 12 28
15 48 31 21
12 11 44 25
19 46 48 42
11 35 33 36
37 38 3 18
43 37 39 49
49 42 5 46
24 22 3 15
24 42 6 11
43 11 16 3
8 9 9 17
17 31 27 13
31 29 29 20
7 15 18 49
41 11 43 45
35 35 37 17
18 21 5 19
15 48 5 19
28 34 33 17
8 32 43 15
34 25 28 42
40 26 34 18
13 40 44 22
11 36 29 19
30 36 33 19
36 26 0 15
19 46 38 23
45 28 0 24
37 12 43 33
12 12 39 22
9 29 23 14
13 32 17 5
24 42 21 24
15 13 3 11
9 11 45 13
11 14 4 21
35 34 8 19
6 21 34 29
26 6 38 29
17 27 45 33
38 18 43 39
25 9 42 28
25 46 13 35
32 14 34 38
14 17 45 25
15 7 42 20
12 48 33 21
49 20 45 29
28 44 24 15
37 40 36 27
41 4 38 42
36 20 43 25
3 13 42 36
6 14 47 44
36 20 22 27
27 28 28 37
28 29 27 11
2 7 38 25
14 13 47 23
38 14 34 19
9 13 15 18
40 27 6 20
6 6 40 16
11 44 44 49
16 43 31 14
13 25 28 25
36 28 3 9
16 24 28 27
18 2 22 28
39 19 49 17
30 35 39 22
16 28 9 11
25 43 31 28
18 40 42 26
40 49 33 43
45 36 2 12
13 16 36 2
15 14 3 26
27 18 13 22
46 16 35 21
4 30 1 24
13 14 43 43
8 45 38 24
15 47 33 31
42 20 37 10
40 23 44 31
34 30 33 24
14 46 45 43
