50 182 17200 800
12 11 32 8
38 4 39 20
41 27 32 36
49 16 8 8
13 12 12 22
24 7 13 13
35 26 48 24
1 29 23 26
13 22 33 7
38 30 13 12
18 10 13 8
35 1 23 20
32 25 23 26
17 28 19 7
37 36 39 27
26 40 43 29
25 44 44 14
26 37 43 29
37 22 30 30
11 21 28 44
10 14 30 20
34 45 40 19
15 15 28 31
16 30 20 32
25 40 33 36
36 8 43 28
32 31 39 23
10 27 26 41
26 40 29 46
14 11 23 27
10 38 26 25
13 14 11 22
13 47 30 4
36 37 22 16
40 31 28 28
14 12 43 29
28 36 20 9
12 31 28 40
21 17 26 8
19 29 27 5
33 28 40 17
30 43 26 26
35 26 32 2
34 13 26 42
28 36 27 18
26 36 36 24
23 40 39 26
17 20 43 30
16 37 30 16
30 12 44 16
14 14 40 29
4 23 9 3
43 22 31 34
16 10 25 14
7 25 30 15
14 34 43 17
46 30 29 19
26 15 35 35
8 26 17 26
46 21 14 2
46 26 35 39
15 15 12 9
36 12 39 30
25 40 22 20
29 35 35 23
12 13 31 44
47 35 33 16
10 26 29 7
32 41 30 30
4 13 27 47
15 44 34 28
14 22 39 25
13 27 18 10
27 42 38 22
24 35 24 25
14 13 21 5
12 45 9 6
25 30 29 48
33 18 25 27
16 34 35 45
33 23 12 6
44 24 23 30
21 11 7 27
26 48 33 4
37 25 4 13
49 41 27 2
28 27 15 43
11 18 36 6
42 24 15 15
13 24 38 17
15 14 24 1
30 45 38 35
23 38 25 28
6 25 35 47
38 2 7 12
27 38 46 0
46 15 36 36
23 45 32 22
47 17 36 34
15 18 18 32
41 3 38 22
12 18 23 20
24 39 34 26
48 25 24 22
26 32 36 26
21 17 28 6
44 26 40 22
37 25 1 13
8 47 27 29
13 23 35 43
12 7 17 29
32 16 22 25
0 17 46 43
15 13 19 19
17 23 26 46
26 14 23 25
27 24 33 0
11 14 31 35
27 35 22 36
17 13 29 2
48 27 30 0
48 12 14 8
29 42 18 19
14 28 34 22
29 43 38 49
15 13 39 27
13 14 26 38
19 24 31 5
25 21 36 33
26 44 43 28
26 40 23 26
10 11 5 8
26 40 20 23
47 43 20 25
29 42 17 29
31 10 20 11
36 27 30 31
3 44 32 16
47 12 29 46
45 16 20 14
39 21 34 47
44 27 32 3
17 47 20 10
23 46 13 7
40 31 29 35
38 30 11 14
11 21 42 30
14 13 21 30
14 28 30 46
13 11 28 3
42 30 38 32
27 43 40 31
14 12 38 7
1 29 10 21
11 27 46 33
38 22 27 14
47 19 37 46
47 26 42 27
25 15 4 10
27 13 23 32
49 26 25 12
15 22 5 10
10 46 44 16
45 15 28 37
19 29 44 27
40 37 10 5
19 33 41 32
16 25 20 28
16 33 19 40
14 22 38 27
17 49 42 18
26 42 20 23
10 13 27 3
6 13 15 48
23 40 36 34
29 41 27 9
18 24 21 30
4 26 24 44
12 23 32 15
11 14 39 29
36 10 39 28
25 41 15 33
