50 59 18365 800
41 37 39 8
20 12 39 2
29 30 40 6
16 47 27 40
13 24 29 19
47 43 38 2
6 37 22 43
18 40 26 25
43 36 32 4
27 29 34 45
7 20 20 15
2 24 24 42
7 30 30 2
17 25 32 31
37 19 24 35
46 21 35 5
32 23 41 33
43 10 39 43
46 37 36 2
20 37 31 24
39 15 17 41
4 32 22 28
0 47 47 13
36 44 32 0
6 37 20 34
41 33 41 10
1 44 24 33
44 38 41 15
44 1 45 34
36 48 36 1
19 40 45 35
18 13 38 21
49 25 23 37
31 28 18 34
23 43 46 10
30 31 28 38
31 29 23 31
10 20 16 38
48 34 21 45
24 28 38 6
12 19 20 38
49 15 41 20
25 39 13 34
19 20 42 3
45 20 22 32
24 25 35 4
5 38 36 6
1 33 22 32
2 20 45 42
20 4 32 8
45 46 35 6
31 28 37 10
33 33 39 7
20 26 15 34
4 13 37 6
27 42 25 30
16 8 37 1
35 14 19 31
12 25 35 10
