50 59 11030 800
18 34 45 30
11 19 34 40
21 25 42 6
0 29 37 38
5 10 9 32
17 36 19 31
23 22 14 21
15 28 23 19
4 7 13 38
28 12 34 25
38 20 33 42
1 21 37 37
8 7 22 16
6 37 39 37
32 21 3 43
20 9 6 37
35 11 34 36
29 17 15 38
13 3 37 3
26 24 29 26
6 14 45 15
1 15 43 3
5 13 27 35
43 12 31 8
31 16 19 42
21 9 43 9
12 10 17 38
46 19 46 8
39 21 10 40
39 46 8 46
4 18 5 32
12 32 15 34
24 15 13 48
17 8 44 8
3 23 34 40
17 14 27 27
19 13 28 38
14 35 40 7
17 11 1 43
33 17 38 32
33 16 11 31
34 49 35 8
27 2 30 38
19 16 27 28
21 2 12 44
48 12 33 31
18 28 10 28
4 10 33 5
22 19 25 27
39 13 19 7
18 2 11 40
16 13 18 39
21 47 35 40
5 10 26 43
39 22 46 23
22 19 12 37
12 11 24 38
25 39 28 29
42 21 0 30
