50 53 16846 800
44 8 19 29
11 20 3 33
4 37 19 31
37 10 22 31
4 10 15 45
29 16 14 25
9 49 40 14
33 3 20 18
40 33 35 22
4 46 4 17
17 47 15 16
16 12 15 18
48 19 25 20
43 41 42 48
38 23 28 21
3 28 39 19
15 29 6 22
37 29 30 19
28 32 17 17
27 7 7 33
16 43 3 35
23 23 17 36
18 47 1 35
42 7 15 26
15 13 47 16
20 21 43 45
45 36 20 26
9 23 17 27
15 32 21 28
9 43 11 16
5 20 11 29
22 36 36 44
8 30 24 6
25 11 14 28
1 29 6 18
5 46 17 15
15 42 13 18
17 32 19 27
18 24 11 21
36 9 24 20
1 41 22 39
9 44 20 24
6 22 18 19
39 4 22 35
18 26 38 49
9 32 14 36
20 35 16 36
20 43 36 34
11 33 11 23
33 17 20 31
29 4 8 23
32 44 25 48
28 33 12 20
