50 245 19995 800
36 49 24 25
24 16 21 48
9 10 19 19
17 6 22 24
32 1 48 16
49 30 30 17
36 25 25 33
42 27 15 21
45 12 23 20
34 32 15 23
29 14 16 24
11 23 17 11
46 3 18 23
21 35 19 39
20 36 32 10
26 17 5 20
8 3 6 29
39 39 23 19
5 5 30 9
30 5 13 39
4 11 19 30
33 27 44 2
35 46 21 24
39 14 21 42
16 39 15 34
8 5 22 24
28 42 19 18
41 36 23 24
29 26 34 12
40 38 8 41
6 5 22 10
9 4 22 20
20 29 39 14
34 42 23 9
16 36 16 26
8 43 2 33
40 42 13 42
7 3 25 23
17 29 35 7
9 6 22 19
45 29 25 35
41 7 31 23
21 38 8 18
36 38 41 9
30 40 5 31
45 6 34 9
7 7 16 42
19 18 36 14
4 2 0 24
5 46 25 22
7 0 25 19
30 36 27 23
10 6 12 25
49 4 20 17
33 44 15 33
4 24 38 14
8 4 30 3
23 13 21 29
34 6 7 46
14 37 39 9
36 39 0 44
39 33 2 32
28 35 25 26
6 3 1 30
13 11 26 19
38 5 38 11
37 42 4 29
39 44 5 46
24 3 45 0
30 31 18 38
31 3 20 31
18 34 33 16
3 4 32 42
38 2 33 4
28 20 25 16
36 9 23 21
41 44 19 27
40 15 38 12
37 30 33 14
41 40 36 13
11 7 16 49
7 21 18 19
14 45 7 25
15 18 42 4
7 7 14 26
46 49 4 26
13 31 23 20
7 6 6 35
38 33 18 31
48 36 36 15
11 5 32 4
12 37 11 16
19 41 41 8
4 31 32 15
29 7 27 23
31 30 7 29
27 5 24 25
25 27 1 29
43 44 20 27
20 33 20 19
22 33 38 12
39 40 33 3
44 42 24 26
19 32 9 44
35 44 23 14
40 45 24 24
43 26 12 14
14 14 25 12
32 35 20 13
7 7 11 29
24 36 49 6
19 38 6 41
8 7 18 21
28 35 37 10
20 9 18 23
21 15 37 7
9 13 15 20
13 9 19 29
7 17 13 25
45 24 17 21
24 37 22 28
26 10 33 8
26 33 17 20
18 44 36 9
33 42 28 16
37 48 9 18
35 8 26 24
39 22 17 20
36 45 19 22
24 36 21 21
20 42 31 19
8 4 11 48
30 16 27 23
31 33 21 12
26 40 25 17
2 6 23 45
44 40 19 20
36 43 11 36
30 35 25 18
32 40 22 14
37 47 15 20
28 15 7 8
14 42 41 9
34 3 3 47
38 42 39 13
39 28 40 20
27 40 24 21
31 37 23 20
38 14 20 26
41 47 22 17
42 20 21 29
43 44 2 39
46 41 8 49
43 34 19 36
33 27 4 25
43 1 30 14
37 41 22 21
0 49 3 36
39 12 19 23
30 34 18 21
24 31 31 17
48 41 40 7
20 14 24 37
43 41 4 36
40 31 23 21
36 9 47 6
8 16 2 23
8 3 25 28
49 9 25 1
41 45 7 31
41 43 25 39
23 36 1 28
11 7 18 22
41 44 0 33
37 49 26 10
40 47 29 38
11 28 25 20
34 12 2 28
3 8 28 23
31 20 25 1
43 30 18 25
29 29 35 3
45 15 22 17
28 1 28 20
26 46 36 9
21 44 22 22
42 25 38 16
39 46 27 25
39 48 4 23
21 1 37 7
28 40 5 27
15 11 18 21
6 5 30 22
48 36 12 18
29 31 21 24
4 3 43 10
32 46 11 48
5 3 17 20
24 36 29 19
42 40 23 18
22 34 4 34
26 49 28 19
44 4 0 27
31 28 27 18
23 33 38 12
10 24 21 12
7 6 14 26
31 13 18 22
30 4 23 20
9 11 6 40
44 6 41 16
29 41 4 41
8 1 8 26
44 13 23 17
39 40 26 24
30 25 40 17
39 42 23 1
39 2 25 19
28 18 17 30
11 1 1 19
45 8 24 19
31 42 12 13
19 28 23 17
33 7 39 12
9 4 37 0
34 42 20 25
33 43 36 11
42 26 25 12
30 7 4 16
24 24 15 29
8 2 23 24
32 9 27 20
8 3 36 11
2 4 3 19
34 6 21 24
15 9 20 20
27 37 22 21
9 20 21 23
23 33 23 13
38 44 20 23
41 41 3 24
46 45 25 26
36 45 48 15
27 38 18 29
35 28 8 30
