50 391 11206 800
27 32 34 41
12 7 46 30
34 28 17 2
23 28 14 5
33 43 38 49
0 31 42 14
7 21 34 29
44 30 41 42
14 2 44 4
22 30 42 33
20 32 4 44
14 36 10 2
29 41 15 45
24 24 31 44
19 26 38 18
15 30 48 38
14 3 36 49
5 27 7 12
29 34 26 41
17 8 46 20
22 7 38 12
6 24 47 17
15 7 31 27
8 5 26 32
24 4 11 32
9 22 16 36
25 19 43 44
33 23 44 14
45 23 40 48
23 7 44 41
24 1 37 15
18 0 45 32
11 4 22 13
22 3 7 0
26 23 34 34
35 42 24 26
8 5 31 47
33 37 21 4
15 8 48 26
7 23 31 39
19 7 35 44
15 5 44 0
8 36 35 44
3 30 28 28
34 29 14 36
30 40 19 49
21 21 27 37
8 0 10 9
16 35 10 5
20 21 31 25
24 4 3 8
26 44 7 44
32 44 21 1
18 23 39 0
14 4 3 18
19 4 24 39
15 7 5 37
26 30 42 43
9 45 16 46
12 8 41 20
15 5 35 35
19 25 21 16
17 11 21 9
14 0 7 35
27 41 37 42
7 8 33 36
17 12 30 26
29 32 12 40
24 24 0 4
8 22 44 13
23 22 26 35
19 26 28 26
15 30 36 42
20 23 13 37
8 10 46 24
9 8 17 4
28 28 21 35
19 5 17 25
13 7 25 30
29 40 27 29
15 18 24 28
32 44 18 3
36 21 26 41
34 35 8 1
25 9 4 20
10 3 23 35
11 14 48 35
30 44 46 18
13 28 35 33
22 25 28 36
13 32 23 36
20 8 18 1
10 4 2 8
26 15 16 14
10 34 30 43
18 13 28 27
19 9 22 41
41 43 9 47
34 40 7 22
21 7 15 34
30 41 17 5
14 25 41 40
14 7 26 28
17 29 39 31
0 26 31 28
49 49 33 47
20 12 21 42
18 7 29 35
15 23 39 46
10 36 40 48
14 27 33 26
12 7 31 32
15 30 21 9
23 12 44 5
16 0 43 43
18 8 8 22
20 30 16 24
13 14 35 15
16 15 18 5
19 38 12 2
15 2 27 33
20 27 15 2
8 2 30 38
22 29 37 25
12 10 32 29
15 6 31 16
5 2 10 47
16 1 34 28
6 1 31 30
22 16 40 29
10 45 44 42
2 22 9 2
36 9 31 24
20 42 47 19
15 6 34 47
21 36 33 27
0 22 36 48
11 20 23 20
10 4 43 8
18 2 21 26
5 47 29 35
17 26 43 2
13 32 31 27
22 25 28 27
11 8 30 42
18 1 6 36
30 43 26 38
17 21 24 32
3 24 9 4
16 1 15 32
13 5 48 18
37 48 10 33
19 3 46 22
40 8 19 9
19 28 43 12
1 30 47 15
22 27 31 27
20 23 10 46
12 23 28 34
9 13 8 33
15 22 40 30
12 21 33 46
48 38 26 28
15 3 35 27
8 28 38 33
25 1 35 32
20 5 0 38
9 2 22 31
19 24 34 28
22 2 28 28
19 32 29 36
16 29 21 19
10 33 21 5
10 1 43 17
43 48 41 37
21 4 21 25
12 3 46 15
17 0 44 49
20 18 33 30
3 40 27 23
10 19 35 20
13 2 36 46
17 2 41 17
7 3 39 47
15 0 19 19
2 17 36 22
25 25 16 29
6 32 11 0
22 17 31 36
19 11 30 31
20 26 14 0
15 19 40 25
41 34 28 28
25 10 13 19
20 25 17 5
30 43 45 25
23 35 17 45
16 32 22 23
11 5 16 4
14 9 10 8
6 27 13 36
18 6 36 27
9 24 13 37
20 7 18 23
29 49 37 23
35 49 20 45
28 42 12 29
7 3 18 23
30 23 41 16
18 25 33 39
25 24 33 37
32 28 29 30
14 5 0 25
49 38 19 5
37 39 26 24
20 3 33 36
34 37 4 4
33 15 31 37
23 6 31 37
19 4 33 28
18 21 29 28
20 44 39 23
24 24 43 34
13 3 32 33
17 3 38 31
22 19 18 27
8 35 46 3
32 37 29 33
13 3 32 23
17 8 32 27
17 1 35 29
28 40 31 38
15 16 31 32
10 1 23 40
32 16 0 49
11 5 33 28
4 29 34 21
15 7 33 17
27 43 46 29
9 12 30 33
31 43 8 2
15 23 33 13
19 24 32 33
15 4 7 16
15 1 7 1
22 46 15 17
22 36 21 32
14 22 36 43
31 11 23 29
33 44 7 2
41 27 21 37
26 5 39 35
16 13 41 48
26 28 7 48
46 47 3 43
13 12 41 47
14 32 11 28
9 4 38 45
13 6 40 32
13 6 11 24
32 42 40 12
17 1 49 39
12 2 23 28
24 16 29 25
30 24 45 1
27 27 38 31
24 35 14 7
16 3 28 34
39 38 21 40
13 2 30 25
35 37 10 41
19 35 33 35
26 20 3 25
19 0 38 18
26 21 36 28
24 23 44 46
30 17 0 10
21 28 28 31
27 41 8 24
21 23 35 29
15 25 19 9
5 20 32 42
20 24 38 39
31 45 43 45
21 10 40 40
31 48 27 31
12 1 4 7
3 19 28 40
8 4 4 1
15 5 38 42
6 31 39 17
26 44 19 5
10 3 19 20
33 49 47 2
16 4 49 29
28 43 45 45
28 45 37 33
10 1 23 20
12 5 49 23
18 5 33 30
13 1 16 43
36 46 37 20
21 15 2 40
13 2 42 45
36 46 7 39
20 10 47 1
23 30 44 33
25 29 7 6
11 16 44 7
9 0 13 4
10 11 45 1
18 23 31 28
25 34 32 25
31 36 23 31
16 3 37 1
12 1 8 30
22 45 37 48
29 22 29 36
17 7 14 1
17 2 12 0
15 4 17 33
31 44 45 16
15 0 34 22
21 14 39 31
30 40 40 33
19 12 17 36
13 3 44 44
19 40 33 43
21 19 42 47
18 5 29 33
28 25 37 16
39 38 38 34
22 1 30 37
22 33 1 14
22 7 38 6
29 27 32 33
31 39 41 47
32 29 19 34
49 46 12 32
29 39 42 22
32 44 48 9
31 48 33 40
17 2 45 46
33 32 22 30
8 26 10 4
21 2 41 28
15 27 25 27
16 1 44 30
8 28 28 25
17 18 22 26
38 47 21 35
16 11 34 28
17 3 1 49
8 4 37 27
15 7 34 37
21 6 41 48
14 7 10 2
10 22 36 18
47 36 23 27
17 1 32 32
27 21 35 27
14 4 40 34
22 42 36 42
20 6 43 22
32 49 32 33
15 27 39 30
16 2 36 49
21 0 7 35
29 7 25 22
41 21 40 43
27 41 39 46
20 17 24 33
10 7 21 41
19 28 8 11
21 6 11 35
24 6 38 39
15 2 43 29
31 46 36 15
14 32 46 46
19 27 7 1
14 10 43 3
34 16 33 27
14 4 4 3
29 37 40 33
38 21 29 24
30 49 43 18
23 4 33 36
18 6 9 13
24 25 44 20
9 23 20 0
0 13 44 47
