50 83 14327 800
10 8 46 1
30 20 49 13
2 21 11 23
27 36 42 28
0 44 14 46
1 36 41 49
1 35 39 14
41 0 44 6
41 8 46 14
33 1 30 26
36 22 41 9
4 21 43 1
2 19 37 38
38 37 12 47
41 4 46 3
3 32 32 42
37 22 40 11
14 0 25 34
28 6 34 48
29 26 40 11
1 23 47 47
4 21 46 5
43 9 47 21
30 3 25 42
0 22 38 9
2 19 49 12
32 36 0 39
31 6 42 8
10 4 46 29
17 47 47 28
6 16 46 19
43 30 46 12
30 35 9 45
45 30 31 6
1 17 41 43
29 13 44 12
42 24 35 44
20 25 47 27
31 18 18 17
26 29 21 35
3 4 44 9
26 17 10 36
4 21 0 28
1 23 44 10
15 38 39 0
25 33 42 6
4 24 13 34
8 0 17 40
46 9 28 12
32 39 49 16
16 11 46 46
5 1 39 9
6 31 34 29
25 14 33 6
0 29 44 12
18 45 11 44
32 29 37 4
37 28 14 40
4 32 47 2
0 20 45 28
29 7 23 47
19 32 29 13
16 41 19 49
22 6 2 40
14 4 42 13
15 19 36 0
48 24 16 41
13 7 19 47
20 20 31 9
1 15 41 31
22 25 49 14
1 23 49 8
1 40 47 3
12 8 41 41
21 5 49 5
16 33 30 5
6 35 33 19
6 35 25 49
22 0 46 8
16 42 34 5
12 4 38 9
1 34 14 27
20 35 22 40
