50 473 15988 800
25 18 38 16
12 17 31 18
7 1 18 8
40 35 46 11
13 39 19 8
33 20 44 18
34 8 15 6
20 20 18 6
9 28 47 28
4 14 18 6
26 14 24 18
32 10 19 9
34 11 44 18
19 40 41 21
4 2 44 8
17 28 31 19
21 16 48 20
32 20 39 26
32 22 33 10
28 7 18 7
23 6 19 5
17 15 33 17
24 48 42 27
22 10 42 14
24 47 48 18
29 9 41 22
45 37 41 8
15 30 35 29
35 44 25 13
13 10 29 18
42 40 39 8
28 12 25 33
25 44 13 4
33 34 21 4
16 0 46 15
6 17 22 6
32 20 18 8
29 15 42 21
14 24 21 4
39 48 43 15
24 46 37 1
36 36 16 8
21 30 23 5
19 22 33 5
13 49 44 12
15 20 45 6
31 12 19 7
29 1 49 11
25 5 17 5
31 40 18 12
21 6 31 24
32 22 25 19
31 18 47 15
42 25 22 6
23 34 36 6
26 7 18 5
30 11 20 6
21 22 43 10
31 32 46 21
19 37 37 25
40 37 42 30
32 7 37 22
39 38 36 1
37 49 19 5
32 22 37 14
48 48 44 23
16 30 15 6
19 41 33 30
19 42 22 12
31 7 27 8
19 45 48 7
27 12 44 0
32 10 22 8
29 48 37 17
44 49 39 12
0 9 49 17
23 43 46 26
19 23 20 3
36 8 18 5
13 14 19 6
37 48 18 5
34 15 49 5
20 16 43 18
28 33 38 35
42 24 33 33
25 38 30 32
32 12 35 22
21 36 24 4
7 47 42 20
26 30 19 11
29 5 42 8
17 19 44 28
35 41 40 4
25 33 42 9
29 23 40 24
26 1 20 10
11 5 17 7
18 14 43 13
28 8 25 12
7 4 39 12
33 22 47 18
10 16 34 26
38 44 20 11
33 15 36 5
10 16 40 5
29 10 44 8
26 8 22 4
24 22 43 4
13 15 37 36
36 5 43 20
31 8 45 20
44 48 44 13
29 5 44 15
21 20 42 17
24 44 35 8
31 10 19 8
41 43 46 4
31 16 47 2
29 6 36 8
31 19 40 17
40 43 31 30
4 17 44 12
8 39 43 12
43 28 36 30
11 33 32 22
3 16 30 25
27 25 19 6
17 23 43 23
30 43 41 25
42 15 38 12
24 7 46 9
37 49 18 7
27 5 35 18
20 31 40 14
22 35 39 8
4 2 39 35
16 17 39 28
41 45 45 21
16 22 17 9
19 29 35 12
33 11 38 21
7 7 36 27
23 28 40 2
32 8 19 9
29 25 39 21
1 27 18 11
27 23 35 33
43 38 29 18
11 15 28 21
25 21 48 17
30 8 23 3
23 44 20 8
23 8 41 22
21 47 22 20
21 16 19 6
16 14 29 30
33 20 21 10
45 32 32 21
6 25 23 7
34 17 37 6
25 14 42 23
42 34 48 22
18 9 39 14
24 11 28 31
32 15 35 23
28 14 35 31
1 36 21 17
25 15 39 15
47 32 17 7
10 45 30 4
15 31 38 19
37 24 29 28
28 12 41 26
10 8 29 30
43 39 49 17
25 6 25 25
2 10 19 5
28 41 21 7
17 19 26 7
30 41 48 2
33 19 31 24
27 22 47 2
1 26 36 11
41 40 40 16
27 9 43 8
26 10 19 7
39 34 38 17
30 41 20 4
14 42 21 9
38 18 18 10
48 35 16 6
23 7 40 17
23 16 39 9
15 24 46 11
17 15 49 2
12 3 21 8
29 18 23 10
41 18 43 37
23 8 45 4
20 14 32 33
43 20 40 27
33 41 40 15
25 18 40 30
39 0 22 1
32 29 20 11
31 0 47 22
1 22 22 7
27 45 17 8
19 5 48 1
9 47 18 5
20 44 39 26
30 14 40 18
6 1 40 4
19 20 17 10
23 37 23 5
20 32 47 15
25 36 36 9
42 29 30 30
1 8 44 9
18 21 20 4
4 5 37 10
19 16 47 21
26 42 44 5
3 46 49 13
30 17 30 28
3 15 39 29
26 31 20 8
45 28 21 12
41 31 25 8
45 45 35 27
29 10 36 0
43 31 19 16
28 9 36 8
9 28 49 20
38 33 35 11
25 37 37 22
23 11 35 22
40 44 39 5
33 13 39 6
7 5 22 3
3 24 20 3
16 9 21 9
10 35 34 25
20 9 44 17
8 11 40 28
16 28 35 16
9 43 21 10
26 44 43 26
6 4 45 18
17 44 41 16
29 11 18 8
49 36 27 21
28 17 43 14
23 8 37 27
21 8 42 18
29 9 23 4
28 10 39 16
21 7 20 11
27 13 45 15
34 14 44 8
22 5 37 8
31 4 21 8
1 10 29 19
26 43 19 12
34 16 24 11
32 47 19 10
35 42 38 2
36 44 34 5
21 29 35 11
33 33 38 35
27 9 39 26
24 37 23 11
24 24 41 26
22 36 38 26
22 6 46 21
37 5 37 17
28 14 16 3
33 24 34 35
31 6 17 7
27 45 18 6
27 32 25 5
28 27 18 9
26 17 43 10
4 38 31 31
31 14 19 9
36 43 45 12
27 9 18 7
7 2 20 8
1 20 40 12
43 35 30 8
24 5 20 3
21 12 35 21
11 1 19 6
4 5 38 13
27 20 48 22
24 4 36 11
27 7 48 3
28 14 48 15
12 10 34 28
31 48 17 8
28 12 17 6
1 11 17 6
30 41 19 6
27 6 41 21
28 12 36 11
28 25 19 11
32 8 46 17
26 40 35 10
14 6 20 8
29 9 37 10
10 12 38 15
45 40 20 6
13 44 21 7
22 4 42 3
42 32 27 19
28 2 46 6
32 14 34 22
33 18 45 9
25 6 20 1
26 28 46 18
27 4 45 9
23 5 17 11
26 6 19 6
27 18 34 18
17 32 41 16
37 35 44 7
3 47 34 30
31 39 42 23
23 34 43 11
5 12 40 20
22 18 22 3
26 41 41 35
25 5 47 28
34 15 23 15
16 34 39 2
26 6 37 7
25 10 46 11
36 33 23 7
31 32 18 9
31 3 38 26
31 12 39 14
29 4 20 7
30 16 30 21
35 15 43 30
20 39 40 8
13 37 22 7
29 18 40 28
27 9 20 11
30 46 36 17
30 2 48 19
38 43 46 17
29 15 17 6
32 42 29 33
41 10 18 6
11 12 20 6
29 13 36 5
22 23 30 18
20 41 30 3
7 36 46 24
25 40 33 14
6 35 37 21
33 9 36 22
43 43 48 13
38 43 46 46
3 27 42 24
29 13 20 5
28 5 35 33
26 7 33 17
30 13 20 6
13 43 34 0
41 12 20 4
24 21 29 8
27 2 43 0
39 28 17 6
25 47 33 14
26 26 21 9
31 11 46 15
24 13 47 25
19 25 19 4
47 15 32 23
27 11 36 7
34 39 39 32
39 36 20 10
32 7 21 9
44 10 17 4
35 48 32 19
26 28 19 10
8 43 22 21
47 37 29 24
15 12 34 14
30 10 29 24
28 12 24 10
34 49 38 9
34 13 41 26
26 8 24 19
17 27 35 18
32 12 38 21
11 26 35 21
5 23 24 3
24 46 45 4
32 9 37 35
10 13 19 8
31 4 26 7
26 15 25 9
39 17 22 9
2 25 44 15
45 26 21 6
35 31 38 24
12 9 41 31
17 12 35 17
28 19 46 15
26 9 16 7
15 41 20 5
18 22 20 6
14 7 46 19
29 44 43 10
30 13 44 7
8 8 21 7
3 19 42 10
43 30 19 5
26 8 40 19
6 13 47 11
15 9 38 11
33 17 27 8
48 24 37 31
28 28 28 6
36 10 21 9
27 1 21 10
28 19 19 6
36 17 42 41
30 19 35 10
13 42 19 4
33 16 40 2
2 43 20 7
32 49 42 2
24 19 36 0
34 27 32 20
31 5 21 4
13 44 20 8
12 35 41 0
37 11 37 27
33 14 39 17
19 42 17 4
30 41 46 11
28 10 37 11
33 10 43 26
27 38 16 8
33 14 17 10
35 28 13 6
30 11 21 21
49 30 25 6
20 46 45 11
16 39 21 12
33 14 39 19
18 39 17 7
38 43 20 11
31 10 42 5
17 40 39 32
32 14 30 18
29 48 43 3
39 4 36 14
27 15 27 23
31 15 18 3
19 42 34 37
20 27 21 7
45 48 33 37
33 12 40 13
24 19 21 9
27 5 39 12
26 20 32 26
8 6 36 12
30 17 18 3
26 46 39 0
