50 467 11143 800
36 47 27 3
47 45 26 12
46 39 41 26
5 33 45 30
30 19 2 7
19 37 25 43
5 21 40 43
7 45 26 22
22 45 37 29
38 21 34 31
46 25 29 2
5 21 3 46
45 48 10 39
11 37 32 31
10 20 25 49
24 26 4 38
13 48 47 29
6 31 40 16
16 44 15 26
47 28 11 19
10 8 16 3
27 36 46 34
7 19 17 5
24 29 19 26
39 42 25 43
19 4 29 48
29 7 4 37
24 11 0 42
19 21 17 24
46 37 25 16
0 12 47 47
22 10 29 24
28 26 22 20
0 21 18 35
21 24 42 29
42 9 18 19
45 44 36 13
23 32 32 18
38 41 6 34
30 32 8 16
1 20 7 45
28 45 9 38
36 37 10 36
47 20 28 38
10 37 16 49
20 40 7 48
45 24 14 24
35 5 4 18
37 6 16 19
46 39 22 10
2 14 10 33
43 39 15 43
49 10 15 39
12 6 5 11
1 19 6 23
0 19 2 35
2 19 12 15
37 32 8 26
6 12 25 19
37 39 12 38
12 36 3 6
23 37 16 0
31 9 6 40
48 6 26 41
23 0 43 44
37 26 9 35
33 32 4 34
18 48 23 18
20 36 18 47
15 43 8 41
6 19 44 49
4 21 21 1
47 34 32 46
8 28 36 46
36 44 17 14
43 30 18 5
42 42 7 38
29 17 9 11
38 14 7 13
20 46 2 41
9 27 11 46
6 35 21 12
36 34 20 41
38 42 34 13
27 3 15 40
12 1 21 46
11 20 23 46
1 6 32 20
37 46 17 20
4 44 0 14
4 17 22 7
49 41 20 17
28 30 22 5
3 26 18 45
43 28 6 44
21 13 25 7
17 37 26 6
25 37 33 32
15 35 26 32
42 47 27 31
1 22 23 37
8 29 44 42
36 11 46 45
31 17 36 48
37 42 6 46
44 31 2 38
15 28 13 3
34 9 11 47
32 4 30 45
36 4 0 31
37 41 21 10
12 28 3 44
36 2 3 34
18 41 2 38
22 33 12 15
18 20 11 42
9 19 11 13
23 47 1 48
9 40 17 44
29 45 22 12
5 16 27 5
5 15 20 13
37 24 3 42
1 14 15 49
4 16 15 43
34 22 2 49
4 33 32 1
0 17 3 42
32 22 29 42
49 25 9 37
11 12 22 28
21 46 37 36
4 15 1 42
30 32 16 48
24 45 43 34
8 21 28 41
44 42 21 6
10 21 26 44
7 4 32 39
19 37 26 3
11 9 10 36
45 4 19 14
49 31 14 44
1 19 25 17
3 36 25 10
45 16 23 5
12 39 40 33
33 42 7 42
34 2 33 49
12 25 1 44
2 12 21 7
42 48 8 25
42 42 23 34
0 45 42 42
39 42 3 39
17 6 24 49
23 25 10 12
19 37 28 11
47 44 35 21
46 27 19 40
22 42 14 37
25 47 21 18
45 31 48 38
19 26 7 12
45 45 3 36
24 11 35 46
2 19 43 40
23 26 27 12
32 28 18 10
13 37 4 21
13 40 1 26
35 39 6 37
30 13 16 47
16 35 42 48
23 31 6 35
26 39 24 2
2 18 27 13
12 35 25 14
14 27 28 49
19 39 12 44
5 12 14 16
47 43 17 12
48 40 0 41
22 43 4 46
22 38 26 24
8 3 17 17
22 8 20 38
25 14 38 45
21 12 23 3
46 25 25 36
29 47 24 41
22 29 7 38
44 19 40 35
3 15 19 39
29 34 18 12
14 14 9 38
27 33 3 37
39 29 16 45
41 44 3 12
23 44 24 6
24 45 19 47
26 9 22 15
5 9 8 47
2 14 0 42
39 40 16 45
14 37 22 33
6 20 7 39
32 35 26 16
44 29 13 39
10 18 27 3
40 22 20 12
25 40 25 45
35 35 13 41
2 19 26 47
40 34 0 37
26 24 5 42
24 49 8 30
43 47 2 36
45 25 3 42
15 3 30 26
5 1 30 14
4 25 38 39
36 44 2 23
2 20 16 42
45 37 25 7
17 26 26 17
4 22 38 49
13 36 23 25
48 0 30 23
21 45 4 39
17 9 15 34
16 33 31 5
35 11 9 23
27 41 21 10
44 17 16 28
24 48 17 19
14 40 33 5
45 44 11 19
12 15 2 19
21 21 0 18
40 33 26 3
31 23 6 39
35 0 5 39
20 37 12 11
36 20 8 42
42 47 22 8
33 1 3 39
22 37 1 37
19 14 24 23
8 26 25 16
42 46 18 5
15 34 45 45
41 34 6 46
16 43 16 19
2 13 17 10
34 2 14 6
31 24 13 30
45 36 43 44
23 32 10 14
42 37 16 33
30 33 3 40
24 44 8 37
28 21 1 41
11 23 45 36
33 31 14 8
21 39 19 13
46 34 14 4
48 35 6 35
38 41 26 8
15 26 7 37
30 10 17 21
22 44 40 29
12 4 21 44
2 20 6 43
7 15 22 17
14 16 2 40
20 49 10 37
38 15 1 37
41 5 20 15
30 40 22 14
27 31 34 38
43 27 10 14
43 38 4 9
10 24 44 41
37 41 32 27
41 44 22 11
13 22 17 7
22 5 12 38
42 26 4 38
35 5 8 10
32 21 1 42
45 34 18 39
3 12 33 34
5 21 4 40
8 19 48 49
43 38 21 13
43 32 19 43
34 42 23 7
27 3 24 19
22 43 19 46
13 20 30 12
4 22 6 42
44 9 12 14
1 14 29 18
44 37 22 47
49 24 13 36
37 8 18 13
34 33 22 9
24 22 3 13
18 11 5 39
1 3 8 18
21 17 13 36
2 20 35 40
39 19 6 35
44 21 2 45
27 48 26 40
16 19 30 48
24 42 5 37
1 16 42 26
35 13 45 47
14 36 26 18
4 15 13 14
26 12 28 46
27 42 44 47
1 16 5 15
9 43 43 44
19 1 19 18
40 32 27 9
49 31 25 6
28 11 38 43
37 47 27 14
25 33 16 16
30 17 34 8
48 24 23 6
12 19 7 44
39 4 36 18
44 45 23 37
28 20 3 37
10 40 32 38
31 14 5 43
41 24 49 21
39 42 43 44
13 29 22 8
2 34 7 30
0 7 35 11
17 18 27 6
22 42 5 40
24 41 47 18
32 17 33 29
18 23 10 18
4 30 21 12
11 26 31 25
22 31 21 15
44 28 1 34
13 20 21 6
42 37 31 24
34 17 7 25
21 27 8 8
24 3 24 18
28 8 4 9
21 37 40 42
40 25 16 49
32 8 0 27
45 46 29 19
47 33 12 45
18 40 32 27
29 20 7 25
46 11 32 18
48 48 14 14
37 48 9 30
34 8 18 21
1 20 24 18
15 44 27 41
25 15 20 45
14 40 17 36
42 4 2 38
38 43 28 32
17 15 24 46
41 36 24 3
33 35 14 24
48 44 17 40
45 3 7 46
19 36 19 24
29 4 20 16
49 37 20 19
8 34 42 46
0 21 19 48
47 48 18 14
38 30 24 12
22 38 48 35
34 14 25 0
30 6 10 13
40 48 5 38
39 40 45 36
36 40 22 42
13 9 33 21
8 18 37 41
22 48 1 10
39 8 5 18
22 25 2 38
21 40 10 21
15 17 22 48
47 16 10 39
13 30 7 44
28 12 48 40
39 34 26 12
40 14 28 42
24 30 46 44
16 44 22 47
0 17 26 1
11 28 26 4
36 11 18 17
10 21 1 39
29 35 14 21
14 29 39 10
45 22 32 43
38 40 41 13
37 43 15 31
9 28 43 43
30 36 0 23
6 23 20 46
3 20 5 10
6 43 23 39
17 43 19 15
27 27 33 8
42 11 5 37
22 11 3 21
22 4 25 40
23 31 31 14
15 27 22 42
41 45 38 41
37 48 36 13
16 26 17 22
1 13 45 26
15 22 40 48
5 19 8 34
39 39 32 4
14 2 33 27
19 27 47 47
40 45 6 11
21 42 23 20
26 43 39 44
12 16 8 48
31 33 20 12
48 34 6 46
20 21 28 1
10 25 20 20
3 9 18 8
22 38 0 31
9 8 0 18
16 47 42 49
10 32 11 40
16 25 32 14
35 40 16 17
32 23 20 29
36 39 40 14
14 20 29 3
16 37 0 20
2 20 16 19
7 21 18 1
23 5 27 12
12 19 25 8
17 19 36 35
4 18 43 25
47 44 27 6
45 30 12 34
2 18 5 35
