50 314 11318 800
14 20 8 13
12 21 37 43
34 9 37 46
35 14 41 42
13 15 40 19
10 16 41 34
40 14 35 44
33 10 22 39
27 13 12 39
5 15 25 38
19 43 37 46
26 16 31 35
46 10 30 26
42 48 37 2
28 16 14 42
18 21 2 48
38 13 42 26
31 3 30 34
39 20 43 40
10 16 10 10
34 42 4 44
11 11 34 49
21 18 28 21
47 0 28 42
7 13 26 26
33 4 34 47
23 22 37 36
10 14 37 26
7 13 14 17
48 2 21 45
48 16 14 42
18 3 45 36
49 10 20 36
18 15 9 40
19 21 19 40
36 18 44 29
2 20 8 43
33 6 17 43
31 9 44 16
15 5 39 30
40 24 33 31
38 21 12 41
9 16 36 0
10 15 31 11
49 2 38 12
43 15 44 35
46 24 35 28
7 16 20 34
12 11 20 37
23 15 24 41
15 18 9 28
13 19 36 29
6 11 22 43
8 13 22 24
44 2 33 31
25 10 28 38
9 16 43 43
37 13 28 45
10 19 32 34
35 13 23 48
12 16 32 43
13 14 14 35
44 15 38 26
17 7 36 44
31 19 41 25
48 0 35 5
14 21 18 45
43 46 37 32
44 18 30 47
38 0 35 29
44 40 46 18
20 3 32 16
35 9 18 30
10 16 33 46
39 4 41 7
39 25 19 1
26 0 33 41
34 22 49 34
38 9 45 26
33 32 20 28
13 17 10 37
22 46 30 15
45 19 34 39
10 16 17 34
46 18 29 18
11 17 47 27
44 2 33 34
33 12 49 37
24 21 33 45
27 20 34 24
9 17 24 34
8 15 23 48
37 20 25 43
13 13 47 37
7 20 47 37
33 24 44 32
7 10 4 49
39 35 31 47
28 3 33 45
38 10 11 44
27 25 17 36
10 17 47 40
7 15 6 33
26 32 47 35
20 7 35 10
24 16 33 37
9 14 27 36
31 17 35 27
9 17 42 44
28 24 11 14
29 24 36 49
38 0 20 34
44 11 36 38
43 23 24 45
36 24 34 38
5 20 27 37
31 24 24 4
41 1 16 39
9 15 46 40
5 15 32 35
38 3 38 31
12 21 37 36
43 18 29 37
36 14 34 34
27 27 43 49
12 27 42 6
27 35 7 49
16 17 34 17
2 15 43 43
34 27 19 34
40 11 49 32
45 10 32 31
11 19 22 46
36 5 47 44
16 19 49 42
7 17 36 1
9 18 28 12
12 18 32 39
28 29 38 38
40 9 39 48
9 21 35 24
36 15 38 22
39 45 18 43
41 15 48 36
10 14 22 30
45 10 34 48
22 23 11 35
6 19 11 49
42 12 37 12
31 15 35 45
12 15 37 3
25 23 43 35
42 9 29 21
48 5 34 33
29 6 11 49
36 31 47 32
26 4 28 43
38 3 25 2
7 17 26 37
37 21 45 31
35 32 36 9
9 25 26 27
2 16 29 40
36 7 23 31
37 1 49 38
32 7 47 12
6 21 21 20
11 17 45 35
9 18 42 28
13 16 30 44
23 33 44 32
38 27 39 14
45 14 45 40
44 10 39 23
11 15 17 33
44 38 34 23
33 30 35 5
8 17 46 30
27 28 46 11
33 47 33 33
8 19 40 3
7 21 27 36
40 1 25 24
36 25 26 41
31 15 0 47
11 20 37 21
9 19 47 33
35 23 32 29
2 13 31 15
25 4 43 30
28 14 46 40
36 37 26 43
25 19 25 35
37 5 35 26
35 18 32 32
21 8 48 37
10 13 49 48
49 9 20 43
47 3 16 33
41 44 34 13
33 14 34 38
6 16 32 44
35 9 46 26
39 20 32 30
7 17 40 19
36 12 34 45
36 9 8 9
48 3 15 45
25 19 35 12
6 19 2 39
11 15 48 28
40 8 10 42
5 18 13 42
39 4 33 49
31 19 32 34
8 14 40 37
43 23 29 15
31 19 37 13
40 11 22 49
36 22 38 38
24 12 31 25
37 2 48 24
21 28 33 33
29 17 22 39
6 10 18 39
11 15 47 35
43 4 47 41
45 15 6 40
24 24 49 39
15 14 47 31
40 20 46 29
13 14 29 15
42 3 29 18
29 17 12 14
28 25 30 30
35 17 13 45
32 1 33 45
9 20 35 34
10 18 44 33
29 33 41 40
36 21 39 45
38 21 7 46
23 21 37 30
30 7 49 35
31 6 36 35
47 20 48 28
37 8 7 39
24 16 30 32
35 16 33 47
10 12 29 9
25 30 49 32
9 17 23 37
32 38 40 14
37 8 17 40
48 22 40 25
31 1 45 32
10 18 39 14
46 10 47 32
3 17 31 38
43 17 49 35
8 14 45 31
9 22 28 40
13 17 19 20
42 0 41 34
29 16 36 44
43 21 6 42
32 37 49 34
4 12 24 43
49 14 15 39
44 4 42 31
40 1 21 27
35 19 33 29
38 24 46 2
28 25 38 23
11 13 12 43
41 11 17 10
26 3 14 42
40 13 35 48
16 19 45 38
17 2 31 34
31 24 6 42
24 26 28 23
12 19 32 46
46 7 38 44
37 32 42 30
44 15 21 27
8 14 14 40
8 15 27 39
38 3 33 30
10 15 26 26
28 9 39 29
31 11 47 39
11 14 36 18
4 20 28 30
9 12 28 28
23 22 30 21
31 25 15 37
9 19 4 45
11 19 21 26
8 10 49 13
38 15 33 19
49 12 35 45
49 11 16 38
39 8 35 19
26 21 45 39
38 13 31 37
5 18 43 9
33 20 44 35
25 8 34 33
10 15 20 4
26 14 18 43
31 16 37 27
36 2 47 19
8 13 16 19
