50 118 16539 800
24 4 38 3
40 34 22 24
37 27 37 39
10 31 46 10
0 39 23 33
20 30 29 38
44 9 18 36
20 12 18 17
6 34 31 49
37 19 46 33
48 15 12 32
14 23 25 29
44 11 9 40
9 27 41 10
21 22 48 3
37 19 35 10
34 17 29 46
39 24 46 28
31 1 21 27
45 38 19 47
12 28 43 15
6 21 41 14
7 44 44 18
18 26 20 22
35 15 27 48
29 2 14 39
9 26 35 31
49 34 39 13
22 0 40 13
20 9 34 3
4 27 32 39
47 15 23 49
18 20 26 28
8 42 12 35
40 35 33 35
30 11 36 48
46 36 2 44
19 20 40 18
24 27 24 48
29 7 46 12
19 6 42 17
26 26 43 7
39 3 17 23
39 36 43 40
24 15 27 33
43 4 21 35
35 9 29 40
22 22 45 30
3 49 10 40
34 4 37 10
23 34 41 20
0 40 28 31
49 9 26 6
15 35 39 24
36 7 17 49
9 28 22 40
13 2 38 14
21 30 31 49
35 18 35 8
38 41 24 35
19 10 33 15
38 40 12 18
23 39 16 35
20 32 23 39
23 0 41 20
3 32 27 38
49 34 33 43
46 35 26 43
32 32 46 13
23 11 43 19
1 26 25 37
48 19 20 35
37 8 21 39
26 16 18 33
33 12 28 42
27 13 28 9
10 23 26 37
1 27 29 41
27 46 48 19
37 12 49 34
10 16 33 34
43 38 31 12
31 15 34 19
35 7 38 20
22 8 29 46
4 42 15 45
28 21 43 44
8 37 39 35
22 15 30 32
41 10 16 27
30 24 33 46
35 2 47 43
5 17 18 41
34 20 44 9
35 28 42 18
42 0 17 11
33 17 31 47
42 18 38 16
49 36 7 31
22 47 17 30
37 21 28 39
45 38 39 36
2 16 38 21
39 32 12 29
35 45 25 41
5 25 16 10
30 24 36 20
23 14 17 37
14 45 20 47
25 13 14 49
41 37 39 12
37 7 42 30
25 36 32 49
16 16 13 29
39 18 32 14
40 18 44 35
1 22 10 38
13 12 27 29
