50 87 14400 800
2 25 48 22
41 12 15 3
8 25 39 14
42 46 45 17
32 23 4 10
28 45 31 23
39 38 49 15
19 23 13 6
37 44 42 15
9 22 46 22
38 36 2 5
40 33 28 35
30 16 45 33
38 34 35 17
40 36 31 13
39 44 45 16
31 22 49 4
17 28 30 4
9 31 22 9
39 25 45 15
6 12 14 6
3 33 16 17
47 22 46 18
4 28 49 6
13 25 46 4
8 21 42 31
40 45 43 29
39 39 27 17
19 29 41 48
26 36 42 29
36 24 32 12
25 29 49 9
11 16 47 27
6 22 23 5
35 32 46 34
32 43 26 49
0 16 30 5
37 41 29 24
5 24 15 18
36 35 49 19
41 37 40 21
4 27 24 13
14 36 43 0
5 22 48 29
9 17 31 15
11 24 48 18
35 45 29 17
7 14 40 28
11 18 49 10
6 27 40 25
8 12 10 2
36 41 39 29
34 8 40 16
46 24 3 8
42 7 24 16
6 18 37 23
4 10 45 19
30 34 12 23
20 13 49 18
40 18 17 24
26 45 20 15
38 41 24 1
14 14 34 9
7 12 23 7
32 47 24 44
12 14 38 15
34 38 25 6
6 40 18 9
49 36 48 15
33 48 10 6
12 29 44 17
26 26 36 26
31 35 15 6
31 13 17 8
27 46 42 17
23 39 24 6
19 6 31 2
38 49 48 25
31 27 12 39
13 9 12 38
11 11 22 12
0 18 20 5
11 28 40 3
26 18 41 34
12 18 38 29
43 37 46 15
9 14 47 16
