50 83 18013 800
9 34 8 42
7 34 21 42
7 31 6 11
7 36 35 20
4 42 37 38
9 17 26 27
13 30 37 14
11 18 7 41
39 3 28 11
11 2 29 48
16 44 22 37
16 17 39 21
1 16 49 9
13 20 29 32
1 35 27 40
5 41 39 5
45 2 21 8
7 46 7 34
10 35 40 30
23 34 31 9
8 16 23 27
31 35 21 15
17 15 11 30
1 33 1 27
1 44 35 5
15 27 23 39
30 4 16 30
42 30 17 35
12 43 16 30
12 46 35 1
0 44 21 39
13 45 12 37
49 5 38 42
5 30 33 39
38 29 19 48
43 31 27 35
33 17 22 12
21 23 13 30
15 25 41 11
10 42 12 34
17 40 47 1
23 23 17 31
44 27 21 33
17 37 24 29
4 38 46 46
29 3 3 31
27 43 13 30
32 20 9 37
2 40 43 33
0 42 21 25
9 22 47 8
2 37 1 24
18 13 24 38
6 48 8 28
43 9 37 39
26 46 25 19
7 32 14 28
5 36 46 18
22 40 42 21
2 44 22 43
31 25 49 5
23 24 49 6
23 20 35 8
10 15 18 43
6 22 21 28
22 16 41 29
28 29 20 18
19 44 20 36
6 18 14 39
9 29 12 42
25 30 28 14
7 31 12 38
9 13 43 41
15 46 33 15
11 47 48 6
24 39 9 26
38 44 32 3
3 21 29 12
46 11 14 27
43 22 29 30
10 39 42 16
14 25 18 41
14 42 37 19
