50 181 11918 800
16 27 35 24
20 24 38 27
24 0 28 27
35 30 4 1
9 30 2 6
35 19 44 19
20 32 15 17
49 32 34 30
43 34 5 2
34 31 20 48
0 8 32 34
29 27 23 47
13 13 3 28
36 30 12 31
17 12 21 26
8 31 5 40
45 36 21 33
33 35 7 23
20 24 14 34
42 27 6 41
28 24 4 32
42 8 41 39
49 33 31 29
28 23 43 34
31 32 34 34
6 30 29 27
39 39 29 37
30 25 31 42
12 43 46 37
49 32 14 37
22 29 37 40
45 34 2 29
33 23 38 37
0 4 34 41
14 8 42 18
33 30 18 36
21 30 42 37
7 31 47 36
3 8 0 46
41 23 15 41
33 32 49 34
27 24 41 31
41 38 36 25
41 31 40 9
43 36 41 24
11 4 31 25
20 45 35 25
21 26 36 28
40 42 35 20
8 5 37 27
18 22 9 31
8 5 33 29
36 34 23 36
5 44 3 18
10 41 39 25
33 24 13 30
31 16 20 39
27 10 19 29
31 16 0 3
28 28 35 16
35 22 22 33
40 19 2 30
45 2 31 28
20 34 5 3
45 37 16 44
32 27 44 39
40 36 1 1
6 39 18 38
46 33 8 0
45 35 22 28
41 23 6 4
35 25 1 0
7 10 31 27
14 43 0 1
46 5 6 0
27 0 19 31
43 37 43 29
6 29 12 37
36 35 2 7
22 3 13 0
47 34 32 25
47 10 19 17
39 30 29 26
45 38 32 26
21 21 40 45
46 35 29 19
15 39 1 4
11 44 40 44
44 31 42 36
33 36 36 41
41 29 5 4
27 21 26 28
26 34 4 31
43 9 41 36
22 0 3 23
28 6 31 25
25 10 2 30
49 1 44 31
25 30 0 37
48 42 29 27
35 34 36 30
32 25 29 22
26 27 32 28
30 4 13 47
36 22 35 27
3 35 49 33
7 47 31 29
6 7 45 45
27 22 31 29
40 35 38 49
41 34 37 24
9 7 24 37
32 42 2 1
21 18 40 25
4 29 8 47
25 11 39 37
32 15 28 26
19 3 33 27
8 27 14 43
34 11 16 45
49 35 1 24
49 1 37 46
33 48 32 29
48 44 34 27
45 34 5 38
32 35 17 12
6 7 27 38
29 30 34 10
35 43 0 33
47 30 31 30
39 24 33 27
27 15 33 24
0 40 35 44
45 36 39 16
29 20 29 36
43 46 32 34
20 35 31 27
42 33 33 43
45 2 30 28
27 29 1 3
36 24 28 25
44 5 22 24
42 4 41 20
34 19 2 15
8 32 42 23
38 1 4 4
48 29 35 41
43 37 2 0
33 27 22 44
20 3 32 25
36 33 48 32
48 5 37 16
49 43 37 30
4 12 33 23
32 32 26 46
36 23 1 0
44 8 47 43
34 7 15 41
44 4 39 40
34 29 29 22
35 13 36 28
21 3 38 29
26 29 32 38
27 32 5 0
27 29 45 29
12 4 35 26
42 29 11 49
42 9 2 28
33 8 42 40
22 19 49 18
33 46 29 44
30 24 3 44
9 40 5 2
45 33 31 28
35 28 32 26
46 37 46 49
43 34 31 26
43 10 37 0
30 26 0 7
31 17 35 26
46 22 30 48
