50 103 18630 800
45 33 21 43
46 44 23 48
25 36 32 22
11 24 15 25
4 28 10 32
1 27 28 25
16 10 30 44
34 24 41 10
10 22 18 22
26 11 41 15
12 23 37 20
42 45 23 30
11 21 21 21
22 33 40 15
41 44 18 36
37 42 45 11
4 16 43 32
8 38 36 47
35 49 19 16
43 28 22 29
19 33 42 30
37 32 33 22
43 35 23 14
44 31 17 25
24 17 40 45
13 8 29 30
3 28 26 22
41 35 25 39
46 32 47 42
40 40 10 36
25 35 46 21
11 40 42 16
40 32 47 48
47 30 28 24
19 30 46 10
40 33 7 47
26 33 21 17
47 43 29 21
25 18 44 1
37 24 23 16
32 1 31 32
11 20 15 41
2 13 36 47
18 27 40 36
46 33 25 40
9 38 46 32
10 33 21 36
30 42 30 29
40 48 13 42
41 35 20 31
36 49 29 39
8 24 18 43
40 32 4 39
9 25 43 12
44 36 31 44
15 47 28 25
42 35 39 20
41 31 21 32
9 18 40 2
8 39 40 1
17 45 37 5
7 25 28 21
39 25 20 36
36 35 46 41
42 35 16 35
44 30 34 28
43 32 40 34
5 38 35 37
21 25 37 18
9 38 32 42
48 28 46 8
9 37 12 3
47 41 38 42
28 10 17 38
19 24 25 29
16 48 8 30
25 43 35 45
40 33 30 29
42 5 36 12
22 30 27 40
42 32 49 35
41 17 19 33
17 9 21 24
3 7 46 35
44 32 45 20
40 31 31 34
9 39 27 36
7 24 48 3
44 34 14 41
26 37 30 30
24 37 40 45
10 42 23 29
14 25 48 13
46 33 25 20
42 21 10 38
40 33 35 33
31 35 34 49
25 23 42 32
19 43 34 21
23 25 11 32
19 43 35 37
23 30 39 35
19 10 30 24
