50 81 16075 800
45 8 23 34
7 20 30 40
5 32 8 4
20 9 32 36
32 20 44 36
45 8 28 6
13 8 1 11
47 21 13 14
7 21 32 41
45 16 31 47
16 28 32 15
37 14 35 10
28 7 1 10
49 20 0 16
0 26 0 9
6 9 28 44
42 24 27 32
4 28 0 6
41 24 45 35
47 7 32 41
29 3 47 36
6 40 48 39
37 33 32 12
40 2 22 6
47 6 39 11
6 26 29 10
13 27 28 49
37 21 2 6
36 3 33 40
28 18 8 5
7 41 0 5
12 44 6 11
3 18 33 45
24 15 0 21
33 0 49 32
7 21 31 6
40 9 37 43
32 23 35 7
38 6 45 35
28 18 7 3
1 11 31 49
25 27 33 38
0 36 32 7
14 38 11 30
12 12 48 31
2 22 31 40
49 11 0 2
34 40 16 18
35 10 46 32
41 3 0 4
38 35 3 14
29 30 36 47
31 11 33 7
38 5 6 13
46 2 31 6
4 28 3 40
43 18 35 41
7 25 6 5
32 5 5 18
41 3 18 15
44 14 45 39
0 35 4 2
12 28 29 15
36 6 6 33
4 36 32 8
11 20 42 40
7 33 32 3
2 25 2 14
16 12 33 42
4 18 30 42
30 2 2 5
30 21 30 3
16 1 1 4
12 35 2 16
34 9 31 7
22 2 40 39
15 24 39 12
11 2 49 41
46 3 39 3
45 1 28 1
36 29 39 24
