50 514 11578 800
44 12 15 33
12 6 42 16
41 13 37 8
0 10 7 31
39 43 4 29
10 5 12 38
9 6 24 34
42 13 32 40
28 2 43 17
17 1 32 21
0 15 38 24
10 2 48 30
49 29 7 33
42 42 44 15
12 19 48 28
6 13 39 18
30 33 15 32
28 4 4 3
41 12 15 32
39 38 47 10
9 17 46 18
21 10 40 36
29 2 9 35
42 15 20 31
7 12 48 26
11 5 9 35
37 11 14 28
41 13 15 33
19 2 18 38
38 12 47 11
22 10 48 25
40 16 8 15
12 0 45 26
43 36 38 16
42 16 12 35
38 12 25 17
41 12 16 26
12 4 33 23
41 15 8 32
14 8 16 31
44 9 4 11
11 11 31 29
16 18 15 33
38 14 44 14
8 17 47 26
28 5 12 30
38 21 46 34
37 2 6 29
19 2 10 35
2 9 3 29
41 18 4 23
42 31 15 32
22 17 46 30
38 18 15 33
23 1 20 18
7 11 48 12
10 13 44 8
10 18 1 38
19 4 11 34
39 8 11 6
5 15 11 33
10 9 19 34
39 13 47 28
8 5 13 36
8 5 8 31
43 39 15 33
1 11 2 38
6 13 39 41
10 6 1 38
3 24 11 30
20 6 16 32
0 3 11 35
13 6 24 28
44 8 15 31
45 11 12 31
12 15 7 31
37 14 10 36
23 7 15 32
28 15 15 34
6 47 14 31
36 13 19 41
9 5 47 23
11 10 40 28
39 29 14 34
17 8 8 23
38 42 17 36
45 47 10 23
0 10 7 17
14 15 22 20
46 31 19 30
45 13 13 13
21 10 8 37
6 9 1 19
17 9 45 31
35 17 47 27
1 7 43 34
43 40 14 35
6 0 43 18
44 15 13 19
5 42 35 13
43 13 15 30
3 22 49 14
13 7 21 22
8 12 34 47
28 5 10 29
48 12 15 6
41 15 4 20
43 11 31 24
21 18 17 28
22 2 10 39
3 22 6 4
31 41 18 31
38 12 0 36
8 6 9 11
4 0 49 3
12 24 46 46
13 9 6 23
14 15 4 29
16 19 7 28
44 7 13 30
9 14 43 10
9 49 36 23
42 35 45 13
11 2 36 20
42 13 3 18
43 17 19 37
48 48 49 44
40 11 30 34
14 4 14 28
47 13 7 20
38 10 9 27
43 30 12 39
38 16 26 49
47 17 2 8
7 15 47 19
26 0 8 23
40 16 16 32
45 30 15 28
43 10 3 34
42 14 47 4
43 12 38 18
22 5 14 29
41 13 37 40
28 11 13 29
40 15 20 32
40 10 12 32
39 10 16 29
24 0 8 2
36 9 14 31
5 39 9 26
6 1 10 31
38 16 14 8
18 14 14 37
18 10 43 37
27 42 34 38
2 9 36 47
12 2 39 38
2 13 44 37
11 16 9 25
14 15 48 30
22 0 6 29
11 0 6 32
14 12 10 38
40 11 34 30
40 47 26 49
41 33 15 43
39 15 16 4
18 7 6 25
8 12 15 23
3 8 10 30
44 11 12 31
27 22 38 14
7 19 13 33
42 29 14 32
0 12 17 31
39 2 24 27
42 11 13 35
44 12 14 12
41 14 30 33
8 3 32 29
12 1 37 26
31 1 28 38
35 41 14 32
43 15 9 25
12 8 34 32
1 0 44 38
30 11 0 22
43 16 17 30
5 7 12 35
23 6 46 23
18 6 14 32
38 8 21 22
9 9 12 31
2 14 31 38
5 27 14 33
30 9 5 31
2 10 6 33
39 12 39 21
26 26 16 31
34 0 33 14
45 13 7 27
14 17 0 31
41 14 18 34
45 13 15 30
43 12 31 1
24 8 19 35
1 6 16 32
3 2 12 27
21 21 35 22
31 10 27 27
7 16 14 30
43 42 8 33
5 15 14 36
6 7 37 24
38 18 1 15
44 40 15 27
9 16 47 34
42 7 9 31
39 14 32 48
44 14 14 30
23 24 2 20
8 10 34 13
40 8 49 29
24 5 17 30
43 14 10 32
16 4 15 33
15 16 22 25
16 1 46 26
46 0 14 32
29 3 12 34
13 3 41 6
4 12 13 28
39 12 46 7
37 18 45 11
40 9 10 15
7 23 34 21
32 13 19 12
41 14 9 18
10 11 19 15
41 15 9 24
11 10 34 14
37 4 36 11
44 11 3 30
5 13 15 32
3 41 45 21
33 1 4 2
11 16 14 33
20 19 19 35
34 10 7 27
28 11 19 34
2 43 0 9
41 13 2 25
3 10 42 24
43 13 48 26
9 11 42 44
13 2 13 31
19 6 18 24
36 11 12 23
21 19 17 27
27 8 10 33
21 2 19 20
2 16 19 26
2 13 27 12
39 14 10 28
11 1 27 30
41 11 13 38
40 16 14 42
38 16 6 36
39 9 39 28
4 7 16 38
19 7 14 30
42 11 33 40
25 0 3 32
43 11 13 32
37 16 48 30
21 7 12 33
20 8 38 24
39 13 16 32
26 16 19 33
3 3 37 18
28 10 4 11
0 19 19 29
11 5 42 34
2 43 36 32
41 13 41 27
43 14 19 32
21 34 18 28
12 16 13 35
39 19 44 9
30 17 44 20
41 40 16 41
14 8 9 22
39 13 28 22
41 35 8 35
37 19 12 25
8 10 5 4
21 5 13 29
13 14 10 32
5 6 4 37
31 2 9 32
22 0 47 44
20 17 17 31
8 5 37 36
22 17 13 38
41 12 17 30
33 5 24 25
39 11 11 33
4 13 2 30
39 8 36 27
16 9 43 14
12 23 14 32
45 47 10 36
26 22 20 11
19 14 38 31
37 14 16 32
3 12 34 38
21 2 12 21
12 5 39 31
2 11 27 26
3 10 37 41
40 10 16 18
27 15 47 37
38 45 14 30
19 13 39 25
36 16 13 10
38 16 35 20
34 10 35 39
3 22 9 31
10 8 49 11
2 7 6 14
14 14 45 16
3 12 7 29
32 0 36 39
35 8 49 28
35 15 6 32
47 14 3 32
40 11 6 35
10 21 19 32
1 40 12 26
43 17 38 24
31 18 7 35
3 8 37 0
49 42 19 29
23 6 42 39
6 1 41 21
26 33 49 19
8 15 48 29
0 23 9 30
5 19 24 25
45 11 29 20
2 6 16 32
22 34 34 31
32 7 19 34
19 9 42 16
39 14 11 44
7 11 5 36
1 46 15 28
12 2 39 39
19 3 45 18
18 21 45 21
34 11 34 20
33 15 33 32
44 12 9 21
8 7 15 35
35 8 42 31
10 5 13 38
38 47 14 33
36 11 10 31
23 13 49 19
1 2 9 4
8 17 45 26
25 10 2 8
40 12 14 35
9 3 0 30
27 2 32 28
2 16 16 30
9 14 17 29
40 13 44 11
43 14 45 39
42 13 16 15
6 14 13 43
40 11 10 35
28 15 17 34
18 10 41 45
17 6 46 35
15 16 45 33
40 15 16 24
25 7 9 32
38 18 37 22
17 18 5 30
10 10 40 35
8 45 35 18
41 15 16 36
31 19 14 34
39 28 46 29
0 17 46 3
24 10 5 19
9 16 13 17
26 11 7 36
18 24 16 36
12 16 16 32
28 29 0 28
49 34 17 33
14 2 13 27
10 13 32 44
29 4 14 30
44 18 21 20
42 35 18 36
5 0 18 29
44 41 41 38
47 45 12 34
42 42 17 28
44 13 37 48
30 8 12 21
17 16 39 18
23 9 38 19
28 17 9 3
31 6 42 20
42 15 39 10
40 12 19 26
49 39 11 20
37 36 16 25
31 9 16 30
41 15 13 31
7 12 6 22
6 48 11 29
37 16 39 27
28 38 11 26
35 22 7 33
44 43 14 30
37 20 11 36
0 16 29 29
19 2 13 12
2 48 7 21
36 33 13 19
36 37 22 34
10 14 10 7
8 5 44 27
29 16 35 21
0 2 8 32
31 7 6 39
42 2 14 35
5 5 48 35
41 10 45 30
33 44 15 30
25 28 10 48
1 1 10 39
10 0 4 48
45 17 13 32
37 12 7 35
39 9 48 27
34 12 32 6
4 17 15 28
4 4 20 32
40 44 45 19
39 12 11 33
16 13 1 27
5 7 10 14
43 12 20 3
7 8 43 36
4 6 44 37
21 10 33 19
40 11 17 36
43 39 43 22
41 7 43 22
37 36 48 49
20 8 46 36
6 12 23 31
20 16 13 32
39 13 48 23
16 13 36 25
44 14 33 26
39 3 13 35
3 6 6 48
42 39 40 3
16 1 9 35
6 0 41 34
23 6 8 34
48 42 20 32
24 0 44 36
41 15 15 28
9 4 19 26
31 47 35 22
43 14 11 28
11 10 7 20
48 13 14 30
11 48 2 17
43 5 16 32
31 10 39 23
6 11 10 1
20 11 24 33
23 6 18 31
20 6 12 42
12 12 44 43
1 49 8 26
3 3 18 32
19 10 0 18
23 0 49 39
16 14 24 25
32 1 17 37
1 4 11 30
27 13 15 30
40 37 34 4
33 0 42 15
40 12 11 9
3 0 39 21
8 9 45 27
40 13 8 34
0 13 40 22
43 13 13 29
15 21 17 29
46 15 12 33
24 8 17 32
43 31 49 4
