50 173 19178 800
13 12 49 41
28 35 21 7
16 17 36 41
20 22 24 45
18 49 15 19
27 15 7 13
28 23 11 14
39 17 19 33
49 14 6 10
37 42 2 17
14 11 13 17
44 37 12 8
39 29 20 25
45 27 16 0
36 39 12 0
38 16 10 34
34 38 24 48
35 32 16 44
32 7 45 32
24 41 1 0
27 28 49 26
31 1 2 5
18 14 30 41
41 25 5 3
14 13 2 22
24 17 49 8
28 24 9 34
11 14 15 23
16 18 11 31
34 37 10 28
38 29 27 33
30 11 2 29
11 37 22 20
15 12 28 49
11 17 17 22
33 34 31 5
28 16 13 21
6 45 28 35
33 15 22 7
12 44 25 42
48 11 38 23
11 12 41 17
27 15 45 44
30 35 21 16
47 33 17 2
26 17 31 19
36 6 16 45
24 14 6 12
8 45 8 33
44 7 15 3
36 32 10 42
36 27 15 31
19 11 15 12
38 36 5 29
20 13 6 33
33 10 15 19
33 14 39 11
12 13 5 36
41 13 34 21
34 31 29 35
45 12 13 3
31 20 12 8
37 40 6 28
22 49 28 8
19 25 7 18
31 39 32 44
45 27 40 44
28 35 24 17
42 44 18 42
31 34 1 42
40 20 19 10
32 14 42 6
32 37 30 5
10 16 26 23
36 33 33 36
18 36 34 38
42 16 35 4
28 37 32 26
36 28 28 44
33 7 38 14
26 17 27 8
32 42 11 29
16 9 35 11
42 15 40 46
40 42 40 8
13 2 28 44
19 19 32 29
4 16 26 40
32 39 14 40
23 14 7 21
35 11 4 19
33 39 40 15
22 2 10 36
14 15 36 32
14 15 36 22
40 38 27 17
48 16 5 26
35 7 3 19
13 12 36 39
26 24 18 41
30 40 35 6
21 34 9 41
39 19 21 43
31 8 6 31
36 39 12 34
24 7 33 32
30 12 11 39
37 7 38 16
18 13 29 10
48 9 10 33
13 23 10 33
33 20 1 17
32 39 8 36
23 11 25 15
40 12 16 18
4 32 31 44
30 37 21 25
11 17 25 32
40 33 21 6
19 12 28 13
31 0 42 18
33 39 0 34
34 10 7 8
21 24 8 8
42 31 36 27
39 12 46 19
33 3 3 19
47 15 28 9
26 12 30 23
17 35 28 46
39 40 2 15
28 41 10 25
45 4 2 28
31 6 10 10
35 41 35 3
45 11 46 33
39 40 5 26
26 1 23 40
38 36 36 0
34 10 26 14
22 30 6 23
36 5 17 13
15 42 22 39
28 12 28 31
26 5 1 29
39 37 26 43
30 44 22 10
38 13 36 32
38 17 19 4
20 6 35 36
30 34 12 43
8 22 36 6
21 23 13 13
34 14 35 39
41 35 28 21
11 13 28 27
31 31 24 47
37 23 8 33
42 22 1 31
18 47 31 25
43 33 29 42
38 0 21 31
16 11 23 14
49 9 39 12
25 26 9 16
23 15 36 18
49 37 6 28
31 32 14 16
33 12 38 10
35 32 23 19
16 17 12 29
45 39 21 21
29 40 11 24
