50 243 13005 800
40 8 20 22
24 42 12 11
41 42 13 26
6 2 20 19
16 17 33 23
19 26 2 13
38 36 43 21
19 25 20 9
3 44 44 0
27 28 10 18
11 9 31 35
28 29 18 17
10 33 15 29
5 32 19 27
5 45 15 6
32 11 39 4
10 32 2 21
9 31 26 36
33 28 25 0
28 12 18 23
32 6 27 20
34 31 30 41
5 38 11 20
26 35 35 31
35 25 37 15
27 10 20 24
6 5 26 25
3 38 43 0
34 4 31 11
37 49 41 3
12 27 41 18
23 22 29 23
36 20 16 4
7 35 12 14
27 15 8 25
31 5 28 13
36 15 11 24
45 17 15 36
40 32 16 27
8 39 30 21
34 36 25 30
26 28 20 31
26 10 10 20
34 23 26 16
12 48 0 4
15 10 17 44
10 33 33 24
5 29 29 0
1 3 5 24
6 23 38 14
12 2 40 28
4 28 22 34
4 33 18 28
11 34 31 14
25 11 10 7
10 6 14 21
32 47 1 20
2 31 7 17
6 3 28 25
19 37 7 17
40 2 4 49
5 37 26 31
27 32 26 5
2 37 16 2
16 2 25 22
6 33 0 10
22 46 14 33
37 31 1 33
41 36 36 23
33 46 30 44
32 9 45 10
10 27 18 24
38 27 29 26
48 28 6 39
32 16 19 13
13 23 22 29
4 7 19 24
12 6 11 22
6 31 36 1
27 1 47 1
49 25 4 9
10 4 2 13
42 15 22 40
26 10 2 47
38 28 5 15
25 31 34 11
19 8 1 46
28 30 9 18
42 35 32 17
23 6 33 17
6 16 18 32
6 49 16 21
8 45 25 19
26 7 40 13
16 42 21 9
28 5 16 20
48 11 24 8
39 8 33 23
45 13 22 27
11 35 15 18
20 49 22 12
36 27 47 7
2 39 48 3
40 31 39 2
21 34 10 42
21 12 16 27
31 8 9 40
11 35 40 6
43 46 36 1
6 47 17 31
1 40 26 27
11 24 26 30
28 35 22 10
1 37 33 26
37 15 28 19
17 36 27 30
35 8 27 20
49 45 14 43
21 29 3 43
47 14 32 19
9 31 2 21
34 1 44 0
30 24 32 34
31 5 38 6
40 28 27 38
39 35 24 22
18 23 5 19
24 19 42 28
49 37 13 42
39 32 11 15
27 41 4 14
16 25 28 17
29 31 37 26
36 38 19 4
6 38 30 18
14 11 17 43
16 3 33 36
10 9 16 33
4 0 17 14
23 6 25 23
10 8 12 13
25 49 2 38
26 5 30 3
5 39 5 27
46 23 15 5
24 2 0 34
3 44 11 24
12 44 5 20
41 45 20 33
9 33 49 0
9 31 11 21
47 47 26 25
14 28 35 10
47 28 24 12
22 17 0 42
4 38 44 15
14 13 46 25
24 25 20 13
32 4 43 3
8 20 26 14
32 42 32 28
30 4 21 40
37 13 3 26
32 11 25 29
4 40 26 22
43 34 26 45
42 31 14 30
36 46 30 27
12 38 14 7
35 41 32 22
6 36 8 9
32 32 28 10
30 5 43 5
3 1 29 5
3 3 33 16
10 4 18 14
14 2 45 41
4 36 28 16
15 33 11 17
35 32 45 5
45 8 6 46
35 27 41 19
4 37 36 1
2 22 31 29
34 0 13 22
31 40 11 49
33 14 26 23
12 30 8 24
37 6 31 28
36 29 46 10
9 2 35 7
36 5 21 7
23 19 33 6
38 24 30 31
47 32 15 18
29 7 11 26
48 31 6 34
37 32 37 25
28 11 29 21
41 35 45 2
12 20 37 37
6 29 6 34
29 28 21 10
11 31 24 32
32 8 12 28
11 35 35 12
30 6 1 38
13 26 34 4
28 10 14 24
41 49 31 35
2 45 26 28
22 2 39 26
24 19 19 30
14 45 6 22
44 10 10 22
39 41 10 19
40 39 6 7
32 11 0 44
23 11 29 5
36 4 7 20
12 33 37 15
14 3 11 20
11 33 9 6
29 12 26 30
39 6 47 15
34 7 47 23
36 28 41 31
32 33 18 25
9 40 12 22
30 23 24 26
22 45 0 17
42 30 12 18
26 36 2 26
13 19 8 29
0 30 14 4
6 42 3 16
13 36 33 35
33 33 49 10
34 8 39 6
0 3 28 35
32 37 42 7
29 13 32 29
3 34 0 44
