50 733 16289 800
32 39 25 13
41 33 18 24
3 33 43 28
25 4 14 23
17 38 38 29
10 44 4 33
32 10 37 4
2 48 44 41
34 45 40 25
9 43 6 32
20 34 40 22
13 48 47 19
32 20 31 34
34 4 36 46
48 25 44 23
0 42 1 29
20 27 30 22
0 47 34 20
40 12 49 24
6 9 28 40
45 35 42 42
17 34 21 47
40 31 8 31
8 44 11 30
22 39 1 37
26 32 13 27
42 22 8 24
44 13 7 33
46 27 49 30
6 48 20 25
2 48 34 25
9 44 31 36
12 45 5 26
49 19 36 37
23 21 29 18
44 25 4 39
42 15 28 49
46 39 26 25
25 34 13 10
23 25 18 21
8 49 1 38
7 46 8 29
0 16 17 25
45 31 20 24
37 29 1 33
44 14 25 11
11 24 19 16
32 18 37 11
9 47 42 6
34 1 2 36
6 18 32 13
28 26 3 35
43 27 22 21
29 22 28 0
6 47 39 22
4 20 43 32
25 35 37 28
33 12 13 21
6 45 5 30
3 49 17 27
9 38 35 21
43 46 36 41
41 39 1 34
11 47 7 32
18 17 38 28
5 49 1 32
4 42 23 28
10 46 36 19
1 47 45 42
5 40 30 24
17 44 44 33
2 18 41 37
10 36 37 12
42 47 31 11
40 10 30 23
1 45 9 30
32 7 48 13
1 46 8 25
32 24 27 20
11 24 18 12
40 22 2 36
33 34 11 27
25 34 9 28
47 3 24 26
31 33 34 16
38 19 39 11
37 22 23 36
31 29 4 36
31 23 3 33
9 39 9 32
10 45 35 24
47 27 27 16
16 43 33 42
38 37 29 29
12 17 44 40
12 44 1 22
48 2 48 36
18 46 7 41
11 43 33 18
16 31 39 34
30 11 38 19
35 32 40 43
36 38 10 32
28 12 4 23
19 47 26 24
31 47 2 30
11 15 16 26
21 18 0 37
12 41 37 21
35 26 6 30
37 8 37 47
1 47 22 20
40 32 6 29
11 45 36 46
27 11 6 19
2 49 1 32
47 41 38 25
0 49 35 8
37 15 36 24
15 48 5 33
27 24 36 6
46 21 46 37
34 13 2 38
45 5 37 21
1 45 7 31
34 31 37 17
41 36 2 36
26 39 25 20
11 37 31 20
47 18 5 28
45 7 23 24
47 30 9 41
9 20 35 32
27 16 47 22
32 21 8 28
20 34 31 29
32 9 17 20
8 46 1 38
44 15 0 38
35 25 14 29
40 10 0 31
47 13 35 14
8 42 38 39
41 23 0 38
22 31 7 35
15 45 7 34
32 22 0 10
43 27 8 31
0 48 7 32
37 28 13 23
10 48 15 30
44 9 31 20
40 11 35 23
7 22 8 31
46 24 4 32
12 39 37 9
35 27 41 30
7 44 3 39
42 43 17 43
40 49 25 19
39 26 32 48
49 46 38 14
8 47 44 11
43 19 0 34
27 3 39 48
34 32 11 22
46 31 48 16
43 13 39 17
22 17 13 25
34 30 31 22
14 43 2 26
36 13 33 40
49 35 45 19
28 22 33 1
5 41 10 35
41 19 33 34
45 32 48 16
1 48 17 35
36 18 35 27
47 7 32 20
21 22 5 33
31 36 34 41
29 24 48 17
47 33 49 41
44 32 0 32
46 21 37 42
32 1 21 16
4 44 2 27
40 26 17 25
46 16 36 24
32 29 36 27
30 28 23 45
41 19 37 11
4 47 28 22
38 19 9 25
15 45 15 26
29 16 7 30
10 19 32 15
31 10 28 15
47 16 6 18
9 12 31 28
5 40 47 33
29 21 4 34
36 17 1 34
41 22 28 47
4 43 21 12
32 24 18 20
2 17 18 19
3 14 39 45
14 47 48 31
5 23 45 27
34 33 0 44
32 27 46 24
14 23 47 10
41 20 7 40
35 26 42 18
36 13 35 20
41 31 1 33
40 11 5 29
42 16 12 30
31 30 44 37
43 0 36 38
49 15 12 11
17 20 43 16
16 42 43 13
28 26 37 49
34 13 2 31
30 18 45 12
14 49 33 4
19 21 9 33
13 12 38 46
47 28 49 15
4 46 27 34
44 45 20 30
38 0 31 32
32 16 9 26
42 24 30 20
26 6 16 20
31 31 33 22
40 24 4 26
26 9 33 25
36 34 36 21
25 20 30 28
35 2 11 22
31 34 8 21
40 25 18 30
41 30 15 33
36 25 41 26
29 38 42 44
5 8 38 41
47 8 21 15
33 30 10 19
25 18 31 14
49 21 49 27
24 21 3 11
10 43 33 0
33 15 16 18
3 25 19 28
8 40 1 33
41 31 46 23
35 46 36 34
4 48 48 36
21 6 2 35
5 9 11 19
1 44 44 35
47 39 15 39
10 13 48 44
33 33 8 22
5 48 22 17
21 39 13 27
26 32 42 32
39 39 12 35
7 38 11 30
40 21 24 23
16 44 39 32
45 38 37 17
24 32 26 22
33 15 22 37
30 34 40 17
2 44 7 33
41 12 33 17
1 45 18 23
43 31 22 38
39 17 34 34
32 29 34 20
4 46 10 22
47 31 43 15
40 20 0 31
44 34 30 20
10 40 2 34
46 17 30 28
41 9 5 32
3 43 27 22
43 38 39 28
1 44 23 20
26 25 38 16
32 12 5 17
8 45 20 24
47 19 9 22
23 30 43 25
11 49 35 39
26 1 20 10
0 49 31 37
12 43 30 38
7 44 19 36
43 5 7 34
40 26 44 1
46 19 16 18
7 39 33 14
38 42 10 30
40 19 3 30
27 26 15 46
38 43 48 25
3 48 45 39
3 25 23 8
40 27 4 28
37 33 27 17
14 45 47 41
32 30 5 32
30 16 6 29
34 25 23 33
41 25 12 24
38 17 6 34
9 44 7 33
14 46 6 32
45 26 48 18
47 17 2 32
45 18 9 34
7 47 15 20
11 44 37 40
2 46 10 19
15 28 42 40
14 48 9 38
2 23 7 24
7 47 21 36
29 13 24 19
2 47 44 38
43 20 4 35
7 25 16 28
19 37 42 20
4 49 29 11
43 15 28 40
12 46 21 43
17 28 38 45
19 19 0 45
12 49 38 42
13 9 12 25
23 22 35 13
38 28 45 21
41 25 27 42
33 11 8 16
38 34 38 45
3 16 1 30
28 29 26 38
14 23 27 32
23 25 4 35
41 19 38 25
49 38 34 2
47 5 3 37
17 30 46 31
5 44 42 29
47 47 15 39
46 24 12 14
15 43 16 23
37 18 20 25
5 40 34 16
21 48 37 24
17 49 0 38
28 31 17 41
28 31 16 21
16 48 24 34
9 41 35 35
36 28 6 27
28 18 4 33
30 24 0 31
45 24 15 20
16 45 10 25
48 37 5 28
23 5 28 37
37 7 3 38
11 49 2 38
3 20 2 31
46 28 46 38
18 46 8 29
8 36 0 34
33 30 4 32
9 7 27 25
44 8 39 22
23 20 39 33
31 12 18 24
31 36 5 34
20 49 14 23
46 37 37 7
40 0 36 21
3 42 8 23
33 2 0 43
48 26 8 10
42 22 36 13
28 30 30 4
9 21 20 21
24 28 3 40
5 48 35 34
43 15 39 4
8 7 26 28
29 44 14 44
46 20 10 39
6 45 33 42
7 47 38 30
30 18 5 38
36 23 3 30
16 5 44 7
10 21 46 24
49 11 45 27
12 47 25 46
36 20 18 24
0 49 23 27
5 36 17 22
19 22 49 31
5 29 20 40
29 36 13 18
37 35 32 11
37 14 48 46
47 31 14 30
14 39 21 21
5 43 17 25
31 33 36 23
39 15 2 36
40 38 0 30
38 19 19 35
34 27 26 34
45 31 41 30
3 46 18 37
34 16 44 18
7 45 3 23
31 0 18 21
32 31 6 31
10 39 35 29
33 11 16 29
43 15 37 27
34 43 44 23
34 21 4 34
44 6 36 30
8 33 5 30
48 26 2 28
43 25 4 35
3 17 2 23
30 28 33 41
10 46 28 24
33 19 45 30
35 3 39 23
14 43 1 33
49 37 11 1
5 37 6 30
4 45 29 16
11 42 13 33
46 1 35 14
20 14 2 19
19 15 26 23
48 16 15 40
36 38 32 11
13 47 29 23
9 47 9 38
31 34 36 20
16 47 42 18
22 40 10 7
42 41 19 16
37 31 43 33
7 41 36 19
8 14 11 24
6 26 34 43
38 11 14 33
14 45 46 16
29 12 44 27
37 17 38 6
14 43 2 33
15 49 18 7
21 11 9 4
44 28 47 37
13 49 1 33
9 45 18 21
44 30 18 16
33 14 39 0
37 21 29 12
45 49 34 36
5 19 12 28
37 28 42 27
44 33 19 26
26 14 4 37
15 21 4 23
48 7 21 37
2 25 18 28
43 39 27 32
20 45 14 21
30 35 18 20
48 10 41 41
44 41 21 16
3 31 2 21
42 27 30 49
9 47 47 42
14 41 32 29
5 10 13 21
31 32 19 42
43 42 4 33
35 42 18 18
27 14 0 27
49 31 2 39
40 22 46 31
29 18 44 42
22 25 21 21
38 42 14 20
38 46 16 26
26 21 11 35
12 49 7 29
4 43 36 20
41 15 2 48
9 49 35 48
5 42 20 18
45 17 20 28
33 25 37 23
1 19 14 37
41 7 4 37
43 34 49 36
43 45 28 33
29 28 1 36
11 45 10 10
17 6 41 19
40 41 26 25
38 0 39 35
47 45 21 38
47 15 4 29
12 37 23 36
40 32 20 24
45 41 6 27
46 15 31 13
39 34 45 23
22 12 3 40
7 36 18 25
7 44 11 24
23 22 39 15
33 32 7 31
25 21 34 29
16 35 32 26
15 29 1 36
43 36 32 16
7 48 20 48
17 12 2 31
10 24 36 15
34 19 14 31
12 49 5 35
28 10 6 36
8 43 5 38
14 49 36 14
46 21 48 25
28 16 2 23
29 13 36 15
35 23 31 32
31 11 18 37
15 13 28 27
41 29 5 16
24 12 4 25
24 37 8 35
40 11 8 40
36 2 40 7
34 24 16 22
38 13 6 23
38 26 43 35
4 44 40 10
34 21 7 29
36 6 35 35
44 42 17 25
37 8 17 29
15 49 6 30
2 41 33 40
41 25 36 34
25 48 29 36
38 20 6 27
27 35 36 22
32 15 38 27
11 44 30 32
45 41 3 24
46 21 5 10
29 23 8 4
29 15 34 19
41 43 2 31
37 31 34 34
1 47 7 31
17 49 45 30
42 21 43 9
12 19 3 25
35 28 36 10
43 26 44 41
16 42 37 20
1 44 4 32
31 29 29 36
34 15 20 32
10 36 31 11
16 3 26 20
49 34 0 30
6 44 19 30
10 10 34 19
11 46 10 9
45 13 34 16
49 45 28 20
11 38 26 35
5 44 5 29
31 44 3 31
4 47 28 29
5 16 32 30
16 42 28 46
25 2 27 16
18 45 6 32
33 24 30 17
9 35 3 27
36 15 18 29
21 22 40 23
41 14 39 39
0 44 30 16
0 45 17 24
10 47 26 44
40 30 32 25
28 21 45 45
32 19 25 8
26 35 45 39
34 26 6 34
47 23 40 13
36 13 20 20
18 40 36 49
35 19 14 43
48 24 19 19
11 42 13 37
7 44 46 2
40 24 9 31
17 49 3 33
6 44 4 35
29 6 24 30
9 34 36 16
24 8 17 41
29 7 45 29
5 47 8 33
33 22 6 26
14 11 31 15
9 49 0 31
43 7 13 38
9 43 3 19
12 35 34 16
30 9 35 23
32 17 16 22
31 49 32 31
30 9 3 35
11 40 37 40
17 30 5 34
17 33 3 19
47 13 1 31
18 47 35 18
22 5 9 22
8 47 3 33
10 15 5 35
40 18 12 23
13 40 3 29
3 41 21 29
31 17 49 44
34 40 40 26
39 27 19 22
3 48 2 32
45 28 39 11
46 43 15 26
40 23 0 27
5 24 23 20
49 24 38 33
15 49 2 40
12 44 16 43
11 43 3 31
19 15 2 20
22 13 10 20
16 37 30 3
40 22 36 9
1 29 4 32
19 18 1 37
39 43 26 22
22 43 44 36
41 14 27 20
44 7 25 16
33 38 4 41
37 19 40 12
3 10 23 15
30 6 28 18
40 8 40 19
40 39 10 36
34 38 17 26
45 34 48 32
7 47 6 35
29 2 46 9
39 11 38 24
25 46 6 32
22 22 48 20
43 26 37 44
40 41 0 36
0 36 42 34
47 21 38 25
28 25 24 47
31 7 22 27
19 43 27 38
46 3 27 23
8 19 3 33
32 18 13 21
9 47 14 32
35 17 4 32
49 34 37 47
10 38 42 33
36 28 21 41
24 21 44 38
16 40 2 31
38 34 48 6
7 44 20 26
8 47 14 24
33 34 3 24
4 13 27 35
13 48 13 26
15 47 32 33
43 25 1 27
43 44 7 20
1 16 4 38
14 43 2 32
27 40 34 39
38 18 29 41
34 8 35 49
37 24 48 20
31 25 0 40
37 35 19 27
27 27 22 40
6 49 2 20
43 20 17 35
6 33 26 26
