50 480 11305 800
47 31 3 37
21 17 32 27
42 29 38 44
35 12 33 34
41 45 34 42
22 11 7 33
29 8 45 36
43 42 31 6
8 37 26 5
39 29 33 4
17 18 1 31
2 31 28 22
43 36 14 30
42 26 23 33
46 33 12 6
15 13 42 27
29 5 31 21
4 7 24 25
34 22 4 29
8 47 28 8
33 36 7 26
14 13 8 46
19 44 36 19
13 21 9 7
43 7 41 12
24 47 35 7
30 15 31 26
46 34 16 0
13 37 34 34
19 13 8 25
42 33 15 36
6 38 8 24
31 1 5 47
35 47 30 13
12 22 4 30
45 31 6 23
17 15 8 34
9 18 18 30
31 44 4 17
16 11 4 30
47 42 21 34
49 9 5 31
45 7 36 8
26 33 29 8
4 40 9 35
20 17 7 24
43 48 34 33
26 2 15 47
33 15 38 38
11 28 10 36
37 28 31 31
15 13 44 14
8 15 19 26
40 32 10 23
49 31 4 45
44 28 36 20
36 45 40 9
42 44 42 16
23 11 31 3
42 48 3 43
40 28 1 27
12 21 40 34
13 17 36 20
48 30 38 5
39 43 32 39
41 9 21 0
5 14 2 34
27 9 48 12
24 45 26 35
42 47 6 27
38 4 3 31
16 22 5 45
40 34 28 1
3 26 44 21
12 48 6 48
43 45 39 26
9 22 18 29
42 37 49 28
45 12 26 28
45 33 34 5
27 16 43 10
13 14 46 27
42 45 6 42
45 35 38 36
41 36 31 7
21 12 30 4
14 13 2 46
40 29 39 36
17 13 24 17
19 29 8 45
44 36 18 9
26 21 38 47
12 19 30 39
41 40 39 30
46 35 31 32
48 28 23 29
46 47 43 43
6 19 16 40
19 11 31 6
43 1 17 6
43 34 4 23
28 48 17 7
29 8 3 43
49 6 10 29
38 32 26 9
13 33 17 5
42 46 37 8
14 25 36 19
40 35 32 4
37 48 26 26
24 14 35 38
38 49 40 37
22 2 37 35
16 15 10 30
19 32 36 14
23 43 18 4
42 29 32 23
41 47 13 35
44 36 40 14
20 11 36 28
44 30 43 5
20 22 10 48
27 9 32 21
12 15 12 29
4 21 33 27
42 45 3 35
34 16 28 5
20 16 20 27
19 14 2 31
28 21 34 40
44 35 35 12
39 48 3 33
46 36 19 11
31 33 34 29
14 30 43 28
31 7 32 34
46 32 11 30
35 35 1 35
11 27 7 28
38 48 31 9
43 45 41 24
21 49 46 29
37 44 17 37
6 22 3 30
32 14 25 31
32 23 16 32
44 34 20 19
31 35 12 13
45 7 34 19
9 19 15 12
32 48 45 9
9 25 29 8
8 31 33 15
5 24 23 25
3 40 15 5
38 11 21 25
46 32 30 37
19 15 23 37
42 3 25 25
13 34 36 32
35 49 43 21
22 21 10 33
37 45 5 29
46 40 29 11
42 4 4 29
49 1 39 17
40 14 34 10
16 15 29 41
41 33 24 37
46 1 14 14
47 36 17 32
30 5 20 28
24 11 41 34
49 33 31 15
43 32 13 4
44 36 46 44
44 30 36 33
31 16 18 18
36 0 36 25
8 22 36 48
39 31 29 24
40 25 27 26
44 37 13 37
5 16 22 28
41 0 32 22
38 10 0 27
38 6 43 37
40 40 38 5
7 21 3 27
46 45 34 30
43 34 25 33
43 33 5 24
29 11 32 31
27 16 38 8
45 36 22 31
1 41 43 32
35 46 10 18
10 40 41 22
30 22 34 31
7 12 28 16
45 34 21 23
15 14 42 36
17 16 31 8
47 30 21 29
28 44 26 19
3 41 4 29
10 15 3 26
45 37 25 34
15 30 28 9
43 32 7 25
30 34 14 28
49 32 11 43
10 37 13 18
24 9 35 4
24 19 23 10
10 15 21 21
38 43 3 40
42 36 43 9
20 39 39 14
4 45 36 45
23 18 34 35
49 24 16 19
46 27 32 30
41 14 20 22
19 28 16 39
46 33 22 36
34 43 19 4
43 28 9 31
42 37 2 23
24 24 21 26
18 49 2 21
48 30 49 43
41 2 4 34
10 29 24 27
12 29 27 5
39 47 4 26
46 34 42 1
19 13 16 29
43 28 6 40
44 41 41 20
14 28 28 27
30 43 33 8
37 40 41 24
2 13 4 28
40 49 33 21
47 32 26 43
31 13 15 46
35 44 21 32
48 33 12 24
14 14 5 34
34 49 38 11
39 29 36 46
39 43 32 43
14 15 28 31
40 42 5 30
3 18 9 32
41 40 5 24
22 27 9 2
48 32 21 36
44 29 27 10
46 36 46 31
6 25 29 6
41 6 27 32
35 47 31 38
41 31 29 33
42 49 1 26
48 38 3 24
12 15 40 33
3 24 48 23
14 47 27 39
49 36 1 49
9 46 26 5
42 32 7 31
18 22 5 31
15 7 30 28
18 8 39 3
31 11 34 6
33 5 34 33
42 47 22 42
10 39 3 34
38 4 4 36
0 46 40 1
30 9 32 3
23 30 4 25
23 35 36 4
49 23 5 26
4 35 44 40
48 38 14 34
46 28 43 32
38 43 16 29
37 41 18 30
15 14 6 29
15 15 13 29
40 43 29 27
35 31 34 45
15 12 10 39
18 13 5 8
32 0 19 34
16 13 31 30
39 35 31 46
42 30 28 5
28 7 26 40
46 35 36 40
47 30 30 6
3 1 24 34
49 9 36 21
31 46 20 35
38 17 13 2
37 39 41 44
45 37 15 42
18 16 5 36
16 32 27 23
33 43 40 24
39 6 31 4
42 10 34 31
32 40 24 26
36 12 16 31
4 36 39 9
45 24 22 30
23 46 31 21
26 27 28 10
15 31 34 4
20 22 28 8
23 45 24 31
41 45 46 25
23 1 20 28
33 9 10 46
35 3 22 22
45 34 19 9
33 11 48 2
16 23 38 42
46 27 14 33
26 16 5 38
5 29 13 47
26 27 38 25
47 30 1 2
37 49 32 40
48 10 30 18
43 36 4 23
47 33 35 11
16 16 18 41
2 25 35 5
43 28 5 30
19 17 3 31
46 32 7 32
49 19 32 7
21 38 36 2
31 14 29 0
47 35 49 6
46 32 0 36
41 40 34 34
11 26 38 6
45 14 21 6
47 32 9 43
37 47 0 46
34 11 43 34
49 34 34 13
39 44 27 22
40 30 33 27
42 41 29 42
31 48 4 47
45 35 25 35
47 29 29 15
28 16 36 5
16 26 4 35
40 44 30 10
21 38 4 38
46 7 32 45
27 6 3 25
8 18 36 28
48 37 2 18
19 12 28 3
46 34 1 26
11 18 6 27
47 29 40 10
42 38 27 10
42 14 5 29
6 15 32 47
2 31 7 22
17 13 42 46
45 42 11 26
48 34 32 6
29 19 22 35
15 20 42 39
16 37 25 23
34 48 47 19
17 17 35 10
47 8 2 38
32 7 36 33
35 43 1 29
42 13 47 3
37 45 45 42
38 31 44 5
30 40 1 36
15 17 36 14
47 29 27 10
35 24 47 38
25 3 29 41
46 33 29 3
45 32 12 43
32 40 2 41
41 6 11 28
25 38 20 13
37 43 4 24
40 44 35 7
37 49 26 36
38 27 34 16
10 12 5 33
4 24 32 17
6 16 21 44
6 30 31 7
38 27 20 18
17 15 0 30
43 42 20 9
4 23 41 18
7 40 5 32
40 43 35 10
30 31 11 29
24 48 38 30
8 23 16 1
41 7 38 24
26 35 6 32
8 18 23 28
33 44 0 32
17 25 26 35
18 35 43 22
28 8 9 31
14 31 48 1
44 36 33 31
37 16 42 21
38 44 5 23
37 4 30 31
9 26 35 26
40 21 19 31
16 24 6 35
47 34 18 28
28 23 39 6
22 14 5 31
20 22 24 25
4 30 17 37
41 38 18 32
20 23 21 9
20 40 4 28
17 18 21 36
43 4 24 31
12 14 26 29
11 8 3 32
49 1 2 41
7 15 35 11
35 34 34 9
11 26 14 48
46 29 2 28
24 17 25 37
38 1 10 37
44 29 24 10
36 44 26 10
39 41 22 32
19 16 38 24
47 4 18 43
5 25 22 44
38 34 43 28
45 46 9 7
29 16 0 33
45 2 43 10
18 23 24 46
44 35 45 43
36 30 4 32
42 33 9 19
25 3 40 38
17 26 19 30
37 38 9 32
38 46 41 29
10 14 8 37
3 5 40 3
45 31 5 31
46 37 34 19
36 27 22 42
15 14 28 1
45 38 35 11
46 34 25 38
