50 244 11327 800
37 23 28 22
17 7 32 35
39 28 12 25
18 7 4 4
44 28 12 21
18 30 45 42
18 3 32 35
37 17 4 9
45 40 33 43
14 31 41 42
33 21 36 41
2 12 11 6
12 31 23 32
34 19 47 43
16 6 19 41
33 20 39 37
15 36 28 34
12 4 21 47
35 21 31 28
21 6 30 36
43 35 26 38
44 34 38 25
32 27 15 27
14 28 16 46
14 2 34 44
33 16 16 27
16 22 6 42
17 33 39 40
32 18 13 38
31 28 39 21
17 2 24 39
42 30 11 35
38 12 20 10
19 4 1 4
19 32 16 42
14 3 19 17
25 34 20 4
32 17 41 47
36 18 22 28
13 33 46 48
13 30 44 39
24 19 28 37
15 33 25 31
42 15 17 46
44 37 14 36
38 34 40 19
44 36 30 21
35 16 39 27
32 18 40 34
16 30 45 10
32 18 23 17
37 19 37 38
40 35 0 30
17 32 35 46
49 38 44 34
34 21 32 35
11 10 18 44
34 19 43 47
42 37 32 28
16 3 42 39
19 24 40 49
15 7 49 38
30 20 47 36
11 35 32 5
29 21 6 39
29 19 23 45
34 16 21 40
33 19 46 26
32 22 13 14
29 20 11 15
38 35 23 25
34 21 20 32
34 21 19 16
31 19 19 21
34 14 7 46
36 31 20 39
10 37 13 13
22 42 7 16
13 30 44 30
33 20 34 27
31 20 4 25
26 37 44 37
36 20 26 11
33 23 18 43
15 6 21 8
17 30 17 49
41 21 17 37
17 9 26 26
37 22 18 20
35 22 33 0
39 35 43 39
16 5 2 12
29 36 48 42
18 7 48 32
32 19 48 36
34 21 19 32
17 4 35 41
18 1 13 11
28 36 19 25
39 32 33 31
38 25 34 39
42 29 6 17
39 35 24 43
35 21 25 24
12 37 6 7
35 20 43 41
46 38 20 17
40 30 48 48
13 34 17 10
12 32 16 28
40 26 34 34
30 27 29 19
8 18 46 31
34 19 10 11
14 4 33 6
42 37 44 29
17 31 41 44
42 34 13 31
13 7 21 9
34 20 12 31
13 33 27 24
29 20 36 25
16 29 39 49
20 2 7 3
20 30 5 4
41 43 12 28
30 21 0 4
16 32 37 39
33 8 14 1
38 33 17 43
29 34 15 43
24 27 9 38
44 33 28 42
15 37 34 48
48 25 23 16
9 25 20 35
40 33 33 33
12 1 27 37
13 34 42 25
34 18 15 12
33 21 10 34
33 21 16 48
33 19 28 21
46 25 28 41
16 6 45 46
14 37 8 8
29 30 31 23
20 31 41 43
25 5 40 37
17 37 19 12
11 31 21 25
13 32 40 17
35 20 26 38
37 16 19 49
38 21 30 42
32 22 43 45
19 5 30 33
34 21 18 41
12 34 36 46
42 29 23 32
16 7 16 26
16 31 21 33
33 20 11 31
36 18 13 37
15 34 34 17
34 20 45 43
8 5 27 22
16 1 49 39
32 17 27 26
18 2 0 27
45 32 38 38
33 10 38 1
14 31 47 46
17 6 32 18
32 17 35 9
29 34 42 27
16 15 34 32
16 32 25 38
10 3 22 17
24 30 37 46
17 6 36 39
32 23 17 27
46 30 45 38
15 33 45 43
31 18 18 26
12 21 0 8
33 21 22 38
14 0 6 7
48 25 6 36
41 18 21 19
30 14 39 15
34 20 13 3
47 28 31 45
31 19 14 41
12 36 19 36
31 3 26 29
30 17 28 26
20 40 42 40
12 34 16 27
12 32 22 3
15 34 28 26
46 31 2 13
24 40 41 9
16 47 8 1
32 18 22 44
18 9 17 26
36 21 41 42
22 19 18 31
32 19 19 34
15 41 36 38
16 34 5 31
17 33 35 33
22 30 49 30
16 35 8 29
46 27 7 37
18 32 35 16
17 33 48 25
16 31 24 28
35 37 41 42
13 35 42 43
43 29 10 8
11 29 46 47
44 35 28 33
15 31 35 22
13 32 18 32
38 23 38 42
17 32 49 44
15 32 21 40
17 44 14 40
12 9 23 42
43 36 28 22
32 22 22 36
28 21 33 20
14 20 19 24
16 1 24 40
34 20 10 47
21 5 32 47
28 19 42 26
18 5 48 35
13 29 9 4
14 10 0 4
17 30 0 22
16 14 42 26
34 20 7 32
