50 122 19208 800
33 46 35 11
26 41 20 14
34 18 3 26
38 25 11 43
40 18 26 11
3 7 16 20
35 7 14 28
28 31 46 18
30 36 21 28
20 29 22 33
33 39 43 14
24 16 32 0
33 15 24 15
16 23 20 24
14 4 20 22
29 40 24 19
26 21 27 26
40 39 36 11
28 34 20 15
21 19 49 7
19 26 40 11
19 31 10 5
10 2 18 24
0 31 14 20
48 28 19 26
41 30 13 27
9 33 18 9
9 29 40 20
42 43 46 11
37 32 32 2
48 9 30 11
30 35 36 23
45 41 39 10
45 45 35 7
30 22 19 28
35 28 18 13
28 14 49 4
31 48 10 26
10 0 9 45
34 38 38 0
16 47 21 22
14 31 43 3
21 32 41 10
33 47 46 9
37 25 38 19
33 39 21 48
49 35 22 31
31 49 16 41
3 1 29 22
36 43 40 19
43 43 34 13
38 24 19 11
40 12 31 2
37 21 36 11
22 12 28 4
8 2 48 31
38 22 19 44
30 22 24 24
42 19 39 8
37 10 40 8
26 34 45 29
36 47 19 16
40 32 48 19
18 7 25 11
26 39 48 23
42 38 37 14
22 44 46 13
33 38 23 24
30 38 39 6
15 20 21 9
17 32 27 6
23 20 20 30
32 47 45 4
15 0 47 21
32 48 31 9
31 49 4 26
29 28 39 4
42 38 47 33
39 38 24 20
35 40 18 22
28 26 26 30
29 43 31 23
18 21 1 9
26 24 25 10
10 0 27 43
21 46 37 4
42 48 40 21
38 26 42 27
14 22 7 17
33 42 18 7
24 35 24 2
21 42 31 6
26 41 40 6
10 33 37 17
7 2 33 27
34 47 42 2
34 45 4 26
37 35 21 20
22 22 44 15
32 35 13 18
36 21 11 31
37 8 11 17
16 38 32 3
48 29 22 6
14 38 45 7
39 36 38 10
25 32 23 18
11 4 32 29
25 38 24 33
45 40 32 39
34 35 20 26
22 18 34 27
32 36 41 25
9 22 39 14
40 19 35 31
31 27 38 11
40 41 42 7
9 13 30 18
42 14 36 10
32 11 23 11
27 45 16 22
48 16 38 15
