50 211 14895 800
16 23 22 26
24 32 30 27
41 30 12 33
13 17 29 24
38 30 45 7
19 42 44 9
36 25 40 6
37 33 42 3
41 9 11 41
34 8 29 45
21 40 43 3
16 45 42 5
17 25 43 7
35 24 42 7
34 34 29 23
36 35 43 7
24 42 21 29
27 36 3 46
35 10 42 5
41 31 2 49
21 22 34 18
38 6 43 5
18 28 26 31
39 27 6 37
36 28 29 28
38 30 23 27
38 13 44 3
4 13 44 3
40 34 24 27
10 15 24 20
19 23 26 17
39 33 29 23
20 27 43 5
38 27 12 36
22 20 33 30
21 42 31 31
20 22 16 9
37 29 23 43
25 32 42 7
11 36 46 8
22 37 26 18
40 6 31 21
23 27 42 6
26 33 32 28
23 15 26 7
18 39 1 9
13 21 42 4
39 30 23 48
21 28 29 27
16 37 11 48
18 21 7 35
40 19 29 37
26 29 28 25
11 41 41 7
26 16 44 6
7 31 42 2
41 29 26 28
16 22 32 23
40 13 13 33
17 28 44 4
34 31 31 25
36 29 3 38
21 39 42 0
9 11 5 2
20 42 23 19
22 33 41 6
9 17 42 5
16 27 24 25
41 35 33 23
17 40 28 49
40 25 28 27
11 20 41 3
16 27 39 43
41 16 5 43
45 27 1 44
18 23 8 7
33 3 41 2
4 43 34 28
39 29 40 1
18 27 41 4
18 19 34 48
37 34 43 3
27 12 48 6
17 22 31 30
24 20 26 29
16 41 30 33
8 38 26 27
0 38 45 1
41 37 32 23
26 34 0 0
47 8 43 4
35 5 22 33
47 5 28 25
26 36 42 6
46 2 31 30
33 29 23 29
25 32 30 28
28 29 26 19
36 26 44 46
36 26 32 25
22 43 19 40
13 41 41 6
33 33 0 36
14 24 16 21
28 37 37 33
19 38 25 27
24 28 29 38
32 18 34 30
27 34 8 37
35 34 0 0
33 32 26 33
16 41 32 31
11 28 35 37
41 24 8 8
31 30 45 5
26 13 46 40
27 35 42 6
21 28 2 43
46 25 34 24
38 37 43 6
31 32 13 28
20 47 44 4
39 9 34 40
37 28 31 28
22 15 15 33
34 8 44 6
19 47 22 30
26 29 38 37
26 30 24 25
14 27 39 3
19 41 4 20
20 35 28 35
25 15 42 5
28 16 46 9
11 37 24 22
24 15 31 26
12 29 13 12
17 26 36 29
39 19 40 4
20 40 28 27
11 32 12 43
31 18 22 26
40 34 28 44
14 30 0 41
19 24 46 6
41 12 30 22
23 43 27 22
30 36 46 4
21 45 42 5
47 3 22 40
12 24 26 27
32 10 3 8
30 19 23 23
39 26 23 30
17 42 0 22
27 17 22 37
19 40 14 43
35 1 30 30
41 34 37 28
37 37 42 5
33 7 30 38
16 27 24 49
5 2 29 29
28 29 41 5
34 0 17 33
40 27 18 33
16 39 43 6
18 5 28 23
37 13 7 8
5 46 19 38
38 24 44 5
21 37 22 30
32 2 27 36
18 42 20 47
23 34 11 31
15 32 25 29
23 26 28 22
36 31 4 31
21 25 45 5
17 5 42 3
44 25 5 44
27 40 8 49
38 27 6 8
49 4 40 5
33 18 44 4
33 34 45 6
13 43 25 28
20 28 10 10
17 10 40 8
40 33 40 4
5 21 27 29
17 38 29 36
13 27 42 4
29 25 26 27
39 31 22 48
9 41 14 47
49 11 15 18
19 38 5 46
11 34 35 27
23 8 40 42
39 34 42 4
16 16 29 29
7 26 41 34
10 21 27 26
24 30 28 28
28 37 27 24
21 36 2 6
10 25 47 5
36 40 19 44
22 29 33 24
21 36 26 25
