50 119 17883 800
14 39 0 25
29 41 33 12
29 48 25 31
19 24 9 31
37 46 30 27
29 16 24 15
11 40 10 19
13 49 17 28
25 44 11 12
35 11 11 24
17 39 16 6
17 48 26 37
12 39 13 31
17 42 29 23
17 40 25 30
25 22 24 36
32 33 7 31
40 5 16 46
20 7 39 20
38 24 30 32
24 39 21 17
34 30 29 24
30 17 19 34
21 32 35 10
14 21 20 38
31 43 1 9
43 38 22 46
25 26 4 21
35 46 13 17
30 40 2 34
34 41 15 41
31 10 24 24
40 10 21 37
19 38 35 29
39 38 45 11
29 49 10 23
28 41 33 29
34 28 22 47
36 14 18 38
25 29 28 31
14 29 21 43
20 35 8 29
22 47 10 32
20 23 33 24
15 45 48 1
14 44 33 34
27 41 37 27
35 24 14 29
27 17 40 28
43 12 12 18
29 48 21 32
34 23 9 25
46 8 17 17
26 27 8 24
28 20 20 22
48 14 9 13
18 42 27 35
34 23 25 46
34 46 16 16
21 8 20 25
22 44 12 32
15 18 35 18
31 37 25 29
42 13 13 17
36 24 23 29
32 42 20 25
38 46 3 41
32 29 32 8
32 48 16 2
17 45 7 33
13 43 19 25
14 49 34 14
22 10 21 27
30 45 5 29
23 12 0 38
21 41 11 22
28 28 19 42
36 33 26 33
31 32 34 35
33 48 28 21
28 33 2 19
17 36 11 39
29 33 20 13
38 22 21 38
31 31 27 37
31 41 29 36
21 16 4 39
33 44 14 12
26 30 10 22
15 16 13 31
26 18 47 5
48 10 7 46
15 42 4 48
24 21 6 23
19 37 20 33
31 44 5 28
39 47 16 26
18 34 16 15
8 35 12 40
33 30 9 27
14 38 19 7
38 45 33 19
22 40 12 19
18 41 20 26
16 37 32 23
17 46 9 29
40 2 22 19
31 47 12 38
36 40 12 28
31 35 32 31
43 19 0 30
24 44 2 29
44 1 3 27
32 49 15 10
37 44 8 15
16 43 20 8
25 46 45 6
22 21 49 10
40 2 33 31
