50 193 17873 800
12 2 28 47
34 35 38 4
15 41 19 47
15 8 28 48
6 27 32 6
11 3 25 35
2 7 24 42
11 5 35 29
2 21 31 8
14 35 22 36
0 29 34 12
4 13 27 49
4 33 45 11
38 49 36 33
17 7 29 45
18 17 20 38
20 16 22 48
15 22 41 3
35 41 33 5
14 32 30 12
3 29 30 7
19 6 28 45
4 27 43 34
7 29 27 48
5 28 25 45
13 25 31 33
6 7 30 9
26 20 29 0
9 27 22 27
11 13 26 4
44 45 42 14
11 22 29 25
4 6 47 20
6 29 37 19
24 18 38 12
12 8 40 10
3 28 43 3
1 11 32 7
28 42 26 45
3 24 28 47
8 29 26 47
15 31 35 4
4 11 35 29
2 22 34 47
9 21 44 11
5 35 38 30
9 28 29 43
1 13 48 28
15 8 32 5
5 27 45 6
19 8 26 44
7 5 33 5
6 13 40 38
5 35 41 43
13 29 37 7
6 14 37 3
37 45 47 10
37 43 35 10
8 36 40 12
38 43 29 47
5 25 35 5
20 21 25 45
10 27 33 3
9 7 36 8
10 26 29 46
41 46 27 45
0 29 30 6
17 23 28 48
0 30 49 15
23 7 29 46
18 21 38 3
14 18 39 32
11 13 37 1
3 27 30 46
13 10 28 42
17 4 35 4
7 17 28 43
18 23 40 34
7 13 47 2
12 25 27 6
12 3 27 45
17 7 38 5
41 49 33 8
8 13 36 9
2 11 30 42
30 42 28 45
16 8 16 32
2 8 24 45
28 45 42 34
11 13 33 10
28 49 28 11
16 22 26 47
1 6 29 22
10 17 32 35
2 40 30 28
20 16 30 45
14 4 29 48
5 2 16 35
5 15 46 10
0 6 26 35
12 19 39 6
28 48 36 28
22 27 30 47
17 13 28 39
15 37 25 46
11 31 40 35
18 13 43 3
2 19 10 33
3 15 36 14
12 12 32 47
16 27 27 47
1 21 38 38
35 45 26 47
4 23 29 48
5 19 24 31
17 9 38 3
8 12 42 30
24 13 30 32
18 15 41 39
45 39 25 22
29 23 29 48
15 19 33 14
7 8 24 45
4 28 27 8
28 31 28 48
11 7 32 32
8 14 48 35
5 20 33 35
12 28 45 9
8 20 29 45
31 3 41 2
29 35 47 17
14 19 22 42
3 14 23 29
8 9 28 49
10 22 20 5
0 24 37 29
17 28 41 4
17 40 36 35
30 46 48 9
2 12 20 29
1 32 28 49
47 46 23 39
8 30 24 46
4 38 32 4
30 36 48 9
5 24 17 43
20 44 45 26
25 4 36 10
1 26 35 43
22 5 37 24
13 12 40 33
15 12 31 31
19 25 42 35
37 41 48 12
14 14 30 8
17 24 30 42
3 31 32 42
12 18 29 48
14 19 30 43
9 29 39 8
26 49 32 33
31 47 34 5
33 43 36 9
3 18 27 10
8 29 34 8
2 18 31 7
12 18 24 0
20 15 41 17
20 20 37 10
6 28 33 13
15 30 40 8
20 7 27 5
15 18 28 47
3 22 28 36
16 7 35 30
6 4 29 43
34 44 46 15
12 18 35 14
14 43 19 49
12 5 48 27
44 45 31 34
11 30 20 45
6 7 23 26
0 9 23 11
1 32 29 46
32 41 27 43
34 40 49 24
7 39 36 9
40 49 23 33
7 15 48 2
4 40 24 40
35 46 31 8
