50 571 19944 800
49 42 8 29
24 1 6 31
26 38 20 40
6 16 17 40
34 17 0 27
34 19 7 29
8 10 49 8
32 47 0 24
40 32 37 37
23 15 9 26
17 28 17 1
24 41 10 30
21 23 41 20
20 1 0 33
4 11 8 1
30 15 7 0
22 17 1 37
19 7 39 27
4 7 39 16
28 21 12 5
17 4 31 47
33 14 14 3
26 17 9 32
36 12 40 33
49 19 47 13
21 13 41 34
6 26 25 45
28 1 20 39
25 25 33 13
30 5 45 25
43 8 12 44
31 4 0 31
19 18 35 21
13 11 35 9
36 12 5 33
6 16 1 49
45 18 46 11
22 8 46 23
5 5 1 32
15 9 43 12
24 6 1 28
22 28 0 45
18 22 30 38
19 13 44 37
26 25 44 23
27 10 8 28
31 30 40 23
5 24 39 41
15 8 16 30
18 16 31 29
25 14 16 34
47 13 4 32
30 19 33 15
27 24 31 26
27 19 3 31
44 29 33 26
39 5 2 29
20 7 2 28
38 28 9 30
14 7 6 30
31 20 16 42
42 13 31 32
37 21 21 35
44 20 5 32
6 25 6 31
26 24 49 26
18 13 31 31
26 21 45 7
15 6 4 29
24 11 3 42
36 13 5 32
21 17 4 12
28 29 4 35
35 3 19 0
22 22 37 33
14 8 39 37
5 15 42 10
32 30 10 43
20 27 33 22
4 17 37 47
4 9 41 45
24 2 35 6
33 23 43 19
15 10 42 46
23 26 6 30
21 16 24 31
19 21 47 34
44 13 37 7
11 10 45 45
27 5 14 13
20 39 7 34
29 17 42 39
5 32 40 47
43 20 46 44
28 16 5 32
25 30 32 11
42 2 36 43
28 17 38 46
26 27 7 28
23 30 41 19
16 11 35 27
13 21 39 33
7 34 46 9
21 23 38 41
23 10 1 29
49 27 42 42
33 28 11 46
25 10 5 28
32 23 4 45
15 24 8 32
11 8 32 31
18 12 9 2
19 24 10 32
20 10 23 38
19 14 33 20
42 47 35 25
25 14 5 30
27 7 36 33
46 46 3 39
11 25 24 34
11 13 0 24
30 21 18 33
6 4 4 29
21 11 19 2
43 35 41 15
4 36 5 31
31 4 3 25
35 14 26 39
18 16 16 6
42 26 44 11
22 17 41 44
22 7 45 35
29 18 18 31
21 12 44 43
25 18 34 34
15 14 40 46
44 15 1 21
17 17 6 49
7 30 40 29
35 22 39 25
40 29 29 43
28 27 25 32
41 27 3 31
22 26 41 47
35 27 5 30
34 26 5 30
45 32 44 41
24 12 7 33
7 1 7 29
15 17 9 38
29 3 12 5
46 22 41 48
38 28 12 43
31 30 41 48
12 8 38 48
13 13 2 29
29 13 28 42
30 10 28 44
26 29 33 31
20 10 35 17
14 12 10 44
29 24 2 27
8 34 45 44
13 11 6 31
14 8 41 11
30 21 5 30
24 12 17 20
17 12 23 42
24 8 28 39
30 30 42 34
46 4 38 34
2 8 8 23
18 5 38 31
20 45 42 47
46 22 43 40
18 15 4 35
24 13 38 48
10 15 39 46
22 9 27 38
36 18 1 29
28 10 40 40
10 3 11 36
29 1 35 37
26 32 36 44
40 19 5 29
38 7 14 39
19 25 36 31
41 34 28 32
21 8 34 23
16 6 39 15
23 24 47 0
28 15 9 28
27 28 42 31
15 19 4 21
33 27 0 19
33 16 43 48
9 31 44 44
20 18 44 39
15 9 23 46
32 29 3 14
40 21 44 43
34 32 39 9
3 3 43 10
25 0 31 44
33 15 39 46
23 9 6 29
29 18 39 36
17 12 6 32
14 10 47 11
18 21 43 38
37 39 2 38
16 12 44 25
26 16 30 32
39 12 30 16
23 22 1 31
39 13 9 40
24 7 20 38
41 6 1 43
37 1 26 34
16 9 11 35
17 14 9 41
24 16 7 35
9 26 21 28
20 14 39 42
32 31 12 23
23 20 25 43
39 12 20 41
18 21 40 43
34 15 3 33
14 10 33 27
47 39 10 27
44 21 38 45
17 39 16 21
16 1 39 49
23 3 40 46
15 16 39 41
14 37 43 48
40 8 37 21
12 11 34 19
6 26 4 42
18 12 27 38
13 17 47 12
22 21 34 21
23 23 33 25
2 2 43 20
31 17 34 25
21 4 40 46
42 11 4 32
30 30 43 48
2 12 9 42
18 17 33 17
28 27 44 11
37 17 5 21
30 21 14 9
30 26 13 35
37 4 42 46
16 9 4 33
22 13 42 46
35 40 3 27
10 5 25 47
27 7 2 29
45 15 6 33
15 8 47 11
28 23 40 41
19 8 23 30
40 21 22 47
8 6 15 8
20 10 31 46
6 24 2 32
37 17 3 35
43 27 36 44
15 34 24 30
39 21 0 46
20 26 38 48
26 7 11 39
39 19 1 30
38 18 49 36
14 14 35 34
17 21 7 19
30 10 2 34
27 32 6 33
15 24 9 35
23 3 22 47
20 28 43 6
7 9 41 46
20 8 25 37
14 14 5 31
39 7 7 35
22 29 16 12
23 13 10 38
33 27 25 47
43 23 2 35
21 10 19 40
22 28 36 42
36 13 32 41
16 16 40 22
29 20 5 31
27 14 42 20
23 22 49 25
35 25 47 12
15 14 35 16
17 17 7 29
29 13 44 12
24 13 3 31
8 26 26 8
33 29 0 28
14 13 44 13
34 17 37 46
11 31 41 45
22 9 5 31
31 21 41 44
27 10 35 38
15 17 41 45
13 36 26 41
21 2 41 47
18 6 30 44
29 20 43 47
46 15 36 48
14 16 43 15
30 19 44 8
6 6 34 41
23 16 4 36
19 10 16 33
30 16 42 49
18 16 41 38
21 11 38 45
4 9 37 29
39 12 20 4
16 15 42 32
16 8 40 48
24 8 3 14
3 8 40 40
45 36 13 41
2 25 44 8
15 22 43 10
20 9 45 7
37 30 42 25
27 26 45 12
2 18 27 39
41 16 43 7
23 41 6 44
33 49 5 12
15 14 4 27
19 9 2 30
20 17 43 10
18 13 1 11
47 2 40 36
12 30 44 1
30 21 37 47
39 21 38 28
43 2 42 21
25 29 5 28
16 11 12 42
15 11 14 48
17 12 6 46
22 13 5 3
17 8 32 27
17 2 6 18
38 24 13 27
47 24 41 45
2 11 35 36
7 22 5 29
7 11 24 28
17 10 8 30
45 17 48 12
38 40 31 29
29 18 7 31
5 28 40 39
22 18 5 3
17 8 30 23
24 31 45 5
14 10 11 8
19 13 0 39
26 6 47 29
39 13 41 47
34 22 38 28
49 4 35 10
30 39 11 11
17 22 33 40
22 12 3 28
36 23 42 9
37 13 6 28
15 32 10 12
13 2 7 30
15 6 5 33
16 24 27 32
32 24 39 19
30 13 28 46
11 11 22 46
17 7 9 21
30 16 8 26
11 12 36 48
16 16 37 41
46 29 9 38
23 12 9 30
6 17 6 30
26 15 5 42
7 22 29 41
6 0 41 42
41 31 42 46
49 28 13 13
9 6 40 27
45 25 39 24
33 16 32 38
19 5 6 31
15 14 38 23
14 15 39 20
6 38 34 25
0 28 28 37
23 17 14 24
10 17 7 28
27 24 28 44
42 21 35 42
9 16 7 33
44 3 45 49
38 26 43 11
27 15 4 4
25 24 9 35
9 2 40 23
16 13 10 10
10 13 19 36
39 15 40 47
22 2 47 11
19 15 43 45
45 26 41 19
13 14 27 35
22 1 4 35
16 8 8 30
24 18 38 39
8 31 15 3
24 21 45 11
26 13 24 40
16 12 26 2
29 8 44 46
19 22 7 0
13 10 28 41
15 2 22 35
31 16 11 38
19 8 40 44
36 17 20 43
27 8 45 18
35 12 18 49
21 10 4 29
6 7 2 4
20 20 16 12
28 30 39 44
16 18 18 7
48 23 6 27
46 8 42 45
31 16 20 2
8 6 43 12
21 17 3 34
23 15 39 18
9 9 45 25
39 27 43 39
18 24 23 46
34 22 30 37
21 7 34 23
30 15 2 33
14 6 46 12
15 19 10 48
15 34 44 10
31 24 7 27
38 25 36 30
2 8 44 26
20 20 40 46
13 14 36 44
33 18 4 25
20 31 15 38
12 5 43 35
29 14 40 21
49 12 34 20
12 28 19 30
20 6 5 37
9 19 25 17
26 22 33 35
30 19 33 16
16 28 6 31
29 32 11 9
14 19 8 49
36 24 43 44
35 23 42 26
26 16 30 39
3 9 42 47
18 0 2 6
11 32 23 37
32 29 13 41
17 8 38 48
49 14 41 45
5 9 16 37
18 1 5 0
45 14 45 42
17 17 47 21
15 14 49 32
13 8 40 12
19 10 49 13
22 11 42 27
20 11 9 16
20 8 38 47
29 16 8 37
3 30 46 11
6 4 33 0
31 1 34 24
26 6 14 16
25 21 7 28
3 28 45 11
22 23 7 37
19 33 47 10
43 19 35 24
21 4 7 29
24 34 44 10
21 9 4 34
18 17 45 11
34 4 6 48
7 2 40 43
13 16 40 0
15 21 45 15
17 33 45 22
19 11 40 23
29 35 44 10
37 28 4 32
19 28 39 4
24 38 17 6
35 19 41 13
39 8 41 44
45 22 3 37
23 17 25 20
19 19 36 48
18 5 41 46
18 25 5 30
20 26 6 26
12 26 17 19
15 18 6 33
40 7 2 32
18 16 6 11
32 23 1 30
33 7 0 33
33 12 10 40
19 33 43 43
16 13 7 41
15 32 44 11
44 8 48 11
26 23 24 32
13 0 9 32
21 6 41 42
15 10 26 17
13 14 41 11
17 29 38 44
24 11 4 16
21 15 42 8
36 38 10 25
16 20 38 25
18 20 38 34
19 18 0 48
24 10 45 10
43 29 3 31
23 3 17 41
28 9 41 41
4 7 9 7
38 8 4 30
24 12 1 19
3 4 47 8
20 16 30 17
25 24 11 46
10 26 49 45
23 11 6 31
41 0 37 38
33 8 32 36
16 9 33 33
18 29 6 29
40 40 25 25
