50 77 18372 800
9 46 33 32
46 13 15 38
24 32 38 8
13 32 42 33
22 18 12 2
33 19 19 37
14 12 36 28
46 10 22 38
15 33 14 47
30 43 6 4
31 30 24 39
16 44 1 12
44 16 10 11
27 32 47 39
43 9 22 11
27 9 25 18
48 16 26 8
19 38 28 7
42 14 22 22
40 9 19 46
47 19 23 39
23 22 15 13
42 14 28 14
2 18 39 13
7 47 20 11
6 25 23 9
17 40 35 48
47 15 11 41
8 23 25 25
34 25 21 37
24 42 10 42
21 39 28 9
25 30 25 10
11 43 1 40
2 46 33 17
13 38 27 15
13 40 21 16
1 21 25 4
8 45 7 20
45 16 36 28
11 39 29 28
2 24 22 49
37 17 16 15
35 19 19 33
45 13 23 8
25 8 27 28
7 35 41 38
19 42 23 14
0 17 3 32
27 29 9 10
9 25 14 41
39 26 22 23
0 13 18 8
1 45 22 3
25 18 27 38
29 24 49 16
14 33 28 20
34 38 23 11
9 36 32 41
37 28 18 46
3 46 43 45
39 15 28 43
5 38 16 19
1 36 16 15
11 31 25 42
41 13 18 39
45 16 1 26
12 40 35 28
40 14 29 6
2 19 22 21
15 41 32 12
2 25 30 35
7 29 33 6
40 18 49 46
19 48 26 27
49 12 21 15
3 48 11 26
