50 262 13649 800
41 37 38 16
44 32 31 38
30 26 36 40
8 16 28 1
45 46 49 36
44 29 22 13
30 28 14 14
45 34 38 33
11 18 33 49
7 32 13 15
6 23 31 7
41 38 28 32
5 30 11 16
35 45 41 34
1 27 27 37
40 34 36 23
41 44 25 3
46 38 16 21
31 46 9 32
15 33 39 4
47 31 35 16
47 40 45 44
7 25 14 43
43 31 30 43
16 23 48 34
49 34 12 5
39 37 42 41
12 15 35 4
49 32 18 17
39 38 24 16
46 26 38 49
40 31 18 31
18 31 19 20
42 27 43 4
43 38 18 13
0 32 28 2
23 38 4 19
45 35 29 46
7 26 45 45
23 12 14 34
11 36 7 17
23 28 33 16
43 29 15 14
49 27 32 1
8 35 13 22
30 42 14 37
33 12 19 23
30 14 31 21
25 24 9 2
7 13 14 42
26 6 24 12
49 37 19 31
44 36 13 4
4 29 14 40
45 32 37 25
6 34 49 4
47 36 28 41
44 30 27 25
20 16 25 30
42 36 35 20
26 19 29 23
48 43 12 28
48 41 19 11
49 28 48 11
46 36 15 16
3 26 43 49
23 31 38 35
21 10 7 36
14 26 9 14
33 12 48 30
42 40 13 38
9 8 16 9
44 15 10 16
10 30 21 23
3 36 17 14
11 34 23 23
5 33 12 18
47 25 37 6
7 22 17 16
28 15 15 0
28 22 18 30
21 3 25 23
8 35 21 39
33 32 42 39
40 30 14 17
44 33 7 16
46 34 16 19
20 7 40 38
47 27 10 18
41 35 42 31
9 40 12 34
46 29 19 21
15 33 29 5
13 27 19 16
12 26 19 18
27 17 25 22
18 19 21 29
40 27 13 24
5 25 1 35
41 31 43 16
40 36 16 15
36 36 32 38
44 32 24 15
42 29 25 29
21 48 45 49
14 19 15 33
35 42 13 8
45 35 22 45
40 27 32 3
42 36 33 43
45 30 26 9
43 33 43 43
47 34 22 14
32 26 31 21
46 38 32 30
25 11 17 11
38 48 20 3
28 11 22 32
37 9 14 18
35 22 17 12
44 31 29 41
46 32 0 35
0 26 23 23
35 45 8 22
35 38 0 39
42 35 15 16
21 21 17 15
46 46 49 28
46 30 21 0
44 30 49 39
44 35 15 11
28 38 26 41
37 6 48 46
25 45 4 16
42 47 46 43
45 33 35 0
43 40 22 14
38 35 10 18
9 17 20 30
39 46 13 5
42 16 38 18
14 23 24 4
16 35 34 22
35 34 21 31
45 34 40 11
41 29 21 20
28 29 32 47
37 28 30 28
41 20 21 40
25 36 10 12
37 38 33 45
20 39 44 34
34 35 12 21
46 30 40 13
36 36 20 31
43 32 30 42
10 27 48 47
44 30 32 47
21 42 40 34
41 40 9 20
39 31 33 46
0 25 35 41
27 28 36 44
47 33 18 14
33 16 49 48
36 45 8 18
17 46 6 21
26 49 24 12
47 32 7 22
46 34 35 14
47 2 30 37
37 33 12 42
28 35 22 4
3 21 34 41
39 44 9 47
44 36 27 2
6 9 21 32
44 31 13 9
23 36 45 20
46 37 24 9
45 28 21 18
9 24 48 9
42 29 10 21
10 20 17 16
40 31 47 44
7 10 10 12
33 37 26 15
22 39 41 43
31 25 8 13
44 27 15 16
15 36 7 38
46 35 31 38
13 33 5 41
46 43 19 14
46 34 21 29
42 34 21 33
42 37 7 20
12 31 22 45
33 28 15 25
15 26 20 30
15 27 35 6
23 28 18 7
0 35 21 37
28 36 27 6
22 15 20 18
34 4 21 17
22 20 15 14
43 46 40 23
40 27 9 29
27 37 36 39
37 25 30 27
1 21 23 31
41 24 44 47
42 35 23 15
39 26 17 16
36 34 25 33
44 32 42 39
39 42 33 14
49 33 30 10
13 11 16 16
45 37 17 11
39 18 29 1
38 44 28 2
8 35 37 19
0 18 12 24
42 35 16 9
3 23 13 10
46 43 24 38
44 35 40 43
46 33 33 43
9 27 10 12
40 37 24 9
30 17 25 43
36 30 19 48
48 26 8 10
10 30 28 34
6 24 22 15
32 29 10 22
39 32 22 9
44 38 17 19
8 31 9 18
6 28 42 48
37 28 4 18
41 23 10 36
38 39 17 20
42 13 34 35
17 25 13 15
17 35 34 30
37 41 39 34
34 32 41 12
41 27 10 12
41 45 8 19
45 35 19 12
31 28 13 7
3 32 6 14
39 29 23 15
25 16 14 15
16 18 34 27
33 39 10 18
8 34 27 27
47 32 15 17
20 8 18 37
