50 429 15714 800
0 36 36 31
28 30 13 9
18 39 21 17
24 36 9 8
0 40 25 33
7 46 31 24
2 17 19 32
20 34 24 30
30 48 21 13
43 43 28 38
43 6 26 22
26 35 7 2
30 8 7 3
12 36 22 32
23 20 35 30
25 36 39 24
34 40 29 34
0 6 32 3
1 39 4 0
24 36 6 8
5 36 28 17
20 37 2 17
45 49 14 13
23 38 32 22
43 45 19 26
14 26 31 31
30 35 24 30
4 29 25 43
13 47 7 4
36 32 44 20
48 25 25 37
46 46 8 13
42 29 27 29
20 43 22 35
25 35 9 6
47 44 26 24
25 37 17 15
4 32 29 0
30 38 12 19
14 17 31 35
24 33 3 20
44 46 17 33
18 8 23 11
30 6 32 22
15 43 33 1
25 41 12 0
41 45 7 25
18 35 22 21
42 44 38 37
30 40 23 0
23 27 33 23
20 31 41 26
11 26 9 5
19 32 31 26
28 29 6 10
22 34 20 25
23 36 15 14
5 30 35 3
19 17 1 4
40 42 39 19
27 36 8 7
46 44 30 16
5 46 15 40
21 30 41 46
2 28 30 39
22 39 23 27
27 41 10 26
47 49 24 36
39 44 34 9
5 33 5 7
6 31 29 28
27 17 33 24
28 34 3 2
25 38 38 43
5 48 38 20
30 33 25 33
13 26 40 11
22 1 49 28
27 34 29 8
25 40 9 38
15 41 20 11
40 45 40 36
38 9 33 27
6 12 36 35
45 41 15 31
44 42 1 20
4 27 9 22
35 10 48 22
33 47 28 25
26 25 26 31
43 21 8 20
3 32 45 42
4 33 17 10
49 43 11 10
14 26 30 5
35 7 28 25
23 36 4 18
7 31 37 29
19 43 29 40
6 26 23 0
25 20 42 30
49 45 6 4
25 31 8 1
36 34 0 16
2 32 24 35
48 16 31 44
22 27 29 36
49 31 26 0
10 35 12 20
46 16 10 30
49 46 31 24
23 37 4 30
34 42 16 13
32 32 5 1
35 21 21 12
25 37 9 25
25 38 2 15
15 11 5 4
39 44 33 40
30 43 26 28
20 38 45 35
27 36 5 8
0 33 8 4
48 46 32 12
39 43 28 26
19 37 8 16
4 28 7 25
33 36 20 22
4 23 25 35
8 31 17 20
22 38 7 20
41 44 30 29
31 25 23 26
20 49 10 4
22 35 6 21
10 43 2 2
35 40 41 46
47 35 9 11
9 32 10 13
36 19 8 1
30 9 28 2
38 45 3 4
22 15 5 4
25 33 19 30
25 39 45 8
32 32 2 12
15 38 26 7
30 2 21 37
23 26 8 6
13 32 24 30
29 3 28 15
46 31 15 19
2 34 23 27
4 29 30 22
46 12 23 1
10 34 29 22
11 29 23 32
26 15 10 1
2 32 10 29
6 36 30 20
43 46 6 4
35 6 32 15
41 31 29 35
23 13 30 36
16 28 33 41
44 43 8 8
26 38 35 32
6 29 17 26
19 38 26 37
41 46 30 24
19 25 25 23
7 15 32 36
26 30 1 24
23 35 29 34
26 4 12 12
35 48 27 42
43 49 24 19
4 33 7 24
4 31 15 31
8 31 24 27
43 49 20 31
5 35 30 26
28 11 1 6
14 38 41 14
42 25 7 9
30 6 29 41
7 49 31 42
39 0 16 24
43 37 11 1
17 17 44 41
30 38 9 39
19 11 26 16
11 46 4 27
45 21 29 28
34 3 25 16
23 32 35 29
25 20 5 24
28 13 28 18
24 39 11 4
2 40 29 9
45 44 20 32
28 34 7 5
35 9 4 5
39 42 30 32
42 32 37 37
39 24 24 48
27 18 18 27
24 21 28 24
24 36 47 48
22 23 44 30
37 23 24 35
31 30 26 21
17 28 30 20
1 16 33 18
17 32 7 11
2 35 15 29
41 40 7 11
45 49 49 10
26 30 35 31
18 10 6 19
0 35 30 26
44 47 6 40
20 8 26 26
42 45 43 25
36 49 14 18
3 31 24 9
8 29 26 32
25 17 19 47
25 31 0 4
49 26 16 26
36 48 18 43
41 27 9 3
28 34 17 12
38 5 14 6
10 43 3 40
30 32 31 39
45 47 31 6
18 1 8 19
37 30 20 15
17 40 29 24
2 39 29 25
41 24 23 31
14 44 8 23
0 29 6 4
16 28 30 23
6 28 27 41
38 24 19 26
22 45 16 12
45 46 15 44
20 37 21 46
26 36 9 4
6 44 26 24
40 33 7 2
40 42 36 19
39 45 20 2
44 44 31 31
44 45 19 29
26 39 36 24
39 34 8 8
4 7 13 5
41 34 26 29
2 40 24 28
42 21 8 23
9 34 27 8
25 11 26 31
40 47 28 34
17 47 35 12
0 4 0 15
0 47 36 36
28 47 26 28
32 18 35 30
1 33 29 34
29 43 16 39
41 42 33 11
15 10 3 12
38 11 33 28
21 31 2 26
16 16 40 24
19 34 4 3
46 36 11 8
14 27 46 12
8 22 34 40
2 38 6 4
15 21 16 42
8 40 27 27
25 35 31 17
31 26 15 31
5 36 8 32
40 45 4 11
29 22 16 34
36 43 5 7
26 37 3 27
24 15 34 32
29 22 6 7
33 24 20 31
43 38 27 26
38 19 35 31
49 24 19 11
13 9 42 22
5 24 25 36
43 47 22 15
23 34 41 30
31 10 21 29
43 42 31 33
9 43 25 41
41 46 12 12
3 34 31 24
24 44 22 30
5 29 20 0
25 17 34 31
19 4 25 18
41 44 17 14
23 35 26 20
31 13 34 16
43 29 11 8
34 9 20 30
43 49 4 22
19 8 25 47
21 45 34 18
7 27 27 25
23 33 35 29
27 43 32 0
25 34 20 30
5 43 34 30
45 45 32 21
24 35 3 16
22 15 36 48
32 6 4 5
20 25 4 8
19 19 28 28
0 28 6 27
44 45 22 15
41 36 24 20
12 20 21 24
38 32 24 25
20 46 33 31
46 42 48 7
41 46 10 0
34 37 24 37
30 22 24 22
39 34 28 16
45 27 23 25
45 45 10 2
36 28 31 21
48 46 36 8
0 30 15 12
23 36 10 13
13 39 12 12
16 38 28 10
7 31 19 18
1 33 15 27
20 32 7 2
26 34 10 17
42 46 23 17
43 19 3 14
44 44 39 19
32 24 10 23
12 29 5 3
47 27 23 1
6 27 17 27
47 45 20 19
43 48 14 33
45 44 28 30
44 45 31 40
21 49 30 20
5 35 22 23
6 29 26 31
38 48 39 31
41 43 29 36
4 19 6 6
17 14 21 29
1 36 40 34
45 27 12 6
24 39 20 33
13 3 30 19
18 21 28 32
24 37 0 30
46 43 8 17
26 39 7 2
15 28 20 38
22 40 26 8
26 34 20 33
44 49 42 34
3 12 1 6
18 48 4 6
2 36 9 26
4 33 4 4
46 25 23 15
3 33 38 47
15 45 9 1
5 28 32 44
14 17 5 5
3 41 18 29
15 38 5 6
45 41 30 12
28 41 39 19
27 48 34 15
42 46 7 6
41 23 8 22
6 36 30 15
5 33 12 35
35 7 31 3
44 35 31 13
44 26 8 32
35 41 10 31
13 6 30 25
42 47 32 34
11 26 19 16
23 33 25 29
32 49 21 0
27 34 1 12
26 37 24 20
10 29 38 39
44 1 29 27
29 18 9 7
43 48 32 8
34 14 9 6
27 18 4 7
25 32 38 21
41 23 8 45
1 39 3 4
36 46 3 13
1 40 31 20
23 2 7 5
8 25 25 24
5 17 24 26
15 43 24 34
28 6 28 19
46 46 22 28
