50 78 15159 800
36 22 2 40
46 13 14 28
33 20 19 42
3 44 36 47
12 14 15 49
38 21 25 30
8 39 36 46
37 22 22 24
4 48 32 28
8 46 22 20
32 25 38 25
11 17 36 46
22 9 12 32
47 17 2 14
9 13 20 0
32 4 47 47
36 21 25 22
7 32 21 1
13 15 23 30
22 32 27 20
8 30 18 26
37 21 40 47
40 13 28 15
4 37 37 44
36 20 35 49
28 14 20 1
38 18 23 8
15 18 18 13
14 37 21 7
9 14 20 2
36 25 42 46
32 20 10 22
4 47 18 29
37 24 17 26
7 28 35 24
27 38 33 40
5 39 18 10
23 28 33 28
26 7 33 36
39 13 20 1
10 34 40 42
36 24 39 37
37 3 24 38
1 44 16 38
7 43 37 25
36 18 31 31
46 3 5 44
10 33 22 2
0 47 29 41
30 5 30 49
0 43 11 25
0 32 19 4
33 7 21 20
36 21 18 37
8 31 7 45
1 38 28 34
36 26 38 32
7 28 25 32
28 11 16 26
11 41 15 18
28 8 37 23
38 26 18 34
0 46 14 29
10 34 15 40
26 42 3 39
35 27 24 33
11 47 39 45
34 22 5 10
27 2 38 40
15 25 23 36
25 9 11 43
0 32 33 43
5 40 37 48
35 18 21 6
21 31 18 18
32 25 23 1
29 7 26 25
15 24 0 28
