50 949 11332 800
36 5 41 17
36 11 10 40
15 29 44 2
12 29 16 6
37 12 25 20
31 24 0 22
40 11 46 5
22 10 44 12
37 40 13 15
12 30 42 8
38 7 31 27
32 31 45 24
14 32 20 26
47 43 36 41
9 22 3 47
37 7 35 11
6 27 22 12
13 28 48 40
39 13 31 19
17 34 49 16
22 8 16 27
22 9 12 36
35 23 28 26
37 21 19 27
34 3 34 27
12 36 16 31
24 39 27 26
22 20 15 22
31 14 11 33
23 43 16 12
36 13 45 3
6 4 42 0
35 13 33 22
41 40 13 44
17 25 7 22
21 29 45 23
23 4 12 29
27 49 46 2
34 7 7 46
26 16 43 7
10 3 13 20
30 14 49 6
38 26 23 27
13 24 41 11
30 26 11 38
43 6 18 28
24 2 19 44
25 22 5 28
15 11 1 43
17 24 31 16
25 0 38 5
26 38 17 28
36 46 12 30
18 13 41 19
24 39 38 4
24 19 9 22
33 33 45 32
37 14 0 32
45 12 20 39
40 45 17 33
35 8 13 13
16 26 43 47
45 46 15 41
21 7 24 27
20 15 39 30
40 5 13 9
23 24 34 24
48 38 43 10
6 20 10 15
26 1 8 22
17 26 42 1
13 15 45 12
25 19 9 18
25 5 16 12
27 23 11 29
20 23 11 19
19 34 40 40
12 27 36 40
28 40 42 11
22 23 44 49
35 32 30 46
31 12 33 6
13 8 8 7
14 9 10 43
17 7 6 44
14 28 32 4
29 14 10 17
36 27 3 30
39 34 49 12
41 18 45 11
23 47 14 24
15 25 40 13
21 28 41 15
45 47 30 39
44 14 34 6
23 21 32 34
11 12 13 24
24 23 19 28
30 38 45 25
32 11 12 29
14 30 5 26
16 28 5 38
31 8 35 46
46 16 20 33
45 25 35 18
5 2 9 24
21 1 47 1
41 4 3 40
22 31 21 22
11 26 46 0
17 31 40 12
24 9 22 19
18 26 1 35
28 42 46 36
13 28 28 10
19 25 23 12
40 10 9 25
13 31 12 20
14 24 11 33
32 12 12 36
38 5 0 48
11 23 7 34
14 30 38 18
36 10 11 30
27 34 45 14
33 12 29 41
8 2 25 46
34 49 40 3
27 19 6 48
38 47 15 45
23 20 41 4
12 27 19 28
27 9 7 42
37 8 21 15
19 4 47 9
32 11 17 23
42 12 38 29
16 35 37 26
36 19 35 23
5 22 8 15
37 41 3 32
16 30 21 23
30 32 1 42
45 16 44 11
14 32 48 48
4 5 14 20
7 1 15 23
37 5 21 47
43 15 20 36
39 23 34 0
32 25 17 26
41 15 32 18
18 9 30 24
37 9 18 29
39 13 41 5
16 27 11 40
35 45 20 37
31 2 8 10
19 21 45 4
20 16 31 20
1 29 32 24
39 7 36 10
27 7 42 8
48 44 43 5
43 9 42 3
15 9 39 5
39 8 16 28
13 26 41 2
11 27 25 6
18 1 7 48
37 8 13 28
38 12 26 20
37 8 5 31
37 11 44 1
46 22 48 49
18 15 47 12
34 13 7 41
38 8 29 21
12 25 16 35
3 15 9 14
37 10 43 1
19 22 44 1
31 5 6 33
22 6 10 16
35 11 48 9
32 34 6 36
21 21 42 42
13 32 6 40
18 22 21 15
15 26 29 17
41 8 10 24
14 31 38 17
13 26 45 12
37 12 38 43
6 0 15 25
37 11 43 3
18 47 32 7
34 28 41 26
15 25 9 15
19 30 14 19
18 27 19 31
34 48 40 13
18 1 47 8
34 10 21 32
21 31 24 16
14 14 47 30
39 6 20 25
34 14 33 40
35 18 6 39
30 26 36 23
21 26 46 2
38 12 43 47
15 30 44 1
20 18 47 14
26 10 26 43
32 13 19 42
20 34 26 14
35 9 9 12
3 3 8 25
7 21 14 37
19 29 5 32
40 44 17 27
35 0 17 37
38 29 45 3
25 20 47 18
22 3 48 8
39 11 14 8
24 24 15 35
14 26 10 11
25 20 19 27
39 28 4 40
36 9 14 22
14 25 45 2
33 9 44 12
31 14 13 25
15 13 11 29
14 41 15 27
35 18 37 42
21 6 9 43
27 24 17 37
13 26 41 49
38 13 18 20
17 17 8 20
20 15 6 36
18 20 32 39
28 29 2 43
48 30 44 2
30 19 12 31
34 11 5 45
35 18 41 0
35 6 10 19
38 8 32 37
33 8 8 9
39 10 12 28
37 37 43 22
22 49 42 12
18 23 5 26
39 39 2 34
38 4 10 25
24 19 15 34
34 7 9 24
49 2 42 30
5 3 12 17
20 19 18 33
41 48 17 22
9 21 16 27
17 45 46 3
33 8 14 17
15 6 26 16
0 1 8 32
18 32 15 15
38 8 26 26
19 0 17 20
43 23 2 45
32 13 26 41
31 13 0 6
37 12 2 36
17 11 16 30
32 23 21 33
21 33 32 2
10 4 10 23
38 10 40 7
42 12 4 29
21 28 11 34
32 3 34 28
36 21 23 28
30 38 4 36
11 29 16 26
13 29 30 37
47 30 18 28
45 48 4 46
32 38 24 47
34 30 8 20
37 8 16 35
13 0 15 22
40 15 41 9
43 13 37 2
22 16 4 36
23 47 38 15
19 30 44 6
27 35 28 22
18 24 15 29
6 8 22 26
40 7 10 34
40 17 7 13
44 47 26 37
38 6 17 34
12 26 11 30
20 37 26 12
32 10 14 26
20 29 14 10
17 25 40 34
24 4 13 20
30 0 42 18
20 6 10 22
34 14 5 41
17 31 34 7
29 23 20 22
13 12 19 28
20 4 11 48
6 4 19 11
17 24 25 39
17 24 42 0
34 26 21 47
29 9 9 29
12 8 26 32
38 10 23 29
42 9 29 6
7 24 45 31
34 12 39 6
41 12 39 7
43 42 32 20
36 12 43 42
15 32 40 21
21 4 8 37
33 32 41 14
10 0 12 30
39 12 22 10
14 18 1 38
11 13 8 46
36 7 2 40
12 16 10 47
18 32 15 20
15 23 31 6
32 9 20 38
19 14 8 23
31 42 10 35
36 11 22 31
47 22 20 28
37 11 31 24
14 8 19 44
25 46 38 43
38 13 8 41
23 28 47 7
25 0 46 18
27 16 7 24
14 10 10 44
42 26 34 49
19 34 22 30
25 6 17 34
46 22 31 40
3 21 18 17
11 25 7 18
27 15 49 1
4 37 3 33
30 10 30 44
37 10 0 43
41 48 28 35
28 21 20 17
30 22 21 27
42 23 41 9
35 13 12 9
43 11 11 45
9 21 2 46
48 37 44 7
28 9 45 49
36 28 46 8
13 3 41 13
35 9 15 29
41 24 16 32
14 15 41 9
37 6 34 13
15 10 29 11
13 11 15 47
16 26 42 12
47 23 19 37
34 14 39 11
35 9 22 44
47 20 34 1
16 26 45 2
46 22 44 3
19 33 45 9
12 27 34 48
37 9 18 29
34 36 1 35
47 26 14 21
33 5 7 42
37 15 43 17
16 23 47 7
43 27 41 2
27 44 47 13
37 27 45 2
31 35 18 14
35 21 27 19
31 18 42 7
13 33 32 43
23 16 40 35
13 4 37 6
33 9 17 31
39 10 28 8
38 18 22 40
45 25 9 27
9 24 12 31
14 24 44 1
23 32 7 19
21 30 44 36
36 35 3 49
40 14 12 14
40 7 35 26
27 7 38 15
39 20 19 29
4 15 6 23
23 1 32 40
37 9 16 34
25 24 14 13
48 18 38 21
11 27 25 17
42 7 11 15
18 26 47 22
32 25 8 29
39 30 47 38
25 38 14 14
26 47 33 35
49 47 47 0
18 22 11 15
40 16 13 45
10 11 5 47
18 29 13 27
47 15 18 33
39 7 15 23
45 19 48 1
38 15 10 18
37 30 18 39
37 8 33 5
15 27 14 16
10 32 13 23
22 8 40 4
34 16 48 1
37 39 15 27
38 17 40 0
24 31 42 12
33 3 34 13
22 40 47 10
44 35 14 33
25 29 47 11
39 15 9 31
36 34 21 31
12 15 33 20
31 28 7 21
13 9 31 10
32 24 17 30
16 26 13 43
8 12 19 37
41 9 17 34
35 12 21 39
38 10 18 25
33 33 29 24
2 15 16 11
18 26 30 39
31 16 21 33
13 35 25 15
10 25 2 42
41 8 21 21
16 10 10 39
38 1 49 13
26 33 44 3
38 14 2 37
25 11 43 17
18 25 16 30
41 11 40 21
19 6 32 46
34 20 17 20
31 35 38 4
39 12 10 20
24 12 18 39
24 6 10 29
48 40 26 21
19 28 13 29
12 21 8 27
17 29 27 27
16 26 36 18
32 1 18 31
30 2 23 24
13 32 35 28
37 21 19 38
34 12 38 6
34 7 43 8
35 8 25 47
34 10 15 29
36 11 10 25
44 49 5 40
38 8 2 23
20 20 13 30
38 29 16 17
20 32 3 41
19 4 42 17
38 12 19 34
29 22 40 6
23 34 11 27
17 22 13 14
36 15 35 11
30 2 32 5
29 21 41 6
24 28 11 32
22 10 26 24
15 30 37 5
14 31 10 29
6 29 37 48
0 17 2 38
38 15 44 12
38 37 38 22
18 1 44 2
20 22 11 38
23 17 33 0
35 14 5 46
22 7 9 23
33 11 49 8
40 37 6 43
18 33 22 29
20 23 1 42
25 2 17 31
27 45 43 5
34 47 36 28
34 20 45 15
43 49 44 34
47 41 26 13
28 30 45 9
23 9 18 35
37 32 29 17
45 30 11 19
39 11 30 27
17 31 14 26
13 0 28 27
16 39 38 9
38 9 26 20
10 29 38 27
30 44 14 33
0 8 19 39
13 49 43 3
35 14 15 12
5 10 1 30
45 18 45 5
34 10 14 25
38 10 43 2
17 25 13 28
39 34 14 43
3 0 15 32
17 39 11 26
25 16 39 8
37 13 19 32
16 22 48 40
36 11 25 20
10 11 35 2
20 12 15 40
12 48 3 35
26 13 16 26
26 30 24 45
2 10 46 46
26 12 34 39
12 28 17 26
37 13 40 2
27 37 2 47
35 34 3 40
38 12 23 40
41 41 7 43
32 6 20 33
3 5 19 13
39 12 47 8
17 5 43 37
29 15 11 35
38 9 9 15
46 28 21 15
41 28 37 19
17 33 38 15
44 42 49 0
32 28 7 46
23 45 0 42
26 7 39 44
23 33 48 3
38 7 45 6
20 41 8 44
30 12 34 14
28 28 16 23
23 20 42 1
37 13 36 48
25 33 46 12
15 25 13 20
38 10 18 34
38 47 13 28
23 15 36 15
11 3 47 1
33 24 15 27
42 31 30 16
42 0 2 34
23 39 2 18
27 26 42 6
23 26 17 49
9 6 10 14
28 32 48 8
29 14 20 20
16 28 27 18
13 20 9 35
16 34 45 42
15 15 47 43
1 15 7 6
39 10 44 14
39 13 41 7
40 36 8 40
23 28 2 40
37 36 23 21
36 16 6 38
41 45 25 24
2 23 33 12
29 10 9 47
42 8 41 16
15 6 37 2
23 17 41 2
35 7 17 27
18 21 18 31
19 33 7 23
36 28 46 38
35 11 26 31
38 11 23 17
27 12 11 41
42 25 31 15
36 5 3 28
13 27 37 13
40 32 13 26
26 26 16 26
26 35 42 10
28 20 45 10
13 32 9 10
17 4 23 16
37 10 8 16
9 3 15 31
37 29 33 28
28 12 20 24
26 9 5 27
17 28 13 29
36 11 0 48
41 10 19 14
34 42 33 19
39 14 36 2
37 9 20 25
35 8 20 28
19 26 10 6
14 9 14 28
21 32 10 6
16 25 46 11
25 11 10 36
19 39 45 8
34 49 22 30
38 9 14 23
29 26 5 10
39 25 13 19
20 36 16 16
42 11 9 26
33 46 10 19
37 16 18 32
20 13 43 9
28 19 23 13
34 11 15 25
16 11 17 25
20 26 40 13
40 1 31 8
26 25 21 25
31 9 6 39
33 48 12 11
19 20 36 29
48 22 0 28
40 25 7 34
18 29 9 19
45 19 18 27
29 27 13 37
18 0 11 11
36 39 45 30
35 11 33 23
16 19 20 25
39 12 39 37
35 31 14 13
32 47 3 14
43 49 16 40
21 24 6 34
19 0 19 25
38 11 46 48
26 27 10 17
34 22 45 8
22 13 28 14
38 30 43 2
44 47 46 10
34 14 21 30
35 12 10 23
41 15 40 48
16 26 26 15
7 13 5 40
33 12 6 47
19 28 3 40
24 40 7 45
11 25 33 17
36 6 45 12
21 18 14 33
47 30 45 5
15 21 40 14
18 6 27 27
19 25 6 44
14 32 24 30
36 29 27 18
32 13 18 25
24 20 39 2
36 33 48 9
29 32 10 43
22 25 31 18
39 31 15 14
14 32 12 36
11 23 20 28
38 34 20 37
33 18 20 25
17 27 13 19
10 27 0 45
39 20 26 34
37 42 7 18
48 41 25 36
39 1 38 5
13 18 13 28
25 25 15 33
8 31 5 29
31 11 6 30
16 25 14 36
38 46 8 28
44 40 47 4
33 34 14 25
8 20 45 9
40 30 19 14
40 26 23 18
37 39 32 41
16 25 15 29
30 29 39 30
16 33 48 7
14 36 37 28
13 3 11 49
35 28 5 29
15 27 17 24
7 9 42 48
27 25 44 5
38 11 14 30
15 30 22 26
16 30 27 17
23 39 1 35
38 49 37 14
19 21 12 17
11 26 45 11
33 30 20 25
6 6 41 10
37 13 45 6
21 9 35 15
14 25 47 11
38 14 36 4
17 32 19 26
18 29 31 16
40 4 4 45
12 30 16 32
38 10 6 34
17 28 10 18
32 17 32 9
34 33 10 23
6 8 20 7
15 29 34 13
26 18 2 40
27 8 7 28
10 27 45 47
9 2 42 10
25 2 39 11
24 42 24 20
33 17 39 5
38 48 40 5
41 30 48 3
8 9 43 20
38 14 28 22
13 7 8 26
21 24 16 8
17 27 11 21
30 20 46 1
37 10 46 12
17 30 36 0
32 8 12 18
20 47 24 49
23 16 27 25
36 14 39 2
29 13 14 20
26 11 19 23
32 9 20 35
45 25 46 2
23 30 8 41
36 44 14 22
13 16 13 25
9 23 42 11
38 10 17 28
20 35 26 16
33 7 38 4
46 32 31 21
37 9 1 37
6 10 1 47
19 47 3 21
17 25 17 15
30 43 27 20
35 22 13 35
19 7 17 28
37 11 45 17
34 34 5 42
28 27 37 14
26 21 45 1
42 31 41 35
28 11 15 27
35 13 14 29
33 45 48 9
31 39 21 30
11 9 26 2
22 23 9 13
31 14 43 41
11 35 36 17
22 20 41 3
41 24 24 17
36 9 30 48
41 12 19 47
38 13 15 28
33 9 20 28
35 31 42 16
37 14 45 6
39 5 38 18
35 21 20 30
36 22 9 47
37 11 14 29
42 25 15 44
27 13 43 5
12 28 8 35
35 15 2 31
40 24 25 28
35 23 40 6
15 33 28 19
43 11 43 18
44 44 31 9
28 23 41 11
16 31 22 22
36 47 43 9
36 9 13 23
17 30 16 34
31 18 34 24
20 31 26 45
7 25 43 25
48 20 3 41
39 12 23 27
42 39 41 23
33 26 14 18
16 31 47 1
44 49 32 20
41 9 44 16
36 8 9 23
48 41 32 19
39 42 43 14
39 12 34 12
23 23 15 26
16 33 48 5
11 30 10 24
33 16 38 9
44 33 29 23
34 21 45 18
18 48 9 20
19 23 4 48
32 19 27 0
35 6 13 26
21 7 18 17
43 23 38 7
40 24 32 19
44 18 40 31
42 39 17 32
37 24 40 5
37 26 17 9
19 32 28 21
38 8 31 5
31 8 19 45
34 18 15 31
20 27 43 12
33 8 14 27
19 33 42 7
29 8 16 26
36 11 34 24
17 25 41 8
14 29 10 11
38 10 31 21
24 25 0 37
18 24 47 5
42 6 7 29
40 14 6 48
38 31 15 42
37 8 49 3
4 0 6 42
14 36 40 2
29 20 12 32
30 16 46 0
20 41 10 24
17 29 20 43
29 17 47 11
26 13 48 8
12 10 16 17
48 4 6 41
23 1 15 26
16 18 33 13
24 46 11 36
26 10 33 22
44 38 43 15
15 28 0 36
36 28 40 6
24 24 7 18
41 1 17 29
19 26 13 22
33 12 20 24
19 26 33 21
4 3 44 6
30 22 4 36
35 29 16 39
13 41 14 16
10 31 2 26
29 4 36 11
21 34 4 40
40 10 42 18
31 1 48 24
32 24 5 21
29 25 28 19
35 1 40 46
36 4 46 7
37 4 14 30
36 5 42 2
24 5 25 49
47 15 44 2
41 7 24 26
27 31 43 3
16 34 11 28
18 26 15 31
37 14 39 7
