50 88 17210 800
25 30 47 3
28 34 25 32
12 19 28 25
25 29 28 23
21 0 37 40
9 6 32 35
37 38 26 24
13 48 27 29
18 3 24 31
30 36 32 20
3 11 29 26
42 32 32 29
13 30 27 21
11 28 22 49
11 12 35 29
1 15 23 43
16 14 29 28
21 37 22 49
31 36 11 37
20 39 46 4
22 26 37 41
12 13 11 43
2 21 31 33
2 19 39 25
34 10 42 26
5 31 28 25
10 43 35 26
13 25 32 34
6 8 48 8
7 26 8 40
35 40 44 33
32 39 22 22
43 47 44 28
27 38 8 38
13 22 24 30
38 47 18 48
11 40 46 18
28 16 21 44
29 33 27 49
33 12 33 33
32 36 36 33
32 47 40 33
10 28 38 35
32 42 22 24
9 27 40 34
36 41 27 26
28 29 22 35
39 47 35 44
8 9 12 36
1 20 35 42
9 10 22 20
21 5 27 27
22 3 37 26
14 21 8 36
6 32 9 37
21 18 23 32
6 27 34 46
16 39 46 4
5 24 15 44
10 38 30 22
40 44 49 26
42 35 31 31
21 31 26 20
10 37 48 20
3 20 28 15
23 37 37 47
31 2 11 38
26 27 49 49
25 26 28 30
33 8 30 29
7 26 32 30
14 27 25 29
47 42 8 43
43 44 17 40
14 9 11 44
11 31 40 6
36 43 34 24
9 31 3 47
12 35 26 29
17 23 14 40
19 35 26 28
26 39 33 23
5 20 29 26
10 27 29 23
13 15 41 31
36 18 13 46
21 1 9 36
20 2 9 35
