50 224 19319 800
16 29 31 23
22 34 9 9
35 37 10 21
38 45 20 29
12 28 46 28
42 41 29 30
5 35 40 38
23 34 27 26
39 45 32 27
38 38 10 24
35 43 26 41
24 30 16 16
9 40 49 45
5 31 0 13
29 34 37 43
21 40 15 19
26 47 31 45
41 39 28 36
38 39 11 15
26 34 33 1
4 48 37 41
36 40 12 13
42 39 21 38
2 29 49 16
20 7 34 26
48 39 40 34
27 31 23 23
34 27 11 14
41 44 48 38
26 33 35 27
38 39 27 35
38 44 47 35
36 27 36 7
29 28 12 21
32 14 25 47
8 12 19 34
15 20 48 45
20 37 36 28
27 32 45 45
16 39 4 25
36 46 22 26
40 41 7 11
34 40 18 14
33 38 24 37
1 39 29 17
15 44 33 24
4 24 4 34
38 38 11 16
27 27 2 19
37 37 3 19
38 39 10 16
4 34 12 18
9 19 6 13
36 21 27 31
32 46 42 28
3 44 20 2
1 39 31 40
21 24 42 11
16 43 45 43
28 28 7 18
47 29 22 27
41 38 41 43
18 41 29 36
24 34 11 16
9 48 34 43
22 43 23 28
36 43 22 24
26 37 36 4
24 36 30 49
40 41 29 19
24 44 45 43
31 33 19 35
26 38 21 14
28 23 16 16
8 43 28 39
29 43 1 23
45 30 16 15
16 18 23 33
34 37 16 15
40 41 11 21
3 44 26 6
35 42 27 45
30 41 10 29
3 47 22 28
3 48 15 8
22 26 14 23
40 39 11 19
30 41 24 22
3 30 34 40
26 25 43 17
26 41 20 34
10 37 13 16
41 45 41 24
37 37 49 49
24 37 37 12
7 42 36 49
36 36 12 30
15 18 29 23
41 35 31 23
38 21 28 26
20 45 45 40
17 31 19 21
4 39 47 42
35 37 47 45
28 31 11 19
27 35 38 42
29 31 27 7
40 44 12 32
3 49 18 12
38 38 11 8
22 27 17 44
33 40 24 32
35 33 19 26
9 34 22 29
38 41 27 18
42 40 21 30
40 42 19 25
40 40 35 10
43 25 33 21
20 38 29 42
31 45 27 23
38 29 14 13
27 12 15 18
29 38 35 45
39 45 45 38
32 35 39 16
32 43 40 23
23 43 8 3
23 48 33 19
40 39 6 27
41 24 25 30
37 40 45 20
42 29 17 27
19 48 27 33
38 38 30 42
43 48 45 12
29 48 26 25
7 23 12 15
37 33 44 29
3 39 32 8
38 14 30 8
20 28 26 30
39 43 6 30
24 40 37 36
31 44 37 36
41 46 33 35
21 37 38 2
33 33 19 15
42 46 33 22
21 25 36 32
37 35 23 30
3 6 35 26
22 36 46 33
38 44 34 42
10 40 16 18
39 47 24 25
15 32 20 40
38 12 25 15
6 47 45 40
26 38 45 45
33 31 4 13
22 33 17 24
45 43 7 3
38 45 19 28
24 33 35 2
34 41 23 29
34 39 24 10
3 21 14 20
34 42 2 18
32 43 31 25
35 38 38 33
27 34 14 25
1 27 27 21
10 21 32 15
24 27 14 13
2 45 20 17
38 37 14 15
28 37 45 27
26 43 18 36
37 39 27 3
32 36 5 25
34 40 31 44
28 36 9 21
9 29 42 39
22 40 13 13
34 37 34 25
31 28 20 14
26 42 11 14
32 37 36 24
26 31 39 21
15 43 13 15
4 5 33 15
13 37 15 15
31 37 16 26
19 30 32 29
35 36 18 18
9 28 3 3
20 44 11 18
28 38 33 4
30 37 22 30
39 46 12 16
28 33 4 12
6 41 3 21
38 49 15 21
38 39 29 41
30 37 13 17
40 45 24 24
29 41 44 20
23 34 22 25
36 41 37 23
26 39 30 27
39 37 32 4
8 12 26 44
39 34 30 40
17 44 14 28
30 29 24 35
20 30 7 14
28 45 45 30
1 30 6 6
31 25 28 21
31 33 25 27
17 41 22 22
34 44 14 15
32 33 36 42
