50 414 13951 800
12 8 10 30
33 28 2 37
30 20 15 18
10 33 26 32
10 4 10 44
23 24 4 32
22 33 33 48
11 21 49 14
27 21 24 37
23 19 5 23
28 29 30 37
47 17 32 33
27 28 4 32
28 29 4 14
5 19 0 17
37 18 16 29
41 35 34 45
20 25 22 46
33 27 29 33
10 14 16 39
12 20 21 1
8 6 7 41
10 12 5 43
5 20 35 31
11 19 28 31
5 14 2 32
31 24 18 7
21 20 23 33
45 24 39 16
30 22 7 33
26 22 34 33
43 32 9 26
15 28 31 32
18 13 8 7
18 5 9 46
29 25 31 35
36 36 32 27
20 4 13 30
39 25 3 38
8 18 28 24
34 33 27 48
44 43 23 39
2 18 34 35
20 26 8 28
4 10 35 37
22 9 12 47
26 21 29 41
17 17 29 40
30 25 30 8
15 22 13 28
20 4 26 12
24 23 10 4
1 16 32 35
23 25 28 44
13 34 21 44
3 20 0 36
40 31 16 44
28 20 42 48
38 29 26 46
13 10 18 44
7 15 32 42
6 17 15 32
15 21 35 48
31 23 27 38
12 14 39 43
36 20 30 5
42 35 15 17
18 11 26 31
35 34 5 46
42 23 4 33
18 16 28 37
3 3 30 34
27 24 31 44
40 31 4 15
7 11 39 49
10 39 5 20
26 7 1 32
11 41 38 14
26 23 15 1
22 21 20 4
30 26 35 45
1 10 21 32
17 30 15 3
29 26 42 49
43 44 30 13
30 31 17 40
28 26 19 44
17 22 21 38
0 10 0 37
13 22 26 39
20 19 4 3
4 28 32 33
23 17 8 49
26 23 29 31
5 25 31 33
17 17 36 33
26 25 26 39
39 21 23 4
6 14 34 16
27 15 19 38
26 26 0 39
6 48 30 40
28 5 9 46
41 33 29 33
13 22 32 11
48 32 36 33
45 21 20 39
12 20 37 35
30 23 19 20
11 41 5 45
24 19 9 46
19 2 27 37
30 18 35 23
25 23 16 41
21 24 32 45
14 23 22 12
45 36 17 40
22 22 33 9
16 9 18 18
8 16 12 39
7 30 33 46
28 20 10 35
10 11 7 37
9 16 5 37
38 34 19 35
48 39 30 17
34 12 25 35
16 10 30 12
17 13 16 2
32 22 25 47
4 25 11 40
21 14 6 38
46 38 36 36
3 10 41 6
18 3 15 33
28 25 17 16
11 36 10 45
38 37 34 48
6 7 33 44
26 20 23 6
9 31 30 3
19 29 17 44
28 16 17 27
20 22 17 34
27 28 2 35
44 8 49 12
15 14 1 5
17 8 32 37
24 20 37 49
40 17 30 34
15 36 23 6
29 22 36 42
19 25 27 38
2 13 1 35
26 34 0 36
28 25 35 44
32 29 13 6
24 23 20 3
11 17 13 34
26 25 2 33
31 16 27 35
47 32 21 28
24 22 28 38
11 21 1 35
16 24 43 40
16 30 36 47
15 29 13 39
13 18 25 35
17 29 34 41
48 27 7 46
27 30 35 48
30 31 32 46
13 28 32 48
24 17 37 26
4 13 12 33
32 42 27 14
34 35 6 26
10 26 10 12
20 7 32 44
36 37 37 48
10 23 30 45
16 41 34 44
11 5 31 45
35 30 25 39
27 21 33 35
33 28 29 33
6 6 12 24
29 26 18 46
29 24 42 42
22 29 0 34
18 2 30 4
10 18 37 48
28 20 31 18
38 47 38 8
42 28 16 28
35 16 32 31
16 16 7 36
16 20 33 47
10 25 32 35
26 25 13 6
33 33 36 48
22 40 11 46
13 7 3 41
22 26 10 0
2 20 29 43
40 32 28 34
3 35 23 5
38 34 2 35
9 12 32 47
41 30 30 6
14 17 27 33
15 7 31 9
31 33 13 4
10 15 16 42
28 21 4 33
6 10 36 49
46 35 18 35
39 24 24 2
27 26 36 48
13 12 22 31
6 9 1 37
32 16 33 48
40 27 29 36
29 26 12 34
10 14 3 37
24 24 17 2
24 18 32 39
21 25 14 42
16 28 42 23
35 16 0 34
43 40 3 36
27 26 20 29
17 15 12 41
39 30 1 35
17 15 33 31
15 21 13 45
26 25 5 42
42 32 0 42
14 23 37 11
49 31 23 1
17 18 2 36
25 22 28 18
47 36 4 38
23 13 17 40
43 28 24 35
39 17 32 42
4 7 26 38
36 22 10 40
3 30 19 23
1 14 10 41
28 45 4 33
46 31 19 4
14 19 29 37
24 25 8 41
28 22 28 38
44 25 9 28
19 6 21 16
28 24 1 37
9 19 24 30
16 38 34 49
23 25 37 43
18 19 31 0
38 17 41 42
22 3 29 40
45 32 12 41
23 12 7 46
42 33 19 39
4 36 28 35
31 24 30 45
21 18 33 3
15 7 28 39
43 39 14 37
26 20 11 34
12 14 33 46
24 14 31 27
39 40 44 24
11 8 6 40
8 14 7 35
22 24 19 0
28 22 3 41
30 18 35 46
38 25 16 42
9 18 8 49
34 19 9 49
0 29 38 0
24 49 21 45
29 23 9 31
13 38 1 33
41 45 16 37
42 41 34 19
25 16 36 46
27 29 10 4
17 25 16 42
33 38 36 45
29 23 2 37
17 13 7 29
11 16 3 36
33 18 38 22
21 20 27 34
16 13 39 49
33 18 30 34
31 36 19 2
0 13 11 23
27 25 46 49
9 24 12 11
3 37 31 37
3 21 30 42
35 28 11 38
6 9 0 46
4 11 2 33
24 19 33 2
26 18 43 25
5 3 27 32
41 32 31 41
14 1 22 46
7 14 32 6
12 10 33 47
20 34 0 33
26 23 29 33
39 19 28 42
9 8 0 32
3 34 17 37
6 12 10 45
17 18 3 32
31 17 0 43
28 28 14 46
11 21 27 29
2 10 30 15
49 32 3 39
42 30 0 39
25 21 25 32
39 40 5 33
38 12 12 20
28 22 19 31
4 14 32 28
23 22 7 45
18 27 3 37
41 37 5 40
11 18 23 24
24 19 20 28
47 36 32 36
10 34 37 44
14 11 31 37
22 6 30 38
40 37 10 29
16 17 30 35
36 27 7 42
39 35 34 44
41 42 30 46
11 24 34 42
5 2 34 44
45 39 12 44
32 16 23 35
25 12 10 43
26 24 16 33
39 19 8 15
16 0 31 35
22 26 21 6
49 35 4 36
39 31 6 45
14 23 15 19
31 21 23 3
12 10 26 7
6 25 24 45
3 21 14 47
27 36 35 40
36 29 32 37
26 26 9 41
32 36 37 38
25 25 8 27
9 24 28 35
26 48 30 31
28 24 16 44
40 37 27 44
9 34 8 14
16 11 0 33
34 34 20 22
27 22 4 48
4 12 33 43
0 17 36 22
42 32 35 49
7 36 29 7
0 21 3 35
16 16 26 34
24 22 26 36
26 26 36 48
11 12 36 49
32 27 6 34
21 21 16 39
47 22 27 27
34 16 13 47
26 26 3 34
34 32 28 35
27 21 17 15
21 20 14 35
23 9 12 29
2 19 11 43
15 20 30 1
25 13 1 39
13 27 13 32
16 15 13 18
34 13 21 20
14 25 13 41
7 18 31 35
31 42 2 12
20 27 25 1
30 30 36 30
45 32 1 36
5 12 43 32
12 16 11 48
10 37 29 33
15 12 34 44
44 32 22 31
3 29 7 36
