50 237 18694 800
35 31 30 8
12 2 30 3
42 39 28 4
41 4 20 19
36 15 21 16
23 40 43 28
25 46 26 29
25 45 41 25
19 11 26 2
6 2 32 20
0 29 26 4
34 24 39 17
19 43 28 4
16 9 45 17
28 44 40 12
25 43 49 12
0 21 30 29
24 47 34 36
48 17 42 8
3 3 31 27
43 25 35 30
30 33 31 49
18 5 44 24
0 4 36 48
1 3 32 0
23 38 49 21
45 17 25 18
18 42 31 4
20 45 37 1
28 19 32 1
12 4 35 14
44 28 47 38
27 33 37 32
19 48 15 13
42 32 42 26
29 45 30 2
32 20 47 39
2 3 26 27
44 10 30 17
34 3 45 10
24 45 25 5
4 4 36 1
41 12 10 31
10 0 9 37
47 3 12 41
45 18 32 20
23 44 24 26
42 17 26 4
26 44 47 11
24 37 32 43
18 39 43 1
22 40 15 4
12 6 14 35
11 2 13 49
45 19 7 38
15 6 23 14
26 41 37 47
24 46 21 43
49 13 47 7
16 6 36 34
27 44 28 20
10 1 43 4
7 0 30 41
34 24 43 40
38 20 32 9
22 43 44 39
2 17 30 21
13 0 41 3
35 1 40 42
30 48 20 5
20 5 30 4
47 11 42 49
27 47 40 41
20 46 36 42
26 24 27 1
48 28 42 29
36 42 26 0
20 44 27 43
7 8 6 44
45 9 33 0
24 46 26 31
11 3 27 8
44 29 30 9
19 43 26 28
40 8 32 10
45 22 45 9
20 45 36 47
20 41 34 4
18 10 19 43
8 12 10 31
9 11 48 0
0 20 43 25
25 42 1 22
21 40 14 33
49 19 33 3
27 42 43 11
17 47 23 37
49 19 39 40
23 43 46 27
40 46 36 13
24 41 47 19
32 27 11 39
40 9 20 17
43 27 28 0
35 12 13 35
20 3 47 2
27 0 46 46
26 9 34 0
24 7 8 15
27 48 45 6
8 11 27 1
41 15 7 42
26 12 8 34
30 22 44 0
22 0 28 4
21 41 36 14
21 39 25 46
19 47 27 3
49 21 41 4
17 5 33 45
26 37 33 19
25 40 32 11
28 43 26 27
29 6 34 4
20 1 8 34
5 8 13 30
27 40 6 37
9 7 31 37
12 20 46 13
12 1 41 5
26 26 43 16
31 25 37 1
10 3 35 3
12 7 31 1
26 37 21 13
44 36 32 9
22 42 9 36
44 3 13 12
2 17 19 6
15 11 9 10
18 32 22 11
33 5 22 9
29 18 30 4
30 41 33 3
40 16 31 3
18 33 6 32
20 43 30 16
7 17 17 27
12 0 32 11
46 17 6 32
27 49 31 25
19 39 27 8
17 27 47 38
12 17 42 3
22 42 30 35
1 5 35 5
49 31 41 5
43 39 31 10
16 16 34 34
31 47 5 38
10 20 47 16
20 43 45 21
32 28 10 32
32 24 42 12
9 5 27 44
23 42 7 36
29 41 12 33
23 44 25 12
12 0 34 7
24 49 40 8
24 26 44 49
22 38 28 6
8 11 33 6
27 38 26 12
7 3 20 18
22 39 34 30
9 20 32 13
14 6 20 22
40 30 29 21
5 12 10 36
15 4 38 47
30 8 45 8
42 40 18 13
12 12 36 11
42 21 41 10
4 27 30 19
45 9 37 17
23 43 10 35
39 7 17 48
29 22 42 39
25 37 35 17
34 32 10 40
20 40 6 39
4 15 13 39
42 34 9 35
2 24 34 24
48 9 14 40
3 15 41 3
41 12 40 1
45 35 30 7
12 14 8 37
4 10 39 38
4 21 45 1
8 20 30 14
42 11 7 35
2 11 45 15
17 0 9 33
19 41 9 38
29 27 6 35
32 25 18 21
47 32 33 32
25 41 12 37
16 13 7 45
36 8 46 49
25 13 34 23
44 18 32 2
30 10 10 35
2 20 38 0
16 16 49 6
40 19 34 2
25 38 21 13
47 20 35 20
43 28 33 39
2 5 24 27
15 1 43 13
26 41 9 19
41 40 33 36
21 0 23 4
28 45 30 3
20 41 48 7
26 38 31 44
6 8 9 36
36 38 44 4
39 18 26 22
37 10 46 9
24 1 44 7
30 35 8 39
