50 78 14217 800
46 20 41 47
27 18 14 40
12 3 30 21
5 1 37 30
25 7 26 41
38 27 42 9
41 29 45 37
4 7 32 39
40 27 28 40
19 36 0 46
41 29 24 40
12 37 8 40
45 22 44 49
27 3 10 17
39 26 39 36
27 47 43 19
20 12 33 22
30 45 9 41
14 23 33 31
41 20 25 42
32 8 41 46
23 3 16 27
39 27 20 34
37 18 35 21
42 28 26 23
16 31 29 30
25 6 0 33
28 44 24 6
39 31 11 30
34 15 48 22
46 19 17 26
41 22 46 7
39 32 36 20
41 27 30 25
23 15 48 17
35 26 35 34
43 7 31 10
20 0 32 47
15 45 17 49
41 24 7 15
34 8 10 18
44 9 10 47
31 17 45 16
7 35 26 35
45 27 34 33
18 3 6 45
37 16 13 41
10 13 47 28
48 17 38 16
5 2 15 46
34 21 8 47
27 39 34 25
40 37 19 8
45 28 30 16
31 37 41 24
42 25 38 48
12 17 34 13
35 22 32 20
29 26 14 48
24 26 40 44
23 33 40 40
11 10 33 16
9 12 14 31
35 20 34 41
26 17 47 27
22 10 29 48
13 5 21 22
44 18 40 14
29 14 17 15
19 30 28 24
45 21 12 32
48 21 43 22
30 26 27 20
47 20 27 20
17 36 22 49
43 23 31 23
13 16 38 23
41 5 34 4
