50 694 19577 800
6 26 44 36
22 11 26 40
16 48 34 31
24 18 29 39
27 4 37 24
6 18 43 37
9 28 38 36
22 22 25 36
13 20 30 37
12 38 28 40
14 26 35 35
38 11 36 44
7 49 48 13
47 38 41 23
13 41 20 44
4 40 38 21
38 49 36 24
16 29 48 24
7 30 31 34
6 33 43 26
18 30 40 33
4 23 20 28
40 6 5 4
14 17 41 35
15 12 42 29
43 23 45 17
0 37 37 35
19 47 26 45
42 13 20 42
7 11 40 26
10 26 33 34
7 27 35 36
36 40 45 25
46 37 35 9
14 43 25 39
21 27 38 31
22 42 49 36
28 27 40 28
16 21 31 43
48 1 35 47
14 24 17 35
23 38 31 37
12 49 28 44
45 6 32 44
0 24 43 31
46 42 31 7
29 30 28 25
7 27 41 41
13 28 33 44
25 43 35 48
6 25 28 44
15 31 34 19
43 41 24 12
14 29 2 47
26 27 28 38
46 33 37 42
8 36 40 33
19 18 30 40
6 30 38 42
3 44 47 44
13 27 35 49
17 26 25 25
10 19 42 36
19 31 34 35
12 24 34 44
6 30 29 39
16 17 31 42
9 23 38 33
3 27 40 32
31 32 44 35
13 32 43 10
30 29 42 30
11 35 19 29
28 6 33 39
13 42 34 45
0 35 44 26
39 47 45 28
13 39 35 35
35 46 1 0
30 21 35 41
23 49 36 3
8 20 19 1
27 15 34 34
21 44 29 40
47 10 29 16
26 9 32 15
37 25 45 33
33 21 30 40
19 5 42 47
2 27 22 36
12 14 42 20
8 37 44 12
49 31 47 27
26 44 34 41
31 35 27 46
31 33 35 29
35 25 29 36
8 20 36 14
2 40 46 34
5 33 24 18
22 23 44 40
18 32 44 30
14 26 31 33
33 47 40 31
23 12 42 28
38 46 31 46
38 25 33 48
16 45 39 31
16 32 34 41
14 18 41 29
9 28 40 34
25 40 37 44
9 32 29 39
13 34 31 29
17 35 33 26
37 30 35 2
8 26 28 41
24 38 38 33
14 32 37 41
9 12 47 46
12 0 37 47
8 35 36 5
20 33 34 30
0 22 29 43
44 48 38 42
45 35 19 37
14 19 31 46
2 25 15 34
11 41 48 0
41 12 39 42
21 15 27 40
10 26 45 32
24 25 35 37
21 3 29 5
15 28 41 16
5 35 35 29
5 25 39 43
7 11 25 29
4 28 33 42
5 43 34 24
11 12 32 18
25 2 34 9
19 30 26 39
4 29 40 48
16 32 48 19
16 24 22 39
12 28 45 41
5 35 4 40
41 42 43 28
16 43 28 38
8 32 32 34
2 33 25 33
11 22 9 42
30 21 46 9
8 42 44 45
5 44 27 43
31 31 47 26
10 27 46 18
29 35 26 47
39 38 49 41
18 20 27 35
3 2 36 44
4 9 34 35
45 48 34 35
9 17 39 16
3 12 39 44
11 27 44 47
18 39 29 13
0 40 47 36
19 39 43 41
2 35 37 38
18 26 34 2
12 43 33 35
7 39 45 45
44 8 42 40
1 34 23 29
21 40 26 38
17 41 33 38
14 29 18 35
13 49 22 35
17 24 28 20
41 29 47 11
4 12 49 6
5 43 11 19
19 36 48 29
2 19 40 35
5 36 23 0
45 36 42 38
6 23 36 44
43 29 42 33
0 16 30 40
29 43 35 36
27 39 31 35
6 26 46 32
4 36 22 39
16 26 39 38
34 27 27 42
15 30 41 30
42 48 25 28
7 1 39 22
28 31 23 32
1 10 40 27
8 28 39 32
15 23 39 29
21 22 29 35
17 38 19 28
18 18 14 2
14 41 31 39
43 47 35 47
23 28 33 31
9 36 21 37
29 37 45 40
8 29 45 43
19 24 38 35
10 25 36 20
8 42 36 45
14 29 12 38
20 34 31 32
39 11 36 36
42 42 37 45
33 44 33 37
37 49 34 42
20 36 21 42
12 40 36 47
13 21 49 34
42 25 20 37
20 44 40 46
23 18 28 32
19 23 25 34
21 17 41 34
8 22 20 38
1 43 38 31
38 47 43 30
10 38 35 23
31 35 15 32
13 29 25 43
31 30 40 25
42 40 22 34
36 38 43 30
9 19 21 27
13 23 41 36
21 41 38 49
25 45 45 45
18 30 26 34
2 38 33 8
15 18 20 42
9 31 36 31
10 11 32 48
20 14 36 41
18 16 42 27
36 42 27 44
44 33 40 41
10 36 18 18
11 28 26 36
12 37 34 39
9 34 39 14
8 37 37 40
34 36 20 40
19 46 25 32
25 32 36 35
39 48 45 49
17 39 35 32
10 42 31 38
24 38 21 26
36 21 47 40
9 21 39 37
15 45 33 36
21 26 20 35
32 3 30 18
16 40 36 37
4 21 26 34
2 24 34 47
34 8 22 35
0 47 27 34
22 23 33 41
13 21 37 31
43 45 34 46
19 41 49 31
16 47 37 34
4 30 10 47
17 26 22 31
9 23 43 39
7 35 29 36
13 40 33 42
10 6 42 37
17 13 32 44
29 45 47 31
37 19 47 35
46 38 15 12
46 47 34 31
3 40 22 29
11 38 24 33
42 18 10 47
10 31 40 30
8 36 42 17
26 20 34 38
14 43 25 35
12 43 18 9
33 30 32 39
30 28 38 45
21 48 42 25
24 11 43 38
5 27 41 34
48 39 19 39
12 45 17 35
4 40 40 33
10 41 41 38
22 32 15 35
13 47 48 0
2 25 32 45
3 27 45 26
3 40 37 35
4 42 13 33
16 29 33 43
10 11 32 49
7 37 22 32
5 44 39 35
33 27 36 42
18 33 38 44
13 25 30 33
9 35 32 13
24 43 46 49
5 35 36 9
16 37 10 35
34 19 45 45
11 25 46 46
24 42 35 13
19 44 25 39
22 35 20 40
32 5 32 46
24 33 27 41
22 38 44 45
47 18 31 35
5 31 42 16
37 23 27 42
19 43 35 39
7 20 33 42
11 39 30 37
5 24 32 37
20 21 32 31
17 15 24 30
36 37 33 40
38 2 40 42
39 46 30 35
11 29 30 41
17 39 46 27
10 21 38 44
32 31 26 30
3 20 31 37
19 47 31 40
37 18 34 37
6 16 31 34
19 13 38 40
29 17 22 20
38 40 36 34
33 26 30 35
44 38 28 42
20 33 38 43
21 47 29 33
17 16 1 41
31 48 25 36
17 32 20 35
40 9 23 39
32 15 30 47
32 37 41 46
2 44 36 36
12 31 31 46
29 43 27 36
7 31 25 32
33 34 28 41
29 2 22 35
37 32 33 44
6 19 21 36
19 33 42 39
17 5 40 14
32 32 28 33
39 9 32 36
15 35 25 32
40 19 27 16
49 20 42 28
36 7 34 39
10 33 45 39
27 38 35 30
6 35 24 28
29 36 29 23
10 33 39 31
20 21 25 30
18 38 28 45
14 45 46 38
5 40 45 36
39 41 24 7
34 41 37 47
16 23 23 35
32 5 27 26
36 10 33 40
16 34 41 31
4 37 21 37
11 17 42 42
27 42 45 26
17 21 26 42
17 45 41 30
18 47 42 33
32 27 23 39
16 17 37 38
15 19 37 41
13 32 41 47
24 33 47 43
16 18 10 13
38 26 25 1
28 23 37 29
1 29 28 36
9 17 44 20
22 42 14 24
48 32 42 26
29 3 42 45
28 33 23 19
16 16 48 39
8 39 36 40
17 38 21 17
14 37 26 32
41 8 24 42
11 10 30 40
15 18 37 30
32 34 38 46
44 8 28 41
7 23 43 28
7 31 44 49
40 41 38 37
48 20 34 43
39 19 32 31
13 45 36 35
13 36 0 47
26 45 46 43
45 18 42 43
25 36 19 33
11 19 39 29
44 10 44 45
1 31 36 35
25 43 35 8
20 28 41 48
17 37 34 2
1 27 47 12
30 46 34 44
4 29 48 12
3 39 49 35
22 32 45 39
0 26 43 44
29 26 27 36
21 48 47 41
17 14 29 41
4 29 37 39
10 12 30 0
18 23 48 28
0 18 29 40
34 34 32 44
7 37 40 43
3 45 40 6
28 34 49 32
24 48 36 39
14 34 21 37
17 41 37 26
18 14 40 13
49 38 36 37
7 36 26 44
30 45 46 36
38 7 37 35
8 38 29 27
18 28 27 35
28 44 43 21
21 45 24 41
8 21 42 27
9 22 29 34
42 12 31 37
33 28 40 43
35 36 29 35
23 34 36 42
44 39 27 27
35 21 47 4
1 17 36 5
33 43 36 48
29 42 24 47
24 46 38 47
9 35 37 40
8 35 33 45
4 31 49 2
25 27 34 35
23 40 36 49
32 42 42 42
39 42 32 45
43 31 33 41
14 25 42 28
24 29 40 27
33 39 40 38
5 39 49 27
31 31 44 43
11 23 38 35
8 16 37 31
0 43 10 9
18 46 40 45
34 38 13 19
46 25 47 41
36 41 31 34
24 38 35 43
27 13 35 41
8 20 24 34
21 18 39 27
4 33 40 43
38 47 19 19
7 29 41 40
14 24 42 12
34 38 42 41
19 8 28 43
1 48 30 40
26 22 33 34
34 27 41 30
10 39 27 32
1 26 42 36
8 27 22 36
8 44 33 41
4 24 11 22
3 19 38 36
14 25 35 32
2 27 39 30
13 18 35 44
28 28 4 34
36 43 24 31
10 26 36 35
21 46 27 39
8 25 49 18
27 49 34 40
34 37 48 24
22 30 37 45
47 38 31 41
39 49 25 44
3 38 36 43
2 36 29 29
39 16 32 32
12 30 34 32
18 14 37 37
49 25 38 36
18 28 27 37
28 1 38 24
17 15 23 34
19 13 44 26
19 16 38 40
28 41 32 44
5 28 31 31
38 27 24 33
25 13 47 25
5 29 41 37
10 27 26 37
32 36 22 0
6 41 27 34
6 16 26 35
10 34 48 29
0 21 20 31
10 16 39 13
6 40 37 38
15 13 36 43
25 26 43 32
44 0 32 17
22 34 0 36
40 2 5 2
29 33 34 32
4 26 31 42
39 43 38 22
33 2 42 38
26 13 37 22
22 31 34 41
37 30 34 36
7 27 41 28
11 40 41 35
47 12 48 38
49 42 25 23
33 27 26 35
22 5 13 21
28 17 33 42
26 23 10 18
36 32 28 16
31 20 31 37
27 37 46 28
10 31 31 43
11 31 37 44
29 13 18 1
11 37 45 22
43 26 43 35
46 11 40 45
25 39 46 42
13 27 36 36
12 24 28 35
11 16 12 38
41 14 32 35
2 43 41 41
29 46 37 38
2 41 37 30
11 46 18 32
35 18 34 32
9 40 40 30
25 42 27 23
43 37 8 48
11 29 26 11
3 19 39 37
10 42 35 39
12 25 38 32
11 41 43 32
5 46 11 1
32 37 48 35
29 27 21 35
43 8 36 37
36 46 20 32
20 43 36 40
18 36 40 41
47 44 47 38
30 24 45 29
13 36 30 33
26 29 45 48
32 7 29 39
11 29 34 39
41 5 38 38
16 36 18 46
31 23 44 29
18 7 41 37
7 31 24 34
21 21 40 39
1 20 33 44
36 27 34 45
17 34 39 17
10 26 41 46
13 14 17 36
19 23 30 31
44 43 31 42
12 32 46 44
2 20 30 38
18 22 28 41
32 29 32 44
14 45 35 35
3 18 27 36
1 21 5 34
46 37 20 36
13 27 36 6
13 25 28 1
18 19 27 39
23 20 37 30
35 1 36 45
21 31 47 26
16 25 49 34
38 17 45 32
16 29 40 27
14 48 29 35
10 33 40 48
22 30 18 27
8 34 40 14
16 30 37 30
38 15 31 37
4 26 35 37
39 37 24 41
22 46 20 35
20 38 42 2
21 28 35 32
29 44 32 46
9 23 43 39
6 26 42 22
35 18 3 35
11 41 39 46
31 32 39 40
17 36 29 42
7 37 38 30
5 26 30 31
4 45 16 11
15 36 34 41
20 44 47 38
25 23 41 30
2 34 46 39
45 37 17 41
18 41 24 22
35 20 27 31
3 34 44 8
3 40 31 19
45 37 45 32
25 11 28 37
21 33 31 46
18 48 34 43
25 36 43 45
14 11 12 34
21 28 30 49
19 38 26 49
13 8 35 38
34 23 37 40
17 40 37 16
36 14 38 45
21 25 38 45
3 34 29 36
20 36 42 21
5 16 46 38
