50 97 15390 800
42 14 38 7
47 11 36 33
36 3 12 46
9 48 24 35
46 19 18 33
48 14 14 43
23 10 6 48
8 47 25 39
48 11 21 19
12 37 43 31
5 48 38 36
1 48 24 32
39 16 7 31
43 7 38 29
47 17 43 43
49 13 11 24
42 11 4 33
42 28 47 16
43 7 24 28
41 13 49 46
31 8 31 26
41 13 22 19
48 9 37 20
12 37 39 24
35 37 49 28
34 41 41 30
38 10 28 28
7 43 34 25
31 14 33 9
49 16 39 32
26 42 31 36
14 39 47 15
1 43 37 24
37 19 29 36
15 37 42 24
40 20 41 32
45 9 47 30
45 16 14 49
39 9 17 19
37 35 30 46
36 8 37 36
40 37 35 33
17 41 29 33
46 12 36 32
39 34 45 27
38 22 12 47
45 14 42 17
16 22 35 25
22 38 40 29
48 14 14 46
13 38 40 33
28 14 35 34
39 48 26 26
42 18 41 45
27 5 39 25
5 46 44 26
46 15 44 27
38 5 30 31
44 17 42 6
47 19 15 42
5 25 39 38
30 29 26 34
44 14 35 35
38 21 32 43
10 46 49 9
44 14 20 19
49 2 26 46
45 19 40 24
25 8 32 35
25 30 15 37
35 45 28 30
29 0 32 44
16 33 48 35
20 2 4 35
39 28 20 29
42 11 33 42
45 16 10 27
11 36 18 29
41 41 26 30
44 21 43 34
5 43 25 44
1 47 25 12
13 44 24 22
12 42 26 33
23 30 44 30
3 43 29 41
26 42 26 29
26 2 21 34
37 3 35 16
43 12 30 15
44 14 46 32
41 16 7 34
47 16 1 13
46 17 35 17
25 49 26 43
19 36 32 44
22 30 41 27
