50 207 19726 800
23 10 25 22
30 16 5 19
23 7 14 40
13 3 36 22
12 17 16 19
30 45 13 36
16 16 23 1
24 18 10 27
28 13 25 23
30 22 0 8
36 11 17 22
24 3 25 22
46 47 17 38
0 21 22 20
2 10 17 29
26 11 8 46
17 5 27 20
25 10 6 43
37 39 7 10
41 17 11 29
15 11 13 39
33 16 10 34
25 46 23 6
27 32 44 39
31 48 32 17
24 22 15 22
37 20 13 16
12 11 27 5
25 3 6 19
19 10 17 6
44 34 28 28
17 5 14 39
27 14 30 17
27 3 19 6
19 19 34 18
16 6 7 19
34 14 7 44
14 48 13 41
20 7 11 41
24 7 7 18
30 19 14 17
44 44 8 10
32 40 10 45
22 47 9 49
16 25 10 37
18 2 13 38
47 7 14 37
0 6 20 3
34 19 15 12
45 22 29 3
34 28 16 13
0 17 44 30
40 2 16 7
20 5 11 36
40 3 1 16
17 40 20 3
38 31 45 38
46 17 11 36
32 16 26 11
2 15 12 23
22 5 25 19
24 6 48 40
32 18 12 41
21 3 12 7
30 23 13 40
49 18 14 39
37 18 24 19
19 10 13 41
5 10 11 40
21 8 35 33
29 19 45 6
23 13 30 13
35 11 2 5
5 14 31 21
26 7 8 36
20 13 21 9
40 33 7 35
43 4 44 44
18 10 9 11
3 15 26 22
8 24 33 17
29 27 2 11
38 17 40 27
19 12 16 26
12 14 8 18
40 38 10 20
23 8 20 6
35 10 14 20
8 16 15 40
24 18 12 38
20 20 10 40
18 8 21 47
32 31 35 41
48 45 14 39
32 13 27 18
33 23 10 45
34 19 0 7
9 36 1 19
22 40 26 22
48 1 9 41
25 1 10 44
30 19 11 2
24 14 15 6
23 8 27 12
33 14 12 0
24 4 41 36
29 17 1 6
39 27 10 4
33 13 43 41
13 5 4 48
35 37 24 13
26 2 0 14
36 19 12 40
19 4 39 35
33 16 13 41
19 7 48 40
34 24 36 20
47 29 26 17
25 8 1 7
44 46 17 42
22 8 8 33
20 5 38 36
22 5 25 20
25 38 9 38
21 4 20 10
25 36 4 17
20 1 17 5
29 19 14 42
27 47 23 16
34 25 15 41
36 37 22 21
42 15 15 48
10 18 11 7
36 15 13 40
27 7 17 18
34 7 20 35
22 13 10 19
30 21 14 35
28 12 30 4
38 3 30 18
39 34 11 40
27 2 28 15
18 26 11 23
16 6 34 2
38 6 24 11
36 40 28 19
34 20 10 21
45 17 6 20
36 22 8 32
18 45 31 18
39 21 16 39
38 0 34 38
24 22 32 13
32 18 15 0
16 20 10 34
13 18 14 24
35 18 12 27
33 22 39 24
16 8 10 43
28 17 7 2
31 14 30 20
12 0 18 41
25 16 2 19
37 35 21 4
26 20 17 47
34 17 27 10
17 36 32 18
38 48 0 29
34 7 12 49
32 14 8 39
0 34 30 17
22 8 11 36
20 2 12 10
6 5 14 41
16 9 12 15
19 8 10 36
46 9 11 37
34 17 39 22
27 15 0 20
43 7 10 16
19 12 42 34
34 22 9 21
37 4 17 27
28 17 15 29
43 21 4 3
36 13 15 34
11 19 31 49
26 13 14 39
31 8 12 23
31 41 20 8
47 5 4 7
42 30 26 26
18 5 12 13
27 14 9 38
17 12 12 28
0 38 7 18
19 12 14 15
30 2 11 45
30 27 9 13
27 8 3 13
31 36 13 45
20 9 8 48
1 16 10 26
45 16 21 29
15 7 19 27
18 13 10 43
4 15 10 17
