50 280 14656 800
29 32 44 15
21 2 36 21
24 42 30 38
39 26 33 38
19 23 30 42
12 19 46 15
11 8 31 22
27 4 32 26
31 33 6 25
22 44 46 7
27 41 35 35
40 36 44 21
33 0 41 36
20 31 32 35
17 24 33 37
23 44 38 30
17 24 41 36
40 3 37 40
24 41 41 25
16 25 33 47
21 43 34 13
24 22 35 26
40 16 33 24
24 18 33 18
22 42 31 44
24 37 36 41
19 33 38 39
14 24 48 18
29 7 40 27
17 24 37 41
23 41 40 31
21 2 34 9
20 1 44 17
16 1 44 8
8 26 34 26
48 30 31 16
24 44 33 37
29 14 45 25
21 15 26 20
46 16 28 43
22 13 39 18
25 12 38 22
15 18 39 23
19 25 5 36
28 6 34 24
19 14 31 44
8 38 32 19
28 3 38 14
17 3 37 9
26 45 37 35
42 39 35 27
12 27 42 18
26 8 27 18
14 12 33 36
34 34 49 12
25 40 37 40
21 13 16 18
25 42 31 47
19 3 46 24
17 33 49 25
36 30 35 19
32 16 26 40
1 36 43 2
33 29 45 16
25 9 36 25
23 23 30 28
39 45 47 18
27 0 32 17
25 36 44 39
16 46 36 16
34 29 42 3
20 6 32 11
19 47 27 37
18 45 41 20
33 18 33 40
19 16 34 18
19 16 42 4
31 34 42 42
29 5 45 19
14 13 36 0
17 49 33 46
16 6 34 40
18 25 32 13
30 14 35 17
25 3 13 18
24 39 36 34
30 0 37 43
23 41 43 0
15 17 36 42
25 47 49 15
31 14 33 45
28 10 37 38
21 42 33 26
33 37 35 20
39 48 34 37
31 4 28 27
30 38 42 25
40 43 47 15
33 10 38 21
17 18 41 23
18 36 37 14
32 7 38 18
24 45 40 39
22 17 29 44
32 3 17 33
7 27 24 40
30 34 35 47
27 25 44 0
12 31 33 38
6 6 34 11
16 38 34 27
21 4 32 44
28 10 36 43
24 5 34 19
29 39 48 23
43 9 29 1
14 24 32 42
35 14 33 37
29 11 44 13
19 24 38 42
20 44 36 9
30 4 35 34
18 6 28 39
25 40 41 3
19 25 46 7
22 40 44 21
24 43 33 38
22 43 40 14
23 15 44 18
29 4 32 44
25 12 45 12
32 5 39 11
29 27 40 33
23 7 42 18
17 28 34 45
19 6 32 37
20 26 43 26
7 43 48 4
26 21 24 40
14 45 24 40
43 32 38 21
44 25 39 29
26 28 30 36
22 25 44 19
13 42 45 18
25 3 2 5
32 19 32 7
34 11 31 40
22 40 31 38
21 44 36 39
29 2 35 21
17 43 32 42
16 18 44 23
23 5 9 18
30 16 45 11
22 39 38 36
23 41 32 25
21 46 38 21
17 45 32 23
24 18 41 2
27 33 37 26
19 32 41 37
28 31 42 17
38 46 39 24
38 22 31 44
20 44 48 12
22 6 7 29
24 41 35 40
18 22 34 46
26 16 38 42
31 35 31 27
41 27 31 15
11 31 26 38
19 47 28 12
26 45 35 15
20 45 29 41
28 22 47 27
24 37 38 40
28 31 36 45
35 20 30 19
23 38 27 43
40 32 35 7
25 10 23 46
17 46 36 38
24 2 38 13
23 2 39 3
27 2 48 4
22 41 34 34
21 44 43 21
28 38 42 14
21 42 7 27
17 46 35 9
19 44 44 12
26 6 33 34
21 5 27 48
16 27 32 36
27 48 31 39
15 45 27 43
9 35 41 16
30 8 42 29
11 27 39 19
7 33 36 41
16 37 47 15
29 5 47 26
22 6 33 25
22 39 41 7
24 43 33 13
22 40 39 27
43 44 25 38
29 6 36 42
20 1 32 40
28 40 34 32
30 9 35 26
23 39 17 12
31 4 39 46
26 8 37 11
21 2 31 9
36 5 44 17
28 10 37 24
20 26 48 22
20 25 37 26
3 39 33 43
22 16 35 21
11 16 34 40
30 10 34 8
32 4 43 15
48 45 36 49
20 45 44 11
22 33 27 35
22 44 32 42
28 25 35 22
22 30 40 20
14 9 3 6
17 44 34 35
8 24 49 16
15 34 41 22
18 2 37 40
27 45 27 37
34 25 40 10
19 20 49 14
24 8 44 6
12 37 48 14
21 24 35 26
22 43 38 48
36 40 45 6
23 45 49 19
32 24 40 38
23 18 38 45
25 22 37 46
18 21 38 15
30 26 32 22
8 23 47 18
25 0 43 36
16 27 42 6
27 8 35 45
24 49 36 36
3 28 42 5
25 15 37 43
22 24 35 16
23 31 39 21
28 10 47 11
19 35 13 27
24 32 48 28
47 35 25 38
30 9 37 48
13 42 37 39
27 8 31 16
13 7 37 41
18 19 49 19
35 15 46 12
1 35 7 25
18 12 37 25
42 16 33 19
21 26 40 36
18 39 29 41
13 13 34 13
22 18 39 24
46 21 34 40
23 43 30 39
21 40 35 36
