50 1019 19364 800
6 48 33 45
26 33 36 25
31 8 8 48
11 41 22 26
33 40 25 32
7 11 40 38
21 32 2 32
15 35 30 48
23 40 13 21
5 12 40 39
21 31 42 33
25 3 39 33
2 9 39 29
19 35 17 21
34 8 44 26
12 40 38 23
36 33 22 41
30 35 23 1
28 0 9 47
31 36 45 27
2 7 9 42
19 40 23 45
4 10 31 17
34 30 24 37
8 37 31 45
44 11 44 32
9 35 24 22
31 39 25 41
18 40 29 15
3 15 12 42
39 10 32 47
12 49 41 43
24 3 8 36
4 8 30 42
30 37 13 10
2 17 22 44
2 2 13 7
22 37 39 29
43 37 45 49
20 1 42 22
12 19 43 32
30 12 41 39
32 28 6 21
42 13 1 48
32 29 27 17
33 22 11 11
6 9 47 1
32 46 7 34
32 33 36 17
19 36 21 16
31 19 20 44
4 7 34 47
6 5 28 35
21 41 35 28
30 10 40 40
33 0 17 33
0 12 29 18
7 33 7 11
10 45 24 40
3 10 40 17
37 34 28 43
15 44 30 41
5 15 36 46
30 7 39 31
16 18 39 44
11 37 46 44
1 11 33 32
0 4 35 46
8 48 46 38
38 32 48 41
33 43 26 2
31 49 10 10
4 6 16 47
27 39 46 49
8 49 5 7
17 33 35 28
27 34 32 32
46 30 25 15
15 34 46 12
29 13 48 27
38 40 46 34
33 3 20 14
22 39 36 29
7 12 31 46
31 39 32 35
24 5 15 45
5 41 8 17
35 40 30 34
1 14 20 39
31 40 8 13
12 5 38 36
1 6 37 43
32 10 46 35
42 6 9 13
29 36 44 36
7 12 31 33
22 43 35 38
19 0 32 45
29 4 45 36
9 16 24 28
30 19 19 19
46 33 6 19
32 35 41 29
31 31 36 37
34 5 22 35
10 15 39 30
8 36 46 35
7 41 39 26
16 38 10 23
0 12 47 31
36 11 41 45
29 7 40 27
30 8 23 13
16 38 46 36
6 16 29 30
12 34 19 35
28 2 19 26
21 36 34 43
5 47 9 13
30 41 43 43
8 34 15 37
25 37 31 10
34 34 2 13
8 48 45 34
42 36 4 34
16 37 11 8
9 17 45 9
36 31 18 36
22 38 35 43
42 39 14 17
23 6 15 26
9 43 44 28
8 11 5 15
37 28 26 47
30 33 32 8
5 17 47 44
32 27 33 38
3 8 35 43
24 45 37 20
7 7 35 44
23 34 4 2
1 12 42 27
27 17 27 48
12 30 36 16
44 22 26 27
5 25 3 17
5 12 34 6
5 8 13 23
4 8 46 29
3 10 32 23
8 6 46 34
26 26 31 24
18 36 12 43
37 31 1 15
19 19 49 37
25 22 4 33
5 11 40 26
26 8 13 18
5 1 49 44
20 38 46 27
2 16 47 30
9 11 38 2
26 30 34 43
7 10 16 22
5 16 29 39
25 3 39 43
7 13 46 42
12 42 6 18
25 6 10 12
16 43 48 28
33 29 46 28
32 35 1 37
17 39 28 20
28 44 48 37
29 34 7 43
1 5 16 46
8 9 18 29
30 14 35 18
25 37 38 48
19 37 20 5
31 37 17 36
33 39 26 32
4 23 14 41
28 4 10 12
7 29 39 44
27 36 10 8
45 3 48 38
6 13 33 28
12 26 42 45
15 22 0 47
19 42 46 28
35 30 0 0
39 2 32 34
32 33 36 19
3 13 43 24
18 41 9 12
30 1 11 31
1 11 28 39
20 43 48 30
6 7 3 37
28 32 27 46
17 40 11 20
39 15 40 37
20 42 39 29
21 40 32 26
49 21 13 13
13 31 41 49
39 7 36 27
4 16 26 32
16 49 9 32
29 33 48 40
25 40 6 25
15 47 34 40
10 12 46 29
0 14 31 46
30 42 36 44
27 41 37 41
20 44 32 37
2 15 24 27
10 37 43 49
4 38 25 4
6 38 17 7
3 9 27 19
29 7 23 37
43 38 34 47
3 9 34 49
26 46 31 27
35 3 48 47
39 33 38 23
16 44 46 2
2 12 25 43
3 4 35 30
39 32 33 34
21 6 21 35
33 12 40 31
18 36 20 46
15 38 32 19
11 43 29 9
16 33 27 43
34 33 5 17
10 35 3 48
26 2 11 15
4 11 43 38
32 6 8 14
15 33 31 42
22 36 33 34
29 42 11 23
13 43 47 34
21 9 24 46
14 21 34 6
21 48 38 32
19 40 21 32
27 41 39 44
3 4 30 47
25 33 34 43
29 48 35 18
13 27 29 36
49 10 21 42
24 4 30 34
2 9 26 47
32 39 40 47
0 6 43 19
15 37 18 45
44 33 28 22
24 0 35 42
39 34 30 6
19 38 15 43
24 33 13 4
6 10 29 40
31 34 47 29
4 4 29 17
3 14 10 32
28 34 20 44
28 4 24 37
17 49 23 46
14 40 22 44
20 42 25 42
39 38 48 26
34 26 40 7
20 46 30 40
41 49 30 42
5 17 35 35
19 43 41 9
8 10 26 36
14 46 28 20
4 5 7 39
10 4 32 41
39 39 27 21
30 34 20 39
0 10 20 10
30 15 33 18
26 46 47 32
27 39 39 12
34 9 31 41
40 4 23 44
34 2 46 27
13 47 3 11
10 35 47 46
42 39 40 33
6 8 36 2
34 7 29 39
27 6 19 6
16 45 11 10
26 32 43 38
28 34 11 6
33 30 24 11
28 33 41 25
9 44 41 40
3 21 40 15
20 46 49 27
45 40 38 32
24 11 32 18
12 29 48 30
29 3 49 15
17 39 33 30
30 29 27 40
9 36 23 5
19 35 33 40
25 10 28 47
34 42 13 37
5 9 34 33
30 8 46 25
31 4 40 40
11 12 32 39
25 31 22 39
1 8 42 31
30 31 44 32
4 5 33 38
32 2 20 22
27 36 34 49
30 2 33 43
28 45 7 41
31 3 1 40
19 2 9 44
11 39 2 12
10 20 33 49
27 38 28 27
35 24 12 13
3 48 38 39
5 8 9 38
26 4 31 38
8 45 20 31
3 11 21 45
28 0 44 38
18 35 27 18
38 1 32 38
22 42 13 9
6 34 28 34
22 37 12 16
6 11 39 47
34 6 39 25
32 39 22 23
1 9 15 45
17 38 25 40
12 37 24 15
18 5 33 48
22 35 45 26
21 40 22 31
19 44 34 17
23 35 37 47
46 1 36 3
18 48 44 29
10 20 17 37
19 44 35 39
2 9 48 49
23 40 42 37
19 33 34 5
29 37 26 40
24 35 35 31
25 35 32 38
15 40 35 39
7 10 19 47
18 45 9 17
48 18 42 37
8 8 29 41
17 40 13 8
36 40 49 20
12 31 3 41
31 35 7 24
30 2 19 25
31 4 34 19
34 32 37 45
21 40 38 26
7 7 37 46
3 5 32 16
35 30 39 45
15 35 41 44
15 38 49 19
17 45 33 47
4 11 23 37
44 9 39 37
21 45 31 32
27 16 29 45
14 42 40 2
23 3 3 29
24 10 43 48
29 37 47 47
27 23 23 26
42 21 45 28
43 9 30 45
11 12 39 29
26 30 16 40
1 12 27 39
5 33 28 27
10 45 38 49
32 21 40 36
11 22 41 31
29 48 18 21
27 43 13 3
4 12 27 29
11 40 29 47
11 49 3 47
29 3 0 8
18 22 17 34
13 40 13 49
15 32 28 29
45 41 31 49
36 42 46 38
2 13 24 8
19 39 45 18
27 33 29 48
5 5 31 35
6 11 49 28
2 13 39 37
16 43 41 43
32 40 4 14
34 17 36 11
16 49 6 45
9 10 26 34
7 12 6 27
42 10 47 27
11 12 39 4
8 13 15 47
16 2 27 12
16 45 35 38
5 40 33 30
9 9 42 46
18 31 44 6
40 33 24 39
4 43 42 31
17 40 34 41
29 2 25 14
30 3 21 44
20 35 25 48
15 15 37 37
20 37 15 13
39 32 9 44
12 46 41 28
20 44 11 12
13 9 32 42
5 6 49 46
17 39 10 13
29 6 16 40
36 2 28 47
6 15 2 39
31 12 47 25
19 32 30 48
19 48 17 39
31 5 20 45
19 0 42 29
21 31 23 18
14 32 32 13
3 23 19 18
7 11 13 47
12 5 30 25
6 35 42 14
14 34 38 41
23 36 32 30
33 48 28 14
34 2 33 22
19 44 32 44
29 31 31 34
28 10 13 32
31 39 20 6
15 40 28 28
8 9 2 36
17 35 26 43
19 43 19 12
25 40 45 32
34 4 10 49
34 33 37 23
22 4 40 23
11 36 48 32
10 35 31 13
10 10 10 17
14 15 34 48
2 8 40 13
26 49 34 18
33 35 34 46
46 6 39 49
30 0 30 33
13 45 48 28
20 46 36 32
44 40 10 23
23 39 14 39
30 10 41 37
32 0 45 40
0 5 23 34
28 48 46 25
46 46 23 42
34 35 9 28
35 33 25 22
16 35 23 17
33 10 38 33
8 36 48 31
31 3 48 35
16 41 36 7
27 3 44 4
26 38 11 15
0 10 38 32
36 27 46 19
33 20 11 29
24 48 41 40
16 43 35 43
30 10 29 25
32 37 5 44
1 11 20 2
16 45 37 27
7 12 24 0
16 35 38 6
25 40 29 1
12 6 26 39
34 21 43 29
26 8 42 36
35 35 12 15
37 43 40 26
24 0 22 39
35 43 34 13
7 10 44 42
7 8 35 47
11 12 40 43
3 14 36 43
21 38 28 30
10 10 31 46
22 44 18 41
25 3 35 26
29 10 32 42
5 12 13 34
11 1 45 29
35 45 25 26
0 7 31 29
23 40 28 33
5 13 27 30
24 35 24 29
5 7 9 43
31 35 19 30
3 13 35 8
16 32 11 42
7 46 35 42
22 31 35 47
25 23 16 35
15 45 22 41
7 9 20 46
41 27 41 42
20 22 38 31
8 33 3 20
32 4 24 40
17 46 15 39
25 38 2 19
37 25 49 20
35 13 38 22
33 38 20 5
35 34 10 18
8 36 42 30
2 19 43 42
26 2 37 39
4 10 42 1
35 4 30 24
8 10 47 40
30 30 39 36
15 23 13 17
23 34 47 6
14 44 34 25
2 9 40 36
1 14 32 44
23 39 46 39
4 16 42 28
30 36 28 10
13 37 40 48
8 17 38 46
37 44 29 49
15 30 40 46
25 41 36 35
10 21 7 14
22 37 30 43
24 37 47 36
4 10 34 27
23 41 27 10
13 36 45 49
3 14 32 32
19 46 47 1
29 6 39 29
18 39 49 31
6 9 33 4
45 18 38 35
37 36 31 47
36 47 11 18
12 23 28 49
27 42 39 18
29 7 35 25
18 36 32 9
15 4 45 27
5 10 49 22
16 42 40 32
7 13 26 32
33 37 30 42
25 48 14 45
48 20 36 49
26 40 35 38
3 4 47 11
10 24 33 22
24 37 11 33
35 47 41 27
7 6 22 29
17 41 31 15
7 7 37 46
33 7 0 12
33 37 46 41
8 6 44 25
29 45 23 39
1 13 44 25
32 4 37 29
12 48 27 47
6 15 32 40
26 22 41 29
21 45 17 43
49 45 26 31
28 2 25 45
14 30 38 45
30 42 25 27
6 13 32 43
7 10 49 31
35 15 43 39
39 47 39 39
20 42 38 39
31 21 42 20
19 3 8 36
8 15 32 48
26 39 27 26
35 39 17 47
26 12 24 37
43 40 41 31
12 42 42 8
6 1 34 17
7 9 31 33
0 25 37 35
20 34 46 24
40 36 47 34
46 32 16 23
11 8 35 36
19 44 41 32
25 39 24 18
16 21 25 39
24 46 27 42
8 9 43 29
23 33 16 43
4 14 27 43
22 9 48 49
46 26 48 29
25 43 47 23
2 13 30 38
25 6 30 36
23 48 25 17
14 43 45 46
5 18 30 49
29 4 27 29
21 33 28 42
13 26 39 43
27 10 29 42
22 40 47 43
31 32 32 8
22 38 42 26
19 36 23 16
11 44 42 24
41 29 15 17
16 3 38 43
3 5 33 38
27 45 42 0
21 4 22 40
4 9 35 44
11 9 15 41
11 11 47 29
27 29 36 28
31 37 30 42
22 28 49 23
33 0 46 22
40 18 29 36
0 11 30 24
11 8 5 41
5 12 13 30
38 19 24 28
45 6 47 46
20 37 34 15
8 13 36 26
19 42 49 16
6 8 31 29
30 39 28 33
24 44 33 41
35 39 29 44
32 36 35 41
11 10 41 30
17 44 32 34
1 8 12 44
26 5 34 8
43 34 25 37
7 36 0 36
0 15 41 7
12 35 39 30
12 39 34 25
18 44 45 40
33 43 43 22
8 12 47 31
2 12 38 21
40 20 6 15
24 38 13 24
7 10 40 39
46 27 36 34
28 19 24 40
28 34 31 49
26 41 39 12
41 7 49 9
26 39 6 14
23 41 20 49
19 18 5 35
15 5 27 47
5 9 37 41
9 47 47 43
15 41 29 44
35 10 45 45
23 40 7 23
11 37 33 31
15 40 8 7
2 5 17 39
5 10 32 47
5 6 18 22
17 13 34 48
38 48 49 33
21 49 32 37
14 32 34 44
41 16 47 24
6 16 35 29
27 34 9 13
37 40 7 23
4 40 30 48
8 3 31 47
31 7 31 47
32 38 36 12
22 40 49 22
27 41 13 37
19 26 40 31
42 18 18 8
18 17 15 46
5 29 38 32
9 45 9 2
14 39 3 32
35 32 28 40
22 47 34 38
6 10 31 49
17 48 44 46
28 44 46 38
30 19 34 37
26 1 20 16
5 30 26 43
30 40 29 31
24 6 23 39
19 28 21 45
35 47 47 31
29 39 36 37
1 26 30 10
7 6 33 40
1 11 48 24
4 5 28 32
9 18 40 46
5 35 33 45
45 40 46 33
37 29 35 32
38 29 6 39
21 37 35 13
22 48 41 32
2 11 29 25
10 14 20 7
26 36 5 18
4 9 44 49
39 29 41 47
4 12 44 41
1 6 37 48
24 41 37 17
2 5 33 28
26 37 28 41
34 2 44 27
12 25 49 30
27 26 43 33
26 39 11 47
30 35 23 19
29 41 38 34
7 26 23 47
19 41 42 33
34 7 39 26
23 46 43 29
34 30 41 31
18 48 24 8
14 43 48 38
40 33 38 28
23 1 49 41
27 31 43 34
29 37 3 12
9 19 20 36
20 33 25 38
30 3 38 48
14 29 41 25
14 12 36 26
5 7 31 30
27 35 22 12
28 32 31 22
34 28 27 49
21 35 46 29
39 45 36 22
32 33 17 33
38 33 40 43
24 39 21 27
9 5 6 16
9 6 31 13
16 39 42 14
6 14 15 6
20 38 7 41
2 30 18 20
7 14 12 21
1 16 42 35
8 10 48 42
35 41 47 13
27 44 19 36
22 43 7 47
14 36 30 40
31 32 3 35
31 38 4 18
36 1 5 40
26 13 27 49
4 8 31 40
8 17 40 39
16 35 35 8
7 4 27 36
7 30 30 48
33 32 36 41
4 14 31 28
5 19 36 36
3 21 47 27
28 35 43 33
6 9 34 34
37 40 48 28
28 34 42 36
28 38 49 34
20 38 34 44
39 26 43 37
35 6 8 6
30 40 26 46
34 43 38 35
6 12 26 35
16 26 41 30
3 15 31 39
13 49 14 11
27 39 35 0
34 17 37 40
15 40 30 36
28 38 22 48
38 3 20 49
6 13 4 6
23 48 3 33
5 10 49 45
18 28 42 34
30 40 11 8
15 43 34 36
18 28 21 13
30 34 28 40
5 9 33 45
2 13 15 14
32 9 44 43
16 22 33 38
5 9 32 22
21 32 6 44
7 9 38 16
33 31 49 34
19 45 39 37
32 46 37 48
17 26 37 48
4 12 28 11
37 37 32 46
5 14 14 36
31 41 18 43
29 5 35 31
28 22 9 46
26 31 45 28
35 35 5 18
9 36 32 39
16 11 35 37
30 34 30 7
35 33 48 40
7 9 14 39
24 0 27 4
16 31 35 29
23 35 29 25
13 46 9 7
4 8 43 41
1 4 37 29
28 43 40 41
29 24 41 34
19 40 25 26
21 40 5 9
26 45 30 42
26 6 37 29
3 7 46 30
40 26 43 14
35 33 12 36
29 17 22 46
6 31 42 44
10 38 36 23
18 44 43 47
28 0 47 39
18 45 47 31
3 38 34 28
15 41 44 41
5 9 38 41
34 4 35 17
7 12 46 41
13 27 27 36
34 35 25 8
9 33 30 38
12 36 6 41
21 34 32 5
5 14 47 45
23 8 38 31
36 38 2 44
20 6 21 28
24 43 11 43
15 47 49 28
31 41 36 39
24 19 34 33
49 8 41 39
23 43 24 49
27 11 39 24
11 40 3 45
34 9 33 29
3 10 40 47
12 46 32 2
15 35 45 23
2 10 22 49
20 46 25 39
2 7 35 35
21 40 35 8
10 5 26 27
2 13 35 5
12 3 34 3
26 36 4 12
16 35 45 33
30 7 44 18
31 37 12 43
13 23 36 2
26 2 33 9
42 7 24 17
37 38 15 21
10 40 6 22
30 47 36 29
26 4 28 42
29 7 40 40
1 6 0 18
32 33 43 41
16 30 24 18
13 12 27 48
12 41 34 42
24 11 18 32
11 25 33 42
34 40 15 38
25 49 41 30
11 15 45 30
18 33 38 34
2 15 46 29
29 42 29 35
9 22 26 47
26 3 28 22
0 40 39 31
5 14 33 36
46 11 47 25
35 29 46 39
6 15 36 40
5 8 17 28
3 11 37 40
10 6 31 27
34 37 49 25
28 34 39 25
7 14 36 27
33 36 42 41
25 30 34 23
0 15 8 12
33 33 34 38
2 10 46 22
21 39 25 34
31 30 36 46
37 38 45 34
20 40 36 33
6 4 30 48
28 31 12 37
14 38 17 18
1 4 27 14
2 14 22 46
14 36 42 43
4 27 13 15
12 3 17 36
5 19 7 33
4 10 27 48
31 5 25 41
24 3 9 46
45 20 12 20
8 13 12 30
11 35 38 38
14 40 37 46
22 40 18 16
32 37 19 39
17 47 40 27
25 21 22 19
5 10 34 5
