50 348 14987 800
30 28 10 12
11 37 38 26
22 23 39 37
16 34 15 0
37 13 36 20
37 8 24 13
20 35 19 0
44 8 43 17
34 6 33 22
27 2 44 40
40 17 12 14
17 9 21 41
32 24 42 25
39 1 20 17
24 19 48 29
12 46 2 34
7 28 38 20
34 5 36 45
26 18 10 21
47 44 9 22
32 24 14 25
38 45 23 1
6 32 22 20
21 23 22 2
30 40 36 14
2 49 20 12
22 30 5 37
10 37 23 19
11 31 49 36
42 11 35 47
13 40 29 39
24 47 41 19
35 19 15 0
34 36 30 0
26 29 16 14
26 4 42 39
32 6 14 3
46 25 27 2
49 13 43 36
10 45 5 10
25 37 27 5
25 23 19 36
5 39 48 19
22 19 19 8
37 4 12 48
44 7 30 1
6 27 49 35
28 44 39 33
11 31 25 7
18 10 46 46
45 9 29 36
28 9 17 42
43 24 18 41
41 15 23 42
42 15 17 7
27 15 34 47
35 3 22 4
2 32 22 18
39 41 19 12
0 3 29 19
22 11 32 16
28 14 21 34
6 38 22 4
30 37 28 7
35 12 43 31
38 15 13 37
46 22 21 38
44 27 19 25
31 9 31 17
40 2 34 30
12 43 29 46
16 35 33 35
30 9 32 44
15 49 39 37
26 7 46 18
37 1 15 1
9 46 23 27
20 33 24 11
14 47 19 11
27 8 34 6
7 38 38 25
4 45 37 31
33 10 22 2
13 33 25 9
38 46 28 11
26 14 29 0
37 14 47 44
24 21 1 6
47 7 30 0
27 10 28 37
27 47 49 44
42 14 39 32
12 37 38 34
32 5 35 24
4 30 22 34
30 10 39 9
46 12 23 17
22 0 42 22
28 43 31 38
24 41 1 30
41 43 3 17
30 17 9 2
9 28 23 6
34 3 21 10
23 15 27 34
46 0 35 9
28 8 29 29
8 3 26 9
12 14 38 28
37 43 15 16
42 16 44 20
36 6 40 32
45 37 36 48
12 49 29 3
23 42 49 26
49 20 29 4
39 44 41 47
36 13 38 43
6 46 30 5
31 13 20 16
12 23 0 44
9 38 14 37
7 35 22 7
38 1 46 27
33 14 32 42
18 4 27 31
16 48 33 27
18 24 20 7
39 15 36 33
29 46 28 5
26 17 30 22
22 9 5 3
33 10 24 3
19 16 37 39
45 44 42 37
28 33 1 42
46 0 17 6
32 7 23 9
33 6 26 8
25 3 12 11
7 32 10 36
16 26 7 18
31 20 7 36
42 3 48 46
16 40 27 23
19 44 41 5
38 26 40 44
21 49 20 4
29 7 23 4
13 34 26 31
31 32 15 40
20 1 25 7
8 38 33 17
21 45 33 12
24 2 44 29
37 12 26 34
23 7 19 6
23 26 39 37
9 37 19 35
29 13 23 1
40 39 27 31
45 5 23 19
14 6 33 0
44 17 25 11
12 49 25 1
11 43 24 6
31 14 41 9
30 5 49 32
10 27 34 16
36 17 23 7
6 47 32 7
41 37 43 6
40 0 28 0
22 20 36 44
17 25 27 35
10 48 37 40
15 33 45 13
30 17 18 0
20 4 41 33
23 46 19 48
1 48 25 5
27 3 19 9
38 20 32 27
27 44 40 29
26 26 37 9
28 47 39 20
30 4 26 28
36 11 18 14
16 43 28 39
39 22 45 16
14 26 27 13
24 24 27 46
9 33 27 34
34 13 28 45
13 43 21 20
19 11 31 40
16 29 28 46
6 15 28 6
49 9 19 7
7 33 26 10
15 7 19 0
24 10 10 3
3 31 23 40
22 38 18 10
20 10 43 37
21 2 28 35
19 43 0 14
30 30 47 42
5 18 16 6
43 21 42 35
32 19 19 8
24 27 25 9
31 25 35 10
37 29 11 14
20 14 19 4
41 11 21 13
17 34 6 47
39 40 26 25
31 49 23 15
4 30 23 6
33 38 15 25
15 23 36 47
15 29 30 30
24 25 22 0
25 3 35 19
23 24 28 5
30 14 12 45
26 29 41 8
19 26 16 6
5 33 20 5
11 47 10 0
11 37 27 11
6 42 33 43
42 33 27 5
6 46 33 12
29 9 23 17
4 37 26 37
36 0 24 6
19 8 24 45
37 9 36 1
39 41 42 24
9 38 29 25
30 40 38 43
38 7 17 29
42 19 34 19
18 5 47 21
34 46 21 0
34 8 11 33
17 42 16 20
39 45 26 9
5 42 40 36
46 25 30 32
2 39 16 41
46 19 3 1
19 37 37 15
23 23 24 2
44 25 17 5
10 49 22 1
30 2 31 33
47 11 45 23
34 15 3 21
32 26 30 14
24 47 32 15
43 2 9 9
27 5 38 46
47 7 30 49
22 41 38 47
11 21 40 17
42 12 16 25
41 10 17 32
29 5 8 35
34 8 29 16
24 13 1 31
13 33 22 6
44 25 43 48
28 7 20 5
3 33 27 7
45 20 34 21
19 42 43 33
17 33 24 37
7 43 34 49
36 5 37 46
27 46 26 2
28 22 22 8
17 46 25 5
34 16 19 0
44 21 11 40
12 35 28 25
0 46 28 8
28 4 49 26
33 18 14 4
47 44 39 29
28 31 18 5
32 4 18 32
17 42 27 34
41 7 19 5
24 28 43 0
15 39 24 5
48 5 33 27
5 48 46 18
11 30 7 40
6 28 22 1
34 13 25 8
39 6 32 17
11 34 17 1
48 20 41 2
43 19 10 6
34 40 37 43
45 38 25 6
41 13 28 8
19 49 0 25
32 30 18 15
33 32 37 37
33 11 24 7
9 32 17 39
3 35 35 2
31 7 27 13
4 39 11 3
16 37 33 49
8 34 4 28
22 17 7 11
33 29 39 12
18 30 37 25
14 27 29 3
38 13 15 39
5 40 45 30
33 4 27 6
29 10 17 18
19 2 9 29
33 40 27 1
0 34 23 5
35 20 30 4
29 2 36 49
12 36 25 1
31 13 14 21
2 47 5 42
27 10 23 49
14 33 47 36
20 40 26 16
30 38 18 5
28 5 41 4
4 36 22 24
18 35 44 30
35 42 35 10
23 35 33 47
15 37 3 34
31 5 27 36
32 7 21 4
