50 1475 16470 800
41 6 7 19
14 45 47 29
35 20 47 24
37 19 42 26
29 39 36 22
28 27 13 19
17 29 31 19
37 9 3 20
43 38 1 19
9 49 44 38
19 14 41 28
9 26 17 21
11 13 41 17
45 5 29 6
49 20 45 34
42 12 27 7
15 29 40 35
37 28 14 6
31 32 11 25
10 20 18 8
43 7 19 21
39 26 9 36
22 9 41 48
34 25 2 20
45 43 7 13
37 32 11 13
19 32 9 21
32 38 49 37
16 4 34 26
14 47 8 22
24 22 2 5
21 29 23 1
15 49 8 14
37 22 35 16
23 39 38 23
33 16 9 41
24 33 38 25
45 38 4 19
10 20 31 22
31 16 49 30
37 13 45 3
35 11 42 7
31 17 38 23
16 23 40 35
30 18 33 33
46 6 32 2
3 26 44 22
44 0 6 20
23 29 3 31
16 32 1 43
40 27 33 28
12 47 32 20
2 41 40 12
47 25 35 9
13 49 25 12
35 8 42 6
41 12 34 37
37 20 5 11
36 27 10 17
38 24 49 39
10 22 5 13
29 29 18 18
41 28 5 13
49 17 47 48
42 0 32 22
48 41 1 23
47 17 5 27
28 31 8 46
42 20 21 39
10 47 48 10
40 34 43 18
24 25 34 26
32 25 3 49
44 18 12 1
26 16 10 18
43 49 12 11
45 13 33 35
13 25 38 11
33 31 45 27
26 16 43 2
32 35 4 22
40 33 5 18
27 8 36 19
42 13 7 22
30 5 13 16
12 27 32 13
12 49 48 23
40 28 36 35
41 23 41 10
13 21 34 15
40 5 10 14
35 8 40 20
48 11 44 4
46 3 6 0
43 35 30 27
8 7 33 15
21 12 29 42
45 34 19 3
41 25 30 20
28 44 43 3
12 43 36 6
9 45 26 11
38 27 37 9
45 16 38 33
34 34 14 14
27 25 46 17
21 10 14 5
28 15 37 28
41 36 37 24
37 19 3 21
36 9 46 32
30 38 49 38
41 19 19 35
36 35 48 32
13 46 5 16
46 28 39 0
37 16 34 3
47 25 39 4
24 21 31 21
24 29 9 26
35 34 4 10
36 33 7 15
20 35 4 17
5 17 35 35
36 48 2 13
15 26 34 3
43 17 46 28
7 25 11 38
26 24 38 30
39 5 47 12
31 25 4 17
1 22 35 39
16 5 10 49
40 3 38 10
1 15 32 28
31 43 8 14
28 31 47 42
37 28 1 10
42 43 27 20
31 7 8 17
13 33 27 44
30 25 47 3
46 40 0 11
24 18 14 45
45 9 49 39
22 19 31 42
34 19 31 14
3 7 42 23
15 48 5 20
39 43 8 10
42 39 39 37
12 37 35 0
49 5 37 19
23 28 37 0
23 18 47 25
44 25 46 49
18 22 41 13
21 13 9 4
31 29 1 46
33 4 26 43
5 44 16 21
38 32 3 13
39 18 39 33
31 45 21 43
39 10 10 46
49 15 4 16
12 45 35 4
36 12 44 28
28 32 11 24
41 24 37 35
25 15 18 1
47 23 4 22
46 15 34 3
24 16 4 2
32 21 41 30
10 32 2 29
43 6 4 4
42 36 19 33
20 31 48 16
21 23 43 5
44 15 45 34
12 11 11 17
19 35 43 1
49 13 5 9
9 23 13 19
31 28 20 29
27 12 9 21
30 30 33 25
44 6 29 25
12 26 42 19
22 16 39 38
48 26 32 15
43 20 28 10
28 23 3 18
39 10 43 28
47 44 28 1
18 12 5 10
8 46 11 16
36 43 0 14
29 24 49 23
45 24 11 14
7 20 32 26
37 44 33 20
37 25 49 15
39 33 49 47
43 32 35 7
30 19 4 8
39 27 38 37
32 37 22 5
19 27 3 19
23 0 43 22
41 41 44 8
46 14 33 10
22 15 2 14
27 24 2 1
39 11 46 34
34 14 32 0
18 6 7 15
41 5 1 30
47 17 3 47
45 33 41 24
35 27 2 19
38 9 34 7
45 14 29 39
43 4 38 13
38 25 26 4
16 21 44 0
36 14 29 9
15 27 23 8
42 9 44 27
40 44 3 11
47 34 45 31
41 40 22 18
23 44 44 41
32 29 32 5
44 3 25 3
34 26 19 0
40 20 9 16
49 13 38 21
34 24 44 41
44 31 23 12
45 6 43 23
27 19 39 36
37 23 26 30
44 30 12 18
42 23 6 42
43 28 38 5
28 30 34 23
34 28 1 15
43 9 1 14
25 29 36 37
34 36 36 6
17 45 39 3
49 23 34 5
6 46 31 19
8 25 45 42
25 10 4 18
38 20 22 20
45 7 13 9
7 36 19 16
40 10 34 14
45 11 38 14
47 22 38 31
49 10 1 23
17 9 8 14
30 14 5 26
28 20 44 31
43 21 23 48
19 33 37 26
38 48 33 19
43 15 39 16
34 33 32 0
37 21 0 26
14 30 47 33
48 19 27 12
35 26 26 31
33 31 39 27
42 35 37 28
48 26 15 13
46 6 8 15
28 32 41 20
33 33 32 29
35 38 46 15
11 17 25 17
17 23 7 15
22 20 6 32
16 38 11 20
13 4 26 11
21 19 12 11
23 15 12 4
25 36 39 38
41 7 33 3
25 18 4 11
31 41 46 31
39 28 27 23
31 21 1 12
11 8 8 30
34 28 46 37
30 26 5 14
46 25 37 36
10 45 36 5
16 22 9 15
32 40 37 18
32 35 6 16
32 28 0 25
40 44 32 36
43 10 11 5
44 10 2 43
37 19 24 5
19 38 49 12
18 8 48 18
42 31 10 4
21 14 2 23
18 26 9 19
39 26 2 44
27 24 44 29
35 25 3 19
7 41 6 15
13 43 2 24
43 21 45 4
29 27 28 5
39 26 1 45
39 29 25 15
32 12 40 29
35 40 37 15
26 6 38 22
47 11 18 11
48 13 38 27
19 18 37 33
33 27 42 45
48 34 7 15
13 18 24 15
49 28 37 4
33 37 1 28
30 26 46 11
14 30 28 16
44 20 5 21
26 40 36 29
30 21 5 0
15 47 6 11
18 7 46 28
29 6 5 4
44 12 14 44
49 26 46 3
37 16 1 21
36 30 34 24
5 12 4 20
29 26 45 8
45 35 3 15
32 16 36 6
33 21 4 21
46 34 37 34
36 26 43 5
43 8 32 6
40 35 36 22
24 5 39 26
45 15 12 15
31 25 1 14
48 18 46 0
22 23 36 0
48 21 22 5
46 17 12 11
46 44 28 11
35 27 27 5
28 35 9 46
40 16 49 20
9 49 38 7
38 27 43 0
34 5 38 32
38 26 7 11
27 18 2 13
13 21 38 7
39 23 35 20
45 12 2 22
8 30 4 19
46 17 32 29
44 17 45 5
37 16 34 14
46 46 45 39
29 32 35 39
15 19 49 2
32 23 44 15
13 22 31 21
47 16 5 41
32 17 31 34
37 30 2 13
47 17 5 15
28 41 5 17
49 35 22 14
37 3 15 18
45 22 10 40
22 26 43 16
43 6 45 28
25 16 12 8
43 46 4 15
40 18 4 33
1 12 43 22
27 36 42 4
22 27 26 15
43 26 40 38
49 25 10 9
44 22 38 27
47 35 48 26
34 28 36 13
29 33 26 15
39 33 2 18
30 2 46 11
39 12 0 33
18 28 38 14
27 23 27 15
37 17 40 40
43 23 2 48
49 9 48 29
42 32 14 2
44 15 21 31
14 12 7 23
37 8 48 25
31 27 45 33
15 7 3 40
36 11 4 23
36 27 39 22
24 24 16 45
31 30 5 22
29 35 2 9
36 29 40 3
35 46 34 23
40 13 3 16
41 44 6 12
29 31 36 18
14 45 1 20
13 27 4 13
28 35 31 23
44 7 17 8
48 21 7 10
25 31 32 16
39 44 20 7
31 12 35 14
46 43 6 18
28 23 31 6
34 32 37 39
32 11 43 23
35 24 39 31
45 11 11 3
43 19 43 38
43 15 15 34
44 25 13 8
26 30 14 0
45 15 31 19
35 41 10 26
32 32 15 40
15 35 42 12
46 7 10 16
26 22 30 44
38 22 9 19
23 16 2 9
36 6 30 7
31 38 39 18
28 21 20 6
40 32 33 12
14 19 1 21
33 26 8 19
47 41 38 15
39 35 35 10
35 13 31 0
24 0 0 18
30 17 46 17
22 21 10 22
45 32 14 12
11 43 43 18
14 30 16 14
45 34 39 23
24 4 49 26
25 14 4 14
17 45 16 27
29 28 29 10
36 17 44 22
13 4 8 49
37 31 48 25
32 20 26 4
22 31 43 36
32 20 45 29
31 44 40 30
46 28 36 2
42 18 18 5
33 34 1 5
44 22 31 24
27 3 43 11
27 32 9 4
33 22 5 19
31 34 33 26
42 5 4 14
38 21 34 25
45 7 42 25
35 9 28 16
46 6 7 19
31 10 33 23
9 47 36 4
35 13 12 39
23 25 46 34
10 3 34 8
38 8 35 27
14 42 1 13
39 18 11 7
41 30 4 8
38 28 40 0
6 19 29 20
1 34 48 35
28 21 17 25
39 21 1 20
35 34 46 1
10 45 25 36
33 19 32 33
18 17 39 34
32 34 28 12
40 34 21 6
23 32 45 23
37 9 6 46
38 5 16 15
3 32 26 6
42 21 34 6
47 15 27 25
33 32 25 44
47 31 2 12
41 36 27 27
44 11 0 19
25 30 37 20
20 32 31 35
23 4 34 33
31 17 9 19
47 17 49 34
28 18 4 18
48 17 13 35
40 29 49 37
35 17 41 19
31 15 37 26
6 29 40 7
8 15 3 22
2 28 10 16
40 21 2 10
28 34 5 14
46 33 18 18
37 46 44 4
9 27 33 7
43 19 39 20
44 30 42 16
39 19 35 2
12 48 46 25
41 32 7 21
6 25 47 9
26 28 8 23
6 43 43 39
12 13 1 43
6 24 35 24
45 45 36 19
14 12 6 14
36 19 41 9
22 20 5 21
15 17 3 17
17 4 19 18
37 45 27 5
4 38 36 24
35 13 48 40
39 32 43 41
44 27 43 19
29 40 31 36
46 24 33 0
37 32 0 17
31 33 14 40
30 48 7 20
40 24 31 26
38 25 30 32
43 30 36 30
45 5 45 24
15 27 42 28
21 19 37 11
19 16 38 8
37 32 45 22
13 41 30 1
24 25 2 20
34 29 46 38
23 39 30 30
26 27 6 23
25 26 37 40
48 13 47 20
21 42 23 1
29 32 37 1
15 32 39 5
8 7 40 26
44 18 28 28
41 12 30 23
10 47 3 24
42 22 33 1
23 10 27 31
20 35 44 36
39 9 26 38
45 12 20 7
30 37 40 5
22 30 8 40
38 20 26 9
25 31 34 27
43 31 3 13
36 16 26 37
20 25 1 40
30 33 4 13
13 31 12 12
16 32 39 40
7 44 47 28
8 47 2 23
20 34 47 35
39 37 22 11
24 13 30 30
42 15 12 42
46 42 29 28
34 23 40 19
48 15 27 14
32 15 4 15
10 32 3 15
34 49 12 17
18 36 48 19
21 11 34 23
34 39 45 49
35 37 7 21
41 41 3 40
23 26 49 6
2 13 33 15
30 26 30 13
41 9 33 25
49 18 41 35
36 16 41 47
19 41 25 17
20 21 40 27
42 34 13 8
49 11 19 11
48 12 19 2
37 33 5 12
44 37 6 15
44 16 13 34
13 34 32 1
10 45 33 41
48 31 39 10
39 25 2 16
31 22 42 25
30 43 8 14
42 20 22 32
18 12 16 25
42 35 3 20
49 17 5 20
30 23 45 33
31 28 46 6
30 43 10 25
5 32 2 9
24 16 27 43
31 20 40 25
43 14 27 37
31 41 8 21
32 24 3 18
40 9 42 40
39 26 2 39
39 15 5 7
22 44 41 7
37 18 10 8
10 24 39 19
18 17 1 5
8 35 4 28
37 31 5 20
35 28 40 47
41 16 29 31
44 31 40 1
6 15 32 30
38 11 32 15
41 19 24 47
49 34 14 18
20 30 8 46
27 13 16 30
35 23 5 24
21 26 2 34
30 14 2 12
29 44 41 13
29 28 6 23
13 47 12 23
40 14 34 15
44 14 15 6
46 25 33 17
18 34 35 29
19 39 12 13
37 19 37 6
14 25 2 13
47 18 35 20
2 35 6 21
32 11 18 5
30 28 33 12
43 36 48 23
30 39 31 45
38 13 24 0
45 9 43 18
28 19 43 33
45 25 2 4
41 41 46 5
28 7 37 37
14 16 31 0
20 26 29 25
42 24 47 6
26 26 4 12
30 16 49 8
45 20 30 2
43 40 35 25
35 17 47 3
42 20 46 32
17 26 43 5
26 10 21 0
23 16 29 37
38 28 49 25
8 24 4 10
32 34 33 14
21 11 31 40
10 48 4 25
27 27 33 43
0 1 38 23
9 48 47 25
30 10 40 35
31 44 6 14
26 28 10 14
41 7 45 2
39 16 18 2
41 29 25 25
24 25 45 12
26 29 34 6
42 4 43 0
42 28 34 36
26 41 35 38
47 36 1 4
46 39 32 25
19 22 8 19
35 46 9 35
15 36 1 3
44 16 31 2
44 35 42 10
43 43 37 8
39 10 40 29
10 49 29 19
0 43 12 15
46 20 17 48
41 34 35 6
41 28 45 43
42 2 14 29
38 39 31 6
40 31 31 4
19 48 35 48
3 37 45 0
18 36 8 35
36 19 9 5
48 6 35 12
41 23 32 49
13 49 5 23
23 29 7 13
39 3 9 9
21 25 47 5
32 27 37 20
49 15 34 15
31 38 6 14
0 14 4 33
32 38 31 6
46 19 35 30
43 13 39 37
36 22 30 5
45 15 18 4
32 31 41 23
41 38 34 1
46 0 30 1
1 7 40 14
39 23 6 23
36 24 22 28
43 17 48 40
40 8 18 14
23 19 40 19
27 19 8 17
35 22 48 45
40 21 38 30
36 20 5 19
44 46 27 20
0 13 32 17
27 30 36 32
15 20 40 23
36 40 5 31
45 9 42 16
39 39 11 11
40 21 38 26
35 46 45 31
35 23 45 43
16 22 40 28
41 13 43 0
23 20 3 24
23 17 0 16
42 26 4 9
36 43 48 23
41 26 33 15
46 17 46 36
40 14 1 15
43 24 48 39
27 26 45 34
47 41 8 3
45 42 2 3
28 29 39 42
32 34 24 6
30 21 4 19
30 27 43 33
34 42 12 38
42 27 8 18
46 44 39 38
20 19 15 26
42 6 31 31
35 21 38 24
36 28 27 2
29 14 15 38
4 44 22 18
32 23 15 6
6 19 39 28
11 49 49 12
25 44 27 1
36 34 19 12
39 31 28 22
23 21 16 44
28 12 37 8
22 18 5 20
48 14 18 2
19 18 42 9
41 13 45 44
18 14 28 7
30 21 5 24
34 28 4 13
42 42 37 27
36 38 30 17
15 16 40 16
11 12 32 37
47 13 49 33
45 16 25 23
43 32 29 14
45 2 21 0
40 21 30 29
42 36 6 15
49 22 4 46
29 15 30 38
10 36 38 22
33 20 5 16
48 16 20 4
38 20 2 16
36 24 41 27
20 28 42 9
30 27 47 9
45 35 4 14
16 25 9 20
18 29 15 33
32 20 46 38
22 17 45 23
25 27 11 15
41 12 40 49
36 26 42 41
35 36 2 48
46 27 7 17
34 37 45 45
24 19 21 22
26 7 46 31
41 8 44 22
46 13 0 11
46 2 40 12
48 8 38 4
30 31 6 22
34 9 9 18
25 48 15 20
43 8 46 34
30 28 39 8
25 34 49 26
25 45 15 30
38 17 44 41
28 33 49 38
40 45 46 30
33 7 24 8
46 24 36 27
17 4 34 17
40 31 11 38
21 32 49 49
4 8 44 10
29 39 45 13
32 31 41 7
29 24 12 22
22 31 37 40
12 49 45 29
30 24 10 16
7 48 4 19
40 36 7 25
17 32 45 31
33 21 34 0
36 28 32 33
43 10 46 20
27 29 32 18
22 13 37 33
43 33 37 4
43 10 49 24
48 12 49 35
2 22 10 15
30 38 44 27
10 44 12 17
45 22 46 31
22 22 40 33
43 19 13 18
10 40 47 36
43 48 33 4
46 17 15 30
32 35 12 13
25 30 12 6
14 31 37 6
44 36 27 24
31 23 0 16
49 32 36 6
31 31 26 11
10 21 36 39
48 13 31 3
25 25 8 15
29 24 20 29
32 34 6 24
28 39 29 8
38 25 33 20
44 11 27 27
14 34 2 8
23 14 12 15
17 42 45 5
46 5 25 32
29 24 7 6
18 23 34 27
46 12 46 38
9 15 2 36
32 34 13 9
26 13 47 20
44 17 49 23
23 36 24 4
29 25 47 28
39 16 6 21
38 22 38 12
28 30 45 21
24 28 39 33
15 31 22 48
35 43 39 42
30 27 10 7
8 15 27 31
49 36 11 15
37 41 47 21
44 15 26 0
30 40 9 9
47 2 49 7
29 32 37 25
38 23 42 36
33 33 25 32
38 22 1 36
46 25 6 14
34 13 12 17
23 15 34 4
11 45 8 2
42 9 2 19
39 35 6 24
42 46 25 46
21 20 44 16
45 37 29 35
41 23 24 22
27 28 40 28
36 40 5 40
10 30 5 8
37 16 28 21
46 36 46 13
38 14 34 27
35 29 48 34
32 29 13 11
18 26 27 32
11 16 8 18
40 39 20 18
22 21 7 21
40 9 39 38
2 0 11 26
35 19 39 3
8 3 26 38
48 32 9 11
46 39 1 23
13 48 0 9
34 27 5 16
34 17 21 15
36 22 42 34
30 17 28 2
26 39 1 9
40 32 36 1
43 49 3 18
13 25 49 26
26 22 34 26
1 14 34 12
33 29 2 11
49 42 49 36
34 18 45 23
45 10 26 11
38 10 24 49
38 12 1 25
32 20 29 2
40 13 8 15
38 35 37 15
30 21 19 21
32 34 0 19
9 47 40 27
7 24 44 32
5 36 35 12
29 35 9 18
28 26 5 9
27 22 42 33
45 16 7 17
43 47 1 16
32 16 8 16
29 13 45 33
46 22 26 29
41 6 18 11
34 11 43 1
32 28 14 35
44 14 37 27
19 12 22 8
34 20 9 43
33 8 17 49
35 36 14 15
13 18 27 35
11 22 33 31
39 40 41 31
41 4 38 26
28 20 49 23
19 17 23 40
39 26 27 42
37 36 45 41
33 28 5 18
35 27 37 0
39 16 26 17
5 42 23 9
30 48 26 23
23 7 46 30
35 27 22 6
24 37 48 24
46 18 49 24
7 23 16 46
42 15 12 45
45 32 8 14
48 15 33 14
29 14 41 12
45 49 5 18
43 38 17 7
39 12 23 2
32 35 7 4
23 24 37 33
34 19 47 44
17 26 42 23
47 16 47 7
33 12 42 32
46 21 37 29
36 18 45 3
35 37 46 19
33 10 29 31
40 15 22 0
36 1 48 4
13 14 3 22
41 23 38 19
22 39 4 17
31 23 46 27
37 13 41 36
14 27 39 23
23 19 47 15
39 44 6 13
23 49 31 20
20 29 39 20
19 27 3 5
48 23 6 16
44 6 13 2
35 23 10 14
42 21 5 19
48 48 6 23
16 13 4 47
13 33 1 19
29 19 23 22
38 16 19 35
38 34 6 18
41 49 46 36
35 11 16 16
38 18 2 47
31 9 29 30
28 47 1 39
35 9 34 1
28 26 39 2
38 19 39 0
25 34 39 13
37 21 37 27
40 18 30 37
40 33 4 24
31 24 19 27
42 31 29 15
41 24 4 21
16 46 31 8
28 18 28 31
49 28 41 39
33 28 5 22
41 26 20 13
20 16 11 15
26 49 12 20
19 22 43 27
27 9 19 40
22 11 5 22
38 2 33 10
37 15 29 5
46 23 31 23
39 32 40 11
25 13 11 24
38 20 0 8
35 35 23 3
26 28 11 9
33 15 25 16
26 18 33 24
32 22 2 17
35 33 4 19
41 39 8 15
9 17 7 12
14 13 34 39
45 42 46 19
29 1 12 36
27 13 39 49
22 31 4 13
36 1 5 23
36 43 38 27
32 19 31 24
19 11 31 32
36 11 32 26
41 23 37 9
41 7 26 2
37 21 45 34
10 21 8 24
38 18 7 19
24 38 44 4
33 35 32 26
33 12 5 6
24 32 10 12
30 10 47 28
49 13 0 48
47 32 30 9
36 35 41 17
22 4 5 23
48 32 15 23
10 46 8 14
28 25 37 37
29 11 7 30
30 15 43 24
39 15 45 37
27 48 36 4
31 30 25 5
45 13 45 22
27 8 42 17
34 12 15 33
45 10 28 7
42 26 4 17
38 27 10 19
44 36 10 12
26 25 18 21
34 21 45 1
2 20 5 27
29 25 48 22
10 16 33 3
43 0 12 9
44 46 31 32
36 32 38 25
46 23 47 19
26 19 1 18
45 44 39 19
46 14 47 21
21 27 22 1
34 17 24 46
12 14 34 4
31 11 15 19
41 33 35 32
15 49 12 24
46 37 10 23
9 42 44 33
22 28 0 16
30 28 13 10
49 36 6 47
16 14 39 2
41 33 28 12
44 18 10 9
26 17 39 27
17 47 0 13
33 24 1 36
39 17 43 9
36 21 23 1
14 7 47 37
27 25 45 29
34 24 24 21
36 15 4 19
39 23 39 11
25 34 49 37
36 27 23 6
12 23 20 43
31 37 5 19
36 6 2 13
36 45 22 9
36 47 11 17
47 14 36 28
43 22 48 7
40 42 49 17
9 21 33 19
5 46 33 23
10 39 21 36
20 14 46 15
37 27 47 29
41 43 4 29
32 23 12 45
20 26 46 18
27 33 18 8
29 18 49 12
21 25 0 41
17 41 49 21
16 29 41 27
42 17 18 20
31 16 43 36
43 10 3 12
48 18 33 7
18 25 3 14
41 45 30 4
23 13 40 26
27 20 7 31
38 30 24 49
1 30 5 16
33 24 34 20
4 36 36 2
27 17 11 22
33 13 42 30
49 24 2 21
22 32 36 4
49 21 13 15
20 15 18 43
38 28 29 24
36 24 3 18
34 18 48 3
46 40 34 25
21 38 4 12
33 13 35 28
36 24 36 32
25 19 40 24
44 10 20 9
22 25 26 16
28 31 8 39
24 31 33 6
33 24 26 11
34 48 38 23
16 14 33 20
42 43 19 14
39 46 30 13
43 20 25 10
28 41 3 20
23 28 41 14
39 25 41 32
39 32 34 26
39 17 30 16
15 32 12 10
26 27 48 18
7 22 42 20
45 16 48 5
15 35 11 39
41 41 16 4
37 35 43 20
16 14 17 18
35 17 9 19
15 35 16 11
5 8 47 19
34 26 38 30
41 24 41 2
46 11 28 1
49 32 45 23
32 29 46 25
39 13 49 46
48 16 22 35
45 17 42 33
26 29 30 11
9 3 34 6
25 22 45 33
28 16 37 11
29 20 41 23
23 35 7 12
32 32 34 9
20 19 2 16
29 20 34 41
24 26 1 44
18 5 33 31
24 28 31 8
32 16 28 6
38 12 13 12
37 16 3 23
44 3 46 17
0 17 37 25
44 6 25 3
46 15 42 31
41 35 46 23
25 35 6 14
15 9 28 33
40 30 29 5
41 30 9 48
44 9 46 30
30 9 30 41
21 4 44 41
18 24 12 18
32 32 34 2
47 26 41 13
20 22 8 1
26 33 39 25
44 28 23 43
32 22 49 47
46 9 1 16
29 34 47 10
32 32 39 45
30 17 42 45
44 29 16 36
45 28 33 32
46 6 32 26
40 27 5 26
49 11 6 15
38 24 35 11
45 25 2 20
39 16 22 10
33 36 35 13
36 23 0 27
17 26 38 2
32 22 47 11
16 13 20 32
44 41 6 13
0 20 35 1
41 14 29 16
33 5 44 5
41 0 38 26
41 20 0 10
25 24 46 18
49 17 7 12
41 28 38 30
33 16 1 20
32 35 40 4
47 43 31 23
38 23 5 22
32 34 39 23
32 24 21 19
3 33 31 0
33 26 28 5
27 27 44 19
1 4 31 1
26 26 4 15
41 16 28 6
48 34 2 11
32 40 7 27
47 8 46 31
42 18 2 14
26 34 48 30
38 13 6 45
35 27 5 20
18 40 2 19
41 12 7 8
39 23 2 16
49 7 9 22
40 35 49 16
26 33 39 9
33 28 7 11
38 28 29 19
12 47 8 20
31 16 31 45
42 47 9 18
24 47 45 17
2 32 34 20
33 20 20 14
37 30 25 0
28 29 31 3
11 17 48 30
16 30 37 46
21 4 35 18
20 35 14 46
0 33 2 39
11 46 0 11
23 34 38 4
49 42 46 31
35 29 11 45
37 24 10 14
27 16 32 39
44 12 30 24
39 18 36 30
43 42 24 48
15 47 5 15
41 46 49 38
48 1 7 13
31 13 30 1
26 10 45 0
37 15 30 6
49 32 2 20
37 18 38 23
16 15 20 16
42 44 38 46
48 21 30 5
43 30 6 23
29 29 5 17
13 46 4 12
40 5 4 8
25 22 38 27
6 9 42 26
35 8 5 18
7 9 49 35
19 8 43 37
36 25 26 16
49 39 28 28
27 36 33 3
35 32 4 36
21 32 7 11
46 28 4 18
42 7 32 16
39 27 3 16
28 6 40 14
36 26 1 22
9 46 7 22
3 42 21 6
34 27 40 34
41 12 1 28
3 1 43 25
38 20 0 45
19 17 40 33
26 16 9 20
32 24 3 14
24 42 34 8
21 39 29 44
43 14 4 45
39 35 34 35
4 5 25 12
15 26 36 2
37 19 5 14
29 3 25 12
26 23 46 36
22 17 1 22
9 36 3 5
15 21 0 2
47 12 47 28
34 27 4 7
48 12 21 3
14 48 10 43
17 17 4 17
2 7 2 20
26 6 6 16
38 24 38 13
35 25 24 41
25 28 42 8
11 6 14 41
39 49 8 17
30 21 20 30
46 11 38 0
6 15 38 21
43 33 5 21
13 20 11 23
24 41 46 35
40 20 1 18
30 4 46 8
34 20 32 24
23 24 30 21
35 20 48 4
1 25 43 38
44 11 38 7
26 37 13 7
41 27 34 42
33 14 7 24
16 28 8 23
20 15 10 20
45 16 41 24
39 2 40 21
40 33 4 47
45 35 29 31
44 11 32 47
36 1 9 2
24 7 4 17
30 25 7 14
