50 130 19861 800
48 35 4 20
38 30 2 32
49 44 34 33
3 14 3 40
11 6 32 43
31 26 25 47
39 42 23 31
20 4 13 43
22 45 24 32
18 18 16 28
44 46 11 34
29 38 12 43
32 34 31 29
28 40 29 36
46 49 41 44
47 39 38 44
1 9 6 43
20 10 39 49
46 39 28 8
21 13 9 35
17 14 33 24
48 35 39 34
26 21 5 35
35 36 23 30
34 40 29 34
35 25 11 36
16 29 26 47
6 6 13 37
38 43 23 44
39 25 26 30
43 41 24 24
23 23 24 36
42 33 27 31
38 42 7 42
0 1 25 33
47 34 27 28
19 10 19 37
44 13 5 36
45 34 15 48
34 22 3 43
14 13 29 26
31 28 13 41
35 48 9 41
45 36 24 40
16 21 24 45
37 34 1 33
28 46 25 31
19 17 29 33
39 35 11 37
41 40 33 31
46 39 31 43
42 25 14 41
8 3 25 47
40 46 8 46
49 25 18 34
22 26 22 34
15 18 24 30
9 1 31 30
17 15 23 29
36 38 6 5
43 31 26 33
15 2 15 30
43 44 6 34
45 32 27 30
13 15 25 29
41 39 41 29
14 18 30 43
41 40 5 38
39 21 18 37
9 20 22 42
4 6 23 34
21 18 7 35
18 15 28 29
7 12 26 34
6 4 29 30
0 11 8 44
15 12 7 37
21 26 18 42
17 13 23 34
22 23 16 46
45 41 11 46
13 16 29 35
33 30 17 35
43 46 25 31
9 16 24 34
37 14 18 40
12 16 7 39
13 17 24 33
47 18 22 29
44 35 14 22
21 15 20 32
45 43 24 28
38 31 18 44
17 21 28 36
14 16 9 47
16 4 12 38
12 17 47 47
40 30 30 27
34 29 2 39
21 3 20 39
12 14 37 41
42 38 18 43
35 18 28 29
18 22 18 40
39 44 20 35
30 31 10 47
44 40 6 12
39 42 10 35
4 10 38 41
25 18 31 31
0 5 32 32
43 40 0 36
8 11 20 31
15 20 24 35
29 28 26 34
9 4 8 46
36 24 27 48
6 24 32 30
46 23 15 37
7 9 9 19
22 26 27 32
33 38 25 31
46 45 22 33
17 18 25 31
48 34 27 28
8 10 30 31
10 14 28 20
13 28 26 28
15 15 31 46
13 20 13 44
