50 219 19778 800
20 37 25 45
47 14 1 42
20 7 14 32
11 12 18 31
36 6 29 21
6 44 18 17
43 23 43 28
15 43 2 24
44 5 19 18
34 15 47 35
5 11 40 9
29 13 41 11
10 5 43 27
26 22 36 41
45 14 0 27
25 39 32 46
36 35 15 22
12 23 19 16
49 19 4 34
48 31 22 11
1 48 14 47
5 32 30 28
27 11 21 37
30 17 33 0
35 36 18 26
34 29 14 40
9 14 19 42
9 8 10 28
48 1 40 47
40 14 47 35
9 18 3 27
11 40 20 44
13 4 20 32
38 27 44 38
29 46 42 34
28 47 45 44
35 38 30 37
22 38 18 14
40 23 17 23
22 43 46 37
42 30 9 20
18 11 13 39
49 30 32 13
8 14 42 5
5 27 38 14
41 8 48 31
44 3 37 4
10 11 20 48
36 26 20 30
9 35 41 21
12 29 15 17
14 38 21 43
9 32 22 36
25 18 42 14
22 40 43 24
1 49 38 13
8 8 11 39
28 38 36 33
13 16 42 48
34 21 7 5
38 31 3 23
42 33 48 41
7 31 43 35
27 22 29 39
30 15 42 11
11 13 48 30
23 34 18 34
47 9 47 29
13 9 11 20
38 9 39 26
6 13 9 38
11 24 39 37
19 30 49 35
25 30 1 12
31 4 9 38
38 4 30 33
42 5 45 46
18 21 34 33
44 1 8 47
42 28 1 36
17 10 9 41
8 41 38 40
20 21 14 37
36 36 32 30
41 25 35 35
16 33 24 45
48 20 43 33
17 27 45 12
39 5 42 41
32 18 46 26
29 45 17 9
37 10 41 31
6 6 16 34
9 43 22 49
5 1 38 6
21 25 34 19
12 35 35 16
15 8 38 12
20 25 18 37
21 32 36 15
17 15 4 32
27 27 35 41
21 19 48 32
18 9 18 18
17 33 7 40
34 1 7 40
37 2 41 30
22 18 37 11
29 45 10 47
49 27 27 44
18 32 14 35
27 24 8 29
13 45 43 21
26 32 26 43
47 33 25 34
14 5 29 44
44 9 22 18
19 21 12 49
48 16 11 32
31 12 21 17
19 43 28 38
41 0 40 6
11 10 17 29
14 5 48 23
5 12 24 28
14 35 12 42
13 6 37 16
18 13 26 34
14 6 25 41
31 28 36 40
48 15 18 33
8 32 41 30
37 6 18 27
24 17 3 40
5 49 29 10
2 35 22 29
10 37 36 33
4 34 20 35
19 20 32 45
37 38 27 26
15 23 49 34
7 33 20 49
22 41 46 29
46 20 2 22
25 10 25 22
21 42 14 48
30 14 29 36
10 8 0 26
13 42 4 28
15 13 14 48
29 37 22 38
40 16 9 37
43 4 16 44
10 32 43 2
21 39 12 42
47 27 9 14
9 38 49 15
15 8 37 31
47 39 17 39
4 8 14 13
19 14 40 19
43 24 15 45
18 5 30 22
0 49 13 36
5 41 12 33
13 6 48 49
36 42 34 29
22 34 23 29
15 6 31 18
23 48 46 36
27 26 8 35
29 20 1 1
12 30 19 44
20 44 44 31
48 6 44 26
35 27 0 31
16 42 48 27
42 39 41 23
4 5 16 48
1 38 33 46
18 25 45 14
46 8 22 27
13 19 44 32
19 28 44 25
16 35 37 12
17 12 47 27
4 18 0 11
14 13 3 27
26 28 21 31
6 33 0 22
41 31 15 22
40 31 36 28
44 34 28 49
44 10 35 16
47 34 44 4
41 3 43 26
10 16 3 25
32 25 35 33
14 9 46 39
37 24 2 29
47 3 19 16
44 20 33 4
29 36 9 40
31 25 43 41
40 31 12 26
29 37 37 20
18 28 16 18
45 2 3 42
10 48 46 48
21 30 19 35
22 21 41 33
46 4 14 37
4 46 15 28
14 35 46 13
27 43 39 36
24 6 19 13
49 40 31 40
45 1 17 35
10 7 20 17
