50 187 15890 800
24 11 17 37
31 6 24 39
24 4 29 10
18 20 15 42
6 20 35 7
12 20 40 35
3 25 14 5
33 47 26 7
1 10 34 35
6 26 27 48
13 35 41 39
11 14 37 36
23 6 22 48
4 5 40 13
9 32 47 12
15 16 49 30
16 47 40 13
3 35 9 14
10 10 40 35
3 26 12 37
20 32 11 20
3 28 37 10
36 12 41 35
34 15 30 29
44 5 49 12
12 17 10 43
8 38 12 11
33 13 17 47
4 17 18 33
19 4 44 41
7 27 43 29
20 25 11 49
32 14 11 36
45 29 42 15
18 12 13 44
16 26 11 7
13 18 40 25
16 14 45 45
5 39 23 10
19 11 31 23
10 12 11 18
39 11 24 48
33 12 46 12
23 38 39 18
15 15 12 12
39 5 36 25
15 14 23 4
15 34 14 42
16 12 40 4
36 12 25 40
30 11 39 44
33 19 27 40
3 11 30 8
10 28 6 49
24 11 38 22
1 40 49 20
38 6 39 45
16 5 36 16
8 42 17 30
1 48 7 36
10 3 11 32
10 49 2 41
27 4 3 34
13 14 17 43
19 16 5 17
15 12 20 39
30 1 22 10
6 12 19 49
40 2 6 42
24 12 40 30
29 13 16 45
10 31 26 8
6 8 43 44
45 6 43 23
21 11 12 17
2 28 26 4
12 11 23 9
8 6 32 9
31 0 6 13
10 42 21 2
6 17 8 24
33 15 38 37
36 14 33 18
33 17 13 12
4 32 18 47
6 28 9 42
5 23 15 10
6 7 10 21
31 9 36 26
30 19 22 0
10 7 41 26
32 11 26 45
17 0 37 24
10 17 42 27
21 3 18 47
31 16 41 48
10 11 11 27
14 38 6 13
13 17 10 15
34 12 38 16
24 9 15 49
5 2 39 24
17 10 36 49
30 23 9 18
20 2 39 25
13 6 21 37
25 30 28 17
1 19 29 33
14 34 45 34
27 6 34 37
9 18 3 41
33 4 20 41
17 13 19 47
32 11 12 14
34 31 11 29
32 13 41 8
32 15 10 17
24 18 37 40
25 19 39 19
31 0 41 30
15 21 15 44
15 17 33 47
12 14 37 20
36 39 1 47
30 7 10 17
5 27 38 26
39 29 18 7
34 13 25 47
11 4 40 26
38 9 12 33
1 19 31 8
12 39 38 38
17 9 22 14
6 15 12 49
41 25 17 12
10 35 49 9
19 8 14 11
16 8 37 26
18 0 43 17
45 6 29 33
25 35 24 46
22 2 11 22
17 1 11 10
27 13 10 40
0 46 10 14
21 21 2 39
2 20 32 20
19 43 15 19
5 43 48 40
21 17 43 29
34 12 42 27
3 8 15 34
29 13 13 49
22 39 37 2
3 17 46 2
20 3 29 18
40 12 18 19
35 8 14 43
16 15 29 40
32 6 45 38
40 6 43 22
16 5 2 41
3 9 47 44
11 37 42 44
30 45 33 17
33 3 11 13
31 1 39 19
21 19 38 30
16 6 32 29
16 6 33 44
12 21 26 32
38 9 29 22
7 46 6 40
5 4 13 14
26 7 49 17
9 21 20 5
37 10 3 47
7 44 30 19
21 2 33 22
13 8 46 43
35 9 47 32
32 13 20 35
11 37 38 48
33 9 43 36
13 14 23 7
3 6 42 27
13 22 33 22
