50 799 11504 800
42 5 9 23
44 25 11 16
18 40 34 7
1 43 37 46
21 4 30 36
11 30 11 19
45 34 7 9
8 33 15 20
15 11 49 23
38 14 45 12
31 36 43 11
11 8 36 43
49 1 9 12
39 38 18 20
32 26 33 9
38 26 19 9
36 1 30 11
47 13 35 47
41 29 37 49
6 23 29 32
23 6 29 18
19 8 16 19
29 11 31 39
48 39 27 3
41 38 35 5
10 25 35 3
12 27 32 30
49 11 49 19
13 41 34 9
49 20 15 23
5 6 7 26
47 23 27 1
38 2 32 22
47 5 6 3
11 7 16 18
20 13 9 11
41 11 19 21
21 41 3 3
43 21 16 15
5 36 12 24
39 1 43 39
28 30 19 32
25 13 15 20
45 20 25 5
35 26 24 32
23 31 28 47
8 1 19 21
46 41 6 26
21 4 37 0
36 34 7 13
39 41 10 27
34 39 29 23
42 23 35 10
41 40 39 31
38 34 40 0
36 36 30 13
17 25 43 19
37 30 16 7
4 13 6 19
36 36 16 7
23 20 26 27
15 38 23 16
43 9 43 4
39 28 11 24
39 26 10 10
2 24 35 3
1 43 30 10
40 3 19 24
1 40 42 8
31 43 28 15
34 32 8 8
20 14 4 24
42 2 38 12
44 15 3 24
35 22 9 8
49 22 34 20
29 4 25 33
35 35 1 36
46 13 12 23
32 29 18 19
44 40 12 16
5 21 36 16
1 16 23 18
31 39 37 3
41 43 24 39
9 20 0 16
28 13 24 12
39 30 3 18
25 41 37 21
32 22 31 0
8 39 23 9
24 4 21 0
0 5 13 42
31 21 18 21
34 24 27 18
45 32 32 14
7 28 11 8
49 2 3 13
0 25 21 43
45 5 24 22
3 4 27 15
8 11 11 21
48 34 28 11
35 37 37 3
19 5 7 16
29 34 35 34
36 28 7 34
36 40 14 6
46 30 10 5
41 47 9 2
38 24 33 10
30 37 16 5
38 32 28 12
21 8 9 32
9 33 38 13
29 25 43 40
47 41 12 30
36 19 8 31
21 21 39 16
47 14 40 10
31 39 33 4
43 36 19 32
17 17 20 20
42 27 42 7
14 4 32 29
39 34 15 15
7 38 31 6
37 23 15 18
14 7 35 15
10 35 5 21
0 33 23 12
44 21 7 7
49 7 20 3
5 31 31 9
2 42 15 41
37 0 15 13
34 18 28 10
29 5 25 44
39 30 46 5
7 0 31 0
29 42 40 2
35 38 18 12
32 26 43 6
23 20 20 32
45 5 39 16
35 23 30 8
15 13 18 19
34 30 20 30
25 31 44 6
8 46 35 0
37 35 37 4
39 25 33 24
5 47 11 5
45 5 35 47
35 28 19 27
38 30 36 12
3 5 41 47
14 34 36 9
30 20 33 15
26 32 21 15
34 29 39 5
42 36 8 25
45 5 23 35
37 28 7 31
18 20 32 7
31 6 20 9
22 10 23 28
26 34 14 15
12 31 36 11
2 14 25 29
1 31 19 9
46 44 23 47
33 2 32 9
23 10 39 1
33 25 0 6
18 18 30 12
32 2 34 49
24 39 12 27
23 18 6 17
15 20 23 18
26 31 18 14
34 26 7 28
17 15 10 36
45 37 42 40
43 3 22 39
32 26 29 20
43 7 27 8
18 28 38 8
26 4 16 31
3 32 26 20
26 2 17 4
43 15 27 19
40 34 40 2
25 13 9 30
47 45 34 42
43 17 28 4
13 21 27 35
46 15 36 35
6 27 30 13
17 6 26 22
31 33 23 19
29 27 5 10
18 31 30 3
10 13 28 17
49 22 20 8
0 33 22 37
30 26 20 26
19 6 34 10
43 2 33 9
38 5 26 14
20 3 12 31
14 10 45 1
49 29 18 30
48 15 14 22
1 40 30 25
30 28 9 37
31 22 15 37
19 32 23 20
49 22 32 8
36 23 10 10
15 3 29 28
44 33 10 44
16 15 33 10
47 32 20 20
24 19 8 13
8 7 10 12
10 20 45 43
30 25 39 24
30 36 32 12
40 20 15 10
0 3 43 1
13 33 46 45
30 31 36 6
45 42 29 34
34 48 39 3
39 28 5 14
40 37 15 30
30 21 33 18
26 14 20 21
4 41 40 24
17 16 14 31
14 9 35 2
48 47 7 17
4 32 10 11
46 4 26 4
42 21 18 7
15 24 29 30
38 6 24 0
44 25 26 28
23 32 22 48
0 32 33 40
36 33 17 11
4 37 32 8
29 11 13 28
31 35 31 43
47 6 27 9
37 33 32 13
47 9 38 20
8 22 37 3
2 14 21 18
31 10 40 43
26 30 34 22
28 23 21 2
47 4 38 43
1 10 47 41
10 41 26 31
46 3 23 16
4 31 27 5
43 13 41 41
31 25 37 23
29 35 28 9
20 10 34 8
45 2 31 41
35 24 34 15
13 16 24 8
40 22 19 12
28 25 11 2
1 15 27 8
3 46 31 2
8 24 14 19
32 22 25 16
43 33 40 16
29 2 18 25
33 31 20 31
48 43 27 21
23 6 36 3
43 6 24 11
16 16 11 10
42 31 45 49
42 4 17 20
34 19 15 16
35 48 36 28
29 31 24 4
21 34 33 10
22 13 46 37
9 13 14 41
47 7 13 16
40 43 21 26
27 3 2 17
11 10 20 38
34 27 42 35
36 7 8 22
37 16 5 2
32 36 8 14
6 33 28 47
34 31 16 23
42 26 49 17
13 6 17 10
6 34 28 20
17 13 27 16
2 34 35 37
18 5 24 25
49 36 14 39
48 1 22 11
12 34 10 24
26 39 16 23
43 1 41 5
22 14 36 4
45 31 18 10
0 12 31 9
44 14 24 10
37 40 8 22
13 9 29 3
43 25 25 8
47 29 25 13
12 31 18 5
21 8 13 12
47 3 15 21
33 32 29 35
6 12 39 37
10 20 14 9
16 24 12 32
7 20 10 7
47 2 26 1
37 1 44 0
1 6 13 14
0 12 21 14
34 17 10 1
31 26 45 43
48 27 23 5
10 11 33 11
31 24 24 7
47 21 32 5
24 15 11 18
42 22 18 21
41 15 44 4
36 42 15 2
27 23 36 37
40 29 36 6
40 32 37 13
41 20 42 1
43 5 16 19
44 11 10 26
45 15 0 19
20 3 25 8
39 3 36 13
34 25 14 10
46 3 17 15
38 3 38 14
19 5 14 25
21 30 14 13
42 9 29 14
43 8 3 31
0 24 27 8
27 8 0 17
42 13 35 9
11 27 23 9
23 13 1 33
40 22 13 22
18 26 0 4
47 8 32 11
10 26 10 45
17 5 27 11
49 1 27 45
35 0 25 27
45 3 6 8
3 40 35 7
30 27 32 8
22 0 6 15
49 24 17 34
22 20 23 15
4 47 6 4
49 36 11 26
47 35 26 33
42 49 40 11
28 32 48 10
36 33 7 11
43 38 9 24
14 7 28 36
39 27 1 35
0 11 29 16
20 8 38 0
16 16 22 17
28 46 7 4
39 10 17 22
6 26 44 2
42 23 32 14
33 21 29 4
2 47 24 13
45 44 46 24
47 28 6 13
21 16 11 7
2 20 11 11
3 31 44 25
39 29 6 15
30 10 10 25
34 43 27 27
32 39 17 16
27 45 8 13
18 10 30 7
37 26 32 13
22 20 25 32
36 28 37 32
43 19 12 12
34 12 12 30
38 28 22 15
46 13 43 0
46 28 8 4
44 34 17 3
24 30 1 28
48 17 36 14
46 19 35 43
24 12 38 8
41 21 9 1
0 43 36 9
40 18 1 7
21 19 21 10
26 28 19 32
45 0 11 20
37 25 30 12
38 16 2 7
4 23 36 5
40 32 26 17
39 5 26 19
38 4 41 15
38 13 33 10
32 41 37 34
0 2 30 16
35 21 32 11
8 42 24 23
35 37 37 4
8 36 38 11
44 5 33 7
19 1 30 6
42 26 34 29
42 40 1 11
44 4 26 10
45 36 12 33
40 23 24 13
42 49 25 10
36 26 40 4
32 38 24 20
41 21 27 10
19 0 23 13
33 1 47 17
16 27 20 29
37 36 44 32
12 17 9 19
22 4 14 25
22 19 17 14
48 3 40 9
40 14 6 12
3 17 30 7
47 9 12 27
20 20 29 32
3 21 16 24
38 43 35 40
45 31 33 4
1 44 25 48
4 41 40 3
23 1 18 6
34 43 30 10
32 38 20 3
33 29 21 3
7 37 37 36
32 16 41 25
49 1 24 12
28 26 35 8
29 31 12 12
17 2 40 31
38 44 39 34
1 37 7 17
44 7 35 3
30 26 11 23
31 38 11 27
21 27 18 13
23 28 30 16
40 36 49 11
1 35 23 11
31 39 32 18
40 31 30 13
26 11 27 40
45 11 29 1
30 24 30 6
13 7 24 7
38 15 17 7
20 18 6 19
44 24 9 9
26 30 26 43
41 34 44 17
35 30 30 13
48 15 31 2
48 11 29 4
44 20 26 39
40 26 19 2
38 6 33 16
31 26 22 14
26 41 21 2
38 33 36 19
26 6 13 23
44 3 18 17
22 17 34 8
42 37 45 34
5 7 20 8
22 33 18 23
19 12 24 25
23 16 27 31
10 30 36 10
26 41 30 30
38 36 12 20
9 15 36 48
16 17 24 19
5 18 23 12
42 2 27 12
2 0 27 5
25 23 33 0
16 16 33 21
44 7 21 15
14 9 29 16
13 39 22 29
4 39 3 31
36 32 10 17
6 10 40 48
38 48 25 7
11 44 31 8
26 11 33 23
49 9 7 11
47 3 13 20
41 30 38 28
38 34 25 5
12 26 29 16
32 14 26 4
48 31 33 4
48 34 15 21
16 18 15 28
22 0 45 12
23 37 1 12
34 43 42 6
9 19 25 5
44 31 29 6
2 20 9 16
44 40 21 15
36 35 40 41
42 40 31 8
30 25 15 18
11 26 36 13
19 10 8 31
10 10 20 10
34 35 8 18
30 38 40 13
9 27 4 11
46 32 25 16
40 33 30 7
35 30 31 38
36 48 15 29
43 33 1 21
49 28 45 6
45 6 32 4
30 24 14 33
12 44 37 8
3 41 5 12
47 0 30 8
0 14 15 15
37 27 19 17
21 21 36 4
22 23 12 37
37 29 28 3
3 7 41 39
30 30 19 34
34 30 38 26
36 14 31 19
42 12 6 28
38 36 19 28
8 17 30 38
30 22 41 12
5 45 29 14
44 16 18 25
3 13 30 17
25 38 36 9
47 45 23 19
26 24 16 9
2 37 20 43
40 33 16 20
42 14 31 21
45 30 39 12
36 22 25 2
0 27 2 23
37 48 40 12
12 33 33 11
39 25 2 12
43 26 2 19
34 34 12 15
38 21 22 20
27 32 19 14
42 31 34 1
13 5 32 9
23 26 37 3
42 49 40 6
14 7 20 4
19 34 15 23
24 25 8 13
36 37 26 28
35 33 31 3
25 19 38 39
48 16 12 25
37 29 13 13
31 31 32 18
39 28 39 0
41 25 27 6
25 33 39 30
46 23 19 14
22 13 30 11
20 17 13 14
27 21 34 16
30 16 29 4
32 23 14 17
24 6 23 18
34 21 43 27
37 33 30 6
22 18 26 8
44 31 12 12
14 28 20 43
39 39 21 31
48 16 12 21
13 42 34 10
6 37 30 9
38 29 4 30
35 25 7 7
9 26 36 22
48 4 34 46
7 39 12 3
35 6 36 14
46 26 30 4
43 24 20 37
44 22 30 5
2 6 32 11
38 17 28 26
14 6 25 5
28 33 44 33
27 2 8 12
49 3 23 29
33 39 31 18
16 15 27 20
44 19 6 8
9 27 8 18
46 12 10 12
38 25 31 14
3 36 25 34
38 27 48 15
48 9 41 38
36 32 6 1
27 18 30 29
30 1 17 4
12 0 29 1
11 3 32 21
48 6 21 6
37 37 29 27
30 19 25 13
39 21 38 4
41 22 35 40
30 45 29 14
35 30 41 8
39 24 34 15
20 16 18 27
13 27 45 7
26 25 13 22
37 0 6 5
49 41 40 9
25 19 32 6
6 41 13 12
13 19 28 11
38 22 27 14
4 28 26 18
49 16 34 18
42 14 37 11
42 3 24 8
44 7 45 30
45 0 5 17
15 17 30 2
36 28 23 25
40 19 45 10
24 22 38 21
2 9 26 1
26 17 27 27
20 27 29 8
20 28 29 8
6 4 42 6
35 42 33 1
3 30 4 14
2 24 31 9
5 31 10 11
43 17 0 29
11 13 48 36
14 22 10 12
20 6 5 29
48 30 40 7
15 18 25 12
48 26 29 9
43 37 21 35
4 13 26 0
25 43 18 13
38 40 16 9
47 31 32 9
25 28 31 8
36 24 46 26
19 30 8 19
37 39 27 9
37 29 34 4
25 8 24 18
42 19 18 8
32 28 41 5
1 44 37 13
49 41 22 17
32 20 36 6
2 11 34 11
42 9 12 24
32 33 3 14
41 6 30 9
36 44 4 11
9 9 44 31
49 33 21 20
3 29 12 44
34 21 29 13
35 6 27 43
1 41 10 11
34 30 11 28
37 28 33 14
11 29 30 32
31 34 27 29
32 9 43 39
30 22 2 29
28 38 9 12
5 33 37 10
44 31 12 3
25 31 49 44
11 10 35 10
1 39 24 2
48 7 36 36
43 23 27 9
8 1 25 11
47 27 12 10
38 44 33 3
37 25 13 21
49 33 49 7
49 6 26 8
32 13 33 5
46 25 27 28
1 44 18 29
20 8 8 28
15 28 30 7
10 26 11 22
45 28 10 10
27 39 9 19
11 39 20 14
1 39 9 26
29 30 15 13
43 1 24 23
23 34 17 4
43 29 8 14
47 32 13 30
36 41 36 10
34 38 38 7
48 35 13 16
38 31 42 32
0 34 7 17
39 29 10 33
38 35 34 12
3 30 42 7
28 46 7 34
39 41 41 4
6 30 17 10
43 33 33 28
24 49 32 22
37 9 34 19
41 20 45 12
27 23 14 6
38 36 39 3
32 33 43 47
48 27 25 43
40 12 12 6
44 2 40 15
29 27 32 3
36 5 34 18
39 30 37 9
0 31 40 40
18 9 39 11
5 47 33 7
41 19 34 7
39 4 0 21
