50 103 12890 800
45 43 21 47
23 9 5 21
22 23 6 25
10 14 5 10
27 35 4 10
26 17 20 30
35 12 5 48
30 31 18 26
23 29 6 16
27 7 8 11
21 10 0 29
20 16 22 36
31 31 13 29
21 33 5 9
5 40 3 3
10 1 42 42
31 28 16 43
30 39 14 32
42 32 0 28
19 26 0 35
21 38 10 11
9 37 13 34
33 36 9 28
24 28 5 42
28 30 6 27
40 9 3 31
30 33 8 20
29 28 7 26
13 15 15 40
44 35 28 41
25 29 3 16
11 49 2 39
27 22 12 16
41 11 37 34
25 0 13 31
12 37 7 13
31 8 0 8
15 35 5 8
20 33 20 42
15 34 47 7
30 39 3 11
29 18 38 33
26 15 28 43
17 31 5 10
47 18 4 35
15 46 19 45
34 19 14 2
23 37 14 26
23 36 34 29
11 8 10 28
35 35 2 8
43 28 14 32
43 38 4 32
34 21 16 27
30 19 2 30
25 26 11 27
24 0 20 37
35 24 14 31
31 7 13 43
27 12 9 42
42 44 36 5
20 31 17 43
16 19 4 33
35 29 25 43
46 9 8 10
10 38 4 30
18 44 23 39
37 20 9 23
25 33 41 36
26 36 2 38
20 28 14 27
30 29 0 16
22 36 47 4
1 34 21 24
20 32 4 15
27 30 12 34
36 4 11 27
46 11 9 31
0 8 16 46
21 48 42 11
24 37 13 35
26 13 10 13
17 39 23 40
38 15 1 49
25 37 7 39
22 27 10 35
37 31 4 11
14 42 1 12
26 25 16 24
28 35 1 34
33 21 7 41
36 9 28 46
27 30 45 8
19 23 6 30
31 24 7 31
22 43 18 23
35 5 8 41
36 28 42 24
19 33 0 32
26 32 8 12
15 34 8 16
17 44 22 44
31 2 32 26
