50 95 17318 800
28 43 28 12
25 23 9 41
42 46 8 11
21 39 7 18
26 49 33 12
31 27 10 4
36 36 47 26
24 35 10 12
19 40 11 1
20 47 31 18
14 27 26 2
18 22 37 32
24 47 43 32
21 24 8 25
37 16 5 2
23 46 28 17
31 36 42 17
22 29 10 21
42 21 30 28
27 27 9 9
28 40 22 11
16 47 24 18
28 28 20 10
23 26 28 0
2 38 31 8
19 46 29 38
24 29 37 10
22 17 27 18
13 26 19 22
39 14 36 5
15 48 12 8
17 28 21 25
8 46 6 23
14 46 37 19
10 27 10 7
8 36 19 12
42 30 7 2
25 49 17 10
18 23 40 13
23 26 12 11
25 13 10 3
18 49 45 32
23 41 6 17
29 17 10 5
26 20 8 23
31 41 7 8
27 49 2 0
35 25 7 48
17 39 42 16
25 32 5 19
21 22 17 12
21 24 28 10
15 27 10 13
24 29 19 13
27 24 2 8
43 40 8 3
32 33 36 19
22 26 9 8
24 15 13 6
21 31 23 5
29 44 1 17
33 22 16 17
20 38 12 13
35 23 23 17
27 36 11 15
11 48 25 20
14 26 9 14
25 20 27 31
15 37 28 15
19 47 3 14
21 42 32 7
35 49 36 32
28 22 40 10
27 27 23 5
23 21 6 43
15 28 47 37
27 43 10 49
30 47 35 47
14 18 10 12
24 18 30 30
24 27 17 25
40 14 34 20
20 21 10 27
19 30 5 15
34 18 46 33
30 21 17 33
21 35 1 19
8 29 9 7
26 30 12 6
45 18 17 39
18 22 47 49
19 32 3 6
11 19 25 22
24 31 2 14
11 37 0 16
