50 130 16636 800
41 17 38 39
31 1 37 35
34 15 11 3
34 25 30 3
39 14 36 29
38 15 14 13
40 21 47 3
4 26 36 25
38 15 3 13
14 17 19 25
44 17 13 43
19 15 46 18
29 5 21 21
22 15 41 36
17 7 24 17
31 19 25 13
35 22 28 11
20 0 44 39
24 41 44 39
18 10 7 2
17 3 45 21
23 5 7 1
39 48 36 39
43 41 38 32
40 38 27 41
29 5 10 44
0 18 11 2
43 8 8 34
34 24 7 6
44 25 0 20
26 17 16 39
30 37 26 46
32 13 28 9
25 13 1 24
21 25 12 37
37 30 19 16
32 0 33 38
2 33 2 19
33 13 19 41
37 15 35 1
25 49 23 37
13 0 41 36
17 10 31 9
31 11 18 2
29 31 33 45
9 18 30 24
32 27 16 8
28 31 3 6
38 17 6 14
28 31 25 5
40 1 25 3
41 2 27 30
16 34 41 32
17 33 9 44
31 26 33 36
8 19 25 16
39 43 17 43
5 25 20 38
30 40 21 36
33 49 49 9
31 16 34 25
18 14 38 2
31 37 20 23
29 24 4 9
21 34 2 6
37 43 6 3
25 36 32 12
26 44 42 22
11 34 15 8
3 15 11 42
32 27 25 2
30 42 42 21
28 31 35 35
24 13 13 2
9 26 48 11
26 6 33 8
30 16 25 13
8 44 14 39
44 16 40 44
41 15 42 31
25 30 9 39
49 12 24 30
25 43 22 3
26 9 40 40
36 32 27 9
28 9 48 47
20 5 40 6
33 19 2 7
38 20 3 6
23 47 29 33
28 19 3 3
19 31 3 11
20 12 21 41
21 11 32 32
18 7 7 3
25 8 44 45
26 22 25 27
3 2 47 10
15 46 39 28
35 7 3 8
22 40 46 33
21 28 38 47
25 14 35 35
33 7 32 26
29 30 24 33
34 8 2 8
41 14 23 31
37 32 35 23
43 17 35 28
39 9 25 3
28 16 14 21
13 29 25 1
12 3 21 18
28 38 2 18
38 18 7 27
36 44 36 20
31 49 32 19
30 31 10 30
27 14 32 28
18 5 5 3
16 19 2 13
37 25 16 44
5 22 9 36
16 39 38 30
36 23 14 45
18 45 3 10
8 22 27 10
40 13 17 22
29 47 32 7
36 16 41 23
