50 59 18460 800
20 4 43 31
26 17 34 1
18 19 48 47
0 28 39 10
13 20 28 35
17 12 43 11
41 33 33 13
46 49 42 41
12 12 28 37
9 45 37 38
12 44 37 45
10 22 16 12
22 41 13 41
3 13 42 43
26 11 44 30
14 44 6 30
11 33 5 26
46 11 9 10
41 1 20 37
2 40 0 1
10 39 40 49
14 41 49 37
3 15 16 32
42 15 0 28
7 1 33 29
27 37 2 16
32 30 4 3
20 14 36 39
36 35 18 12
8 41 45 27
13 44 18 17
8 41 15 23
23 26 33 16
33 31 35 7
36 27 1 22
49 12 15 13
6 25 30 43
32 13 20 16
12 43 30 43
11 32 31 40
20 18 34 19
39 29 18 18
22 18 23 34
15 41 49 33
14 40 25 30
8 49 26 26
30 10 20 46
11 39 23 33
18 28 28 49
11 46 9 30
39 21 37 27
18 26 19 34
18 5 22 45
23 17 49 38
38 15 19 21
11 40 26 44
29 15 35 0
24 27 21 14
9 21 46 16
