50 240 12056 800
8 5 7 14
1 24 34 11
25 47 20 0
6 30 22 26
17 9 43 35
17 20 38 5
13 16 41 21
34 49 14 16
26 16 42 4
34 40 32 14
38 47 35 21
24 38 38 7
33 36 29 34
26 12 4 19
17 22 39 11
7 31 21 44
18 34 4 42
29 29 6 45
5 11 26 31
17 14 33 18
16 27 15 40
27 48 28 2
26 26 14 27
41 12 28 32
26 26 28 17
15 34 4 40
12 41 4 27
1 38 2 28
42 16 11 15
5 24 22 26
38 43 13 10
45 31 2 22
42 40 23 11
13 19 19 28
15 45 10 30
22 14 46 12
33 46 10 39
28 44 39 37
25 19 32 41
23 19 48 1
22 25 19 4
13 22 22 34
19 13 26 35
13 12 10 31
9 20 32 2
12 31 28 14
10 36 30 8
16 41 32 11
10 27 46 37
8 12 18 27
23 16 33 15
23 16 23 27
4 34 22 31
21 30 1 39
24 25 19 7
3 9 42 33
15 11 33 1
27 45 43 9
3 13 20 11
26 46 39 43
35 43 21 10
6 25 3 30
21 33 11 14
10 35 26 41
22 4 26 30
39 48 41 6
28 21 31 4
11 18 7 27
25 11 9 29
14 18 36 26
15 18 40 15
36 48 7 16
19 16 24 0
7 15 39 13
8 23 25 2
32 44 1 22
22 10 14 32
9 20 3 32
26 21 23 26
39 38 6 36
28 9 37 5
15 26 26 4
6 13 3 33
11 24 12 36
29 43 29 11
37 46 28 28
16 1 23 37
17 24 14 26
4 30 39 8
34 43 10 34
22 22 15 30
16 10 38 10
15 30 9 16
9 5 29 32
17 13 38 5
29 36 32 16
21 20 5 42
34 42 43 23
19 30 37 22
34 46 20 5
17 31 39 38
33 41 40 6
13 16 49 12
6 20 22 10
26 14 15 22
4 26 29 6
35 32 9 28
11 16 13 40
26 48 12 35
38 38 41 5
30 18 46 19
17 18 16 38
19 26 43 4
24 8 29 18
6 22 34 23
8 28 47 1
28 47 24 23
30 4 29 34
16 3 11 43
3 6 16 38
33 44 47 8
47 37 22 29
41 49 20 20
9 18 25 21
32 37 26 28
37 42 43 14
38 48 14 36
25 11 23 17
36 42 8 36
5 34 13 35
10 12 36 24
13 17 44 20
14 15 42 9
30 16 36 12
33 38 48 4
34 30 16 28
26 28 35 14
11 19 37 27
39 34 11 28
37 47 20 46
21 28 6 45
11 15 8 28
9 20 33 11
37 44 31 28
47 38 15 33
14 25 4 34
35 40 48 31
16 20 20 7
12 29 26 27
32 31 33 17
35 26 31 23
13 11 21 29
35 43 5 22
39 19 6 30
24 23 36 31
25 39 12 22
6 3 31 3
17 33 43 8
26 33 15 22
40 46 14 19
6 18 25 21
24 45 47 6
17 12 29 36
28 44 14 31
22 17 4 22
11 10 11 19
12 6 7 43
36 34 30 8
4 25 38 41
33 35 14 38
31 27 25 17
6 19 37 46
14 17 41 7
31 36 2 26
9 10 10 16
2 13 4 38
39 40 16 5
20 30 29 18
36 45 3 35
21 15 25 25
19 20 42 32
38 43 49 2
14 35 35 27
15 18 28 28
18 25 8 34
1 2 17 23
31 12 2 30
21 29 25 28
17 37 33 10
20 47 28 27
5 14 30 31
10 17 26 20
11 33 42 13
2 2 29 0
38 42 14 28
19 18 28 26
35 44 2 36
7 26 26 6
16 7 7 39
0 13 37 13
24 18 37 26
34 19 13 22
9 23 32 2
12 28 35 36
18 18 15 28
33 21 25 28
3 21 44 7
16 31 13 20
21 5 9 27
14 44 13 30
6 23 44 24
12 0 31 24
45 45 14 6
37 10 3 25
10 6 2 28
7 10 34 22
28 31 15 34
30 14 34 43
37 45 22 1
5 37 29 4
20 36 17 3
49 19 36 40
48 17 10 48
5 24 34 35
8 22 24 16
32 30 9 39
32 40 0 45
2 19 11 13
29 41 5 26
30 17 11 23
7 15 25 5
43 41 37 8
40 43 20 28
36 39 42 8
12 2 43 34
17 25 33 1
2 20 20 17
11 30 30 12
30 35 35 17
4 31 48 37
