50 80 11048 800
34 2 14 38
20 38 15 12
17 24 11 24
24 4 33 17
38 10 48 31
10 16 27 41
15 23 25 20
48 41 36 23
24 37 0 30
23 35 27 27
16 43 43 25
47 22 41 20
40 34 13 23
8 13 1 14
27 32 0 14
32 36 22 31
23 19 44 16
19 34 9 36
26 8 44 24
11 28 41 30
24 15 6 21
3 17 16 27
17 47 43 23
6 18 41 20
20 33 10 10
14 20 7 22
33 31 44 18
3 19 7 28
4 23 10 38
8 32 24 43
4 3 40 19
12 15 23 11
5 15 17 28
14 20 37 24
44 16 18 17
7 19 10 5
7 20 15 39
3 7 30 16
6 29 27 38
23 12 18 15
6 26 15 37
49 3 7 3
39 41 16 17
48 29 35 17
10 24 17 2
49 7 43 29
8 7 43 27
22 39 29 47
19 19 27 11
20 9 17 27
37 29 7 25
45 40 44 21
7 28 36 21
16 3 24 46
33 43 42 22
4 17 24 16
1 23 27 27
24 21 46 28
16 30 41 25
10 28 21 18
45 39 1 38
44 3 5 27
33 46 1 28
25 38 35 23
30 12 24 0
40 20 40 27
44 40 17 17
11 21 4 45
6 30 9 17
25 13 31 19
4 26 44 24
21 3 48 24
15 35 46 22
12 21 6 22
16 28 10 39
19 36 42 31
7 21 36 28
9 27 30 25
39 27 2 25
49 14 13 36
