50 601 17346 800
8 30 28 34
8 2 14 14
16 14 4 0
41 19 5 15
16 29 4 5
0 33 10 10
17 12 7 13
30 7 36 27
6 35 2 7
24 14 7 16
13 25 6 6
23 23 14 15
26 2 31 34
8 21 42 21
22 27 33 27
7 16 33 28
29 2 32 32
38 8 13 11
27 13 12 9
8 39 15 3
2 42 8 1
14 30 5 3
35 11 5 1
22 41 48 24
0 39 4 10
13 29 9 16
6 9 8 6
43 3 6 12
20 29 48 23
19 27 3 14
6 33 9 8
38 28 33 36
5 22 5 4
12 24 47 21
18 30 12 16
14 26 46 30
17 18 4 24
24 28 13 14
16 26 44 29
20 13 47 22
10 21 45 24
3 17 32 25
22 26 29 35
24 30 17 35
14 19 27 32
10 21 27 29
24 11 38 24
17 16 1 10
5 36 32 28
18 19 33 32
26 1 14 8
5 19 42 25
15 22 46 20
24 19 16 8
23 34 46 27
13 30 12 14
9 26 29 28
31 7 23 33
13 17 5 3
30 14 17 3
6 24 2 12
45 7 28 35
11 35 4 13
8 35 41 33
22 27 7 26
0 21 31 35
18 18 45 23
26 4 28 26
25 0 45 25
31 40 30 28
1 36 13 17
0 15 44 26
7 21 31 34
39 16 0 16
7 35 13 10
15 19 33 28
13 35 47 28
12 29 32 31
16 27 46 21
31 8 13 7
10 16 9 4
8 33 8 8
21 10 12 7
4 26 32 33
8 25 7 7
8 13 36 26
25 43 17 9
14 8 34 34
30 4 5 1
13 18 9 8
4 41 7 9
17 40 9 8
7 32 9 6
12 31 45 22
20 21 13 16
32 7 26 24
6 21 8 10
2 35 31 33
3 34 32 33
15 17 15 4
20 26 3 19
1 8 48 22
26 13 43 26
36 26 47 23
1 29 43 20
4 23 34 24
8 33 1 6
2 24 3 6
12 48 46 24
15 25 7 8
19 3 9 5
3 34 26 27
2 24 28 21
42 4 26 18
39 10 29 22
13 32 10 2
4 30 18 15
5 33 44 18
9 21 48 27
9 18 31 25
10 30 49 21
40 7 10 8
12 40 29 33
16 30 29 29
13 18 19 6
8 18 47 25
42 22 2 14
0 30 49 20
8 26 42 25
25 29 41 26
8 15 35 31
6 3 32 29
2 20 10 13
21 13 28 31
3 33 39 21
9 23 36 31
11 24 46 27
17 19 8 10
32 2 37 33
6 29 11 9
14 40 29 32
44 14 29 26
3 17 28 28
11 35 13 5
7 12 37 26
16 33 31 25
11 28 43 24
4 32 10 1
30 16 12 3
19 17 44 23
4 39 31 30
0 43 46 24
29 7 12 10
8 14 11 5
15 18 12 9
34 7 49 20
9 36 20 29
16 22 46 24
1 36 6 8
8 21 10 9
25 5 10 5
7 19 36 35
16 24 30 29
6 33 34 30
15 21 45 19
24 20 9 5
18 15 33 28
20 18 22 31
15 30 16 6
25 30 12 15
12 27 29 30
12 28 5 14
10 24 9 15
17 24 25 35
3 38 32 28
4 34 30 29
23 27 30 35
14 16 28 26
36 28 47 26
4 35 34 32
16 17 44 24
6 20 37 29
12 25 43 24
14 37 46 22
14 13 28 30
30 16 46 23
8 38 10 17
43 20 14 13
18 32 37 29
24 23 11 5
13 11 43 29
21 24 27 31
13 22 30 34
8 10 6 17
23 24 30 25
1 33 32 30
14 26 49 24
6 21 0 2
13 35 31 22
20 18 33 30
15 27 3 7
2 33 45 17
22 10 13 7
26 32 13 6
17 13 11 8
6 23 3 8
19 28 30 32
3 14 31 25
4 29 13 11
29 2 44 21
17 38 22 12
9 19 14 0
4 33 6 12
17 32 28 35
15 22 31 24
35 18 14 0
26 9 10 7
14 24 46 26
8 37 11 12
10 17 4 5
3 32 44 18
14 18 22 27
7 30 12 5
30 22 6 14
0 42 34 32
3 17 18 7
8 38 4 13
42 10 49 27
14 23 27 28
14 20 12 6
12 21 13 8
43 11 27 32
16 15 26 31
10 14 31 35
47 17 19 8
11 36 6 6
29 26 35 25
18 0 32 33
5 26 46 27
12 28 28 31
8 18 20 11
49 19 21 22
32 3 33 33
34 9 8 9
23 36 43 27
12 41 48 24
20 16 32 32
24 19 46 23
10 46 13 6
10 26 12 14
9 36 7 10
25 37 32 27
14 35 23 34
9 21 6 9
47 3 35 31
47 8 23 33
14 11 7 6
18 14 6 24
4 46 29 30
3 34 9 13
33 5 30 29
11 19 30 31
6 36 28 30
12 26 12 11
5 34 8 10
42 3 11 15
12 27 46 29
6 40 29 32
14 6 16 3
7 49 14 5
1 16 30 28
4 30 28 32
1 31 36 32
11 8 6 13
18 12 25 19
20 0 27 31
20 18 31 31
12 24 28 28
25 25 41 25
2 36 46 30
6 24 4 3
12 16 10 9
2 30 41 24
18 21 11 13
13 24 26 34
9 32 47 24
32 4 47 31
15 33 30 20
33 7 12 9
34 9 43 28
49 2 26 30
19 7 8 13
11 15 2 7
18 19 45 25
31 9 30 33
3 9 19 7
3 39 32 35
23 33 12 0
20 38 35 24
24 9 24 32
9 22 31 27
26 35 42 24
14 38 30 28
11 32 30 29
15 20 11 10
12 17 16 7
2 34 47 24
19 26 8 9
24 30 12 14
7 38 10 0
21 18 7 12
17 17 28 31
4 17 48 19
28 13 9 15
47 15 32 31
12 24 44 25
7 18 26 24
2 29 37 21
26 12 9 13
25 25 5 11
1 34 27 32
31 9 49 23
0 26 47 28
2 33 12 0
13 34 49 27
7 37 13 5
4 33 46 19
16 14 11 3
6 23 28 34
30 34 11 7
10 26 12 16
30 39 13 14
5 31 44 20
19 40 44 24
16 22 24 34
16 11 46 25
4 28 26 24
11 36 25 30
22 32 9 9
19 6 45 27
4 13 7 4
24 4 37 25
19 35 2 10
0 37 32 30
8 17 47 28
10 21 26 27
8 17 40 24
19 29 2 12
10 22 48 27
21 20 31 32
0 13 23 30
3 36 6 6
3 35 7 11
2 36 42 23
7 32 5 11
1 29 44 18
20 36 30 24
0 12 31 28
46 3 10 18
17 22 6 7
23 0 48 24
26 15 6 4
29 26 42 22
11 18 37 26
0 30 49 23
18 4 47 26
30 33 16 13
5 28 42 27
7 11 30 30
23 6 5 9
4 27 47 18
8 46 46 26
4 25 6 8
19 25 30 34
28 20 7 2
10 31 31 30
7 30 33 30
13 21 26 34
33 9 11 4
25 13 2 10
19 16 12 10
7 12 36 28
26 14 28 30
12 28 32 32
29 8 13 21
34 15 7 1
20 17 31 34
9 17 8 8
40 12 8 9
26 10 7 10
11 28 9 7
31 18 25 23
23 29 16 9
37 2 21 30
15 33 12 5
4 24 10 16
2 39 9 18
18 18 31 25
41 21 35 30
16 28 29 27
12 29 12 2
28 21 5 12
15 8 1 11
10 48 14 5
19 34 2 3
5 22 30 27
24 20 13 9
12 35 8 8
10 5 44 27
6 16 32 25
8 30 27 31
10 33 32 31
22 3 8 13
16 25 9 5
8 24 10 7
1 33 22 1
3 25 20 11
1 37 27 30
11 36 25 29
29 3 6 3
3 26 48 26
14 23 26 32
10 17 3 3
12 27 11 7
22 25 19 15
7 0 30 31
14 16 6 11
8 39 46 24
25 6 6 1
25 29 6 9
6 29 21 16
3 24 9 3
6 39 13 9
8 40 43 8
15 20 15 5
5 31 12 2
28 30 12 13
25 6 12 5
16 22 10 0
21 14 44 25
9 14 24 7
28 20 27 32
6 34 31 31
22 18 36 32
8 15 3 16
17 36 6 7
13 22 10 6
11 21 29 33
7 36 30 33
23 44 36 29
23 12 27 22
24 3 10 12
20 33 30 30
13 36 4 12
34 16 33 34
26 2 32 29
0 29 7 15
23 30 10 14
27 4 36 25
8 33 1 6
0 33 13 16
45 14 29 28
4 13 26 34
18 35 11 6
9 38 34 27
12 9 44 29
24 12 31 33
22 2 30 24
28 21 31 29
8 18 32 32
14 20 33 35
1 36 29 21
4 39 29 25
18 10 28 22
27 31 12 3
27 5 33 23
12 25 13 9
12 32 27 24
25 1 48 23
28 6 1 3
8 16 2 2
9 32 29 24
19 6 39 26
7 37 36 32
39 13 28 29
42 0 1 14
20 27 30 25
30 9 12 17
9 16 48 27
6 27 3 3
22 0 30 32
2 26 0 6
21 11 31 31
8 33 5 0
14 35 5 6
21 17 10 8
30 12 31 25
9 27 42 28
22 28 3 5
20 22 31 27
23 23 37 35
12 26 8 3
5 28 14 11
9 24 29 30
2 35 44 29
3 18 9 21
48 20 4 11
25 9 33 33
13 2 28 30
14 11 30 32
6 29 12 12
8 36 33 33
22 26 32 30
24 0 26 34
11 34 28 27
20 32 1 11
13 18 12 9
15 22 49 23
14 21 43 25
20 1 44 30
10 16 16 9
8 30 42 27
22 36 33 30
40 43 3 16
28 20 43 29
27 14 34 22
6 17 14 13
9 28 21 10
15 22 38 23
13 22 30 27
37 15 12 1
23 10 7 8
4 16 0 4
5 28 27 28
11 40 28 25
7 7 45 28
1 31 37 28
12 13 49 23
1 27 49 23
38 2 35 28
29 32 7 8
17 20 29 29
1 28 11 8
19 2 27 22
9 30 28 31
11 36 36 28
32 11 32 23
18 11 3 10
28 36 4 12
30 13 7 5
7 17 17 8
24 27 43 21
17 19 6 9
2 4 17 14
14 4 19 15
29 25 8 5
1 37 3 20
2 28 0 17
23 9 15 3
30 7 32 31
4 32 6 2
33 11 22 15
0 24 32 30
15 28 9 8
40 19 9 14
13 32 4 10
15 16 46 20
6 22 46 26
22 23 4 6
7 33 45 24
7 37 7 9
13 11 27 28
22 25 35 31
8 21 8 7
12 26 34 34
13 17 44 26
1 33 34 27
20 30 9 6
9 47 12 8
7 28 37 33
23 24 32 31
33 5 6 22
7 36 13 9
13 16 48 27
17 10 35 31
11 25 0 4
20 20 47 28
7 26 43 25
22 22 2 0
34 12 17 1
7 33 22 32
27 33 32 25
3 19 46 25
6 22 24 30
9 39 9 3
14 16 7 10
1 28 10 10
38 1 10 13
3 7 45 24
23 20 33 25
0 13 6 10
