50 269 14572 800
25 20 38 23
38 33 27 38
43 47 25 16
45 34 47 20
17 42 36 22
33 2 22 41
22 42 17 17
22 11 27 37
43 20 27 8
47 31 2 40
39 37 10 44
20 46 44 18
9 8 11 38
15 23 5 45
23 33 29 12
40 20 31 22
46 35 0 46
49 17 8 17
44 30 28 23
21 49 48 6
45 0 2 48
20 48 10 29
25 45 33 12
32 37 39 26
42 28 39 20
8 34 24 33
42 14 10 45
5 34 37 13
41 8 2 38
27 36 0 41
47 18 6 20
24 22 37 16
3 17 12 43
25 44 1 45
11 20 6 42
4 13 38 17
14 33 6 35
42 22 5 22
41 34 43 27
0 14 40 35
29 20 7 37
45 26 14 43
14 28 43 15
31 23 23 20
43 25 20 24
17 8 26 22
40 44 17 23
37 27 14 23
19 47 47 18
47 31 39 16
43 36 41 30
43 45 14 26
20 48 45 13
3 33 5 36
13 9 40 48
3 18 23 17
43 0 40 27
0 17 25 4
12 14 9 23
49 30 13 21
29 41 22 38
25 10 12 24
42 1 37 20
47 13 46 24
24 38 49 9
40 5 41 35
40 0 23 32
41 24 21 44
26 15 45 21
16 41 1 39
48 35 2 47
40 0 6 31
30 7 46 26
17 42 18 48
23 43 8 40
15 18 0 45
47 34 29 29
6 19 3 49
5 18 30 37
39 39 6 27
38 42 33 34
39 30 2 40
19 15 45 19
32 39 9 47
8 16 6 23
35 18 32 7
31 24 9 38
21 27 1 37
40 1 28 7
38 32 18 30
42 27 27 14
6 24 11 25
47 10 30 40
26 18 4 46
16 19 40 28
41 6 28 32
22 28 34 16
38 1 37 18
27 45 3 46
31 20 32 46
34 34 40 29
43 6 3 40
33 2 26 9
11 46 16 26
37 3 22 21
0 36 31 12
41 3 46 24
1 16 5 38
31 17 33 20
27 47 8 43
26 48 44 11
42 15 45 26
10 3 37 20
42 5 34 16
49 26 11 24
35 2 43 28
22 30 42 26
5 17 41 24
43 42 48 26
39 47 1 48
29 27 44 27
15 32 36 15
45 34 4 35
41 14 32 28
49 34 26 12
14 24 46 13
42 40 19 41
49 21 8 38
28 33 3 49
41 23 10 40
0 17 45 40
31 21 4 24
47 30 20 35
46 31 32 12
41 34 21 16
45 34 31 6
44 32 18 9
27 45 18 29
39 0 15 34
4 28 42 24
21 47 43 23
31 25 27 28
4 3 2 46
27 48 1 48
28 22 40 14
6 30 45 30
44 24 30 43
18 48 39 21
30 6 26 24
48 8 34 20
37 41 6 14
43 13 3 42
22 39 45 21
17 36 31 19
43 21 47 41
1 32 42 20
28 47 8 41
49 33 49 10
14 41 6 48
44 34 41 23
46 21 42 48
11 12 32 30
37 30 28 12
32 36 46 33
42 22 16 18
49 29 6 44
23 49 8 48
27 45 37 22
36 25 20 21
29 47 35 24
48 29 11 32
35 37 18 31
33 1 25 23
48 21 38 15
21 42 20 32
42 30 34 19
48 34 10 41
44 27 34 19
26 37 14 39
23 49 8 27
47 30 17 17
19 40 45 15
12 36 19 33
15 44 1 45
33 22 19 21
36 1 30 25
22 26 7 1
46 43 45 25
47 37 48 30
34 16 45 13
42 1 26 21
37 0 24 16
49 36 1 17
23 48 24 18
25 17 7 47
34 17 41 49
28 45 41 33
43 4 38 21
41 25 44 8
43 38 4 47
12 35 35 10
49 31 46 42
14 13 20 28
31 20 36 44
25 33 47 22
43 2 12 33
27 43 18 17
24 39 41 32
26 24 8 48
22 38 11 49
23 46 18 41
49 35 46 18
45 36 5 42
47 10 8 22
21 48 5 41
21 47 28 29
31 34 12 40
40 7 6 8
45 32 39 28
1 22 9 34
3 18 12 24
42 21 30 30
43 7 11 30
12 13 46 30
12 18 30 21
20 49 5 47
37 28 46 28
40 45 27 38
49 29 27 44
47 44 43 29
44 28 34 16
38 46 41 27
21 45 28 22
37 32 44 22
36 17 0 47
47 30 29 4
44 34 13 33
43 24 11 20
15 48 11 21
36 25 25 31
4 27 11 35
12 19 3 34
35 20 44 43
44 25 6 26
49 49 49 33
34 23 9 45
42 29 46 32
26 44 10 46
2 26 49 34
34 13 17 24
25 39 36 6
2 15 26 46
42 47 29 37
29 16 4 40
35 2 48 12
31 22 3 22
44 23 44 15
33 12 12 23
34 4 49 22
45 31 24 11
1 43 7 39
25 44 5 47
44 49 48 20
24 42 31 24
22 38 27 34
47 43 37 10
44 16 14 28
41 45 37 32
43 19 38 13
