50 1459 18584 800
37 5 10 1
48 6 41 42
46 1 12 0
12 35 15 40
26 41 35 8
37 40 3 14
28 14 0 19
43 32 13 45
49 23 47 40
47 39 44 21
13 36 46 21
30 21 40 14
37 17 17 7
39 43 6 20
45 32 45 11
21 4 12 0
46 5 6 28
41 24 42 28
47 0 36 17
41 31 9 24
17 35 15 4
46 15 8 19
49 4 13 8
39 36 37 11
0 49 40 3
17 46 42 17
38 23 14 40
39 18 22 31
47 16 9 35
20 32 44 48
44 13 5 14
33 44 3 17
47 5 7 2
18 48 22 27
19 22 5 29
26 23 10 1
29 7 18 4
31 34 9 46
21 33 12 15
32 33 12 42
43 9 5 38
45 1 49 46
38 38 36 18
35 26 7 43
48 3 12 22
23 41 45 39
30 25 1 17
44 11 36 19
8 35 0 7
23 19 5 19
34 18 19 40
41 30 16 41
42 16 41 12
33 22 44 11
32 5 43 40
43 27 5 19
40 34 45 13
37 25 37 15
36 14 11 11
49 3 33 16
10 36 37 18
48 3 10 38
36 36 11 37
26 20 42 44
34 29 45 16
32 19 2 13
33 34 40 16
43 4 11 37
20 26 46 42
48 6 6 22
25 8 4 6
6 38 30 3
40 16 31 16
35 29 8 10
33 33 21 16
19 24 32 22
45 2 29 16
44 16 9 40
13 35 17 1
45 2 21 7
49 48 6 16
18 37 46 19
19 13 15 3
49 7 1 25
22 45 32 45
48 27 48 15
37 21 6 42
35 13 8 45
20 31 3 38
44 16 46 8
47 1 7 38
45 47 11 43
39 26 17 9
46 13 35 34
13 23 45 12
40 41 15 5
46 6 42 13
44 31 1 24
44 22 45 10
20 29 14 41
47 11 8 2
31 42 43 47
39 33 14 22
38 19 45 4
20 16 24 11
24 35 9 20
48 45 30 28
22 26 49 11
23 22 35 13
40 34 44 37
21 49 11 17
49 6 14 6
33 33 14 7
48 2 4 11
36 45 18 4
39 11 49 5
48 10 6 8
48 3 26 3
28 20 42 6
32 31 1 20
41 23 4 21
33 22 46 43
31 13 37 16
36 23 12 20
47 41 18 46
48 1 44 21
49 7 42 41
18 30 36 12
24 12 46 17
40 32 15 2
39 36 23 20
34 27 0 4
49 3 5 14
33 14 44 27
31 26 20 3
45 0 12 42
30 30 9 16
47 4 34 15
48 0 7 18
32 25 8 42
25 18 24 6
40 19 15 45
47 2 9 42
31 27 5 30
40 26 13 44
45 9 16 28
18 39 2 1
40 43 31 13
42 4 11 10
3 30 42 38
49 45 4 18
24 44 0 14
48 4 3 17
49 41 5 16
36 22 16 41
16 19 42 7
48 6 42 22
17 43 37 15
39 38 4 20
30 36 32 19
47 21 39 23
48 6 14 1
48 7 16 40
41 5 29 21
45 4 44 27
7 32 44 42
29 6 8 39
45 7 16 5
34 10 5 15
27 23 0 23
48 0 43 21
33 32 4 24
23 4 11 44
43 5 18 1
46 2 48 15
23 49 13 17
25 21 6 46
38 32 46 13
24 38 40 21
28 13 34 10
7 16 38 45
46 3 38 9
44 29 9 25
0 44 33 9
29 33 40 12
31 47 44 1
46 16 23 12
46 5 0 23
37 38 11 19
19 36 39 12
23 34 5 2
38 3 14 5
24 27 10 38
35 15 23 10
39 6 39 14
32 15 36 18
40 34 38 17
30 35 44 10
48 10 14 41
43 23 14 38
26 1 15 18
28 24 12 41
48 1 13 0
35 12 12 37
31 46 29 5
22 27 3 22
42 33 16 3
45 1 10 0
37 22 35 10
43 0 5 16
31 41 9 17
38 15 10 10
12 28 11 40
13 32 11 41
21 43 34 14
32 24 37 8
48 3 23 34
49 47 5 21
48 1 43 29
24 17 6 28
47 2 29 31
29 29 28 21
39 23 36 17
27 36 48 13
49 2 1 14
48 27 11 11
44 31 40 20
33 39 43 16
15 17 41 23
43 12 23 23
23 48 49 9
36 26 5 19
26 17 5 23
46 3 1 20
48 6 41 32
33 24 19 27
25 22 47 12
29 28 35 10
36 41 43 11
44 7 35 7
40 16 49 16
35 34 5 12
37 9 7 6
46 4 15 40
32 20 2 18
34 27 10 42
48 3 32 9
28 48 30 29
23 26 13 42
13 12 12 40
40 25 11 18
32 46 16 2
19 22 40 16
23 27 2 10
28 30 38 8
22 13 11 15
36 28 6 1
16 30 43 48
47 27 17 15
24 20 8 3
30 27 9 38
24 20 36 13
40 21 43 36
31 11 25 2
48 46 4 6
40 26 20 9
40 21 37 41
48 27 10 43
45 41 44 26
38 40 9 15
16 37 40 8
38 45 15 15
24 24 37 10
45 1 8 13
21 13 39 0
18 18 30 6
19 37 29 20
46 3 38 16
46 4 3 14
36 17 45 0
15 34 16 45
48 12 9 18
19 12 6 19
36 30 8 10
8 4 34 5
12 36 9 0
45 16 9 22
31 37 6 18
10 47 19 18
33 39 8 23
29 22 37 29
49 1 0 25
48 6 0 21
30 44 9 28
16 38 2 25
41 45 48 8
22 36 38 30
31 8 6 9
27 30 36 46
17 48 15 7
42 44 34 32
22 26 7 12
49 4 47 9
23 18 7 18
47 5 15 12
48 4 10 33
48 5 5 22
24 16 45 23
35 48 25 0
27 18 36 0
14 43 11 4
22 49 11 10
7 37 8 44
48 3 33 23
45 9 0 3
46 2 24 16
30 12 19 16
42 20 36 21
38 25 16 2
44 2 28 35
23 21 4 10
27 15 22 1
46 1 6 25
47 1 3 1
48 1 9 37
44 2 13 43
8 32 32 10
26 32 29 8
26 40 9 36
34 33 36 38
39 31 11 15
40 33 11 21
45 1 9 35
38 42 9 43
9 35 29 18
36 30 42 44
21 25 4 27
34 21 40 29
23 37 33 19
34 43 12 6
42 44 11 31
33 19 38 18
48 35 12 41
24 23 25 8
36 21 34 18
40 17 42 13
38 13 10 39
44 9 42 31
36 42 17 22
34 36 43 11
44 14 31 17
41 36 22 33
49 5 3 4
30 40 11 5
37 18 2 24
12 39 32 11
42 33 43 48
22 23 39 14
33 32 15 40
33 34 6 22
22 29 6 16
49 2 34 7
12 11 39 3
25 44 42 21
43 47 7 21
38 36 34 44
28 36 38 16
38 24 12 5
23 26 0 11
35 33 26 34
30 30 11 42
18 33 26 19
22 19 7 16
45 37 47 14
49 4 42 32
49 18 33 10
45 18 2 14
48 14 24 6
29 42 41 32
14 41 12 19
43 46 42 20
23 13 36 43
30 3 14 41
44 38 41 48
45 2 2 17
43 2 46 37
41 28 45 45
39 27 45 8
38 26 7 42
49 3 41 20
26 30 3 8
46 31 12 40
27 24 40 21
19 35 40 13
46 3 37 13
31 13 0 14
49 27 46 42
33 16 5 14
38 14 37 19
16 38 8 27
38 11 9 20
31 40 30 1
19 39 16 2
32 9 21 2
42 3 8 2
46 6 7 41
26 34 5 16
48 7 43 25
14 35 38 19
32 6 8 13
3 40 31 20
44 12 27 12
44 2 14 8
46 10 40 3
34 15 40 38
30 39 4 17
28 37 16 40
24 40 15 45
7 34 42 15
33 37 16 26
44 20 9 15
31 41 38 21
35 29 8 8
46 3 37 7
34 34 24 17
25 31 5 20
42 5 15 8
34 13 42 11
24 19 14 4
46 37 5 11
41 41 17 0
38 19 12 6
33 10 41 11
31 45 37 16
46 2 32 18
41 13 43 20
27 28 12 3
24 31 40 12
43 39 8 7
19 34 6 21
29 37 44 18
29 46 22 21
47 0 11 37
44 4 4 14
49 19 13 4
2 41 2 18
32 34 6 3
26 31 1 23
28 25 36 16
40 13 47 37
11 31 10 16
18 35 6 40
44 45 44 29
12 44 4 27
42 38 29 16
44 11 20 5
47 15 18 7
39 16 44 16
35 10 47 31
30 30 3 20
38 34 41 17
47 4 10 16
23 42 6 9
7 35 15 18
40 30 5 18
37 7 9 40
49 34 45 18
4 30 8 40
45 40 44 20
34 19 22 13
36 33 4 41
31 21 21 12
49 42 38 13
17 14 36 31
25 35 6 4
49 1 37 17
49 8 36 21
25 27 27 13
46 16 45 2
49 2 37 16
24 47 7 18
33 6 9 12
5 46 31 13
36 44 36 14
39 34 44 21
34 21 32 14
46 10 36 27
42 41 30 38
35 22 28 20
34 18 20 1
28 21 39 19
21 47 2 5
31 30 15 3
36 43 30 0
46 34 13 39
25 12 14 4
34 28 1 13
45 6 27 13
33 15 40 47
33 14 31 11
49 17 9 3
48 1 7 18
47 1 36 18
34 16 17 30
29 29 4 11
46 16 29 26
44 0 15 4
43 18 16 41
47 33 16 40
48 47 13 14
26 2 15 18
27 24 49 49
48 45 8 0
9 28 18 21
33 30 9 0
44 8 5 16
46 19 14 4
21 23 39 24
45 15 3 20
48 43 10 41
27 8 6 3
41 25 5 18
43 20 10 1
44 21 7 19
46 4 41 11
47 3 28 34
20 34 11 19
42 21 10 21
30 26 43 5
44 10 24 15
7 31 10 37
28 20 27 16
45 43 37 18
34 6 38 48
39 34 16 13
49 4 16 14
49 1 26 19
44 44 8 43
47 5 10 41
49 7 6 44
35 35 30 15
47 7 9 39
37 23 14 36
42 22 3 43
43 19 39 18
48 3 42 19
46 0 33 7
27 37 40 33
20 19 10 22
30 17 35 21
30 23 45 28
48 0 18 25
29 14 6 40
49 1 36 10
24 21 49 22
43 19 46 21
2 38 38 28
34 21 38 8
40 14 32 32
27 37 0 20
20 12 5 21
20 46 4 15
43 17 1 1
12 15 15 44
31 12 1 2
45 8 48 35
25 19 1 13
35 4 42 26
29 24 8 22
45 16 10 42
28 42 25 31
23 19 6 8
28 24 6 15
2 26 0 17
34 33 2 23
28 30 4 4
49 4 36 49
40 47 38 10
37 20 43 12
34 21 8 41
23 27 5 18
30 24 15 43
23 33 8 10
14 20 12 39
49 2 7 33
47 36 3 6
40 49 31 17
37 32 0 23
22 41 10 40
38 17 9 40
26 15 9 42
37 42 8 44
28 41 6 9
33 39 27 32
48 3 6 8
48 3 2 30
18 21 13 4
30 1 10 10
14 47 2 5
32 30 3 3
49 10 13 38
49 12 44 24
31 26 44 13
27 34 39 14
20 48 4 25
26 39 40 46
42 5 39 30
13 41 8 22
40 46 7 40
26 41 37 14
15 38 10 40
34 21 4 24
48 8 5 24
34 25 10 21
27 15 17 1
48 5 48 20
41 44 38 5
45 17 0 18
38 15 7 41
46 1 32 11
6 31 36 7
38 13 28 19
31 10 47 26
47 44 34 12
32 44 13 9
48 10 44 23
49 4 4 28
31 11 47 7
49 0 3 18
40 35 6 15
45 34 7 43
39 46 5 22
34 30 5 32
32 20 5 7
31 46 3 20
36 48 42 30
38 37 7 15
27 31 2 19
42 8 11 13
32 29 3 20
28 45 11 4
24 31 11 39
9 34 9 4
23 36 2 27
3 3 7 22
36 41 17 35
29 19 6 11
34 30 21 4
35 37 25 24
48 3 43 15
10 15 37 3
35 39 0 24
36 8 42 5
38 30 2 21
49 22 34 18
27 46 19 1
13 19 13 3
44 18 28 19
48 40 6 20
27 38 49 16
46 3 36 9
39 13 13 7
42 25 11 22
15 21 10 16
45 44 31 6
32 13 12 22
31 19 0 20
26 34 4 16
22 49 37 9
39 28 11 18
40 24 30 40
47 11 33 18
29 29 16 3
21 31 15 40
44 1 19 8
40 39 34 23
27 39 16 7
34 20 45 19
26 35 43 13
41 34 17 11
35 29 10 19
23 27 6 4
31 16 40 12
21 36 6 1
23 29 41 17
49 6 1 9
37 44 7 42
45 11 32 4
33 19 38 49
33 31 47 18
46 4 28 3
49 11 32 7
15 21 15 44
48 14 3 21
36 4 43 24
49 5 44 13
25 31 37 14
47 31 48 43
1 46 10 41
26 26 10 36
10 32 48 14
47 4 14 48
29 30 10 43
8 32 6 1
17 20 12 5
47 41 5 20
29 43 44 9
18 28 2 4
10 48 3 15
19 30 7 23
35 35 13 39
32 30 6 18
19 15 39 10
45 24 31 29
26 20 7 39
45 10 40 14
43 11 12 0
38 28 18 6
37 35 31 34
45 3 42 19
17 17 11 10
48 4 12 36
32 32 11 39
37 13 14 21
49 3 6 11
46 3 7 5
6 39 38 19
47 7 38 11
47 16 39 35
35 37 41 6
32 40 8 17
32 18 23 35
34 7 21 12
18 22 30 21
16 37 36 12
23 19 42 11
30 38 45 23
36 15 44 20
18 31 17 9
41 35 4 16
28 16 30 1
14 21 7 20
23 14 17 6
34 1 8 25
48 4 14 40
30 44 11 20
31 29 12 1
38 10 5 19
6 27 36 7
27 32 13 43
23 20 35 38
3 35 42 12
34 46 10 36
46 2 2 12
8 24 29 21
45 10 43 18
3 20 10 25
38 27 9 0
24 4 6 10
31 23 3 20
46 4 40 46
27 36 29 10
23 44 17 8
24 13 43 5
49 0 17 30
30 14 12 36
44 20 6 25
45 17 5 22
47 0 44 29
41 35 5 21
34 16 10 17
30 16 8 18
22 18 36 5
47 1 49 13
31 16 16 3
24 46 12 7
38 36 2 18
49 4 37 11
24 28 13 19
38 30 32 6
47 3 37 13
16 30 38 24
38 23 3 26
32 24 43 20
10 46 13 20
27 38 18 36
30 48 13 43
37 14 9 0
40 8 5 16
48 4 13 6
45 12 13 23
5 34 39 36
35 13 2 23
18 22 2 12
27 21 25 12
38 23 27 20
34 36 10 19
45 23 11 6
19 48 1 18
31 41 11 39
45 37 9 41
20 31 13 0
31 28 8 31
31 33 6 23
47 3 43 9
38 39 44 15
26 23 3 14
41 1 42 9
30 25 4 17
30 40 11 37
48 6 47 15
49 6 12 20
46 34 6 22
32 41 11 45
37 19 36 36
29 27 23 15
30 30 47 3
47 4 3 12
20 45 40 9
36 19 9 33
18 33 21 3
30 31 45 49
41 44 48 11
32 19 16 4
34 22 13 0
41 25 43 16
44 17 41 26
48 9 14 12
40 29 28 4
43 12 9 4
43 44 6 17
29 12 14 38
33 40 7 14
44 22 15 4
35 9 48 29
47 41 8 25
32 15 22 14
25 27 14 22
19 40 10 39
28 22 3 35
30 31 10 41
24 17 37 19
37 6 41 8
49 3 9 11
34 32 36 6
29 43 17 9
46 0 16 21
36 31 40 27
37 19 11 15
12 39 44 29
11 27 17 1
38 24 0 15
17 1 27 14
32 14 33 21
41 21 15 14
39 35 1 26
15 44 31 1
44 23 14 16
38 34 14 38
45 7 41 48
5 33 41 35
26 5 29 10
33 20 39 8
45 4 14 11
23 31 5 20
43 34 4 19
43 8 37 27
28 24 8 6
24 21 45 36
42 4 35 4
9 35 24 20
47 11 15 14
1 39 34 12
49 15 41 18
41 33 35 27
36 22 33 20
40 47 14 41
34 11 44 17
45 48 39 18
28 15 34 15
49 0 38 18
44 14 26 29
39 19 4 22
24 27 25 13
46 1 4 19
20 34 42 21
23 19 0 23
46 4 41 21
41 19 13 29
30 32 7 19
37 27 6 19
45 41 6 5
26 15 12 3
27 18 10 37
17 29 33 18
32 45 38 11
40 44 11 15
43 16 5 19
37 14 5 1
10 39 3 18
33 14 13 36
26 39 5 20
28 26 33 11
34 29 17 2
46 3 6 20
41 31 4 7
31 41 6 22
11 40 47 15
23 39 9 45
12 17 16 45
44 20 40 26
45 3 46 18
37 15 38 8
40 25 14 42
29 32 11 32
16 17 4 20
23 36 5 23
13 24 35 45
44 1 10 10
30 31 37 27
42 24 9 22
27 44 20 8
42 37 10 41
31 38 19 7
46 5 2 16
34 15 6 12
16 27 49 49
32 41 10 3
26 41 9 20
49 3 15 42
26 32 12 22
31 43 8 1
32 2 8 19
23 12 3 0
41 14 31 12
32 14 19 14
28 11 44 16
42 2 20 13
37 15 33 49
14 48 46 17
45 32 7 21
34 41 7 8
32 28 4 19
24 22 41 19
43 40 9 1
47 31 7 22
24 47 7 6
45 6 33 16
44 2 4 0
43 4 12 39
38 48 9 5
29 14 6 44
17 7 21 36
25 6 44 25
40 46 33 14
38 42 16 6
18 32 37 15
49 3 15 8
37 43 33 33
46 1 4 14
33 36 28 14
16 48 11 0
36 32 47 44
20 35 19 3
46 13 3 23
43 3 28 16
19 26 37 15
40 17 29 13
17 43 8 39
47 31 42 43
48 5 9 5
35 22 39 10
46 11 39 15
26 22 9 36
25 33 30 21
33 30 39 12
41 36 35 6
20 22 42 21
27 32 42 33
39 34 6 13
23 26 45 12
20 48 26 11
30 26 11 2
35 39 39 14
10 9 13 43
40 9 12 22
38 15 38 9
34 49 35 0
45 6 21 4
39 34 48 27
22 21 3 20
30 18 18 2
20 41 36 15
49 3 6 21
48 6 47 27
48 5 36 6
24 38 45 12
46 2 21 7
25 19 40 18
33 41 37 26
44 35 0 23
20 45 44 18
38 31 11 6
37 21 10 6
27 34 1 9
25 28 6 17
48 1 10 16
48 26 15 7
44 44 10 40
26 38 32 13
36 7 21 3
42 15 33 23
28 36 10 4
18 24 14 3
46 5 38 13
25 32 39 18
24 27 24 5
32 20 44 38
48 1 43 22
47 6 16 39
40 9 13 42
36 36 4 17
37 23 10 3
30 16 42 14
23 47 8 6
25 47 4 28
10 14 7 17
17 43 9 14
45 6 45 14
37 24 11 38
24 45 10 1
47 30 5 20
47 0 0 6
40 32 7 24
36 25 5 2
28 8 2 18
33 40 23 19
13 34 6 21
39 39 3 21
14 36 9 14
41 5 39 33
21 15 8 20
34 21 3 18
33 18 25 23
28 29 40 32
10 40 23 18
43 16 14 6
22 19 13 19
32 40 38 34
49 34 39 10
44 36 13 1
27 20 5 19
32 10 12 3
6 42 38 11
46 36 12 22
45 4 48 15
46 6 40 46
18 32 7 19
17 22 2 20
45 1 8 19
47 27 35 13
43 16 2 9
46 7 24 15
20 31 28 12
32 17 13 3
47 40 36 18
29 36 13 7
25 43 2 17
45 33 16 12
44 43 10 41
31 19 6 20
13 6 2 5
39 18 20 36
8 28 21 17
45 13 31 19
11 28 42 15
28 41 7 12
14 13 28 3
34 48 21 16
49 16 5 18
24 14 33 22
37 46 14 17
28 11 10 32
38 36 6 18
21 25 7 15
25 21 38 19
33 10 7 17
26 40 2 17
25 39 9 10
32 28 43 12
49 20 1 20
38 41 20 3
44 9 12 20
24 37 1 13
29 39 38 17
45 3 17 3
38 30 11 36
29 21 1 20
39 27 14 30
35 25 2 16
43 28 15 11
25 12 11 8
47 6 9 11
36 21 41 9
45 4 26 20
42 33 40 25
28 17 10 18
29 37 7 22
21 30 9 41
44 6 40 2
44 37 11 44
34 18 37 20
27 12 8 43
30 38 12 47
44 25 37 11
7 15 41 10
44 45 13 44
41 3 4 20
47 1 11 43
37 22 13 44
15 37 39 18
14 17 43 6
27 8 46 46
3 26 39 46
46 6 15 41
34 30 41 39
32 19 43 2
33 34 44 27
20 13 36 9
49 11 13 44
40 37 3 24
43 26 36 12
24 6 13 45
47 3 6 41
32 15 47 4
49 39 3 3
49 47 47 36
48 17 6 17
44 6 43 19
16 8 36 21
31 32 6 17
14 25 35 0
49 2 11 0
42 28 16 22
24 26 10 17
39 7 3 7
25 9 13 10
41 2 23 10
44 1 17 41
38 36 24 16
49 4 2 23
49 21 38 16
22 17 16 7
38 20 31 13
45 13 40 12
46 3 43 28
13 14 43 45
17 26 2 16
46 9 0 13
28 6 0 25
31 31 38 42
28 14 15 47
36 18 4 22
27 42 9 38
34 16 7 19
35 16 49 25
18 37 8 19
18 40 46 15
48 1 8 9
25 35 8 3
41 15 40 32
37 6 6 21
22 16 20 12
41 15 17 29
46 35 2 18
43 15 39 14
34 36 10 11
35 38 17 8
23 29 24 25
11 43 7 7
30 17 19 24
36 19 11 42
43 12 11 43
26 46 18 8
34 33 0 10
29 32 7 3
39 7 8 13
20 39 39 27
33 32 12 42
43 19 40 6
7 18 11 41
30 26 5 4
37 26 8 19
47 7 44 15
42 17 15 1
47 2 14 7
38 47 0 23
27 44 1 35
32 15 16 20
19 44 38 15
47 17 42 48
40 15 37 22
46 33 10 2
27 4 38 11
33 20 31 16
28 5 11 18
28 12 35 12
31 27 17 6
15 23 2 4
27 31 2 35
39 25 2 22
27 45 25 20
46 1 0 1
21 39 28 13
22 29 19 1
39 9 40 13
42 21 37 42
49 0 45 10
38 18 32 19
43 0 12 40
45 49 24 7
27 26 12 0
11 26 6 2
22 24 14 44
18 49 2 10
44 2 19 30
22 21 36 2
42 36 33 14
45 16 1 21
20 37 9 35
39 49 7 17
43 21 36 21
48 2 10 2
8 33 33 15
17 19 9 23
43 27 23 26
39 1 1 7
23 13 35 16
42 21 7 19
15 28 3 7
30 26 4 20
46 42 42 31
42 37 44 12
42 28 0 16
46 8 2 15
30 19 42 24
38 31 41 38
31 39 11 9
25 47 36 41
27 32 10 5
38 21 38 1
17 17 24 24
48 6 12 5
42 33 2 24
47 6 41 13
48 5 35 12
37 31 6 26
42 18 5 15
44 12 47 19
47 3 44 45
43 34 36 13
30 22 45 17
48 3 35 16
31 5 19 17
38 19 39 10
25 22 22 2
22 13 12 39
32 14 18 25
24 26 35 31
34 11 42 17
44 2 13 45
25 12 30 11
32 26 16 6
43 17 29 18
48 3 1 18
42 35 18 22
20 42 13 8
42 43 23 30
41 40 41 15
17 35 13 27
6 44 10 19
49 20 11 40
27 15 41 36
25 34 44 2
26 18 32 0
35 18 9 0
34 10 10 11
36 33 29 25
47 5 35 10
26 13 39 28
34 44 13 19
23 22 8 25
22 21 18 10
28 41 34 24
18 14 36 45
11 25 46 48
15 23 25 1
39 8 48 41
48 41 40 6
34 10 3 4
48 6 21 0
42 22 8 16
20 48 34 9
31 35 14 33
36 36 9 22
28 17 41 22
30 10 16 1
13 18 4 21
17 17 9 28
46 39 9 2
9 43 10 17
16 33 36 17
48 31 7 20
49 12 26 6
41 26 38 45
46 6 34 15
47 40 38 13
38 32 8 36
29 10 9 39
47 40 5 20
40 10 13 8
15 21 3 25
44 44 46 14
35 38 13 1
47 1 13 45
38 43 8 8
49 32 7 22
40 42 39 18
23 31 8 40
12 46 14 38
27 20 14 43
49 3 11 18
30 19 41 20
31 15 4 5
6 39 45 21
31 12 41 7
46 2 39 25
39 14 48 49
45 27 33 10
45 7 17 44
18 30 6 20
19 34 35 20
35 28 2 26
28 13 13 3
37 33 4 18
49 13 3 21
40 45 5 22
27 7 34 11
28 33 0 17
42 16 5 31
30 26 24 15
20 11 11 6
37 40 1 18
46 45 42 29
15 35 8 18
33 19 6 16
44 5 36 19
41 19 23 32
44 32 4 2
43 1 9 9
49 14 40 14
40 41 8 11
49 3 39 24
44 3 4 20
30 28 12 28
40 21 7 40
33 42 11 13
25 28 2 20
36 11 15 10
29 24 5 18
34 4 8 25
14 45 27 3
31 6 9 20
30 42 5 8
23 9 43 21
30 34 34 19
45 1 6 16
39 18 18 19
39 39 13 46
28 20 44 33
14 23 17 14
39 31 38 10
47 12 12 39
22 49 5 24
46 3 7 11
43 11 4 39
48 7 29 44
47 14 35 20
37 2 7 20
38 14 14 40
41 11 37 14
31 19 10 21
23 21 6 15
38 14 4 23
37 1 15 0
23 22 35 19
42 37 7 43
2 28 7 16
48 14 4 20
26 25 10 16
23 29 39 33
45 42 12 7
44 20 6 18
18 34 39 14
32 46 21 4
45 1 9 20
30 36 37 11
18 49 12 39
44 2 25 14
45 21 39 11
34 44 13 41
31 22 8 30
40 7 39 21
37 4 30 14
37 38 4 11
44 40 15 15
47 4 15 1
47 1 14 3
35 22 10 17
40 12 15 21
47 3 42 18
33 0 3 9
14 19 6 18
35 3 11 24
48 9 46 46
47 5 10 14
40 1 6 26
30 41 36 24
46 28 40 10
42 37 27 15
44 2 12 34
28 13 1 28
46 4 23 12
17 38 13 18
36 12 11 31
39 18 11 10
41 41 2 23
31 30 0 19
18 23 43 18
27 21 33 47
20 49 1 15
43 25 38 46
38 8 44 47
21 19 37 22
46 29 8 43
25 27 13 44
48 14 27 17
28 27 8 19
33 37 7 20
19 47 37 13
42 42 36 16
20 42 16 47
29 29 49 41
18 45 20 37
41 10 7 19
49 23 43 15
37 21 29 26
30 44 11 3
42 26 9 2
