50 323 13845 800
48 4 31 19
38 27 40 35
0 33 9 26
16 20 27 38
5 34 8 32
49 9 48 17
0 38 25 23
4 18 48 6
44 12 35 38
41 28 17 16
49 4 39 1
10 21 4 22
9 16 16 13
29 18 12 36
16 13 46 34
24 24 30 30
40 30 8 45
35 46 19 35
15 14 15 4
29 17 40 39
37 43 18 44
5 13 2 24
8 40 13 30
39 27 30 34
11 19 22 41
39 1 4 31
11 20 39 23
4 39 17 43
44 19 12 9
8 40 13 15
41 41 41 1
35 41 4 13
17 15 36 34
24 23 29 31
19 20 41 8
6 11 25 47
34 0 42 27
6 16 26 19
5 38 17 2
40 11 41 37
4 39 18 13
27 25 46 24
33 39 23 19
1 38 25 22
23 12 25 34
36 7 46 36
13 15 29 25
28 43 41 5
8 14 38 32
36 8 21 10
6 17 39 40
47 20 26 14
16 10 24 9
6 20 3 40
6 12 19 6
11 18 35 24
43 46 21 41
49 22 1 31
25 26 21 10
32 17 5 20
5 15 11 8
39 15 31 15
39 28 25 14
8 18 16 13
7 15 12 10
7 17 4 37
29 21 31 40
24 11 9 35
0 39 16 20
2 38 14 38
7 15 6 9
3 4 19 13
12 15 11 34
41 31 28 40
12 18 23 20
1 40 31 31
39 17 31 41
17 22 5 13
3 39 18 30
25 11 16 28
16 33 11 26
24 19 40 43
13 22 10 16
40 4 9 42
35 40 18 37
19 17 22 13
5 18 22 21
28 25 40 36
6 18 20 15
28 20 44 20
8 37 11 47
10 19 41 38
10 16 19 13
27 7 39 42
5 36 28 6
31 10 28 18
27 15 24 10
34 2 42 29
16 16 24 24
46 42 23 23
14 20 15 1
48 14 44 11
19 41 17 14
47 14 29 13
29 13 6 26
20 36 15 15
40 35 3 40
23 19 12 15
43 40 7 4
23 17 10 13
47 24 4 37
47 24 12 44
23 12 21 7
11 15 26 9
28 25 9 20
25 16 8 44
5 23 28 20
1 35 29 42
7 45 37 39
0 36 38 29
38 2 26 20
44 32 30 8
18 18 29 18
9 18 3 21
1 42 22 6
17 10 20 18
15 28 21 19
23 41 15 29
28 29 21 19
45 45 11 31
8 21 1 4
3 13 22 22
35 24 18 23
0 14 15 24
28 26 33 9
5 36 27 5
10 13 30 4
34 4 34 15
15 15 2 6
9 11 22 35
24 39 49 25
8 18 34 28
47 43 17 15
13 20 36 27
18 30 30 27
25 21 16 30
27 36 42 13
4 45 8 12
26 13 28 38
2 38 22 27
4 40 27 14
38 44 40 16
12 22 35 11
13 17 19 7
46 18 48 0
4 16 35 23
37 46 42 40
1 39 7 44
42 34 7 26
5 16 0 28
21 21 0 22
10 14 15 2
7 20 15 14
17 22 30 22
38 27 28 29
5 37 35 25
16 16 39 32
7 18 32 20
21 18 26 31
12 19 21 11
27 25 13 26
43 43 31 11
17 22 3 5
36 35 39 20
11 22 10 48
10 15 23 4
12 19 7 23
7 13 26 10
30 23 27 12
34 9 36 34
38 38 9 8
5 15 33 9
5 38 41 40
11 17 22 47
40 18 3 38
49 23 2 35
36 36 20 13
33 44 29 9
48 39 12 30
26 17 9 14
19 12 0 49
39 23 40 33
0 46 26 42
29 25 42 14
40 44 25 36
39 5 6 34
24 27 15 30
8 18 19 32
36 17 16 23
35 17 19 12
6 17 9 14
42 1 3 28
34 6 22 9
33 33 48 39
1 14 28 9
15 22 32 42
12 13 8 34
8 36 7 24
21 45 25 30
30 1 7 9
34 27 35 32
44 37 23 7
20 24 17 0
26 25 19 11
4 39 27 28
24 19 12 35
30 40 13 30
0 11 9 6
29 22 16 8
36 44 13 22
5 24 24 41
6 17 12 18
6 17 17 3
40 26 30 32
45 10 25 10
46 19 0 31
31 28 44 9
36 18 25 24
40 25 18 20
26 25 21 17
28 26 5 33
27 48 29 41
45 39 14 24
0 15 19 38
24 24 9 15
45 8 45 14
47 10 31 18
44 34 23 14
13 26 16 8
24 25 3 15
11 19 23 3
36 10 18 9
47 23 33 41
29 25 21 8
1 33 29 8
0 41 23 24
7 15 18 22
45 7 3 39
7 14 11 8
49 42 8 9
36 7 12 16
7 42 23 3
42 10 36 16
11 13 13 34
29 27 22 13
36 14 32 40
12 15 9 27
27 19 45 26
3 41 36 16
45 11 15 8
6 12 27 7
3 40 29 38
1 37 8 36
39 22 8 24
43 49 33 27
30 23 14 23
46 25 13 46
26 21 34 20
48 25 30 9
46 16 25 5
13 13 12 20
39 2 4 8
29 42 25 39
44 15 36 28
43 11 31 9
22 23 33 30
20 23 34 35
34 1 41 30
31 36 32 30
4 39 42 28
28 24 39 23
19 16 14 14
47 16 28 6
23 41 15 41
27 29 19 10
10 18 18 14
23 25 39 35
26 2 29 24
9 19 15 19
31 27 12 12
29 31 16 11
17 19 21 35
24 0 2 31
41 47 30 22
25 41 18 22
6 39 46 18
27 24 31 46
6 39 20 29
45 17 6 23
43 7 20 6
29 42 8 32
16 16 33 10
13 13 14 22
29 28 25 22
3 19 19 33
0 39 13 29
20 13 29 7
8 17 9 24
25 14 24 9
36 44 32 16
32 41 36 3
36 8 14 16
38 40 42 33
0 38 16 3
13 22 11 9
37 37 21 31
8 14 19 21
21 27 21 21
5 36 36 16
35 1 26 20
29 8 29 31
15 15 10 8
32 32 17 6
