50 50 17139 800
4 28 5 35
47 44 27 42
49 34 40 23
8 2 49 40
30 39 18 47
7 3 23 38
39 15 11 43
35 42 33 27
37 24 20 31
43 34 35 36
19 49 38 34
3 0 45 47
44 13 45 33
49 11 11 46
22 25 48 42
44 46 8 39
33 21 37 34
47 10 38 46
45 41 49 48
43 9 13 32
41 30 44 12
34 29 15 37
5 2 33 43
23 5 18 49
34 6 18 45
25 20 45 46
12 12 41 45
43 17 39 29
15 28 48 44
41 40 42 31
33 39 43 48
34 29 40 49
43 12 43 34
40 42 41 31
25 8 12 49
34 30 30 38
25 26 33 39
49 21 46 23
49 24 43 48
49 4 11 49
47 14 48 29
29 20 36 25
21 15 18 37
49 47 29 37
38 32 34 42
7 18 18 49
37 11 2 46
35 29 20 42
6 8 15 42
24 29 21 46
