50 401 14539 800
22 3 17 49
38 3 15 39
42 26 16 36
2 18 23 44
3 1 2 10
45 40 32 11
34 38 15 38
13 9 27 17
17 3 22 35
37 33 21 44
39 34 17 43
35 34 20 39
20 1 23 32
42 37 18 44
35 40 41 27
40 32 30 23
33 19 19 43
37 16 24 35
0 1 24 36
31 37 15 47
15 6 5 7
10 44 30 36
22 3 34 15
34 31 6 11
23 23 36 41
28 23 29 17
39 34 24 40
20 5 28 14
17 8 32 14
30 25 20 34
33 16 26 30
32 27 14 47
41 31 45 24
32 27 20 30
46 17 3 26
43 7 32 15
3 27 17 44
35 24 6 14
2 45 24 15
47 5 23 42
38 2 22 19
28 32 29 17
46 31 2 15
32 36 16 49
32 33 9 34
17 2 20 33
33 9 15 47
40 25 23 35
15 1 29 15
49 25 33 17
39 1 29 46
26 40 30 22
19 4 13 19
37 4 24 13
22 2 18 47
24 45 18 41
25 21 24 37
41 0 31 18
38 4 24 33
46 22 9 25
23 8 24 16
39 28 13 46
23 44 43 22
19 8 6 23
28 12 23 35
35 30 13 43
45 10 38 26
30 25 16 20
33 33 31 13
22 8 28 16
21 8 30 48
34 13 1 30
32 25 44 29
32 21 16 44
29 27 24 34
10 21 32 26
18 43 7 25
20 5 25 12
1 22 16 34
37 0 34 15
45 26 34 10
24 8 14 49
33 31 20 35
16 8 28 19
24 10 25 38
18 28 25 45
32 28 8 46
13 0 24 39
4 21 21 47
40 36 27 19
22 6 17 45
37 6 25 19
21 3 24 33
36 25 8 45
32 28 3 38
40 2 0 8
38 36 29 33
14 24 25 34
4 47 16 18
32 35 28 39
23 12 27 38
36 26 31 9
44 24 0 13
35 32 23 48
35 24 17 29
33 32 20 10
38 0 20 42
39 18 28 9
33 27 22 38
14 32 20 43
28 14 9 45
46 15 19 45
37 43 30 20
48 8 28 40
32 36 9 25
47 8 32 13
41 1 26 38
35 34 24 39
43 23 29 20
31 21 26 19
36 29 8 2
40 27 22 48
19 9 21 47
35 19 30 9
21 3 39 30
35 2 26 35
38 21 26 44
35 26 19 29
29 18 26 14
45 9 16 46
6 7 27 35
8 15 32 20
14 47 32 12
22 5 28 34
22 0 42 22
5 21 20 49
41 26 22 42
18 5 30 18
46 17 33 37
41 30 30 39
36 34 32 30
39 0 26 39
33 38 19 41
38 3 5 6
44 2 26 19
39 21 37 38
18 15 26 40
2 6 7 13
36 35 17 7
36 28 3 4
40 0 22 30
41 23 25 17
37 29 28 37
38 0 24 48
21 1 30 14
7 11 7 20
23 12 18 43
41 21 26 33
38 41 25 21
42 31 21 37
28 31 44 38
39 2 31 18
43 27 35 38
30 28 30 15
17 20 24 15
29 20 34 17
48 8 23 48
25 4 28 14
22 3 24 39
6 22 7 40
27 4 29 16
36 25 35 30
6 9 27 39
39 30 48 46
34 30 33 4
15 1 25 33
31 24 25 38
39 40 44 30
16 44 32 12
18 8 23 37
10 41 45 37
39 32 1 12
16 2 8 15
17 6 27 15
47 14 21 45
4 5 19 27
34 35 31 45
28 0 1 7
21 1 7 48
37 4 32 21
18 44 6 36
3 4 17 42
31 20 31 34
31 21 35 32
12 13 19 35
32 40 29 18
35 22 26 18
11 23 21 44
47 0 36 19
21 5 27 46
30 26 34 19
27 28 28 33
34 29 24 43
18 40 45 27
21 36 15 37
38 26 28 34
36 1 15 36
26 32 31 19
20 10 28 40
28 22 29 39
28 34 32 8
5 23 47 13
18 5 20 13
46 9 19 34
22 4 31 13
14 15 10 47
24 9 18 45
32 29 25 37
41 29 25 36
39 2 26 37
23 3 19 43
34 35 25 47
41 17 9 1
35 31 6 11
43 24 25 33
31 25 47 32
36 41 21 36
48 7 33 31
19 6 19 46
10 26 21 39
32 26 45 32
7 6 47 24
42 16 27 38
19 46 38 28
24 7 6 5
4 38 47 9
14 34 19 42
23 5 28 13
5 1 25 43
35 38 30 17
39 29 30 23
38 29 27 41
37 2 40 48
43 1 28 34
45 33 22 34
39 1 28 13
29 40 47 26
22 28 44 29
3 45 12 41
46 5 4 20
31 32 33 18
32 29 48 37
33 39 14 32
36 6 21 46
17 39 27 17
46 31 24 34
28 15 27 36
24 6 20 41
24 29 2 37
12 2 49 36
42 4 31 17
33 23 30 9
33 34 26 43
41 1 23 44
42 28 32 13
44 25 21 46
46 10 22 40
10 29 12 44
32 22 27 9
35 15 28 38
27 40 23 35
39 41 30 21
40 5 32 42
18 1 23 39
34 42 31 14
25 37 15 42
30 46 23 49
18 4 48 35
41 38 32 14
28 21 11 47
29 24 18 25
8 15 48 31
29 22 3 48
18 1 24 48
18 6 6 41
28 46 8 19
25 31 26 36
18 2 27 38
10 12 27 33
20 4 24 37
18 10 25 36
45 10 27 42
38 25 20 45
31 29 42 30
39 3 29 20
42 36 24 37
44 1 17 33
46 8 13 40
36 37 20 22
48 41 17 40
13 39 23 46
37 39 31 29
33 31 25 14
48 9 1 9
22 19 27 12
42 36 34 9
3 12 14 41
39 34 28 18
23 31 33 12
14 3 15 43
15 13 31 34
5 6 20 44
28 19 29 36
24 7 31 10
17 9 18 49
40 0 34 17
33 19 31 15
32 26 38 17
19 24 25 48
7 4 30 41
28 7 15 15
31 24 18 40
7 21 13 21
30 36 23 36
6 15 18 46
47 10 27 16
36 36 20 24
21 16 23 39
42 24 35 7
38 12 9 24
40 39 28 37
29 29 29 45
38 36 16 28
48 6 20 12
35 33 17 35
31 27 24 11
21 2 24 34
19 4 17 46
23 30 14 14
4 29 29 13
48 8 29 17
32 13 36 4
40 18 10 35
21 31 26 34
1 32 25 29
29 29 15 40
17 46 15 26
3 21 23 39
40 0 21 35
44 33 28 35
44 6 22 15
40 38 29 11
6 37 45 26
15 4 49 27
48 10 24 48
46 13 37 18
33 1 19 41
35 31 28 42
36 6 46 31
42 25 1 38
37 40 16 33
18 33 30 20
39 19 22 44
37 32 15 47
24 33 25 38
40 36 24 36
36 30 25 39
34 37 12 18
41 23 10 49
18 2 37 17
17 3 12 46
23 0 28 36
29 26 27 34
28 25 22 34
33 31 24 34
17 40 10 27
17 31 12 47
21 5 28 15
17 28 35 30
37 28 15 37
18 33 24 33
4 22 33 17
36 3 29 18
38 31 7 27
13 10 14 47
39 11 17 37
30 31 30 43
32 28 8 18
32 19 34 15
26 42 39 29
43 4 16 39
15 44 18 21
21 4 20 45
2 3 38 49
39 26 29 14
45 40 30 24
28 23 44 23
32 33 21 29
30 13 45 19
46 1 30 14
46 20 29 15
