50 180 18056 800
22 30 45 6
29 26 33 44
36 28 28 15
3 7 47 0
37 4 18 21
33 38 35 35
42 27 4 23
21 30 44 25
41 3 49 28
34 4 31 1
34 0 10 30
26 34 30 17
26 32 18 31
10 15 11 29
14 5 39 34
26 11 17 20
20 30 43 34
9 19 29 22
21 31 43 43
36 4 29 18
25 29 42 30
20 30 12 47
20 28 7 47
24 30 40 37
23 28 42 4
24 27 16 27
21 30 38 42
22 32 27 30
4 26 22 25
41 31 48 21
25 32 13 44
11 23 2 44
22 29 1 18
5 20 20 12
26 33 21 47
27 29 47 23
26 35 5 11
13 38 24 30
31 6 27 34
27 29 26 20
21 30 28 12
14 23 13 29
29 6 25 28
36 39 43 35
49 45 32 0
19 22 30 35
42 9 13 36
40 39 17 39
3 10 7 33
21 29 16 45
27 0 14 29
41 13 25 36
20 33 42 36
38 7 45 31
37 2 41 12
27 30 9 24
42 26 24 34
23 27 28 35
11 16 16 20
33 16 27 33
22 36 37 8
38 6 32 32
34 41 24 30
25 7 20 37
25 6 46 10
7 29 39 16
1 4 21 31
11 26 39 13
25 32 7 25
40 37 17 21
26 30 4 23
20 29 8 39
22 31 18 40
25 33 14 46
22 8 8 41
43 17 15 38
23 34 46 34
22 29 31 20
19 31 44 37
49 18 13 38
32 38 6 28
40 17 13 33
13 33 10 18
25 31 12 20
6 28 39 39
13 4 33 12
6 20 15 29
26 16 20 28
23 31 34 26
33 2 12 38
23 32 30 33
11 11 42 5
37 23 38 41
25 30 11 27
25 28 43 26
5 17 2 30
25 31 17 27
22 23 6 46
27 20 6 20
25 19 16 33
25 30 48 37
21 28 45 36
7 21 43 47
28 26 8 27
15 13 46 27
33 45 49 23
21 30 10 22
47 38 24 7
23 31 14 35
9 6 21 29
25 27 39 7
3 16 4 29
22 26 46 35
25 29 2 33
31 8 22 25
35 4 11 11
49 44 19 42
25 30 46 43
0 17 22 10
27 34 19 37
23 31 44 38
2 32 10 34
33 4 18 32
25 33 16 6
22 34 23 21
25 30 41 39
12 45 11 10
26 29 14 29
33 31 46 25
21 30 28 40
25 30 40 26
6 18 17 26
32 5 5 13
27 31 42 38
23 29 16 18
24 32 4 10
27 30 31 39
47 33 18 28
25 34 24 20
25 32 38 34
18 31 3 33
21 29 47 35
25 29 15 14
7 14 45 40
16 17 38 34
15 22 12 25
25 28 26 42
34 15 32 20
23 28 8 41
23 14 40 31
24 34 38 8
19 34 16 30
11 14 25 41
31 1 44 4
22 30 43 34
23 28 48 41
44 28 18 24
16 29 17 38
21 29 9 20
25 32 16 15
43 15 7 11
20 30 38 7
32 4 11 38
27 33 0 30
22 16 46 30
18 47 47 35
32 8 22 42
23 29 40 25
19 28 23 35
9 6 38 28
6 24 44 34
21 28 44 39
6 37 38 15
24 30 13 22
29 29 12 35
37 18 47 12
26 1 11 40
20 29 7 29
27 27 26 19
29 2 16 8
