50 153 15632 800
13 35 19 28
22 38 39 12
20 29 27 35
13 11 13 47
13 24 40 36
38 28 43 38
12 27 31 39
3 31 41 35
8 11 40 39
40 29 13 7
34 42 30 47
33 49 35 25
25 28 29 45
11 9 7 39
8 31 23 31
26 43 17 44
17 8 28 48
16 43 34 31
30 31 9 33
17 26 27 42
9 18 31 42
23 23 31 45
15 11 17 18
37 43 18 21
45 38 32 49
7 7 37 42
19 25 26 30
5 14 29 35
14 14 1 29
34 37 21 35
15 37 48 17
1 15 28 2
42 40 0 42
41 41 27 37
24 14 23 28
3 12 43 49
0 30 31 45
25 37 26 22
12 23 43 45
5 13 4 8
2 14 4 31
43 44 49 45
13 11 35 4
4 27 31 38
8 44 32 38
33 37 19 6
17 49 28 34
2 15 30 22
14 29 37 37
16 22 32 24
9 30 22 19
27 7 26 12
30 22 17 33
31 16 20 45
12 21 2 9
37 33 24 17
30 16 15 40
43 32 36 46
29 36 23 6
25 18 38 18
32 27 28 33
2 5 20 40
6 6 28 43
9 26 36 43
20 15 37 28
37 36 30 47
17 11 21 30
28 15 32 4
13 10 17 44
39 27 15 33
44 24 5 38
7 19 26 45
9 36 17 38
18 47 39 30
20 14 16 31
10 30 24 35
35 10 28 33
32 42 32 29
13 33 17 30
10 20 33 23
38 16 34 41
12 20 39 48
21 13 6 27
33 16 36 39
12 7 34 20
34 38 24 5
24 23 30 25
23 31 44 37
26 24 23 30
12 15 20 24
7 18 37 42
40 39 4 33
2 14 7 7
29 16 26 10
21 35 8 19
31 29 5 43
8 23 22 30
14 21 18 42
31 13 7 37
8 19 38 46
21 48 27 13
10 21 29 40
13 5 21 37
0 34 2 37
5 21 23 17
13 18 29 33
21 11 0 29
31 22 25 28
11 47 29 14
18 21 39 45
27 31 17 25
17 39 29 16
24 19 31 41
13 25 14 30
15 29 24 25
40 43 24 25
6 7 29 22
19 38 36 32
34 28 46 44
28 13 23 31
18 28 24 24
35 32 6 32
21 34 30 38
8 39 46 45
27 36 23 28
30 34 16 36
30 20 36 31
4 16 20 31
34 44 25 34
30 28 41 1
14 15 30 31
10 15 40 42
11 6 23 31
2 31 40 5
33 25 41 45
19 29 11 23
7 34 29 18
16 36 23 36
40 36 33 23
41 46 28 28
13 17 27 24
20 29 36 37
4 27 16 41
32 39 9 42
0 34 34 45
25 30 4 31
27 9 29 41
14 38 37 26
28 32 47 8
43 42 26 16
30 41 43 36
28 21 20 42
0 29 31 35
