50 96 14144 800
43 28 14 3
25 22 7 11
15 27 19 9
32 17 11 35
29 20 12 18
27 23 13 46
12 10 28 26
29 9 39 46
19 18 13 23
24 17 35 41
27 29 12 22
28 5 0 41
31 8 20 41
43 25 44 43
35 15 35 34
48 1 29 44
23 21 12 2
27 23 10 21
34 13 27 47
34 10 8 26
19 22 6 27
34 22 19 36
5 29 7 1
18 14 8 15
20 20 16 7
32 9 9 19
30 24 19 26
4 18 4 5
27 18 39 46
3 34 6 24
8 27 27 17
38 27 7 13
26 11 35 45
38 13 9 7
43 15 3 46
32 9 30 12
18 22 31 27
23 7 8 40
25 20 44 41
29 25 1 2
28 17 8 18
39 4 47 0
30 3 8 3
5 29 4 10
10 21 3 26
4 13 30 34
5 35 5 3
18 6 30 45
21 9 6 3
24 34 15 39
41 13 28 29
39 41 24 38
5 34 9 47
30 13 48 42
7 16 32 41
42 36 39 26
40 24 3 8
21 23 40 33
29 30 34 42
47 28 35 22
17 7 40 35
3 8 8 21
39 3 5 19
18 20 3 26
4 4 12 17
30 1 37 13
28 36 33 40
34 13 25 31
20 36 11 21
32 24 0 35
19 36 48 27
31 22 5 7
44 3 44 23
27 34 25 39
43 19 31 29
33 18 39 34
7 1 30 23
31 22 30 7
14 16 35 45
42 32 5 20
34 20 12 12
39 21 14 39
46 0 1 48
22 11 27 40
43 23 13 25
14 47 29 42
2 14 16 30
26 24 27 35
25 13 15 18
11 11 32 39
43 13 9 21
26 17 46 45
6 4 31 31
6 30 11 4
44 33 33 28
35 19 47 37
