50 938 13816 800
0 38 42 27
1 18 37 10
15 42 19 16
28 2 9 0
35 31 10 45
24 3 16 8
11 16 24 9
25 29 41 22
2 23 16 4
2 15 36 31
28 6 11 6
44 34 8 17
14 15 15 30
20 27 22 38
17 27 16 2
6 4 18 1
23 37 9 40
25 47 14 5
20 10 30 35
25 37 5 49
31 12 10 14
31 19 19 3
15 27 43 22
27 20 6 2
8 0 23 31
14 14 21 6
24 20 42 13
10 16 14 34
25 30 11 28
24 40 47 31
6 37 11 13
38 19 17 46
4 40 21 23
30 6 16 2
23 25 40 23
41 39 41 25
11 15 23 46
33 45 17 27
13 41 39 22
26 8 22 24
20 26 42 25
26 24 16 33
18 28 37 28
2 28 44 20
20 4 21 39
30 47 18 43
4 22 23 13
39 11 6 20
18 21 1 42
0 25 17 26
22 19 38 29
18 13 40 24
27 34 37 25
23 21 46 16
24 3 18 4
41 20 30 39
10 34 38 22
16 2 10 41
24 6 18 2
1 36 0 45
26 18 2 12
14 25 13 18
12 13 13 0
13 28 14 0
26 42 37 25
27 7 27 31
18 7 10 36
45 24 21 24
26 40 12 1
11 39 23 33
28 36 9 37
27 7 20 21
35 35 17 2
22 2 38 23
40 40 14 28
44 34 23 23
18 18 39 22
20 41 27 25
24 29 17 1
12 16 43 23
32 17 20 30
14 40 27 45
1 18 39 29
30 5 18 30
11 32 43 21
34 42 18 32
9 10 5 46
20 15 23 23
22 11 2 36
16 23 17 5
15 2 24 32
37 16 21 29
13 34 41 23
19 11 22 19
28 7 13 24
14 9 23 22
40 26 17 47
6 41 24 26
25 5 15 4
22 22 35 28
31 7 33 27
7 38 19 10
19 43 17 1
30 2 34 27
42 38 41 22
18 15 21 21
13 40 4 10
28 29 46 26
30 8 35 26
24 8 44 29
40 14 42 23
45 47 24 28
19 4 0 13
20 34 12 6
12 7 14 26
10 25 15 8
30 12 26 26
24 26 41 26
12 37 37 19
13 20 16 25
27 20 24 15
3 43 43 5
22 16 38 22
4 20 22 2
21 0 46 22
0 26 13 3
38 31 46 24
25 5 23 37
8 20 34 22
26 7 44 21
7 32 46 30
28 3 17 0
6 29 16 2
2 18 20 5
16 45 3 41
21 19 17 30
8 26 14 22
26 4 4 47
12 44 15 28
2 35 27 37
4 45 23 31
28 27 18 2
31 38 12 34
25 3 41 23
24 18 3 13
13 12 20 4
49 17 15 3
13 25 23 37
28 16 10 44
30 33 16 6
11 27 39 27
14 13 15 27
25 6 19 7
8 44 15 1
18 8 9 21
15 31 15 4
29 5 20 45
42 15 18 26
34 29 16 22
12 0 7 39
16 35 2 48
28 1 30 18
29 1 18 7
2 29 25 30
8 27 42 26
32 39 18 34
43 5 36 18
12 32 18 2
39 10 12 1
6 38 42 22
15 47 19 33
37 12 13 4
44 21 17 20
21 12 21 29
19 39 13 2
23 3 20 27
15 15 15 3
25 12 39 24
7 16 12 47
26 3 14 6
19 12 17 21
36 12 19 37
21 5 7 42
32 1 45 27
19 16 17 29
33 34 16 3
29 17 4 37
9 16 39 24
26 43 7 27
17 13 25 33
6 11 9 1
25 10 12 26
23 4 24 29
25 38 45 24
18 23 22 0
17 12 20 24
16 44 17 26
35 43 13 0
18 18 21 4
28 41 37 27
10 3 37 28
1 18 11 37
16 35 16 6
22 18 11 34
7 28 36 28
28 30 15 20
21 27 27 26
13 36 16 2
23 5 0 14
2 22 14 1
23 23 16 18
3 40 20 34
18 20 20 24
19 44 19 4
24 3 9 14
27 33 4 41
24 19 22 29
9 18 26 25
42 37 43 11
37 0 19 5
9 26 38 23
26 21 23 27
10 31 14 5
0 44 1 40
35 23 42 24
19 4 31 39
10 29 19 25
27 18 18 35
4 28 16 23
32 14 21 2
24 4 3 7
18 45 38 19
35 33 7 49
26 7 4 41
31 4 28 38
16 25 23 5
30 3 24 22
17 41 35 27
8 19 16 2
13 41 10 49
27 0 18 29
27 40 19 32
30 34 18 2
0 33 39 22
17 45 7 16
4 17 41 21
3 14 14 10
36 20 16 5
7 7 10 4
15 31 1 45
21 20 25 29
23 25 21 29
2 2 23 8
4 46 17 48
28 1 42 21
32 44 30 15
14 40 25 43
25 10 42 24
18 20 27 3
1 15 44 28
16 23 10 27
22 33 38 25
4 36 3 19
18 6 46 22
22 16 47 29
23 33 41 24
14 33 19 27
13 36 23 31
45 28 17 1
10 26 9 20
33 34 7 15
25 4 33 29
18 17 39 24
26 4 31 44
28 9 15 1
18 15 2 32
32 4 41 29
14 23 42 24
19 20 15 24
25 38 34 30
30 46 41 24
3 2 13 21
44 31 26 30
27 41 42 24
5 19 12 40
26 28 21 25
12 17 2 48
7 3 15 7
20 7 36 15
15 14 28 44
11 24 28 20
26 24 17 31
21 22 26 10
24 33 0 43
25 18 37 21
35 41 39 25
31 3 13 28
12 36 18 2
2 39 39 16
19 25 44 27
21 40 13 39
16 36 41 25
9 38 44 15
24 4 15 24
5 40 24 26
32 5 39 5
28 36 23 25
6 15 36 21
0 6 11 33
17 12 2 14
25 21 24 3
6 27 44 26
4 26 15 7
26 28 17 2
24 10 44 21
19 36 25 23
19 36 24 47
28 14 6 36
33 12 5 48
26 38 38 18
24 37 39 22
30 1 40 27
5 40 28 44
46 37 38 10
36 33 25 21
7 31 29 29
46 38 21 12
37 33 22 13
12 43 16 3
31 8 21 30
14 21 18 0
23 8 14 32
40 42 13 40
27 1 24 28
20 32 10 36
8 30 46 10
28 20 23 20
24 2 19 4
28 6 15 28
9 20 41 22
18 20 22 27
15 18 8 30
31 33 24 31
28 11 42 30
10 9 39 30
2 1 20 31
24 38 18 25
9 15 35 8
7 36 43 20
15 38 28 35
25 7 21 2
25 3 13 42
27 23 36 11
16 12 49 3
18 21 22 47
40 35 45 0
8 39 29 9
21 24 18 3
30 33 21 32
30 6 1 6
29 3 15 47
44 40 6 12
35 35 14 3
31 20 21 25
23 29 11 3
21 7 35 17
20 43 12 29
12 43 32 35
9 19 38 26
21 17 9 4
4 5 23 30
20 23 17 4
32 18 20 28
19 22 18 26
3 4 19 31
10 22 39 23
8 6 16 31
48 33 37 16
25 25 47 14
38 19 16 5
42 26 33 22
18 20 14 6
21 33 37 8
6 34 19 20
30 3 18 27
26 6 5 18
19 15 22 34
0 38 46 29
18 10 42 27
5 47 29 32
1 28 19 21
9 35 18 2
14 36 40 28
10 29 37 21
24 20 26 41
29 49 26 28
19 26 39 21
0 31 38 26
35 5 15 30
28 9 24 24
3 5 10 25
46 15 19 45
40 0 10 7
9 33 16 0
15 39 22 45
25 11 41 24
19 28 19 2
22 19 23 30
4 34 12 39
22 0 19 22
21 5 40 24
18 24 16 32
19 35 29 27
8 30 12 46
13 40 24 22
13 11 37 28
33 46 2 17
18 19 39 25
36 29 16 41
0 27 14 3
25 1 35 25
22 31 7 38
29 1 18 12
21 20 17 1
12 36 31 8
18 15 42 9
31 1 24 48
11 17 43 22
34 3 19 5
5 42 22 37
6 11 14 25
16 41 44 25
19 34 15 25
14 37 44 21
22 35 8 22
6 40 21 26
8 19 42 26
22 48 23 42
18 36 16 3
14 16 23 24
19 37 0 6
27 9 10 5
10 20 15 4
6 45 5 15
20 8 24 14
6 8 38 23
7 10 40 20
28 3 41 23
17 4 28 2
22 13 23 25
1 42 20 31
6 26 39 26
18 24 26 28
44 12 38 21
26 36 30 19
21 24 47 28
17 23 41 21
22 43 37 24
18 9 20 27
29 25 27 31
24 19 42 21
20 3 4 29
11 27 11 0
19 15 27 5
11 3 16 1
0 37 20 33
1 39 11 7
13 44 19 6
30 6 0 27
10 32 39 21
12 22 19 22
15 24 19 23
15 11 38 27
27 4 19 20
10 12 36 6
14 19 11 9
20 10 25 2
34 29 25 26
13 22 15 15
16 8 20 21
6 2 16 29
23 41 40 21
29 1 34 23
30 4 43 22
0 40 34 49
27 34 25 26
10 48 18 25
20 23 15 8
33 32 12 39
28 28 41 24
27 21 11 30
25 4 1 26
8 24 18 0
9 2 44 4
31 46 1 15
0 43 12 4
4 28 43 23
36 17 3 38
28 10 20 32
15 35 18 1
12 18 13 2
26 3 45 25
8 31 40 32
28 27 47 19
11 11 25 40
22 1 30 26
12 15 46 23
14 11 22 41
27 19 22 28
17 2 21 28
23 26 45 19
29 14 39 27
14 7 25 28
29 9 33 4
22 4 15 3
34 9 23 31
11 21 20 27
4 28 5 48
30 20 23 39
26 1 41 27
7 30 21 23
27 24 36 34
3 10 19 5
46 25 15 1
15 20 14 6
17 45 13 11
29 1 44 24
2 41 13 21
5 22 32 10
13 39 9 1
31 4 26 32
21 34 20 24
22 4 9 41
25 27 40 24
32 8 35 24
2 42 16 4
4 36 20 7
16 32 23 24
25 7 26 19
22 13 15 5
18 42 26 43
22 28 38 27
3 20 21 20
34 48 16 41
20 0 20 31
1 38 41 20
25 1 37 25
13 43 26 27
3 42 5 14
2 10 16 6
27 4 19 30
21 14 19 33
27 30 18 12
18 5 13 25
27 29 21 33
7 24 45 24
5 0 0 47
14 43 45 24
8 25 1 15
29 9 40 25
30 13 1 5
11 46 18 3
12 13 19 28
23 13 2 13
28 25 14 7
21 41 2 22
16 9 1 47
33 9 0 22
42 24 16 3
30 36 16 22
13 20 39 23
29 22 17 30
27 19 46 20
10 32 28 8
32 35 22 23
21 36 19 33
22 27 16 3
6 30 23 23
1 11 25 28
5 29 17 0
13 26 36 30
8 24 39 31
27 5 11 48
25 44 41 23
40 3 8 13
23 32 12 33
17 10 37 23
13 25 15 4
21 5 41 22
9 34 15 32
26 29 17 26
23 7 12 6
40 35 15 4
26 21 5 19
22 17 22 26
30 19 22 20
4 27 17 33
30 6 45 28
33 17 36 28
35 44 44 26
17 22 17 5
13 46 13 27
27 9 43 21
23 30 40 17
16 7 10 42
31 2 40 29
25 25 27 29
5 3 8 13
29 46 20 28
4 11 11 22
0 45 30 29
30 33 15 38
27 24 10 45
12 20 32 23
16 5 44 25
18 42 45 25
2 13 19 26
28 26 20 0
26 38 13 4
11 41 10 5
28 30 24 21
12 12 17 29
18 13 49 5
4 39 17 33
44 31 15 7
24 4 13 29
30 19 19 33
24 42 21 44
9 33 27 23
23 13 14 29
16 10 49 25
24 20 20 34
9 16 17 27
28 25 43 24
21 31 10 4
33 40 23 30
16 23 44 26
1 48 37 18
8 16 22 5
0 9 17 1
6 26 20 21
37 18 13 47
23 21 42 20
21 25 15 6
27 2 11 1
12 22 13 0
18 2 39 24
17 30 8 16
5 2 40 24
9 5 29 33
24 19 35 26
28 7 16 2
7 35 21 33
24 46 39 31
30 6 18 27
46 36 20 30
22 6 39 18
10 36 44 21
17 48 41 23
31 31 28 11
35 33 20 1
28 7 23 29
20 8 16 6
0 20 29 12
42 15 20 44
8 38 39 24
28 15 44 24
7 31 12 41
5 21 42 33
24 27 17 2
18 14 26 35
19 2 15 4
41 15 41 26
14 42 37 27
36 6 15 12
28 12 10 16
37 20 0 46
44 28 16 6
40 43 38 23
12 37 11 42
27 38 16 42
18 17 16 33
44 42 24 6
6 20 18 4
15 34 14 5
31 19 19 6
21 39 10 26
29 6 22 28
18 16 19 38
13 17 20 32
30 0 32 17
15 12 33 8
0 42 41 17
27 5 34 25
30 4 0 39
30 26 22 19
15 22 19 5
25 28 12 0
29 41 23 31
3 23 16 5
2 35 22 3
31 9 23 25
21 15 40 27
31 22 17 3
24 18 43 18
37 15 17 41
27 0 17 4
28 4 5 41
8 9 28 14
30 3 30 20
40 22 37 24
4 27 21 47
23 27 45 19
3 15 22 20
29 13 13 8
22 35 10 25
17 26 7 25
0 28 31 13
23 45 1 2
28 4 16 5
0 10 22 42
7 26 36 27
30 17 14 1
38 41 16 5
10 22 24 31
40 22 7 2
39 27 20 0
10 20 19 3
15 10 24 11
7 8 15 2
26 30 45 21
30 20 17 7
11 24 16 3
15 44 26 21
20 47 4 1
7 14 6 46
6 47 11 34
15 10 20 2
7 3 1 44
1 8 47 45
8 37 44 21
16 33 23 29
32 23 35 27
32 7 20 23
30 19 11 11
12 24 17 1
36 17 25 39
4 15 35 49
4 25 19 24
16 16 14 1
9 24 40 22
19 42 15 24
26 0 24 22
21 38 43 18
18 23 9 29
11 20 42 27
7 26 11 32
16 40 42 26
16 11 20 22
29 43 19 23
27 4 6 49
8 8 24 25
27 4 29 29
10 2 22 30
17 30 40 24
41 11 41 20
15 43 16 2
21 29 7 16
37 25 17 25
10 22 14 24
30 24 39 16
4 33 14 13
38 37 17 7
26 35 19 49
18 16 18 47
1 30 41 27
47 8 24 37
16 12 20 20
23 47 40 19
23 43 1 49
23 48 42 23
13 16 38 25
0 24 34 28
28 3 11 31
4 48 18 26
18 32 23 9
19 25 3 17
1 28 45 28
5 20 24 33
39 40 24 20
22 7 39 24
14 13 8 44
18 37 7 41
0 33 34 5
27 5 13 7
5 16 11 0
19 6 35 28
19 22 14 5
29 8 26 32
9 5 36 19
27 40 19 23
20 43 15 5
8 32 16 4
23 8 17 0
37 34 20 31
18 31 40 26
29 33 20 2
14 4 12 46
26 29 20 21
20 21 25 20
16 24 16 17
44 18 45 25
19 14 14 10
33 8 39 28
36 25 14 21
26 3 39 25
7 38 20 32
24 21 40 30
14 1 13 6
0 25 16 29
8 46 45 22
15 31 15 4
43 36 14 34
34 33 44 26
14 0 39 18
16 32 37 22
13 9 19 32
39 42 7 8
29 12 9 41
19 24 9 16
31 3 45 28
36 22 11 27
6 34 14 30
19 21 7 38
26 5 6 20
12 30 17 21
30 36 7 12
23 26 46 1
27 15 24 31
3 15 41 21
44 36 14 7
21 42 37 27
3 27 9 36
4 29 15 9
10 5 12 32
31 3 15 27
11 48 18 5
14 31 21 14
17 32 22 21
2 39 35 26
14 38 29 23
30 6 13 13
23 38 41 25
33 39 38 28
28 0 43 27
28 10 39 29
21 10 15 44
30 6 18 27
21 6 16 1
12 19 28 14
43 28 39 22
26 21 13 0
33 28 25 43
22 15 12 27
29 8 17 5
29 3 25 16
28 4 6 48
22 18 20 42
12 27 16 22
1 44 39 24
37 48 40 28
23 23 26 21
18 34 34 38
9 15 47 26
30 1 4 44
30 32 19 24
25 24 26 18
6 0 14 0
2 33 18 35
13 39 16 6
32 4 10 6
29 40 27 27
31 25 40 4
12 43 14 36
33 48 18 5
4 13 36 26
9 2 44 22
32 19 34 26
33 6 11 4
11 38 23 29
18 39 40 24
16 30 27 15
29 34 32 5
1 18 23 26
3 11 14 28
19 45 27 22
18 10 21 26
3 41 17 33
14 31 13 19
13 14 29 38
3 37 15 31
4 25 25 25
22 12 33 19
18 13 14 5
7 41 40 46
1 41 24 14
5 40 6 46
27 7 1 48
5 29 46 21
39 29 13 2
17 12 29 40
15 11 15 2
28 3 43 30
36 30 33 25
2 27 18 28
11 0 17 26
0 14 17 2
32 19 42 24
35 27 40 23
23 20 25 29
26 33 14 2
22 1 20 7
9 3 38 42
26 12 21 43
27 42 37 21
35 4 16 3
28 5 17 5
4 30 30 21
27 33 15 31
7 30 27 44
27 1 22 28
18 9 36 26
28 30 12 4
14 13 24 26
35 36 20 28
37 24 18 38
22 29 21 25
32 20 11 0
