50 484 15651 800
31 13 30 30
45 32 29 16
8 9 16 8
41 3 43 21
45 30 1 18
41 15 34 23
23 20 33 9
42 29 21 15
39 6 13 22
10 24 34 19
46 36 21 9
20 15 4 18
3 9 18 20
1 11 25 26
33 12 17 2
44 12 7 20
17 12 2 36
33 28 26 31
17 29 18 14
36 4 8 33
46 27 0 32
2 2 31 21
40 11 12 26
48 34 36 25
41 30 2 29
20 26 12 22
44 27 47 33
44 0 8 10
38 10 45 38
40 28 3 31
0 17 27 35
44 18 24 8
37 20 11 18
20 22 14 23
48 32 14 10
39 28 26 42
44 27 37 16
42 17 5 26
29 41 12 29
21 31 38 41
44 25 15 18
45 28 28 28
43 27 15 25
44 26 20 19
43 27 18 28
35 22 18 11
38 22 15 20
45 30 44 23
27 1 23 11
49 24 19 19
35 1 14 28
41 4 17 20
38 7 36 34
16 4 13 21
37 16 14 17
26 15 18 10
40 14 17 14
20 19 19 1
45 1 14 23
37 29 4 40
45 1 45 38
48 22 18 21
31 38 12 18
25 7 26 38
44 2 47 14
13 4 28 47
32 24 24 32
4 17 34 23
23 14 21 24
36 6 2 23
42 33 38 24
5 3 38 44
45 26 21 12
43 31 15 15
42 13 2 27
31 1 18 17
49 26 27 39
41 32 14 5
49 25 18 9
46 34 7 24
30 9 33 20
37 30 26 46
47 22 14 7
32 30 12 21
32 27 41 25
45 25 4 13
5 40 13 17
42 27 6 19
26 27 18 8
25 7 19 13
44 32 30 43
49 23 43 34
28 18 26 36
27 18 19 19
5 6 27 26
8 23 12 1
48 31 6 24
33 1 8 11
25 17 19 19
36 21 12 4
34 1 48 33
25 27 8 11
47 32 9 4
26 6 18 23
42 7 14 17
39 28 11 22
26 28 41 29
35 11 42 19
40 25 1 28
40 27 16 16
42 28 6 20
39 21 11 15
17 19 16 13
47 30 4 7
47 6 15 24
43 18 17 13
38 1 22 17
40 39 24 22
10 19 15 19
48 29 22 20
3 25 20 30
24 23 39 22
47 29 10 23
30 35 3 21
47 31 35 27
46 29 16 10
27 9 44 43
43 6 44 28
32 6 45 26
40 10 39 46
34 12 9 38
42 25 1 32
28 30 2 36
37 15 14 22
5 26 20 14
38 29 32 19
35 16 26 8
43 29 26 13
27 16 19 26
45 19 9 23
29 12 10 27
20 13 20 24
48 0 3 28
16 10 22 33
44 16 17 8
14 9 0 31
43 21 12 12
9 22 25 20
14 7 17 26
26 11 0 32
5 13 20 14
34 11 3 30
44 4 46 31
34 9 12 21
47 19 26 26
29 22 15 8
22 6 14 14
39 18 39 23
40 23 39 29
42 0 29 6
46 30 16 6
23 31 10 32
20 31 23 12
45 30 10 21
23 8 3 24
46 33 18 17
14 11 16 33
43 24 8 9
47 27 11 20
27 20 20 0
25 21 14 21
46 34 4 23
49 28 13 21
34 4 22 18
39 13 23 45
47 25 17 16
40 3 11 27
29 24 33 43
2 19 36 39
6 25 17 27
43 13 14 24
44 21 16 12
36 13 11 5
46 31 16 11
35 36 16 24
27 20 17 21
2 21 44 24
42 33 19 14
36 4 8 18
2 8 28 3
26 19 30 39
10 23 5 26
33 0 14 36
48 30 13 20
43 30 27 20
40 23 24 17
46 32 42 23
46 32 17 19
37 1 14 21
34 9 5 26
25 30 18 37
46 30 28 47
40 30 6 16
34 17 18 18
47 14 8 19
31 13 21 6
12 8 27 35
42 21 25 19
45 28 42 39
44 28 19 17
48 27 16 4
43 24 9 2
32 17 0 35
34 13 18 19
36 18 25 32
47 7 30 28
37 25 26 7
25 16 12 17
32 26 15 12
4 34 30 41
39 24 21 14
38 25 13 5
47 31 40 21
42 7 32 19
40 11 16 37
30 34 40 12
41 28 24 8
38 23 12 10
31 33 15 20
39 27 1 28
46 26 9 15
43 31 7 10
36 2 29 30
19 5 3 25
19 16 17 8
48 25 17 22
5 10 48 30
26 36 49 35
38 6 26 21
7 2 17 25
48 23 21 42
34 20 25 18
38 32 34 36
40 30 13 11
9 18 13 14
43 3 9 23
22 15 6 28
29 16 14 20
47 30 21 12
25 0 7 40
48 34 43 33
32 7 15 29
39 26 43 37
44 19 41 22
28 14 14 15
46 22 12 8
39 14 21 11
11 24 1 34
22 12 14 25
20 30 0 24
22 3 25 29
45 31 7 15
49 26 1 21
7 4 16 16
20 35 21 14
19 24 6 35
33 28 19 23
5 20 20 21
44 37 34 23
39 20 25 28
34 33 3 27
34 29 31 17
13 16 16 2
43 2 9 38
25 7 6 28
13 9 17 19
22 19 29 20
45 24 22 13
41 27 14 25
44 22 30 17
45 8 23 37
43 22 1 18
38 44 9 13
49 31 25 0
9 19 13 23
32 25 27 39
25 34 27 43
36 30 5 22
11 5 7 17
41 8 15 12
33 5 9 20
34 25 47 32
2 14 20 14
47 25 32 1
43 6 11 20
11 20 19 18
27 18 13 19
34 24 9 26
27 32 16 13
36 10 38 22
47 28 20 7
30 27 10 13
38 21 15 36
34 2 18 34
30 8 18 36
27 48 11 19
43 27 8 26
29 13 15 6
4 20 14 5
29 7 6 28
45 32 43 18
4 7 31 20
47 7 32 44
34 34 21 32
27 22 33 26
42 18 17 14
36 3 42 21
33 29 24 12
39 20 36 43
40 29 41 37
41 20 33 26
41 10 20 20
46 30 13 15
46 35 14 20
34 36 15 36
47 27 41 47
47 6 21 26
5 20 28 4
34 10 17 22
45 28 15 16
46 17 6 31
42 22 16 0
46 31 10 20
48 24 17 21
45 26 27 38
45 20 24 13
45 14 30 11
44 23 13 7
35 27 18 14
25 11 22 17
47 22 40 26
15 8 13 19
43 24 23 32
4 6 24 8
45 22 10 32
36 13 31 31
47 27 27 24
30 35 18 19
41 30 22 20
40 13 14 22
41 25 18 10
28 19 18 36
8 15 8 21
37 2 19 41
36 12 3 44
29 11 14 18
22 10 16 1
1 13 3 28
40 30 38 13
44 23 0 37
41 32 12 18
14 23 13 18
40 31 15 13
49 38 30 18
42 0 14 5
37 15 19 43
23 32 11 9
12 16 17 22
28 0 33 23
36 23 9 22
35 27 14 15
45 33 18 5
43 32 23 22
17 8 25 8
20 28 14 3
44 21 16 32
39 19 19 24
46 27 33 7
48 26 37 13
20 40 23 38
3 6 18 32
45 29 22 48
40 23 45 27
44 34 17 20
45 7 17 17
15 10 33 40
44 23 8 26
42 29 35 37
41 26 17 10
7 26 47 26
16 11 15 2
31 10 6 20
34 28 26 26
31 14 6 29
41 12 20 18
2 4 10 17
25 25 16 12
45 31 10 21
44 30 36 24
29 30 19 25
39 13 9 17
38 11 16 45
42 17 18 21
25 20 6 13
25 14 26 10
49 39 43 29
46 33 8 19
40 8 39 32
44 16 14 16
24 10 15 27
32 7 14 15
43 33 35 34
24 22 5 34
38 4 29 29
9 33 9 20
40 27 9 29
45 17 3 20
39 10 13 1
44 3 13 20
25 8 6 42
49 21 27 47
49 27 12 4
47 38 0 14
3 8 11 16
21 28 9 29
1 11 12 20
34 4 15 16
1 18 29 35
47 33 17 19
49 31 13 16
49 32 18 25
15 21 32 25
48 30 25 4
30 25 13 35
20 4 34 12
38 27 17 13
44 1 28 28
38 23 20 20
41 25 21 2
13 14 7 28
43 20 21 13
38 31 11 6
41 30 32 32
12 4 27 5
45 29 18 17
46 10 23 2
20 24 14 39
22 18 34 36
27 28 20 20
11 14 13 31
12 18 17 19
46 18 7 35
2 31 21 8
45 32 19 6
43 10 11 21
31 9 19 25
16 22 20 16
39 4 17 18
37 15 33 41
36 10 14 5
43 7 12 23
32 13 15 17
48 27 14 23
42 31 3 29
45 30 1 31
39 7 24 15
38 4 15 20
26 23 25 13
6 7 20 21
36 17 25 22
27 11 6 31
23 22 30 49
31 28 18 9
21 21 0 24
11 10 13 23
23 15 16 20
1 28 18 17
29 19 9 18
45 18 14 22
35 9 7 24
16 4 15 30
40 5 1 24
42 30 22 18
45 17 0 13
