50 468 15301 800
23 31 7 38
16 28 18 7
36 32 5 9
42 25 21 16
7 33 10 16
25 5 30 42
3 32 2 14
43 20 14 34
42 32 12 13
12 30 0 14
15 34 33 42
20 33 10 37
46 43 0 19
5 23 5 49
20 37 3 9
22 41 20 17
25 33 26 41
13 26 11 33
9 44 3 10
33 43 3 36
39 45 0 7
24 34 13 14
10 13 9 36
20 23 6 45
46 32 11 21
17 45 7 34
25 30 42 43
8 24 33 36
20 18 9 40
44 18 46 46
31 45 7 0
43 37 4 13
45 31 5 15
39 41 17 28
42 19 6 34
12 23 22 38
37 42 14 40
41 21 26 28
7 40 0 35
32 39 35 15
25 22 8 16
18 28 0 33
11 24 2 40
9 27 4 38
18 32 40 29
13 19 4 39
42 31 10 17
49 24 38 30
47 26 4 42
39 21 10 36
0 40 19 8
4 43 13 42
33 28 27 18
9 22 33 45
8 20 42 7
18 33 47 38
39 18 4 14
31 36 6 37
22 8 25 28
47 17 40 37
41 19 22 30
27 27 11 39
44 29 34 15
25 47 4 6
16 25 11 46
21 21 28 26
25 30 24 1
29 36 14 9
45 27 14 16
31 37 8 39
14 19 38 47
45 20 26 12
17 29 15 20
0 22 5 36
21 36 3 38
0 40 29 37
1 39 22 30
24 34 12 23
7 29 27 34
29 30 25 0
22 31 15 11
16 48 23 17
24 29 10 0
30 45 25 48
44 21 23 19
35 46 48 38
25 20 39 38
6 30 33 21
9 19 28 45
36 13 4 39
47 23 5 35
41 12 5 24
22 15 11 25
47 15 7 4
5 44 22 11
41 20 22 46
14 16 7 46
47 49 47 27
15 23 27 7
14 18 7 10
38 46 20 22
30 30 34 46
22 31 13 34
44 26 12 10
34 44 8 37
46 31 42 20
8 40 41 11
6 20 5 16
25 42 47 40
32 25 10 28
41 19 2 35
31 45 17 18
42 18 48 31
23 26 10 45
3 20 5 45
19 32 33 44
22 25 25 4
39 44 34 29
12 26 43 29
42 25 9 45
48 26 35 27
48 15 12 24
22 13 2 49
34 12 6 25
5 46 21 34
28 47 10 7
16 29 33 20
37 31 30 44
14 28 7 28
37 21 33 27
40 19 25 4
18 34 27 44
15 29 16 11
18 38 2 45
1 39 24 35
25 34 11 10
4 43 12 8
3 41 46 31
42 25 21 9
30 48 9 37
46 28 23 20
22 36 15 12
31 35 21 49
21 35 19 8
20 13 49 30
28 29 4 39
45 20 25 27
44 21 39 6
47 14 7 37
22 35 10 48
23 15 48 26
45 19 5 44
8 30 13 38
13 29 0 38
22 41 11 37
20 36 32 40
21 35 45 26
42 18 41 39
34 37 12 48
22 26 14 7
32 39 15 28
12 26 6 29
24 45 22 17
42 31 34 4
38 27 8 21
6 42 23 40
31 26 4 4
37 35 3 16
30 42 13 35
25 34 2 16
20 24 20 15
18 43 9 38
14 23 0 13
34 35 12 19
21 32 6 43
46 37 2 38
44 28 3 30
45 33 29 38
22 20 21 25
11 22 27 48
28 35 7 16
48 18 25 7
30 47 22 7
14 45 6 46
36 43 15 45
45 30 7 49
23 31 15 42
14 26 6 49
10 26 11 36
21 33 26 26
29 48 8 25
24 32 24 2
31 47 4 29
24 31 12 8
40 47 1 27
11 25 9 43
21 32 22 8
33 48 4 44
26 28 28 49
17 23 13 39
21 34 13 34
16 34 49 32
43 22 38 11
7 22 9 34
23 29 5 17
13 27 1 40
41 18 16 24
36 35 46 38
38 37 5 41
14 36 32 14
39 44 11 18
43 33 48 17
11 22 9 12
41 34 10 44
14 32 10 0
17 30 36 25
41 17 14 41
45 19 24 0
30 19 9 29
48 33 17 41
31 23 15 3
36 41 3 12
41 21 25 39
47 47 7 43
21 35 10 36
45 24 16 28
23 32 16 6
29 23 6 41
41 17 31 35
10 27 12 2
41 10 46 19
21 31 18 11
12 19 6 43
9 23 7 37
22 22 12 18
26 16 16 15
40 14 5 19
38 18 13 1
19 32 32 38
49 26 12 43
46 28 19 46
13 13 26 27
37 43 22 48
23 48 21 35
28 42 22 36
42 36 20 32
6 4 30 2
33 9 36 25
22 24 41 29
38 13 3 37
28 19 38 11
41 44 48 33
32 42 10 48
21 15 28 17
41 20 38 22
33 41 40 41
11 20 46 19
42 20 21 11
19 21 2 36
34 42 24 6
13 19 10 47
43 19 2 36
48 25 18 27
42 15 44 37
43 19 12 8
17 29 21 1
39 17 1 34
16 33 47 38
38 9 28 44
1 17 3 6
20 13 17 2
11 14 27 12
32 32 9 39
15 25 33 0
36 45 13 27
48 29 6 16
37 16 43 47
22 26 18 44
33 28 13 6
33 30 8 25
30 27 46 41
19 36 19 28
16 33 11 35
36 45 18 19
43 47 11 37
18 29 13 44
12 21 11 33
20 32 9 36
6 22 49 28
39 31 34 35
27 44 7 48
21 45 7 35
22 35 49 41
18 32 5 30
26 18 2 8
43 27 8 35
19 35 8 40
43 18 6 1
18 35 6 2
43 36 42 30
26 38 1 44
14 17 18 1
27 27 8 10
27 32 2 40
26 48 38 37
45 18 28 49
45 20 11 0
13 17 19 39
34 44 43 14
29 44 14 21
16 46 2 44
2 33 22 26
40 21 48 46
38 19 4 39
43 23 4 35
32 29 21 6
18 21 4 41
43 20 7 49
49 19 24 13
13 5 8 33
7 15 25 10
37 23 2 46
15 33 12 10
42 17 34 30
44 15 8 16
21 20 22 3
17 33 39 27
10 23 26 42
22 34 8 40
28 14 1 37
38 34 13 2
19 11 18 46
9 20 33 10
20 30 13 36
47 27 7 45
7 25 8 44
21 32 2 18
39 21 16 4
24 38 9 40
27 22 38 17
23 34 20 37
35 16 15 4
41 18 31 13
40 5 11 34
22 32 28 32
44 19 6 41
18 29 26 47
43 17 46 43
43 10 7 0
18 20 11 40
45 20 12 3
1 35 12 20
17 39 11 33
27 35 7 21
16 35 3 29
25 36 11 36
13 37 0 45
13 41 1 7
24 36 12 36
36 37 27 33
43 29 41 32
44 24 24 14
19 40 15 29
3 33 14 11
19 29 33 23
45 4 19 1
22 42 8 23
25 26 44 31
24 37 45 33
39 25 38 38
19 29 13 27
40 39 10 4
36 31 18 9
14 15 26 48
39 22 8 38
40 16 8 33
22 24 16 36
24 42 7 36
44 23 34 21
31 44 4 2
32 34 14 48
20 22 47 39
42 22 11 30
23 25 20 6
12 31 2 37
6 28 9 38
14 25 21 15
35 24 18 46
33 17 22 10
2 37 25 14
17 35 3 35
20 39 12 38
19 33 38 6
49 36 14 39
15 27 0 36
30 12 3 36
13 19 4 18
39 27 26 45
44 11 37 10
26 25 6 22
21 33 2 27
29 46 4 37
25 27 1 14
48 41 46 30
31 22 5 7
21 37 6 29
19 49 13 47
47 25 0 48
31 49 9 40
38 48 9 2
21 31 12 35
22 33 4 21
39 19 0 35
29 46 32 34
20 36 9 4
43 25 23 17
14 32 2 38
26 23 11 37
20 33 5 39
17 23 42 21
45 24 20 19
22 34 41 34
5 15 5 27
37 44 14 6
21 28 10 19
17 7 35 36
18 18 13 16
15 26 33 32
23 30 6 45
26 38 5 43
42 34 4 0
32 40 23 24
15 35 12 31
31 37 4 26
40 19 11 41
45 27 7 39
22 33 2 23
46 22 45 34
15 10 6 42
29 42 15 40
17 36 2 15
19 28 45 37
35 18 8 28
21 22 39 30
29 42 16 12
27 43 2 37
8 22 43 7
30 42 9 9
14 21 17 26
10 31 47 35
8 8 4 33
32 33 2 40
45 16 36 21
21 31 0 40
32 49 8 42
4 30 3 43
5 40 15 11
11 41 21 4
22 36 45 20
21 38 12 22
26 2 40 40
12 12 15 21
17 34 28 17
42 21 48 39
39 21 17 8
36 44 49 38
15 38 7 48
30 43 11 34
