50 98 11567 800
44 17 16 21
34 5 32 48
30 2 35 27
33 3 41 10
24 19 47 22
2 14 36 5
36 8 37 0
29 27 21 30
35 5 35 36
27 25 39 33
47 30 4 15
7 23 32 29
17 2 11 22
40 23 48 29
17 42 8 36
45 29 3 2
49 33 34 43
45 36 41 37
26 1 36 29
36 7 12 39
40 32 31 34
44 38 34 25
34 4 40 39
47 29 37 37
48 30 5 42
15 31 5 21
0 30 37 36
35 8 19 26
34 24 38 38
35 1 34 35
32 22 31 30
37 8 35 38
22 7 36 11
29 3 23 43
42 43 45 10
27 6 45 5
17 29 11 1
3 25 27 6
37 6 44 40
29 20 21 16
36 6 21 39
35 28 38 15
23 27 26 38
7 44 18 19
11 2 31 41
47 11 12 37
33 3 38 44
45 39 36 45
42 13 33 37
33 3 38 33
37 7 4 18
25 8 34 30
6 24 36 34
30 5 38 39
49 25 24 21
13 39 35 25
20 14 20 5
47 30 39 2
36 7 45 18
18 32 36 48
35 3 39 35
37 39 16 41
26 7 29 32
8 31 16 5
24 28 49 37
49 33 32 1
44 27 37 7
43 38 39 43
44 28 38 35
33 5 13 31
37 3 43 36
28 36 31 11
33 30 42 15
37 32 12 10
3 33 15 12
27 1 43 49
45 32 41 38
3 45 37 27
42 14 38 32
13 25 25 14
29 1 45 13
49 19 10 2
42 36 30 38
30 0 29 24
33 2 19 41
11 32 37 18
48 31 9 23
33 17 8 34
28 2 33 40
46 36 38 40
25 27 34 46
12 14 19 10
44 37 20 35
36 7 23 27
35 2 40 38
34 31 29 39
39 26 46 33
18 38 15 21
