50 265 13392 800
11 24 44 9
22 40 9 16
15 3 37 37
14 23 17 37
18 7 42 12
6 17 29 24
10 15 40 16
15 20 46 30
15 9 41 31
22 1 14 40
44 40 22 14
39 19 46 45
30 13 30 35
3 47 37 25
30 13 39 11
17 2 14 16
32 31 16 34
23 6 40 17
3 29 40 11
49 7 31 10
15 17 45 28
42 26 28 26
12 1 18 11
11 19 49 25
9 18 11 31
29 48 14 8
49 30 0 20
9 24 39 15
0 8 30 23
18 23 24 23
29 5 37 15
17 24 22 26
27 25 42 33
39 44 49 38
31 0 46 37
15 28 34 20
47 45 20 17
9 22 36 31
23 13 36 34
24 46 6 2
22 10 11 29
8 23 5 19
34 43 15 39
44 42 36 37
33 41 16 7
4 7 3 13
24 8 40 12
46 40 26 33
18 29 39 10
37 43 25 23
8 3 44 2
19 23 42 14
9 19 28 27
7 21 1 38
24 5 43 14
25 23 44 27
24 16 17 43
23 20 14 24
13 11 6 9
8 23 43 15
11 23 25 43
38 30 19 34
22 6 29 29
15 1 41 14
11 9 19 4
21 22 16 13
47 22 27 20
25 30 0 13
30 41 8 3
33 23 44 37
8 19 14 30
10 32 30 19
7 8 36 30
37 18 14 18
36 46 35 29
23 6 35 21
15 14 3 20
25 11 20 24
19 12 2 13
10 23 31 20
31 43 40 16
9 17 6 36
32 1 13 30
40 20 33 31
49 44 30 25
20 42 30 24
36 37 23 28
24 32 47 16
12 17 45 14
0 8 40 19
24 16 35 0
13 17 35 21
25 12 44 32
13 3 26 17
12 26 19 32
0 19 8 16
48 44 40 11
4 9 38 3
30 41 36 5
14 17 0 16
14 22 30 19
32 39 32 34
17 4 5 8
37 21 47 12
36 26 45 21
30 47 9 9
12 15 10 29
12 19 11 8
47 25 37 11
18 6 29 43
22 29 38 25
15 8 37 17
7 1 44 28
23 11 32 9
31 46 38 18
24 21 46 31
17 18 35 15
26 14 28 27
12 21 24 48
25 12 4 5
25 31 34 13
12 9 4 27
44 20 15 30
17 24 44 7
20 24 14 11
49 33 41 16
2 27 40 25
23 18 7 46
27 28 25 22
19 12 34 10
10 16 43 4
22 11 16 31
40 42 45 25
12 14 41 13
42 11 44 17
21 22 42 39
11 15 13 10
9 23 44 24
30 22 39 14
21 38 12 28
12 3 42 7
31 18 27 28
17 38 17 44
37 23 23 31
22 19 19 2
19 19 35 19
5 22 37 32
31 8 20 42
16 7 45 15
46 30 29 24
5 21 12 47
35 32 10 25
7 32 1 36
12 18 9 27
31 8 37 8
40 31 30 29
25 21 40 13
38 9 13 33
18 25 33 14
13 12 33 8
17 36 44 13
33 23 27 34
10 21 35 23
19 19 35 9
49 38 43 29
24 7 42 6
12 18 38 13
33 27 3 40
26 20 40 22
17 18 2 9
23 21 41 11
23 11 13 16
18 22 44 17
42 33 45 7
5 10 36 19
13 17 12 33
8 24 36 35
15 3 38 17
29 0 41 13
26 28 30 23
20 15 39 12
25 28 24 21
16 5 24 15
15 16 23 47
10 11 8 3
6 9 37 23
13 2 38 36
27 49 37 31
6 40 39 44
22 19 9 3
37 27 1 17
41 8 35 25
33 21 36 31
2 8 4 15
25 18 24 12
31 19 4 48
10 46 2 45
13 17 37 34
12 26 38 12
29 45 22 35
26 16 45 24
30 9 44 17
27 15 38 3
36 45 21 9
31 7 38 13
30 5 4 32
43 45 1 44
33 42 32 17
14 24 0 22
21 20 15 47
9 2 49 18
9 18 40 11
34 6 30 3
13 0 32 5
4 24 45 15
9 23 36 13
36 36 9 32
15 4 32 42
9 29 41 12
36 8 11 11
10 24 38 12
14 25 37 15
30 0 30 17
42 41 30 11
19 9 49 32
12 19 14 36
26 7 18 26
4 21 47 4
37 10 9 28
22 20 43 21
24 18 20 38
18 8 2 44
2 7 28 4
19 33 27 4
9 5 45 23
34 13 42 20
19 13 18 37
45 45 34 13
48 39 40 26
3 4 1 33
13 28 22 8
30 23 34 16
29 8 25 18
11 22 43 29
21 1 25 29
29 2 6 46
10 22 42 15
11 19 32 10
31 41 42 41
42 33 40 13
12 11 38 3
8 4 37 43
30 13 38 12
20 16 38 14
17 13 35 46
43 41 18 12
1 1 41 16
47 45 19 48
4 27 40 15
9 17 37 16
11 4 18 28
2 26 37 14
32 25 10 14
9 4 41 9
14 23 38 14
