50 721 13934 800
18 26 9 29
28 40 30 1
7 22 11 16
17 30 16 5
35 5 17 19
18 15 44 16
8 30 14 27
23 30 38 0
9 15 27 36
23 42 35 20
2 20 10 5
21 39 14 32
34 4 33 9
6 38 30 11
19 30 16 17
11 19 26 44
24 16 29 16
47 2 36 28
27 44 38 0
20 38 3 15
10 25 24 6
6 24 4 10
19 30 17 23
28 16 21 8
6 28 35 38
29 35 29 19
12 21 25 15
24 22 34 49
14 27 22 19
38 7 22 14
1 17 41 0
19 7 1 9
12 25 26 13
39 12 33 45
43 9 11 11
14 34 35 1
5 25 7 11
32 41 12 9
11 30 35 9
12 32 29 11
7 23 41 14
22 31 9 27
23 34 21 0
18 8 31 22
23 36 3 4
27 4 40 20
30 33 37 11
34 42 25 14
41 30 26 23
1 31 18 12
37 44 40 35
25 42 19 8
6 35 14 3
17 37 22 21
38 6 15 5
22 1 36 21
3 37 11 15
17 12 5 11
39 6 10 9
29 45 11 24
15 29 40 3
29 42 45 34
7 25 15 5
34 3 34 18
21 20 35 34
7 23 13 6
10 42 25 2
3 22 22 32
30 30 40 9
36 1 32 5
7 26 32 7
22 26 34 25
3 27 23 21
32 10 47 36
16 27 13 3
6 22 17 13
23 37 39 4
7 31 5 5
23 48 21 7
17 22 24 15
23 40 23 1
17 24 33 7
23 40 36 30
11 38 20 16
34 30 32 0
7 21 8 1
20 25 18 16
32 28 44 38
7 27 15 33
15 27 45 46
10 28 30 8
19 24 22 15
28 31 12 13
30 20 18 18
9 22 35 4
34 5 9 15
29 42 46 29
14 38 29 19
4 34 27 29
38 20 31 9
26 36 7 8
22 31 2 2
10 31 26 24
19 7 31 20
30 42 30 8
44 13 43 25
23 28 25 15
26 37 45 28
19 33 41 38
3 23 44 16
27 0 44 0
25 14 34 15
8 24 45 36
36 14 19 42
32 17 45 26
8 28 47 34
21 44 32 11
25 48 22 17
42 2 23 20
14 31 21 7
22 45 3 1
39 10 44 1
24 13 34 4
21 25 33 6
28 7 23 21
23 30 9 27
27 34 19 11
9 35 13 3
28 39 1 2
17 29 45 21
0 26 13 9
20 38 29 26
14 46 49 35
10 21 12 5
39 1 43 6
21 35 41 3
22 41 27 44
24 10 2 0
35 12 1 9
17 31 2 21
45 18 21 12
8 19 39 9
24 2 48 24
29 46 46 35
17 35 9 22
3 30 22 25
25 10 31 45
9 33 31 4
8 31 49 30
19 4 9 7
29 5 34 10
24 37 43 3
25 34 46 31
43 9 31 11
31 35 25 29
24 48 46 25
10 34 40 14
19 33 18 6
27 36 33 20
24 33 46 6
32 3 42 39
2 27 49 9
5 21 27 7
35 26 24 40
2 35 27 46
28 31 21 8
9 28 6 26
23 17 6 2
24 34 28 6
5 27 25 39
33 4 49 10
29 11 13 4
29 44 4 24
20 4 5 3
2 20 31 24
6 32 35 27
25 37 12 9
26 13 47 4
10 35 4 3
33 9 43 36
12 32 17 36
26 21 18 15
28 36 23 10
13 35 48 45
11 16 23 13
32 4 14 3
31 1 16 22
27 21 7 20
20 39 11 12
26 35 22 23
28 39 13 14
32 6 46 29
38 1 44 27
11 30 13 8
48 31 22 2
14 26 35 19
29 15 7 9
10 21 10 13
5 34 43 7
30 40 22 24
39 13 35 9
19 32 45 33
34 12 9 10
24 37 26 10
7 28 36 42
23 31 13 24
21 34 17 20
37 3 42 21
4 29 9 3
35 28 12 13
29 35 32 47
8 17 47 9
14 40 3 6
10 18 43 0
18 49 38 28
28 46 26 17
44 17 28 15
36 7 20 10
37 16 35 20
19 31 1 2
34 5 14 8
30 35 28 6
34 3 23 27
27 41 27 28
31 10 9 20
9 41 24 33
24 6 37 10
21 36 3 12
25 33 20 30
5 35 17 5
10 32 46 17
10 35 26 15
15 25 22 18
9 31 25 11
7 33 23 43
9 30 45 10
16 42 32 38
12 39 5 6
26 12 48 5
40 7 23 11
7 30 20 31
33 10 22 26
44 1 37 4
2 38 40 24
9 17 48 30
4 22 20 3
28 10 9 20
34 33 31 23
9 24 21 17
23 45 8 8
25 32 49 32
28 23 17 30
12 12 46 16
24 29 27 10
29 40 30 33
5 18 13 20
22 40 35 18
13 38 15 29
29 38 21 3
20 31 17 46
7 41 22 0
28 16 22 14
29 16 24 35
6 31 13 12
21 31 28 3
15 25 22 23
21 5 22 22
32 6 37 0
19 29 31 22
39 25 38 4
13 32 28 10
9 24 42 13
36 8 28 3
5 33 25 35
21 27 39 8
15 45 44 41
25 29 38 13
20 37 22 30
19 39 9 17
40 13 26 4
42 2 20 4
10 37 33 31
34 2 12 15
31 6 10 0
5 37 14 5
37 10 32 28
2 33 16 4
13 23 37 26
37 1 32 0
32 24 38 16
39 9 9 17
16 5 9 38
43 25 17 29
27 36 10 0
43 3 44 9
31 9 18 29
11 23 11 28
18 18 31 11
5 28 36 17
35 22 8 3
21 10 41 35
15 33 35 28
9 31 35 1
4 26 45 8
34 13 24 20
29 13 1 16
19 40 26 27
15 10 34 3
9 23 17 31
39 9 34 4
27 38 30 1
49 35 19 15
22 34 37 36
29 19 21 20
37 6 47 25
5 29 36 35
49 8 40 26
11 19 26 0
30 38 40 24
35 12 47 12
18 39 3 40
8 34 24 9
8 32 34 5
20 37 28 17
16 23 49 22
17 22 16 2
2 18 21 22
15 39 34 30
26 37 20 3
15 20 28 6
23 45 1 11
36 2 6 4
17 46 33 12
22 34 10 11
27 38 24 10
40 14 23 9
13 23 2 9
30 44 21 9
6 40 0 10
3 49 8 14
42 9 29 17
24 30 15 18
35 12 9 13
31 49 20 27
15 39 15 31
9 36 11 12
26 29 15 9
20 29 35 40
8 42 32 25
42 3 49 20
25 23 17 14
23 24 21 2
9 25 6 39
9 18 46 38
21 12 32 17
11 23 38 35
2 21 11 12
31 2 10 28
22 34 23 6
35 11 32 13
34 7 6 1
46 1 47 13
39 6 25 21
33 31 1 25
43 5 2 9
34 10 38 14
31 41 0 3
16 26 22 27
12 26 8 38
26 34 33 13
18 13 45 25
28 16 22 21
0 26 31 20
47 13 14 1
6 34 28 18
12 32 29 16
8 36 23 1
21 27 5 4
14 43 17 7
17 42 41 20
3 28 18 42
24 35 10 6
11 46 34 5
25 39 9 10
33 6 41 42
13 36 34 25
34 2 43 5
26 20 43 6
30 40 16 5
25 41 21 4
33 43 12 2
16 38 22 44
27 10 36 35
20 31 47 1
23 35 35 24
25 44 17 15
36 7 27 3
29 41 28 9
22 22 31 26
14 9 24 16
14 19 48 12
32 31 34 12
25 44 19 2
37 4 17 24
27 7 16 6
30 24 21 20
42 17 20 26
21 17 29 8
24 42 42 40
31 36 8 0
32 24 16 2
16 19 44 2
23 39 4 28
21 42 6 21
22 22 10 0
17 22 34 13
27 42 30 9
10 28 23 20
8 37 10 13
25 42 25 20
17 19 28 17
1 36 9 23
31 37 43 11
27 7 47 15
29 36 21 17
9 7 35 23
43 3 25 16
21 36 8 18
15 30 44 7
30 49 31 9
15 13 0 36
29 11 8 10
34 14 17 20
27 24 37 7
11 34 26 11
35 10 42 35
38 5 30 3
36 12 12 1
16 33 24 12
27 33 47 5
16 30 37 28
22 26 17 19
40 12 12 8
12 30 3 17
22 43 38 34
17 17 46 23
13 18 4 5
48 19 19 35
23 26 34 35
24 44 24 35
26 12 11 5
33 40 35 1
12 33 22 23
0 39 47 17
22 35 3 27
14 32 13 15
20 37 32 15
31 40 31 5
24 3 13 34
17 29 38 26
10 20 16 24
34 10 14 35
15 38 5 11
6 28 20 18
27 39 5 5
7 29 11 16
28 41 29 35
14 22 33 13
31 16 33 28
20 30 12 18
20 41 34 8
14 34 7 4
33 8 31 3
15 17 0 14
24 39 27 9
12 48 11 27
7 38 30 13
47 6 41 14
21 35 42 9
15 13 33 24
36 13 33 39
22 41 47 41
26 46 14 16
16 34 38 2
25 36 10 7
1 17 5 5
4 25 37 42
29 40 33 15
6 32 37 19
21 37 22 8
19 41 30 49
28 19 9 1
32 39 17 14
10 34 32 11
22 46 17 41
13 8 18 24
15 25 23 9
32 17 0 6
30 0 6 21
19 40 22 37
37 9 3 5
43 8 35 41
33 0 22 4
45 9 15 23
26 47 39 23
25 47 16 10
44 11 14 0
16 20 11 14
22 32 48 36
32 12 40 4
24 33 2 15
21 36 19 8
24 37 35 11
11 23 9 5
40 38 5 2
46 2 39 10
9 25 22 47
42 3 8 8
22 43 24 16
28 36 42 31
19 20 12 26
22 23 14 1
40 7 17 7
24 40 38 10
19 31 42 20
29 12 4 24
14 23 4 7
30 6 19 20
17 39 30 31
24 48 47 13
26 47 27 25
21 24 29 15
25 41 28 39
8 30 6 7
44 10 21 12
23 41 35 3
29 5 7 14
22 34 13 18
24 29 20 22
9 24 46 24
25 40 25 46
30 18 20 14
10 26 13 23
8 23 6 16
42 9 46 17
29 15 9 17
26 9 11 21
11 35 18 20
29 44 11 5
12 41 27 31
28 39 24 19
18 35 35 20
8 35 28 8
17 26 13 0
1 31 10 4
42 3 30 37
12 26 45 20
43 7 24 8
31 25 22 15
17 42 30 37
10 32 13 14
37 18 37 43
31 1 45 36
28 34 34 46
20 34 34 28
21 35 34 6
15 24 38 2
24 43 35 9
22 45 32 46
32 2 27 21
38 16 8 15
49 28 21 23
37 7 2 14
39 9 10 36
22 33 35 27
22 37 6 3
40 11 36 1
9 27 12 6
18 44 24 21
24 38 10 16
24 38 47 27
40 25 11 10
34 40 33 35
15 26 39 19
22 41 30 20
42 8 41 3
19 25 36 29
38 34 44 17
18 26 8 17
35 3 18 12
18 16 7 7
18 40 4 23
31 39 39 3
23 39 19 0
12 33 22 17
5 23 9 9
31 5 10 29
25 40 46 10
0 28 34 2
31 4 1 4
37 1 21 11
20 43 21 33
28 38 18 24
33 36 45 3
16 13 32 32
23 30 43 5
5 17 39 4
46 5 41 3
27 27 9 14
35 39 10 13
33 37 46 38
14 29 4 9
33 0 24 12
12 22 23 5
30 38 17 24
5 42 21 38
24 1 47 39
25 38 8 7
29 27 11 13
29 35 5 6
17 38 21 5
19 19 2 3
33 31 7 11
6 34 48 14
19 20 18 15
16 14 7 11
28 30 33 27
7 23 45 35
20 29 24 1
42 16 36 32
33 13 26 41
20 36 33 22
17 32 27 28
6 22 16 17
6 23 28 31
39 17 25 2
24 33 44 13
41 26 12 2
6 31 7 4
23 29 47 46
26 36 21 40
42 13 17 31
28 5 5 5
18 24 47 11
15 48 34 13
39 1 26 0
15 1 18 18
23 39 1 20
14 34 41 34
10 35 26 23
12 31 6 10
49 23 27 2
27 41 6 5
32 7 15 8
26 12 31 16
40 9 28 11
15 39 17 36
27 6 9 11
18 44 30 16
41 22 11 0
30 38 23 34
23 36 14 6
30 35 36 10
37 6 11 9
8 34 46 26
15 27 18 12
31 3 41 15
2 19 41 12
31 34 13 7
37 0 23 23
2 13 45 11
33 10 35 7
7 37 8 6
11 20 23 19
28 29 42 22
31 35 22 11
35 14 33 10
22 35 2 5
1 35 48 41
9 19 9 34
18 31 14 12
32 44 31 7
29 38 37 41
7 25 33 23
23 40 15 4
32 45 23 4
23 34 41 10
26 7 18 12
7 23 15 20
33 2 44 23
29 44 38 18
19 26 47 21
37 7 29 17
23 26 20 22
8 31 18 9
11 22 22 11
4 23 1 14
6 27 20 25
21 7 24 23
23 11 20 40
26 40 7 10
34 6 43 22
1 32 27 11
36 26 21 18
22 41 23 14
25 14 43 27
44 9 19 15
35 41 43 10
4 33 47 22
18 28 34 30
11 30 14 9
45 6 28 6
8 30 9 7
7 30 12 12
33 38 42 26
20 28 25 14
34 23 30 49
46 16 5 25
4 26 38 20
43 15 44 29
15 30 33 35
