50 463 18467 800
0 9 35 8
11 4 31 35
47 5 23 36
11 36 13 26
8 3 10 11
21 36 29 43
41 31 34 1
13 4 29 36
15 24 45 35
23 42 18 36
14 30 25 31
19 31 38 0
30 10 34 46
22 45 3 7
40 15 34 47
21 14 24 37
0 14 42 39
21 18 28 42
9 26 24 38
23 47 19 22
12 21 21 35
12 15 15 21
1 21 24 33
21 9 21 37
1 19 28 46
16 28 19 26
24 12 40 28
13 21 19 39
49 5 40 30
0 38 21 25
23 46 43 30
13 25 10 20
23 34 34 8
7 20 44 4
30 48 21 35
5 7 17 16
7 13 40 3
39 45 25 39
35 23 3 30
3 36 13 26
16 33 19 10
18 20 20 29
18 31 39 35
7 4 16 21
33 12 19 19
14 22 20 26
12 43 7 26
4 20 1 6
14 4 22 18
9 26 11 6
39 26 46 36
19 1 2 21
3 15 22 19
37 31 2 14
8 27 39 30
3 8 37 5
14 40 5 15
22 16 23 31
13 49 17 13
30 44 23 35
14 22 25 45
14 27 29 42
24 28 24 38
25 28 12 23
18 44 5 15
16 22 14 19
0 35 23 33
16 6 12 32
3 0 4 31
36 33 4 23
15 7 22 20
5 44 20 32
26 1 21 33
27 8 22 28
5 7 18 4
3 33 12 10
16 37 18 33
14 22 48 33
14 21 12 8
22 30 10 32
5 17 7 28
32 11 24 27
19 17 21 40
12 47 23 34
32 35 41 1
5 7 5 20
43 15 33 32
13 32 46 30
6 46 1 12
27 35 14 34
7 16 12 26
15 10 20 43
11 35 13 5
14 16 20 26
13 43 29 40
30 18 11 34
4 14 30 40
15 21 27 39
23 36 43 25
33 28 46 5
14 29 12 25
38 3 20 29
14 4 7 16
6 42 42 33
14 15 18 34
5 0 12 32
34 25 36 12
15 10 16 35
23 18 39 5
26 26 49 15
43 17 25 42
10 30 14 23
11 33 17 32
10 28 23 39
11 26 10 22
31 27 45 38
28 21 31 6
6 32 16 38
22 44 22 7
30 32 0 25
37 12 33 32
7 27 27 38
27 26 37 35
44 3 30 28
23 25 45 38
22 20 29 39
9 5 45 8
21 30 2 35
11 4 41 9
16 23 39 10
21 6 24 44
19 39 14 18
27 21 34 42
24 22 47 10
7 20 16 19
21 32 41 3
7 15 29 48
7 43 40 6
25 24 23 20
11 7 12 20
13 12 31 6
14 12 9 43
23 29 38 27
34 35 21 33
18 32 14 11
18 10 42 28
21 5 19 18
10 19 29 48
39 36 38 31
22 40 19 38
18 28 26 36
15 13 39 36
30 22 25 35
16 9 44 35
11 30 4 6
5 14 42 30
9 35 29 40
31 29 13 35
18 38 32 2
28 1 9 11
6 11 14 10
17 29 27 41
30 10 25 40
11 28 24 36
0 14 25 45
8 21 42 3
10 2 30 5
0 2 47 37
13 8 18 32
20 41 23 38
25 25 7 15
17 26 21 42
7 9 5 21
17 1 5 19
41 42 16 8
14 29 5 23
11 29 1 10
3 5 36 43
47 10 22 36
23 6 21 32
2 10 9 18
33 26 40 35
19 21 26 43
4 2 19 38
15 0 20 43
6 1 19 29
9 10 12 23
21 14 15 22
30 28 24 36
7 29 22 35
18 23 18 14
35 18 0 22
14 5 33 27
11 20 8 10
8 19 31 48
17 9 21 36
4 4 9 5
1 7 26 34
17 30 19 42
25 39 20 35
16 43 15 18
4 29 22 20
33 12 23 45
12 27 23 40
3 29 26 44
11 43 7 2
13 10 23 25
32 35 19 37
32 41 45 33
38 33 43 37
31 1 26 45
30 6 19 23
5 19 23 45
4 14 42 10
18 17 41 28
25 40 20 37
3 21 23 34
15 27 39 7
29 43 28 37
24 8 12 19
24 34 48 24
19 28 36 27
1 40 23 34
1 25 14 33
25 31 5 27
2 17 3 31
25 3 26 34
16 37 2 26
9 33 4 36
0 31 15 41
15 3 42 30
10 37 21 47
36 23 14 33
24 37 13 36
16 10 14 21
18 16 47 33
10 38 14 25
24 10 13 24
10 38 18 45
23 6 18 32
39 18 24 34
10 31 22 30
31 4 42 12
7 32 1 25
17 9 14 27
15 15 46 36
44 29 23 17
9 42 40 32
26 1 40 1
19 19 13 34
6 27 18 34
20 32 28 17
11 47 8 31
8 24 40 36
17 28 11 22
21 4 16 21
4 9 28 38
18 21 4 29
15 21 6 44
23 20 38 4
6 46 10 24
4 0 46 49
9 24 30 48
39 27 21 35
29 12 26 30
3 24 40 9
21 31 23 34
22 33 15 22
18 0 37 35
13 4 41 9
13 30 21 30
12 37 13 33
9 49 28 9
5 38 8 32
17 8 8 25
35 12 19 46
12 7 21 22
19 17 28 36
8 26 16 23
4 43 11 18
20 23 23 38
2 26 21 33
31 13 0 18
22 6 21 26
35 31 45 35
33 25 22 36
20 12 11 32
7 33 17 36
17 23 13 12
20 8 22 30
36 24 6 24
6 47 27 40
16 22 3 38
33 33 18 33
5 19 43 29
26 48 36 6
18 15 15 22
24 33 35 12
18 14 33 48
23 29 11 23
7 22 15 21
35 43 22 45
7 8 22 32
14 22 23 26
17 25 20 19
22 44 27 40
20 33 33 39
20 31 38 47
16 1 17 36
0 8 22 23
30 28 30 39
16 4 8 22
10 9 21 36
10 17 38 45
11 36 33 47
10 30 24 43
7 34 20 35
1 20 19 31
37 19 9 19
12 33 16 29
19 44 22 33
31 0 41 37
26 16 23 41
7 10 13 22
15 25 25 47
11 37 14 2
0 41 16 33
10 31 29 26
5 19 16 7
13 40 29 26
16 24 34 44
13 14 6 32
1 0 39 41
10 17 10 25
17 12 14 29
39 12 18 18
10 17 25 42
15 30 47 5
12 29 23 37
11 8 2 26
6 10 40 28
16 35 15 31
12 6 15 24
24 14 22 36
31 26 40 11
7 28 13 21
4 37 42 23
18 24 5 25
14 21 11 29
5 35 19 41
42 0 17 8
22 7 47 7
19 26 23 29
11 12 8 27
25 28 14 35
5 26 30 44
16 22 3 19
19 25 31 5
28 31 26 37
10 0 21 31
10 15 38 8
15 6 45 36
6 40 45 1
26 22 8 11
16 5 22 36
40 22 19 34
35 23 35 35
26 29 16 25
13 15 18 33
16 24 21 10
5 20 24 33
14 23 42 37
22 40 6 26
3 34 28 39
7 6 26 41
33 8 41 27
30 10 46 9
21 34 6 25
12 31 26 43
14 28 18 36
11 7 36 2
14 4 27 16
20 33 17 16
11 14 16 37
7 46 29 48
40 12 44 36
32 41 29 38
13 21 16 47
5 46 0 30
4 16 25 32
43 26 43 31
40 37 29 39
27 27 15 20
4 27 3 40
24 28 10 29
26 28 12 18
14 40 15 46
20 12 33 4
42 30 18 38
17 12 17 44
24 11 33 17
26 25 38 28
6 1 38 4
13 39 23 29
7 2 25 32
25 34 40 36
25 10 16 24
30 33 18 38
15 41 47 9
22 21 18 33
32 30 11 7
14 13 30 36
18 0 25 29
43 14 40 6
17 30 25 38
34 17 21 25
29 0 25 40
5 36 17 34
5 35 39 33
19 25 27 46
14 15 15 29
12 39 17 36
19 9 28 48
17 18 18 35
17 4 27 43
19 11 43 0
38 21 22 32
27 31 35 33
18 40 18 34
3 15 21 38
44 9 11 2
14 4 41 18
18 29 13 16
15 24 9 26
7 8 8 35
41 37 18 36
34 7 14 23
2 23 23 28
9 17 5 13
1 10 22 42
18 1 22 42
14 4 10 18
27 27 47 48
28 23 33 8
26 41 22 31
13 8 28 22
20 16 21 28
20 27 36 3
28 30 20 17
28 34 33 8
34 35 45 9
10 19 35 5
16 43 10 38
22 23 20 27
2 33 43 2
8 3 24 45
32 34 24 10
8 7 28 42
11 29 23 27
10 13 35 39
18 29 40 36
7 24 47 32
22 1 7 19
