50 1270 11815 800
39 18 39 5
18 45 47 33
38 37 31 8
37 39 7 48
44 5 29 2
36 34 30 4
38 39 10 13
29 20 17 3
37 32 33 31
40 47 17 41
21 16 2 31
43 31 39 14
36 43 38 2
43 18 34 3
30 20 44 20
41 43 9 8
41 27 12 49
20 45 2 36
30 41 13 30
32 22 36 4
36 7 20 6
34 32 16 29
40 35 26 22
33 33 17 35
47 34 15 30
40 46 37 17
46 32 41 17
46 36 41 29
9 13 3 2
45 32 18 41
45 41 9 29
42 10 46 11
49 30 9 39
41 26 23 19
39 38 6 44
43 33 40 3
36 4 42 7
28 26 25 11
30 1 14 36
47 22 45 41
33 25 0 12
34 21 44 14
23 47 16 22
42 48 21 37
14 36 31 8
10 42 34 22
35 32 24 9
41 47 18 38
15 4 39 31
40 33 29 38
16 24 25 5
13 3 8 33
30 34 30 6
18 26 44 23
41 23 2 35
31 25 8 26
6 0 32 48
42 40 34 9
36 32 14 27
19 3 18 7
46 33 37 5
39 29 19 13
34 19 37 24
40 43 40 21
20 48 14 14
42 22 45 44
4 5 34 7
42 16 49 22
43 25 35 9
11 19 38 3
12 4 20 24
33 21 37 30
37 28 33 33
25 48 34 0
39 4 43 47
41 31 38 5
36 40 32 4
26 33 37 4
41 38 26 39
19 29 18 6
37 44 49 19
37 36 27 6
41 6 10 47
18 0 11 33
28 21 42 23
24 4 35 24
39 28 13 27
41 45 15 35
35 46 7 8
45 45 27 40
41 36 37 4
48 48 25 6
29 26 39 5
44 49 45 32
30 41 14 40
21 32 39 29
33 38 19 24
44 39 19 40
19 49 14 27
32 9 42 29
44 22 39 16
35 26 17 8
29 1 11 11
28 40 16 36
32 2 21 18
43 36 28 8
41 29 38 45
20 0 24 27
35 23 39 33
45 7 38 31
17 13 46 19
20 45 36 5
45 41 16 46
20 23 44 33
19 49 18 3
33 31 23 8
28 40 12 40
37 28 21 24
30 32 39 22
23 15 30 7
41 29 9 39
41 27 33 6
40 37 45 25
43 40 17 26
47 46 26 36
35 15 30 2
20 4 2 25
34 34 46 21
43 45 11 45
19 3 11 5
48 42 25 25
39 43 3 20
42 35 35 3
34 37 36 20
25 4 36 5
30 39 28 12
30 44 36 1
41 29 19 13
42 34 3 36
40 40 30 4
36 40 34 6
47 29 28 3
43 30 24 9
21 41 28 41
49 29 42 29
45 34 38 15
40 29 16 25
44 14 31 9
42 10 34 20
42 42 42 33
47 43 24 36
16 49 35 3
48 48 2 15
27 32 10 40
40 47 39 6
49 2 30 18
28 27 28 16
42 38 4 18
42 1 8 43
44 30 19 38
31 43 19 31
44 31 34 2
35 27 26 14
36 27 40 7
3 14 9 17
44 35 34 17
36 22 39 36
44 31 15 36
33 5 13 24
45 49 28 16
28 8 16 16
6 3 33 31
40 29 46 13
23 18 16 49
35 29 47 19
21 17 40 3
43 38 46 4
41 32 36 1
25 33 36 5
39 25 14 33
15 20 32 11
39 31 8 22
31 46 25 27
9 9 6 33
38 9 27 8
40 17 27 20
40 31 29 30
43 0 26 45
45 26 14 40
48 37 11 2
29 4 5 29
28 3 32 47
16 6 27 9
39 37 40 12
49 28 13 11
40 33 37 13
37 30 42 26
37 2 26 25
15 0 41 32
41 36 13 36
43 32 20 36
35 34 8 17
36 39 9 45
42 6 43 30
39 24 12 24
14 16 49 21
47 11 21 6
39 34 16 15
38 25 12 16
26 37 12 25
39 23 17 26
42 24 16 15
32 10 30 7
46 16 32 44
27 17 7 35
40 21 41 17
48 36 18 38
42 36 15 29
38 49 10 29
11 13 46 33
43 37 36 3
14 9 11 34
34 47 30 0
40 39 45 29
35 40 21 12
46 37 14 14
45 16 44 23
38 49 32 25
29 28 15 12
15 40 41 0
29 37 44 2
33 20 30 12
33 8 22 34
41 25 14 3
49 48 41 6
41 19 8 30
45 24 34 7
31 27 17 33
21 4 6 12
26 5 8 23
34 18 38 6
20 44 12 14
34 38 30 4
29 33 36 5
46 47 13 33
22 32 26 23
40 5 21 39
36 23 39 3
20 20 0 12
31 18 35 4
36 22 12 30
32 17 39 30
36 30 10 31
34 33 26 16
42 30 20 27
34 39 10 49
38 18 24 15
36 20 10 4
27 4 6 27
30 37 0 27
40 44 37 13
37 6 6 30
33 22 13 26
42 37 5 6
43 13 36 4
34 27 13 30
43 41 5 29
13 9 25 24
29 39 21 17
15 22 38 30
38 49 44 30
30 49 19 16
27 28 26 39
38 39 36 4
23 5 37 5
27 4 37 8
39 42 30 9
41 33 23 28
37 22 7 28
46 31 43 13
49 35 20 37
47 30 14 39
6 0 20 26
13 5 48 24
36 10 37 3
41 17 24 20
49 15 26 12
47 30 32 19
32 38 33 31
49 6 35 8
36 48 25 36
19 9 42 37
26 20 4 26
47 49 24 10
34 17 16 17
41 16 33 4
22 36 18 44
40 47 16 4
30 36 38 3
38 40 38 3
42 42 45 13
33 33 21 10
38 29 32 11
16 11 47 20
37 40 26 8
22 37 11 6
46 22 39 7
38 16 35 2
47 38 28 15
47 28 28 24
36 45 37 17
35 19 22 36
26 15 24 18
40 35 9 19
45 31 22 36
45 30 30 11
37 39 40 3
37 44 44 33
34 43 33 26
37 28 33 12
48 37 45 17
19 7 48 26
41 39 17 26
39 25 40 4
38 36 4 36
33 31 37 5
39 31 8 26
33 35 3 7
16 35 9 29
34 25 26 12
36 10 29 39
37 8 6 38
37 14 25 18
21 46 4 37
7 2 30 40
45 3 39 5
49 42 23 41
45 17 31 11
48 44 26 10
39 24 23 9
19 3 14 30
36 21 29 12
43 25 23 1
5 23 43 15
43 14 19 33
16 44 36 2
20 2 30 9
40 15 46 16
32 38 20 5
9 4 33 29
39 39 38 4
13 3 4 41
38 34 20 21
29 29 39 39
44 34 35 7
9 4 26 33
46 42 33 10
30 47 29 13
35 35 21 7
44 13 15 24
35 14 13 39
45 44 37 1
34 9 40 4
33 35 45 26
36 37 36 12
31 13 49 2
36 33 4 48
48 44 31 49
48 25 8 27
33 16 29 30
29 40 16 5
6 16 17 36
46 42 45 26
38 43 14 41
46 10 6 30
46 29 23 41
45 46 23 37
33 19 25 16
2 0 5 33
36 25 24 49
39 27 20 21
36 27 25 43
33 32 38 25
40 28 8 30
24 45 24 20
30 3 39 3
31 32 11 37
31 31 15 18
26 35 30 22
32 37 28 36
7 21 19 31
41 20 1 12
42 12 41 33
35 36 3 37
49 35 27 42
41 31 35 4
43 36 36 4
10 6 25 41
47 33 14 37
42 30 37 4
35 27 6 13
43 36 13 40
44 37 13 36
45 45 37 16
5 5 11 30
43 44 49 24
31 9 40 1
40 34 9 10
45 45 40 28
29 20 4 13
47 33 25 0
34 35 6 37
49 37 15 12
47 30 2 2
40 44 31 26
25 43 6 32
44 34 29 39
43 30 36 3
22 19 18 3
36 40 12 29
31 38 46 32
35 21 39 34
48 35 46 26
39 21 14 37
27 14 7 7
31 29 49 19
23 12 24 43
6 7 11 49
47 17 28 8
34 38 32 6
40 28 26 12
41 34 29 9
42 49 13 35
41 42 36 6
44 44 18 7
45 33 45 17
45 36 37 8
38 47 47 21
40 31 39 25
28 9 21 44
49 47 27 31
36 6 9 37
46 37 24 15
32 29 35 10
35 6 11 24
39 46 37 17
34 15 23 26
49 30 38 5
45 29 33 1
25 11 17 8
38 21 33 33
32 33 42 17
29 4 38 31
25 32 37 4
36 45 43 36
33 26 39 5
40 21 39 6
23 30 7 42
29 19 39 47
25 7 12 46
40 6 45 27
31 5 41 0
27 8 4 36
45 49 30 12
29 22 44 19
40 39 22 16
48 28 19 42
38 18 19 12
26 23 34 2
8 12 41 11
16 22 24 23
42 26 38 0
23 44 29 5
46 49 24 41
34 37 37 3
1 6 41 37
36 32 37 4
44 15 37 7
46 47 19 17
39 32 30 9
42 16 28 3
42 31 15 41
42 48 24 7
34 24 26 40
33 29 44 24
46 10 11 33
28 20 20 44
37 41 24 29
49 42 15 47
33 8 22 29
16 6 15 22
38 22 4 42
36 37 0 4
39 12 20 32
35 44 15 35
31 37 28 34
47 33 38 3
23 13 41 18
41 7 15 19
39 29 15 40
49 18 10 38
34 31 11 22
46 29 15 37
20 4 11 33
43 36 25 9
35 42 47 27
31 37 37 39
41 49 21 38
34 2 37 14
44 30 33 13
43 29 19 25
21 23 40 6
33 28 10 11
28 36 43 30
21 4 34 3
40 21 11 36
48 41 36 5
33 10 44 25
40 37 5 14
33 35 46 28
7 11 15 1
36 28 27 39
36 12 7 34
39 31 17 37
39 0 23 13
33 40 35 2
40 43 40 5
28 21 9 41
4 9 11 5
40 43 16 39
28 37 31 10
23 10 23 29
33 33 33 1
46 36 20 46
33 24 36 17
31 32 27 31
25 12 11 28
38 17 34 24
42 23 12 28
44 45 34 36
29 39 11 16
40 15 13 40
24 48 33 2
29 26 17 44
41 24 27 40
48 25 12 42
39 34 22 29
35 43 18 26
14 19 19 1
19 24 31 3
12 6 27 23
13 5 1 16
33 15 30 20
17 9 42 3
7 6 15 37
37 28 20 44
12 2 15 37
27 6 39 5
39 26 7 5
23 23 37 18
34 39 16 8
19 11 23 37
18 15 25 19
16 9 16 34
24 11 10 35
20 35 20 7
30 12 0 29
20 36 46 27
33 31 21 26
38 34 24 12
29 23 19 20
49 32 36 27
19 15 10 35
29 20 36 11
11 28 28 28
46 31 24 20
38 37 22 4
39 35 14 44
32 22 10 35
39 7 22 10
37 32 34 8
43 35 42 39
41 35 36 6
28 48 28 40
38 8 8 36
23 1 1 33
24 32 19 31
47 47 16 39
25 36 21 11
47 17 33 6
46 49 15 32
34 42 9 39
26 19 2 25
38 36 14 36
31 28 7 37
33 24 34 5
11 17 31 14
44 46 17 23
45 39 37 3
37 13 37 32
43 23 10 30
37 41 7 36
33 32 17 12
29 10 47 25
40 8 27 3
39 30 37 3
31 18 37 20
23 2 21 40
43 31 10 15
39 31 31 2
40 43 46 29
38 47 39 2
40 35 26 1
36 43 16 28
39 15 34 31
38 36 4 22
35 22 23 15
44 28 40 22
31 40 10 45
41 39 14 29
23 26 12 28
44 29 39 3
35 24 30 6
34 34 38 1
37 37 2 34
38 35 43 15
41 23 15 17
35 29 16 23
31 8 16 34
44 28 20 34
45 49 21 4
34 46 45 26
45 46 0 19
33 44 15 17
31 4 38 5
22 11 18 32
29 34 42 33
43 1 28 19
48 48 35 1
8 7 24 34
48 23 19 0
29 28 31 49
26 29 43 22
21 18 9 38
39 16 38 39
33 33 39 5
42 37 2 36
34 24 10 17
49 46 15 24
49 7 11 7
21 23 13 38
29 42 40 38
41 17 25 7
38 36 12 11
33 47 18 4
41 29 17 38
49 42 21 41
32 19 19 6
38 22 47 23
33 44 8 43
34 13 37 19
44 47 27 3
35 37 5 36
34 35 47 12
42 32 19 30
22 36 32 13
11 9 37 4
21 37 11 30
45 20 9 7
36 23 28 34
31 19 3 29
37 49 40 3
34 4 33 12
40 48 17 28
32 44 13 40
47 27 1 38
21 45 35 31
24 17 23 37
31 17 13 38
48 38 1 2
41 22 48 30
48 41 39 2
34 32 16 27
29 44 31 30
24 7 2 31
36 28 23 13
14 12 37 1
37 45 13 26
46 47 41 18
40 46 31 13
41 2 2 35
1 36 24 41
9 11 25 20
25 36 30 3
30 42 18 29
42 30 43 35
47 5 17 49
32 29 27 42
37 17 30 45
44 3 16 40
41 35 40 14
39 38 12 35
49 41 12 29
47 26 12 1
18 21 24 22
42 39 18 5
19 29 49 23
38 36 43 5
40 26 32 7
10 20 14 18
11 3 10 36
43 30 26 14
22 0 43 25
24 31 30 6
12 43 31 10
34 30 6 48
39 35 36 7
26 29 20 43
0 17 31 10
41 46 18 10
42 25 17 3
34 44 40 1
34 34 47 18
40 28 42 13
22 44 27 45
35 27 41 45
40 46 25 13
33 43 12 24
39 46 48 33
39 35 36 7
34 17 27 18
42 45 44 18
49 32 18 12
43 30 23 23
47 34 46 18
42 28 25 10
33 25 4 38
18 23 37 5
40 27 18 22
41 45 20 17
22 30 11 31
43 33 32 27
39 21 5 36
27 42 22 34
37 31 11 8
35 32 21 38
1 23 26 29
43 10 24 7
23 27 18 15
43 41 10 42
48 39 23 9
38 45 24 25
34 36 11 34
41 29 11 29
17 44 22 7
29 38 37 4
39 12 29 41
29 12 11 33
42 29 29 11
45 41 13 4
46 15 49 21
37 36 39 6
13 10 16 42
46 39 19 36
11 24 23 30
48 39 9 22
26 16 2 37
21 0 28 21
41 32 25 29
43 15 13 29
35 39 26 20
13 28 29 0
45 19 33 3
22 47 1 38
36 34 46 15
21 37 27 5
45 40 10 38
36 30 14 35
41 33 12 28
36 34 40 19
22 11 25 33
25 27 12 0
30 14 39 28
30 39 14 27
42 33 10 18
45 42 31 31
31 46 35 6
12 19 7 36
44 26 41 33
38 30 13 20
34 42 19 0
24 25 11 7
30 30 47 26
34 23 13 27
36 30 29 19
38 25 14 23
26 5 14 26
38 35 23 14
39 27 16 26
23 44 38 5
19 30 23 46
41 37 3 26
46 35 45 29
17 19 10 27
38 38 36 2
29 29 39 4
29 31 32 11
33 35 42 39
41 34 47 21
39 2 28 13
33 13 1 48
32 46 13 27
34 39 4 34
35 25 21 30
31 28 12 32
49 33 29 4
18 4 16 21
28 16 33 21
23 15 11 32
36 47 45 21
44 33 25 39
43 23 8 32
47 45 34 43
16 44 33 6
49 0 26 46
39 34 29 9
41 35 35 41
31 19 7 36
12 11 36 2
15 3 33 15
36 6 35 2
4 0 26 5
39 35 38 3
36 30 15 20
34 41 12 31
45 2 41 7
12 2 0 30
33 5 27 21
38 45 21 43
44 41 33 3
33 15 23 23
47 36 42 21
32 37 46 24
32 35 35 1
39 14 24 31
30 15 9 33
34 22 13 35
34 2 32 8
42 14 30 9
21 30 28 16
46 44 23 28
35 19 8 14
39 36 33 11
40 20 16 35
49 40 13 3
36 37 7 37
20 21 17 9
42 49 18 24
43 2 40 35
33 47 35 11
43 43 43 5
22 7 15 43
30 45 30 14
37 45 42 15
34 45 15 32
27 49 37 24
29 17 18 29
44 20 38 3
45 38 27 28
47 20 14 25
39 38 23 30
24 37 16 37
28 39 8 12
26 47 47 29
43 39 49 34
17 15 37 0
36 34 23 23
19 0 13 28
23 28 22 11
29 18 14 22
48 49 11 28
0 12 29 10
40 44 24 37
47 22 27 15
46 12 38 4
43 40 39 3
46 32 22 14
47 29 18 29
47 36 6 38
31 44 37 6
24 16 6 4
26 47 24 19
29 28 32 24
27 22 25 12
41 1 38 5
39 40 11 40
7 10 18 45
41 29 18 39
30 48 37 14
6 45 26 38
34 9 0 33
49 28 33 4
28 42 48 11
39 2 10 40
21 13 41 3
32 33 27 5
44 32 38 1
38 29 30 37
47 5 26 30
21 12 32 3
32 3 18 41
43 30 40 6
39 32 18 47
1 9 22 29
26 33 35 5
35 29 34 20
33 27 36 5
42 14 40 38
48 42 6 41
41 18 28 46
46 42 0 27
47 49 32 43
30 0 3 14
41 38 20 40
34 20 24 2
43 18 33 6
43 28 21 4
39 31 13 39
24 4 41 14
42 35 23 44
41 16 5 43
48 40 2 36
44 35 4 26
41 40 26 1
21 33 30 30
46 22 42 19
37 23 37 6
38 47 15 29
32 32 12 27
33 39 32 6
23 0 38 15
30 9 39 17
32 27 32 10
25 46 12 39
26 24 43 19
25 6 15 0
18 34 25 45
44 25 36 21
38 0 2 31
38 41 27 37
27 39 31 8
28 39 19 27
41 41 0 10
36 38 29 6
33 39 7 22
36 35 34 0
39 29 38 4
29 31 27 23
40 49 15 15
33 25 4 23
39 48 33 13
31 29 48 31
33 25 14 7
35 19 39 3
23 35 14 35
26 11 2 8
46 38 33 43
29 35 15 13
35 28 3 6
45 41 42 18
32 0 23 7
22 38 22 11
44 38 13 28
5 8 44 21
46 12 14 36
40 36 17 45
4 5 9 15
44 37 43 24
38 34 36 41
30 30 39 7
39 32 11 26
44 33 3 1
28 34 15 3
48 4 42 17
31 29 9 21
40 23 28 34
43 26 10 25
32 35 21 43
44 32 34 47
27 38 29 8
22 7 1 33
43 25 38 8
33 32 36 1
43 12 14 8
39 48 38 0
38 32 27 29
29 30 7 45
41 16 26 26
34 34 44 1
48 47 42 18
22 16 15 42
20 16 24 41
28 41 19 34
39 32 38 6
16 41 6 33
30 2 23 21
34 8 45 0
26 34 38 5
47 48 12 43
6 20 10 42
29 33 29 14
44 29 18 22
35 25 24 44
44 49 25 30
24 18 26 15
4 3 39 41
40 48 30 10
22 29 6 35
40 33 25 48
36 39 32 14
12 13 32 14
27 45 20 19
2 9 11 36
48 19 9 46
46 28 11 14
41 31 2 37
29 37 26 19
47 29 25 33
9 34 37 9
19 37 26 7
26 28 32 1
38 44 39 25
40 48 35 7
43 0 21 23
40 47 38 33
45 45 16 37
17 18 24 20
28 18 18 45
26 31 34 3
22 16 36 24
39 30 25 32
14 14 26 34
33 45 13 7
41 47 36 4
36 46 23 40
34 32 40 1
26 10 38 29
5 24 33 47
23 27 17 15
27 3 38 2
30 44 11 43
27 9 21 29
22 11 34 12
37 26 15 26
19 37 40 26
47 34 43 29
20 39 39 3
31 41 12 27
27 32 6 22
34 41 26 8
23 41 30 7
13 2 28 24
29 31 36 4
38 27 34 4
42 40 23 43
26 31 31 4
32 37 0 33
44 37 43 45
46 34 29 26
33 30 16 1
12 33 6 44
31 49 30 6
37 12 8 34
12 6 33 4
36 18 4 47
45 38 18 34
36 32 3 34
34 31 36 16
28 35 4 18
35 34 7 40
41 12 15 36
36 3 14 28
44 22 49 13
17 4 45 12
17 35 21 17
39 41 33 11
37 38 37 3
32 36 16 32
34 41 24 23
47 31 18 21
30 31 12 33
40 20 38 12
47 19 40 8
25 35 19 6
43 19 19 35
35 41 7 43
44 41 25 32
6 4 36 2
35 19 30 4
7 8 12 44
40 23 28 35
22 11 39 7
39 22 48 15
26 24 10 36
22 5 30 8
41 26 4 47
41 35 9 37
42 13 29 9
34 45 16 11
15 41 36 29
39 18 15 18
42 29 16 28
28 10 28 1
43 36 26 9
2 8 44 38
22 31 36 5
30 32 4 34
47 32 29 5
19 32 27 4
38 33 11 39
44 30 38 5
23 8 39 10
9 18 19 40
41 18 17 48
42 48 38 5
38 38 36 2
31 33 26 10
47 45 28 48
36 12 40 5
45 0 9 25
45 48 15 29
15 35 18 31
49 42 16 1
31 46 28 0
41 40 21 15
39 41 37 3
48 44 15 28
32 28 24 11
4 1 22 19
41 49 27 42
43 32 14 20
25 6 4 32
32 14 1 44
41 38 0 42
18 39 26 24
35 19 9 28
35 31 45 4
45 33 28 15
19 11 24 35
41 44 47 23
37 23 20 21
42 48 32 4
46 35 41 4
22 23 5 41
22 9 47 42
27 17 44 25
33 17 14 43
26 8 7 33
30 20 32 9
29 28 23 26
45 44 40 26
40 49 36 3
34 6 25 38
24 39 30 13
48 10 34 0
38 3 35 6
44 18 16 31
19 8 14 43
47 30 38 2
1 5 14 27
29 45 26 10
40 22 44 31
22 40 14 26
24 15 35 48
4 8 14 22
40 37 19 25
33 31 14 7
39 44 8 42
36 48 16 8
34 45 48 18
37 21 18 47
39 2 48 24
42 20 26 4
39 39 43 6
31 36 37 3
19 30 23 39
3 6 46 7
48 6 29 13
11 7 29 39
41 41 33 1
15 22 39 6
45 43 28 6
34 35 31 0
17 10 35 8
31 48 38 4
32 0 33 30
34 34 28 23
44 36 13 14
42 45 31 3
15 4 14 40
24 35 30 11
35 37 45 23
13 4 11 47
28 41 30 1
13 49 31 25
44 35 46 21
38 25 35 3
31 32 28 5
4 12 8 33
32 17 43 18
49 16 16 20
43 33 7 36
43 34 22 5
40 7 32 6
26 27 7 10
27 26 35 13
49 28 42 5
38 36 14 31
48 48 20 42
40 13 25 32
34 33 40 11
34 40 13 24
49 15 11 3
40 33 8 28
41 21 45 22
43 48 9 24
32 36 26 33
47 12 7 17
46 40 24 46
39 45 4 25
44 37 39 14
28 5 13 3
35 39 10 28
34 47 37 1
34 34 39 3
33 8 6 32
25 28 27 32
46 34 44 25
26 29 37 28
33 48 3 16
40 32 21 20
36 30 12 32
34 36 45 29
49 23 26 8
42 13 14 30
19 12 6 5
24 23 30 13
44 45 21 20
11 26 27 8
36 20 39 7
38 31 39 21
33 28 16 23
36 38 17 19
40 28 39 5
37 38 8 45
28 15 20 1
10 36 34 20
49 0 12 29
35 34 13 34
44 31 36 6
40 47 37 6
30 25 36 5
26 18 5 37
42 21 41 9
32 29 19 30
47 34 32 5
39 40 34 12
36 36 24 28
38 46 22 17
49 8 40 2
