50 1464 16392 800
22 4 33 26
39 18 35 27
27 23 30 32
35 16 26 26
18 25 36 37
33 37 35 44
13 6 13 11
19 15 3 5
10 30 24 20
15 23 18 11
14 23 17 16
42 45 19 13
49 33 28 29
42 48 4 9
42 12 8 24
22 14 19 6
15 9 0 1
19 37 49 35
41 46 44 40
37 20 14 13
31 29 2 17
45 40 35 38
27 17 17 4
9 24 33 30
13 7 28 39
5 2 26 37
27 20 18 2
44 25 0 19
42 37 6 23
11 27 4 31
9 30 15 19
36 15 17 23
41 17 2 22
4 37 17 3
24 4 29 5
19 30 25 36
18 43 1 21
9 22 35 38
12 10 4 19
35 5 33 1
20 31 32 34
38 35 3 11
21 12 34 42
18 26 36 38
41 29 20 19
28 23 31 34
22 45 37 36
28 41 12 6
31 23 24 5
36 23 15 29
25 44 27 14
22 9 27 30
2 19 16 11
17 31 24 34
38 43 11 8
15 40 15 2
39 22 24 27
25 18 8 18
30 13 33 35
24 45 39 35
30 28 36 37
49 33 37 18
42 30 28 33
41 48 36 34
27 19 33 26
28 44 33 34
33 18 35 31
24 28 11 17
43 17 40 31
1 16 40 37
12 42 28 39
25 8 38 45
8 45 31 42
35 23 13 22
39 18 29 34
13 25 11 5
15 25 34 38
31 40 30 36
25 26 39 34
4 11 32 42
45 48 31 33
29 24 4 18
41 24 34 36
10 7 7 35
1 8 12 0
38 45 19 11
9 30 35 36
22 44 4 18
45 41 37 42
10 33 14 16
36 40 27 35
34 44 13 8
6 49 5 6
48 49 24 26
19 30 7 13
35 41 31 32
40 3 32 35
31 14 1 5
17 21 39 35
32 26 11 3
44 46 40 33
24 16 33 36
43 40 28 6
37 29 31 31
43 15 27 38
22 30 5 25
16 21 31 39
22 3 32 36
19 30 26 33
36 4 10 17
40 45 0 14
22 27 20 5
26 20 19 6
21 9 49 17
37 39 41 36
3 13 37 27
25 23 22 34
35 24 38 35
14 12 28 39
45 44 3 22
29 36 14 15
47 44 36 37
25 15 8 19
22 13 33 35
6 39 37 33
36 48 31 38
19 43 28 39
12 29 8 10
9 6 21 15
20 33 20 5
44 40 13 16
29 25 16 28
20 19 21 23
16 48 12 28
36 23 2 15
19 24 43 37
43 34 8 19
6 31 13 21
25 22 10 18
8 27 41 37
19 37 34 35
12 35 11 5
10 26 5 14
46 38 6 21
11 27 4 22
3 22 27 28
29 20 38 2
49 48 25 43
30 17 8 13
9 32 33 34
9 30 4 10
30 25 21 11
34 23 27 40
36 27 14 14
36 21 20 11
39 30 35 34
18 18 23 2
39 48 43 37
24 29 33 40
43 23 37 28
32 13 33 31
3 39 5 23
34 17 7 17
18 17 36 34
44 37 1 11
15 15 27 23
3 27 8 16
11 35 33 5
37 34 31 28
21 15 15 19
22 38 9 2
36 29 33 41
37 16 27 36
18 8 36 40
11 27 38 33
9 17 29 33
31 16 38 39
19 23 5 23
33 18 27 37
25 11 12 27
8 14 41 7
33 39 31 32
31 1 12 13
37 34 12 2
11 30 4 27
27 13 11 18
8 43 17 5
21 22 26 35
30 6 39 34
13 6 23 40
8 28 25 1
17 11 2 10
25 28 32 26
46 25 20 0
28 21 32 30
5 29 17 21
36 34 37 45
41 18 32 43
15 15 5 17
34 21 2 9
47 23 3 3
43 43 4 12
39 17 37 39
5 42 27 6
22 16 38 3
38 20 34 39
26 19 28 36
28 34 2 4
27 36 32 27
37 46 1 12
38 47 3 17
10 30 27 35
22 38 18 9
23 15 2 23
36 44 33 42
22 20 1 9
46 41 35 38
24 47 21 23
27 11 37 31
37 19 33 33
37 15 37 39
32 34 5 15
12 5 2 13
19 39 34 32
41 49 13 9
31 36 11 16
30 44 37 32
31 27 8 16
16 12 34 31
23 21 36 37
33 34 21 22
10 22 27 17
12 14 10 4
8 29 9 3
46 33 41 6
17 11 16 5
29 29 10 1
13 28 5 19
32 46 16 14
24 40 32 11
47 46 14 15
17 17 29 34
36 29 5 1
28 24 5 11
32 5 8 7
26 19 34 28
32 20 7 1
19 6 1 12
34 29 5 0
48 43 40 37
25 43 33 8
6 27 2 2
41 26 19 6
5 16 32 36
14 26 26 31
19 26 34 45
10 28 26 26
21 41 37 32
18 12 15 17
7 43 35 36
40 38 31 35
34 20 23 10
34 23 33 29
40 43 5 17
28 41 32 38
46 47 29 39
8 23 12 12
18 10 14 29
16 26 35 49
37 19 7 16
18 31 5 33
6 43 5 4
43 47 2 19
25 26 30 28
14 16 47 42
8 28 27 36
36 19 14 9
7 43 10 6
36 41 20 16
11 28 35 30
13 13 2 9
14 30 35 30
40 29 15 25
9 45 6 8
22 49 36 35
39 38 24 5
19 45 5 2
8 35 6 7
11 45 40 29
40 49 30 35
30 5 9 21
0 35 32 34
40 23 13 0
28 20 35 37
15 14 9 41
17 13 36 16
10 43 12 1
13 26 38 6
4 11 36 44
35 49 35 32
20 40 5 6
27 11 40 9
37 22 30 29
20 29 35 3
6 40 38 34
8 35 27 2
39 23 9 22
44 42 13 11
20 15 35 38
35 23 39 38
10 41 19 33
11 29 10 9
32 2 29 36
31 14 9 10
17 26 34 34
32 46 22 6
10 39 2 15
35 22 3 19
36 29 37 34
29 13 14 21
25 40 23 27
22 43 30 36
18 35 37 41
40 44 26 20
17 38 35 36
35 33 15 3
48 48 30 34
41 45 16 22
42 46 18 12
43 39 22 36
24 37 34 18
25 6 34 33
49 44 6 8
39 22 17 10
12 26 0 19
6 9 0 6
33 19 0 12
3 41 6 26
44 37 31 30
6 30 34 31
6 32 31 38
8 19 0 10
10 28 9 24
28 17 35 30
11 25 15 10
21 23 13 13
4 8 4 26
44 41 0 16
40 48 13 15
24 42 29 13
36 31 31 38
31 42 36 30
25 32 18 9
18 19 16 4
46 34 4 7
25 45 4 27
13 18 33 34
27 14 28 39
6 29 25 9
35 26 10 14
44 35 33 38
33 23 19 19
37 5 14 14
43 47 18 10
20 13 28 36
19 22 34 32
8 29 40 38
32 30 4 24
23 32 12 24
17 18 4 22
14 44 30 31
27 14 28 33
35 27 13 11
7 30 8 22
16 36 12 7
35 37 38 34
25 29 13 11
7 28 35 35
29 10 9 24
39 36 23 37
20 40 32 28
42 33 8 17
36 20 1 19
6 34 38 34
42 13 11 33
30 7 0 8
1 9 38 23
19 13 36 35
14 10 31 39
46 46 34 41
14 22 38 36
5 16 43 36
36 26 29 44
43 39 39 37
25 22 15 21
22 48 2 18
30 40 48 8
28 22 31 41
42 30 31 29
12 29 30 6
47 36 2 15
11 31 6 32
33 46 37 34
14 30 33 3
36 49 31 44
10 43 16 2
13 39 43 33
33 10 26 28
8 30 3 28
27 18 29 36
14 32 11 1
12 29 1 17
23 37 0 17
17 48 1 9
23 45 34 38
44 40 35 8
9 30 32 35
40 44 1 21
38 47 6 14
24 20 11 11
8 6 31 41
24 21 7 11
0 48 7 8
39 42 31 36
28 10 24 12
35 34 24 22
37 49 15 17
25 23 5 14
19 28 30 39
18 20 33 35
12 9 25 30
9 28 7 19
31 24 35 33
16 45 23 6
29 45 38 36
32 43 5 4
30 20 38 35
41 42 0 5
11 22 42 39
31 1 31 31
6 28 18 10
23 13 8 8
46 24 28 32
35 26 14 9
8 27 43 35
14 14 4 7
37 21 5 4
25 14 4 11
13 21 26 8
26 11 35 29
34 16 8 25
37 8 26 15
42 23 37 46
15 11 10 16
36 44 33 35
26 14 15 9
38 20 19 34
16 7 33 45
40 19 34 1
39 28 36 39
47 46 3 20
43 46 33 29
8 6 16 13
21 9 30 35
8 26 1 12
41 11 40 33
13 8 0 20
13 42 11 19
13 27 14 4
28 15 11 14
14 23 10 0
29 23 38 35
35 14 25 3
12 39 43 8
28 29 33 31
9 27 7 1
10 25 6 14
30 20 31 37
7 32 3 19
18 31 33 31
8 13 25 1
35 42 14 28
6 9 4 26
18 35 8 12
11 31 42 34
46 19 37 32
45 44 24 29
4 0 24 9
24 14 15 15
31 23 22 4
35 42 19 8
33 29 5 27
12 30 30 39
17 43 1 15
39 31 31 35
48 34 0 26
49 33 39 31
19 4 3 11
38 44 4 18
16 17 3 15
9 32 20 15
22 39 41 37
36 11 30 44
19 18 34 37
40 16 16 24
37 26 24 7
29 47 14 29
36 30 0 15
46 43 3 14
33 36 41 37
25 17 47 4
26 48 22 1
47 48 4 2
40 46 40 36
2 26 9 14
48 48 33 35
21 46 30 37
38 45 2 22
19 3 35 30
30 34 5 13
40 37 34 28
40 28 36 39
7 29 5 9
5 26 34 36
23 11 36 37
44 29 18 0
7 31 41 33
29 45 4 26
23 12 26 14
19 28 4 23
32 25 34 40
21 27 25 36
18 19 40 40
43 49 39 37
12 22 16 14
39 19 38 29
40 38 32 36
19 25 32 30
18 18 40 34
7 7 17 26
10 29 9 21
0 5 1 13
35 48 8 14
43 24 29 28
48 37 37 31
10 18 0 18
13 28 34 7
46 44 42 38
26 37 28 34
11 28 22 29
25 9 5 16
14 16 0 22
15 6 6 10
34 17 35 0
31 15 39 36
14 28 46 32
9 6 31 36
31 27 5 5
39 22 35 32
28 46 3 11
37 47 28 39
30 42 32 36
42 39 10 7
36 36 34 45
31 28 3 18
21 12 15 0
30 35 25 3
20 14 36 35
8 28 34 32
9 43 34 35
28 17 29 7
13 28 10 0
20 42 36 30
49 48 4 24
7 30 32 43
10 1 29 36
15 28 0 16
46 47 3 7
3 24 31 35
27 9 29 37
40 37 35 38
27 34 38 29
38 15 32 33
46 37 40 27
35 14 25 37
6 30 25 19
43 45 21 0
12 46 40 36
32 41 38 26
45 42 40 32
26 25 18 35
14 30 20 0
22 36 38 31
7 49 30 24
18 17 13 9
24 44 10 17
28 15 3 27
26 30 27 45
21 14 1 18
35 13 27 29
31 28 13 4
38 46 14 3
19 10 18 21
26 14 21 9
42 49 9 2
35 23 24 4
27 22 38 42
6 34 25 4
25 21 6 37
43 36 28 18
49 42 8 12
4 40 33 38
28 15 2 8
31 27 32 38
35 22 28 36
9 32 25 40
19 46 6 25
6 10 17 34
42 33 12 29
36 22 34 42
6 23 12 13
23 37 11 15
21 36 9 21
10 28 29 39
38 47 28 34
7 37 18 9
36 11 39 31
14 17 1 8
31 8 6 14
19 9 1 14
39 24 33 37
17 18 1 12
21 15 13 14
17 19 35 32
24 18 16 24
33 19 4 19
8 16 14 17
23 7 42 26
22 37 3 19
49 47 23 13
20 42 1 14
27 13 5 14
41 42 3 18
39 25 9 5
14 30 35 33
29 36 22 5
14 26 32 35
39 15 22 1
9 29 21 16
9 30 29 41
1 37 34 37
20 9 0 4
39 45 24 17
23 35 3 7
18 12 12 33
12 16 15 18
41 45 39 41
43 36 27 33
7 27 41 37
20 43 28 35
20 48 29 31
17 12 35 30
31 27 33 42
31 22 13 10
32 17 2 17
11 27 32 15
28 33 31 36
13 27 38 30
23 23 38 37
25 41 1 20
39 43 12 10
12 28 5 18
23 34 21 10
31 14 31 42
31 39 2 11
25 24 14 11
43 26 32 15
41 23 30 42
7 29 15 17
27 25 28 11
9 33 25 12
24 12 22 1
38 32 22 24
8 29 37 9
4 11 30 38
26 37 2 7
6 46 24 15
38 19 27 43
38 40 3 19
41 49 28 36
14 9 0 21
15 22 42 38
34 19 9 14
16 38 21 20
48 45 3 10
7 31 12 12
4 35 35 41
21 19 23 2
5 30 33 40
31 22 14 13
36 24 30 22
42 38 12 24
22 19 24 15
17 46 15 26
9 42 7 12
12 13 23 15
5 19 32 36
13 15 38 32
24 17 34 34
32 19 35 42
28 32 31 40
27 33 34 8
29 0 9 5
6 47 12 5
6 14 36 36
38 20 33 29
35 23 35 36
37 23 27 36
7 21 21 3
17 14 26 5
19 45 5 22
31 36 1 14
10 33 31 35
8 18 32 30
10 34 37 6
44 27 4 12
18 10 0 11
24 21 8 14
25 37 31 35
39 44 13 1
43 0 32 40
22 14 10 6
26 8 38 38
29 7 32 35
44 44 1 21
28 13 19 14
33 46 15 16
45 13 3 14
22 20 24 24
26 18 12 9
19 36 9 7
40 33 10 31
18 25 19 9
27 25 12 15
43 41 35 35
29 21 34 33
25 29 32 36
13 6 30 19
39 24 6 16
19 38 1 12
35 44 0 2
24 18 31 35
14 7 24 7
9 34 30 38
33 25 11 23
44 39 34 29
11 1 13 31
10 23 10 11
39 24 20 7
2 37 33 23
48 45 31 27
14 29 17 11
13 18 12 23
40 45 4 9
17 12 38 37
22 4 27 32
23 9 20 3
40 16 0 11
17 44 15 0
19 5 0 15
34 24 2 6
7 32 34 42
40 34 3 6
24 22 9 0
32 16 21 24
29 2 36 31
16 38 20 17
9 33 3 15
18 14 31 35
23 5 29 40
30 49 9 29
3 30 35 35
43 42 11 19
45 33 32 29
12 14 28 35
38 18 37 7
24 18 8 5
20 9 12 10
6 27 38 36
32 39 23 19
37 41 26 4
33 1 33 30
30 49 7 21
32 22 12 8
27 36 31 35
16 38 30 34
36 26 39 41
12 21 32 42
24 6 34 32
37 16 35 27
28 37 18 4
7 28 5 17
36 36 15 0
16 11 38 31
17 22 6 8
23 34 15 24
10 23 8 10
40 39 30 32
22 26 3 17
46 38 18 2
41 21 35 34
9 28 40 34
36 41 41 36
5 36 31 37
36 49 30 35
31 15 37 2
17 22 34 30
40 43 0 5
28 46 28 24
38 18 4 20
9 27 25 40
18 12 6 10
24 8 21 22
38 47 31 33
38 29 0 7
46 47 1 11
0 15 37 38
11 29 11 5
11 33 25 22
13 7 17 13
15 29 14 9
24 7 32 8
28 11 35 29
11 49 43 33
33 46 4 3
7 22 32 21
32 24 23 3
9 17 24 21
34 43 8 0
12 37 14 7
19 17 11 7
27 14 19 16
8 28 3 5
10 25 15 8
30 17 8 10
18 47 33 38
33 48 35 42
7 25 29 30
28 19 41 33
17 38 37 30
2 18 13 3
7 30 37 12
19 6 35 37
22 21 11 14
39 48 7 9
44 32 20 9
36 45 27 18
15 18 4 8
44 41 5 15
23 12 30 37
43 17 1 19
40 22 25 36
25 35 32 27
20 42 0 9
20 11 30 39
35 26 30 16
33 21 1 14
41 41 32 31
21 17 33 30
19 28 29 35
38 49 30 21
15 25 31 39
40 47 12 9
22 3 17 10
12 16 37 36
6 30 35 34
44 19 24 24
29 39 33 38
9 32 40 31
28 23 21 4
10 27 14 2
4 18 28 29
40 16 30 38
44 34 38 32
21 14 32 38
6 5 36 31
12 27 0 18
23 37 2 11
47 33 16 36
41 19 13 8
48 44 14 15
40 32 29 13
35 20 37 35
41 17 30 17
41 29 9 35
32 14 19 22
35 19 15 23
34 25 29 35
20 28 37 41
32 5 21 11
45 37 32 40
30 13 34 30
32 17 40 30
4 22 34 35
9 38 18 7
38 40 20 4
6 32 17 4
38 28 42 27
8 23 8 17
10 33 26 36
14 21 29 36
29 48 30 33
46 41 8 15
46 44 13 10
5 7 22 14
45 48 15 10
9 29 4 20
17 28 39 33
48 39 15 18
21 7 15 18
0 29 31 35
7 31 30 38
24 25 15 30
48 38 27 7
37 23 34 21
14 22 8 17
32 45 40 37
43 40 31 9
24 27 17 1
12 27 14 19
31 27 3 20
11 31 1 6
40 49 30 33
42 33 31 35
40 18 4 21
34 20 25 17
7 30 29 25
35 46 5 9
20 12 35 29
44 24 4 33
11 30 31 34
21 20 2 4
5 43 33 40
43 46 33 41
8 30 34 30
19 18 25 31
38 49 36 35
16 0 35 36
12 33 7 16
25 9 4 18
18 38 35 1
38 40 31 13
8 26 8 2
25 19 20 35
30 21 17 4
34 21 33 33
44 45 35 36
23 5 32 39
30 49 9 26
23 45 36 34
19 11 3 12
38 23 17 12
20 30 29 39
40 37 26 37
21 27 2 16
25 13 43 39
34 25 22 3
45 38 16 12
30 23 26 36
19 20 12 24
22 11 16 11
10 31 8 3
47 42 8 12
36 32 8 12
47 41 3 19
12 27 25 21
42 24 3 7
13 25 2 13
25 3 13 7
15 17 18 4
3 14 30 33
16 2 35 33
41 33 34 35
20 40 7 1
13 32 35 30
11 24 29 7
12 31 23 28
6 11 2 28
35 36 17 10
28 47 10 21
36 5 31 24
44 49 5 16
18 18 9 2
16 21 37 36
3 45 17 2
43 43 7 18
28 17 34 30
0 15 25 38
9 38 33 30
37 28 26 36
25 18 36 38
7 32 37 32
13 18 27 0
36 24 40 34
43 46 15 20
37 41 7 10
37 14 41 40
33 26 2 21
6 32 31 31
13 27 35 40
25 40 44 24
29 9 36 32
48 30 20 1
21 7 34 29
37 33 13 4
36 36 16 21
37 35 5 9
24 16 6 24
35 42 10 11
21 13 31 38
9 27 15 20
19 15 40 7
16 42 37 25
2 23 41 36
40 48 11 17
29 37 41 15
19 21 16 5
1 25 5 20
35 45 13 10
8 38 4 10
40 17 35 36
23 23 4 14
28 16 38 32
46 33 3 4
21 20 13 19
3 27 14 20
27 16 0 10
22 20 17 1
16 44 6 20
4 40 14 25
6 28 30 37
31 47 29 36
40 29 13 1
40 28 40 40
13 8 36 26
22 37 30 39
17 29 15 6
4 11 18 25
32 42 24 0
19 34 3 19
19 12 15 24
22 10 31 27
27 18 15 20
26 47 18 12
44 45 38 42
23 22 43 32
26 30 11 3
45 45 33 42
10 30 4 27
34 38 17 2
26 21 33 33
33 17 7 23
44 47 6 1
9 18 5 14
32 23 9 26
4 33 20 1
10 28 37 38
40 38 29 32
35 25 24 27
25 23 18 36
19 32 32 33
28 12 38 34
12 10 21 23
35 29 30 34
24 27 15 12
4 24 32 9
8 18 33 35
21 24 31 34
13 27 32 28
25 17 36 33
22 24 34 30
24 41 33 35
38 18 12 10
2 37 0 14
13 26 9 15
43 37 38 1
8 29 29 34
7 43 38 6
32 8 36 24
31 36 24 15
6 20 6 3
16 27 12 7
12 15 9 22
36 39 6 8
1 20 28 16
2 43 16 22
42 42 27 34
8 30 41 40
36 35 4 11
27 24 28 8
25 14 19 3
21 6 27 35
10 30 20 5
40 40 14 9
13 8 1 4
30 2 9 13
10 26 30 38
32 8 38 28
35 47 26 35
4 15 43 31
30 9 13 7
13 9 25 30
40 44 39 30
19 21 33 43
41 30 38 36
10 29 42 34
41 22 22 0
43 48 40 28
31 26 4 15
17 17 16 8
8 28 11 19
10 12 11 7
20 19 8 21
35 28 25 32
40 23 0 12
38 41 32 35
32 26 26 45
40 16 2 12
30 43 22 11
43 27 2 11
20 21 14 6
43 28 8 16
49 48 35 33
22 4 40 30
28 20 35 31
27 38 35 7
39 36 2 20
45 49 41 37
45 40 30 10
49 49 9 14
26 31 9 13
15 19 2 8
34 21 8 22
27 18 7 24
23 36 9 16
36 23 22 5
29 18 11 7
17 21 12 8
41 14 36 33
47 47 29 32
12 27 1 2
7 17 33 38
47 43 9 11
21 17 38 38
29 45 35 31
13 37 19 16
46 46 20 14
11 24 8 8
49 42 38 43
16 36 35 35
41 47 29 7
27 47 41 28
41 27 19 6
17 49 19 2
11 28 0 23
5 39 36 28
17 34 1 5
38 26 35 34
9 6 18 20
40 27 32 40
10 15 18 15
41 20 11 13
28 7 43 26
16 16 8 14
44 49 21 4
14 22 29 6
33 40 15 10
12 19 29 9
23 11 9 9
8 30 18 24
41 25 25 34
38 40 33 40
45 23 13 35
32 47 34 38
24 1 9 13
24 14 35 32
16 24 31 44
15 19 40 27
42 44 30 30
45 44 4 3
10 37 16 22
26 18 37 24
38 27 18 18
8 29 31 40
35 26 36 33
31 33 33 37
23 43 11 34
38 21 35 15
43 43 5 14
36 22 31 31
25 38 37 36
12 22 0 17
45 29 34 37
2 33 25 28
27 13 29 28
17 14 38 14
30 22 31 33
32 24 34 32
24 18 5 16
46 44 3 11
33 23 26 37
28 23 36 37
47 49 32 35
3 37 33 35
38 5 31 35
34 27 31 29
42 44 20 39
12 38 33 36
18 17 29 33
35 48 9 2
14 21 28 2
19 17 41 35
24 10 28 1
12 26 10 6
0 40 23 7
24 25 9 5
35 19 34 0
8 30 16 16
17 3 31 29
9 23 31 26
6 31 27 37
30 25 12 14
15 30 8 24
27 32 42 42
41 31 30 38
31 46 6 11
43 33 10 20
15 16 6 23
10 27 37 32
35 49 31 43
45 21 27 35
33 17 5 20
37 27 23 20
21 28 13 11
26 13 32 33
39 49 12 2
8 8 5 11
10 31 14 0
31 46 7 19
22 4 10 8
49 40 16 18
31 16 9 14
39 40 35 30
35 48 1 26
41 28 2 14
9 26 26 35
11 29 33 37
45 35 24 30
16 12 6 7
39 47 30 35
35 9 38 36
11 35 1 23
30 6 5 16
1 13 33 27
9 43 16 10
14 24 28 13
20 13 32 12
37 21 33 37
34 44 33 37
24 16 32 39
21 20 39 30
8 26 30 27
17 19 6 13
45 49 40 39
17 2 33 34
35 20 36 34
30 13 1 23
8 27 32 34
10 27 18 10
20 20 36 41
21 21 17 7
12 33 16 37
47 32 0 7
47 45 32 29
46 33 9 11
23 34 22 42
29 43 20 14
40 49 3 17
9 30 18 1
31 16 14 15
39 33 20 18
3 29 15 13
11 32 35 29
31 37 3 23
12 40 31 35
26 36 16 33
22 21 8 16
44 47 27 40
18 15 24 4
13 44 16 13
40 17 29 38
4 31 39 34
30 37 18 17
17 11 33 38
15 38 9 18
9 23 1 8
19 30 39 39
25 44 29 11
36 17 28 15
13 31 32 36
35 42 36 31
38 37 3 7
14 28 35 31
25 6 14 32
11 19 38 33
37 42 34 36
5 31 39 32
19 22 8 8
19 43 13 33
11 31 1 24
22 5 10 16
13 28 34 35
12 26 1 24
29 19 4 17
29 22 4 14
23 38 24 4
8 31 34 33
35 43 14 15
24 20 0 13
46 39 0 21
19 8 13 19
2 33 10 3
38 41 15 11
28 21 32 32
31 40 37 30
26 19 22 8
40 45 19 3
12 18 6 18
46 35 13 6
30 21 41 30
9 26 0 17
31 17 5 8
46 43 34 35
32 22 30 43
33 43 31 36
16 6 0 12
44 44 38 40
10 30 20 21
24 30 4 13
3 49 8 7
9 31 9 2
30 18 37 33
17 18 13 24
39 21 36 26
9 10 19 16
6 30 39 34
18 11 2 23
26 44 8 12
16 32 16 27
44 37 35 29
34 25 13 16
12 3 17 15
26 16 32 33
18 13 29 5
28 14 37 38
31 7 3 15
6 8 35 11
23 16 4 20
45 46 34 40
29 23 32 8
33 12 18 26
26 1 4 4
7 39 10 7
4 32 33 43
8 29 31 39
33 30 44 6
39 43 27 38
49 37 32 37
18 10 32 25
25 16 34 36
17 24 10 30
31 35 0 10
30 26 10 11
30 15 11 15
14 9 36 32
10 28 6 6
3 20 26 19
7 30 10 44
7 42 13 12
9 19 17 2
22 16 16 19
48 46 34 45
14 34 33 32
20 20 38 35
6 32 34 30
29 21 13 29
7 21 9 24
49 37 14 13
30 24 30 43
19 17 31 33
7 31 8 19
39 44 4 24
7 27 1 21
36 15 16 5
40 47 28 36
3 44 40 30
13 34 35 33
46 41 28 5
29 18 19 26
3 32 10 19
7 1 14 3
38 18 10 11
25 16 0 2
18 7 32 35
46 13 38 33
16 46 38 40
29 7 31 34
12 33 1 11
7 27 9 0
22 20 35 0
27 10 2 3
18 40 3 4
26 33 27 4
17 5 14 23
8 30 10 11
33 6 14 10
27 37 14 3
16 5 11 5
11 29 35 35
37 17 5 15
27 46 33 42
30 34 4 14
45 33 17 1
35 5 41 29
11 19 38 34
8 28 13 11
42 22 34 15
34 38 42 42
18 35 37 34
7 44 9 28
20 7 37 37
29 8 37 38
17 21 34 34
26 47 13 4
44 19 10 15
43 23 10 13
46 43 36 40
8 38 9 7
33 44 16 6
32 30 4 7
17 37 20 8
19 19 33 39
32 16 0 26
34 33 1 13
20 17 36 37
34 34 18 12
8 29 0 28
48 49 0 22
16 22 1 26
14 47 13 16
40 40 33 44
45 29 7 8
34 48 13 19
35 15 10 6
