50 855 17539 800
4 10 10 13
12 42 40 38
4 31 5 24
11 34 28 23
19 25 28 9
31 36 13 21
38 29 47 25
34 28 14 38
43 22 7 0
42 2 18 17
42 21 33 32
18 16 35 24
41 28 13 24
8 40 8 12
9 38 31 15
5 28 39 22
7 12 7 43
44 34 8 41
14 9 38 18
13 4 0 0
43 36 39 18
8 30 22 15
41 31 11 24
5 15 7 18
35 25 29 6
17 38 43 45
25 25 3 30
44 26 17 22
6 15 40 22
7 23 16 18
8 11 7 4
26 7 35 38
32 32 8 35
18 43 39 34
5 31 25 24
2 41 23 15
6 8 23 44
3 45 20 14
12 28 22 31
46 29 11 20
19 31 0 39
38 27 6 25
9 39 21 45
29 25 31 30
30 7 39 4
13 19 29 26
9 14 24 28
10 34 49 4
38 29 49 21
26 39 9 14
10 10 1 4
30 33 2 47
42 33 18 32
2 7 3 18
24 37 47 24
40 24 46 24
35 27 6 40
32 8 37 37
5 10 3 49
6 9 18 32
29 24 30 37
34 2 5 28
45 25 40 35
27 45 6 19
40 22 1 25
9 11 35 29
3 9 5 33
30 17 21 9
10 10 38 39
9 7 33 31
9 19 42 11
36 30 18 0
6 16 18 35
40 28 10 10
35 6 47 42
12 41 46 7
27 14 42 6
6 10 35 33
3 30 18 28
18 28 0 43
31 34 0 8
36 14 35 35
38 43 16 48
45 9 21 36
28 34 10 6
7 37 2 37
44 30 31 32
11 30 14 47
29 9 45 16
6 46 37 38
12 30 29 26
7 6 21 9
15 17 18 23
33 39 19 31
7 16 8 49
19 21 11 33
20 34 18 28
10 8 25 8
7 29 6 3
44 31 35 34
0 49 17 12
15 38 34 29
35 29 8 29
11 25 22 1
38 25 10 34
27 17 31 36
18 19 38 36
49 39 3 24
5 34 28 39
9 12 38 27
11 11 24 11
9 12 34 33
36 4 32 34
21 49 40 38
3 13 15 23
12 5 40 31
13 27 10 35
47 33 39 32
26 31 10 12
4 19 5 12
44 26 16 38
32 6 12 13
20 10 9 20
37 26 24 40
15 31 32 37
7 9 1 18
39 11 21 39
36 21 3 4
21 37 2 11
10 26 9 12
26 17 36 15
13 9 6 12
22 8 30 43
34 3 28 39
2 37 27 11
13 41 21 40
7 14 35 12
9 14 25 47
6 9 25 34
14 31 5 33
13 26 31 41
29 17 27 27
13 33 42 47
11 11 31 18
6 48 19 16
25 36 9 8
8 8 8 14
31 26 35 25
5 10 1 23
10 24 12 17
12 12 30 28
42 10 4 16
38 29 3 25
6 17 31 29
39 30 17 38
37 29 43 30
16 36 18 41
13 19 14 33
10 19 18 26
16 25 4 11
1 45 42 34
21 28 17 15
29 28 15 29
28 28 37 35
10 39 27 23
10 26 30 20
18 29 34 14
9 30 3 21
42 18 36 29
4 30 2 26
21 25 3 22
20 26 39 30
40 8 18 45
9 11 10 4
15 2 19 17
4 12 28 15
9 27 15 23
10 15 7 13
37 3 14 10
2 21 8 24
5 13 27 49
7 29 5 6
0 38 26 14
3 28 1 2
18 26 41 35
42 36 41 2
19 25 25 3
31 28 42 20
41 26 17 19
5 25 39 1
44 30 37 28
41 34 7 17
10 46 11 1
7 11 15 20
1 35 44 7
31 16 5 36
31 45 34 29
28 32 36 35
35 48 12 26
36 29 30 29
7 7 37 29
6 22 33 8
41 10 18 24
29 38 37 33
37 3 36 32
11 30 27 36
8 8 24 10
13 39 24 34
8 10 25 38
2 35 47 48
23 36 37 20
2 36 40 49
13 34 16 17
40 6 36 22
31 29 11 15
15 47 6 42
8 7 36 6
37 9 17 8
6 7 24 37
10 14 33 26
11 41 28 40
14 27 36 27
5 11 20 8
24 7 16 27
8 8 20 19
5 33 17 16
18 1 20 5
38 26 35 33
15 22 20 29
1 48 39 29
12 10 32 35
5 9 34 36
7 7 40 34
11 41 36 20
28 22 33 28
30 45 34 34
28 23 22 26
44 21 49 28
31 12 34 30
6 19 15 4
6 11 36 11
0 44 23 41
22 35 6 19
36 23 18 9
34 33 8 33
24 9 23 14
43 29 11 32
31 28 34 31
31 32 47 18
9 9 36 33
38 24 19 43
6 11 47 14
39 17 20 31
5 36 23 5
11 24 15 14
30 2 44 7
13 36 5 45
2 36 18 7
17 17 33 27
18 40 19 35
9 12 42 38
43 25 11 9
17 7 8 44
7 10 8 41
0 31 32 32
14 38 20 26
41 9 12 5
6 10 10 49
4 13 18 2
22 28 16 48
21 46 13 25
3 47 12 26
8 26 12 11
16 35 0 37
9 18 9 0
43 32 25 31
11 34 38 18
24 42 29 12
33 2 23 3
3 6 10 26
38 30 24 24
35 27 3 18
30 39 35 36
5 8 16 20
13 7 11 35
43 4 7 8
36 3 4 30
42 35 5 20
13 32 47 19
24 37 8 16
35 23 20 12
34 30 29 8
41 10 5 32
38 27 28 37
12 10 11 16
17 40 34 31
17 19 2 19
8 8 15 36
10 8 35 28
5 35 24 12
33 15 44 39
15 23 39 31
42 26 37 18
9 9 36 38
6 11 33 18
37 22 12 32
6 28 27 30
17 6 43 40
8 8 14 23
1 34 26 14
6 39 7 10
46 42 32 32
33 45 18 23
6 12 29 26
38 16 32 35
39 19 34 28
40 12 19 30
35 30 2 14
36 6 29 24
27 28 16 48
12 11 24 28
12 6 22 23
4 13 14 18
4 9 12 14
46 28 33 11
44 18 29 48
38 4 26 14
14 25 37 32
38 30 5 12
6 9 25 28
43 27 11 24
10 7 2 18
13 43 37 26
10 21 0 44
38 33 29 45
12 37 48 4
33 29 8 26
32 5 13 23
39 27 35 22
39 28 6 16
14 1 36 29
33 21 24 29
23 15 48 17
13 19 7 43
2 27 9 17
16 45 14 38
9 13 17 43
8 24 47 20
2 10 15 16
34 23 41 24
1 25 1 30
2 48 4 17
5 11 9 24
17 35 43 7
15 36 30 19
35 27 16 47
41 18 22 42
11 28 40 12
14 19 23 46
33 9 8 15
31 32 5 19
20 44 22 1
3 19 7 3
40 25 0 0
16 40 21 6
29 14 25 10
27 35 0 20
40 28 15 15
0 16 26 31
14 31 42 26
16 32 17 43
46 25 35 27
30 49 19 43
41 31 35 11
8 13 13 42
12 29 4 42
31 35 40 33
25 16 20 46
4 38 8 42
1 8 25 24
41 30 18 18
6 39 16 10
10 27 28 24
39 1 7 2
10 9 5 38
41 23 9 15
8 8 3 23
14 8 31 31
8 25 11 7
13 31 42 30
5 15 29 39
14 27 42 39
7 7 19 17
8 39 9 43
6 13 20 21
29 16 32 19
3 33 5 30
6 41 6 46
13 21 5 24
32 42 26 21
3 37 33 30
11 17 23 3
29 4 23 33
15 35 9 48
46 30 14 19
48 10 33 39
7 11 40 33
38 34 8 32
1 29 26 31
8 27 44 28
37 34 15 24
44 30 37 30
2 39 40 33
39 32 4 25
37 40 0 12
30 33 41 23
37 46 34 30
11 10 20 7
37 32 29 47
34 26 13 15
17 14 31 40
12 24 20 18
14 36 36 36
38 27 6 0
23 21 28 17
10 8 4 40
18 21 45 22
32 32 39 6
19 21 41 32
0 6 35 11
38 30 12 21
14 19 38 40
8 14 17 9
8 11 20 3
29 27 9 23
37 35 24 43
15 43 27 37
4 11 0 8
31 12 20 22
26 47 38 19
25 27 13 13
4 12 13 6
32 32 16 21
6 20 32 16
9 6 37 35
2 36 17 9
25 27 36 16
36 6 12 49
9 41 2 9
47 30 39 33
14 36 23 29
20 48 20 32
22 16 34 33
28 35 17 9
9 9 30 33
8 10 15 16
10 17 35 33
13 30 33 34
28 39 18 10
7 11 35 28
4 9 23 47
25 18 16 7
47 37 14 3
49 29 30 26
37 7 34 31
2 22 10 19
7 45 23 7
44 42 10 9
28 3 41 11
3 11 19 19
31 4 34 31
22 29 28 27
26 17 34 30
8 14 10 2
6 26 36 31
36 3 20 24
18 9 39 46
40 29 19 4
6 5 17 7
25 27 8 6
30 36 8 18
45 22 7 36
38 22 27 29
34 24 20 8
31 4 34 29
28 16 26 8
13 2 29 33
11 11 20 6
29 22 6 25
8 8 10 29
39 24 20 25
11 12 31 24
32 41 30 5
12 28 6 41
35 34 35 16
45 22 27 15
7 9 43 2
16 15 45 23
8 10 15 22
39 32 23 34
3 38 24 18
4 10 4 42
5 10 38 33
13 23 13 9
9 45 26 15
7 32 35 33
10 33 36 28
36 27 29 34
29 29 26 4
32 1 17 38
20 18 9 39
41 25 5 10
33 5 36 28
2 33 7 16
6 8 24 13
17 34 39 34
39 8 22 10
25 44 24 29
10 8 10 18
14 43 22 27
18 27 4 15
4 26 39 32
8 12 30 16
25 44 25 24
45 28 36 26
19 39 21 20
23 33 3 28
44 18 33 37
16 27 17 35
1 27 6 4
10 12 27 18
22 42 19 44
14 32 47 36
12 0 29 16
28 27 22 31
33 33 24 37
43 25 21 24
15 32 35 38
2 12 34 39
7 8 44 21
8 11 37 3
31 24 38 0
10 10 22 33
43 29 14 26
40 26 16 21
36 26 24 41
29 0 26 29
21 33 7 29
46 39 13 26
43 30 31 32
49 43 23 29
30 0 20 22
24 38 1 17
18 29 17 17
41 34 27 32
14 28 9 45
41 35 5 7
45 26 7 4
5 26 7 6
47 19 6 22
13 18 9 48
37 22 29 24
41 30 11 7
12 22 13 32
4 11 34 30
5 27 21 19
22 35 13 35
16 34 8 10
33 2 14 23
11 10 15 18
39 25 14 20
0 25 37 13
47 28 37 29
36 27 26 23
43 22 48 26
37 8 23 26
8 24 32 27
2 46 28 45
25 21 11 26
46 22 3 35
14 39 49 22
35 19 39 13
10 12 6 15
35 34 40 41
40 19 37 43
42 27 10 26
4 10 23 18
16 25 5 45
14 31 18 20
20 4 33 25
36 28 28 17
19 44 7 17
27 28 4 10
7 10 0 47
36 5 32 24
11 16 3 24
4 11 37 22
39 4 15 41
28 21 38 11
13 10 8 39
12 34 7 13
9 8 36 36
41 30 7 13
19 5 35 26
42 29 48 5
18 31 39 32
44 26 37 37
24 19 1 35
46 29 3 41
45 26 34 17
17 43 14 29
4 37 10 23
5 10 39 32
30 33 12 2
17 22 28 2
20 13 1 27
24 8 6 4
4 25 19 1
32 4 35 23
41 32 33 34
5 8 22 3
11 31 10 49
11 38 36 23
35 29 20 31
25 13 4 9
38 24 29 32
33 22 18 34
44 33 22 20
42 15 8 26
9 26 43 24
11 47 33 29
18 9 37 30
41 28 17 7
38 24 11 11
8 17 38 41
31 8 36 31
26 25 41 0
27 24 13 12
43 29 8 32
35 24 7 26
3 24 27 40
34 23 30 17
2 33 34 24
35 32 17 19
44 23 0 2
7 13 6 17
20 18 1 24
5 30 7 8
36 26 6 23
28 39 35 34
46 33 3 41
28 27 13 42
8 31 5 44
8 8 2 29
3 14 4 20
48 24 34 16
6 28 22 3
9 15 7 1
9 16 39 35
44 21 17 37
11 26 43 37
7 21 15 22
18 23 32 17
45 30 6 29
5 44 12 24
24 42 5 20
21 41 38 28
34 36 7 47
7 12 6 1
18 46 10 33
7 11 32 34
42 28 23 36
36 25 16 15
20 35 7 2
32 38 16 19
5 15 4 10
27 17 40 40
47 8 45 30
21 48 8 20
20 31 38 21
35 13 21 6
41 31 44 10
4 19 11 22
7 8 39 19
38 27 35 31
3 43 40 32
13 25 32 32
10 10 41 23
7 30 11 8
0 23 19 41
18 39 41 34
27 23 35 37
23 33 5 36
7 2 41 28
23 30 4 6
25 24 15 6
3 20 2 6
8 38 1 0
17 23 29 43
34 10 22 27
7 6 35 34
4 25 30 20
34 6 14 30
6 9 9 32
30 24 17 12
38 20 29 20
27 25 33 36
7 16 34 31
40 28 16 36
8 33 18 5
10 36 11 5
37 26 16 14
41 28 22 11
3 16 6 21
24 16 0 16
17 37 44 36
42 29 14 42
33 19 4 17
44 26 32 42
3 31 34 30
22 28 33 27
38 23 2 17
38 39 27 3
9 43 30 34
19 20 37 31
8 19 13 8
43 27 1 48
13 45 33 38
13 34 21 12
34 28 9 17
36 38 24 40
5 35 11 14
33 12 18 44
12 24 34 26
31 34 18 37
42 19 11 34
14 36 11 21
31 31 27 4
18 40 2 28
9 32 6 26
39 43 35 37
23 4 5 33
15 41 32 33
7 7 26 22
32 38 11 26
12 27 39 35
7 12 4 32
34 28 35 41
32 37 9 9
7 9 14 26
42 3 38 23
17 37 10 9
24 49 37 34
37 18 29 24
25 9 31 37
4 27 21 15
42 8 7 34
39 3 23 46
12 24 4 24
8 15 43 30
39 33 5 26
31 30 36 9
5 7 30 27
44 25 24 19
30 29 18 6
9 12 1 13
28 41 47 29
9 10 13 30
42 30 13 40
13 14 10 45
41 28 34 32
6 11 5 39
41 31 22 16
42 24 11 13
38 7 36 37
35 41 11 45
2 37 18 29
17 39 23 30
45 32 38 26
11 10 47 8
14 46 17 20
9 18 18 6
2 12 18 45
44 40 28 14
19 33 6 2
9 29 24 32
40 5 13 18
12 20 11 49
6 28 19 17
9 44 18 19
25 33 29 0
37 28 35 36
19 36 36 30
29 9 35 29
29 47 22 19
17 3 7 15
7 11 33 8
7 10 17 24
46 10 37 36
34 26 23 17
42 10 36 25
0 25 31 31
33 3 6 20
16 27 30 5
11 45 11 36
3 32 7 26
31 15 5 26
11 11 45 15
16 20 12 26
42 27 0 10
47 36 22 16
8 8 38 46
7 26 28 16
39 17 34 35
11 33 20 6
10 9 11 19
16 48 43 32
25 13 12 18
27 3 12 36
18 2 28 27
8 11 3 33
2 21 13 19
0 35 43 15
31 9 17 46
32 35 49 12
11 32 4 26
36 23 35 30
6 33 14 10
26 39 33 36
44 33 38 33
18 19 7 28
27 37 4 27
24 39 30 26
8 36 37 25
10 24 35 33
20 48 10 46
16 28 9 25
4 46 0 18
48 27 0 28
10 11 26 20
23 23 17 21
21 9 13 28
29 42 33 40
11 2 6 25
43 25 29 35
7 12 17 43
6 9 24 31
29 34 11 34
9 12 34 35
7 30 26 13
1 26 7 21
15 8 38 7
8 10 13 10
18 30 11 24
43 28 10 17
