50 461 13349 800
29 32 40 33
27 44 34 15
36 6 21 17
27 0 18 10
35 38 7 17
28 36 5 33
32 30 10 37
29 26 33 6
24 32 26 10
34 36 24 48
32 9 18 12
30 43 0 12
29 39 26 10
35 46 7 13
36 13 17 16
11 30 20 7
40 34 33 12
40 33 29 4
36 37 34 46
30 4 41 11
40 14 33 15
37 39 0 39
35 39 24 47
33 35 25 10
34 32 41 26
18 32 11 32
44 37 12 41
29 23 16 2
11 45 1 30
39 41 32 3
22 22 15 3
28 8 13 24
29 39 20 23
28 40 33 18
17 45 34 45
36 32 5 11
38 25 30 5
6 27 36 28
26 47 25 14
21 48 43 33
22 46 15 10
29 28 22 7
26 38 15 30
36 26 29 15
39 27 2 16
25 27 8 14
1 25 49 33
10 44 35 14
11 0 40 29
46 28 14 12
4 12 43 36
42 32 9 8
37 28 4 27
28 12 16 20
20 12 1 22
22 29 17 6
34 9 4 43
17 22 33 23
45 30 22 30
21 46 24 30
36 30 39 34
34 34 43 42
34 46 24 13
49 8 6 24
28 34 27 8
44 20 18 1
41 44 20 17
28 31 40 29
37 18 14 18
22 41 21 22
49 26 23 20
32 28 37 37
27 47 32 37
32 45 14 34
0 6 13 6
45 21 24 4
46 32 19 12
31 44 41 37
27 36 44 39
31 44 6 8
24 15 12 11
35 31 22 26
23 26 5 11
48 27 0 23
37 35 34 6
39 29 26 15
37 43 2 38
14 7 34 4
28 39 23 7
13 16 45 49
37 31 28 14
35 8 31 47
35 4 42 38
44 32 10 19
28 47 31 11
34 45 6 15
28 42 5 40
34 28 19 19
17 5 26 10
9 46 3 41
26 26 6 15
21 15 18 31
22 44 2 24
40 48 17 25
31 37 15 11
41 30 30 17
21 35 33 10
40 18 26 6
44 30 25 29
21 33 5 16
33 37 29 3
15 32 17 10
46 29 6 27
38 30 30 7
35 46 0 11
26 2 1 24
15 17 45 18
40 44 25 14
47 20 27 13
43 25 34 14
36 42 45 32
18 15 33 6
20 1 13 46
43 30 12 29
24 21 41 35
36 45 17 34
34 6 11 12
33 39 23 6
23 13 19 18
36 37 13 32
32 38 27 30
36 20 8 6
28 39 20 8
37 24 1 25
25 17 11 22
30 25 17 14
45 13 7 1
43 27 3 26
0 43 10 25
46 29 22 6
26 38 9 15
7 36 0 34
4 29 37 41
12 32 27 29
6 6 39 10
8 39 44 18
27 4 0 3
31 34 19 8
42 33 25 13
10 0 36 32
46 0 11 35
42 32 5 10
35 42 21 27
33 44 4 23
40 13 18 36
36 32 19 29
45 32 22 13
41 31 23 44
19 13 21 0
44 37 15 11
42 25 32 31
20 21 16 16
28 43 30 18
41 25 1 14
29 43 49 41
22 9 37 0
10 22 40 32
31 40 6 22
31 38 21 15
48 20 15 12
49 15 11 8
43 30 0 18
43 34 13 7
25 35 12 13
35 45 26 6
41 21 33 15
46 32 2 32
42 35 28 16
42 35 48 21
36 30 28 4
31 36 11 9
40 30 30 37
39 36 39 17
40 17 21 0
34 46 46 35
36 32 33 19
10 31 26 30
22 36 5 27
22 37 28 7
40 12 25 35
11 48 23 47
27 41 23 39
47 14 14 17
40 18 7 24
32 39 32 6
40 37 8 18
45 36 11 29
39 12 16 20
37 32 17 6
40 35 26 44
10 43 27 5
9 8 37 43
6 41 8 13
27 37 11 29
39 33 11 20
32 38 6 43
28 12 41 12
39 40 25 2
38 37 43 34
32 3 22 7
25 32 27 7
44 35 14 8
33 37 12 18
37 25 29 27
31 34 0 21
38 34 15 35
16 12 25 12
40 32 20 21
38 32 11 24
36 41 24 48
10 27 28 4
48 3 16 10
46 29 30 44
31 46 15 23
47 38 20 5
21 43 26 32
44 27 7 9
7 41 18 8
35 41 20 39
42 25 0 14
15 44 4 21
31 46 7 40
43 38 31 23
17 8 3 45
27 29 14 4
33 30 38 36
41 34 5 2
38 7 5 19
46 24 21 2
29 32 13 30
27 31 29 17
22 37 19 26
36 35 36 25
45 39 7 30
39 31 21 48
28 6 30 21
43 31 26 11
38 33 18 27
42 29 1 20
27 14 48 29
40 37 20 10
45 29 15 5
23 39 12 0
31 40 47 36
27 47 32 3
34 22 11 4
23 0 43 29
38 3 19 1
28 29 7 18
33 48 36 30
42 34 3 24
37 49 12 19
42 26 26 17
35 45 39 37
44 29 6 22
34 35 13 20
34 31 40 20
36 12 8 21
41 32 32 33
40 16 3 30
43 33 7 17
42 30 24 0
30 39 20 21
23 47 29 14
0 15 31 3
36 47 35 13
37 6 22 5
39 7 3 34
43 29 23 8
24 27 19 18
35 11 17 34
41 37 1 22
41 31 33 16
44 33 2 35
23 11 36 30
38 43 46 34
34 7 24 37
36 6 47 36
35 10 5 19
43 20 7 2
48 11 18 8
42 33 28 8
34 37 43 8
31 38 18 41
24 35 29 26
26 38 27 30
31 34 36 33
38 36 29 0
39 41 1 26
28 3 15 0
44 37 4 31
46 26 28 31
31 44 0 22
35 39 14 11
22 37 23 23
31 37 35 30
35 37 22 10
36 48 21 5
29 30 4 14
47 18 6 26
32 41 0 17
31 39 18 32
45 47 18 15
23 9 21 42
6 23 23 16
28 7 24 23
33 18 44 16
40 29 31 25
10 9 11 40
45 6 3 18
1 3 20 16
30 49 24 7
26 26 6 36
40 29 35 25
37 31 7 21
38 40 33 24
16 19 11 18
41 37 14 46
33 38 22 13
43 26 12 11
29 3 7 6
27 29 27 5
39 39 7 41
31 41 1 26
30 34 5 15
25 48 20 1
28 2 30 10
19 43 9 22
42 31 16 11
33 37 21 6
32 44 10 10
39 26 32 7
35 7 44 29
33 40 14 12
30 38 6 20
36 45 46 33
32 47 40 25
14 48 24 13
36 31 27 38
44 31 32 4
33 18 41 30
13 18 24 9
40 35 18 25
42 31 47 35
33 48 24 2
32 47 28 32
36 36 49 33
44 33 16 16
45 32 13 6
41 39 11 25
30 43 32 13
44 4 28 41
39 31 35 16
40 33 15 43
31 35 24 4
26 42 31 0
37 27 22 27
4 45 8 13
18 16 15 31
37 29 10 17
39 32 9 24
28 39 27 9
10 11 5 39
35 18 25 16
24 22 22 6
28 35 36 6
6 3 34 23
22 41 26 6
35 48 19 10
28 17 33 41
19 25 40 41
43 21 9 11
17 40 19 0
17 43 15 21
43 26 11 25
35 38 34 31
29 38 3 9
42 21 24 8
20 40 16 3
28 41 16 3
36 33 29 20
38 8 20 38
30 39 1 34
30 34 18 23
23 41 9 30
36 39 12 26
12 22 31 3
9 45 24 3
30 42 35 6
37 46 14 31
38 45 7 39
43 36 5 29
28 44 15 10
48 30 23 32
1 37 14 5
30 45 19 3
41 33 23 47
32 35 27 5
43 30 7 15
39 33 18 12
43 3 14 35
37 37 25 15
26 35 26 13
48 14 25 15
31 46 22 13
35 27 4 27
35 30 42 15
41 30 9 23
22 18 10 13
42 27 25 11
43 0 25 36
32 34 19 7
41 33 39 14
41 15 16 39
44 33 3 26
26 38 17 6
48 19 19 8
41 35 42 17
30 43 25 4
27 39 13 28
26 44 3 27
16 26 10 33
38 5 21 36
41 37 8 26
38 10 28 32
0 49 43 28
18 45 16 31
37 30 0 31
45 22 12 22
35 20 12 24
43 36 31 10
37 37 34 10
31 37 29 43
42 41 24 6
43 11 26 31
35 39 6 18
38 30 26 5
40 39 34 29
17 26 28 3
39 21 35 4
0 16 22 12
18 12 42 33
32 37 11 10
27 30 2 21
39 39 22 7
24 12 32 3
3 33 15 38
13 43 0 22
32 31 0 34
42 31 40 14
30 33 21 14
