50 221 11699 800
48 43 35 40
22 14 16 37
10 42 46 42
7 10 48 46
38 39 12 40
44 27 32 37
2 20 15 32
24 37 10 49
31 30 9 47
1 15 4 28
15 6 2 37
31 16 46 47
33 27 10 45
38 5 43 27
17 11 3 29
16 9 33 45
18 11 24 47
31 31 20 34
35 27 16 30
38 14 9 48
49 15 44 31
47 37 18 32
16 9 11 49
45 6 7 47
16 9 21 42
23 6 18 22
17 15 27 47
16 46 7 34
18 7 9 48
0 5 17 26
12 20 11 31
35 10 12 47
28 49 21 27
32 11 2 49
37 15 22 39
14 0 15 23
47 22 47 46
36 8 11 43
42 43 21 17
27 39 27 19
14 14 19 22
19 10 11 45
35 6 4 44
21 4 6 26
23 4 13 26
33 0 1 38
0 42 6 47
39 11 11 49
38 37 12 40
34 37 5 24
22 4 22 45
30 47 40 35
15 5 15 38
18 10 13 29
22 0 9 47
49 3 16 35
19 8 18 29
15 21 1 37
19 6 8 44
26 13 21 31
43 32 11 33
30 43 12 34
18 8 15 15
22 19 18 18
39 26 13 36
6 26 11 49
18 32 11 24
21 13 8 45
3 13 12 47
48 11 31 38
36 48 17 22
42 13 9 18
13 23 21 27
17 8 11 33
28 10 5 49
23 21 10 48
49 0 2 41
46 7 47 27
17 48 3 39
29 35 24 22
21 8 48 31
19 3 3 39
40 26 12 48
33 12 1 27
47 21 9 46
35 21 29 28
29 1 46 31
5 9 13 32
32 11 35 22
30 3 10 47
37 25 9 49
34 17 3 35
44 41 13 36
7 1 16 40
6 43 18 17
1 44 25 23
24 10 4 27
17 5 7 48
47 19 11 26
47 10 10 47
17 43 41 43
34 6 14 34
16 33 22 41
4 42 9 46
14 0 23 26
21 10 1 28
45 30 40 45
39 22 10 45
25 40 7 27
40 40 34 15
21 9 9 47
4 35 18 15
25 6 8 34
42 38 17 24
45 25 7 25
8 2 11 20
34 23 42 40
42 12 8 29
49 24 5 32
20 5 7 49
19 5 18 35
17 41 26 47
40 23 40 41
30 18 8 28
47 5 49 46
23 13 13 18
21 21 13 29
46 19 40 18
47 21 39 22
8 39 23 29
18 31 17 25
38 27 14 34
26 9 8 47
19 46 32 35
28 3 8 44
40 27 48 24
24 29 45 21
25 8 13 30
20 10 12 38
31 11 39 21
27 16 48 40
3 43 17 31
27 46 6 27
15 47 8 46
33 20 46 21
26 3 8 46
22 18 26 28
21 14 42 44
20 9 1 33
47 28 5 32
46 17 25 32
45 31 25 21
11 35 16 18
6 39 3 32
23 5 46 27
40 15 13 39
29 15 15 48
37 47 22 24
46 31 18 39
46 14 7 48
15 14 7 31
30 47 42 30
45 24 6 47
39 44 6 38
49 21 21 47
22 3 11 31
32 3 11 36
19 7 34 45
28 41 45 40
3 18 33 26
42 7 23 35
0 47 34 41
44 11 5 26
38 27 7 23
17 5 7 29
5 3 8 48
1 0 21 35
20 8 10 46
49 16 23 25
31 25 43 29
19 9 17 31
45 2 49 28
48 43 32 27
13 1 4 28
20 7 39 34
40 23 9 29
19 7 10 48
45 3 23 26
37 21 20 37
11 33 19 43
30 1 14 39
46 45 10 32
45 23 7 38
45 12 14 47
34 46 18 21
19 4 26 29
31 31 11 48
21 2 24 41
45 8 8 47
40 42 13 26
43 34 3 29
35 21 21 40
24 11 11 48
44 4 41 30
34 13 15 47
30 23 25 45
10 41 8 48
14 44 23 16
35 41 33 47
39 11 32 25
31 22 17 29
30 23 41 40
31 41 19 37
25 10 44 39
14 41 8 31
23 12 14 37
34 13 26 31
25 44 18 37
47 26 1 40
16 6 29 21
7 5 17 36
