50 645 11201 800
11 37 2 32
28 21 19 29
17 36 18 18
0 9 17 15
15 37 33 31
14 36 24 3
13 13 11 4
15 46 6 42
28 14 29 23
5 44 38 8
17 40 23 33
28 25 13 31
21 1 15 1
14 23 38 36
20 6 17 16
15 38 21 10
6 35 43 9
13 39 12 2
32 0 45 24
12 39 20 19
2 25 17 20
29 23 3 29
26 19 31 25
2 3 36 10
1 31 27 11
12 10 40 4
18 29 10 2
3 9 40 17
19 10 2 31
10 25 26 8
23 35 36 7
8 45 30 2
19 31 12 49
26 0 32 48
20 25 21 16
10 9 35 43
18 16 42 34
28 18 45 42
7 16 26 24
18 14 0 18
24 26 7 23
18 42 24 41
15 37 32 9
25 28 41 30
8 39 21 31
24 37 31 17
1 40 18 21
11 33 47 1
16 40 11 14
13 35 33 20
19 0 28 27
26 12 47 20
15 11 38 10
15 39 25 21
34 25 13 38
31 11 27 1
26 14 19 4
22 49 22 14
24 37 15 8
28 5 35 36
31 46 25 5
14 42 32 24
5 44 9 16
15 27 48 28
28 20 46 11
25 1 11 16
21 1 5 18
27 22 26 4
9 24 18 18
16 47 38 25
27 20 35 19
23 43 13 8
35 27 26 10
29 24 18 12
16 35 20 10
27 11 21 12
19 47 39 15
16 38 37 19
16 35 18 15
27 34 40 36
13 40 40 32
11 18 36 20
30 24 32 3
29 4 20 17
30 23 22 10
30 20 38 24
7 35 35 24
3 24 24 10
19 23 13 23
18 5 0 43
15 16 7 40
0 10 39 6
16 10 48 46
25 23 21 21
5 20 38 48
14 39 44 47
15 9 35 41
3 40 30 10
15 34 44 48
25 33 27 10
3 26 35 32
45 48 22 30
28 24 47 36
27 4 30 37
37 32 45 9
16 43 22 35
16 13 1 38
27 22 35 32
13 26 28 34
23 23 11 26
28 0 32 11
19 34 41 22
26 21 12 14
5 40 22 12
5 36 40 12
10 35 25 13
13 32 18 43
3 30 24 7
9 37 1 22
28 25 6 25
21 26 49 19
7 10 21 16
21 3 19 16
35 32 45 30
32 43 47 14
31 19 10 21
15 7 18 15
34 38 47 1
7 24 49 25
25 23 37 14
25 26 17 10
26 19 44 10
28 26 39 10
12 8 9 42
26 2 37 11
32 23 8 31
11 36 24 32
14 38 47 27
10 32 36 18
27 1 15 22
14 46 12 2
18 13 37 3
25 39 23 15
9 41 15 18
2 32 48 10
29 24 7 15
15 13 18 39
23 6 19 9
15 34 34 0
44 4 27 1
1 33 28 5
17 31 41 29
26 24 12 4
16 40 33 20
19 15 13 3
45 23 21 31
34 17 25 2
14 39 14 8
17 31 47 48
11 35 23 12
16 46 48 23
19 7 48 3
23 21 39 10
17 42 21 14
19 39 37 24
8 29 29 4
22 38 45 25
2 26 1 40
19 29 42 49
4 38 25 29
13 13 5 48
12 41 1 20
0 36 5 32
25 4 24 13
20 10 46 34
11 39 0 43
33 26 46 15
10 45 5 22
4 45 24 43
0 28 40 43
23 30 41 39
13 17 13 28
10 10 31 0
28 3 5 28
21 27 35 29
14 36 38 13
1 45 11 30
14 38 31 4
13 28 42 20
12 38 35 12
25 24 10 12
10 39 41 49
9 39 36 18
26 26 43 24
33 22 37 3
0 27 6 0
16 39 40 8
13 47 26 12
26 41 43 33
24 21 18 36
21 1 42 49
36 35 16 34
10 46 33 2
29 30 27 39
41 20 41 25
11 40 43 42
29 24 15 3
30 35 40 6
25 25 33 11
25 19 18 14
40 28 36 2
29 26 18 8
22 15 48 13
13 25 11 30
36 30 23 16
44 49 47 28
1 46 18 32
24 2 30 45
27 21 35 1
9 35 6 3
27 21 6 42
41 27 26 6
12 41 39 40
31 26 22 8
6 29 20 18
0 17 13 27
6 14 9 32
11 36 28 3
12 12 38 43
2 14 30 24
30 39 47 20
5 40 20 8
10 37 22 10
23 8 43 17
30 19 42 9
16 13 46 46
7 11 2 12
3 36 31 20
24 5 42 11
21 34 46 18
10 34 1 17
24 23 47 14
17 25 23 31
19 20 8 26
13 37 7 16
10 12 6 25
19 34 13 1
37 20 16 32
14 29 37 0
41 4 9 43
14 28 31 42
8 8 15 34
1 42 2 25
22 23 6 3
9 35 33 44
16 40 10 36
22 25 15 43
26 20 8 4
26 23 29 9
14 34 12 20
14 34 40 14
27 30 8 7
27 18 10 1
17 41 49 48
10 40 23 43
35 31 22 11
21 8 32 2
26 21 27 28
4 13 3 35
31 3 16 25
14 36 35 5
38 21 36 2
12 40 9 44
18 36 45 3
5 24 26 6
7 7 13 9
10 8 46 29
19 22 34 7
26 42 32 4
9 38 41 10
8 39 34 14
6 14 40 33
10 36 48 28
25 15 20 18
4 26 13 0
24 4 0 19
23 13 3 14
0 15 12 9
39 33 16 25
3 27 6 1
42 33 18 15
34 1 17 16
13 47 26 26
16 37 11 42
4 31 45 7
7 19 16 33
10 16 14 19
10 6 38 0
10 35 32 39
6 28 10 2
9 47 10 34
4 34 3 43
38 33 27 6
11 39 13 11
13 37 20 23
16 37 17 17
11 38 12 30
12 38 47 27
9 39 38 24
8 20 13 3
22 31 48 40
36 31 15 5
23 17 14 33
6 41 17 19
8 42 27 17
38 37 25 1
10 44 35 42
6 9 45 24
28 20 22 33
16 12 13 9
36 20 10 7
6 25 42 48
22 3 13 7
9 46 13 6
30 43 14 25
28 36 42 39
6 21 2 24
23 1 38 3
15 35 15 49
22 47 23 8
12 32 18 44
0 6 26 19
15 38 35 7
21 1 10 7
14 42 40 45
20 11 4 26
36 29 23 3
0 7 8 35
31 44 23 4
14 38 41 32
31 18 16 35
26 15 39 48
6 24 10 22
1 21 16 0
18 19 44 31
32 14 44 2
19 17 34 10
10 12 38 9
27 22 22 12
19 0 39 9
26 16 32 14
31 8 23 5
17 10 21 18
25 47 1 29
0 25 37 36
27 18 31 1
13 26 43 19
0 8 32 6
19 17 8 13
22 19 13 37
7 35 38 35
26 24 7 24
19 6 20 17
26 34 43 35
24 21 40 12
7 19 13 3
10 39 30 8
11 18 40 13
19 33 12 30
18 43 43 0
19 41 39 9
46 45 29 12
30 27 12 30
10 40 10 8
24 25 12 3
8 9 25 34
9 37 44 21
31 23 0 44
12 39 10 49
13 32 45 17
2 44 47 44
35 15 12 32
40 32 14 48
10 42 10 14
18 35 22 12
15 36 44 37
16 21 45 32
5 30 44 7
38 29 21 2
40 18 23 18
10 30 1 19
15 25 47 47
27 22 34 12
15 48 31 4
13 41 35 4
11 15 1 32
31 31 17 9
5 21 48 33
6 25 11 7
7 46 7 1
6 14 48 11
21 21 33 32
33 19 22 5
11 7 34 22
6 39 5 43
11 37 46 16
19 28 46 44
18 31 31 7
28 22 18 36
21 23 49 36
1 45 33 41
12 42 3 49
8 14 32 0
15 15 18 18
25 24 14 27
11 36 27 34
15 48 25 12
29 18 11 19
10 25 34 46
25 23 7 33
4 1 45 13
15 20 22 13
7 36 43 46
19 36 44 28
23 24 36 3
34 35 37 15
7 41 12 16
41 32 33 10
24 27 41 30
5 7 33 48
17 39 11 1
11 20 20 19
14 31 36 42
37 31 12 7
37 33 12 38
27 11 13 49
2 8 36 18
2 41 9 0
23 27 40 9
28 19 32 30
14 37 11 27
8 48 48 36
30 44 19 16
25 23 4 38
12 25 36 38
32 47 11 18
16 41 42 5
25 33 33 31
2 26 3 30
40 5 44 15
8 26 25 11
8 17 19 21
12 36 1 1
18 23 6 1
3 14 5 43
12 31 29 27
27 20 34 6
20 31 17 28
17 43 31 43
17 14 29 15
17 22 48 1
14 38 45 27
19 15 33 28
1 35 42 19
25 23 7 42
22 3 32 38
28 25 46 16
24 24 33 3
6 39 47 31
28 23 40 16
23 41 27 8
39 32 46 22
30 23 42 13
3 37 14 6
17 15 35 4
30 20 6 24
18 46 27 33
31 21 43 8
0 42 7 44
4 24 40 14
36 29 30 10
27 21 3 48
13 35 40 7
17 33 9 2
33 43 5 19
27 4 46 45
25 5 43 6
30 20 11 5
14 34 14 22
27 17 28 9
18 31 16 38
14 20 44 28
21 40 17 16
13 7 29 15
29 21 9 1
1 41 41 42
16 2 8 23
5 14 47 8
27 19 5 32
23 22 17 17
8 7 25 1
6 41 34 16
17 35 38 12
27 22 15 1
38 32 37 44
22 24 6 8
38 29 36 8
21 2 46 6
29 27 3 32
25 24 37 20
13 36 9 6
3 3 21 6
16 19 0 27
21 1 22 14
24 26 46 22
15 41 20 28
15 6 16 35
25 22 0 18
32 8 42 16
17 34 4 21
4 11 17 17
4 42 45 23
9 48 0 29
13 35 1 33
27 23 21 12
6 32 12 9
13 18 27 22
26 2 13 21
27 6 22 17
32 2 35 10
13 38 16 12
18 43 39 17
15 7 6 18
20 12 29 35
25 1 6 30
1 22 17 40
16 42 34 8
8 39 20 0
4 32 43 18
20 6 10 6
10 0 30 42
42 34 3 44
19 46 43 6
13 38 28 11
31 22 27 21
43 28 18 16
12 35 3 20
9 13 38 10
6 14 19 35
5 47 17 19
25 25 35 34
25 9 9 28
13 41 13 20
26 0 29 9
38 36 17 3
25 26 34 41
25 21 37 26
7 35 26 24
27 43 10 4
19 22 30 3
17 5 38 28
7 37 44 8
1 36 32 26
16 33 12 17
9 24 21 10
40 26 5 24
29 24 7 5
33 22 28 10
25 26 14 4
21 30 26 0
24 28 14 8
29 24 37 48
13 24 6 9
11 25 21 49
20 21 35 39
19 48 41 1
6 39 38 25
20 0 43 16
20 15 17 21
11 39 22 16
2 42 10 11
14 15 6 35
2 40 4 17
25 46 19 8
19 25 13 1
6 3 26 30
10 35 7 33
8 44 22 18
28 24 22 6
30 26 45 38
28 21 33 12
22 46 24 5
9 18 0 31
10 40 37 7
10 6 14 9
20 11 49 8
36 25 39 42
29 32 6 41
14 35 46 45
30 21 16 24
22 23 9 9
29 18 30 45
30 34 21 36
15 44 13 28
9 49 2 25
4 8 13 36
27 47 12 13
25 14 13 26
28 25 41 27
4 20 19 17
28 22 37 20
25 9 43 23
7 32 17 19
16 47 1 18
22 19 4 33
16 29 13 3
13 11 47 2
9 7 44 1
12 4 25 29
5 43 39 18
39 12 30 13
33 9 21 12
11 16 16 34
11 35 37 47
17 6 11 6
26 18 38 30
29 23 34 2
38 33 43 11
5 22 39 45
28 19 40 3
26 49 22 9
22 22 6 37
16 41 35 46
28 22 6 35
13 29 0 28
37 36 46 30
26 31 42 44
12 30 0 31
23 28 38 47
25 1 15 1
35 29 23 43
8 43 7 22
3 20 6 30
32 23 9 2
16 30 18 21
