50 123 13085 800
33 40 15 44
21 10 17 31
1 44 8 29
25 16 11 45
21 11 7 41
37 24 5 7
9 15 8 20
18 49 20 21
17 44 2 9
1 15 9 37
16 20 16 28
47 16 9 38
6 39 9 44
2 9 7 37
3 17 7 11
16 12 19 5
29 26 8 6
9 37 33 32
5 34 29 45
4 39 8 38
7 29 8 42
41 8 28 39
7 40 7 6
4 41 5 30
48 17 23 6
16 33 8 40
13 10 8 9
24 26 10 15
9 27 30 2
0 18 6 19
6 35 10 8
27 23 5 11
8 19 47 7
15 18 41 32
38 36 42 31
47 17 12 13
49 49 10 24
22 1 32 4
32 35 0 37
20 11 7 12
18 25 7 12
34 10 7 39
6 30 5 40
9 10 6 30
38 48 7 13
6 23 11 36
48 17 4 18
43 31 5 9
11 30 44 41
12 40 1 33
7 32 8 38
6 16 6 44
33 22 7 42
20 25 29 39
35 18 49 39
12 31 26 36
39 14 12 23
13 34 49 19
16 34 9 17
46 12 8 39
44 45 8 18
12 10 43 38
45 19 9 41
2 0 29 18
20 29 16 35
4 22 1 14
48 20 4 12
48 38 25 24
42 25 6 40
37 16 13 45
18 42 0 22
41 15 48 37
30 37 43 25
34 26 14 23
9 19 8 13
37 25 13 18
43 32 9 14
1 1 37 32
39 23 23 22
0 1 40 26
15 33 8 37
11 8 20 31
14 46 7 16
5 13 2 5
16 2 35 25
16 48 11 23
6 37 2 42
20 23 8 40
12 46 10 15
36 19 32 41
34 11 3 12
0 22 19 9
12 46 5 12
7 9 11 14
35 25 3 14
7 5 8 41
1 15 22 21
20 20 33 33
7 12 7 38
20 14 8 37
28 15 22 25
23 10 37 25
4 47 15 27
3 46 11 15
40 16 7 17
12 46 5 41
8 42 7 16
18 15 4 33
7 42 20 16
35 19 5 16
16 28 10 23
41 16 10 12
2 48 1 27
11 43 23 31
6 4 12 8
39 41 17 6
41 18 9 8
0 25 7 26
9 48 7 11
19 12 1 33
4 2 7 43
36 10 5 38
8 38 8 43
