50 1387 13109 800
32 13 28 28
49 25 29 23
36 25 13 18
2 17 5 29
36 10 25 21
41 22 17 3
23 26 11 16
2 20 34 33
43 6 11 15
38 15 44 33
42 24 2 37
38 25 41 29
49 15 44 32
42 22 20 23
44 20 8 9
16 25 20 47
36 24 21 14
44 26 38 28
39 11 30 14
35 6 42 33
49 8 3 45
46 12 38 34
37 19 46 26
12 31 46 32
36 26 7 46
42 21 46 10
42 25 30 36
18 3 35 18
37 24 12 18
18 10 21 12
46 15 43 33
42 24 18 26
45 26 47 29
49 21 16 20
39 28 13 25
45 25 24 2
9 1 30 28
48 18 5 13
40 8 46 40
40 43 5 33
41 14 36 32
10 4 12 19
16 16 37 34
47 11 8 18
40 14 41 32
48 24 39 26
24 13 16 10
37 40 45 32
37 4 11 44
39 14 14 25
5 30 12 16
42 18 28 40
43 4 14 12
9 8 10 42
40 22 47 24
13 6 27 10
47 15 43 33
1 26 3 7
43 27 44 31
37 17 14 20
39 5 28 42
34 10 39 30
36 24 45 33
31 13 43 28
21 25 17 18
36 28 41 29
15 8 43 36
45 25 48 1
42 19 32 27
44 10 14 15
41 26 36 20
43 11 5 12
14 22 29 29
21 23 46 31
47 22 13 10
38 27 37 42
40 24 7 19
24 8 12 12
17 3 41 35
39 29 48 40
48 25 41 35
43 6 20 21
39 23 7 12
43 29 28 15
41 13 14 30
7 9 38 16
21 24 29 34
38 21 37 31
41 21 11 16
17 9 9 46
44 9 32 38
17 0 49 37
32 16 48 35
19 8 32 24
11 5 16 18
39 22 39 29
45 15 41 35
16 32 38 32
9 3 28 38
37 27 40 30
49 14 21 1
5 1 16 1
17 47 44 22
6 2 47 12
45 29 2 26
41 31 28 30
18 30 16 33
46 25 45 2
46 4 5 24
29 14 37 27
42 29 3 13
2 41 19 41
19 18 6 48
17 20 41 33
40 7 43 15
18 4 15 22
47 20 10 33
11 6 0 16
36 12 8 20
29 16 15 28
45 10 36 49
46 44 48 32
11 10 24 0
40 20 4 10
41 27 3 20
36 22 17 3
38 13 31 13
40 8 11 17
24 45 43 29
13 29 0 42
44 8 25 46
37 26 18 46
5 13 32 46
17 18 34 3
19 33 11 41
40 4 3 25
34 16 21 12
16 3 9 44
39 7 19 27
39 29 10 17
10 5 11 44
34 5 30 15
15 29 41 19
11 1 43 31
48 1 47 19
32 21 37 35
46 17 30 48
5 5 25 13
43 26 12 19
44 26 22 9
9 27 12 30
17 26 39 14
48 24 45 33
43 28 45 17
42 21 24 21
45 14 4 45
5 11 22 39
44 26 11 18
6 3 19 23
38 19 16 16
36 14 18 25
45 9 41 30
5 6 38 15
3 14 30 17
14 6 36 22
42 28 20 3
0 33 39 18
9 9 35 44
0 19 42 25
39 26 36 16
35 16 14 37
35 24 21 23
36 13 25 45
36 8 10 10
25 32 39 29
33 10 41 29
48 26 27 37
43 20 32 31
40 20 18 39
5 21 22 21
41 29 14 41
48 20 28 27
23 10 8 18
42 24 2 30
42 24 15 22
39 24 38 32
7 7 14 5
42 22 8 17
27 31 42 32
40 16 42 30
33 12 12 46
43 25 17 16
17 19 15 41
44 24 35 31
6 18 25 47
19 21 42 29
44 7 41 43
11 6 18 4
41 13 11 29
42 25 7 37
49 11 0 35
42 21 46 33
27 2 14 20
21 18 19 43
44 25 26 2
26 11 39 34
14 23 42 3
45 18 16 28
36 12 18 8
48 16 7 40
14 3 47 25
37 22 40 17
13 9 23 35
41 29 4 46
31 0 41 32
36 24 28 26
39 24 14 15
45 3 32 49
48 23 14 44
46 24 31 30
5 13 38 33
11 39 39 33
46 24 45 34
39 19 44 13
22 38 39 8
36 17 39 14
47 20 32 18
29 3 31 25
43 23 38 36
34 22 25 0
40 23 8 42
10 10 39 29
36 16 12 39
44 7 43 31
38 0 43 32
36 15 41 28
39 20 22 33
12 4 10 33
6 31 29 15
45 23 7 17
9 4 29 35
41 20 29 16
18 8 6 47
43 19 3 44
43 27 27 29
22 31 6 43
8 9 26 18
21 27 10 43
40 11 36 27
45 20 17 46
44 29 30 36
46 27 26 44
42 22 13 10
48 8 14 10
36 24 21 41
12 38 0 32
18 10 28 9
41 4 30 36
40 9 39 29
12 17 45 29
43 20 2 22
46 0 17 18
3 3 28 18
41 27 5 30
33 3 42 27
33 25 28 20
48 22 37 2
36 29 45 19
43 20 13 36
10 8 28 25
45 27 43 32
40 21 49 18
42 23 2 25
45 1 16 37
37 29 44 29
48 15 24 12
21 14 38 30
12 9 13 32
37 23 22 25
40 13 7 36
44 25 48 8
35 28 30 19
39 19 27 18
49 35 32 32
14 17 23 36
16 7 43 35
44 27 16 36
3 2 48 28
45 5 18 31
39 10 38 29
35 21 9 18
19 27 11 40
12 1 28 10
38 3 44 27
45 1 12 3
36 22 45 28
9 8 18 31
6 6 27 6
15 5 32 23
44 32 22 7
42 25 46 27
44 10 13 41
37 13 18 26
42 19 12 43
48 16 19 3
46 23 46 33
11 4 40 27
19 10 26 18
41 24 2 14
23 35 18 32
3 31 13 42
17 5 49 24
37 25 13 9
20 14 16 37
24 15 36 28
9 6 27 0
11 34 5 17
1 22 44 29
47 35 36 43
41 27 38 2
44 22 22 42
44 28 13 18
12 14 19 32
7 2 6 23
7 22 40 29
41 19 43 30
33 29 26 9
48 0 42 27
9 2 13 16
43 20 29 40
37 23 15 33
45 17 44 40
13 5 8 48
38 28 27 37
34 44 16 5
10 2 38 33
47 18 40 12
8 39 9 12
40 28 40 19
43 4 33 26
38 29 16 21
9 5 41 34
8 12 14 9
39 18 21 19
32 22 16 13
42 27 9 13
37 20 6 21
36 32 25 12
49 15 25 22
7 8 9 13
17 40 11 25
30 8 16 31
49 18 40 29
46 37 27 39
46 25 44 17
43 22 37 41
3 12 30 31
2 5 2 44
39 6 46 26
7 35 7 24
42 22 38 32
38 32 7 17
41 22 43 28
43 28 17 42
39 21 24 47
35 10 0 37
11 15 18 26
40 26 10 5
38 13 43 32
42 19 20 11
49 18 12 36
40 24 10 19
5 21 32 29
41 33 38 2
42 26 18 29
3 8 5 12
40 20 24 40
10 1 40 19
9 32 16 36
32 13 26 12
39 20 18 7
41 7 16 24
42 8 17 43
24 20 27 40
47 33 26 36
44 25 12 17
43 20 16 16
40 1 36 38
46 19 11 8
6 3 11 0
31 3 39 31
46 16 23 48
37 19 11 33
43 28 26 37
49 22 12 16
38 24 47 10
47 4 42 34
34 7 18 47
44 27 31 36
41 18 22 1
12 10 2 38
43 29 41 32
15 4 3 1
6 23 46 27
47 23 13 41
39 20 14 20
19 42 45 29
16 13 39 35
41 20 4 12
18 27 25 5
40 0 18 18
32 21 42 27
42 28 8 0
41 28 5 15
42 35 39 21
16 9 18 43
2 29 35 30
43 14 37 33
44 27 40 31
36 29 46 32
31 19 11 30
47 2 19 20
15 3 41 27
39 25 14 17
45 22 43 30
48 10 26 40
3 22 41 14
38 20 3 31
44 18 32 22
46 24 10 44
17 20 27 16
47 22 9 24
46 12 16 18
12 5 41 29
9 8 24 23
13 43 39 35
47 4 6 12
10 19 16 13
14 6 21 36
19 23 39 3
33 11 33 37
41 4 12 5
32 24 2 13
30 16 17 35
46 7 35 36
2 21 17 42
12 46 44 31
6 0 18 19
41 9 19 20
36 24 5 18
45 26 8 11
43 20 3 40
21 28 10 24
16 22 13 40
33 23 10 33
18 26 23 4
8 0 24 23
47 13 3 44
38 27 49 23
36 27 34 45
46 8 18 42
15 1 42 36
45 26 41 29
37 20 32 8
33 5 24 18
39 24 21 40
45 18 17 44
33 6 22 32
41 27 27 22
43 7 30 17
33 28 21 22
9 6 27 11
38 0 21 32
30 25 42 12
41 26 16 30
45 36 2 43
29 13 15 20
44 8 43 20
41 27 35 31
40 13 45 33
34 13 32 35
45 7 15 21
47 5 40 21
42 24 0 14
36 24 41 28
2 18 40 28
38 22 32 22
37 17 39 30
40 24 29 46
38 5 23 16
8 8 47 32
28 24 4 46
35 11 24 14
16 26 47 9
37 30 16 29
49 16 26 31
8 6 15 21
7 20 45 2
46 28 37 16
40 21 18 4
38 35 23 8
48 19 13 38
10 17 43 30
44 30 21 1
42 24 24 16
42 19 21 36
42 23 15 39
49 20 32 1
42 18 36 35
26 21 15 39
43 26 29 36
16 20 29 14
13 25 29 26
43 4 36 29
42 18 17 12
30 6 10 18
43 6 41 29
46 29 14 6
1 28 22 37
40 27 32 41
46 13 32 31
8 25 38 19
46 5 25 0
42 7 16 22
11 5 31 45
42 7 16 41
48 10 25 34
48 16 47 20
25 21 26 8
3 35 15 24
40 13 11 43
46 4 35 34
41 13 28 33
37 26 43 24
47 13 15 44
21 38 27 15
37 0 38 26
40 29 23 37
44 31 3 40
29 37 0 49
18 26 48 29
46 19 36 29
48 3 37 23
43 23 15 18
44 26 24 27
16 10 27 27
39 24 18 28
43 24 7 19
3 30 6 40
4 37 12 43
41 28 45 14
47 34 48 28
31 13 48 6
48 16 47 7
40 18 46 27
37 32 3 23
42 22 18 4
43 26 43 31
34 10 38 30
9 1 30 9
41 7 30 7
49 10 6 32
42 8 16 19
38 11 15 19
40 24 12 27
49 28 4 6
45 17 13 30
47 25 24 7
22 30 43 31
45 7 28 23
44 14 42 34
7 22 9 9
15 28 43 16
28 15 20 10
23 0 5 11
49 20 17 40
41 8 38 15
48 19 18 27
28 19 11 31
49 15 40 30
49 28 30 41
33 15 1 13
40 23 47 26
41 14 46 32
3 9 9 20
39 33 43 34
14 5 44 43
19 0 42 28
18 35 16 24
40 20 17 13
10 13 44 12
39 22 45 30
37 16 36 48
36 32 28 0
48 26 40 33
36 30 13 14
40 31 40 19
37 7 33 36
37 13 34 20
41 29 44 37
42 30 38 28
7 15 42 31
27 2 11 17
7 34 33 2
44 27 15 11
41 26 12 14
39 14 21 35
9 4 6 13
40 23 11 15
49 27 46 33
9 22 38 26
10 8 26 5
42 24 15 34
10 1 21 42
49 14 46 36
43 25 34 34
45 23 8 0
47 5 17 37
43 1 15 46
39 9 47 16
47 1 30 24
45 8 31 3
32 14 46 34
41 6 4 13
10 4 39 13
32 11 39 21
36 11 11 43
41 34 47 14
8 8 37 22
41 20 42 24
36 21 6 20
44 20 25 18
38 45 31 17
36 12 40 31
37 23 26 7
12 21 9 14
41 24 41 33
4 24 16 14
36 16 10 34
42 21 13 48
38 26 39 36
42 10 28 8
44 24 41 29
18 7 26 33
39 3 26 27
39 10 23 10
34 44 15 6
41 25 44 34
40 17 44 33
47 5 12 18
35 2 46 30
44 24 13 12
38 18 34 6
38 21 41 31
15 2 31 47
25 17 5 26
8 27 27 10
20 40 49 40
9 5 10 17
29 13 43 31
23 42 29 48
43 20 8 34
38 10 27 38
16 2 5 15
41 3 23 9
23 18 29 1
44 1 13 18
21 45 28 23
45 24 6 4
14 33 20 7
45 19 16 10
36 24 12 21
44 14 30 5
47 16 27 30
13 12 30 44
43 24 8 20
3 26 12 46
43 17 46 32
46 23 28 26
46 34 38 31
39 12 11 10
37 32 4 36
38 22 12 15
39 14 23 49
42 24 26 1
33 34 40 37
46 31 44 16
33 9 12 38
26 1 36 23
41 11 23 44
47 21 38 31
47 28 28 9
0 24 17 42
17 4 43 29
3 13 40 27
49 41 10 46
42 23 8 12
43 16 7 40
3 37 16 16
41 25 22 13
30 3 10 23
45 25 42 30
40 4 23 39
48 16 10 3
37 24 3 0
38 28 32 37
42 9 46 33
39 15 29 10
43 13 39 22
27 8 16 41
40 0 12 15
44 11 18 19
43 23 48 11
42 27 29 31
8 2 7 27
41 19 18 16
44 20 41 30
45 18 10 39
44 25 13 10
35 17 12 43
43 20 27 47
7 5 16 20
44 1 43 30
40 13 44 36
49 0 41 44
6 11 39 29
11 36 10 0
46 24 40 30
4 42 41 3
44 23 10 38
12 39 16 21
14 19 37 10
42 27 29 25
43 27 0 28
16 19 18 4
48 21 6 20
35 21 35 6
16 2 8 46
11 6 36 29
4 29 43 28
37 14 13 9
46 22 6 25
39 22 28 30
42 30 35 30
49 15 20 22
38 33 44 31
42 29 12 22
40 22 26 4
38 25 19 4
5 7 43 27
33 8 48 9
44 12 34 21
40 21 11 14
2 13 16 45
41 2 44 24
49 20 46 13
21 22 9 26
20 49 47 32
12 7 41 30
14 1 17 34
29 3 43 28
36 6 40 35
40 24 31 44
34 10 8 18
40 23 24 19
38 23 42 43
16 2 25 25
47 18 9 19
47 20 17 8
18 17 25 16
40 23 44 28
49 31 14 27
10 37 18 31
46 24 35 40
16 11 15 22
17 8 39 47
20 28 38 25
41 22 40 29
3 27 45 8
31 23 29 15
14 15 42 33
45 27 15 10
43 8 3 40
34 25 39 33
35 19 16 27
44 16 28 21
45 22 28 26
43 19 4 18
44 30 42 33
0 25 3 49
40 24 39 28
37 24 41 32
43 25 18 15
47 21 40 31
18 39 12 15
33 35 3 24
45 5 41 32
47 34 15 29
41 25 21 23
39 9 47 28
43 27 8 19
34 0 16 41
36 26 27 2
40 18 16 44
39 27 42 29
48 9 30 0
32 43 11 13
10 47 7 19
7 4 16 21
44 23 42 33
43 22 47 30
34 25 40 7
44 26 32 28
46 20 36 39
47 21 30 10
47 2 20 26
41 3 39 30
11 6 46 33
22 1 12 41
42 21 3 19
8 5 36 3
7 11 22 12
49 17 42 29
10 28 27 11
33 21 42 34
48 11 26 40
15 33 16 17
33 17 39 11
10 6 49 17
7 19 43 27
47 27 32 32
46 13 18 1
33 28 10 11
41 25 29 23
33 20 5 39
42 25 19 18
49 30 1 27
20 22 19 45
38 31 30 47
47 6 2 39
44 24 43 30
44 29 39 25
38 17 25 29
10 9 14 36
42 31 40 34
47 11 35 1
39 15 42 38
44 30 15 20
45 25 40 33
39 23 7 44
36 27 6 10
41 23 36 41
46 24 24 10
13 12 16 19
36 26 11 45
9 2 4 48
17 10 29 7
34 17 1 11
10 6 42 25
49 26 3 8
11 31 11 41
34 24 15 38
48 33 12 5
39 19 40 29
6 3 15 44
32 13 18 0
36 21 39 29
8 7 32 9
18 5 7 26
37 2 44 33
40 0 21 42
40 24 36 4
28 12 42 39
48 38 16 42
46 13 42 36
2 4 8 37
27 21 48 31
46 15 12 20
5 43 35 17
12 9 12 40
6 9 37 5
9 3 33 27
43 4 16 23
26 30 45 32
9 18 27 3
19 38 48 37
23 32 18 5
21 28 11 12
49 12 16 45
2 11 30 46
46 24 11 20
35 24 3 1
45 15 7 15
34 20 16 16
11 15 12 38
49 1 26 37
42 27 40 14
25 30 42 28
34 23 15 22
45 11 6 18
7 12 28 46
27 4 36 29
36 8 8 11
36 33 33 28
47 8 44 32
38 31 28 30
30 10 11 16
7 26 22 22
15 26 38 13
45 31 2 36
9 7 4 44
46 21 10 5
44 20 6 33
49 4 44 28
4 14 18 10
38 20 14 16
17 0 41 20
16 5 5 5
5 8 22 7
17 5 49 2
7 5 41 31
18 29 37 28
40 24 45 32
46 8 19 34
32 3 10 7
43 22 45 12
10 12 16 37
48 14 7 36
48 26 13 2
41 22 12 29
45 14 5 45
42 4 23 15
39 24 19 3
2 10 23 24
12 37 33 38
41 24 36 9
20 36 42 37
30 6 28 44
29 12 24 0
9 1 16 43
20 23 22 9
6 31 26 35
24 11 22 49
42 22 41 32
2 22 17 26
13 7 11 13
45 19 15 32
1 27 42 31
36 24 44 29
18 28 27 9
38 26 18 35
41 24 48 26
14 9 35 27
11 5 22 19
16 9 12 14
31 30 42 19
10 6 33 25
43 10 1 20
1 26 21 11
43 9 31 31
25 2 20 3
6 19 5 7
37 18 38 33
46 22 27 7
2 40 12 2
9 7 31 19
14 7 45 27
39 21 9 20
39 34 39 5
45 22 11 25
5 5 39 24
10 20 40 25
13 8 20 23
41 23 41 31
4 3 48 29
40 1 37 32
11 8 35 26
12 10 27 35
40 28 31 14
47 8 41 8
41 8 34 32
43 20 15 9
14 23 3 35
8 34 4 8
17 2 41 32
10 6 30 40
41 32 20 38
26 0 5 44
47 27 13 5
46 0 42 40
16 6 14 41
4 17 1 2
46 17 44 8
40 21 4 34
13 1 5 10
42 14 29 45
43 22 45 19
47 4 43 16
41 24 36 27
44 20 20 19
1 26 15 21
35 25 25 0
47 17 26 2
1 21 31 8
49 26 6 5
40 19 24 13
34 3 8 46
39 12 1 18
30 9 12 46
9 1 43 35
44 17 32 11
0 13 9 12
38 31 43 39
34 17 16 42
11 8 46 27
41 22 32 2
38 12 13 32
37 22 10 39
47 24 3 9
13 14 46 1
41 13 33 35
40 25 44 30
46 26 24 9
11 7 17 45
47 28 18 4
43 7 2 16
37 25 5 27
38 24 35 1
43 15 5 18
34 13 28 18
42 20 38 9
36 6 41 33
41 20 23 9
41 30 17 44
5 6 45 33
28 4 34 11
36 11 33 32
45 7 42 32
8 7 26 28
24 19 41 10
43 19 44 1
43 14 10 39
29 13 10 16
45 11 37 29
39 21 11 7
7 0 28 27
42 16 20 44
33 21 44 31
12 22 32 33
39 16 24 29
40 3 3 12
17 26 10 10
27 35 49 27
20 9 3 43
44 3 37 22
25 20 6 43
44 19 41 24
44 7 35 40
30 12 26 37
37 31 12 16
41 1 23 2
46 18 8 13
11 5 6 32
40 21 13 2
39 7 6 20
42 21 25 18
25 4 13 42
25 44 39 26
39 6 42 30
38 27 11 18
7 26 43 33
37 14 13 39
45 20 16 35
20 10 48 17
27 31 8 47
43 24 49 32
42 22 16 40
42 25 36 2
42 27 47 21
33 15 9 32
42 29 47 30
19 5 12 15
39 19 41 26
14 15 15 30
49 14 48 29
13 11 15 33
13 0 39 40
36 24 29 11
41 25 43 29
37 22 19 43
27 3 7 7
42 24 4 49
39 14 49 1
41 27 16 38
26 15 15 39
17 22 23 22
46 18 0 16
35 22 9 17
14 7 4 47
14 15 33 1
15 25 33 30
25 16 29 26
42 23 21 47
15 20 1 37
35 14 8 46
31 36 25 11
7 22 43 32
43 17 10 17
13 12 7 20
49 26 1 1
39 12 22 30
8 23 43 9
46 15 4 41
44 1 15 28
44 24 42 37
7 29 12 13
43 27 28 2
47 30 25 17
42 21 41 32
37 19 19 4
32 21 1 18
27 33 13 12
12 6 33 17
29 15 5 13
38 8 43 24
3 12 13 7
18 12 9 38
31 8 24 3
40 30 30 30
23 9 22 39
32 26 9 42
46 19 32 40
40 8 36 27
11 8 37 36
46 37 42 28
42 19 39 17
39 29 3 20
13 26 12 16
43 30 36 29
41 4 1 27
17 16 26 24
43 23 44 27
10 9 42 27
9 33 45 5
45 14 28 30
1 12 37 29
2 27 22 35
9 16 3 22
41 14 25 16
31 10 35 34
48 3 6 15
42 26 24 8
6 4 30 26
42 24 4 46
39 14 26 37
46 11 25 12
36 12 12 17
33 27 12 14
42 28 43 34
43 11 26 21
36 6 38 28
9 8 13 29
43 22 15 15
39 30 14 5
39 28 26 22
42 26 16 13
25 25 39 34
44 22 10 19
47 27 13 21
36 30 30 5
48 33 27 16
45 6 17 15
39 16 42 38
41 19 4 30
12 5 38 36
43 24 26 35
37 0 24 42
40 19 20 45
30 12 37 28
16 1 5 13
36 19 36 41
36 1 21 45
40 25 26 11
48 2 42 29
7 36 43 31
6 4 29 31
42 23 23 16
23 10 40 0
35 21 45 27
33 5 39 14
39 11 14 8
38 24 43 30
19 5 45 29
41 29 6 29
40 21 29 22
39 30 20 44
46 31 8 42
41 24 27 22
38 22 46 23
43 18 43 30
47 31 41 45
9 8 7 36
47 18 9 43
12 2 12 33
45 22 18 27
15 14 18 20
37 23 36 31
46 20 10 12
43 21 20 0
48 6 7 41
44 28 23 49
45 25 37 49
13 8 15 15
9 28 36 6
44 9 10 22
49 10 15 45
49 24 8 2
44 29 14 42
39 27 12 40
45 19 9 19
38 18 10 17
39 11 9 14
40 28 25 2
45 7 23 47
37 28 39 40
45 14 43 33
14 3 10 10
9 7 26 20
38 21 43 33
41 9 27 6
14 8 19 30
26 6 32 9
38 5 21 24
43 23 47 20
42 18 14 20
14 1 35 1
37 12 41 6
45 20 0 25
48 16 42 26
44 27 36 18
37 24 19 21
44 29 39 36
48 29 49 2
48 16 22 11
44 26 6 18
46 2 41 22
0 2 42 30
38 23 21 32
0 14 33 34
43 13 10 44
13 31 45 27
10 18 16 36
35 23 15 6
43 42 20 35
33 1 40 16
47 7 16 39
47 27 19 17
41 10 41 32
49 2 29 17
41 19 35 39
35 2 39 34
41 22 10 43
40 32 10 1
44 27 40 23
46 26 4 28
11 6 20 42
37 8 10 46
39 23 42 16
33 18 42 25
36 28 19 26
24 48 20 49
41 23 16 15
37 10 9 10
42 9 21 27
13 9 41 30
43 19 25 6
34 16 14 42
13 9 7 46
29 19 40 33
49 22 35 15
44 1 15 24
3 2 9 14
46 9 43 28
42 26 2 43
14 20 45 31
38 17 30 37
36 22 45 28
40 36 44 28
38 27 11 38
38 16 41 29
42 7 10 7
42 22 16 32
23 20 29 28
39 2 3 46
9 7 9 37
29 32 12 2
43 25 25 15
20 43 16 26
41 1 32 7
32 28 24 4
47 12 10 49
3 36 23 17
33 5 45 25
37 20 18 26
32 24 44 41
7 6 10 36
16 6 10 1
23 35 0 47
23 6 20 22
21 41 44 33
40 28 1 7
20 10 16 39
12 7 43 33
42 12 8 30
39 6 35 5
41 32 43 39
36 24 15 49
38 16 36 23
44 19 42 31
42 32 37 10
7 18 42 2
11 35 32 46
2 5 43 23
48 25 29 21
47 25 8 12
40 33 46 29
22 29 5 19
16 1 42 29
11 20 7 14
40 24 42 30
44 23 25 20
6 15 38 6
5 19 24 15
13 14 27 30
49 9 13 49
40 21 25 26
38 26 16 40
42 9 11 41
41 35 29 24
11 2 10 17
39 11 27 28
40 27 40 37
39 20 9 46
44 38 12 46
16 21 18 10
39 2 24 27
41 17 3 39
42 28 34 13
36 1 42 6
39 26 25 44
15 25 41 35
42 20 41 29
20 13 43 28
38 19 43 31
12 44 9 22
0 9 14 16
36 41 16 43
39 25 39 33
42 18 30 29
39 24 22 10
38 28 47 35
43 18 2 8
40 21 12 12
12 18 27 2
46 26 26 5
36 24 43 30
40 27 42 36
35 35 31 17
38 26 13 36
38 20 16 43
8 11 37 23
5 7 42 7
48 17 9 28
42 6 38 32
3 36 44 26
43 21 34 45
42 13 41 34
40 28 16 37
27 32 22 42
14 37 0 41
42 29 40 35
18 7 34 35
42 15 31 21
41 23 20 27
48 17 23 37
42 44 26 26
39 9 15 42
