50 343 14916 800
14 9 45 38
45 0 45 29
44 11 49 48
26 2 48 13
11 41 38 14
9 29 47 34
36 4 31 16
15 16 47 11
36 10 17 36
47 23 44 44
46 40 42 41
8 31 1 2
35 6 46 11
11 28 26 43
7 40 32 47
2 13 18 35
24 30 15 36
42 11 28 20
35 3 29 43
24 14 39 36
24 24 33 44
13 2 27 49
40 41 28 46
33 24 38 13
18 3 24 46
40 9 20 43
5 45 42 45
45 2 44 39
37 21 16 30
33 38 18 33
29 10 15 35
19 29 34 11
24 28 15 36
32 29 41 48
44 16 17 35
9 24 16 33
36 20 42 38
30 5 23 4
25 33 34 13
33 18 37 10
46 10 28 48
17 21 16 33
43 22 38 14
10 20 41 1
17 47 2 24
28 46 41 41
44 39 19 36
33 23 17 35
27 29 13 35
44 16 40 46
30 21 17 34
36 18 19 33
0 27 35 2
46 8 45 37
15 16 18 38
34 11 6 41
34 36 34 14
35 26 16 33
37 10 27 43
24 36 16 28
14 46 37 48
22 37 38 8
29 8 49 44
48 9 36 1
11 34 29 19
7 21 24 17
3 4 36 1
8 16 33 23
44 5 11 17
31 22 14 33
25 29 11 23
40 47 44 37
20 4 26 10
10 15 43 38
39 26 36 19
36 2 37 17
32 30 29 6
15 13 12 23
27 17 26 43
36 28 49 45
34 14 18 34
35 0 38 19
33 15 33 47
19 16 12 37
38 6 0 9
35 12 31 45
25 19 38 14
45 2 42 11
46 44 28 6
28 11 45 35
17 14 37 9
32 47 45 4
19 46 34 15
35 31 28 45
8 12 28 45
11 17 38 10
33 21 48 10
47 14 22 1
9 49 15 38
7 19 41 18
17 36 42 16
26 42 16 34
7 27 16 35
31 34 12 41
43 38 25 11
49 20 32 6
6 21 44 38
42 14 49 13
10 7 25 20
29 22 19 37
45 11 31 8
33 30 41 14
40 16 29 12
22 10 45 36
1 35 37 16
41 35 20 35
42 27 27 9
17 38 19 29
16 3 19 32
33 1 29 46
36 45 18 23
32 21 17 36
42 15 29 1
11 36 4 19
25 31 14 5
8 10 45 6
28 33 40 42
34 23 30 44
24 36 47 40
38 16 44 38
35 33 16 31
26 29 8 49
35 7 20 26
16 5 38 16
40 20 24 2
24 44 16 18
40 42 37 10
22 18 45 12
32 22 43 36
48 9 30 24
37 20 18 32
26 29 19 36
17 5 38 5
9 9 25 6
18 31 48 36
40 9 18 35
18 28 35 13
16 24 45 35
46 14 34 19
29 41 48 37
41 22 34 8
2 2 28 35
15 27 28 12
37 4 33 18
33 17 29 25
47 18 28 5
27 20 18 33
36 23 46 47
13 13 38 14
16 21 16 31
24 24 28 48
11 30 46 40
29 4 34 14
39 49 18 41
15 31 30 17
13 34 28 48
41 25 16 34
29 16 34 19
19 19 35 13
26 44 9 37
29 26 30 12
45 34 46 38
14 27 29 16
27 28 30 10
22 22 27 43
22 34 29 2
25 47 31 15
8 21 49 45
33 25 46 13
0 11 38 11
30 38 8 37
21 4 16 43
33 16 48 13
19 24 12 49
25 12 8 27
40 34 19 34
12 2 19 33
48 16 44 3
8 30 32 43
24 1 31 23
11 3 34 14
22 21 19 23
29 15 15 20
8 21 41 12
30 23 23 3
3 9 36 17
37 19 34 16
14 29 46 3
17 14 27 14
9 6 32 46
42 8 24 13
43 36 33 47
20 10 28 17
17 5 44 9
31 38 49 42
22 26 47 31
36 21 29 12
8 36 17 14
23 25 20 33
2 30 46 35
46 40 37 44
23 21 25 42
46 17 35 11
47 32 20 34
15 17 20 26
3 10 15 38
6 16 40 33
42 20 24 41
41 33 36 18
7 8 16 27
42 34 33 8
40 28 47 46
8 31 41 8
8 21 23 44
33 25 16 37
14 42 42 20
29 20 26 11
10 10 17 36
34 8 30 18
24 23 37 43
31 19 18 37
48 21 10 49
15 25 31 14
39 34 22 36
14 20 8 44
32 9 28 49
9 5 30 12
31 21 3 40
30 15 32 47
32 34 38 19
30 49 28 28
25 29 42 48
14 17 16 35
11 11 27 24
32 30 40 19
42 24 36 13
19 29 20 33
0 6 30 14
6 16 16 33
13 20 8 41
31 5 43 32
38 14 17 22
25 18 6 36
10 13 25 35
32 10 14 5
28 12 37 15
39 19 26 44
13 22 36 48
18 24 2 14
39 22 25 33
45 29 30 21
18 38 29 41
34 9 46 9
14 1 46 42
38 43 32 46
42 18 13 32
19 43 12 36
44 2 16 37
39 23 37 9
32 2 21 48
31 19 14 31
33 25 28 13
31 5 42 16
37 30 26 11
36 35 20 37
4 28 19 39
30 25 4 45
34 37 6 25
48 2 30 15
5 12 46 11
35 29 42 31
11 7 4 39
6 17 28 44
49 22 29 23
32 36 30 21
13 36 17 38
28 13 28 20
44 28 13 45
47 19 36 11
9 48 5 44
46 18 27 45
7 43 49 11
18 38 34 19
19 33 31 13
27 37 37 4
16 23 36 8
0 45 13 22
16 2 46 10
3 20 27 4
25 26 29 41
49 4 35 20
11 38 39 19
7 5 19 39
16 12 18 23
0 9 3 11
9 26 17 23
33 14 15 34
31 21 20 36
27 8 7 44
1 24 9 42
40 18 15 33
21 29 33 16
9 6 19 38
43 4 28 49
20 7 14 35
2 25 17 39
7 14 40 18
22 20 15 34
35 25 19 48
36 18 33 6
20 32 23 46
36 0 7 39
27 13 39 0
5 0 15 30
28 21 34 45
20 2 37 12
34 4 20 46
32 18 39 13
20 38 46 40
36 22 19 38
35 9 15 34
48 2 40 22
39 45 3 12
27 24 35 13
24 30 33 10
26 29 49 10
35 37 33 25
36 2 44 47
33 37 30 10
7 7 30 22
36 8 40 20
22 25 30 12
32 2 16 49
