50 615 11298 800
27 33 30 45
41 13 19 20
20 32 13 26
17 3 16 41
38 28 34 30
33 38 39 17
46 38 48 21
43 30 4 38
27 17 7 10
30 32 29 24
46 13 47 1
33 21 46 22
19 30 35 41
47 13 14 47
15 18 11 13
30 12 36 17
18 25 38 24
21 30 25 14
40 21 14 40
30 14 14 15
14 13 15 38
25 10 19 18
37 36 32 46
28 12 16 9
42 20 31 42
21 19 34 11
48 33 44 46
30 13 9 45
48 16 43 32
28 32 18 13
31 16 15 0
27 35 40 9
48 35 44 39
46 32 6 9
41 37 36 45
22 24 33 23
46 36 42 10
46 35 9 38
45 41 33 44
28 25 43 23
9 36 8 46
32 46 31 24
48 12 35 42
45 19 15 7
22 25 10 17
49 37 19 41
36 44 37 48
31 6 10 1
22 31 28 37
32 21 48 24
32 11 8 42
32 17 1 11
35 36 15 9
32 27 10 49
44 37 40 46
49 37 12 47
27 17 46 25
5 19 21 14
43 15 49 11
44 45 7 7
27 9 14 18
48 44 19 19
19 22 14 16
31 9 32 37
42 41 12 4
41 13 12 39
26 10 19 18
38 20 18 48
47 39 12 48
40 28 43 17
45 21 39 29
37 27 20 9
20 35 19 17
31 29 6 32
27 15 16 43
38 33 30 31
47 36 7 9
43 19 15 40
27 15 30 11
47 17 27 32
32 32 11 27
41 14 24 22
28 12 10 20
36 26 8 11
49 16 4 28
48 36 36 25
28 38 21 16
47 36 37 47
28 11 1 12
29 35 38 41
27 37 15 10
35 6 20 26
35 37 49 21
31 36 5 24
44 16 15 15
41 35 18 17
25 34 4 46
27 7 19 16
20 30 17 19
31 24 9 23
23 29 39 31
31 31 11 8
31 13 8 29
15 28 28 6
34 27 11 34
47 35 39 48
28 13 8 11
37 39 6 38
44 39 34 14
45 15 10 19
20 22 49 3
24 27 21 18
45 22 4 16
25 44 35 48
30 13 11 46
40 37 44 27
29 12 8 45
22 21 17 25
26 29 33 40
27 25 44 22
49 35 44 22
31 35 20 18
47 35 6 33
36 39 47 26
39 42 45 23
45 18 6 44
35 39 17 6
45 38 37 8
20 40 49 6
27 17 36 25
28 28 33 5
33 16 22 18
25 22 36 46
40 41 42 26
38 21 31 30
40 40 4 35
30 14 16 42
36 31 43 31
48 16 36 47
27 32 26 21
38 30 43 11
48 34 49 1
46 37 11 2
39 42 5 38
33 34 12 15
38 21 35 42
49 12 18 19
48 33 37 42
32 10 48 20
46 43 40 48
27 48 49 20
27 39 8 46
37 44 6 37
47 35 12 15
27 21 11 12
24 14 18 13
28 33 36 46
22 28 39 9
41 23 10 46
31 11 23 25
29 32 15 39
18 35 20 19
40 30 10 36
44 47 18 18
45 37 33 49
47 41 42 31
48 37 3 43
35 20 29 26
5 9 39 47
45 49 36 44
29 43 39 47
29 11 2 7
11 9 12 49
27 11 31 10
31 15 24 11
47 13 24 21
29 8 38 48
37 39 40 11
45 33 24 26
17 30 42 34
29 32 17 18
23 21 13 18
25 18 45 26
36 26 46 24
33 23 33 17
29 14 15 4
45 41 48 36
46 36 24 12
48 31 19 15
46 40 11 4
6 25 21 38
31 13 11 32
28 12 43 20
49 16 16 12
22 30 46 13
21 30 29 4
29 16 16 19
33 35 11 19
30 8 4 47
37 14 34 32
40 18 44 6
48 36 3 7
16 48 8 2
28 12 9 7
49 21 30 11
35 24 2 47
31 31 32 46
38 25 8 8
29 14 47 25
9 26 9 35
32 30 35 40
23 37 45 28
43 34 8 13
47 34 21 14
29 14 21 13
29 33 7 41
48 32 8 31
29 11 38 41
17 35 3 44
39 26 12 39
18 33 24 20
49 40 14 24
30 12 9 9
24 32 28 6
46 34 35 45
26 28 34 47
21 32 4 38
17 32 34 44
42 32 28 45
45 18 18 38
44 41 43 24
46 31 48 20
31 40 18 3
25 41 13 41
26 39 3 16
31 9 32 36
36 33 15 38
31 43 8 43
45 28 9 42
47 41 18 44
29 25 48 29
32 16 9 44
45 30 18 13
41 13 44 16
27 31 44 29
30 9 47 27
46 38 20 31
3 20 30 45
48 22 47 27
36 28 44 21
1 22 44 34
34 23 47 23
47 39 44 14
45 20 3 44
28 29 28 9
46 39 11 36
46 28 16 11
42 35 10 37
32 15 2 47
49 35 13 25
49 19 36 45
29 10 3 46
34 15 16 19
30 10 6 41
48 22 27 41
46 20 5 41
24 8 38 7
28 12 38 44
40 16 20 17
33 27 13 40
7 10 29 25
39 19 48 17
43 16 45 26
29 10 7 48
21 36 34 20
34 20 12 12
30 33 15 4
30 11 21 19
33 10 45 11
33 35 17 35
30 6 23 13
48 23 11 41
28 21 47 22
27 12 10 40
47 38 13 45
19 32 21 14
39 23 9 46
31 34 19 40
28 9 6 43
36 32 27 15
27 16 0 44
46 28 5 38
35 35 25 47
37 20 15 10
32 49 24 42
44 18 15 48
24 15 16 40
7 26 17 16
38 13 41 8
17 6 33 42
30 32 13 47
31 34 14 36
32 26 32 3
38 6 7 16
19 23 13 9
43 20 14 43
48 33 9 11
49 28 17 18
31 31 9 9
30 8 43 36
36 15 42 11
45 13 24 43
37 35 42 24
42 40 42 23
41 13 12 8
27 10 2 6
24 19 38 16
27 15 40 46
37 37 38 23
45 11 29 20
32 40 14 33
2 27 17 19
24 35 40 24
31 13 34 28
45 22 25 16
30 5 14 17
45 13 49 1
44 19 47 27
33 9 20 29
33 16 45 4
15 33 4 44
31 3 31 41
35 28 23 34
30 25 16 10
44 36 9 48
22 32 44 27
27 36 8 12
5 9 38 17
28 11 19 16
32 29 11 36
27 12 11 35
45 16 8 1
32 10 14 43
5 13 36 32
10 6 49 44
47 23 21 12
33 20 31 25
49 21 9 42
33 8 25 14
47 41 14 43
35 31 22 7
17 30 8 6
46 37 19 14
49 41 37 42
19 17 40 43
19 22 16 9
5 9 39 4
4 32 8 46
36 41 41 39
29 10 19 19
49 30 43 28
11 1 4 49
44 36 28 30
21 15 43 26
44 34 15 10
30 11 37 45
34 10 15 42
28 14 1 39
40 21 22 21
45 39 23 29
28 23 17 14
46 38 20 16
25 18 31 42
0 25 5 25
32 13 10 37
42 10 39 0
20 24 44 22
33 45 27 15
5 8 18 36
26 27 20 22
46 37 16 10
14 10 45 26
25 44 29 27
41 33 21 14
47 34 19 14
29 28 32 43
46 17 38 23
28 10 8 4
37 30 17 19
47 34 6 9
23 37 45 22
30 26 37 20
32 41 45 27
26 14 23 30
26 38 48 27
29 43 33 19
48 31 3 49
43 35 7 28
35 39 35 34
37 9 39 23
28 31 24 15
31 29 18 19
27 13 17 6
25 36 15 43
36 38 37 45
34 38 36 44
29 18 39 47
46 39 14 21
29 10 30 27
43 39 38 48
31 18 37 44
30 13 47 21
35 39 32 49
38 38 33 32
41 46 37 39
45 37 18 47
39 17 39 48
25 13 11 5
32 28 19 14
40 22 8 13
47 32 22 21
49 11 16 39
31 29 11 10
11 26 20 21
32 48 24 33
17 15 33 45
38 46 42 12
43 19 15 5
32 35 3 34
24 15 37 48
46 36 14 9
36 28 0 14
43 11 48 23
47 19 8 15
16 6 21 18
45 24 21 19
34 8 33 13
49 17 34 23
45 20 28 10
44 33 26 40
32 38 16 26
40 29 38 9
30 26 35 48
27 8 14 5
46 39 8 44
20 27 37 48
46 18 4 47
28 15 40 6
30 15 39 23
40 40 30 25
27 19 38 41
41 35 41 28
27 10 7 12
47 18 25 5
43 21 33 23
42 36 17 18
29 38 20 17
31 11 13 32
35 45 10 34
49 35 20 43
11 22 11 7
34 39 4 24
31 13 3 49
42 43 25 18
13 25 15 19
47 38 17 14
37 35 7 18
6 24 37 28
29 19 1 20
37 32 48 30
15 14 47 4
28 18 15 25
41 33 4 10
37 44 19 20
3 14 10 12
29 13 32 49
30 12 38 45
21 27 9 48
23 48 13 9
41 15 27 28
39 34 14 46
41 33 5 19
26 39 43 7
49 20 36 35
18 21 3 17
12 13 17 18
26 14 17 18
38 27 47 15
43 15 35 45
48 36 10 6
32 23 3 49
29 13 35 12
24 28 31 8
48 37 8 46
42 40 9 42
10 0 24 36
41 12 39 21
30 40 22 21
27 31 21 36
44 36 16 18
41 40 17 14
44 17 14 17
41 11 29 13
44 32 32 40
25 7 48 25
43 16 21 17
35 35 41 48
27 24 16 18
29 34 43 41
41 19 13 0
30 40 14 20
24 38 11 48
22 19 15 42
43 34 36 46
29 26 8 5
47 18 21 19
41 31 16 13
32 21 45 37
27 35 34 45
41 18 41 26
6 16 12 49
37 26 17 16
48 21 20 24
19 18 11 41
26 19 41 41
28 12 19 18
40 20 45 18
46 37 6 48
26 27 37 46
33 45 17 6
31 40 21 19
25 32 2 43
19 38 23 15
49 36 36 46
25 24 10 7
43 22 34 29
30 14 13 41
24 38 10 39
39 18 48 28
34 40 29 20
32 46 17 43
33 40 8 40
25 27 43 18
41 30 26 16
29 12 10 29
45 39 23 9
48 36 33 11
30 29 41 30
44 23 6 4
17 44 24 32
34 36 8 40
49 35 11 40
29 13 11 49
20 18 33 42
28 12 12 44
47 34 37 45
34 20 21 46
30 13 19 8
49 10 3 23
42 36 19 16
46 36 4 8
46 14 0 22
25 31 36 36
38 16 44 25
30 39 6 5
46 30 12 38
38 18 5 15
37 12 10 10
20 15 0 39
38 32 18 17
25 14 15 18
45 34 46 21
49 33 8 23
36 38 26 16
32 24 35 49
23 22 48 19
46 19 21 44
37 29 16 3
30 11 16 2
22 13 43 4
25 5 47 21
48 49 19 27
23 22 21 25
47 39 17 6
44 38 10 49
41 23 45 29
37 28 15 47
45 33 16 5
44 39 38 43
32 15 4 8
43 27 47 42
31 15 7 6
49 36 40 21
34 32 16 45
34 42 36 22
27 4 17 18
49 37 32 46
29 15 40 46
48 36 22 36
33 14 6 44
25 41 4 5
28 40 46 19
37 43 18 5
33 11 37 48
37 37 40 10
4 18 4 42
22 15 33 27
5 17 39 41
28 46 38 8
43 19 16 42
31 32 18 6
16 20 31 38
7 4 33 6
48 33 6 46
29 25 32 7
