50 172 16281 800
14 9 44 4
14 45 1 10
39 16 9 27
26 45 23 7
19 33 33 23
18 18 27 7
23 31 38 12
12 0 31 7
34 16 21 24
34 41 28 7
16 14 43 10
43 18 42 3
3 45 31 23
37 16 4 12
12 22 41 12
9 49 37 8
2 47 11 8
19 41 37 3
7 48 11 21
35 26 28 5
32 41 24 5
24 0 31 19
8 44 28 6
22 22 5 17
40 15 26 3
11 45 23 28
33 17 21 6
25 19 29 9
43 47 12 24
12 0 41 23
24 32 13 9
21 7 8 44
38 6 1 21
45 12 11 24
1 48 25 1
39 4 19 20
19 18 14 2
22 30 49 15
10 19 38 24
19 36 16 14
18 28 35 34
17 19 12 16
32 43 29 4
10 20 21 13
16 28 30 43
42 17 24 6
27 11 29 5
32 8 8 7
35 34 31 6
38 11 38 27
14 49 44 17
21 38 6 2
42 25 26 7
29 11 39 23
30 9 28 6
20 16 35 14
34 10 49 10
32 20 10 41
32 31 20 9
16 46 32 7
38 6 25 2
46 6 34 15
34 16 11 1
18 15 47 34
17 20 35 14
31 12 2 17
44 27 37 8
14 42 44 18
13 29 27 7
16 16 20 3
32 20 30 3
37 28 47 9
8 7 40 1
18 12 41 28
26 3 37 1
3 33 41 6
38 22 37 13
49 44 29 10
31 22 24 5
34 38 37 24
15 37 11 13
18 23 36 23
40 15 27 4
35 11 25 4
40 19 27 5
34 21 28 1
34 38 29 9
41 20 31 9
32 21 33 3
33 20 10 2
24 16 29 13
3 47 29 8
25 31 26 0
47 17 32 8
21 5 26 5
22 35 31 15
39 7 15 14
22 43 15 3
45 9 26 7
41 44 24 42
33 10 40 21
17 45 30 5
44 11 8 1
32 1 15 32
14 12 11 5
22 41 30 3
23 25 22 4
46 44 7 32
31 34 30 6
5 43 16 7
1 47 2 22
29 47 37 17
23 23 42 9
23 46 10 12
39 10 19 34
12 47 2 40
43 19 22 10
5 31 6 17
40 15 45 9
35 19 26 7
35 20 33 6
21 10 17 18
22 6 27 4
39 13 26 3
23 29 1 18
18 30 40 6
19 37 31 3
13 19 45 6
16 16 37 20
27 34 35 23
21 19 45 2
5 49 40 26
16 24 23 8
26 12 16 8
44 35 28 3
15 3 6 0
37 10 28 5
31 24 29 2
42 18 26 3
10 9 15 2
17 37 48 18
4 47 31 34
15 43 8 9
30 37 27 4
25 12 32 8
2 35 26 1
26 38 39 14
36 24 49 18
22 29 16 17
28 16 34 8
13 42 4 17
8 42 37 32
42 5 23 0
17 39 28 29
49 20 26 7
20 15 8 14
33 47 27 9
21 38 27 9
9 44 37 3
18 36 30 6
15 30 27 6
5 46 7 16
35 15 36 7
26 22 12 34
7 21 25 23
26 17 27 9
33 42 42 24
37 12 42 2
17 19 28 2
25 23 33 41
20 18 39 22
40 19 27 7
