50 51 16471 800
42 32 27 34
5 24 14 28
8 25 19 2
36 41 32 7
10 15 48 22
5 37 20 45
45 11 34 29
39 18 34 25
18 16 18 29
12 45 13 22
5 6 16 31
22 12 17 32
11 11 14 38
21 26 48 23
4 24 11 28
5 26 41 2
0 38 46 48
15 21 31 25
22 21 45 28
7 28 10 31
40 12 32 10
8 26 2 42
5 26 14 31
17 18 10 25
11 20 12 29
22 39 19 44
19 31 17 26
38 8 18 43
17 25 17 43
22 28 41 37
41 17 6 33
19 25 10 40
25 42 3 45
21 39 15 41
23 25 39 17
36 18 41 38
6 41 35 24
49 15 20 43
11 16 17 44
16 32 49 47
14 20 36 22
18 46 12 32
9 38 18 23
25 29 37 23
22 27 36 27
11 9 12 47
26 43 34 8
40 37 8 13
4 34 18 31
8 24 8 39
2 11 38 23
