50 66 18175 800
38 19 37 30
42 22 34 40
16 38 38 20
41 14 19 2
44 16 1 37
46 9 27 18
37 5 41 11
11 20 27 26
23 39 40 17
26 20 31 41
49 33 34 0
4 21 31 27
40 8 35 25
14 25 23 14
19 35 6 24
23 3 7 35
46 11 27 7
15 32 14 19
0 35 34 38
0 31 47 24
0 30 32 9
32 30 40 33
16 23 37 31
39 23 38 48
6 31 27 11
8 33 0 24
36 15 34 32
39 16 35 8
4 8 30 35
49 13 34 26
42 14 37 32
11 26 28 29
44 13 16 31
10 32 4 35
45 14 7 34
13 11 16 14
43 7 31 29
3 11 25 11
7 11 43 11
42 22 25 16
37 16 39 29
4 22 33 30
14 18 26 10
42 10 12 44
44 24 41 18
6 25 37 41
19 19 33 39
35 18 27 40
12 4 25 34
0 36 3 9
17 11 10 39
47 15 37 28
40 5 22 30
24 26 25 14
8 28 33 22
0 18 32 43
20 15 0 24
29 36 12 41
17 4 31 26
43 14 18 17
9 32 23 18
48 22 39 23
11 44 31 25
14 31 21 42
2 45 23 16
29 4 33 41
