50 854 16195 800
15 18 3 28
32 28 12 28
2 14 41 34
44 18 2 44
6 16 15 35
18 11 20 47
40 13 34 44
39 42 24 21
3 13 16 21
30 37 23 29
6 17 27 38
19 9 23 15
4 10 13 36
40 17 10 29
8 4 17 17
15 17 29 43
47 25 2 31
17 17 14 36
46 33 19 38
3 17 24 38
4 8 18 19
44 28 23 46
16 18 2 38
36 45 26 13
41 40 10 32
19 17 43 16
17 14 7 6
36 32 16 31
18 8 4 45
32 8 1 23
38 46 5 26
5 10 20 21
27 18 29 32
40 14 13 5
18 16 29 29
26 33 2 36
1 25 1 47
10 12 46 16
12 17 9 13
45 10 11 7
18 16 0 42
14 16 2 35
37 16 44 26
16 17 6 35
36 9 5 8
8 13 22 46
20 23 49 23
27 24 13 18
12 10 21 25
7 0 38 43
43 34 20 14
17 14 14 21
6 20 24 17
28 37 22 34
17 18 30 34
15 14 21 43
19 15 47 8
14 13 22 16
36 35 21 11
18 13 6 38
45 28 21 21
37 7 8 48
46 41 40 22
45 17 23 22
18 13 11 34
14 19 21 49
34 30 33 24
8 5 13 20
45 37 22 27
10 9 18 21
43 38 23 46
47 30 18 9
48 39 18 21
10 27 12 42
33 43 15 33
38 19 22 22
10 17 27 36
43 32 27 41
14 14 5 29
43 17 9 43
33 46 5 40
1 16 27 45
13 20 16 16
29 17 16 20
25 24 6 47
33 45 3 39
15 13 10 17
34 22 16 19
40 30 38 44
33 13 14 20
12 14 18 32
45 39 26 41
16 13 43 29
3 12 14 15
19 14 1 47
28 25 48 17
22 18 17 19
38 1 1 44
13 21 5 43
30 33 38 1
36 18 41 46
15 13 2 48
19 14 40 18
3 9 18 20
46 16 40 19
16 15 16 20
16 14 27 34
22 28 32 35
43 36 43 28
34 16 8 27
44 28 28 22
44 16 4 12
42 10 7 15
21 16 28 5
48 32 22 30
31 32 17 11
39 40 3 28
10 5 17 23
23 44 20 6
31 26 41 25
4 21 0 31
43 8 16 23
5 8 43 42
24 5 2 48
25 37 21 23
28 17 45 4
47 35 6 34
35 46 24 46
48 49 12 34
29 15 4 41
0 28 15 29
19 30 17 35
14 26 2 39
22 25 12 27
22 18 9 42
49 27 30 46
44 22 19 40
48 43 35 42
16 14 20 47
24 24 19 20
18 16 6 39
45 28 15 32
49 45 13 21
31 22 7 41
47 37 16 38
26 23 16 31
8 16 30 31
2 0 1 44
5 20 19 23
43 32 5 38
40 34 7 27
47 4 42 19
48 48 29 14
36 33 28 15
32 29 25 19
24 10 32 15
28 20 24 46
19 17 17 27
20 15 26 32
3 25 49 17
2 21 20 21
28 21 24 41
9 8 6 38
35 34 43 38
38 7 1 43
3 14 24 36
47 3 10 35
46 23 16 22
23 33 23 16
12 25 12 30
38 38 7 36
14 18 33 0
23 27 15 20
8 11 33 24
19 4 49 42
31 39 26 42
46 40 13 20
10 20 17 23
17 1 9 26
19 14 25 23
14 14 8 10
26 34 12 23
33 34 45 39
3 33 8 11
14 12 0 18
11 16 0 26
10 11 36 19
37 31 7 38
44 46 15 21
27 20 46 48
13 21 39 10
7 16 10 39
37 33 17 4
47 33 13 42
31 20 41 9
40 38 21 49
43 38 17 36
49 17 38 25
17 17 19 40
3 9 13 22
29 3 9 29
10 22 11 14
13 13 18 29
1 10 17 12
5 15 45 16
18 19 36 15
44 22 42 43
8 44 13 3
0 7 3 17
16 16 26 20
30 33 14 21
14 10 32 16
12 11 12 46
8 22 35 40
22 21 17 41
37 33 34 37
8 5 12 24
7 11 31 12
45 47 15 19
47 41 35 21
18 12 18 44
4 17 23 48
38 11 13 3
46 36 36 12
31 47 16 47
34 21 42 28
10 11 10 33
10 20 12 0
39 41 11 41
39 7 15 35
16 4 42 48
3 7 35 34
15 14 38 22
46 11 12 37
21 27 9 9
3 14 14 13
20 13 18 24
20 15 3 29
43 37 31 39
47 31 26 41
29 25 1 43
42 39 32 36
5 22 30 31
41 45 5 37
4 8 18 21
28 46 8 18
10 14 3 38
14 22 9 41
13 14 5 32
16 12 23 8
49 12 15 22
15 13 10 37
25 9 12 32
10 14 1 11
14 13 36 33
38 47 12 12
37 32 20 45
16 2 42 31
44 34 14 35
34 30 42 8
33 34 15 12
8 13 39 32
27 12 34 23
36 43 5 37
48 31 43 23
2 24 14 32
15 15 21 35
5 28 23 49
15 24 29 21
15 16 28 41
2 0 40 41
22 12 11 13
43 17 39 27
28 25 1 47
43 42 35 24
2 16 19 32
18 16 23 32
18 13 22 11
41 30 27 42
16 11 11 37
35 40 4 3
29 22 16 18
11 18 5 33
16 17 30 33
15 14 25 32
27 21 17 19
25 25 28 23
16 10 19 23
46 34 7 41
14 14 49 21
19 16 5 31
9 19 39 46
16 15 3 41
45 25 47 18
3 19 16 19
19 15 9 11
25 20 28 44
34 26 18 31
35 25 22 27
26 14 14 33
17 14 13 30
43 48 23 40
4 29 18 17
19 15 9 40
26 35 13 35
48 9 36 34
3 14 6 37
2 15 5 40
14 20 9 37
18 12 37 13
10 9 12 32
2 8 12 2
13 40 35 29
12 14 3 27
1 24 4 12
47 19 16 37
11 18 19 16
21 15 39 19
15 11 29 45
21 12 4 48
7 7 40 45
47 27 7 44
14 12 33 39
18 14 22 44
49 42 1 35
16 17 23 21
34 35 27 35
0 16 17 24
39 25 2 17
34 24 17 19
48 22 33 26
11 9 35 32
34 10 13 23
44 44 8 44
34 37 8 22
45 6 18 22
18 16 27 43
14 17 22 29
33 32 42 42
13 1 43 46
40 40 5 45
34 6 38 17
28 41 6 2
30 22 40 47
31 17 20 43
42 26 22 28
6 12 11 12
35 12 10 34
39 23 42 43
14 16 7 35
17 18 0 39
38 24 20 43
13 18 9 37
7 14 46 4
24 17 5 36
12 3 8 4
3 20 23 35
27 31 4 33
43 45 18 21
41 10 10 12
25 25 41 32
35 7 18 36
16 20 33 32
4 24 35 47
13 17 2 48
47 20 41 21
26 14 4 34
19 13 19 21
26 20 11 24
13 12 44 10
1 17 48 14
35 31 8 47
5 23 9 34
13 20 10 43
33 19 20 19
19 12 12 18
44 39 14 32
22 19 38 46
7 14 6 34
7 10 19 26
40 34 22 37
16 15 33 16
39 16 30 32
41 47 39 36
35 46 23 12
36 15 44 22
12 12 39 22
25 28 9 12
7 10 9 7
35 10 6 46
13 16 10 21
3 18 2 30
37 4 28 35
35 30 15 19
1 8 4 46
16 18 7 28
24 12 18 44
19 19 32 12
13 19 35 43
47 23 12 15
26 49 14 26
25 32 45 43
20 16 22 41
47 47 35 8
37 47 16 23
48 44 27 24
18 13 39 49
15 15 27 40
34 10 17 21
20 13 39 21
8 5 2 39
39 47 25 29
16 21 4 38
1 18 12 22
17 17 28 25
49 38 39 39
27 24 32 22
10 5 19 20
18 10 28 19
13 16 16 47
12 12 13 41
16 15 14 33
17 15 13 27
8 7 31 2
44 39 1 48
15 9 21 35
10 1 25 42
39 49 2 34
15 15 12 21
16 14 22 25
48 40 7 19
28 33 8 11
16 13 18 20
8 4 22 41
13 21 5 37
22 36 8 36
15 18 3 20
36 32 8 38
15 10 13 42
5 23 16 29
18 15 2 32
39 33 13 8
19 27 18 16
1 23 8 22
34 43 14 23
49 1 44 39
17 15 43 41
42 11 19 19
42 12 25 10
47 21 29 7
33 46 0 42
14 16 40 35
14 15 11 39
19 13 7 39
14 35 3 25
27 36 14 25
48 23 14 28
8 17 10 22
43 2 15 46
13 6 3 42
32 29 3 37
43 42 16 16
37 37 14 20
45 33 28 5
22 1 15 45
4 7 40 46
38 5 5 37
19 43 12 39
43 47 9 33
26 7 19 2
32 21 33 0
26 4 13 43
14 13 31 15
20 21 28 17
24 26 27 45
29 45 2 33
46 30 13 38
5 20 10 35
26 14 9 7
48 48 5 42
39 28 31 8
31 35 9 16
16 16 3 33
37 35 16 17
34 21 4 25
6 8 40 11
40 16 7 29
40 6 42 11
5 22 13 42
18 15 19 47
13 5 25 40
31 9 0 44
31 23 26 10
17 15 9 21
17 17 17 36
38 39 1 25
47 35 14 20
20 21 18 18
15 15 1 25
14 18 14 49
3 10 8 18
11 9 32 35
49 7 19 25
11 11 29 10
45 41 2 40
13 15 3 16
47 45 13 32
33 12 26 13
5 38 3 19
37 22 41 37
37 33 24 43
33 8 43 42
15 12 17 42
23 23 3 40
2 26 12 19
36 27 40 3
17 13 11 42
14 13 19 19
15 12 27 38
9 10 7 5
35 38 3 40
5 8 4 44
5 21 46 35
9 23 15 18
9 24 24 42
15 15 10 47
20 38 42 41
44 40 25 44
47 23 49 13
11 20 33 21
32 41 9 39
13 12 5 39
3 26 21 43
15 17 11 30
11 11 16 19
12 17 11 25
19 13 6 19
13 17 23 42
11 15 18 33
9 18 23 15
47 46 9 33
49 34 21 15
39 28 14 22
8 18 28 34
28 26 21 23
39 30 0 45
40 24 9 38
0 17 28 44
14 16 14 21
33 45 10 22
24 15 4 39
19 14 33 32
9 14 13 32
45 37 25 43
43 35 0 39
11 20 44 28
9 27 21 41
16 18 25 44
19 17 32 34
2 16 8 32
46 34 9 19
15 16 31 7
24 4 41 20
4 28 20 48
3 17 23 27
37 39 16 16
11 13 11 29
6 13 18 20
13 14 12 48
23 4 40 21
10 17 0 34
17 23 8 18
15 12 38 48
35 13 4 46
35 38 20 31
49 35 24 32
2 10 5 36
12 15 4 34
16 12 27 31
38 38 11 18
32 19 31 7
47 19 34 30
31 15 43 18
9 11 24 36
13 22 19 35
30 17 41 42
44 30 4 39
42 11 16 26
43 4 16 15
40 43 8 33
42 38 1 15
0 3 36 20
49 29 26 42
12 16 24 43
48 8 16 46
0 7 16 43
36 38 18 46
46 41 21 45
43 49 17 48
45 14 25 19
31 6 18 34
42 30 45 0
46 5 9 10
35 34 18 18
38 35 16 20
41 45 38 34
9 5 11 19
41 23 26 38
3 13 26 41
14 16 0 19
45 48 19 12
28 25 13 10
18 14 5 47
43 45 10 14
42 30 42 25
15 15 18 20
12 23 10 42
13 1 2 49
11 42 46 12
13 17 17 21
21 28 17 43
11 16 17 26
32 26 16 21
2 16 17 19
39 41 24 38
36 45 0 35
0 3 42 32
19 18 11 22
47 40 6 10
39 47 18 20
32 37 28 26
33 18 11 36
19 14 7 34
23 17 15 16
38 18 7 40
18 17 19 42
15 19 38 21
31 21 18 31
18 16 15 22
27 11 3 45
18 9 4 6
34 24 10 41
11 12 9 48
23 39 7 42
34 41 1 16
2 8 42 28
2 8 23 38
19 13 38 47
2 30 26 46
41 18 49 42
28 30 6 41
14 14 12 29
12 13 34 20
14 14 3 28
11 1 5 16
37 43 17 14
35 42 12 41
7 13 0 44
32 25 19 43
12 18 8 13
32 42 41 42
44 9 9 29
48 32 20 20
21 16 16 29
34 38 6 46
17 17 14 41
34 36 6 15
9 14 15 8
48 12 41 14
16 14 10 45
14 23 16 17
10 13 16 40
20 15 17 28
48 16 18 14
2 13 15 39
17 16 8 39
27 25 3 39
27 14 12 45
40 14 19 8
6 12 30 5
45 33 22 18
6 13 19 43
8 14 0 14
5 23 17 20
44 23 5 45
15 11 16 22
3 14 37 49
11 12 28 38
17 14 8 44
25 22 2 40
35 31 23 23
29 17 33 48
36 14 45 19
10 17 38 34
43 18 5 36
49 33 43 21
34 23 34 46
47 22 1 26
13 18 42 17
8 19 25 23
27 35 11 23
13 14 6 36
49 27 22 44
14 15 14 39
44 29 41 42
15 17 23 46
44 1 14 32
16 0 34 7
36 47 11 1
42 37 34 47
38 25 1 40
40 32 43 47
5 12 16 18
40 14 10 20
9 10 19 38
8 12 25 39
13 14 26 45
34 22 3 40
19 26 9 6
47 20 15 31
40 6 27 46
44 43 0 46
20 15 39 8
6 18 16 39
28 15 30 23
15 19 14 10
4 22 20 22
14 15 6 44
14 17 46 42
14 14 31 31
31 28 29 21
36 14 16 24
11 13 5 24
42 24 31 38
16 32 31 29
13 14 37 15
6 16 12 20
46 21 6 38
47 31 2 33
33 48 43 13
2 12 30 12
44 29 47 49
34 25 39 48
36 34 28 43
46 43 11 33
18 13 7 29
19 15 6 33
4 8 6 12
16 13 41 30
14 11 42 48
31 25 42 48
3 15 1 41
43 40 11 34
45 10 29 31
17 15 5 42
12 15 9 11
40 8 14 15
26 25 29 16
11 18 21 18
10 5 44 49
28 10 39 48
5 39 12 48
6 26 1 47
29 15 37 49
4 7 12 26
9 26 18 21
15 9 34 24
45 36 13 10
18 15 25 44
18 16 41 47
12 15 49 10
16 26 20 47
27 12 4 30
16 24 10 34
14 20 7 45
6 4 18 21
44 25 15 44
1 21 45 18
7 4 44 21
44 19 28 43
46 21 15 11
4 9 15 10
31 12 3 35
28 12 16 20
17 6 12 45
42 35 39 25
31 43 41 22
19 15 1 42
10 17 5 25
8 18 32 40
3 23 3 36
21 1 43 19
41 26 9 17
18 25 5 43
3 11 36 44
19 10 12 40
9 9 8 34
43 23 18 49
6 35 27 33
23 17 18 48
8 14 18 21
31 33 19 33
31 24 49 34
5 8 38 17
16 17 22 15
3 20 20 44
32 14 35 18
18 16 49 38
13 9 16 32
32 40 34 28
38 43 25 24
29 5 24 42
28 1 25 36
18 13 37 17
3 7 33 30
9 35 37 41
10 9 48 17
38 33 45 43
16 16 21 6
39 30 12 19
40 34 8 46
44 11 35 1
14 18 2 36
14 13 34 14
13 14 33 26
7 14 34 26
30 20 3 39
14 16 11 34
49 13 8 11
35 37 36 5
15 12 19 39
38 19 18 44
12 16 47 40
10 13 18 21
4 27 6 46
14 18 13 47
7 12 1 42
25 32 5 44
6 18 5 40
15 12 5 38
31 26 5 18
16 18 8 0
15 8 42 42
0 18 24 11
16 14 2 39
40 34 14 20
15 16 20 32
0 8 42 30
35 27 42 37
7 7 8 41
19 24 26 35
45 27 25 14
40 15 6 48
36 9 0 12
