50 728 13980 800
20 33 30 2
14 28 8 13
11 42 46 24
17 29 23 7
35 25 10 7
11 21 41 21
33 26 28 4
14 39 39 17
19 33 29 15
34 26 26 14
32 26 38 17
32 28 39 7
19 32 34 15
36 38 13 5
19 43 8 6
35 30 15 17
22 28 33 16
19 32 14 7
24 48 37 28
26 27 22 6
34 27 22 40
33 28 3 35
12 34 15 10
36 28 20 19
32 24 0 5
28 33 24 16
35 30 14 7
19 26 42 23
11 33 38 20
2 8 30 29
9 2 20 20
19 24 2 10
33 27 13 8
33 26 17 26
24 28 35 14
8 35 1 14
29 28 8 5
31 32 7 22
15 22 2 8
32 31 18 15
35 30 42 7
20 20 25 26
31 28 39 14
36 28 15 6
18 41 11 7
19 47 10 7
34 28 16 7
28 21 34 11
35 28 12 7
24 36 27 10
38 27 7 26
39 31 21 22
34 30 30 28
10 36 9 9
39 29 20 10
24 39 9 8
20 25 6 14
23 44 10 21
34 32 22 16
36 27 34 18
17 33 19 9
34 28 8 11
17 34 24 31
34 24 26 28
4 38 3 15
20 16 17 9
14 33 16 8
18 37 43 23
18 42 40 16
33 33 28 15
9 44 6 15
14 39 6 8
16 42 17 5
26 36 15 19
18 31 1 8
34 27 11 11
34 19 34 8
26 33 46 9
7 11 12 8
36 29 30 10
23 35 10 11
13 29 40 11
8 31 4 25
14 33 18 13
21 39 6 0
4 33 9 13
5 30 31 10
36 25 5 8
22 38 11 21
19 30 43 10
31 30 2 3
27 36 17 16
16 25 24 18
21 44 35 19
35 27 2 7
3 35 1 8
35 26 9 11
31 30 31 12
14 45 32 27
28 33 31 9
33 27 12 8
31 29 8 16
14 36 15 3
31 29 46 21
14 39 28 20
25 38 13 20
11 36 36 15
34 29 0 5
22 27 32 15
24 43 21 3
21 47 27 20
32 28 41 18
16 32 20 3
16 39 16 0
23 35 8 13
17 42 13 9
0 9 6 6
34 25 35 19
29 31 2 9
14 40 2 11
14 43 37 22
35 25 42 19
32 29 19 31
23 42 4 14
32 31 29 9
34 29 19 7
31 31 15 5
34 30 38 29
34 41 10 11
33 31 5 12
15 35 41 18
6 46 16 16
31 24 28 19
28 40 7 8
25 39 16 4
15 36 11 17
32 29 13 8
1 30 23 13
26 35 23 7
37 28 19 9
30 28 11 1
14 22 30 15
20 37 31 19
6 33 29 14
19 31 5 17
28 38 23 24
19 46 5 10
25 25 12 20
35 26 6 6
35 26 16 8
29 28 7 15
14 32 1 12
40 26 5 18
33 33 0 10
35 29 4 2
16 43 35 26
27 30 11 11
14 38 14 8
29 27 4 14
33 34 2 11
20 23 9 11
13 45 10 18
29 35 17 11
2 16 26 24
12 35 10 18
34 24 4 4
35 28 1 2
20 29 0 16
27 31 21 9
36 29 40 14
7 43 39 19
13 43 28 13
31 5 2 2
34 26 39 13
33 26 18 14
21 41 5 9
24 24 33 17
25 30 32 21
31 28 20 9
15 36 28 19
34 30 18 0
10 36 15 7
38 31 11 21
36 26 37 30
16 29 1 9
8 46 32 13
11 36 5 10
33 29 28 7
25 30 12 10
35 25 1 5
40 28 31 18
19 12 29 22
25 42 38 7
28 34 18 7
35 26 36 18
35 27 13 12
34 30 14 6
32 27 23 22
16 44 4 14
5 44 32 20
36 30 15 22
22 46 18 11
6 31 2 9
19 39 6 4
21 21 28 9
33 26 13 12
5 35 29 9
37 28 11 16
17 19 7 8
33 24 12 34
25 33 11 10
34 29 41 10
37 27 10 20
8 49 3 6
23 33 25 25
4 33 16 19
30 26 28 13
30 31 30 26
27 39 2 7
36 37 2 4
28 31 1 2
35 28 20 11
6 7 37 19
10 31 40 15
31 30 1 12
33 27 5 6
4 43 13 16
39 36 7 27
9 26 10 10
31 29 7 17
17 48 11 15
15 5 20 14
35 27 29 24
32 29 37 15
14 28 3 7
11 32 5 13
34 29 28 18
34 26 38 21
23 40 8 9
14 32 21 10
36 29 40 22
6 36 14 9
28 32 15 6
16 38 27 13
25 35 5 17
7 33 32 20
34 33 27 28
28 4 5 11
11 8 37 16
32 34 19 8
11 41 40 24
15 37 9 4
19 34 13 11
6 36 12 7
40 29 30 26
8 39 8 4
35 31 35 14
34 27 32 18
20 41 5 10
25 27 10 25
31 25 26 8
3 42 41 21
37 29 2 2
16 32 36 23
33 27 19 17
16 37 4 20
30 32 16 6
16 24 35 15
23 34 35 14
4 14 27 17
33 26 34 21
30 31 7 6
34 30 6 15
20 38 6 14
19 25 21 11
25 30 31 27
31 35 8 14
11 39 34 25
5 48 1 30
37 27 18 0
15 38 17 14
36 27 36 13
19 39 44 22
34 18 2 15
34 31 18 5
31 26 42 8
20 43 14 43
13 36 37 21
22 30 14 18
25 35 13 22
28 38 34 22
34 31 6 11
31 26 33 9
22 39 45 21
25 30 45 18
35 29 40 18
36 25 15 20
28 41 31 14
16 41 1 4
5 30 2 7
16 30 13 10
37 30 32 13
22 39 40 11
21 26 11 31
24 46 19 32
16 30 16 8
34 29 6 16
37 31 36 6
27 37 41 21
32 29 15 3
17 45 35 19
23 39 1 1
2 33 0 12
21 36 32 21
30 36 18 14
40 41 0 12
11 5 37 7
17 31 30 6
35 34 21 14
25 38 13 14
12 47 5 8
10 32 13 8
34 33 2 2
39 22 13 13
16 32 35 21
22 25 13 17
35 27 37 19
14 37 1 9
27 42 28 21
15 21 42 25
17 31 39 9
8 47 2 2
27 20 18 14
23 27 7 6
17 36 8 20
16 43 3 5
34 31 35 20
35 35 31 18
39 26 36 18
32 25 1 5
4 43 34 5
32 27 17 13
30 43 6 15
34 34 32 12
4 38 21 22
34 29 36 5
2 24 25 1
38 29 16 12
8 21 3 11
4 29 29 17
32 30 28 14
38 31 23 9
36 27 19 19
15 49 3 5
14 34 37 15
31 28 16 9
26 28 40 21
9 36 16 12
31 32 8 10
31 28 2 3
22 26 6 6
28 39 3 4
11 31 14 11
18 24 43 22
24 41 22 14
26 38 14 12
11 25 19 7
25 38 23 19
13 40 40 12
11 29 15 12
25 30 9 4
16 32 14 9
36 28 31 14
21 32 29 8
22 27 27 13
17 28 9 0
36 25 31 17
7 31 32 16
19 34 22 9
23 46 7 6
33 30 14 10
36 31 15 17
30 6 20 19
37 32 1 21
24 35 7 5
24 29 18 11
35 26 7 14
20 31 36 28
20 28 0 5
28 34 4 11
14 41 9 18
27 36 34 26
38 29 34 3
4 29 3 8
9 10 0 6
11 44 21 23
29 27 31 19
21 43 35 15
0 36 13 11
34 35 3 5
19 33 26 15
19 41 26 24
34 29 33 18
30 30 30 13
36 31 19 6
12 27 34 19
17 33 44 16
18 36 7 4
29 32 34 7
25 31 33 8
34 27 46 25
15 40 5 7
16 46 40 17
19 27 31 24
23 47 13 15
26 29 28 25
18 43 33 27
36 34 16 14
16 34 13 9
34 25 7 16
32 31 20 27
17 33 33 12
32 26 11 6
25 35 2 7
24 28 10 7
14 2 13 14
13 31 16 17
33 25 30 11
12 28 30 24
2 40 40 8
11 43 38 12
21 39 15 17
19 43 34 21
32 26 43 14
15 41 1 5
34 28 12 9
28 43 5 8
17 36 7 9
35 31 5 14
4 41 37 14
34 28 21 7
34 27 29 20
35 32 32 8
22 35 11 5
6 36 42 28
33 31 38 17
26 46 41 20
34 32 4 10
5 26 39 14
9 27 4 10
33 36 10 23
18 40 43 23
22 41 0 15
14 36 22 5
33 28 4 5
24 38 30 5
33 32 18 18
6 39 32 22
15 27 39 28
35 31 4 1
12 30 33 20
20 29 9 12
36 28 42 13
32 30 8 9
19 40 22 10
22 46 35 20
23 37 44 13
13 40 27 14
10 25 18 12
31 30 17 12
22 34 14 22
9 30 6 1
33 29 10 11
35 29 11 7
34 27 1 7
19 41 41 19
16 37 36 23
34 29 2 4
24 37 14 2
24 44 35 13
30 28 45 14
18 25 23 0
25 42 1 20
16 6 30 12
34 34 9 13
3 8 28 15
10 31 1 20
25 34 29 4
36 31 20 5
14 38 13 15
22 34 33 15
14 31 19 7
25 33 0 5
4 36 33 15
26 10 28 21
38 29 29 14
19 34 13 8
32 30 34 20
32 28 4 16
24 16 9 9
8 8 14 35
15 38 34 19
31 28 45 16
12 40 29 20
5 45 30 31
38 31 4 7
13 39 10 16
33 31 33 18
35 7 8 16
11 48 22 23
33 27 9 10
35 33 9 16
24 39 29 19
22 35 7 20
41 29 17 16
37 32 9 11
21 35 4 6
35 28 12 21
34 32 29 10
31 28 2 13
22 3 34 13
15 25 24 6
35 35 13 8
16 38 25 25
33 28 21 25
26 33 7 8
11 42 13 19
29 26 1 12
18 29 3 17
34 29 46 19
16 42 14 2
19 28 14 8
18 22 12 29
11 30 22 24
3 28 3 15
34 32 4 18
30 32 16 6
16 22 31 13
22 32 1 16
34 27 18 8
16 44 36 18
33 27 36 13
9 22 15 4
28 31 41 26
11 36 2 1
10 41 39 16
14 41 48 26
30 29 1 16
40 27 7 12
11 27 23 16
15 40 5 8
22 34 1 15
7 28 35 13
29 28 27 17
33 29 35 22
37 32 37 17
33 29 5 20
20 16 40 21
27 31 10 7
23 29 1 32
24 30 28 33
19 39 15 3
9 43 7 10
30 25 11 17
28 30 22 13
27 28 16 11
33 27 3 26
26 34 16 10
27 30 37 22
29 35 31 8
33 34 22 11
34 30 27 9
40 33 18 19
1 7 7 11
19 31 13 19
31 26 37 21
3 1 46 21
32 32 1 10
31 30 4 19
20 27 27 16
14 40 10 11
26 35 0 12
19 42 7 16
15 47 11 13
27 33 11 11
17 30 34 15
6 27 49 18
22 35 11 12
27 27 38 27
33 29 38 19
27 25 2 6
29 26 10 28
13 38 26 8
28 29 17 13
36 27 7 2
33 26 5 6
32 37 30 18
28 31 32 21
36 31 25 25
21 28 18 6
15 43 5 8
25 30 3 8
16 43 19 2
35 29 3 13
26 27 48 8
20 28 0 4
13 34 5 16
33 33 21 18
25 33 2 38
24 45 12 10
35 33 14 5
15 38 14 19
30 25 1 15
37 23 43 29
2 40 38 15
10 39 26 18
20 17 39 15
12 46 13 11
37 29 26 21
8 19 14 31
28 29 37 21
34 33 14 11
20 38 25 28
14 36 20 24
10 41 22 7
25 27 14 9
49 22 4 30
19 31 5 14
36 30 6 3
20 34 24 18
14 38 36 13
17 30 21 32
36 34 14 4
35 23 7 19
31 33 15 10
35 31 18 4
32 29 13 9
6 31 43 28
2 12 38 28
35 26 25 22
19 35 32 19
6 47 20 9
33 30 11 2
33 34 7 19
29 39 5 5
33 28 0 8
19 31 1 10
16 38 48 19
19 38 15 12
10 37 43 15
21 46 33 15
22 41 45 16
27 31 13 13
23 35 30 3
4 41 2 10
11 37 23 19
37 29 3 3
32 32 31 13
26 11 16 13
20 38 13 20
17 34 23 16
17 33 7 12
13 45 4 11
18 27 28 28
22 34 26 13
5 45 1 15
14 44 4 6
15 11 8 33
22 35 0 4
32 31 36 10
32 46 29 16
19 25 13 13
18 26 13 11
2 47 33 16
26 43 14 2
36 33 35 22
32 28 5 16
32 31 28 19
9 15 29 26
11 0 9 21
14 12 16 42
15 38 23 2
35 29 7 12
22 25 23 13
22 32 15 8
19 25 38 8
14 28 14 14
36 34 36 14
36 27 38 22
16 33 46 23
22 27 42 14
11 19 5 10
32 26 14 6
32 30 32 10
20 30 0 33
26 30 13 24
34 30 8 1
34 35 21 5
37 29 34 13
4 43 17 23
20 33 40 13
11 45 5 11
20 39 8 18
31 28 40 13
33 28 35 12
23 33 10 17
35 24 27 26
30 37 12 10
35 27 17 28
29 29 43 23
34 28 15 14
24 32 21 3
14 28 30 24
18 46 4 27
12 40 0 6
9 45 25 21
25 16 2 14
20 43 4 18
20 43 8 11
34 30 3 6
10 29 35 4
40 29 6 14
25 36 23 17
19 35 15 9
30 23 27 16
22 32 44 31
33 29 34 18
15 35 12 0
