50 81 17583 800
33 32 24 35
43 44 21 43
25 41 22 44
16 20 34 48
41 23 11 46
45 29 41 48
45 23 10 28
38 38 31 47
2 45 24 40
43 30 29 39
48 25 32 38
17 28 18 33
19 35 18 30
17 6 31 45
48 9 37 30
38 11 35 46
20 33 41 2
8 25 17 25
42 23 22 40
45 24 16 32
45 23 17 6
25 24 25 39
38 36 20 22
0 31 45 2
37 12 38 46
38 16 30 37
16 32 36 45
21 18 31 29
9 45 21 43
12 20 31 44
34 26 19 19
37 39 16 22
47 15 21 24
5 41 33 49
24 27 29 40
32 38 18 23
14 30 32 25
33 30 22 47
36 34 47 26
36 35 29 29
45 32 27 43
12 21 32 36
27 32 16 31
21 25 32 47
34 41 29 44
16 18 38 48
45 6 18 26
24 13 28 43
44 39 32 42
26 27 27 39
41 18 14 32
47 17 12 32
48 20 33 42
49 32 23 35
21 42 29 43
36 26 10 23
11 33 48 42
48 23 32 47
14 30 16 15
4 33 29 49
32 34 17 35
25 18 28 41
49 22 33 42
19 16 31 43
19 23 35 47
21 20 34 46
2 31 25 46
14 13 25 40
7 21 28 45
35 29 22 30
46 30 32 41
35 34 17 28
42 10 32 45
42 23 14 21
43 37 19 29
23 13 31 1
46 24 34 42
41 46 18 24
47 24 41 33
40 4 31 46
36 21 26 42
