50 209 15188 800
1 10 22 30
27 18 21 20
35 36 18 14
48 27 22 3
16 8 22 16
16 16 34 16
33 23 15 42
22 2 22 22
40 36 45 41
40 21 20 32
12 17 17 22
5 15 38 33
20 42 16 10
3 12 13 25
29 45 25 8
33 14 21 19
33 36 24 17
30 23 25 47
45 23 9 8
31 21 35 6
48 29 7 45
49 17 37 17
17 34 22 32
33 14 11 20
30 18 24 38
33 36 48 34
23 23 31 14
29 31 23 37
42 26 49 28
6 16 36 12
36 11 8 33
25 9 46 41
33 35 33 12
10 1 43 33
47 12 36 26
2 27 24 15
22 13 10 21
23 23 15 33
19 14 47 23
28 21 1 9
12 5 47 23
13 15 23 15
15 17 3 38
20 1 13 29
14 5 1 31
20 24 43 30
48 14 29 6
2 12 40 27
1 17 33 30
26 23 15 14
2 11 22 8
14 20 5 29
37 12 9 31
15 17 31 24
42 40 25 10
24 5 34 22
4 19 18 17
35 43 9 3
3 12 31 18
35 32 6 43
28 13 27 17
8 15 27 13
35 19 6 33
36 34 43 21
4 14 11 13
31 16 29 27
47 48 46 35
25 8 37 24
6 14 30 49
25 20 43 42
16 29 30 16
23 29 25 13
29 22 23 19
16 47 21 16
29 41 37 36
39 16 6 46
1 12 2 32
24 20 17 15
0 14 4 30
20 27 35 24
30 26 14 6
31 23 22 11
40 3 6 16
3 15 21 13
47 41 43 29
7 14 39 33
23 18 27 12
43 49 42 36
26 21 27 25
14 34 41 30
32 19 24 23
35 15 23 21
6 15 46 29
33 29 23 3
22 1 26 32
18 4 17 8
0 13 38 11
44 32 23 25
6 12 37 14
4 15 20 24
27 33 28 15
19 21 5 14
1 14 46 27
43 37 2 33
49 31 42 34
6 12 14 9
0 15 36 11
23 22 44 23
44 36 41 28
20 21 31 16
5 8 28 13
33 33 23 19
5 15 10 28
0 12 17 7
0 12 32 18
6 7 28 17
27 23 23 17
13 11 46 39
9 3 47 37
31 10 14 43
22 36 28 4
5 16 4 40
24 23 29 13
6 12 31 15
40 26 32 8
37 7 34 28
43 27 23 13
31 19 35 12
0 12 35 26
31 33 30 6
6 13 0 29
8 12 31 21
36 39 18 41
20 19 6 27
35 47 34 39
40 35 27 48
28 23 25 11
16 23 32 20
28 17 40 8
31 35 17 7
6 12 6 46
33 35 36 15
29 27 45 36
21 9 45 26
38 21 19 17
23 4 43 32
16 8 24 6
21 8 38 44
40 22 17 28
29 41 14 20
36 19 43 45
25 20 31 26
4 11 29 17
28 25 47 30
29 29 24 18
23 33 28 10
23 26 42 33
36 22 20 5
25 21 48 38
30 41 28 24
48 36 43 24
2 12 40 38
25 43 29 13
29 26 36 11
4 15 26 31
19 17 8 5
6 16 30 17
30 21 47 29
47 20 25 17
28 16 35 22
20 21 16 14
0 10 8 19
25 24 42 23
17 26 32 16
36 24 0 13
22 22 30 13
17 34 35 36
28 34 48 41
6 15 29 17
5 13 35 9
46 39 32 26
16 23 21 13
31 36 34 19
26 20 44 31
0 11 29 21
39 22 36 19
28 12 1 22
6 11 36 26
28 15 26 22
10 13 32 6
27 5 47 33
6 13 37 20
25 23 9 13
5 15 19 5
23 35 19 11
28 14 31 21
26 19 20 14
3 17 46 33
14 20 37 16
26 22 18 3
27 23 16 12
11 18 1 39
26 29 26 12
16 20 28 17
39 16 22 28
26 11 22 6
23 20 18 30
2 14 25 17
37 6 9 11
