50 539 11431 800
19 9 33 46
12 1 37 35
16 7 19 15
4 39 22 46
29 10 41 30
22 15 34 48
18 14 22 0
31 12 27 8
47 24 30 17
0 14 31 29
26 16 17 6
35 39 22 11
25 11 0 20
6 44 41 18
19 15 21 5
28 3 28 11
28 29 9 8
14 12 11 3
49 44 28 19
22 31 16 12
16 42 31 18
26 11 36 36
20 13 23 20
13 28 36 27
16 33 26 40
32 11 33 15
30 10 41 24
23 38 26 1
25 10 31 9
18 13 37 36
42 40 10 14
12 30 18 43
25 13 32 11
21 11 38 41
28 6 5 5
27 30 2 39
22 16 25 13
19 4 35 30
8 2 34 15
14 48 27 1
25 11 35 45
31 47 30 17
26 4 15 35
34 49 6 8
49 34 24 13
41 30 37 14
10 43 17 46
25 9 21 43
18 9 34 15
19 33 48 44
14 19 44 43
24 11 13 15
3 39 33 14
37 33 23 17
25 16 17 44
20 25 28 17
8 15 38 13
20 15 29 14
18 1 31 34
21 28 31 39
33 39 9 28
0 37 24 12
21 12 37 14
28 37 32 15
22 38 37 12
18 11 32 15
38 32 17 6
22 15 7 18
25 48 9 38
35 34 49 38
28 5 12 3
11 45 34 36
27 26 35 35
24 16 1 18
27 11 36 15
12 28 32 16
27 26 35 40
21 16 29 35
17 43 11 15
5 3 30 33
28 36 39 16
21 11 6 15
17 7 11 9
49 43 34 14
15 30 28 13
20 11 12 9
23 44 29 38
22 0 38 14
21 13 30 13
46 25 34 34
28 28 41 26
49 16 35 0
38 32 31 39
14 29 33 34
21 28 29 10
46 24 29 46
5 28 36 11
28 16 3 36
25 44 11 46
23 10 23 25
26 29 31 34
26 7 9 32
45 42 35 14
3 18 29 34
10 45 29 6
22 13 43 27
30 35 34 11
34 40 2 36
46 24 24 13
44 25 30 42
3 27 19 26
29 9 39 38
19 6 35 29
17 14 30 41
20 9 2 0
17 17 31 10
19 14 21 45
29 10 34 44
3 43 17 2
22 16 31 15
20 13 12 21
1 43 1 35
41 40 27 13
14 34 23 24
20 9 29 0
19 11 22 13
4 16 5 31
33 20 36 31
17 45 34 14
37 18 32 12
19 14 0 37
23 12 36 15
23 8 35 48
13 26 31 16
19 10 26 23
25 7 32 12
15 27 0 21
7 40 29 39
13 6 11 1
29 23 38 39
20 16 35 12
35 20 45 38
36 4 6 45
36 39 24 38
40 36 15 26
27 16 29 42
24 13 10 7
9 24 33 31
29 16 26 20
12 38 34 16
17 16 29 16
14 11 4 29
19 14 37 38
17 23 34 30
1 19 31 11
36 34 20 28
17 20 33 14
49 44 2 33
1 46 34 12
40 3 39 40
4 45 31 13
43 24 29 42
23 12 20 14
20 39 17 5
42 42 36 20
26 9 43 30
21 13 36 15
22 11 16 31
22 13 26 9
20 21 21 15
1 11 17 16
31 45 22 15
21 13 20 38
32 8 23 11
12 7 35 35
19 36 31 42
22 7 33 32
24 12 36 9
29 37 8 43
8 26 20 47
8 20 35 49
9 27 13 38
36 5 25 16
3 30 41 30
11 39 34 17
31 46 34 40
28 47 2 21
2 23 34 16
12 6 35 17
33 42 26 16
28 7 9 0
17 14 24 6
15 30 24 13
17 13 28 15
35 43 24 0
4 36 35 8
2 18 43 38
28 11 29 1
38 34 26 38
21 8 19 44
13 13 19 48
29 10 6 10
43 20 30 13
28 7 34 13
29 16 8 30
14 44 18 31
15 37 35 13
39 24 12 10
25 17 33 16
46 37 33 11
10 1 32 13
2 19 12 26
26 21 33 33
31 25 42 37
15 13 29 11
32 14 13 7
19 18 33 12
6 7 33 5
22 5 21 12
7 27 7 20
20 9 33 9
8 21 42 45
33 17 28 37
16 42 34 38
20 10 14 11
40 43 19 5
17 37 32 13
20 9 31 12
2 4 29 11
29 18 28 8
4 46 36 17
22 15 28 34
6 8 41 36
11 29 26 39
19 10 16 3
26 7 8 8
24 3 36 11
4 10 43 49
4 1 16 2
18 9 37 13
23 13 25 6
28 9 24 7
44 11 21 10
9 14 27 42
30 35 22 5
17 26 21 29
18 16 31 41
24 25 19 45
25 6 1 40
31 16 22 11
14 29 1 10
29 11 14 35
25 40 29 13
14 36 31 38
26 16 33 2
22 15 31 43
0 26 26 29
20 14 10 14
11 12 33 15
18 13 31 4
8 33 28 15
21 6 28 15
25 9 32 40
12 40 4 15
13 6 28 13
24 9 2 19
17 13 35 22
23 20 18 31
43 34 33 47
18 9 7 26
27 10 39 40
21 14 34 41
17 16 3 2
14 39 19 11
23 15 30 11
24 13 10 30
23 16 8 6
15 20 22 37
10 13 34 9
16 14 17 30
12 13 34 13
22 12 32 12
6 10 5 15
28 15 35 13
25 6 34 9
6 0 16 0
24 10 34 46
24 13 8 21
28 9 38 40
6 41 17 17
19 15 21 27
18 19 32 33
26 10 5 16
19 15 30 48
19 17 29 17
38 29 44 30
2 28 28 37
22 24 34 16
21 35 23 7
29 7 29 14
18 11 27 17
2 12 34 17
14 20 34 38
9 27 17 42
9 14 22 43
35 5 12 2
11 6 31 16
30 39 35 16
18 44 2 45
32 6 8 34
27 7 37 16
16 45 34 10
27 4 16 23
27 11 25 14
8 32 31 12
9 39 20 4
25 8 17 5
22 8 20 26
5 23 39 22
33 22 7 23
17 12 22 1
22 11 35 8
16 14 31 16
22 8 10 4
33 25 31 16
32 23 36 13
29 10 30 30
23 0 33 21
24 10 18 24
28 4 37 32
23 28 32 37
22 13 43 46
21 11 36 4
23 13 19 49
36 20 0 38
8 32 15 1
31 14 2 36
36 34 37 13
17 33 32 17
5 20 30 14
9 28 14 4
22 13 47 42
10 23 47 30
46 35 22 19
28 22 15 45
37 13 8 0
17 16 40 27
22 13 16 28
24 23 37 16
38 37 20 5
23 7 16 40
14 29 31 6
24 7 39 35
17 17 23 5
25 9 30 13
18 23 29 35
22 12 48 24
7 21 34 37
14 32 18 48
21 27 8 5
16 7 39 49
10 22 19 36
20 18 17 10
18 13 32 24
27 33 40 37
29 39 23 0
7 12 18 44
25 9 18 5
11 29 39 34
14 48 7 14
5 38 37 39
18 20 18 26
39 26 31 11
0 25 31 8
23 6 30 47
4 30 34 24
26 12 32 14
49 40 35 14
18 39 36 15
8 12 33 47
10 27 49 43
34 25 15 23
44 8 31 26
6 43 33 49
22 25 12 34
37 7 25 13
6 9 17 5
24 9 10 39
24 8 8 3
24 5 37 15
22 16 19 8
12 28 31 37
18 34 30 32
43 14 1 16
6 45 36 17
28 40 37 14
40 21 33 42
14 26 25 46
20 37 39 32
16 17 28 34
12 29 33 40
21 28 0 40
29 15 25 13
21 15 26 18
24 4 21 19
23 10 42 43
36 37 41 25
12 36 27 44
9 43 12 13
0 29 12 14
22 16 34 46
46 16 33 33
29 12 32 4
33 9 35 49
18 6 0 22
19 21 15 30
9 42 13 19
27 5 38 32
8 36 43 34
27 38 9 13
39 42 20 14
29 34 42 41
38 39 7 17
2 21 34 38
21 42 39 46
24 7 35 17
10 17 13 8
11 24 43 21
8 24 32 33
19 14 35 15
4 13 18 1
29 27 16 4
29 17 12 23
20 11 31 37
39 45 27 49
31 47 36 15
14 22 26 38
25 4 31 15
21 14 16 17
23 15 34 17
2 10 45 23
27 14 23 28
27 7 29 15
16 15 39 35
25 14 31 15
31 14 39 8
2 43 10 5
23 12 28 2
29 30 36 38
46 36 21 12
24 9 37 18
49 15 10 24
20 13 36 32
0 25 20 22
20 10 1 8
9 29 18 45
25 42 33 18
29 4 34 9
14 30 29 32
27 7 8 0
23 30 6 8
25 15 32 16
16 16 30 10
43 20 13 3
3 25 7 38
4 8 29 9
7 41 19 10
20 43 20 0
20 15 37 13
9 26 29 12
27 22 27 48
23 40 34 31
26 42 27 8
21 40 37 18
13 12 21 13
19 11 18 35
13 23 39 45
32 14 13 39
11 29 29 33
20 18 36 14
27 13 23 17
10 49 34 9
25 4 20 5
49 8 36 35
0 34 33 16
42 46 47 17
11 18 38 31
16 7 9 9
42 43 40 10
23 12 29 40
26 12 30 11
15 14 38 17
31 33 30 41
44 37 31 15
23 37 13 2
21 16 27 33
24 8 10 19
18 15 25 0
41 28 26 18
29 11 33 13
16 31 4 47
28 9 32 13
26 3 38 17
19 12 3 4
14 46 15 6
18 8 11 24
21 23 36 20
9 40 30 8
24 6 16 46
10 29 28 15
4 29 32 17
46 6 7 41
11 7 27 41
22 8 30 10
43 22 22 45
2 27 38 12
36 42 34 35
30 10 19 2
11 31 16 17
7 11 26 26
34 9 1 33
26 5 21 39
25 45 15 7
16 26 1 14
26 9 33 2
21 16 17 33
22 7 29 11
2 43 31 3
2 17 26 45
27 10 14 4
7 17 15 5
10 36 35 11
34 39 26 7
5 41 35 21
22 42 16 17
20 18 29 9
5 14 29 47
24 14 35 31
17 12 24 40
