50 771 15444 800
18 32 15 47
22 45 44 2
1 5 11 36
43 22 0 0
3 12 38 35
19 28 4 4
21 41 20 23
16 33 20 25
22 20 39 34
45 39 20 25
6 20 7 32
28 41 6 14
24 27 19 21
15 33 1 32
20 12 10 12
29 41 36 36
5 34 19 23
27 34 4 5
7 26 17 26
19 31 2 1
26 43 5 40
13 33 20 27
28 31 23 29
23 31 5 39
20 35 19 27
34 42 39 34
4 16 44 35
31 1 16 23
7 10 20 37
7 25 18 39
10 31 4 2
17 36 6 10
25 48 24 18
29 45 15 25
1 24 40 35
9 23 13 21
26 34 20 23
11 26 37 38
20 22 17 32
13 15 24 26
24 37 40 32
31 33 15 38
25 27 16 33
29 33 5 7
31 35 1 4
24 41 18 30
25 31 10 26
7 26 1 10
21 18 22 13
12 8 30 27
31 37 22 0
8 21 24 27
9 22 13 24
46 29 20 23
14 30 11 24
9 27 1 18
19 41 3 4
20 41 5 8
8 27 3 5
19 26 22 28
4 14 1 31
21 18 18 11
32 35 40 35
12 31 18 26
39 41 3 35
43 49 0 2
24 20 13 15
22 33 5 0
20 38 22 22
24 39 24 4
30 37 18 19
30 36 8 32
8 21 36 37
5 15 4 30
2 23 17 29
24 47 22 27
18 41 21 26
4 14 17 28
35 33 38 39
25 36 9 4
30 19 22 3
0 28 31 23
21 39 8 1
8 34 0 1
22 34 37 36
16 37 22 30
7 31 7 38
10 14 12 5
18 38 19 23
16 29 20 26
29 39 17 23
0 26 4 4
2 7 16 23
10 21 2 1
8 39 0 40
31 1 15 18
6 21 12 47
17 39 2 22
1 16 2 5
9 14 17 3
27 37 40 31
13 28 36 32
14 32 37 35
21 32 40 34
23 35 19 36
21 38 19 14
21 21 12 43
31 36 38 33
13 27 22 21
1 26 4 1
21 35 6 3
10 17 12 28
28 35 32 28
37 32 17 29
4 23 37 35
22 26 1 2
18 33 42 31
7 23 22 30
29 34 40 39
2 22 2 7
22 35 9 26
7 31 15 20
13 19 0 4
12 24 22 33
35 24 16 22
17 36 0 2
9 31 40 35
23 43 3 12
7 18 7 1
25 20 15 36
4 23 15 33
21 34 1 2
17 17 33 24
24 38 22 10
29 37 30 8
37 30 3 27
21 45 14 26
26 37 16 31
5 23 20 27
10 26 6 0
28 39 26 19
21 36 20 7
20 40 18 23
27 36 20 2
20 38 2 4
30 27 15 24
1 17 1 39
26 39 7 38
23 43 20 27
44 32 15 20
25 31 20 25
8 12 6 3
5 8 15 31
25 34 20 22
25 43 21 26
23 36 38 31
23 38 10 26
23 19 34 37
26 48 16 30
19 38 14 22
24 40 8 33
3 24 3 5
18 31 0 5
26 24 2 19
22 37 19 30
0 26 6 30
38 20 3 6
22 43 9 17
6 21 28 6
5 5 14 1
29 41 22 32
27 35 38 41
28 44 7 7
1 4 3 1
30 47 4 2
19 23 48 6
28 34 1 0
23 14 15 23
19 37 1 8
12 45 35 33
22 33 39 32
5 11 12 20
12 32 10 20
9 15 16 13
15 46 2 6
20 32 42 35
29 44 21 24
20 39 39 36
30 30 17 20
22 42 25 34
8 4 36 13
23 44 4 39
21 48 24 20
14 38 25 16
39 24 39 8
28 27 45 28
27 38 23 33
24 42 15 1
24 37 19 6
3 16 7 1
29 47 40 36
1 19 25 11
23 30 1 2
16 32 17 3
18 13 15 23
3 14 17 21
6 18 15 30
25 45 36 34
26 36 24 12
21 32 0 8
30 39 0 4
10 26 31 35
1 38 36 39
29 33 30 13
19 40 8 13
0 22 23 3
8 36 1 35
25 40 40 14
22 22 23 27
21 30 41 36
3 38 15 30
10 24 12 27
37 30 18 4
5 33 13 22
25 32 39 36
11 21 17 25
0 28 3 6
21 43 15 24
35 22 24 8
0 34 19 26
25 15 24 44
26 39 40 37
18 22 40 31
44 44 5 5
20 16 6 35
10 38 40 29
32 43 18 9
16 45 8 1
27 38 17 12
2 29 15 31
13 21 1 5
17 17 2 0
29 35 4 3
11 19 13 31
22 41 22 46
45 34 2 4
7 14 29 37
32 42 23 21
41 8 17 32
5 12 5 23
44 46 37 35
40 38 17 22
0 24 39 33
10 17 38 35
26 34 40 33
36 41 12 22
15 10 5 32
42 24 6 5
31 29 17 26
5 13 13 41
16 44 1 14
21 26 4 32
29 42 20 5
22 41 35 35
32 34 2 1
24 32 1 33
12 20 41 35
19 32 19 19
20 44 39 35
1 6 39 32
13 30 4 1
7 17 18 26
23 25 38 33
19 22 5 6
28 36 18 27
22 29 35 38
26 28 23 39
13 19 16 26
7 19 20 21
27 34 2 8
43 27 2 27
24 31 2 25
20 38 32 16
12 37 14 22
31 37 38 34
18 39 38 34
32 19 0 37
6 7 8 30
27 28 21 23
20 36 7 36
20 27 25 32
9 40 1 22
0 28 21 31
18 35 40 34
20 42 28 39
23 36 11 11
17 39 38 37
13 11 26 11
5 37 16 21
20 29 15 33
12 13 0 2
25 32 4 0
26 37 36 39
2 46 0 0
22 34 5 3
28 42 2 34
22 36 21 25
9 41 23 32
2 15 19 23
26 11 5 6
1 18 22 24
22 46 4 11
12 24 2 32
16 38 18 43
14 25 35 33
14 44 38 33
4 12 20 23
21 42 16 2
32 39 4 9
15 30 0 33
16 46 38 33
9 15 6 30
48 15 0 16
9 11 4 15
14 38 40 34
20 30 15 43
9 26 37 36
25 29 37 31
1 40 7 9
47 40 0 4
23 33 19 24
15 33 23 24
31 28 27 10
31 24 24 26
39 20 39 37
19 28 16 26
22 25 15 25
24 43 10 47
35 15 38 37
19 46 15 22
30 1 34 32
10 22 10 7
15 32 13 26
5 13 38 32
13 27 22 32
15 27 34 17
17 41 20 31
8 36 38 34
10 28 39 36
28 44 28 8
22 37 38 32
9 37 1 4
22 29 38 32
19 49 35 18
23 26 12 6
15 9 21 34
6 19 17 37
27 38 16 18
0 28 6 5
29 37 23 14
17 23 21 8
7 24 13 26
0 12 9 4
16 35 13 26
28 41 2 5
15 37 1 4
5 32 39 40
32 38 37 33
28 35 15 28
16 35 32 39
33 37 36 35
24 31 10 17
21 40 3 1
29 33 37 36
30 46 5 32
33 18 21 27
19 31 9 34
8 26 12 27
34 36 39 36
21 36 0 8
11 13 38 39
20 15 40 36
37 2 18 15
25 35 35 34
27 30 21 1
33 35 10 0
21 40 26 31
9 22 44 32
5 19 12 35
12 32 38 37
27 39 20 23
29 39 11 22
16 38 6 0
24 33 12 5
1 30 41 37
23 30 41 37
27 30 21 7
11 26 38 36
2 31 16 29
8 28 7 3
36 33 28 23
36 33 24 13
6 11 43 30
10 0 14 9
26 38 36 9
30 10 18 29
10 6 42 34
7 33 14 22
6 11 37 32
43 14 19 1
34 3 30 31
3 21 34 18
27 43 41 36
32 34 41 30
20 10 6 10
27 40 22 20
28 42 36 37
14 6 20 21
39 13 20 21
3 9 11 31
4 15 13 6
30 39 13 16
27 47 12 9
4 9 2 6
0 15 23 17
10 19 35 36
19 38 39 35
23 33 6 39
24 37 5 38
23 39 14 38
24 42 12 5
14 0 38 38
6 26 7 40
22 41 37 31
21 36 39 29
12 4 38 38
48 29 4 2
33 26 19 33
21 40 19 26
26 28 22 21
20 41 3 32
19 41 23 27
31 41 20 27
22 31 6 4
26 42 38 37
6 20 38 37
30 26 19 27
18 19 16 28
17 39 6 16
26 13 5 31
21 45 4 17
27 25 7 37
28 37 33 21
25 31 40 33
33 37 19 22
5 20 13 10
30 33 18 45
11 32 17 10
4 20 14 1
22 22 37 34
22 36 14 30
20 32 6 4
12 15 2 2
27 40 33 33
48 34 37 34
20 33 20 27
35 35 22 13
30 44 5 7
6 17 18 31
8 32 7 2
22 34 3 2
23 39 36 33
45 22 25 30
19 39 40 34
6 31 18 32
13 18 11 49
46 36 18 29
22 40 17 31
6 43 5 34
19 34 41 38
32 24 40 35
22 20 1 36
11 20 38 34
7 18 17 27
8 38 39 2
20 36 19 32
26 33 0 10
34 19 18 22
48 28 36 33
24 14 21 42
30 42 16 25
8 30 23 25
13 34 14 19
2 20 7 30
23 39 30 23
22 43 11 34
2 8 3 33
33 11 24 28
11 23 11 39
21 42 16 25
19 42 10 1
30 37 39 36
18 18 18 1
12 36 19 27
24 32 5 2
34 37 2 8
30 44 2 5
24 38 27 30
24 32 15 34
18 32 1 5
27 32 7 36
45 33 18 6
24 32 26 18
22 33 20 22
6 21 47 8
9 6 42 33
31 40 14 25
31 35 29 3
9 25 17 27
45 48 40 37
22 41 18 37
24 40 14 16
15 20 7 0
10 14 20 36
4 22 19 30
0 34 32 34
8 29 2 0
13 12 22 12
17 26 21 23
11 15 3 19
33 24 7 10
3 15 0 7
24 45 13 8
13 10 14 23
21 36 20 27
27 18 4 30
18 24 15 15
12 17 39 36
24 33 40 37
24 23 3 7
29 33 1 1
26 37 36 36
19 30 41 32
44 25 14 29
19 34 0 2
23 32 43 30
5 21 4 33
9 31 23 24
1 12 0 7
9 18 20 28
4 20 36 38
36 37 42 35
7 34 13 29
9 26 15 13
12 6 2 14
24 23 18 8
8 15 26 6
23 36 38 32
17 43 20 19
3 18 11 20
37 22 27 10
27 31 12 20
14 37 21 25
19 31 24 8
25 43 26 22
10 19 33 37
25 36 2 3
23 33 3 39
20 39 35 38
18 18 43 36
14 8 4 9
28 38 0 4
7 19 8 4
25 31 41 37
23 34 41 33
6 16 2 39
12 30 10 43
24 37 41 38
27 16 36 35
25 34 8 5
10 26 18 31
24 39 25 45
8 26 3 3
24 41 1 3
40 20 14 26
17 34 4 2
8 18 3 7
33 39 14 30
27 29 41 34
7 0 42 39
13 38 6 26
23 31 19 29
12 47 13 25
29 27 0 4
24 41 35 5
28 43 7 3
4 24 23 47
38 40 20 28
33 33 1 4
30 43 17 11
34 38 3 3
31 30 16 31
33 4 1 5
7 17 8 5
14 13 11 29
30 34 21 25
20 35 28 42
4 6 14 7
9 19 9 9
18 35 6 25
12 26 4 5
22 42 25 22
31 15 9 0
0 30 15 30
7 31 40 33
10 39 14 28
15 46 16 22
13 32 9 33
16 33 7 6
3 18 20 26
16 19 10 6
29 28 4 34
10 37 12 20
12 14 21 7
33 13 33 38
23 36 14 8
37 26 1 3
7 16 21 33
18 29 17 4
10 10 18 46
29 39 5 17
13 35 16 33
18 34 38 35
26 44 38 38
24 32 13 29
8 26 38 36
47 17 11 41
19 28 31 46
19 43 5 29
40 13 15 24
41 36 18 31
10 3 4 5
19 29 9 3
22 39 15 27
14 26 3 9
19 16 37 34
7 7 13 25
24 40 0 3
23 36 4 4
13 27 19 26
0 34 11 2
11 21 0 6
18 35 30 20
11 22 37 37
27 39 16 29
25 35 21 27
8 27 14 23
9 36 21 9
8 21 10 34
36 15 19 31
26 32 28 26
28 34 18 33
15 25 22 13
19 27 1 23
18 33 22 34
15 32 24 33
31 8 21 39
25 33 3 0
29 44 27 4
5 18 2 3
1 31 21 29
5 13 36 30
12 30 41 39
11 36 16 31
12 33 16 9
22 29 13 21
34 8 27 25
13 37 39 34
15 21 4 7
20 27 15 23
20 12 18 4
26 31 8 23
16 20 15 33
27 34 14 24
10 16 11 8
22 38 42 33
13 20 38 37
4 16 28 11
15 12 5 5
18 45 16 29
13 26 16 32
22 11 10 24
29 41 7 3
10 30 12 38
4 17 2 1
22 30 37 34
14 26 23 25
14 33 9 46
10 9 18 25
17 28 10 22
13 27 0 0
21 37 39 36
22 38 39 37
30 33 39 38
8 4 20 13
18 38 16 25
14 35 22 25
21 38 3 2
21 37 14 40
16 28 3 5
19 46 41 34
17 37 19 32
31 37 4 4
5 36 9 17
1 11 2 7
22 46 26 2
1 13 39 32
15 35 22 26
26 31 15 26
27 42 18 25
9 30 3 42
27 31 14 17
4 33 28 28
14 17 17 23
44 39 17 27
5 18 4 11
10 26 8 38
6 19 13 17
32 33 17 31
11 42 5 22
21 16 28 1
42 18 0 25
26 34 5 5
21 27 40 35
23 39 23 21
16 33 38 28
23 49 41 33
23 25 8 2
2 18 42 34
9 3 19 38
25 34 2 9
18 37 34 35
2 39 16 14
5 6 22 31
14 20 21 25
20 30 14 25
13 24 23 30
27 35 14 19
31 49 25 16
30 41 5 6
44 41 37 17
19 33 19 23
18 32 14 10
9 11 18 27
15 29 2 41
24 40 39 33
28 40 38 30
2 39 36 30
28 27 12 39
10 13 4 2
19 19 0 9
14 5 0 4
10 19 12 22
21 32 26 27
45 13 18 26
28 33 19 27
24 39 24 23
4 18 37 31
46 5 4 2
25 32 22 1
43 35 14 9
