50 886 19999 800
11 47 34 17
33 39 37 21
37 44 36 18
19 29 31 16
29 40 40 20
36 0 12 15
3 31 38 16
23 17 21 5
20 39 21 24
31 36 40 17
18 27 40 31
36 36 18 17
43 13 17 15
32 33 27 11
35 36 38 21
30 36 19 12
35 41 36 20
36 1 7 8
14 43 21 6
39 37 8 18
11 44 37 22
23 18 14 6
19 32 35 40
6 48 16 39
25 43 0 29
20 43 10 34
33 31 35 20
43 21 45 3
14 44 29 46
17 28 37 22
33 26 36 17
25 18 31 17
30 32 11 18
15 43 32 9
45 45 39 25
28 37 42 14
14 47 10 25
5 9 13 20
16 23 27 22
9 44 10 21
28 29 11 11
16 42 19 22
38 39 47 4
1 32 39 16
29 16 15 7
30 42 43 16
36 39 6 19
8 18 14 22
41 44 36 17
27 21 43 27
12 44 9 10
32 44 40 22
16 48 16 18
14 41 35 16
6 45 37 17
39 36 20 13
8 49 20 2
40 22 31 28
36 31 23 9
13 45 12 22
37 42 22 4
12 45 20 26
26 31 39 22
15 36 7 16
27 40 40 20
11 44 21 29
44 25 36 37
12 42 38 14
38 38 34 20
10 44 16 16
41 45 34 17
34 38 33 20
12 39 4 18
26 24 40 25
11 45 35 16
32 40 30 13
0 46 15 19
34 43 15 20
36 38 17 15
39 4 12 16
49 37 35 20
8 44 31 10
34 39 29 44
16 11 19 15
18 46 9 18
14 46 40 21
30 28 19 13
11 47 36 9
27 38 13 18
33 33 19 25
13 43 37 18
28 9 26 4
29 34 43 19
39 29 17 23
20 31 37 21
32 30 13 28
14 44 19 8
9 43 29 3
14 39 10 16
25 28 17 17
36 38 35 15
40 26 12 15
13 48 30 10
18 35 36 23
22 16 19 19
8 46 15 10
36 33 15 4
5 45 34 16
44 25 40 24
15 42 15 30
12 29 20 20
31 39 43 2
29 42 18 29
43 38 28 15
34 24 12 24
48 45 38 21
11 44 37 21
27 28 15 18
30 22 11 19
28 40 34 23
11 18 17 13
23 36 11 28
15 46 6 24
11 35 23 30
21 12 12 22
9 43 38 20
6 29 18 14
28 31 38 20
28 34 16 21
32 29 15 24
19 44 18 9
39 36 32 38
31 9 35 21
18 17 40 23
40 34 39 26
28 42 12 18
47 42 11 22
15 32 23 14
35 35 1 29
38 14 46 38
12 46 13 11
6 43 28 4
10 43 39 21
39 34 15 18
15 45 4 16
13 46 5 18
36 41 41 11
7 25 17 22
7 36 42 23
46 39 41 17
21 40 38 25
25 37 11 17
15 37 36 18
34 41 11 35
10 38 28 4
32 28 16 19
13 30 38 16
16 45 15 20
31 7 13 13
18 19 12 25
19 19 12 19
16 24 34 21
13 44 16 5
15 44 15 23
9 48 37 23
23 13 42 17
9 46 15 11
40 43 20 6
34 24 25 20
12 42 18 42
19 47 44 8
19 24 20 4
16 42 22 25
13 44 39 18
9 47 14 32
5 47 17 22
22 31 46 10
25 23 8 22
11 46 19 18
31 24 35 16
15 34 38 23
40 42 14 28
18 24 38 20
10 45 38 21
28 26 36 22
14 44 11 21
37 33 16 19
0 47 41 12
26 35 35 19
6 30 40 21
38 31 39 21
5 33 36 13
26 14 14 21
17 28 33 39
10 43 16 2
25 16 40 23
9 40 13 16
9 47 27 1
17 38 25 13
10 46 20 34
13 45 12 41
17 37 14 31
16 29 15 7
43 24 13 18
26 41 37 14
39 28 35 19
13 44 20 37
10 44 30 22
26 35 15 34
20 39 37 2
12 44 38 21
12 41 23 5
24 41 10 25
26 35 6 20
34 29 38 21
13 45 35 0
14 45 36 17
21 22 35 19
30 37 37 24
30 24 21 14
9 47 42 31
9 32 18 27
26 38 17 18
12 41 40 16
32 30 38 23
45 38 22 15
38 40 20 21
37 34 26 20
21 33 41 19
23 47 8 25
43 23 15 20
29 35 34 18
9 42 30 35
40 20 10 9
10 43 33 2
11 44 28 36
26 48 17 42
3 24 36 49
11 48 4 33
7 15 15 12
20 9 39 23
36 49 15 31
35 44 22 2
12 42 34 18
8 47 46 10
33 34 9 28
14 44 13 10
10 45 31 47
9 44 13 18
36 44 15 25
38 44 35 14
14 49 40 15
16 33 42 35
11 21 34 3
40 25 38 16
2 46 14 24
31 38 16 20
29 34 37 16
39 20 22 5
31 39 36 22
35 33 22 0
31 28 32 15
12 45 31 19
10 45 21 46
35 32 25 45
29 39 3 26
12 41 25 6
12 42 40 22
11 46 38 18
27 27 17 7
34 34 8 29
23 39 38 19
13 43 38 21
29 42 26 27
34 44 13 14
12 43 37 21
29 16 12 20
13 47 35 23
12 49 13 18
12 45 33 22
28 41 49 4
15 44 8 24
33 41 37 15
11 39 18 1
20 10 37 22
32 33 14 23
34 40 33 16
17 44 28 32
14 46 12 9
30 33 37 26
32 30 20 19
34 28 33 19
35 35 39 21
23 44 17 21
33 36 37 22
16 42 23 19
33 34 42 31
12 45 7 19
17 48 23 19
31 35 5 19
37 40 22 12
24 34 16 26
33 31 21 6
9 46 20 26
8 45 12 14
20 33 22 21
43 36 34 7
49 41 16 23
15 47 38 21
29 39 15 22
39 36 38 24
35 15 49 7
13 47 20 18
31 44 18 5
17 43 23 1
46 31 14 22
11 7 28 16
27 22 10 18
10 47 37 20
17 47 37 9
24 20 18 22
31 24 13 23
35 38 34 20
19 16 17 25
11 46 35 18
44 36 14 48
28 40 39 20
13 41 23 18
9 35 10 19
19 17 14 6
21 47 45 21
16 36 40 1
10 43 41 17
16 48 11 26
11 46 15 26
14 47 39 15
33 37 17 26
24 11 23 3
29 44 40 40
39 35 16 24
29 36 40 22
8 42 35 18
38 18 39 22
33 48 24 15
12 38 22 2
33 37 21 5
11 47 15 22
4 40 47 8
13 46 41 46
35 32 19 22
34 21 19 17
39 29 48 31
0 42 17 14
9 46 21 15
38 32 24 0
9 46 13 19
29 17 23 15
12 42 9 12
25 25 20 16
35 35 19 24
22 49 38 21
16 41 41 22
14 42 46 6
19 25 12 24
12 41 20 24
12 45 38 22
8 45 38 20
19 16 26 32
34 18 40 22
14 16 27 33
24 44 18 21
18 18 7 20
12 43 9 36
22 23 15 16
14 42 15 23
29 36 33 14
13 44 21 4
46 24 17 21
24 11 39 18
15 45 34 20
12 43 34 14
35 32 17 18
37 38 11 29
30 38 37 16
19 24 5 11
20 27 15 20
10 44 33 10
30 23 40 21
13 42 2 17
1 36 8 24
22 46 38 15
12 44 37 12
24 11 18 11
40 2 17 2
15 45 15 39
26 35 31 38
11 44 42 18
12 44 15 32
11 46 3 32
12 45 15 32
11 41 34 0
34 34 11 22
16 48 20 13
38 20 43 20
33 36 38 18
22 12 32 22
35 18 40 6
19 24 40 22
17 49 34 21
30 39 2 21
11 45 7 13
13 10 12 21
23 43 19 24
14 44 40 15
30 24 39 5
35 40 16 21
31 37 5 8
39 46 14 24
46 19 35 16
32 49 18 5
13 37 23 4
32 47 19 9
31 45 19 27
13 46 39 12
32 27 27 11
15 42 19 12
1 36 18 20
18 26 32 6
48 29 41 14
28 25 38 22
19 19 13 19
15 18 24 5
32 38 22 20
33 37 38 16
36 35 24 8
47 24 8 35
20 27 46 16
45 38 18 2
36 41 4 48
13 43 33 17
36 33 11 25
36 33 23 24
12 45 36 14
13 47 39 40
29 34 48 43
15 49 7 41
40 36 36 13
12 44 19 23
13 14 35 17
43 34 11 19
26 7 11 24
10 47 12 25
37 25 21 1
14 26 40 21
27 5 41 28
12 45 18 17
19 45 34 15
20 17 41 22
10 45 4 37
27 46 6 19
25 39 35 16
30 37 10 8
26 29 30 8
11 43 6 25
39 22 16 25
46 37 49 0
12 47 18 17
28 26 25 2
36 32 33 3
35 37 6 19
14 44 20 1
26 34 22 1
23 40 23 12
33 43 31 31
11 43 38 22
18 41 37 43
45 42 15 30
13 48 44 16
32 35 20 8
16 42 36 14
13 44 35 19
14 43 38 24
31 21 39 13
11 49 18 19
15 41 37 21
13 44 12 20
14 3 40 21
5 18 47 45
9 44 29 47
11 41 33 19
31 35 9 40
35 44 40 22
40 28 38 22
42 26 25 38
20 38 38 17
9 43 20 5
14 44 27 11
36 26 48 49
31 34 40 16
36 32 38 20
48 49 28 40
21 14 29 2
11 44 31 6
27 38 39 20
37 14 40 18
28 13 10 15
11 44 36 20
13 46 13 15
12 44 32 24
10 43 21 26
18 43 9 23
10 46 14 19
14 42 43 37
35 32 20 7
10 48 28 19
28 38 37 21
23 34 46 0
18 21 21 18
32 19 41 17
49 14 25 1
16 47 38 23
23 45 44 16
37 21 17 17
10 44 12 13
22 42 41 18
36 40 18 23
31 35 14 15
17 27 35 25
36 28 11 17
24 38 18 23
39 38 11 18
23 47 27 5
13 40 13 15
18 21 37 18
16 47 40 21
33 42 31 4
28 33 7 17
15 33 21 32
13 48 38 23
14 48 34 16
43 25 37 39
43 41 39 23
13 44 20 29
17 46 24 19
40 31 39 22
21 37 39 21
32 44 36 22
12 45 18 31
24 28 39 22
23 36 18 2
13 47 9 17
15 47 37 13
27 39 18 14
10 46 21 22
33 37 22 28
36 32 25 24
22 44 40 19
28 16 20 11
26 46 23 3
23 48 25 16
14 42 46 12
39 36 15 13
34 22 9 22
34 37 41 18
10 47 23 13
7 36 31 19
25 40 18 1
40 36 11 36
29 39 15 17
22 18 38 22
30 34 11 26
31 6 22 20
20 32 40 5
21 17 13 20
30 33 18 13
31 29 36 0
41 3 45 19
31 18 39 17
29 33 9 19
24 14 39 16
11 49 32 15
28 27 20 16
32 43 22 14
30 38 5 24
10 48 34 19
36 40 34 14
14 40 12 14
10 48 38 1
35 37 39 23
32 41 34 15
10 41 35 21
14 42 39 40
33 21 40 14
14 35 39 24
29 30 37 16
10 45 8 21
24 2 36 22
34 14 8 22
9 41 40 22
32 21 12 16
10 49 14 17
16 21 41 22
28 37 29 10
34 7 38 16
34 42 17 25
30 47 15 15
13 45 39 21
24 28 20 15
37 29 40 13
7 44 34 21
27 42 40 22
14 46 14 16
12 43 38 24
12 44 16 26
21 37 13 16
22 35 9 18
32 42 41 16
11 43 8 12
45 27 19 19
10 43 21 25
41 44 29 16
22 35 4 29
9 45 16 6
28 35 14 27
39 41 34 18
30 37 35 19
22 27 11 19
37 37 37 23
34 34 35 17
29 38 25 9
35 40 12 18
18 32 16 19
37 21 45 36
45 40 36 22
28 35 27 27
13 45 23 0
12 48 2 49
10 46 46 20
30 41 48 16
18 48 33 21
13 44 39 12
35 33 28 7
10 44 40 17
13 19 16 15
17 47 8 11
30 36 10 22
17 34 36 16
12 44 16 40
32 34 34 18
18 29 37 32
18 36 39 26
48 32 13 13
16 43 13 16
11 49 18 25
40 37 19 2
30 31 13 28
29 28 38 15
14 43 24 12
24 21 40 11
39 44 24 21
29 32 15 12
14 44 38 23
30 35 37 21
15 27 42 38
32 23 40 6
19 34 29 37
31 32 26 27
9 44 37 18
13 42 39 23
13 45 26 1
29 38 35 19
31 36 18 38
9 46 13 5
31 26 14 21
28 25 15 26
47 33 42 40
32 29 32 8
2 40 39 25
25 35 35 17
15 43 19 23
37 42 19 24
34 37 15 23
11 47 38 23
24 28 36 11
22 36 41 38
42 44 11 23
26 41 38 23
12 43 37 25
22 25 37 23
32 40 11 20
15 41 17 25
11 43 35 12
15 45 0 23
26 48 10 44
10 42 34 23
22 10 27 19
30 31 20 17
15 27 9 15
1 24 42 21
13 45 37 9
18 20 35 22
14 41 26 37
3 36 41 18
31 30 38 18
16 30 22 17
26 45 13 33
24 39 33 24
28 37 20 16
30 31 25 3
33 36 20 23
13 45 16 16
27 25 35 17
31 39 19 48
30 34 19 1
29 37 35 17
20 36 35 13
35 10 41 24
28 41 12 23
48 30 29 0
12 45 23 17
8 45 39 17
32 37 36 21
15 48 37 22
31 38 39 21
26 23 40 8
30 29 10 14
35 27 32 14
11 45 34 32
14 24 41 16
9 44 39 22
5 39 17 8
49 41 34 47
48 26 9 22
41 33 37 22
9 43 42 14
14 44 36 16
15 43 37 15
41 22 21 2
13 43 38 18
33 31 14 21
9 37 26 19
24 39 22 16
28 2 48 3
0 28 17 21
8 44 31 6
11 40 9 27
34 35 4 36
13 47 48 22
6 46 13 37
15 44 42 31
9 44 34 25
16 44 36 16
41 36 41 1
14 45 37 35
25 21 16 15
24 31 33 24
15 47 3 29
34 41 41 0
30 24 14 16
0 36 18 12
11 45 17 25
28 12 13 26
46 26 22 27
9 41 15 3
12 45 40 23
29 18 39 22
12 48 22 21
21 10 39 20
29 41 13 13
35 20 36 12
25 36 11 18
13 43 38 24
31 15 36 19
38 29 19 12
13 39 15 17
24 21 17 15
34 36 36 15
27 9 16 22
7 40 17 8
26 35 16 29
14 45 40 25
32 44 15 18
6 23 39 20
29 27 7 17
28 9 24 39
46 44 20 15
16 33 5 30
40 14 24 42
36 29 39 22
31 31 22 12
10 43 11 25
23 36 15 21
34 42 13 21
39 22 15 20
12 42 17 3
11 45 17 6
30 43 15 21
11 44 12 21
33 38 13 21
19 41 16 25
39 29 18 33
35 40 8 30
31 37 40 1
12 21 4 38
13 47 23 18
41 33 19 23
12 46 41 18
28 23 35 9
30 30 38 19
9 47 41 40
27 29 20 4
27 40 10 15
10 43 11 37
32 42 10 20
13 41 9 16
10 47 37 20
35 40 18 20
13 43 34 15
34 36 15 19
27 28 15 15
29 31 37 14
39 27 22 6
13 47 39 23
21 5 47 31
7 42 14 19
33 36 15 16
35 36 11 26
39 32 33 7
12 44 36 23
44 24 37 20
32 33 0 19
42 46 36 18
16 43 33 19
8 43 32 4
32 36 10 21
34 24 25 26
41 17 13 23
33 25 9 0
15 20 49 30
6 10 44 8
0 24 20 13
11 48 27 5
34 20 8 17
48 41 39 14
29 34 41 22
25 34 11 15
16 39 21 28
19 43 36 2
31 43 18 32
29 43 23 44
11 45 16 15
29 40 10 18
36 14 44 19
6 29 39 20
17 36 28 3
14 40 39 25
13 43 26 17
42 34 34 24
26 33 46 11
21 39 32 17
9 45 36 19
23 27 25 5
19 10 28 26
30 40 40 20
46 34 20 23
8 44 39 23
26 34 8 15
27 34 13 22
12 45 16 21
33 26 2 33
30 42 44 2
28 34 19 23
11 41 34 15
46 48 14 20
11 46 15 21
27 40 26 19
35 31 19 12
24 28 38 22
35 31 19 20
21 42 40 21
12 43 32 7
10 42 31 0
12 43 15 18
26 13 12 16
10 44 17 2
32 39 43 10
