50 1076 13331 800
12 7 38 35
9 26 1 12
28 48 37 2
13 16 14 39
28 40 37 31
23 41 20 6
12 24 5 29
2 10 32 45
24 1 26 31
19 3 27 41
25 2 33 36
47 23 43 31
34 41 25 46
0 21 29 32
38 35 14 21
26 1 2 27
2 20 41 44
23 6 15 14
26 4 23 15
19 2 41 3
26 31 12 24
42 25 31 14
42 43 18 39
29 22 17 18
13 31 27 44
25 47 25 1
12 19 10 11
13 11 11 49
22 1 10 36
25 2 35 30
24 45 10 38
18 17 21 48
25 1 12 36
7 33 24 46
16 39 31 45
24 32 32 31
16 17 37 32
27 38 18 2
33 22 13 34
7 29 35 45
35 42 3 48
25 0 38 20
20 33 5 46
26 0 4 10
20 21 35 36
33 34 33 43
25 2 32 49
36 44 34 29
13 37 3 2
15 33 27 46
0 27 26 2
20 39 38 31
33 43 35 30
5 26 27 44
42 34 40 15
20 38 34 28
32 42 32 33
17 30 38 30
17 44 34 8
9 11 28 20
14 22 4 38
17 3 27 47
32 46 37 34
20 22 35 7
13 26 28 31
27 29 33 37
3 46 35 39
20 2 10 39
28 0 35 32
30 40 25 42
17 20 9 15
5 0 17 22
29 26 2 16
31 39 37 29
8 23 11 33
22 31 12 28
21 4 29 43
16 31 20 8
22 30 33 12
25 41 3 47
43 30 4 30
23 1 37 27
13 35 28 48
16 28 5 21
43 38 38 29
20 0 31 5
25 3 6 46
10 8 16 6
28 16 0 24
38 38 6 10
3 39 42 5
0 27 28 44
23 0 46 1
25 31 12 36
28 47 0 24
8 2 17 39
22 30 33 18
26 1 15 8
22 2 29 16
15 22 34 10
19 4 39 30
8 36 16 34
6 1 0 40
13 2 44 49
33 38 17 11
46 49 3 37
48 33 40 5
24 27 19 31
9 27 40 31
18 34 26 46
23 2 1 47
9 42 36 28
17 43 38 34
22 3 33 30
49 22 27 10
7 27 7 32
5 30 28 44
9 34 25 4
21 2 1 9
19 27 37 15
22 4 10 45
27 1 28 47
23 39 16 46
39 41 23 20
21 32 7 36
18 3 39 7
8 20 27 48
19 32 22 42
19 27 11 29
11 28 39 33
24 0 14 38
19 0 44 36
21 36 39 37
23 3 32 26
0 24 34 31
41 20 32 10
11 17 5 35
10 32 26 45
16 34 32 11
14 24 8 37
25 46 9 34
31 28 36 24
29 0 26 47
4 20 38 46
15 43 40 33
25 0 17 31
24 39 36 7
34 27 18 43
0 36 26 18
22 1 9 8
18 18 0 14
12 27 31 27
20 27 38 29
13 23 28 21
6 20 23 9
14 33 2 23
3 9 28 48
20 43 31 17
14 32 15 28
18 29 4 40
38 8 33 42
12 32 34 34
23 1 30 47
38 42 5 48
29 35 24 42
3 16 11 30
25 2 28 47
5 40 38 8
6 26 26 49
14 30 38 32
26 2 18 10
24 1 11 43
16 34 32 34
15 29 23 6
25 30 8 10
18 3 11 16
24 4 2 37
37 12 23 44
4 27 38 4
23 2 3 15
34 43 3 48
8 18 23 7
25 31 21 19
24 0 31 40
12 45 29 15
29 43 3 10
23 36 14 28
26 0 11 48
29 27 2 26
15 37 33 48
37 44 5 15
23 39 4 48
27 49 17 38
25 2 36 29
39 38 9 46
29 27 1 41
9 24 43 4
31 42 32 28
28 44 5 43
33 39 24 0
11 32 2 6
23 1 4 14
23 24 32 8
26 2 22 10
25 43 3 14
15 31 24 38
49 42 15 10
14 31 32 14
25 1 6 13
14 0 28 48
24 2 39 2
26 3 5 39
19 48 5 37
26 1 18 12
4 40 36 24
21 6 34 12
24 45 0 11
23 3 30 44
8 9 32 47
17 31 35 24
14 4 27 42
26 32 39 36
11 20 8 14
24 30 26 48
27 0 34 32
39 0 22 33
31 36 42 45
27 0 28 48
30 31 25 43
15 18 12 31
15 34 4 37
8 34 36 27
10 29 15 5
35 14 36 31
30 28 5 23
32 41 37 30
43 40 7 49
26 35 13 40
22 20 2 14
14 29 32 40
24 5 23 21
4 3 2 46
49 45 34 45
16 40 2 23
20 1 27 22
8 20 6 10
33 36 28 21
40 39 22 10
27 46 40 33
15 39 2 35
22 40 13 2
23 13 6 35
27 46 2 16
26 2 4 40
8 41 36 30
18 0 29 46
11 14 22 13
28 1 46 47
11 49 28 12
12 33 2 21
21 44 24 46
24 39 6 17
29 42 12 38
41 1 16 9
29 40 29 45
16 32 0 47
14 2 26 46
24 1 23 6
22 24 0 19
18 28 34 27
16 28 25 34
19 36 9 18
22 22 32 11
25 0 32 48
21 2 1 11
24 46 39 35
30 44 13 24
14 27 29 42
25 0 23 3
37 43 32 31
17 22 7 9
33 7 35 36
37 17 29 48
16 32 31 45
25 48 25 43
24 28 39 12
24 1 28 46
16 21 33 15
19 31 35 23
13 27 23 18
18 39 2 14
34 47 32 4
13 4 34 8
35 40 24 23
49 49 0 8
18 29 24 38
17 32 35 34
7 33 4 44
20 33 24 48
26 5 28 45
5 24 37 7
24 1 33 25
46 7 29 0
11 20 9 42
33 39 19 29
5 24 27 41
17 34 17 9
27 1 6 46
38 44 30 16
18 12 10 30
14 27 26 45
41 18 32 47
48 45 34 30
24 2 34 5
27 1 30 47
23 34 2 10
10 44 45 43
23 43 3 44
16 11 18 5
25 4 0 23
21 24 28 45
26 38 30 47
30 38 7 44
23 24 0 40
25 33 34 37
25 31 19 37
49 43 35 32
13 33 31 47
22 3 3 24
9 38 1 11
14 36 16 40
28 1 25 12
12 30 31 15
3 12 40 28
11 12 26 47
29 1 30 44
4 27 1 19
25 44 19 36
7 29 8 44
16 9 17 35
24 1 25 47
26 0 5 7
20 6 24 40
13 6 38 1
8 29 24 49
23 41 48 4
19 15 2 18
7 42 38 33
27 41 39 29
21 41 30 47
12 22 24 46
33 45 29 29
30 38 2 40
21 0 25 8
20 1 33 27
15 23 12 11
6 36 4 29
12 13 36 47
9 11 27 46
0 7 26 11
12 30 29 45
21 0 31 47
37 34 30 27
19 13 8 41
22 3 26 6
14 22 35 34
16 43 31 18
25 30 40 6
23 36 6 17
13 11 28 46
33 43 8 44
24 1 31 47
11 31 21 17
15 48 3 19
37 44 0 15
23 4 27 46
25 24 33 29
21 43 26 41
12 17 31 40
29 33 28 5
22 5 26 44
33 31 8 18
21 31 33 26
20 0 7 44
14 38 2 20
30 35 27 7
5 31 12 30
9 20 27 7
34 35 0 22
23 3 8 10
36 41 25 17
22 32 25 15
25 29 32 34
23 2 7 17
3 19 2 12
22 3 28 11
17 32 2 18
21 44 16 45
23 2 36 16
19 12 25 46
2 10 11 48
21 4 26 46
32 38 32 30
23 38 38 37
20 24 26 44
1 26 27 24
11 23 31 48
28 1 29 49
12 6 31 46
24 5 19 38
7 28 35 30
9 32 21 33
34 42 27 8
12 20 24 1
9 27 17 38
24 38 5 8
29 43 31 46
29 49 1 48
13 28 14 49
2 37 33 33
24 0 6 24
26 34 11 10
7 29 47 27
29 43 26 45
30 37 40 31
48 40 31 36
19 5 12 41
21 3 32 13
16 38 37 41
12 35 35 35
23 2 16 44
23 46 33 33
6 22 9 26
21 24 29 41
11 39 44 25
47 41 31 14
15 38 28 24
23 42 4 4
27 2 12 4
3 6 24 6
29 38 35 39
25 31 29 45
8 47 14 24
22 3 40 46
16 30 34 37
29 48 36 29
30 44 29 48
41 5 38 35
10 23 40 14
13 16 33 33
38 37 34 0
18 6 22 22
35 34 32 25
4 25 37 33
14 21 37 33
18 22 23 47
32 38 43 29
10 38 30 47
26 4 37 32
17 31 23 6
39 27 45 2
23 1 36 34
26 38 16 42
34 39 39 40
43 32 24 4
23 1 19 44
10 26 26 47
26 28 33 33
29 42 32 2
15 29 35 35
29 48 2 37
25 39 41 28
37 14 24 23
3 23 26 30
49 42 3 19
38 27 3 17
14 19 34 26
5 34 27 44
23 0 3 14
41 25 24 1
32 47 27 41
14 42 33 4
21 27 38 13
24 1 33 21
23 1 48 7
26 35 23 3
47 45 11 37
27 46 17 11
24 1 26 47
35 33 26 49
32 45 21 0
21 38 6 28
26 42 37 42
22 30 40 32
24 33 38 33
9 32 35 39
28 26 31 32
23 48 32 10
33 33 11 44
21 35 24 7
31 46 0 20
12 22 35 23
17 5 32 33
47 31 11 11
22 2 18 7
11 40 36 49
19 24 35 29
42 49 2 12
23 29 2 24
41 22 28 43
27 42 4 45
24 3 5 9
35 44 24 9
15 21 35 30
3 25 29 18
11 28 33 7
26 26 36 34
12 35 36 34
23 1 30 31
24 35 34 33
28 40 5 9
43 48 38 29
21 3 33 28
6 18 23 19
7 4 29 10
25 26 20 17
32 32 26 42
30 28 36 39
3 20 24 7
12 24 15 45
17 27 37 32
31 40 10 27
16 23 28 47
45 2 33 31
8 42 33 31
12 29 24 46
7 20 28 44
24 38 24 45
43 34 23 43
8 6 33 34
3 21 8 21
32 44 22 40
41 46 30 45
0 10 16 39
21 4 35 32
29 35 5 16
9 15 36 0
43 41 13 7
32 49 8 18
30 17 34 49
32 36 29 43
34 49 27 0
17 19 40 29
3 12 25 0
42 42 10 25
35 46 21 3
20 4 1 37
33 10 3 38
9 37 33 33
31 47 15 8
41 41 32 3
10 0 44 13
7 22 24 5
19 31 40 32
14 22 33 32
8 36 26 49
31 40 36 36
37 40 28 47
24 47 37 10
1 25 7 40
23 3 28 17
9 9 31 46
8 0 41 35
14 22 8 33
26 42 12 35
25 42 26 1
22 29 38 31
11 10 35 36
16 29 27 47
11 25 16 10
39 33 25 41
28 47 36 14
26 39 9 16
13 38 28 48
18 32 16 35
26 0 35 8
0 39 26 44
24 0 1 15
26 11 6 9
25 3 28 47
20 3 21 15
31 10 40 24
30 38 38 34
11 6 28 9
24 1 29 42
20 12 34 12
15 32 34 5
41 44 38 8
33 42 34 10
0 3 23 46
24 0 28 48
1 29 30 44
31 28 32 44
27 3 21 7
18 19 25 16
20 1 38 29
5 32 17 45
26 33 0 42
10 37 15 17
23 39 4 18
3 10 4 17
35 43 21 23
21 40 10 24
42 24 31 21
3 39 29 46
12 41 32 42
28 44 26 1
1 10 39 31
21 2 45 3
5 30 25 23
1 43 20 3
16 7 39 28
25 2 28 31
23 0 28 47
25 4 31 44
18 46 26 15
26 26 2 34
22 25 11 29
22 41 38 8
22 39 22 46
3 24 26 2
16 29 20 38
32 37 10 46
47 40 26 47
31 22 35 9
41 13 43 39
31 44 8 43
25 32 25 13
10 23 27 1
24 32 31 42
16 25 3 19
23 28 21 1
19 11 26 46
16 45 10 40
6 39 7 12
37 30 27 49
25 0 4 29
24 43 30 45
46 41 25 45
21 46 26 48
27 6 8 40
28 2 30 42
23 1 32 37
2 15 29 48
16 24 37 47
19 1 36 32
8 14 34 38
21 28 16 6
0 20 0 27
6 43 32 38
38 49 0 24
21 27 28 45
24 1 40 18
37 43 37 31
28 32 23 40
26 33 39 31
30 35 12 38
21 1 38 13
12 18 15 14
18 26 5 39
23 3 39 4
12 27 35 35
24 25 33 30
28 0 29 42
2 18 12 20
11 43 35 34
33 40 30 46
35 43 32 15
11 28 22 39
21 30 13 1
18 33 4 17
27 5 28 47
24 1 30 47
25 42 4 8
37 33 37 28
29 40 3 17
22 41 32 33
16 11 26 10
39 43 27 44
37 43 15 44
11 35 23 16
21 2 27 43
37 30 39 5
6 7 25 6
26 36 35 36
31 37 1 47
15 41 3 26
2 20 16 10
20 31 5 38
27 30 19 14
27 36 16 24
18 18 39 2
21 0 4 44
28 34 36 32
26 5 3 9
21 2 34 38
26 37 21 2
16 41 10 38
23 1 4 20
28 49 2 19
23 2 32 11
26 0 40 39
16 35 6 33
20 4 33 30
25 36 31 47
11 24 26 1
48 33 12 14
27 0 26 47
12 2 26 0
10 30 18 3
8 31 32 46
48 37 18 31
2 38 4 18
35 42 31 43
28 38 29 42
3 10 34 0
36 45 24 49
8 30 29 49
27 25 45 16
7 37 13 49
12 32 18 18
32 42 40 29
20 31 17 46
15 28 5 40
29 29 29 44
0 24 33 0
5 8 30 47
9 24 33 47
16 43 39 33
24 2 25 27
23 1 47 28
26 42 34 34
25 0 43 16
22 4 30 39
0 1 13 40
25 43 30 46
17 48 29 10
23 28 32 30
20 12 45 5
23 3 30 7
20 26 45 7
5 36 31 43
11 32 0 17
26 33 13 49
21 2 29 48
17 42 28 7
8 7 32 34
22 0 12 43
3 22 5 25
17 17 28 10
21 28 29 45
41 47 10 15
29 34 25 44
23 1 37 32
8 41 41 28
39 27 32 26
2 34 28 7
14 34 35 35
4 37 17 8
9 19 27 44
25 44 0 36
5 9 3 15
34 42 6 27
47 23 27 46
15 25 10 46
22 2 40 15
20 15 6 17
25 2 34 10
24 0 7 18
28 47 19 29
22 40 6 9
12 42 13 19
25 3 26 44
23 0 31 32
1 13 27 47
26 41 10 45
12 40 9 19
28 43 24 46
31 41 35 33
32 44 37 37
17 1 46 19
30 37 3 11
23 3 18 46
15 15 33 48
19 23 48 8
15 27 23 38
26 26 47 23
30 42 34 33
2 36 28 45
21 35 22 11
26 47 40 36
23 2 47 28
23 39 34 34
11 19 37 36
25 1 26 47
22 0 26 2
33 47 38 31
23 3 39 30
35 38 8 18
28 44 3 19
20 0 28 3
21 43 40 28
21 32 35 33
18 29 0 18
5 0 26 47
28 12 7 22
24 2 4 6
23 1 36 44
28 7 33 33
12 19 22 18
40 46 26 15
23 1 33 43
30 34 5 35
23 11 24 43
27 36 33 33
10 31 31 34
10 7 24 17
28 37 30 44
31 9 3 19
11 9 10 16
26 5 26 45
10 31 16 12
12 27 20 10
35 36 10 9
1 25 32 35
30 27 33 35
36 42 22 22
26 35 35 27
9 35 31 44
12 32 13 39
26 37 34 4
6 1 16 18
16 24 10 43
14 34 37 34
22 2 33 34
19 21 31 32
31 44 24 49
24 1 45 46
20 37 32 47
19 31 3 13
41 43 25 26
0 25 34 37
25 3 3 5
41 18 28 10
33 41 48 19
12 38 32 3
9 29 25 5
21 36 29 45
14 42 45 6
26 42 4 30
23 0 42 16
47 25 34 9
27 3 6 14
23 3 4 17
29 30 26 48
24 1 20 17
31 29 1 21
1 15 34 29
32 39 16 16
1 29 21 7
26 26 41 5
4 34 32 5
35 39 48 8
21 33 30 34
25 2 40 38
44 41 39 22
29 22 16 25
21 1 32 49
23 30 48 26
9 12 35 33
39 3 25 45
24 1 40 4
24 2 2 10
0 19 10 2
1 21 34 5
28 26 36 35
25 6 23 44
11 26 34 45
43 33 31 22
24 2 6 23
10 35 27 48
7 28 45 45
4 32 25 17
16 43 9 38
19 32 37 46
30 40 2 14
1 7 0 22
26 0 24 16
14 36 29 47
36 45 31 44
33 35 10 16
17 44 28 13
32 31 23 17
3 9 14 35
19 45 32 12
34 46 28 4
23 7 32 24
17 20 28 47
5 40 9 46
26 41 34 37
23 20 7 30
24 1 34 34
36 34 26 44
11 7 20 8
19 27 36 36
23 0 18 6
30 45 8 32
8 19 23 4
37 49 32 46
21 22 3 21
18 32 41 38
30 47 4 11
22 2 35 31
9 7 23 33
21 0 31 45
24 40 13 16
18 44 37 39
27 1 6 16
10 33 4 14
15 38 10 37
18 22 28 47
28 31 41 16
14 37 31 24
24 31 35 31
47 49 31 9
19 10 25 48
33 44 3 16
23 47 24 9
36 40 32 29
19 1 5 31
27 36 26 41
10 35 6 38
25 0 4 29
20 4 27 9
25 0 4 44
46 47 5 39
25 0 26 9
26 38 3 17
35 13 41 33
25 10 11 20
24 37 13 26
22 0 24 47
3 39 35 27
22 36 35 41
10 24 41 29
21 49 37 8
24 2 25 47
21 29 25 43
13 20 24 45
12 26 20 48
22 3 35 31
23 26 30 40
23 29 34 29
8 12 35 34
21 2 28 6
26 45 5 23
28 38 40 7
47 47 30 5
14 26 0 10
20 41 30 46
20 22 34 35
27 36 24 3
18 23 7 49
18 1 32 49
6 32 11 37
20 21 5 18
33 36 38 24
13 34 36 32
48 15 22 18
20 34 25 28
25 0 38 38
10 9 8 23
16 23 31 31
40 7 16 4
7 20 7 37
27 21 25 49
8 22 26 43
32 26 14 47
46 29 31 45
19 36 34 33
22 39 5 15
16 35 4 19
25 2 39 32
22 45 30 11
21 47 33 36
27 45 39 30
13 37 36 30
5 34 26 39
33 48 24 3
11 4 26 49
15 32 37 30
17 18 29 38
15 15 17 43
11 22 30 43
20 32 31 48
14 2 11 19
27 37 7 8
16 29 0 17
18 20 18 27
8 29 33 48
26 0 33 46
23 4 0 8
6 28 39 34
34 10 24 31
13 44 1 20
36 33 23 47
13 36 21 19
21 1 8 31
6 1 0 17
37 10 23 43
16 29 29 48
7 0 28 45
7 10 9 30
12 40 13 45
25 3 32 29
27 41 31 35
17 1 27 48
12 14 23 6
12 3 27 45
28 31 25 44
9 16 23 45
24 47 31 35
23 2 6 22
8 5 34 32
32 42 0 19
19 27 36 36
23 4 28 4
20 37 32 33
1 17 3 34
7 25 15 39
6 18 26 47
25 3 34 35
25 1 15 20
38 44 43 11
24 3 2 21
26 31 35 33
24 2 30 46
7 26 21 5
24 0 31 45
24 38 24 6
36 34 11 3
36 49 32 31
12 46 30 44
32 41 35 35
41 44 41 10
10 27 27 44
30 34 26 3
2 33 22 14
23 1 3 24
27 32 3 16
28 2 18 3
11 36 34 31
10 31 30 49
23 0 7 13
34 22 30 45
32 26 37 29
30 39 18 44
7 20 3 45
34 44 15 47
6 21 22 9
0 34 31 34
8 34 27 20
22 35 36 26
27 46 8 16
7 18 6 2
34 39 35 31
