50 180 11961 800
12 18 43 19
9 13 11 9
27 27 8 6
7 19 2 2
31 12 44 36
11 36 42 44
30 7 1 41
15 22 41 36
37 4 7 11
6 0 38 35
5 15 40 34
8 17 17 28
7 23 47 28
1 37 31 33
5 20 33 40
10 30 5 22
7 17 32 33
13 32 10 17
7 26 1 7
8 18 33 29
6 18 36 30
8 21 20 24
14 12 6 4
0 22 10 48
10 22 43 28
27 49 22 3
8 23 26 29
35 4 44 22
28 28 33 5
8 18 2 44
1 23 1 9
19 29 26 23
14 32 4 38
28 49 38 36
7 37 5 28
46 15 42 41
4 29 38 39
28 11 49 41
39 7 44 22
16 15 25 12
8 20 41 14
8 20 8 8
37 4 44 44
17 32 24 1
26 38 22 27
10 5 15 36
8 14 34 0
11 23 41 35
19 22 40 41
33 9 18 10
29 25 48 42
45 8 16 48
43 9 30 24
13 14 21 19
11 30 7 33
5 14 13 18
10 12 36 35
24 10 47 17
11 25 33 42
29 9 17 34
10 16 13 5
19 34 22 27
46 13 6 24
6 36 18 37
3 4 10 36
34 28 9 39
19 24 29 13
3 36 4 48
10 16 24 24
4 18 13 32
14 22 0 14
6 26 10 2
7 17 14 1
11 17 40 38
3 30 45 35
8 18 13 29
21 8 42 38
20 36 35 46
16 30 22 9
8 20 5 14
7 20 32 5
8 7 38 42
7 21 41 5
4 29 47 45
3 14 0 10
0 28 36 26
6 34 9 16
32 7 47 46
12 17 27 36
9 18 44 18
27 28 38 22
10 34 18 18
11 20 12 15
4 15 31 15
10 26 14 21
14 20 47 42
38 9 46 30
8 22 45 36
9 19 38 2
2 20 3 27
46 15 43 33
21 35 0 31
17 24 25 14
36 7 40 32
17 29 12 26
2 10 48 19
12 31 30 21
9 22 38 42
1 23 22 1
7 12 49 41
0 4 14 47
1 33 9 44
34 11 0 6
9 28 37 41
26 35 0 2
7 17 27 17
15 18 7 15
8 17 41 15
8 19 40 29
17 40 31 28
26 6 43 15
16 22 22 36
13 41 36 2
9 19 29 22
37 47 44 38
7 23 45 41
7 16 35 41
9 22 24 15
2 21 1 43
11 24 10 20
8 37 38 2
29 39 24 13
10 24 23 27
13 24 46 40
35 7 25 16
35 1 45 3
34 2 8 13
48 10 0 31
19 16 45 48
1 22 43 28
26 35 10 8
4 19 29 15
14 23 44 18
27 16 16 23
5 21 36 5
8 20 33 10
12 25 40 38
12 30 26 5
1 17 15 47
45 10 21 17
4 22 26 8
29 11 42 24
9 16 28 44
11 17 35 45
23 23 41 44
13 16 38 17
2 16 10 35
7 28 2 29
16 14 47 41
0 22 37 38
11 21 26 22
28 7 47 33
39 10 10 11
2 26 43 35
43 2 11 26
24 13 3 49
3 34 48 39
3 24 48 48
29 5 34 3
13 23 43 46
6 22 12 21
5 34 14 49
12 30 43 24
18 34 48 40
13 19 5 8
10 31 42 32
32 4 24 8
16 35 7 2
10 18 10 8
12 22 19 4
