50 241 17291 800
24 8 8 12
22 27 43 1
19 28 39 15
0 34 42 24
14 41 34 23
37 48 32 14
1 22 27 27
33 12 42 20
17 35 26 20
5 5 30 35
15 11 38 21
31 38 45 47
9 27 49 6
1 30 46 40
15 29 41 24
29 20 29 27
19 23 36 0
9 24 38 13
2 1 34 17
29 28 39 18
34 21 40 28
0 36 41 24
6 31 30 30
10 10 12 37
26 33 42 31
40 0 13 18
24 48 38 14
35 37 41 24
29 12 33 7
47 37 31 37
24 7 46 24
31 30 43 20
9 20 41 33
19 26 24 14
18 10 8 20
5 7 46 16
5 9 45 21
30 29 39 24
28 31 19 2
16 41 31 23
2 33 47 15
48 24 29 9
27 21 40 25
19 18 46 23
27 2 16 25
21 16 18 23
14 17 32 18
43 5 42 34
22 21 41 15
12 16 34 31
15 16 45 43
1 13 46 9
1 31 15 30
12 33 42 13
2 25 46 0
26 35 16 26
28 13 42 20
19 19 24 27
29 1 41 20
33 17 43 11
18 33 40 42
37 41 19 9
0 34 41 14
28 32 49 18
0 37 15 30
33 32 49 1
30 25 20 24
44 4 49 23
24 42 48 11
11 30 13 19
14 15 46 30
0 46 39 6
16 2 13 7
25 27 22 16
19 29 42 16
3 21 19 34
17 17 44 24
23 43 38 19
3 28 13 25
7 16 41 18
8 26 49 24
19 5 39 23
10 10 37 24
29 26 37 11
28 30 31 21
21 1 40 17
1 31 19 29
11 11 46 25
11 21 26 44
6 16 45 23
10 18 30 4
13 4 25 42
20 9 47 41
10 12 24 15
22 24 34 19
41 24 46 0
29 36 0 36
2 7 12 20
22 9 30 43
31 6 37 6
7 4 35 22
14 18 41 23
27 36 19 32
21 4 28 26
26 27 39 23
2 33 37 26
1 33 45 25
0 17 45 9
22 7 43 20
21 17 33 36
14 7 27 19
19 1 14 29
9 7 11 26
23 30 35 34
20 7 3 0
18 14 42 19
32 0 0 11
11 26 28 41
0 37 48 44
20 23 43 2
28 3 13 19
11 34 40 23
22 8 31 5
24 48 47 24
17 17 37 26
5 17 24 16
6 5 41 21
14 15 48 23
5 31 42 1
7 19 33 17
31 14 48 10
18 12 0 45
33 20 40 24
12 8 15 3
12 17 14 25
32 15 38 1
1 27 30 14
25 2 0 6
5 33 47 26
33 3 44 17
22 14 18 1
13 10 43 1
7 18 30 22
11 34 32 32
15 8 17 35
10 16 43 18
2 34 47 22
5 32 48 16
9 10 48 23
32 9 43 3
3 16 38 14
0 45 34 36
42 26 49 21
24 25 13 5
16 17 24 2
31 8 40 27
1 32 39 30
11 23 39 26
24 28 45 33
26 38 29 9
26 11 24 30
39 40 49 7
22 22 27 42
5 34 41 22
28 4 13 36
15 12 27 17
13 16 29 27
24 19 17 32
23 38 37 17
21 29 15 21
31 22 47 21
11 13 34 14
10 23 42 20
30 18 34 28
15 28 49 18
3 20 25 1
5 39 32 30
16 20 27 32
5 7 18 18
2 14 48 17
20 15 49 24
31 11 42 23
31 21 16 3
7 2 32 34
2 33 40 12
0 32 39 23
6 15 42 16
46 6 47 18
15 7 35 39
45 4 21 12
27 19 30 15
22 26 20 0
15 22 10 21
18 16 37 17
22 9 46 10
35 15 42 13
9 20 46 4
40 31 39 18
34 9 18 34
41 9 23 45
20 46 24 30
21 9 42 16
30 36 22 30
14 25 45 20
4 34 26 4
4 31 16 31
23 8 31 18
28 35 26 6
19 5 29 29
30 36 42 1
43 23 22 17
38 8 35 30
1 9 27 8
34 18 23 10
35 43 15 33
19 20 22 8
11 3 15 17
4 15 24 0
22 17 33 10
26 31 33 33
10 7 10 32
45 14 19 25
44 20 18 25
10 29 41 41
26 23 17 19
16 21 34 16
24 32 38 18
0 29 17 24
19 10 43 27
1 35 25 8
14 21 48 15
27 17 33 17
21 4 41 31
20 15 45 20
20 40 34 30
0 32 1 10
6 11 15 25
12 19 29 14
24 22 16 17
7 28 36 17
33 11 40 23
