50 105 13311 800
23 6 31 46
14 15 4 8
32 23 31 4
41 3 20 15
40 4 12 6
45 15 20 46
34 24 24 43
5 11 38 41
36 26 27 6
29 31 8 3
40 1 21 33
20 10 44 11
41 22 37 4
12 15 12 41
34 26 42 13
41 19 4 10
9 21 6 5
3 20 8 5
36 15 8 6
35 3 8 35
31 9 10 2
37 4 3 3
39 6 2 25
36 1 26 31
10 5 0 44
25 46 21 2
10 4 31 39
39 5 45 9
6 6 5 41
38 27 32 41
26 43 40 6
17 36 36 38
14 4 6 2
23 1 25 12
30 22 12 43
14 30 22 29
47 48 28 2
12 9 8 32
27 32 10 5
39 1 4 15
19 10 23 16
28 8 31 34
45 25 16 23
23 6 32 7
44 29 36 47
7 22 34 46
40 4 27 15
34 7 7 38
20 24 29 18
22 19 8 48
33 13 43 9
26 31 7 2
49 19 32 38
24 14 1 31
37 20 9 44
42 1 13 48
21 15 31 10
17 43 25 0
4 4 20 20
15 17 33 26
41 0 31 9
5 12 30 19
38 5 0 6
43 3 1 3
24 4 35 28
17 5 8 44
3 8 31 31
2 18 25 18
32 25 9 39
44 1 24 28
38 4 44 41
40 6 11 2
38 1 27 6
22 5 25 29
24 29 19 47
42 25 32 19
33 42 40 13
7 43 12 38
12 25 39 29
23 30 8 10
42 2 38 20
14 7 22 25
38 4 7 14
38 28 14 49
3 6 23 34
19 8 34 14
36 45 37 13
31 24 25 34
28 32 30 41
23 11 13 28
21 18 18 20
29 24 5 11
15 26 42 48
28 30 45 15
29 15 40 7
16 0 29 7
40 6 15 8
36 23 6 10
12 6 28 20
20 4 0 48
28 12 38 16
39 1 40 41
38 8 31 21
23 19 36 43
15 23 1 36
