50 208 11750 800
35 49 29 46
32 48 16 30
15 48 46 38
31 45 43 39
18 35 46 39
40 40 43 32
28 29 49 48
33 14 43 44
38 0 48 30
31 2 45 27
31 47 40 38
44 3 6 25
34 31 49 40
41 28 46 32
46 18 8 30
49 6 13 17
34 45 42 35
23 13 38 34
40 29 13 21
37 15 49 38
16 27 49 36
38 16 23 20
28 25 12 15
36 43 46 40
22 11 29 45
33 44 28 10
38 46 11 8
38 48 49 34
40 47 34 40
40 9 30 16
36 44 20 19
43 49 36 35
46 4 48 39
35 42 49 35
30 42 44 43
20 39 39 33
44 36 41 30
35 42 46 40
43 45 37 34
48 8 25 10
30 37 48 36
39 47 45 30
48 20 30 35
17 46 41 40
27 23 47 35
33 25 45 39
36 49 26 22
35 45 27 23
38 45 45 39
18 26 35 36
38 44 37 31
20 45 46 41
34 19 35 37
33 49 43 49
1 41 42 30
8 41 14 15
43 48 46 36
45 11 42 29
36 6 47 29
20 0 37 11
12 37 47 31
18 31 31 38
23 48 21 14
38 22 25 2
31 45 40 44
34 41 40 34
34 49 28 7
48 11 47 36
39 48 48 39
35 41 34 30
16 28 49 35
22 42 46 40
14 29 18 35
27 3 49 46
37 45 43 31
26 44 11 6
39 45 47 36
35 45 45 38
38 30 47 35
19 44 32 31
15 30 33 29
34 48 36 37
15 33 12 0
32 22 46 34
37 47 49 37
39 41 47 42
43 15 47 38
36 35 47 41
42 8 26 22
45 15 46 40
7 47 40 37
37 34 25 38
32 47 40 30
24 29 29 36
42 24 40 32
31 46 40 39
39 6 40 37
23 39 40 42
44 5 30 19
28 47 34 24
20 29 49 26
38 47 48 45
19 47 49 43
21 36 34 44
28 16 42 36
27 44 30 47
36 40 49 38
49 5 30 48
46 26 49 39
37 45 39 42
20 42 28 37
30 13 26 28
38 42 43 37
35 43 35 48
37 35 48 31
28 26 29 46
42 17 44 44
36 42 28 46
43 42 37 32
42 5 20 11
42 39 29 38
33 6 38 40
42 3 40 40
41 1 44 41
36 43 30 25
44 14 48 49
34 22 43 42
33 16 34 45
35 45 15 28
41 44 47 38
49 8 33 10
29 43 49 38
38 36 30 34
33 6 46 46
33 38 32 15
16 21 24 49
37 44 47 42
44 5 49 39
23 31 8 6
11 34 38 40
32 40 24 26
43 46 38 47
39 3 42 26
42 25 35 40
34 43 42 49
30 40 9 24
21 35 26 41
45 20 35 45
36 46 34 43
33 13 16 13
30 49 10 16
43 20 40 38
14 28 37 46
35 14 19 7
48 15 48 46
22 9 42 39
43 32 36 36
34 39 21 17
38 39 47 36
27 2 12 35
37 15 40 43
46 21 26 48
18 19 45 41
45 11 32 43
41 7 42 35
13 40 19 19
37 9 11 28
36 7 32 21
41 6 30 40
45 1 36 37
38 49 1 7
40 10 39 42
31 47 46 42
45 46 24 45
34 48 39 29
31 40 37 28
18 20 20 15
31 11 29 42
35 40 46 38
37 23 26 30
22 14 34 30
39 48 47 40
38 3 45 42
34 0 30 24
43 22 42 40
34 48 38 44
30 30 43 49
47 0 44 29
37 43 38 32
39 46 29 25
42 20 9 23
16 33 13 25
34 9 28 13
46 18 30 37
16 10 27 48
33 47 36 37
45 17 8 32
38 48 15 13
38 0 22 8
49 25 29 33
36 17 28 42
30 44 41 43
35 9 36 46
42 46 13 40
25 34 46 34
26 19 48 38
26 48 33 49
8 30 46 31
