50 578 18416 800
28 44 41 23
9 37 11 21
0 43 45 21
11 9 43 20
23 7 30 20
24 12 28 17
41 16 33 30
2 19 26 5
25 13 30 10
5 45 2 13
13 11 15 5
1 16 10 18
5 6 41 26
0 18 11 13
7 5 16 3
21 38 39 17
9 12 25 40
23 31 38 20
5 42 28 22
25 16 3 17
38 17 42 16
8 33 37 35
14 29 7 17
4 45 13 8
2 47 17 36
22 16 43 27
20 8 14 16
18 5 44 30
1 5 23 17
15 32 38 32
2 19 26 23
21 10 44 6
35 18 45 24
12 1 30 27
12 22 31 27
18 44 8 9
4 20 22 14
3 13 12 21
13 40 8 44
30 41 23 19
18 39 6 20
33 14 35 31
0 41 46 20
22 15 10 24
4 44 37 28
16 47 35 9
0 38 32 3
20 16 48 20
3 7 24 27
38 23 32 24
9 9 13 27
8 18 15 27
7 45 41 22
43 28 37 17
7 43 27 7
17 46 49 25
8 11 42 17
27 43 5 30
41 8 10 17
6 34 14 26
49 31 45 46
5 3 45 16
3 41 15 29
1 40 20 17
13 6 7 13
21 19 5 28
13 3 9 29
9 7 39 37
19 42 32 9
21 12 21 27
15 41 4 15
23 27 36 19
35 15 45 19
13 29 26 7
45 28 27 12
12 44 4 12
20 16 2 37
13 14 5 22
24 12 36 15
23 11 18 20
11 48 48 19
17 6 49 19
5 40 34 16
11 30 12 6
0 41 10 10
5 46 3 35
19 16 11 5
9 36 25 18
0 10 20 4
15 14 28 9
15 38 10 5
5 4 7 9
22 15 36 16
3 44 40 25
1 49 45 1
25 13 39 40
8 0 46 15
24 1 15 7
16 12 19 26
21 12 41 22
43 13 24 26
23 13 45 21
5 19 27 12
8 43 42 29
21 14 16 12
3 3 28 25
15 29 16 25
8 42 45 21
6 48 28 26
7 11 45 20
4 34 46 19
37 18 19 13
39 29 25 16
41 18 14 33
20 45 21 19
6 11 28 34
6 37 11 31
18 4 45 2
42 19 36 22
10 21 45 20
14 11 40 13
18 45 40 20
0 17 6 17
1 14 33 4
14 24 37 11
9 7 0 23
16 27 13 11
9 16 22 14
42 9 44 21
21 12 21 22
25 12 44 25
27 10 38 28
0 25 47 25
8 7 23 10
2 3 43 29
21 18 24 20
2 3 17 1
1 4 29 31
32 13 36 23
42 12 45 23
46 24 18 34
39 11 43 19
15 14 33 15
22 17 37 15
10 22 14 17
26 15 22 16
36 10 21 18
5 37 25 20
8 1 21 6
44 25 41 16
20 22 40 19
13 4 17 19
15 17 19 32
19 14 40 27
16 15 4 15
28 43 31 25
8 24 34 18
8 2 14 7
5 38 42 20
7 38 9 19
10 33 37 37
26 49 30 5
15 34 32 34
22 15 14 12
24 14 45 22
8 26 22 18
10 7 43 21
44 11 11 37
10 39 34 18
26 21 10 13
20 15 8 18
24 10 3 19
22 13 36 7
9 2 44 16
12 6 46 19
14 8 41 21
0 4 10 5
38 18 40 13
8 10 16 14
18 15 4 28
1 43 8 17
4 47 31 5
12 20 7 33
18 33 2 32
16 20 6 19
30 15 44 12
22 17 45 28
43 14 9 20
8 11 44 30
15 25 32 26
25 15 34 10
19 11 41 20
14 4 20 28
2 47 24 19
1 45 35 49
47 13 34 20
12 28 47 29
5 41 44 6
3 3 16 15
20 42 49 18
10 35 11 9
22 15 44 30
47 23 41 20
12 16 10 22
20 21 44 30
43 19 11 15
4 41 25 44
27 36 45 18
6 46 35 11
3 44 42 19
23 15 38 21
3 31 10 7
6 7 36 14
6 29 6 21
23 12 18 35
7 32 27 19
3 41 25 21
11 1 5 27
44 10 27 29
34 37 7 23
10 4 41 23
34 14 15 15
0 45 33 18
25 15 46 9
48 17 39 31
18 39 14 5
40 22 14 45
4 47 46 27
49 13 42 23
5 0 31 18
7 37 25 25
4 46 8 15
4 8 35 29
24 35 14 3
25 13 21 4
10 13 0 26
23 16 42 2
6 2 23 39
4 49 33 13
4 43 0 34
11 29 36 16
13 16 40 12
10 14 15 22
11 36 4 23
39 25 21 21
7 10 37 16
20 33 36 31
19 20 29 31
10 32 27 11
34 48 28 14
9 13 43 21
20 42 10 13
8 1 20 36
10 44 0 26
1 7 47 13
12 49 25 19
5 47 17 0
14 13 40 27
8 47 21 34
21 44 20 10
13 31 9 23
14 19 17 15
9 20 9 11
25 15 46 43
0 42 35 15
4 3 38 5
27 14 47 20
25 16 38 12
26 15 14 32
39 22 19 17
20 47 47 18
7 12 46 7
4 36 36 24
4 15 15 27
9 49 29 0
11 45 44 16
28 22 43 10
12 0 12 5
9 29 12 22
6 45 2 18
42 18 14 29
1 9 11 26
3 16 40 14
9 32 45 38
21 15 30 5
25 11 4 18
14 40 21 22
15 2 39 19
13 3 28 4
10 7 35 10
20 31 46 23
2 43 10 28
13 45 41 24
20 23 49 9
44 12 31 2
14 18 35 14
13 39 48 15
12 47 43 0
10 1 34 27
12 36 45 7
16 37 42 21
14 46 44 13
1 3 15 22
6 16 23 28
18 5 10 25
0 15 28 33
14 28 11 13
9 9 13 30
1 46 11 15
5 43 37 41
21 26 44 15
22 13 42 18
14 14 41 19
3 40 34 22
3 8 6 18
6 1 34 24
8 49 32 15
4 10 40 19
21 12 20 22
29 42 23 29
22 18 32 48
1 8 25 20
25 14 3 20
5 46 46 19
11 36 36 6
12 48 38 16
24 25 45 22
8 38 18 26
10 8 24 25
24 3 14 19
28 15 16 17
22 11 42 17
6 29 14 21
7 32 31 10
26 15 11 43
5 27 25 7
14 35 25 6
5 18 32 7
15 40 21 3
14 34 46 11
24 9 39 22
44 17 12 20
48 14 20 3
20 43 15 10
3 8 49 20
18 8 18 19
3 3 39 19
14 7 41 13
11 35 46 23
28 3 27 22
23 16 18 32
3 9 16 29
8 7 14 18
37 26 9 13
3 25 41 18
25 35 6 17
41 10 39 4
25 6 27 35
27 42 8 42
41 22 41 3
40 25 31 9
24 35 30 16
43 18 20 25
22 13 34 8
25 14 32 19
0 46 32 26
17 45 25 16
12 44 38 19
49 20 28 27
18 42 34 21
9 38 42 14
7 27 39 10
7 11 18 11
2 41 4 21
13 47 30 31
2 3 30 17
37 30 39 21
23 12 5 20
13 30 37 18
0 8 43 32
12 0 26 6
17 45 38 24
33 28 26 46
49 14 29 31
4 21 33 29
10 30 16 19
7 9 4 20
22 14 33 35
1 7 39 29
21 38 1 14
22 13 4 25
47 10 44 41
12 44 38 21
8 27 36 26
9 7 38 10
30 42 21 35
43 29 39 18
49 25 6 33
9 25 27 0
27 15 48 22
14 9 11 20
5 49 30 0
39 16 28 21
5 48 36 20
37 25 32 32
3 43 45 15
25 17 46 20
46 27 25 9
42 14 5 19
29 9 5 20
23 9 32 20
13 13 21 17
14 13 4 18
6 0 46 18
2 12 24 25
25 15 47 15
8 14 21 28
8 38 16 7
19 45 23 33
20 38 26 20
9 1 42 10
3 44 23 16
27 14 4 16
23 28 26 12
0 48 27 15
3 3 22 4
3 33 19 7
47 16 48 20
1 46 44 20
14 42 48 25
7 9 33 22
13 25 27 7
6 45 19 11
13 5 46 19
36 17 2 16
44 10 27 1
12 39 7 14
6 44 29 12
2 46 3 15
7 9 40 23
10 11 8 17
9 11 33 3
5 8 44 21
34 18 24 20
44 20 18 28
6 10 7 20
1 5 47 30
2 8 24 22
30 39 1 43
5 40 42 21
15 42 17 6
15 43 8 0
2 37 49 28
14 14 43 16
1 44 0 19
9 18 34 23
16 38 19 32
4 23 19 7
26 12 11 17
9 4 6 24
26 17 10 15
14 36 44 23
2 49 35 4
44 14 41 2
41 19 29 1
5 44 36 20
35 13 42 20
22 11 4 19
4 13 8 21
11 14 25 19
21 11 34 19
28 4 7 21
2 3 30 36
7 29 20 46
41 20 41 7
17 45 8 34
23 30 33 26
11 15 35 30
6 35 20 31
6 14 44 19
14 33 16 12
12 36 38 15
12 39 20 17
21 38 1 39
37 4 32 18
20 11 29 34
26 37 34 8
48 20 48 42
16 8 11 26
6 12 29 10
25 14 40 26
22 18 24 13
46 26 44 20
10 44 15 20
24 17 13 29
13 7 35 31
14 47 29 35
25 42 32 7
12 35 38 22
8 3 16 10
22 13 44 24
14 36 36 7
41 19 7 14
20 46 33 15
4 32 11 27
11 30 41 43
14 14 30 15
15 28 36 15
7 42 32 26
33 18 24 7
25 12 19 17
44 26 35 43
6 49 6 16
16 12 46 15
15 22 43 11
20 13 7 17
11 7 38 21
25 17 36 29
34 21 28 21
19 1 28 19
6 5 36 5
7 46 10 19
2 33 27 26
17 40 42 18
9 46 29 8
17 11 20 15
5 43 12 20
10 42 7 22
6 44 42 20
28 8 13 19
9 43 21 32
16 37 2 22
14 35 48 7
27 1 22 18
24 15 9 41
20 13 30 25
17 6 42 15
2 49 26 6
17 16 9 14
9 46 27 28
41 13 5 28
39 21 28 12
45 16 15 14
11 21 44 30
36 17 35 8
14 24 8 16
45 11 14 1
24 10 15 6
7 39 35 26
1 3 49 27
2 15 32 6
6 37 5 14
24 14 18 31
26 10 49 26
10 49 41 17
4 46 14 16
5 3 27 4
11 19 8 36
12 8 5 18
40 15 18 28
13 38 7 17
44 22 40 19
1 1 38 40
17 12 4 30
4 5 44 21
11 46 32 20
9 43 43 20
12 36 11 14
27 42 44 22
14 11 10 18
20 10 7 23
44 12 42 17
12 46 6 11
37 18 49 22
11 37 27 0
45 20 6 14
44 21 26 11
2 43 43 21
