50 541 14866 800
13 18 19 10
24 43 30 27
7 37 17 41
11 20 32 16
9 46 23 43
29 47 17 35
4 27 29 43
22 39 38 30
45 4 24 24
49 39 21 31
27 42 29 38
4 43 39 34
7 43 19 27
11 22 14 46
4 41 9 41
7 17 8 31
2 43 10 44
9 18 31 9
39 4 16 33
8 42 21 45
12 45 21 23
10 4 37 35
45 6 32 10
28 42 9 43
21 34 24 32
19 36 42 6
28 42 33 12
20 29 27 2
13 26 27 24
21 45 22 22
28 46 42 9
4 9 35 7
31 44 44 27
23 12 16 29
47 3 13 35
20 34 32 8
4 41 26 27
2 36 31 14
8 22 18 27
24 9 21 31
20 37 26 5
9 33 32 3
3 41 6 26
29 36 41 17
34 40 2 32
31 44 36 9
28 43 19 25
42 0 8 49
4 37 34 14
31 15 41 36
22 14 37 32
4 19 29 2
7 27 30 5
15 39 32 42
27 35 33 33
26 40 33 46
10 11 42 20
28 39 35 11
14 35 25 5
26 7 28 10
15 17 47 48
8 39 36 4
26 16 29 31
5 29 13 35
0 18 43 25
15 40 24 36
17 41 23 41
48 6 17 41
46 0 28 15
11 18 48 43
1 15 23 31
18 4 14 36
29 41 44 37
36 42 18 23
11 27 20 30
12 29 28 4
6 40 14 39
34 45 5 30
3 40 30 37
22 0 23 25
25 39 20 7
37 3 32 40
17 28 25 44
27 43 6 34
5 19 23 18
18 42 30 16
11 17 29 1
10 33 32 21
8 49 10 27
43 2 24 39
3 49 32 40
7 40 17 19
45 27 26 21
9 22 28 19
42 10 7 26
10 17 43 1
21 12 24 4
4 41 47 25
28 46 44 31
9 20 4 33
27 31 2 49
21 8 32 5
20 37 32 38
48 39 29 49
19 0 16 10
26 44 23 6
31 36 13 48
46 4 14 33
22 43 12 22
11 18 40 25
11 25 25 27
28 44 31 10
6 32 25 28
25 44 24 35
27 5 19 27
19 43 17 38
19 11 23 32
27 43 21 45
11 20 31 36
3 35 25 6
30 42 37 3
15 44 35 11
1 5 29 33
9 16 20 31
3 46 40 39
27 48 23 35
12 19 21 48
39 11 38 29
45 16 13 49
11 38 30 7
29 46 32 7
8 35 45 30
5 43 17 33
28 38 11 13
42 12 21 48
30 44 37 10
26 43 37 9
22 23 5 32
37 30 22 19
40 11 16 25
17 22 5 33
30 48 43 23
36 41 28 0
40 28 22 27
43 46 0 46
2 21 43 47
2 14 33 31
49 5 23 6
8 10 8 46
4 37 4 32
46 8 10 33
2 33 17 30
20 41 2 32
25 44 39 29
18 48 28 1
29 45 49 31
7 47 26 44
25 36 19 21
7 16 35 11
1 49 36 19
10 15 22 10
30 45 25 26
46 12 31 33
45 4 17 46
25 45 16 47
10 39 25 46
4 7 24 21
21 33 33 11
6 19 22 24
23 45 30 42
7 16 42 13
26 49 24 45
31 46 20 35
7 48 17 27
10 18 19 27
3 34 26 22
25 44 42 41
49 1 45 38
46 4 7 37
29 41 38 24
20 1 23 38
16 45 11 34
25 44 11 44
9 42 25 31
6 11 26 30
3 18 24 36
27 33 12 19
27 44 20 45
21 29 20 19
28 44 13 39
8 43 25 3
10 17 0 33
6 32 33 39
45 1 5 33
4 46 29 5
27 44 21 30
5 14 15 25
1 32 23 6
8 41 16 45
37 44 45 35
12 5 13 49
28 47 27 20
6 48 39 19
13 11 31 44
27 44 24 6
28 43 16 32
38 38 15 46
40 5 24 26
5 21 29 5
27 15 44 42
45 11 17 39
21 45 36 15
32 42 10 29
38 43 13 47
8 39 31 28
3 27 20 23
2 5 7 30
10 44 34 20
13 25 21 34
10 43 49 21
13 4 9 35
3 46 17 28
28 41 15 29
40 12 27 29
20 45 23 1
4 47 29 0
31 41 9 37
32 45 36 6
26 44 27 35
29 43 41 31
10 11 44 26
44 2 10 32
18 10 23 7
24 47 34 7
25 43 12 40
24 27 33 4
20 40 33 35
14 2 28 34
32 48 30 24
29 42 31 8
22 30 33 25
9 13 41 42
26 44 30 28
12 39 29 4
40 5 41 11
42 7 23 2
7 21 40 31
15 19 43 42
18 10 19 25
9 14 30 3
29 40 26 2
10 18 32 29
7 5 9 24
29 41 5 34
26 12 44 41
11 32 32 49
11 17 42 46
1 25 24 1
27 46 22 34
49 2 40 41
9 26 30 3
31 41 27 36
38 45 19 47
35 41 29 41
12 46 36 19
30 41 20 5
8 14 36 30
31 1 43 35
12 3 24 33
33 44 29 9
27 49 28 7
1 34 21 41
47 36 20 3
10 21 16 28
46 0 33 1
14 47 22 16
31 45 17 46
29 44 32 32
31 43 8 33
12 40 21 32
46 34 33 15
13 6 19 31
41 40 8 32
6 25 13 12
9 18 27 31
10 19 24 39
28 46 22 11
45 6 28 36
12 29 9 39
3 18 20 45
15 4 14 23
24 36 22 29
38 41 14 38
22 41 16 41
31 32 20 31
10 49 31 5
18 43 29 21
6 49 26 28
48 2 10 26
27 18 45 32
28 35 12 32
45 0 26 10
20 46 27 38
9 26 20 36
24 10 23 25
6 17 43 39
25 44 49 25
46 4 47 32
25 43 18 36
29 42 7 32
7 24 34 26
28 42 30 16
37 22 9 46
27 44 47 31
14 17 26 35
0 38 23 28
5 23 23 33
10 2 33 10
19 30 24 26
38 1 30 34
20 5 31 11
16 40 22 22
1 40 32 25
8 28 25 31
19 1 23 22
43 1 28 13
21 49 22 22
24 15 39 17
34 45 22 39
12 17 20 11
32 36 19 19
18 9 21 32
2 44 21 26
18 41 30 38
10 35 49 4
7 20 45 31
28 44 9 35
1 32 19 37
34 14 18 5
28 46 15 25
9 42 35 14
25 39 1 25
21 24 24 36
7 46 46 28
6 44 28 47
10 11 37 0
39 5 8 30
1 39 36 12
4 17 26 32
47 31 24 29
27 42 31 44
42 6 5 38
1 38 38 43
47 10 25 36
35 4 30 26
0 20 40 28
29 41 7 48
20 47 24 35
13 15 17 26
30 42 20 43
6 12 31 7
29 45 27 27
10 46 27 25
45 10 29 10
16 41 42 44
12 16 3 33
7 43 11 31
38 6 46 40
3 43 28 18
30 43 24 24
22 41 37 0
16 41 19 31
24 47 24 37
27 0 23 45
1 49 35 33
19 6 17 21
6 47 20 28
19 13 31 2
41 6 27 31
36 41 21 19
6 40 29 15
4 21 42 33
21 34 22 47
23 5 35 45
24 36 32 20
10 33 23 14
18 43 35 14
8 19 19 43
42 3 10 25
24 42 20 44
26 47 14 24
14 23 20 28
29 45 31 0
39 46 5 30
27 42 28 30
0 30 31 4
12 39 15 48
6 18 16 33
1 14 38 25
7 22 28 18
3 30 25 27
40 47 11 32
10 2 10 41
41 0 21 4
30 37 17 29
30 41 24 25
22 0 10 34
27 45 21 33
18 25 24 7
8 22 47 6
31 46 23 15
49 7 30 26
11 44 23 27
4 33 27 11
13 43 3 40
33 42 49 47
43 35 15 49
13 44 10 30
2 42 10 36
27 45 36 17
4 41 18 40
33 42 22 48
7 17 19 47
48 6 33 13
34 38 47 27
2 26 26 33
18 23 21 20
28 45 7 34
5 48 25 7
8 46 47 33
30 14 30 6
4 16 33 32
27 10 23 32
40 5 42 30
27 48 28 0
16 48 12 28
27 46 38 26
8 25 30 3
49 1 42 38
45 0 19 13
17 19 12 37
30 46 30 4
29 44 23 2
42 40 25 33
31 42 44 42
19 49 24 48
2 12 29 21
5 13 24 31
30 3 21 24
19 48 44 46
29 41 32 2
21 46 42 16
26 43 22 8
9 37 3 34
12 20 17 38
11 43 16 30
9 21 0 31
21 39 39 14
30 45 49 44
32 46 22 10
17 40 26 3
17 15 24 43
0 26 42 7
29 42 19 22
15 34 35 24
0 31 36 10
13 37 38 28
8 22 27 28
48 3 34 9
32 7 16 26
5 27 11 33
27 45 17 38
11 41 31 45
26 41 23 28
25 43 24 0
8 9 28 0
13 46 30 20
7 40 27 4
4 17 30 27
6 34 17 31
27 45 46 16
15 41 27 38
7 49 18 41
17 15 2 33
1 28 24 7
32 16 30 1
39 4 18 7
38 14 29 24
24 37 25 3
40 9 36 29
10 15 28 49
22 17 12 29
22 44 37 32
39 14 27 16
12 0 9 25
4 47 47 48
20 2 8 34
2 32 24 20
13 31 19 40
39 43 4 31
30 36 37 3
30 47 17 29
23 44 24 9
31 39 36 12
18 11 27 34
29 3 16 38
29 47 20 42
9 22 27 14
25 44 40 1
6 13 30 27
18 10 6 38
47 31 21 1
27 36 32 24
4 39 43 32
5 45 30 46
0 40 35 27
5 48 28 5
12 30 20 5
46 20 16 23
3 48 31 4
27 44 44 33
2 47 35 32
12 46 28 28
11 22 48 42
2 45 37 24
23 18 36 0
40 45 21 35
4 40 25 15
25 43 6 38
17 25 43 12
19 48 21 35
29 46 31 24
13 42 48 29
45 7 33 2
6 19 36 23
10 23 28 23
48 8 25 11
47 21 32 22
24 42 28 10
49 29 24 3
27 45 25 4
