50 1126 15812 800
10 0 7 44
42 37 26 27
37 39 17 26
14 1 38 6
45 35 23 32
41 36 18 19
7 4 42 43
14 5 29 31
4 6 33 44
46 31 37 16
45 39 28 26
45 36 14 26
27 19 36 3
37 40 21 45
9 5 9 30
5 0 0 33
7 22 19 19
46 38 35 23
42 39 38 20
10 8 6 44
39 32 32 9
43 34 33 21
17 10 18 21
44 36 14 46
7 4 9 22
41 29 35 13
43 23 25 4
43 35 35 34
2 13 17 32
34 40 25 14
9 2 49 15
46 34 5 40
15 3 2 20
37 31 17 15
47 27 33 19
8 1 34 31
39 21 29 21
42 35 34 36
2 1 12 34
42 28 36 11
40 40 18 45
10 1 10 29
42 40 8 42
7 21 4 39
6 1 16 14
3 0 31 23
10 2 41 18
34 39 11 34
11 9 5 1
45 32 14 36
13 9 38 7
27 16 18 37
4 9 26 32
23 23 17 45
39 40 28 14
44 38 14 33
41 38 34 9
25 9 22 32
42 32 17 31
9 11 36 6
2 0 7 34
40 35 33 13
41 39 11 35
49 23 25 34
44 33 32 20
43 35 16 35
16 13 7 14
14 3 35 9
40 36 39 26
8 0 9 44
47 44 37 30
42 45 7 40
33 48 32 25
45 44 12 49
43 30 10 23
44 43 28 27
46 42 35 38
33 0 46 29
15 2 18 27
41 43 12 34
12 8 17 9
10 2 11 38
39 37 17 26
13 5 31 20
39 33 36 13
10 10 24 32
49 29 9 24
17 10 24 23
40 36 37 7
40 44 32 38
20 7 31 31
7 0 32 40
44 41 32 22
43 37 38 32
7 1 4 6
13 0 16 13
43 35 16 12
7 23 32 40
10 1 27 25
8 1 21 34
6 11 11 17
35 44 43 6
15 29 33 11
14 14 28 37
43 40 11 35
8 5 13 23
6 6 39 48
8 0 49 11
3 8 31 15
8 11 34 47
4 18 15 19
25 32 20 9
48 48 33 16
41 41 33 12
37 34 15 26
17 14 42 25
13 1 20 39
41 27 21 22
41 16 14 19
43 38 17 27
1 5 26 40
42 35 30 16
43 39 13 47
43 40 25 3
3 4 17 13
39 33 30 18
14 5 36 10
41 33 12 44
12 10 3 37
48 47 12 32
46 29 6 40
15 3 36 30
41 31 14 28
8 4 16 36
0 2 33 14
47 13 17 36
6 8 26 3
38 39 41 13
35 39 36 12
42 40 14 37
49 39 33 28
42 37 10 31
12 10 26 23
31 0 13 15
34 36 19 3
42 47 35 23
8 8 26 38
28 9 14 31
40 36 12 44
40 30 37 33
12 0 14 44
37 46 36 13
19 3 38 12
28 15 24 41
3 11 15 18
46 38 31 17
18 6 28 36
43 42 35 34
31 6 23 24
16 0 29 33
14 10 15 14
41 35 31 29
38 36 17 5
16 2 6 25
43 9 4 35
39 28 34 12
7 4 39 30
46 38 16 18
33 17 17 16
9 4 15 49
41 40 18 17
8 2 17 18
14 4 37 40
14 0 32 16
18 6 17 13
38 35 37 43
20 2 40 24
40 31 35 40
30 24 35 40
4 23 9 41
49 43 8 43
38 37 32 22
46 42 33 15
42 41 39 28
49 40 30 31
16 17 28 37
10 22 8 33
46 39 41 14
43 37 19 15
35 36 10 42
41 32 21 41
45 42 36 32
45 26 35 33
15 6 11 30
45 40 29 31
45 29 42 31
9 3 15 28
36 34 32 19
43 35 12 27
31 36 5 30
5 2 7 40
8 16 40 3
12 6 12 34
39 41 11 28
11 6 25 36
46 15 30 8
41 41 24 15
30 9 33 17
47 37 15 24
41 31 22 34
42 30 29 14
42 23 16 18
39 34 38 10
8 1 14 13
47 12 41 26
37 40 33 37
6 3 7 24
38 43 36 12
9 0 40 14
10 12 15 14
42 47 34 29
36 33 22 4
39 44 17 32
14 2 33 9
43 39 31 22
36 38 7 21
47 41 42 10
34 41 35 22
15 2 17 16
42 29 34 19
42 39 16 36
42 34 24 34
7 1 44 24
20 9 14 30
20 7 33 48
39 39 36 10
13 10 33 19
12 9 32 11
11 4 40 20
37 36 35 21
38 40 5 49
17 0 44 1
10 7 18 35
44 39 14 25
13 1 18 22
43 44 18 31
4 15 3 44
36 41 35 3
5 4 12 47
10 2 17 18
10 6 17 33
30 6 32 11
40 42 5 20
7 0 8 41
43 17 9 47
8 0 39 30
6 1 35 44
39 35 13 47
43 25 34 9
5 25 42 28
15 1 49 48
2 18 15 35
2 6 47 39
37 39 36 10
17 3 27 29
3 5 19 41
44 33 12 30
9 6 13 40
11 1 12 29
42 46 33 13
18 6 23 17
4 0 16 32
45 32 11 2
20 6 48 32
38 38 21 37
2 5 38 9
46 27 27 39
6 3 15 15
40 36 31 18
4 31 29 40
40 40 35 7
14 20 33 10
4 4 15 0
45 9 28 36
41 33 11 28
15 0 34 15
44 22 30 4
17 7 1 5
39 38 18 35
8 0 35 8
12 5 44 30
36 41 19 41
39 41 9 17
8 1 23 24
19 5 23 28
0 30 5 46
6 0 32 27
37 33 25 36
11 2 15 42
38 16 6 37
15 1 8 37
37 41 25 17
14 0 32 17
6 3 30 19
22 2 13 32
25 14 23 23
8 2 23 36
12 8 8 0
46 31 9 25
4 4 39 31
12 7 35 25
0 1 15 18
40 41 21 43
41 38 18 19
0 2 15 11
39 34 30 10
6 1 27 29
39 34 12 36
40 43 36 21
27 6 17 35
14 4 14 18
40 26 20 16
48 20 36 15
6 0 30 14
4 25 14 20
13 25 43 23
39 35 23 21
40 36 36 23
10 1 32 16
5 1 13 26
11 6 7 35
17 10 40 21
13 3 15 34
44 31 11 0
36 31 15 14
9 1 19 26
24 0 13 3
48 28 31 19
5 28 7 39
4 0 20 41
41 46 18 28
43 36 31 20
38 38 37 10
23 16 31 10
34 16 30 14
16 15 17 29
33 9 3 30
14 8 17 38
11 9 19 13
9 5 49 25
18 3 8 30
41 36 16 42
7 11 15 41
46 34 19 6
14 5 12 27
24 0 28 42
9 3 29 36
47 36 13 30
9 2 13 30
37 41 16 28
12 6 6 31
6 9 15 16
10 0 32 32
42 33 37 15
39 37 21 25
45 43 34 46
35 39 8 31
38 30 33 10
37 37 19 24
3 0 12 35
12 9 29 26
15 4 34 17
37 25 40 9
35 33 3 31
17 4 13 39
3 0 35 8
22 3 20 33
7 4 22 13
6 22 0 27
6 18 34 29
43 41 13 40
38 35 18 11
46 34 17 23
41 38 10 28
41 38 36 17
4 13 17 13
38 48 33 8
46 36 11 43
14 4 26 31
12 5 32 20
43 43 10 26
34 28 38 12
40 39 30 32
13 8 23 25
46 21 30 21
9 14 35 15
20 1 36 12
13 0 27 20
49 19 37 17
10 2 15 25
6 11 16 44
10 5 36 16
11 0 46 14
9 4 44 8
4 1 4 14
13 6 49 6
37 42 12 33
43 30 9 44
9 22 33 39
46 39 10 42
3 3 31 9
8 9 9 39
41 42 12 36
41 39 41 22
37 39 27 25
41 33 16 15
34 26 38 10
44 34 35 25
34 39 38 14
37 40 34 43
39 41 33 18
4 1 42 38
7 7 39 9
21 1 12 34
39 11 33 22
37 39 27 37
38 35 16 35
47 39 7 42
35 41 33 15
40 34 48 29
15 8 34 10
8 5 33 9
48 45 36 8
23 14 8 37
7 16 33 6
45 38 30 11
19 26 10 21
10 3 44 33
17 1 17 24
45 45 42 22
44 39 7 23
15 10 1 25
41 41 38 33
5 0 36 11
8 0 38 15
43 39 14 4
3 9 20 15
43 43 34 35
21 11 49 46
39 37 35 17
15 14 10 24
0 9 19 29
7 1 15 45
16 4 13 26
13 30 1 29
11 0 20 32
42 35 19 37
11 0 8 33
12 0 27 13
49 39 5 40
41 41 35 20
42 37 33 36
15 12 43 10
7 24 16 24
38 39 0 25
27 12 18 19
22 0 7 40
5 3 26 21
44 19 34 10
42 7 38 24
14 2 32 4
1 11 18 14
4 0 32 30
11 2 17 25
10 1 29 5
40 32 5 27
39 34 10 43
42 35 3 32
11 3 14 26
9 4 7 48
39 36 42 22
13 4 30 11
9 2 15 12
8 3 40 11
5 4 39 15
39 40 35 10
14 0 28 4
12 1 33 25
5 1 5 33
15 2 7 22
12 16 25 35
42 30 34 12
46 38 49 5
6 8 7 46
33 3 18 21
6 4 13 42
42 35 43 4
11 4 5 30
41 42 31 17
41 38 36 8
42 13 21 41
49 26 18 34
8 6 25 7
4 5 30 49
42 37 16 33
39 39 28 21
13 5 8 33
45 40 19 33
40 34 36 21
6 3 7 24
33 24 18 37
7 6 14 18
44 42 15 13
39 38 3 23
40 36 16 17
44 33 43 11
6 6 28 17
42 43 13 29
38 40 25 4
43 43 19 15
8 2 40 9
10 10 8 34
33 34 33 12
41 39 37 40
14 8 11 22
3 1 8 32
8 5 8 38
7 2 7 29
11 8 31 12
40 28 35 26
7 4 21 2
18 7 21 17
40 42 14 39
40 42 33 15
20 0 24 39
23 5 17 14
17 0 42 25
46 41 12 14
47 39 6 15
33 35 12 44
48 18 14 27
45 33 33 15
13 15 35 24
47 35 42 10
13 0 9 49
11 8 23 15
18 4 42 11
13 3 15 17
42 26 31 41
41 42 15 16
11 0 24 14
47 32 12 39
44 45 31 5
43 42 22 45
7 2 17 45
9 1 28 27
37 42 19 36
15 1 6 33
40 35 12 40
44 36 12 16
27 29 1 18
8 1 34 11
41 37 35 22
44 25 48 21
10 23 24 22
44 40 39 9
44 38 5 22
10 2 36 10
3 4 35 13
9 2 46 16
14 8 37 10
49 43 33 11
13 3 10 35
28 21 20 34
42 38 31 12
11 0 31 18
41 32 15 23
11 3 48 5
40 34 13 9
4 2 12 23
19 14 30 14
7 1 34 23
39 40 38 28
37 16 8 0
41 42 39 48
18 2 9 36
32 38 16 28
17 6 13 38
10 6 42 21
40 37 31 24
18 5 25 30
0 12 13 27
42 37 34 22
40 15 13 39
38 41 6 15
8 2 33 24
10 9 9 41
35 17 13 30
14 9 14 32
35 19 32 36
39 29 10 13
45 33 39 10
40 45 44 21
30 9 4 43
12 0 31 11
6 36 13 6
17 5 37 4
45 42 17 38
47 17 33 24
5 6 17 9
20 0 11 37
13 8 37 11
14 1 37 11
48 39 31 19
12 2 39 6
47 22 10 40
5 7 37 42
19 7 37 28
45 37 16 31
9 4 32 42
11 3 17 44
7 1 35 31
41 37 29 20
9 2 38 24
2 3 34 15
48 35 29 36
8 3 15 36
8 6 4 47
30 35 38 21
18 0 38 25
13 1 35 17
13 3 20 29
39 36 11 29
41 39 25 15
10 2 36 1
11 2 17 29
15 2 20 18
22 9 17 28
4 0 35 27
4 17 37 28
12 21 19 40
45 40 31 15
16 8 39 11
42 41 33 14
13 3 33 13
47 43 32 12
13 4 30 21
10 8 12 49
13 1 32 20
13 3 29 34
43 40 38 18
12 34 26 14
39 43 39 19
2 0 5 29
20 5 36 16
10 3 33 11
5 2 27 7
43 45 10 31
24 21 17 41
18 30 8 41
16 2 46 8
13 13 12 30
37 48 13 13
45 27 29 32
11 2 14 44
16 6 23 27
6 2 43 26
16 0 18 16
11 8 37 32
13 0 35 23
34 18 4 19
43 31 34 19
43 37 24 6
45 30 35 6
33 24 27 33
13 9 14 33
46 39 31 15
10 2 30 35
44 41 27 22
14 6 26 37
3 3 13 34
4 7 8 31
16 2 20 32
10 6 39 33
45 22 39 13
11 2 13 15
40 42 27 26
38 32 30 17
33 31 14 37
16 7 23 14
9 10 33 10
43 36 37 8
44 31 24 27
44 37 8 30
44 41 35 40
36 34 38 30
46 33 32 14
10 2 32 27
21 27 17 11
47 42 49 23
12 4 35 9
41 33 31 18
13 5 3 49
46 22 17 15
11 5 37 10
46 34 17 37
31 7 16 40
14 2 8 24
22 7 15 39
11 6 41 10
3 6 20 44
7 6 19 31
16 20 40 29
14 1 36 7
9 3 14 43
16 1 7 10
12 0 38 32
10 5 18 45
10 0 37 13
8 1 16 27
15 12 36 10
11 1 37 16
43 29 16 38
4 12 12 17
44 38 38 29
16 30 41 20
18 6 40 18
9 1 33 39
2 3 20 7
45 36 20 10
42 36 19 31
37 40 7 38
43 39 42 6
21 1 44 35
31 44 16 28
42 37 7 30
41 40 21 14
11 3 39 12
35 35 18 36
44 24 43 8
44 39 31 21
41 38 26 41
45 37 8 26
34 28 2 40
12 5 23 35
49 42 25 25
20 5 17 26
42 41 38 24
12 9 30 29
14 3 38 8
47 33 32 9
49 16 34 8
36 34 30 26
45 46 7 33
49 36 20 16
13 2 39 20
15 13 31 20
17 4 33 24
47 40 16 39
37 42 20 27
3 8 23 24
12 2 13 32
42 34 46 23
18 1 25 19
49 22 13 20
43 12 38 2
45 30 15 12
36 35 20 39
12 1 32 12
27 23 16 4
15 2 14 37
38 34 29 28
0 14 25 27
12 5 35 8
45 41 15 26
34 36 24 32
25 9 24 32
41 36 13 22
9 28 17 18
10 6 11 13
39 37 36 44
46 41 14 35
6 2 32 21
2 6 19 28
35 28 22 23
46 40 38 10
8 2 14 37
9 3 6 8
8 6 39 43
49 37 32 41
48 39 36 13
3 31 5 26
6 5 34 24
47 19 38 10
13 6 8 32
43 35 5 23
13 5 4 28
45 31 15 27
5 6 42 8
5 6 35 13
9 42 9 10
45 41 39 20
36 38 29 19
13 0 47 26
37 15 35 8
9 9 20 30
14 18 11 41
10 8 35 21
32 37 45 26
19 10 33 13
47 41 37 27
40 28 38 9
0 0 31 18
42 44 10 41
43 30 18 27
13 3 29 9
41 37 20 15
11 25 49 22
42 38 38 16
5 1 6 48
12 0 45 29
49 38 13 34
16 7 43 17
47 36 22 31
36 32 16 39
38 35 0 40
14 1 14 32
41 43 7 35
49 43 39 16
39 21 11 40
42 36 36 21
47 27 34 8
43 36 20 30
38 40 10 26
37 38 17 19
4 5 40 10
10 0 31 28
12 0 35 40
45 38 17 24
45 37 38 25
47 38 24 29
43 40 9 31
42 39 32 18
38 34 13 35
9 0 12 13
18 0 8 0
48 38 33 34
37 35 14 19
47 35 12 36
34 41 37 12
1 8 13 43
40 40 2 35
13 4 38 23
40 32 33 35
18 7 48 5
2 7 37 9
43 33 33 21
12 5 31 16
39 12 18 25
6 8 4 42
43 28 19 14
45 34 12 37
11 2 14 47
45 34 11 40
44 29 34 10
18 2 11 46
7 3 11 23
45 35 15 18
12 10 17 38
45 10 16 19
7 1 18 29
13 1 31 17
46 33 35 10
11 0 37 16
7 9 43 27
37 39 7 10
13 0 39 4
11 9 23 36
16 5 17 27
9 2 37 14
32 24 27 31
7 11 1 30
35 27 31 22
9 10 29 16
12 3 31 32
15 1 6 1
46 37 30 25
36 33 22 3
39 39 34 29
12 6 18 19
14 9 19 32
42 36 36 9
42 38 15 16
10 3 35 41
38 38 12 45
40 32 7 36
23 2 40 28
10 1 37 35
14 1 12 6
18 6 29 8
8 1 34 31
8 1 3 37
13 2 6 43
14 1 34 5
36 34 33 9
43 19 24 32
45 40 30 7
38 44 18 25
14 0 17 17
49 39 19 26
37 35 38 9
41 39 24 32
7 7 10 28
9 4 47 47
16 0 19 31
7 0 10 30
38 36 32 18
10 6 14 40
18 31 22 33
46 49 11 43
17 1 9 35
5 10 33 0
35 37 33 8
8 1 10 30
19 1 16 27
4 20 49 39
36 43 38 7
42 42 15 13
22 5 14 39
6 1 42 40
4 43 40 32
5 4 32 23
42 33 34 28
41 30 22 35
36 32 8 40
26 26 7 23
45 18 30 49
14 4 19 25
43 41 15 27
7 3 34 40
36 41 30 44
4 19 31 20
46 44 21 37
49 23 39 14
26 10 29 29
9 7 41 16
44 40 34 25
32 21 17 34
9 5 5 31
43 36 22 26
11 5 34 34
45 29 33 21
9 6 35 13
26 15 39 30
10 3 34 20
42 41 32 16
44 25 34 17
13 3 15 27
7 9 39 24
12 0 28 23
16 5 19 39
45 32 22 12
34 15 19 37
39 13 28 23
11 2 10 37
16 13 16 30
5 14 17 28
38 44 8 27
7 11 44 44
9 14 7 36
45 28 7 27
14 4 46 44
43 26 31 29
4 5 18 43
40 30 36 28
1 28 15 36
47 42 17 13
22 24 16 37
38 31 17 0
45 26 23 29
47 39 15 30
21 1 20 25
41 42 21 41
13 5 9 35
14 14 36 13
10 6 37 13
45 36 29 6
38 37 24 35
48 38 41 14
4 10 8 30
13 5 48 48
17 1 13 18
44 36 40 37
41 18 18 25
10 1 10 26
8 5 25 32
5 11 24 22
43 37 33 11
41 28 32 8
48 34 17 27
41 38 19 14
17 1 22 12
10 7 38 47
7 13 25 37
23 2 33 8
47 45 28 16
1 0 11 26
10 3 30 19
13 1 36 13
10 2 34 25
46 10 42 23
7 6 13 30
45 45 21 47
40 41 33 15
3 0 8 37
40 37 29 15
47 15 34 24
27 1 40 5
10 15 14 46
45 5 15 17
12 8 6 36
8 33 47 2
13 3 42 26
19 5 18 41
2 15 29 4
7 7 13 22
44 35 27 24
39 38 30 33
11 2 18 19
39 41 39 21
42 43 12 30
13 2 22 26
40 23 19 40
30 17 19 18
10 12 47 19
31 41 25 5
46 37 38 31
36 28 19 47
13 7 33 21
17 1 17 30
31 25 34 13
46 40 32 14
45 28 8 26
15 0 28 19
0 1 12 41
10 1 13 14
37 37 2 37
44 38 7 10
41 37 34 11
6 5 18 30
40 35 30 1
47 30 32 11
6 3 36 16
15 0 16 15
9 2 15 16
19 12 34 15
45 15 26 23
37 40 32 49
38 44 29 45
39 42 33 9
6 6 17 31
43 40 44 12
10 11 36 16
40 39 11 35
9 0 10 31
45 38 26 32
36 22 24 28
47 35 35 14
46 35 33 24
18 3 9 41
35 41 34 11
43 35 15 43
43 26 14 15
41 39 36 12
11 4 34 16
7 31 39 9
0 3 20 37
5 13 8 34
39 36 41 28
17 3 5 39
45 37 6 46
43 29 43 47
24 40 10 22
19 1 49 19
43 35 10 27
38 19 29 21
13 2 34 9
10 7 7 12
43 40 32 34
12 9 31 16
25 29 17 12
10 16 32 8
39 35 48 37
20 6 11 32
45 43 16 35
11 6 33 18
3 7 19 15
39 40 28 15
42 39 25 29
37 41 12 6
7 1 9 30
41 31 18 44
12 10 35 16
38 23 13 41
38 35 8 35
49 11 24 12
44 30 35 13
48 25 49 41
41 42 1 35
13 5 47 41
15 11 48 38
40 45 40 8
5 1 6 37
20 4 9 36
38 29 14 36
7 0 35 15
28 23 10 25
41 37 24 27
0 4 30 37
36 19 23 18
14 2 6 30
39 35 32 11
16 6 37 46
42 40 5 36
41 33 31 21
34 40 37 26
