50 302 16301 800
23 39 41 5
39 27 32 28
8 44 48 11
48 35 28 33
12 34 16 9
24 32 20 16
0 12 3 1
8 38 11 28
16 28 36 39
20 31 13 6
30 30 19 20
21 39 11 6
6 20 7 12
30 34 43 6
3 3 13 36
22 37 7 16
26 36 11 5
49 28 31 1
19 45 14 4
21 36 16 41
17 33 4 10
48 3 32 6
0 7 44 21
5 3 13 19
42 28 25 14
5 23 11 21
14 38 35 4
7 40 38 28
44 38 30 16
39 49 16 4
22 34 25 38
0 4 19 4
1 4 40 2
15 30 6 5
36 22 25 6
6 27 23 3
15 33 19 43
16 35 4 14
2 27 14 13
20 39 48 16
15 17 37 29
19 21 47 11
14 35 9 6
1 21 24 31
18 36 12 0
41 23 14 0
6 11 15 7
8 33 13 7
21 35 14 4
4 7 14 35
18 32 39 10
33 39 6 2
3 34 39 7
17 34 43 25
22 14 10 10
4 9 49 13
18 19 33 24
40 29 0 9
7 31 10 38
6 3 10 10
20 36 4 6
4 17 30 3
21 12 16 1
30 15 37 8
30 38 47 14
4 13 47 9
27 11 16 15
6 19 28 20
10 8 33 4
6 11 8 4
21 33 38 23
15 17 49 23
18 33 10 40
9 9 17 4
13 31 8 18
7 3 45 21
23 34 3 16
19 30 30 24
5 4 4 22
16 20 18 8
31 37 35 12
17 36 17 4
23 2 4 0
35 12 39 0
48 20 34 20
49 14 45 36
13 36 23 8
12 17 42 11
19 38 13 3
20 13 29 7
20 41 7 12
1 14 34 12
16 16 16 1
5 17 43 41
10 36 12 11
22 33 0 12
10 33 20 10
23 37 10 13
0 7 15 3
18 34 31 30
16 42 22 34
6 13 7 22
20 33 39 6
38 23 21 4
6 29 13 4
15 38 36 3
17 37 11 22
10 32 43 21
22 22 14 44
20 31 27 0
11 30 19 16
10 42 25 16
7 16 8 2
17 42 22 21
15 22 40 25
3 12 4 16
1 13 45 11
6 19 10 11
6 46 17 11
17 35 41 16
12 14 44 13
12 2 10 17
13 3 21 12
46 27 19 17
9 41 45 0
30 23 46 17
31 20 10 34
24 37 30 8
30 18 18 3
2 10 43 15
10 44 13 10
7 33 6 20
23 34 40 7
11 30 16 8
31 15 48 7
46 12 19 9
1 16 18 1
42 23 13 26
4 23 18 1
19 24 1 18
40 35 19 10
4 43 24 30
22 40 16 5
9 30 48 16
30 22 24 10
37 24 0 31
8 8 6 31
7 21 28 12
2 7 21 14
44 9 21 5
18 19 35 10
18 42 16 38
18 30 10 28
1 14 49 19
20 36 45 3
40 6 38 15
6 4 47 11
20 32 23 43
22 32 6 9
37 9 41 11
41 27 37 5
15 33 6 21
14 32 23 1
11 35 26 11
9 14 12 7
28 29 5 18
7 13 47 22
43 12 16 46
13 48 7 2
6 24 22 16
27 12 8 4
9 4 31 4
2 13 48 36
18 36 46 28
14 17 10 5
7 15 32 9
0 11 49 39
21 38 4 9
49 21 12 16
0 17 40 28
1 13 46 22
1 23 11 16
21 37 39 20
15 42 33 39
43 18 45 4
20 20 11 22
24 35 43 10
19 42 40 12
22 33 36 2
1 10 19 18
6 10 28 19
3 31 4 10
41 31 21 16
17 41 47 12
2 20 24 5
35 11 0 22
24 41 10 39
6 5 11 39
24 37 29 11
2 12 24 13
18 9 24 12
35 21 17 5
15 40 45 17
20 35 46 6
28 28 23 6
23 33 12 18
7 26 44 4
2 24 31 1
1 12 17 8
8 38 22 0
9 9 2 9
23 32 10 39
10 11 24 16
19 14 11 1
3 35 16 3
30 6 35 17
18 19 47 18
23 47 14 10
18 35 14 6
44 11 25 4
35 31 32 37
17 43 47 4
39 32 47 15
8 5 26 42
15 18 37 40
8 10 26 17
21 33 13 38
5 13 9 37
23 36 20 40
42 26 43 20
4 23 21 35
12 13 21 8
36 26 49 40
32 26 23 13
1 16 46 15
21 26 43 35
28 16 10 31
30 25 1 19
17 34 18 8
2 17 42 1
5 39 42 20
20 37 18 14
6 39 9 24
19 35 20 42
14 6 39 14
7 38 15 9
26 34 45 13
2 8 17 41
4 17 29 12
9 32 29 33
35 20 17 13
16 37 22 33
16 45 23 7
46 24 33 8
30 41 14 0
16 23 14 16
19 24 42 41
11 4 36 3
23 19 20 36
6 6 37 12
8 3 19 24
5 31 35 3
18 36 15 5
7 39 29 12
10 36 12 6
18 35 8 1
7 8 41 18
1 35 33 3
14 29 4 0
1 35 42 6
31 26 36 35
13 40 16 2
2 41 30 3
19 39 24 48
10 13 19 26
27 38 0 8
19 35 13 12
0 19 47 11
2 5 21 4
4 5 40 9
3 16 15 0
21 33 42 2
6 28 7 4
24 39 28 15
4 30 44 11
11 14 9 39
8 6 40 22
6 12 48 12
18 35 13 16
1 9 36 2
17 8 6 20
4 36 38 10
0 11 35 16
6 12 30 2
13 16 29 23
37 25 21 2
7 11 42 8
18 33 36 19
20 37 16 13
12 11 9 34
9 25 43 1
10 8 33 9
