50 293 14370 800
10 42 11 17
5 46 23 2
39 38 19 18
16 38 12 3
16 17 20 16
48 8 27 34
36 39 30 33
40 37 36 20
28 39 21 34
41 40 21 24
19 14 25 15
8 47 22 23
9 45 6 39
46 10 25 25
4 46 29 15
4 7 22 27
21 18 36 11
4 43 8 14
42 41 20 15
3 42 43 32
6 4 6 49
12 10 19 24
12 41 35 15
1 43 26 41
12 43 26 19
31 10 28 24
13 41 19 47
5 43 18 27
44 35 26 14
38 32 33 27
10 1 10 39
32 29 2 48
12 41 25 12
39 42 9 1
19 16 19 28
47 12 21 29
13 43 45 36
10 43 38 35
45 9 36 49
32 45 33 34
48 9 20 21
28 11 20 39
9 49 35 21
14 43 0 49
10 40 3 40
12 47 32 36
47 24 35 33
19 23 10 47
44 10 39 45
26 26 17 7
6 49 5 29
3 5 37 41
11 43 10 37
45 47 15 29
7 21 38 32
9 45 13 21
44 24 17 12
45 8 5 33
27 6 12 43
31 34 45 30
1 12 15 26
49 8 9 42
20 6 24 25
3 45 5 21
5 0 18 19
23 0 40 28
14 48 25 24
11 3 18 22
3 5 14 22
16 39 23 30
10 42 3 37
18 18 20 21
35 32 40 47
37 44 16 13
3 3 29 13
5 41 17 25
16 28 34 8
41 33 17 11
0 5 33 41
43 28 29 45
36 36 42 38
11 43 38 45
4 10 6 42
15 7 42 22
46 41 23 25
25 17 36 33
49 14 25 12
19 15 38 33
6 40 19 6
7 39 29 1
4 44 24 25
33 11 14 20
12 40 26 23
27 8 13 27
22 2 39 38
6 7 30 37
48 12 31 0
22 5 36 6
3 1 16 6
41 7 2 38
10 44 44 49
22 3 28 47
27 29 22 31
15 39 21 21
44 26 16 22
37 46 19 23
3 44 20 23
45 7 17 22
40 16 29 7
6 9 21 22
12 48 9 29
19 19 31 9
9 41 23 22
10 42 20 19
46 45 26 2
5 45 22 27
6 5 17 32
34 0 6 32
17 41 32 23
14 42 12 19
6 39 37 13
0 40 13 27
6 47 27 3
43 11 23 27
6 40 23 26
42 40 31 14
10 44 25 25
12 43 20 19
43 12 34 21
2 43 20 28
3 44 34 43
10 39 26 16
12 45 20 21
12 45 23 20
3 44 18 10
45 20 37 14
43 9 2 4
30 15 10 20
35 42 18 37
13 12 16 26
36 28 12 11
6 7 35 21
13 48 0 42
47 34 15 1
6 47 27 22
34 12 22 17
10 48 19 22
41 21 9 1
3 7 22 27
9 4 23 17
14 41 35 32
6 42 31 39
26 26 36 23
15 43 49 39
2 5 9 25
11 1 15 22
7 44 11 23
20 19 17 21
2 17 10 23
7 45 25 13
11 44 17 18
17 0 22 30
2 38 46 32
8 42 1 44
46 34 17 27
23 37 19 14
1 47 34 6
29 45 23 12
42 45 20 20
46 11 28 26
42 38 13 37
10 0 21 23
21 29 4 48
11 43 1 39
45 12 1 45
14 17 17 29
10 44 24 16
16 47 36 37
31 37 13 26
11 35 36 29
9 39 22 23
8 43 18 26
47 6 16 29
39 28 11 34
0 10 27 14
38 38 11 42
47 9 22 15
36 31 39 42
34 39 27 20
26 16 24 25
10 44 24 13
4 43 37 35
45 7 16 33
47 7 20 24
8 43 24 23
11 45 32 9
41 36 19 45
9 43 46 16
46 8 31 36
48 8 16 34
5 7 19 23
22 24 16 25
45 34 46 11
13 12 27 27
45 12 22 14
8 41 14 27
1 48 25 18
7 44 42 15
10 11 18 20
48 45 31 31
37 33 40 9
7 2 9 35
48 13 20 17
37 42 35 38
7 1 19 31
3 6 34 38
2 3 30 40
14 17 9 33
7 43 21 29
18 44 16 34
10 45 3 48
49 10 0 45
42 28 19 26
48 30 35 10
9 44 39 24
49 26 24 19
3 1 24 1
1 9 31 20
47 14 16 26
25 20 9 7
47 31 23 29
46 19 1 34
10 41 28 46
33 42 33 8
33 26 11 24
38 38 14 28
8 45 23 19
4 48 19 30
8 44 33 38
11 45 34 41
9 22 37 5
8 44 39 16
41 48 26 48
33 35 8 46
44 12 20 15
10 40 23 23
48 27 27 19
14 45 4 21
4 1 23 33
9 48 12 29
6 26 16 22
48 25 42 34
42 33 9 36
6 39 22 19
8 42 42 11
37 3 5 22
4 48 15 13
19 29 34 32
43 7 9 41
23 24 17 25
20 19 7 26
47 36 29 30
10 40 19 16
28 14 21 15
1 44 16 16
8 39 17 25
10 43 2 46
42 42 37 15
2 39 21 31
44 11 1 42
3 41 26 20
6 3 15 21
7 42 30 31
10 40 2 41
43 10 18 26
46 34 29 38
5 47 27 30
7 48 15 26
10 45 9 26
9 46 7 20
47 37 4 49
8 41 29 13
47 9 17 23
12 40 12 24
3 44 22 26
36 7 7 16
48 31 27 18
33 29 17 31
6 40 20 32
35 48 0 48
6 44 18 18
9 44 45 48
9 42 45 35
