50 213 12466 800
19 34 6 17
3 23 17 25
27 35 5 21
10 15 18 38
10 14 23 34
14 38 48 36
19 36 29 17
6 2 20 47
32 5 43 23
3 29 21 34
32 43 16 29
45 35 37 43
28 39 6 8
18 32 11 18
2 38 35 33
10 37 44 2
47 48 32 0
17 20 28 35
46 43 5 43
29 35 22 28
42 2 24 28
8 13 40 19
26 37 49 31
10 2 19 42
32 47 39 17
6 18 23 32
24 32 35 15
17 13 34 21
19 34 40 42
28 9 26 29
14 18 16 25
43 35 18 38
35 44 36 35
35 38 24 32
6 20 19 37
28 26 47 23
21 48 23 9
37 30 34 44
12 34 25 32
19 46 18 30
24 46 23 27
41 32 28 43
42 42 44 23
48 30 49 48
38 15 41 12
11 34 37 20
1 39 29 35
25 34 41 26
8 18 24 39
16 4 3 36
21 14 35 16
18 31 17 8
18 25 2 13
33 30 43 35
18 27 25 10
21 37 23 17
13 35 21 37
43 28 26 35
26 34 30 13
6 12 35 43
22 37 48 23
12 13 14 16
10 13 13 28
17 20 23 38
15 19 21 34
2 15 24 25
27 45 4 27
44 42 6 26
11 28 23 38
32 16 14 28
23 32 41 41
16 28 37 36
10 23 9 36
6 17 24 38
18 32 29 30
34 30 44 5
44 35 49 21
19 17 28 38
16 26 20 28
29 26 30 19
29 44 49 21
22 8 21 33
10 36 32 28
10 18 46 31
31 46 25 44
14 38 25 43
21 25 22 30
28 17 25 28
18 16 17 4
38 39 20 44
24 36 17 47
16 49 24 41
38 25 19 32
43 2 24 32
18 32 46 18
24 36 28 30
32 44 37 28
40 42 22 25
31 25 19 11
23 43 40 13
34 6 21 49
26 43 10 14
19 41 18 37
25 3 0 45
21 41 35 39
34 30 49 29
33 30 25 27
9 10 24 32
16 1 24 26
27 29 42 7
24 33 33 44
24 39 5 35
11 26 22 5
0 24 33 24
31 20 28 25
29 49 12 26
25 9 29 32
27 29 19 31
9 44 22 32
3 14 26 18
18 15 43 9
28 23 26 30
15 46 39 47
20 33 42 23
42 41 34 30
22 40 43 31
14 38 23 18
19 12 24 0
13 24 21 31
28 22 5 16
22 35 26 24
24 33 21 49
2 15 17 40
37 33 34 19
41 41 13 4
28 41 18 30
13 12 22 25
9 18 25 29
22 6 25 30
28 40 46 37
17 26 2 46
39 40 33 34
7 17 36 18
17 25 24 24
29 30 0 37
21 36 6 22
24 21 23 33
15 33 10 40
26 27 21 29
20 40 29 37
12 16 32 24
27 29 46 23
22 41 41 20
6 17 0 31
22 13 43 36
2 49 17 18
15 35 5 44
38 46 27 36
18 30 25 21
46 25 20 30
17 30 34 47
18 26 35 44
6 13 21 10
13 30 0 32
16 22 24 12
4 9 19 44
16 42 3 42
10 24 29 25
14 30 38 20
3 19 46 14
0 40 24 35
11 32 21 16
38 36 28 45
28 11 41 47
3 15 46 25
8 13 27 33
10 40 20 27
21 34 23 44
21 27 11 24
19 15 18 32
11 30 15 36
5 12 22 43
11 32 28 27
23 28 24 32
12 43 23 29
12 16 25 27
14 27 23 31
39 34 0 12
24 41 26 0
11 24 27 8
39 45 26 28
23 24 21 40
8 21 14 34
16 13 31 12
26 22 25 32
17 26 17 38
7 15 25 33
16 26 25 29
15 40 42 13
38 31 25 32
15 29 26 32
41 42 22 20
29 36 12 21
24 32 1 23
11 29 35 36
29 17 21 31
12 17 16 30
16 30 21 2
34 37 20 30
30 7 21 31
37 37 17 30
27 16 2 41
20 28 3 25
