50 234 11649 800
12 22 33 22
34 49 14 4
27 14 39 30
28 45 36 37
25 4 8 13
5 32 45 14
33 25 47 2
26 19 9 23
9 9 19 17
10 18 48 41
18 3 19 23
21 7 45 22
1 7 28 39
24 27 11 30
26 0 9 12
23 30 11 13
35 17 23 32
19 11 49 45
31 39 45 48
26 9 48 25
6 10 5 16
19 23 25 30
19 14 14 22
14 24 38 26
25 38 22 18
32 23 16 9
31 39 39 14
22 20 31 37
19 24 19 35
11 3 48 46
28 40 49 9
35 14 8 16
15 7 7 13
3 11 21 11
17 28 28 31
34 46 6 1
13 20 31 25
17 10 40 10
32 44 26 4
24 43 31 25
27 44 11 6
10 26 43 17
29 2 34 22
27 8 32 39
36 39 12 5
32 39 9 12
0 4 24 13
1 33 48 43
25 33 13 32
25 48 25 39
9 24 31 43
33 42 3 22
24 30 42 26
29 15 2 5
28 25 39 9
8 4 3 10
34 17 28 22
18 16 34 43
24 40 33 31
16 2 14 22
17 10 44 31
5 4 5 14
33 45 36 1
17 33 5 6
29 36 28 25
31 27 40 6
18 49 49 38
2 11 32 29
26 34 7 15
31 20 10 11
26 33 25 21
5 16 9 23
18 49 12 3
16 4 42 28
35 39 5 11
2 7 10 16
9 1 46 43
10 3 41 4
13 19 29 37
35 45 17 17
17 20 7 23
37 40 5 7
14 44 47 47
15 38 27 3
18 1 18 23
28 35 15 18
27 46 40 11
21 1 12 31
13 9 25 35
38 14 31 18
22 5 44 29
25 36 31 48
6 19 48 47
26 47 12 1
13 4 7 7
1 13 36 2
32 42 27 30
6 21 13 11
0 6 18 30
31 42 13 5
33 15 20 20
21 5 5 9
19 10 29 17
27 23 1 4
30 43 4 1
23 12 21 26
37 40 36 0
31 26 14 36
12 11 19 33
28 34 48 48
16 1 31 10
7 22 17 48
16 29 6 24
22 35 15 28
7 18 1 33
7 16 36 32
28 13 15 17
36 8 26 13
4 3 37 30
26 23 15 18
25 37 10 10
6 4 25 31
19 27 16 0
31 21 8 16
47 39 40 22
24 6 29 21
32 14 28 40
7 24 5 34
35 19 38 11
35 42 24 7
27 20 14 13
19 10 28 26
10 11 18 10
11 18 49 15
13 7 21 9
18 7 3 13
34 43 9 3
25 30 9 28
24 32 4 5
13 13 45 43
40 6 48 24
22 5 1 11
29 14 4 19
22 22 11 26
16 4 41 0
10 32 9 14
34 8 23 34
33 11 23 46
46 13 49 48
32 34 30 37
5 18 33 36
14 17 30 30
10 31 29 4
24 43 17 16
16 3 26 31
23 2 42 29
0 11 4 27
33 15 23 33
22 11 35 37
14 25 28 33
32 42 35 3
19 32 37 2
46 38 5 31
13 23 22 34
7 13 5 18
20 19 39 25
19 14 27 14
23 25 9 1
27 18 21 38
32 49 10 18
29 40 9 27
4 15 45 45
14 38 27 17
41 14 10 16
37 46 26 33
21 37 30 17
21 25 11 10
33 47 12 15
26 38 27 44
36 6 3 15
23 19 35 19
29 42 15 16
25 7 7 35
18 15 6 19
38 46 4 14
28 37 30 25
28 19 14 25
25 20 6 21
25 36 40 14
32 24 8 11
20 19 9 14
49 49 19 12
28 18 18 8
28 9 35 23
16 40 23 44
38 48 35 34
8 17 40 35
28 1 24 0
10 18 14 8
11 2 5 7
17 13 14 32
7 31 16 10
20 10 3 18
35 44 9 14
15 8 17 2
25 11 34 19
17 30 4 22
32 4 34 35
21 8 34 4
25 30 20 13
23 25 42 20
12 10 5 15
24 2 16 19
37 36 3 12
17 4 6 15
9 9 27 6
25 33 28 20
18 11 33 37
31 18 8 32
29 9 47 49
27 24 32 21
35 35 31 37
23 44 12 14
6 13 38 22
37 43 34 9
5 27 31 29
24 25 46 46
31 37 2 5
32 21 15 15
9 30 28 38
42 40 27 8
22 6 30 14
24 9 8 15
19 44 30 18
