50 122 12573 800
21 38 13 6
11 17 36 39
23 46 38 37
11 12 23 44
31 12 19 2
34 27 7 32
44 19 14 5
8 29 40 42
29 28 21 3
26 37 19 6
8 4 37 11
25 38 22 42
25 45 21 44
13 42 20 0
5 4 11 26
31 37 16 1
9 0 23 34
10 5 2 35
22 39 19 7
31 32 4 35
6 5 22 10
21 22 25 2
9 31 12 12
32 17 17 29
36 16 42 42
11 22 24 5
32 26 20 12
27 18 4 26
14 15 43 42
11 36 4 8
39 19 3 20
12 3 20 2
8 35 14 46
30 40 15 28
14 9 24 49
47 2 35 38
11 11 21 48
11 13 13 47
32 36 44 37
4 31 14 48
5 4 31 0
38 47 25 15
22 42 19 3
26 34 19 2
19 32 36 39
30 48 5 43
35 22 18 12
11 20 24 0
33 35 44 38
14 16 14 25
31 12 14 27
10 21 37 37
9 5 15 6
20 23 35 37
19 16 7 7
27 47 40 41
18 43 25 46
46 33 27 45
25 45 6 30
25 29 39 41
7 40 19 26
4 33 25 0
49 2 27 49
20 43 5 2
18 43 19 2
16 38 15 18
48 2 24 1
9 19 42 44
46 27 3 29
13 41 21 0
26 42 15 25
16 18 39 34
32 41 36 48
17 43 36 42
41 32 4 0
13 34 44 20
16 41 23 4
42 13 25 0
24 9 35 37
31 25 21 1
16 22 4 10
10 10 20 25
22 40 29 4
3 4 34 46
25 43 16 5
42 4 25 4
24 41 9 38
20 26 40 43
20 35 30 4
16 19 46 35
15 10 5 4
25 6 2 4
2 6 43 30
5 37 40 35
21 38 34 38
15 32 22 4
16 30 40 40
8 11 12 25
14 38 48 34
33 28 38 39
6 9 39 25
39 0 13 12
20 1 29 47
5 1 11 26
11 45 2 0
33 4 20 3
6 36 4 7
25 36 8 34
22 36 22 5
17 40 26 8
29 28 22 25
35 13 41 13
20 0 24 45
29 44 32 36
32 23 18 4
36 28 36 42
14 32 22 0
36 7 38 21
13 17 43 41
32 9 27 31
27 19 38 39
5 15 39 32
