50 74 11000 800
24 39 39 37
24 22 35 34
22 43 3 46
13 43 9 33
16 40 25 41
25 45 3 29
0 20 14 40
18 37 14 29
18 45 7 35
24 49 2 30
26 46 33 33
11 30 2 47
11 29 4 34
5 30 7 47
25 32 0 33
19 41 4 35
26 26 4 49
21 21 0 38
27 35 6 37
13 8 11 42
23 34 27 48
1 27 28 45
11 36 39 34
25 49 36 37
11 37 39 36
19 30 23 41
40 5 12 39
17 45 36 35
24 45 0 40
4 21 2 24
6 10 9 39
23 12 36 37
20 41 4 44
20 39 37 34
7 41 35 19
17 48 41 24
21 27 1 40
15 42 19 33
9 42 26 27
18 45 39 34
19 29 13 48
29 3 4 30
23 36 34 35
27 44 42 34
15 7 13 31
22 31 11 48
28 40 0 8
17 10 5 10
6 9 4 33
23 34 38 37
20 46 4 43
2 18 0 45
20 43 3 24
27 33 0 28
17 47 4 38
2 31 13 46
12 34 10 13
15 45 5 6
21 42 4 41
11 6 40 35
14 44 7 30
22 42 13 24
28 15 0 10
15 8 49 29
6 17 7 47
24 47 39 38
27 39 5 28
14 38 1 35
21 43 1 36
11 39 2 11
23 46 46 38
17 4 0 31
24 40 15 38
16 37 25 24
