50 1054 17655 800
18 42 29 23
5 47 45 37
46 45 45 12
8 27 33 13
9 16 31 26
3 41 14 49
46 42 22 0
25 39 20 14
46 15 46 23
15 25 8 5
37 17 40 37
8 13 19 44
43 7 37 42
32 11 39 28
28 41 42 0
29 20 25 34
35 37 36 16
29 43 45 1
3 46 43 9
5 4 41 20
37 33 30 24
17 47 27 21
9 8 28 10
17 5 24 34
38 23 37 3
41 43 30 15
32 38 40 32
49 29 16 46
45 30 8 32
29 29 35 24
32 34 30 44
44 9 1 35
6 1 12 4
17 36 29 21
47 4 33 9
6 40 49 25
19 41 33 16
49 40 39 19
46 31 24 8
7 7 35 22
0 39 44 24
32 17 16 43
22 42 28 6
44 42 17 38
33 2 38 24
43 42 21 19
31 12 35 48
47 37 48 16
41 33 27 34
2 37 24 46
6 49 26 41
47 32 39 5
41 27 31 14
5 2 35 14
15 0 37 14
31 30 15 36
45 42 45 24
33 9 40 36
6 6 35 18
5 2 33 4
17 34 25 4
46 9 13 25
47 23 40 25
48 3 44 31
25 3 5 38
4 4 20 22
12 41 41 7
8 17 45 5
43 42 33 5
3 0 32 28
46 5 40 28
15 46 24 39
31 18 9 47
4 15 47 47
17 24 40 43
34 26 40 32
17 41 37 5
32 17 28 8
45 39 20 33
37 14 42 17
23 45 32 4
40 49 28 4
36 29 37 19
22 1 47 41
7 7 16 34
11 33 49 2
18 42 42 18
4 10 22 8
41 22 40 7
14 44 35 25
15 1 16 46
6 47 18 0
30 48 44 7
34 12 21 40
30 48 43 22
24 44 25 3
42 23 20 9
32 37 16 16
44 43 28 11
22 25 34 22
44 33 39 2
32 33 7 47
9 0 35 0
30 32 42 35
45 40 31 22
3 12 23 5
29 40 29 14
0 19 25 12
47 35 49 6
16 12 11 40
13 47 29 11
16 46 2 27
6 45 23 43
44 37 38 10
42 7 36 35
47 31 4 14
44 43 25 9
21 44 17 32
4 3 21 17
26 33 49 2
14 4 40 42
44 39 34 1
5 33 41 0
13 30 48 35
3 35 13 45
44 36 12 39
24 45 49 43
10 7 30 15
42 32 41 16
15 42 37 20
46 40 16 46
29 34 29 18
3 45 21 46
15 2 40 21
30 26 23 45
25 49 34 4
33 7 44 33
44 38 12 32
20 27 24 16
18 39 25 0
3 46 12 42
12 30 47 3
39 42 24 31
3 1 15 7
45 42 35 28
14 32 42 32
10 43 18 32
44 34 18 9
16 48 24 46
20 48 35 26
48 49 38 3
48 47 33 35
13 44 41 11
35 33 34 26
18 6 44 28
28 31 26 2
46 43 29 24
27 35 27 27
23 44 36 27
38 6 23 19
10 4 38 11
16 26 47 6
40 31 48 11
39 37 34 35
5 13 47 17
1 4 35 6
38 31 40 25
13 37 34 3
47 36 37 23
3 2 38 23
10 36 41 15
12 48 39 23
5 47 31 14
27 14 43 17
24 38 38 12
13 49 23 9
3 1 38 19
22 1 17 34
9 12 25 23
42 26 13 46
30 44 17 33
46 10 40 4
31 8 16 31
5 23 40 40
3 7 30 7
30 21 36 11
2 48 15 38
18 42 31 40
35 47 21 28
0 47 47 42
5 36 39 26
42 15 46 32
49 43 7 12
41 9 40 28
19 1 23 8
4 13 44 4
38 44 20 15
16 49 36 29
44 41 20 20
5 13 41 2
32 16 48 32
24 42 39 28
10 0 26 13
9 29 38 21
33 11 31 14
2 10 25 0
8 14 34 25
0 47 45 7
19 47 36 15
2 5 44 9
18 31 25 47
44 33 19 48
21 20 17 10
46 43 17 42
18 6 40 47
47 33 31 0
28 48 9 34
48 38 40 36
37 46 40 13
3 31 28 2
3 5 20 19
40 39 32 14
25 41 42 27
2 13 26 1
48 36 40 22
49 36 38 24
44 38 42 19
8 37 38 10
28 33 13 16
18 46 45 4
40 6 31 17
33 42 8 26
13 47 8 43
11 37 47 19
48 42 11 47
3 42 38 20
36 19 22 13
44 32 20 2
45 33 46 45
9 11 31 12
28 31 47 33
3 20 9 19
41 0 35 25
16 10 33 11
33 30 32 0
46 16 41 23
8 31 49 23
48 8 33 8
16 44 23 14
13 8 17 37
0 43 20 40
22 42 38 17
33 25 14 33
35 16 28 17
34 18 23 34
14 2 42 2
45 45 22 17
31 48 31 25
34 27 28 32
36 38 35 20
43 42 19 44
20 1 35 3
0 7 37 22
2 10 35 22
35 34 24 18
8 39 8 23
47 39 36 21
3 43 15 2
35 20 22 5
49 23 31 17
10 44 40 27
48 46 16 39
28 42 32 34
14 10 44 15
6 1 8 43
29 37 39 4
44 42 21 24
49 34 45 27
38 24 4 30
46 12 14 43
44 19 36 21
6 31 23 9
12 8 20 22
49 33 14 33
0 9 36 29
14 17 47 15
46 22 23 2
43 37 29 4
4 45 23 22
21 4 21 23
9 2 25 9
48 11 23 0
44 49 35 27
19 39 24 17
44 40 37 28
20 39 40 22
48 27 48 34
17 35 12 42
17 34 48 21
39 33 44 9
4 41 14 29
39 31 26 5
27 38 33 7
7 40 22 9
45 38 36 36
28 10 46 12
46 44 29 17
7 6 34 19
47 37 19 19
25 39 34 33
43 39 33 21
31 49 27 33
33 3 38 22
12 5 37 22
49 32 33 18
12 5 13 49
15 44 31 12
47 34 46 2
0 40 41 31
45 44 26 48
2 4 25 28
32 21 35 6
37 17 48 6
36 35 13 25
8 48 19 9
47 39 34 2
48 11 21 34
37 39 44 48
1 10 21 5
49 44 47 33
13 10 36 4
37 28 41 21
17 15 40 1
0 19 37 18
43 6 43 23
47 42 39 45
35 22 45 17
13 45 22 5
27 17 18 25
34 8 43 11
45 39 30 41
27 39 32 29
15 12 45 9
27 26 42 12
41 20 15 33
43 31 49 24
17 37 43 39
21 45 34 22
1 1 10 16
11 46 32 19
39 22 32 26
21 48 22 16
39 36 15 37
7 41 48 46
5 0 45 30
30 12 47 27
14 33 15 39
11 3 30 9
0 14 21 8
23 41 42 13
23 49 36 13
49 26 37 40
42 40 23 38
10 46 30 11
36 7 13 33
47 33 40 22
16 3 47 48
37 9 21 18
29 45 37 16
41 34 19 27
11 4 46 15
16 37 32 18
14 29 34 21
26 22 25 2
2 41 27 8
9 0 32 18
20 41 30 4
13 14 49 9
45 24 21 0
35 43 39 18
11 31 47 0
34 15 22 15
20 46 31 20
21 43 33 22
40 5 46 0
3 32 42 8
19 39 37 24
7 37 39 28
4 10 8 48
48 47 38 15
44 36 21 8
48 43 45 28
44 33 43 38
45 39 32 33
35 30 38 18
44 42 39 27
20 37 43 26
27 40 11 36
1 14 36 30
30 37 34 27
35 48 40 25
42 4 31 24
29 47 35 25
22 1 10 15
44 39 43 10
6 15 46 5
10 20 42 6
10 23 44 5
39 39 43 8
8 30 23 23
28 3 36 21
22 34 0 3
49 36 25 6
37 30 39 22
45 33 19 20
47 25 38 26
0 9 43 35
43 28 30 31
42 18 41 32
46 36 15 12
11 41 36 5
28 47 23 7
11 16 26 19
45 21 29 14
42 39 22 49
47 37 15 27
18 32 45 17
19 13 19 43
12 33 7 25
31 21 35 10
3 40 38 35
34 18 46 4
35 33 23 11
47 35 23 23
46 16 26 41
44 37 18 36
38 22 13 36
14 47 39 35
26 1 30 43
19 35 36 30
8 7 21 39
30 15 17 36
23 33 7 45
7 4 39 22
17 1 37 16
48 36 45 21
49 34 30 10
31 0 44 1
46 42 22 40
23 6 24 12
2 10 31 19
30 28 37 23
16 23 21 16
16 9 19 49
44 42 9 45
15 14 42 12
7 45 31 21
36 30 23 15
5 24 33 31
6 3 21 34
46 47 14 5
46 37 49 31
19 6 46 48
22 35 25 26
44 17 30 6
0 45 32 32
23 18 31 37
33 18 42 1
27 2 42 45
46 8 28 34
40 37 46 1
35 7 35 13
35 21 45 16
9 42 30 36
19 14 31 19
21 43 43 34
41 14 32 5
39 4 41 20
18 28 19 14
2 6 20 33
20 18 32 30
27 42 34 27
36 27 15 42
1 14 37 5
5 44 23 22
5 28 15 28
37 8 20 3
1 9 37 8
28 1 31 25
31 27 16 45
6 35 33 21
37 18 37 31
42 31 49 9
41 43 46 22
22 45 47 25
32 7 39 3
48 14 2 16
17 35 14 46
46 36 47 2
40 38 30 10
5 11 30 19
42 37 38 22
45 33 25 2
48 34 12 17
19 42 4 35
47 32 49 8
32 20 2 36
15 11 18 43
4 6 20 1
38 22 38 7
0 2 35 23
21 32 26 26
36 26 43 22
41 39 17 9
42 37 36 10
33 49 45 39
20 47 6 49
31 34 33 25
27 43 18 42
9 6 38 35
24 36 10 39
12 2 30 8
47 40 37 25
15 46 48 3
22 32 31 22
46 37 42 41
5 38 35 29
20 43 1 26
3 34 5 44
44 35 41 20
4 2 41 45
40 30 29 6
22 36 9 43
49 10 40 22
23 16 27 32
10 38 27 25
34 33 27 40
46 40 25 11
12 4 26 5
20 6 34 14
49 10 41 35
40 3 20 27
12 37 24 35
28 11 44 10
49 46 46 37
2 20 41 30
11 46 37 16
6 2 27 13
17 49 26 47
32 43 22 10
2 8 27 21
22 43 36 38
28 29 38 46
37 17 17 46
26 39 42 43
48 39 20 13
43 4 48 33
32 29 27 15
15 40 22 6
7 44 22 17
47 43 49 32
10 44 31 3
18 26 34 9
41 39 14 36
12 49 41 6
2 15 35 21
44 40 31 9
21 30 40 19
7 46 32 24
10 19 28 9
11 22 31 27
9 43 13 45
49 33 40 35
45 43 27 3
15 1 48 2
30 10 8 22
42 42 35 7
45 22 33 22
46 11 16 9
8 9 40 29
43 11 48 48
40 44 32 36
8 46 33 18
47 14 24 28
42 38 38 26
46 40 14 48
45 36 40 23
46 37 39 30
39 38 43 25
21 12 31 8
6 33 35 10
34 19 30 18
29 46 33 18
11 37 43 39
25 36 38 15
48 35 48 17
32 38 45 25
24 10 29 37
12 45 31 28
14 48 47 25
11 33 14 45
47 41 25 39
40 13 1 20
33 28 26 33
10 23 22 14
34 26 33 19
2 7 18 10
22 44 30 14
44 40 35 6
6 40 46 27
32 1 14 39
35 45 41 48
14 13 18 32
40 6 32 22
28 30 34 13
40 39 12 28
7 48 37 5
20 14 17 42
0 4 49 1
46 35 38 0
33 19 48 5
49 35 37 10
49 37 48 10
6 37 32 13
47 23 32 47
3 16 33 29
3 47 15 38
39 22 49 5
44 48 32 7
44 33 37 16
43 33 18 45
46 3 25 29
20 5 46 18
42 35 30 3
41 12 47 18
45 42 20 21
32 45 48 7
35 18 20 31
14 29 15 24
9 33 22 7
40 44 21 43
1 44 25 41
37 16 17 46
40 25 27 31
37 9 38 48
4 21 22 21
12 41 28 44
28 45 36 45
12 8 20 6
40 43 22 44
6 8 36 12
47 36 49 15
47 39 29 10
47 21 28 24
46 35 31 14
0 4 32 11
20 30 33 29
4 10 20 19
4 44 16 38
21 11 4 27
38 35 4 19
49 39 21 47
46 11 48 32
48 42 35 31
23 49 41 30
47 22 4 7
15 46 45 36
35 42 38 15
36 39 15 44
28 45 48 31
35 32 22 37
4 18 41 26
13 29 24 42
27 41 25 38
39 31 26 1
4 2 38 7
13 48 25 20
39 31 21 43
16 26 35 23
5 19 31 34
34 34 25 5
14 10 36 48
26 46 17 40
8 21 27 13
45 17 37 43
19 2 14 46
32 21 44 43
44 9 44 0
8 19 48 30
48 35 35 22
47 30 25 33
13 16 24 35
10 35 31 3
4 8 47 16
7 19 29 15
29 48 42 6
2 6 26 8
48 38 24 40
23 30 13 22
39 22 45 45
4 11 34 26
21 28 36 2
36 45 0 16
15 8 14 47
46 40 16 4
24 2 42 30
47 40 3 43
39 38 42 22
16 28 33 26
34 37 23 12
28 30 34 38
0 17 11 29
15 13 11 28
47 6 24 41
43 32 19 47
11 36 35 25
30 27 32 20
31 0 26 25
31 19 39 22
24 42 19 26
44 36 29 41
31 16 27 36
14 13 32 24
18 41 30 33
40 23 37 41
37 33 40 36
7 0 44 12
27 4 28 11
47 41 26 46
36 14 20 11
27 5 37 7
46 39 29 19
46 29 43 40
33 34 26 10
18 43 28 23
47 33 29 11
48 45 42 41
6 24 35 25
2 4 40 3
18 31 29 30
15 9 24 44
49 43 41 39
34 12 17 45
22 42 14 43
47 35 16 46
8 6 23 29
42 4 39 39
10 42 23 1
0 1 39 26
1 4 30 7
18 0 23 36
0 34 40 4
20 46 35 26
45 13 35 5
13 29 31 8
2 33 35 8
15 35 4 13
11 46 26 25
21 43 43 40
44 7 29 26
8 29 19 41
20 32 33 18
24 20 44 26
45 8 31 31
49 40 19 18
12 35 4 20
8 43 23 13
46 40 39 6
8 12 31 43
34 44 41 21
47 42 36 17
22 29 8 32
31 17 39 12
5 46 35 30
27 20 39 20
9 33 33 24
45 27 43 44
18 45 21 39
43 37 37 14
5 41 28 18
39 17 26 8
18 39 45 39
44 20 15 18
14 7 24 18
34 48 27 4
47 37 35 30
14 5 19 15
15 26 34 24
5 15 41 35
2 15 4 44
31 5 42 22
22 39 42 41
48 33 23 6
8 46 33 28
0 6 26 13
47 36 21 20
32 29 23 23
2 49 37 20
26 38 22 45
6 3 15 39
15 39 11 47
19 12 27 18
46 39 38 20
42 35 49 5
48 43 36 11
5 8 35 39
7 44 32 26
44 36 6 18
43 37 12 29
46 39 12 42
24 29 25 21
36 23 36 7
36 38 26 42
38 17 29 28
32 49 30 18
46 20 32 22
25 40 41 30
11 20 33 15
32 24 46 27
16 40 48 3
46 44 25 14
45 37 18 21
46 46 17 14
44 39 42 17
43 39 31 34
43 37 21 23
47 4 39 17
2 3 34 4
1 20 36 33
46 38 44 27
5 22 29 23
33 36 29 25
41 34 26 13
11 12 32 31
40 38 42 41
5 4 32 26
29 24 7 47
42 8 32 24
19 8 3 10
3 5 48 48
16 11 43 2
1 12 17 48
46 37 49 25
17 36 28 19
14 2 37 21
25 34 17 47
7 48 26 19
40 43 47 31
18 40 30 15
13 30 17 35
11 43 28 32
40 39 15 2
42 42 33 6
44 40 19 45
41 6 48 18
14 36 22 11
32 4 42 39
13 40 18 9
20 32 21 28
13 0 38 36
28 34 48 35
1 2 35 23
4 42 31 38
32 46 41 21
43 34 33 23
6 18 29 39
9 0 20 20
4 46 46 10
21 39 18 22
38 46 23 23
31 17 22 47
5 31 26 8
24 32 4 16
11 2 39 30
28 20 47 19
18 12 24 11
3 30 28 4
20 25 35 25
26 37 9 2
31 27 14 39
49 39 44 45
28 28 36 24
30 25 43 20
27 45 30 28
6 44 38 5
2 41 24 17
8 5 39 37
41 12 42 16
12 8 29 12
41 42 33 25
33 36 12 25
38 5 43 2
33 49 26 30
41 36 33 13
4 0 18 26
40 25 33 38
11 41 25 39
43 37 47 1
34 37 46 28
14 3 13 40
14 19 3 48
30 45 23 16
30 43 39 44
18 35 36 9
47 47 5 32
1 10 47 40
13 40 42 29
45 33 32 17
16 37 47 9
28 0 31 34
20 33 8 43
28 43 15 21
9 42 36 23
29 41 22 10
46 43 14 14
24 45 43 16
23 13 24 21
11 3 21 2
39 40 24 23
0 42 39 44
3 1 40 8
31 26 31 9
12 13 49 21
46 44 33 32
0 23 22 16
28 40 40 2
33 19 21 40
28 21 22 34
41 47 23 11
38 11 17 46
25 44 30 17
49 36 26 17
10 40 16 38
32 29 14 16
5 38 19 40
17 12 36 26
45 38 27 30
29 21 20 4
22 46 16 28
10 19 41 1
23 39 36 40
35 25 37 29
45 39 26 28
23 49 44 4
25 33 33 21
43 42 5 42
4 49 30 29
44 18 25 8
20 46 21 4
3 42 42 18
23 9 13 10
39 40 46 33
48 42 41 9
23 35 19 23
21 8 13 27
4 4 32 2
21 11 40 41
6 30 41 15
28 32 5 33
35 20 49 21
20 36 29 12
20 44 23 19
29 21 21 7
10 7 43 38
46 41 32 6
28 39 30 26
10 29 9 43
34 5 43 30
9 29 30 28
30 38 37 28
39 24 12 46
3 8 26 21
45 43 17 31
20 33 31 27
43 41 25 9
44 35 34 45
38 24 11 18
38 34 34 19
28 33 34 30
36 44 41 19
3 4 26 19
4 27 22 8
31 35 34 44
2 3 0 38
17 30 38 21
21 46 33 9
17 8 3 49
15 43 33 3
47 23 28 12
7 15 2 22
40 47 29 41
43 42 43 24
4 0 44 28
26 49 9 38
6 21 31 27
45 41 21 27
6 0 43 32
8 47 43 17
44 43 45 30
25 46 20 5
47 16 16 20
41 10 6 19
40 16 46 18
14 39 49 8
28 7 37 24
14 2 12 15
45 32 21 3
7 40 31 32
8 45 34 22
31 17 37 34
14 2 17 23
22 46 25 23
40 29 26 14
34 32 45 22
4 18 34 38
2 47 29 7
6 16 29 7
38 26 36 7
0 42 44 8
40 12 46 38
10 10 28 14
3 7 37 13
8 19 16 18
44 46 37 22
23 43 33 17
29 43 29 19
13 40 34 46
12 24 46 41
15 14 33 26
15 14 30 17
28 0 21 47
13 8 29 44
15 8 28 2
15 19 30 27
21 25 14 34
7 15 35 23
6 36 43 18
18 3 22 34
3 39 30 12
31 47 36 12
20 37 36 24
5 47 39 41
10 21 12 46
20 16 41 28
11 40 43 41
48 40 10 44
3 7 37 20
41 9 14 13
47 10 30 12
28 28 49 29
37 45 34 14
9 25 39 4
2 12 33 6
32 12 10 47
