50 271 17843 800
32 44 27 14
22 17 17 9
5 7 25 29
17 6 18 2
37 6 30 39
29 45 34 16
7 10 37 18
24 9 29 7
18 44 37 5
26 47 10 14
30 45 32 48
6 9 17 7
5 12 19 10
15 8 33 24
28 48 9 13
28 7 32 24
25 16 45 21
19 0 34 14
22 35 35 49
44 27 45 16
13 30 32 29
31 48 21 13
23 27 8 49
6 2 44 4
45 25 13 32
35 35 49 17
14 40 1 46
19 48 45 23
2 2 31 7
23 43 24 49
29 32 43 41
21 49 11 44
16 10 24 23
35 9 13 44
26 0 20 12
21 46 6 42
6 14 40 46
24 5 47 14
10 1 6 49
45 16 19 5
33 44 6 39
33 49 28 10
11 8 46 13
5 13 14 9
20 19 17 24
12 23 27 23
9 21 44 47
16 47 24 5
17 39 3 41
4 6 47 12
31 42 17 33
12 42 13 47
42 45 6 48
7 13 22 45
13 19 44 43
29 45 48 19
24 48 11 1
23 46 18 5
22 18 31 19
27 46 37 20
46 35 9 40
42 29 13 44
28 6 23 12
14 47 34 22
25 44 8 22
38 36 16 23
6 11 12 44
37 17 18 20
30 39 45 11
23 44 15 0
21 12 49 16
16 10 45 12
32 46 3 46
17 49 26 42
4 9 42 14
6 9 41 19
19 42 23 35
27 44 17 0
34 46 7 38
43 46 24 10
9 10 9 30
32 10 3 47
33 39 18 44
2 23 42 6
5 40 19 9
22 14 25 7
11 6 15 30
16 32 8 13
38 43 0 2
48 31 40 7
45 39 10 43
39 41 16 14
7 3 20 10
7 6 37 35
20 23 24 10
7 20 31 22
27 33 15 38
17 13 24 2
5 20 22 22
9 10 27 30
20 49 0 44
36 31 26 26
16 48 41 48
3 10 8 46
13 5 37 12
18 35 27 37
11 11 49 10
28 43 20 15
26 28 42 10
15 3 27 29
21 39 11 36
27 49 47 16
7 9 21 3
9 47 43 17
21 49 42 45
37 25 17 10
44 35 12 43
22 9 18 5
0 13 21 11
33 14 45 15
4 17 8 40
31 17 11 48
38 40 11 5
29 37 15 8
32 35 46 14
8 47 15 47
22 43 1 37
15 46 22 3
6 8 7 38
24 3 10 4
20 35 15 42
15 43 45 19
24 17 17 34
1 6 9 39
9 11 6 45
10 22 28 11
32 13 38 28
25 46 23 26
48 34 10 40
18 14 44 31
0 36 16 14
10 2 14 38
0 23 0 49
7 11 45 16
11 44 5 9
27 45 36 28
47 24 9 36
5 37 24 9
7 14 18 25
4 7 23 11
20 15 2 19
11 14 19 1
10 11 18 7
7 9 31 16
8 22 23 14
13 6 9 38
29 0 20 3
4 11 41 16
26 38 33 49
7 7 31 31
29 48 11 38
3 2 5 38
31 48 30 6
27 41 11 46
30 19 25 41
8 16 7 47
4 11 44 19
21 45 21 6
23 42 19 10
14 4 5 6
36 40 42 17
0 3 42 32
3 18 49 17
11 47 42 20
10 20 17 16
43 26 44 19
0 3 21 12
6 8 0 25
14 16 17 41
26 48 8 7
19 41 6 48
0 7 25 20
10 6 27 17
30 18 18 6
48 36 20 3
16 0 9 47
6 5 22 28
15 41 1 46
42 24 11 39
38 40 33 18
4 12 19 47
14 45 6 41
20 7 37 6
19 39 37 34
12 3 14 22
19 42 48 17
26 5 10 36
43 42 29 14
27 41 46 46
46 42 37 33
13 14 23 21
44 13 20 8
3 8 4 34
21 48 5 42
11 7 25 49
13 24 42 18
7 7 16 12
17 47 25 44
17 13 21 49
19 49 5 17
13 9 36 38
0 5 45 12
29 14 12 9
13 48 24 11
7 10 2 37
5 2 20 9
22 16 19 38
25 43 30 43
34 44 16 49
17 35 16 41
27 33 18 3
17 12 5 43
30 41 42 17
25 42 14 7
16 14 33 30
3 7 35 8
31 47 20 7
41 4 8 49
7 14 39 31
38 32 14 14
7 15 14 45
10 38 23 20
21 48 45 16
7 9 44 14
7 7 13 10
9 38 28 33
4 6 48 15
34 2 29 49
11 10 17 17
35 32 47 29
3 16 45 17
8 9 31 17
18 12 10 47
4 7 19 13
2 11 16 31
42 46 46 16
23 22 37 7
46 43 15 44
6 12 46 31
25 37 35 23
43 36 45 7
11 9 19 20
22 44 16 49
12 17 45 46
11 10 18 3
30 13 14 37
19 49 40 18
4 4 34 2
7 10 47 45
23 46 33 10
27 32 11 15
34 39 15 35
9 1 17 25
24 40 27 7
23 13 3 18
10 8 7 2
26 47 36 32
14 39 19 5
2 13 19 6
29 37 39 19
18 39 33 49
