50 537 13126 800
5 34 30 21
18 21 27 39
10 8 46 12
2 27 14 30
19 7 17 15
9 41 24 5
23 21 29 40
29 16 16 17
1 39 39 3
6 22 21 25
1 45 28 34
9 1 36 0
15 2 42 16
0 15 18 33
13 14 21 26
13 3 35 12
18 7 25 7
27 16 29 38
11 18 33 17
16 25 42 29
24 9 37 12
26 16 12 21
8 21 31 32
18 26 42 20
19 19 18 6
23 21 34 20
7 19 20 5
25 24 38 19
29 17 37 15
27 27 40 5
12 5 29 10
30 27 22 36
4 30 19 38
18 28 26 42
5 19 22 21
18 17 45 13
15 13 9 17
7 26 28 26
6 10 29 18
21 23 37 44
5 37 25 40
0 33 49 6
7 1 13 23
23 11 29 14
26 23 25 7
24 21 42 9
22 19 15 25
27 24 0 27
11 20 24 40
17 23 49 13
9 3 38 13
13 23 30 13
26 22 28 42
17 7 39 3
4 13 13 22
6 24 15 26
9 22 30 24
22 9 24 3
18 41 28 39
21 17 16 19
19 18 47 6
18 17 26 39
24 29 43 11
20 26 34 9
2 44 26 38
6 32 45 11
2 42 31 11
31 29 8 27
19 17 10 28
8 43 43 15
26 19 43 12
19 28 43 14
10 5 29 39
17 28 34 18
12 28 44 11
10 22 22 39
19 19 32 26
15 1 25 24
20 3 33 8
6 7 23 23
4 16 23 2
3 44 46 4
19 15 24 40
1 25 32 17
12 27 30 17
9 14 32 18
6 46 9 27
22 16 35 9
8 18 23 16
20 26 19 30
26 2 21 31
25 9 4 17
11 20 21 20
14 21 8 25
29 18 38 7
3 26 24 40
21 21 21 42
25 22 45 9
29 28 43 17
12 8 37 15
12 27 21 24
2 14 18 27
16 21 6 33
0 12 35 21
7 44 17 33
22 19 27 14
23 17 28 15
21 9 13 22
23 17 28 37
13 17 27 8
14 18 38 18
23 24 39 18
28 27 33 22
26 22 12 16
21 19 44 10
13 11 19 17
24 24 46 13
21 20 25 44
14 15 33 11
26 22 7 42
25 14 38 17
22 10 26 9
22 27 29 34
2 9 22 11
26 23 44 10
18 19 26 36
28 24 24 36
3 0 33 0
6 1 29 9
18 14 32 15
29 23 13 24
9 46 23 41
19 12 46 7
15 45 35 9
15 20 30 38
12 21 10 45
26 10 30 3
14 26 12 18
24 18 12 26
26 9 45 10
21 6 34 8
17 19 26 14
22 12 26 35
18 25 24 17
9 16 33 16
5 42 27 44
15 13 40 5
20 12 22 36
17 11 26 42
6 37 39 17
10 7 29 26
26 19 11 27
26 21 30 15
17 27 11 31
16 10 35 9
27 14 48 8
23 17 0 6
9 1 12 49
14 11 14 40
8 11 26 4
16 19 2 27
18 19 17 26
20 18 35 30
5 18 26 41
18 25 18 31
8 26 35 0
23 29 26 38
7 2 37 21
3 48 23 43
23 12 7 24
25 22 46 7
29 16 11 26
16 21 34 18
18 21 42 13
11 6 0 4
20 21 22 29
24 20 36 33
19 29 16 27
25 21 22 36
3 8 10 39
2 5 44 18
28 9 20 35
17 19 20 29
4 48 39 21
25 17 37 21
18 19 38 14
32 10 39 27
24 9 37 21
20 5 15 7
20 15 47 8
7 8 30 43
18 6 30 43
18 14 37 26
19 20 5 25
7 3 25 36
20 20 38 31
2 37 16 30
14 32 25 39
12 18 16 29
9 3 16 30
33 20 47 13
17 19 12 42
20 24 26 43
3 23 31 8
0 25 40 17
17 3 43 19
12 24 42 13
20 19 48 9
23 21 23 39
19 7 5 39
2 36 31 4
17 1 32 19
8 7 14 39
15 13 26 8
6 3 27 32
0 46 23 37
15 18 27 4
22 15 29 41
25 16 3 31
25 13 45 9
13 48 6 38
25 18 44 11
3 14 16 24
8 40 35 11
2 1 14 22
29 18 10 16
20 23 35 7
14 9 20 26
16 25 39 19
10 43 49 8
8 6 35 16
18 18 33 19
25 10 26 40
21 8 8 27
13 29 47 6
7 34 32 13
18 31 25 35
4 31 25 36
4 39 29 39
25 21 22 10
24 12 38 38
25 26 5 29
28 18 30 11
18 21 41 16
2 34 5 39
24 17 39 21
20 20 48 7
17 25 49 12
2 35 27 2
10 41 38 18
13 19 32 18
25 22 39 12
24 24 32 17
5 31 22 12
16 41 20 31
20 7 31 16
17 16 6 24
27 14 10 3
20 21 39 20
26 21 36 12
3 16 13 9
13 47 22 38
17 25 38 22
4 11 9 12
22 20 38 14
27 14 15 10
13 25 25 27
13 24 41 14
4 13 49 8
22 17 20 38
24 27 45 10
24 9 30 41
21 20 33 33
19 6 31 16
8 9 20 37
2 14 25 18
3 45 25 44
5 14 0 23
8 5 47 9
25 24 49 8
33 19 22 32
9 5 21 41
7 25 37 17
29 13 7 25
23 27 30 10
25 29 49 9
18 21 33 3
19 7 34 27
1 49 12 29
23 15 40 13
7 21 47 6
0 36 47 7
11 21 40 14
16 19 30 10
18 17 28 40
34 4 11 17
23 21 26 39
23 11 16 32
2 45 47 11
11 14 15 17
4 43 18 34
10 49 18 31
34 5 25 20
23 28 32 13
45 19 49 6
26 17 7 43
8 47 44 11
3 35 18 11
19 30 25 42
12 43 26 39
4 44 37 22
22 14 15 31
14 43 25 43
20 5 21 21
5 13 45 11
6 13 39 14
16 13 38 10
2 9 36 2
7 13 23 36
18 4 28 39
38 8 14 30
25 22 42 6
5 47 27 39
24 30 44 9
26 19 25 12
17 8 41 18
14 19 34 12
22 26 38 13
5 46 44 8
20 19 9 33
10 44 41 23
18 16 27 15
29 10 29 42
14 13 13 27
21 21 17 5
8 35 40 15
26 23 24 42
26 16 38 16
17 23 46 11
28 21 17 22
12 24 6 32
9 12 35 16
15 25 23 37
11 45 25 26
3 5 29 37
1 8 5 47
18 6 23 2
16 17 24 36
20 16 31 12
17 8 44 17
21 19 29 4
35 24 31 5
25 16 42 13
16 36 25 41
10 46 41 14
23 17 31 6
23 10 21 7
19 5 9 22
18 21 26 42
18 16 5 44
27 19 37 16
5 37 35 13
6 47 29 1
7 19 18 0
37 29 10 25
5 13 16 32
9 8 14 11
19 20 27 34
26 19 48 10
10 19 38 20
7 41 32 15
20 22 39 19
2 41 29 35
6 47 32 6
3 36 25 42
22 19 33 5
14 14 15 20
1 28 39 13
9 35 33 11
20 16 20 40
17 16 4 24
23 19 10 25
6 40 27 44
28 23 37 21
26 11 14 11
24 17 33 23
23 29 48 10
20 44 14 38
22 18 40 39
25 23 10 30
26 32 28 38
16 17 40 1
20 6 12 7
15 10 34 6
12 44 8 16
27 28 20 26
1 41 36 28
17 20 42 14
14 9 48 10
22 25 41 20
20 12 46 0
13 23 33 30
8 37 31 41
27 21 40 16
25 23 24 38
18 21 6 7
19 5 38 1
15 15 24 44
35 23 28 39
12 8 24 44
9 47 1 38
35 10 23 41
6 10 41 9
16 17 37 14
15 26 34 10
16 20 3 3
31 20 36 13
21 9 15 31
13 33 11 27
3 1 9 22
10 8 4 32
24 15 35 15
12 19 33 16
20 39 8 35
13 16 36 11
5 43 30 5
15 5 35 17
20 21 11 27
0 13 11 40
22 22 38 11
24 19 39 17
35 22 40 16
23 0 15 27
15 14 23 31
22 20 24 43
16 11 30 36
11 46 33 24
20 21 13 25
11 29 35 18
30 23 1 32
7 41 0 33
23 5 43 18
7 7 41 17
29 27 25 43
30 22 38 2
11 47 30 34
4 40 2 30
23 22 6 35
9 3 33 22
12 28 18 30
21 20 24 39
13 39 19 29
26 20 30 28
15 3 43 11
22 24 47 11
23 15 24 26
25 4 23 11
9 3 47 19
13 17 23 41
24 13 35 20
16 20 13 44
27 34 28 39
19 16 47 6
16 10 48 11
11 9 37 7
28 16 26 38
24 41 40 15
22 20 8 40
18 22 39 16
17 20 47 5
11 0 27 41
3 48 36 18
11 15 24 42
6 48 9 20
0 8 26 41
24 12 45 8
27 20 37 16
23 23 40 15
28 15 42 14
11 40 40 16
20 31 10 44
3 35 28 42
20 23 35 16
5 7 21 45
21 18 37 3
12 0 9 3
22 23 33 23
25 17 30 41
25 21 41 15
12 26 21 33
0 45 37 13
19 19 47 13
23 26 17 25
25 24 30 20
32 29 26 39
19 20 5 19
4 33 23 38
37 11 34 16
18 17 37 14
10 26 8 32
4 47 42 18
11 30 37 9
16 18 3 26
19 23 29 10
22 3 31 10
8 2 32 13
16 16 15 8
46 24 31 1
7 25 41 44
27 22 38 7
1 38 4 46
24 25 36 34
30 21 21 44
23 18 40 29
23 26 38 13
13 8 24 33
20 24 9 20
25 20 38 7
30 21 37 7
27 25 36 16
20 18 40 12
27 24 31 12
10 22 25 28
17 21 25 40
25 28 13 36
23 24 25 40
32 17 41 27
6 11 15 43
14 12 33 19
4 13 30 40
22 24 17 28
1 37 48 11
19 17 31 13
20 24 26 42
21 22 44 2
3 10 45 32
20 12 11 34
