50 538 15460 800
12 13 48 38
46 37 49 35
43 40 20 14
47 40 23 8
20 20 44 40
46 36 16 9
35 9 2 1
3 16 46 37
45 37 17 6
3 24 15 4
35 4 22 5
37 17 46 45
49 35 36 40
20 15 23 13
13 9 6 3
39 7 13 2
47 43 28 11
28 3 8 5
35 3 43 44
49 39 45 47
3 16 30 8
20 8 44 32
32 1 42 42
35 8 2 41
34 7 17 18
1 8 39 48
25 0 19 8
16 37 4 19
4 23 11 13
25 10 14 10
22 11 46 35
9 30 39 35
13 5 3 2
47 39 41 36
46 39 9 3
0 10 10 14
30 1 3 16
37 11 15 41
28 5 35 39
2 22 25 12
0 19 6 2
44 8 19 11
28 1 19 2
45 39 12 4
31 17 46 42
31 5 45 41
48 38 3 11
16 22 0 6
24 13 6 11
27 4 36 0
49 43 16 3
47 38 4 29
34 11 24 16
45 37 17 13
21 27 42 42
41 17 9 17
46 40 39 34
5 29 36 30
18 9 41 43
30 7 6 3
16 11 7 27
14 1 33 3
15 10 4 10
49 34 13 7
19 20 16 11
47 37 41 34
34 18 48 42
48 44 33 41
7 20 28 9
24 5 17 8
48 41 43 42
31 7 3 2
45 38 19 15
32 4 11 2
48 41 37 39
44 39 7 35
35 5 26 10
39 10 41 22
36 7 45 41
24 13 40 48
9 24 45 30
34 10 26 4
18 15 42 35
45 36 43 39
33 11 14 7
49 37 0 16
43 42 9 15
44 41 11 6
17 9 21 18
26 3 48 46
42 39 32 38
22 6 14 6
36 6 18 12
3 17 20 6
30 0 1 6
0 23 44 33
45 3 5 5
3 19 46 46
20 18 41 36
48 41 36 38
38 10 1 22
28 13 16 4
33 10 48 35
47 42 36 24
47 40 26 11
49 39 42 44
34 5 17 7
29 5 16 2
47 42 0 9
26 16 38 26
28 9 44 45
33 5 38 41
36 3 45 46
40 8 15 3
46 40 44 49
7 6 44 36
34 14 40 44
2 10 7 37
21 10 39 48
35 3 22 11
29 12 25 6
44 35 19 13
27 23 38 43
28 2 34 28
31 11 9 3
48 37 25 6
46 41 43 37
44 40 49 31
38 4 4 6
1 28 5 39
35 5 6 2
33 22 4 10
25 15 23 12
33 3 3 41
48 43 21 7
9 17 3 16
4 14 44 26
47 40 21 2
31 6 36 24
27 1 6 30
15 8 1 7
31 11 32 18
46 37 30 3
31 2 9 8
27 16 48 32
40 10 49 43
36 6 39 35
16 9 44 46
33 2 18 9
40 5 48 37
48 42 49 37
16 11 20 7
9 13 8 1
38 17 18 4
30 5 21 9
21 15 0 9
28 10 25 5
32 7 39 47
49 25 30 11
45 42 47 35
36 3 49 44
25 20 46 27
37 3 20 4
38 4 44 44
18 5 13 6
46 36 9 11
35 7 13 3
36 11 16 8
16 20 8 9
35 7 46 37
32 6 49 47
14 19 7 1
23 10 40 34
29 21 37 36
0 22 29 12
37 10 12 8
36 1 16 15
42 40 18 14
12 22 19 8
49 36 20 1
13 11 24 21
32 6 12 2
39 5 4 32
34 3 6 5
46 38 44 41
35 10 4 1
42 42 21 8
17 19 45 38
6 23 44 44
12 22 36 35
46 36 2 30
43 40 37 28
26 16 28 21
47 39 22 8
26 5 43 44
38 7 49 43
31 2 31 9
47 43 37 45
10 19 28 10
34 7 45 43
26 5 7 38
49 37 38 29
41 9 4 14
45 37 43 40
47 43 43 36
45 39 21 7
37 5 45 30
2 16 36 46
32 2 48 44
25 4 16 13
43 37 13 3
37 3 49 32
34 14 49 47
19 9 44 46
44 38 27 11
26 16 40 42
41 9 13 10
43 35 1 3
38 8 37 46
7 0 12 9
47 38 25 9
47 40 42 39
36 4 1 13
46 6 36 35
31 6 41 39
27 13 41 38
10 15 3 6
49 41 24 1
26 13 27 6
1 25 6 6
47 36 46 20
34 7 48 31
18 12 46 29
44 36 18 13
46 39 22 12
3 15 48 40
48 34 11 6
35 9 38 31
48 38 2 47
3 28 37 40
36 17 43 32
11 16 17 10
44 44 31 8
9 15 3 23
37 6 9 25
49 42 35 31
18 1 31 46
21 18 42 40
48 37 44 33
20 6 5 10
35 7 5 15
38 6 22 18
46 36 37 42
34 21 20 4
46 40 30 10
5 7 6 35
36 4 5 7
47 6 36 36
24 14 6 15
37 3 20 9
14 17 3 33
3 22 3 12
42 40 26 2
36 6 27 1
42 9 31 8
19 11 47 40
45 38 4 37
38 7 25 9
27 2 43 35
31 5 0 6
2 25 15 3
34 8 13 2
44 39 3 27
30 9 13 3
45 38 9 11
26 6 44 37
2 20 18 9
19 10 46 33
9 20 23 9
21 19 8 25
11 0 40 42
42 7 0 17
49 41 42 30
24 14 10 38
8 1 44 36
34 11 2 4
46 38 44 34
46 41 49 39
45 42 42 37
44 39 26 7
38 8 24 16
36 6 4 6
0 9 49 28
41 6 47 36
6 17 46 32
49 5 9 41
46 39 41 37
18 33 4 17
49 41 46 32
24 14 32 2
19 24 12 14
20 9 45 40
47 41 38 42
29 9 13 6
44 39 4 24
48 39 27 2
21 16 27 4
31 6 47 37
19 4 3 9
38 9 1 14
26 2 19 10
4 8 10 4
35 5 38 35
35 9 7 7
47 9 10 5
48 40 49 30
28 4 47 41
32 0 9 21
28 23 5 36
7 9 17 7
34 6 3 39
32 11 47 41
19 11 13 2
37 6 43 39
30 6 0 6
33 11 41 34
16 15 44 30
31 7 42 35
40 6 49 47
18 6 49 40
30 11 24 8
38 8 7 10
29 12 37 43
45 40 47 36
15 15 19 13
47 38 17 7
8 21 31 9
36 9 21 9
22 24 8 10
25 41 43 42
34 1 14 5
19 20 6 9
31 19 12 1
48 35 46 48
46 41 39 39
35 8 13 18
37 1 42 36
47 41 6 35
1 15 28 6
15 8 23 17
44 40 12 24
3 30 18 6
23 8 44 37
31 10 11 9
49 41 9 7
35 15 4 6
38 24 5 13
35 5 17 3
41 8 8 0
14 13 41 35
46 39 20 7
48 16 17 9
3 2 9 37
12 19 44 29
27 36 12 9
47 40 18 12
0 1 41 33
43 21 46 35
13 18 46 34
2 19 7 11
22 16 29 7
21 11 8 34
26 17 22 4
36 7 28 6
25 14 44 43
3 6 47 45
31 8 7 8
36 5 44 46
16 22 46 32
32 3 49 40
33 10 18 11
33 24 46 38
34 10 41 46
44 38 5 0
27 15 6 5
49 37 29 3
35 4 4 37
42 5 42 35
33 8 8 13
38 6 46 38
46 42 42 36
23 10 10 1
37 6 46 40
36 6 8 31
36 6 26 7
3 3 44 38
46 41 44 32
43 43 49 41
48 42 45 33
41 12 21 1
35 3 21 17
40 5 8 12
22 19 19 12
43 41 34 15
12 20 47 35
48 38 44 27
35 7 47 40
34 5 7 33
47 39 19 7
32 7 11 8
1 15 46 39
31 2 5 26
0 3 42 35
0 13 0 49
36 7 46 46
33 7 46 45
25 8 49 34
0 15 23 4
46 36 14 8
3 7 7 4
48 39 46 45
18 14 23 10
0 8 4 32
15 18 4 3
47 39 12 0
24 5 19 7
31 12 49 29
25 41 46 49
11 19 46 44
44 6 48 35
6 15 44 37
33 5 22 6
36 10 4 31
31 6 29 1
15 17 24 21
46 42 43 38
48 43 10 10
14 12 42 43
35 7 41 46
48 43 35 42
35 4 42 45
43 26 48 35
29 16 22 15
36 8 15 17
32 4 20 17
44 42 20 8
14 10 48 36
40 9 46 43
35 7 8 48
43 12 23 11
8 10 6 3
45 42 11 37
32 0 8 12
30 20 18 13
48 39 24 2
45 42 45 33
24 9 41 41
3 19 42 32
28 14 48 37
34 13 1 16
9 6 16 4
17 13 20 10
29 3 42 49
8 24 0 4
17 0 46 39
22 26 47 35
32 10 45 32
47 39 41 36
49 42 48 31
9 19 40 43
37 6 43 35
47 37 27 8
32 7 42 48
27 7 44 49
1 22 45 30
38 10 3 34
32 8 41 47
20 8 41 35
39 18 16 11
11 19 1 3
28 11 1 10
30 16 43 37
19 3 5 1
46 40 25 1
36 18 21 14
16 14 27 12
37 4 3 23
15 6 12 8
40 3 47 38
46 41 24 10
37 6 43 28
22 20 38 32
2 32 16 6
46 35 11 11
42 39 25 4
27 2 43 41
26 28 38 38
14 22 8 33
49 12 47 37
35 20 16 25
22 10 20 19
2 20 45 40
26 35 39 42
47 43 44 49
33 3 21 7
37 6 44 31
0 13 9 23
34 7 0 14
49 42 46 39
38 2 46 40
24 12 17 13
39 9 41 45
38 6 0 8
45 39 1 9
45 37 9 4
31 12 2 7
35 9 15 10
8 19 46 45
4 17 38 30
21 16 24 13
13 7 28 19
17 15 46 41
17 18 48 36
19 17 47 35
48 41 49 49
24 15 44 37
42 23 45 49
24 6 1 38
20 13 47 38
45 37 40 33
29 6 15 19
16 6 48 43
26 9 16 9
42 44 11 31
5 21 4 17
38 13 13 24
9 4 25 18
47 1 41 39
