50 203 12531 800
26 28 18 39
48 19 23 10
12 48 41 42
24 9 40 23
33 23 28 45
40 31 11 1
14 42 12 11
24 17 47 43
42 47 38 36
1 38 3 28
48 14 41 42
23 16 22 1
40 18 46 46
29 33 14 42
44 19 4 36
36 23 28 8
41 15 8 6
25 23 40 26
17 27 17 35
41 43 37 4
16 33 19 0
14 32 22 30
40 30 20 45
17 35 19 38
16 10 2 43
15 49 28 16
41 24 10 37
17 47 44 45
29 17 48 45
23 39 41 20
25 33 7 6
20 42 21 26
18 18 21 34
36 12 40 41
32 22 12 3
19 31 25 21
37 22 35 26
48 15 47 6
30 16 43 38
41 21 29 11
9 33 46 41
8 17 48 45
32 30 42 35
36 20 39 7
34 15 27 44
9 47 6 20
29 25 22 1
31 15 46 40
39 17 14 43
37 3 22 27
31 38 13 38
36 1 31 30
21 19 31 18
30 28 40 5
14 35 40 6
15 18 1 44
10 25 42 40
13 42 22 18
35 17 2 7
46 8 46 40
27 23 8 11
23 26 19 29
17 49 45 47
37 19 19 43
28 10 23 1
15 19 19 7
10 11 12 35
27 0 39 28
38 18 11 44
17 38 14 48
43 22 6 3
2 28 42 19
31 18 26 31
47 24 46 42
41 27 2 26
17 43 34 39
11 18 25 31
29 26 25 24
40 15 45 43
38 18 12 2
35 12 32 39
10 49 4 8
36 1 18 32
26 36 29 46
4 31 47 38
46 22 45 44
48 6 28 39
21 30 27 31
22 28 11 8
32 1 34 42
17 13 43 41
9 43 31 12
23 9 39 30
21 39 39 34
30 19 9 26
16 34 41 13
46 12 0 29
33 31 40 43
36 23 12 19
46 13 31 42
19 26 34 32
26 38 15 41
20 47 31 41
47 32 14 37
17 38 46 41
33 11 15 4
30 31 46 47
44 0 26 28
29 30 27 33
4 20 46 42
21 4 25 14
23 36 25 40
43 16 32 22
19 29 39 27
16 22 34 42
6 7 18 3
11 25 41 10
36 32 30 3
31 30 49 42
17 35 45 12
39 37 15 33
31 29 19 23
28 25 16 5
44 37 10 46
39 22 22 36
43 14 38 4
38 15 17 45
10 42 30 13
36 29 44 25
16 23 48 49
46 14 17 5
16 10 32 39
20 20 22 36
20 32 35 11
42 26 21 3
8 41 31 29
43 13 48 46
20 31 31 11
46 6 5 2
18 20 12 29
40 6 12 31
14 26 30 19
10 48 28 21
11 21 40 39
33 26 23 48
32 15 10 6
21 26 46 45
14 47 47 31
5 29 7 9
21 13 47 26
21 20 39 14
34 15 27 38
23 48 44 41
35 22 11 7
5 38 43 41
21 30 21 23
21 32 45 45
32 23 37 2
41 8 1 4
23 14 42 37
15 34 4 16
33 44 43 44
41 40 43 13
22 25 32 7
24 15 31 37
28 17 36 6
0 20 25 21
28 20 20 19
35 17 16 39
6 48 19 15
10 33 44 43
15 44 20 37
16 12 45 49
9 37 26 15
16 37 42 30
35 17 31 32
28 26 36 46
11 14 36 26
20 36 13 22
32 46 47 45
9 22 46 48
38 21 43 7
30 25 15 46
44 13 34 6
34 18 42 27
19 39 48 43
7 17 1 39
41 20 30 20
16 22 45 40
11 33 25 46
37 26 3 36
26 37 20 42
14 46 42 35
3 48 19 23
42 7 48 37
37 1 3 45
32 10 23 31
22 2 41 45
21 35 8 31
32 22 40 46
11 22 46 45
32 42 1 11
8 36 43 13
