50 132 17534 800
3 39 15 31
43 42 18 21
25 26 2 19
10 30 19 26
37 27 20 29
16 21 1 12
27 36 12 33
35 33 44 31
31 28 21 29
25 12 28 26
24 37 20 30
9 37 41 2
31 22 41 39
29 7 4 24
26 35 7 19
16 31 26 25
38 39 27 26
35 47 20 26
28 34 20 29
27 13 42 27
32 28 17 31
12 49 18 28
23 20 48 32
28 46 31 29
25 29 17 29
18 42 16 28
3 40 17 27
9 43 11 30
26 11 9 29
24 11 21 27
27 9 3 20
26 24 5 19
25 32 41 42
26 37 46 17
10 43 16 16
4 49 22 37
37 41 1 21
24 37 1 24
29 10 22 28
30 35 17 31
27 12 27 31
9 29 21 34
8 4 3 16
27 25 16 29
3 30 11 32
30 36 17 31
4 34 40 30
20 32 17 28
27 11 5 14
27 31 13 14
26 9 28 33
36 36 42 40
27 13 31 31
9 39 26 18
32 41 43 34
29 8 8 26
26 10 14 29
27 37 11 25
30 14 46 39
1 40 49 40
24 36 4 16
22 29 2 16
22 36 42 27
27 24 1 16
25 36 3 23
29 8 40 27
35 13 32 28
27 9 6 15
21 29 8 25
25 30 41 31
27 9 18 34
13 15 6 18
31 11 26 26
25 10 33 21
27 6 6 16
25 26 2 16
21 41 23 26
6 38 19 30
18 38 29 30
27 43 23 21
26 13 2 21
18 30 32 19
21 38 26 23
5 49 15 32
1 30 24 27
37 11 39 28
28 13 12 32
16 1 19 26
21 48 27 21
24 36 14 27
47 40 22 24
29 36 39 39
25 7 2 23
25 11 11 24
15 25 19 33
20 49 0 20
9 48 44 23
32 23 12 33
27 16 15 23
29 11 15 35
24 12 24 36
40 37 18 34
8 40 22 25
33 39 34 19
47 28 28 24
21 32 20 26
27 8 5 20
12 40 22 27
0 46 25 21
34 3 30 33
40 15 20 25
2 28 47 24
27 41 13 26
22 27 18 29
22 27 14 26
39 19 2 22
6 36 33 19
20 25 2 20
30 12 19 25
28 12 6 14
7 47 14 32
37 40 20 32
39 49 1 17
5 36 3 21
28 13 20 33
26 8 18 26
31 37 30 28
35 18 29 20
27 11 19 29
24 42 36 21
20 40 0 24
29 10 45 32
