50 1168 16020 800
3 17 16 42
21 16 18 35
18 13 15 35
17 16 42 44
34 14 8 11
27 45 31 6
22 38 18 12
26 27 37 24
31 30 20 2
17 38 46 21
7 0 16 9
41 25 18 38
20 31 21 15
24 44 31 41
5 15 42 16
43 24 29 33
14 16 30 31
41 44 19 18
12 46 13 20
20 31 37 29
11 20 38 10
26 46 41 21
36 31 16 33
15 37 13 10
49 48 38 31
27 23 27 13
15 42 24 20
34 40 38 20
15 30 9 12
38 32 6 45
17 25 5 7
20 21 29 30
17 31 22 24
7 34 28 31
41 23 29 30
35 10 9 22
16 24 2 24
15 40 16 0
25 41 21 3
18 32 48 26
48 26 36 43
18 1 4 1
45 43 2 3
38 30 11 22
12 16 36 18
42 1 10 22
33 39 13 21
12 20 25 32
8 21 5 5
45 46 37 12
8 15 14 14
23 33 37 47
17 28 8 17
2 25 27 21
14 24 12 14
15 27 33 6
23 20 31 45
27 32 24 48
24 25 42 32
36 30 48 15
22 30 9 20
24 49 42 7
39 43 38 19
15 39 23 19
21 31 34 29
14 44 5 26
33 35 2 5
29 28 17 4
24 20 5 35
48 15 39 46
44 47 4 6
18 16 37 13
28 25 43 23
32 33 16 31
26 35 0 11
35 39 18 28
47 43 6 5
12 27 11 10
21 48 31 36
30 38 14 20
1 0 39 47
37 13 4 10
22 40 36 32
12 45 43 42
23 25 27 8
19 35 39 23
20 39 25 6
18 49 7 5
31 31 25 17
23 20 38 45
12 19 22 43
23 17 32 17
32 48 16 1
21 20 9 4
29 29 9 2
31 30 32 26
47 45 30 30
45 31 45 18
39 22 13 20
33 36 9 3
20 19 14 20
11 31 23 17
9 27 22 22
23 30 13 20
22 31 5 2
33 29 13 8
17 16 3 46
9 24 27 43
12 37 30 28
21 26 37 28
13 46 19 47
11 39 46 19
30 38 39 43
19 28 16 39
24 41 7 15
27 29 40 21
38 13 47 23
28 34 45 36
26 41 44 22
18 49 9 13
15 36 7 32
6 40 35 2
29 16 10 26
30 21 10 6
18 28 5 17
48 20 41 6
28 34 11 5
17 31 20 13
16 30 31 13
25 45 0 35
32 19 30 4
39 40 38 22
21 49 9 4
33 27 18 23
24 28 13 33
14 38 49 7
43 47 24 30
43 35 13 14
33 36 25 9
18 28 19 42
26 40 5 3
29 24 20 9
27 45 40 49
19 24 45 29
14 37 47 38
25 15 35 30
16 40 13 19
23 24 8 0
23 28 17 19
19 44 23 2
26 28 10 20
22 37 18 20
17 25 15 45
18 25 2 10
20 37 30 22
22 19 15 24
23 35 4 29
36 45 16 24
46 47 23 21
32 41 37 48
11 38 6 33
27 13 22 5
19 34 15 1
20 21 48 16
25 16 29 30
20 28 37 48
37 21 32 31
32 43 27 9
14 25 15 20
27 33 43 9
12 48 16 19
14 35 13 2
13 14 9 4
13 16 11 10
27 44 9 24
16 18 40 45
18 20 29 31
21 30 7 7
18 27 17 42
9 39 22 12
12 22 38 20
16 24 32 32
14 27 30 31
33 10 12 6
28 46 7 44
9 40 35 48
43 24 10 14
21 19 39 47
31 25 12 11
11 28 29 31
9 20 14 12
34 40 7 0
26 28 38 48
37 29 11 27
20 22 22 25
13 3 32 6
41 34 31 29
27 37 0 29
7 39 12 31
33 41 36 44
5 41 37 30
26 33 6 12
8 16 13 12
32 29 37 24
24 49 19 20
19 45 27 43
34 46 28 40
43 9 11 11
25 22 37 39
22 25 32 31
26 25 10 12
21 32 48 20
44 28 32 15
8 44 13 16
27 29 18 27
39 33 34 31
24 20 37 44
24 25 1 45
31 39 28 16
18 2 15 17
17 26 27 19
8 4 38 45
33 31 37 18
17 30 1 0
20 24 49 22
23 15 9 0
31 26 17 2
12 35 36 4
17 6 29 27
20 29 43 22
22 22 18 27
27 28 10 8
21 45 4 4
24 47 22 28
29 33 43 33
26 32 15 6
46 35 32 12
24 19 28 3
22 46 25 19
36 48 47 24
49 46 11 3
26 47 38 2
30 43 18 14
21 31 18 5
26 33 22 24
30 47 36 35
20 14 30 30
20 39 47 26
27 38 35 27
24 35 5 6
47 33 42 22
18 44 20 39
29 27 35 4
26 35 40 25
38 42 28 30
21 38 47 14
25 26 18 18
35 38 30 16
19 46 12 4
22 26 17 11
28 49 27 1
25 38 10 16
14 37 17 12
13 30 12 18
33 43 11 31
23 39 10 41
12 26 33 19
19 35 12 2
12 25 46 26
17 36 11 18
25 34 7 34
24 34 25 16
49 31 21 15
18 36 9 17
19 28 37 32
36 36 33 4
20 24 23 35
29 17 36 30
43 49 24 6
23 16 17 19
22 11 29 31
13 21 30 21
27 31 32 4
15 38 23 34
17 28 12 8
15 28 42 22
24 27 16 32
32 33 20 0
22 21 18 34
22 36 0 18
12 25 37 15
29 37 4 8
35 26 39 18
31 38 33 47
18 28 35 48
37 36 19 11
31 29 39 49
32 36 32 31
48 3 8 5
16 37 33 30
27 41 32 30
29 27 16 17
43 13 45 19
16 13 22 28
19 40 11 1
27 46 10 26
22 3 35 20
18 34 12 1
9 32 0 2
23 28 36 34
24 30 30 10
37 37 6 6
18 38 8 2
27 36 3 46
16 15 33 30
25 9 30 33
17 38 42 39
13 22 7 30
44 26 4 16
19 28 33 2
42 22 4 43
20 14 30 36
32 19 10 17
11 47 30 31
14 36 15 6
21 25 15 13
31 38 33 7
33 41 17 9
29 41 38 46
30 4 42 30
13 34 36 34
20 32 24 8
12 22 24 4
14 49 30 25
25 19 0 7
19 26 39 45
12 21 31 6
24 30 14 15
25 29 41 28
25 37 22 16
32 40 23 7
24 39 35 30
18 26 24 19
8 30 21 16
24 47 39 18
22 47 20 11
15 44 20 33
26 30 42 36
26 42 6 0
27 26 32 33
17 19 24 6
11 16 28 15
33 44 22 6
14 20 19 18
29 42 12 33
24 29 23 12
31 19 12 15
28 43 34 28
16 28 9 11
48 7 23 6
16 39 10 13
19 16 7 2
18 18 12 10
38 27 27 9
27 38 33 3
23 20 47 22
21 26 32 11
11 38 25 31
13 35 41 27
19 26 6 4
45 48 31 38
24 32 35 47
39 31 8 8
20 27 30 12
45 40 20 10
16 30 38 23
26 35 11 34
40 12 14 6
11 47 17 5
16 27 33 32
27 21 36 38
13 31 25 25
8 22 4 5
11 37 27 35
17 30 44 32
17 27 37 31
27 33 8 42
41 28 17 37
37 28 10 9
42 42 20 12
22 43 35 42
18 13 19 20
28 38 18 19
18 22 42 10
43 31 21 36
22 25 40 43
27 26 29 29
28 37 13 9
41 31 6 2
25 29 5 5
40 35 8 16
16 21 28 11
10 33 9 4
22 39 16 21
10 41 32 32
10 24 47 20
26 43 32 38
24 34 32 32
10 22 15 26
21 28 13 3
31 24 23 23
45 44 22 19
42 21 23 6
26 22 44 30
34 12 10 4
47 37 26 20
31 36 12 11
25 34 37 28
20 34 7 3
31 46 9 33
21 26 22 8
26 47 35 3
3 10 10 1
28 37 20 6
28 30 28 40
35 37 36 4
24 20 16 10
11 37 10 2
12 17 26 10
17 20 43 48
17 26 3 13
36 2 20 35
21 36 39 36
25 28 31 3
15 19 22 37
27 31 32 32
23 25 33 33
21 41 15 37
21 21 35 35
6 19 18 27
30 15 20 33
41 9 16 15
20 41 47 20
17 36 26 36
41 9 10 21
10 21 10 10
19 20 16 12
31 40 28 25
31 37 41 47
47 48 10 8
12 22 10 19
14 31 32 27
22 30 33 14
20 28 16 41
29 30 5 0
26 24 5 1
15 15 18 0
21 28 17 16
11 25 36 5
36 43 31 10
22 44 17 36
48 22 31 19
22 32 10 3
17 23 40 18
25 29 7 26
28 17 14 20
21 26 31 6
23 23 46 28
23 26 18 8
12 32 34 21
8 7 31 49
32 28 12 32
45 13 11 1
23 43 18 11
37 33 14 16
20 18 27 8
23 40 33 37
31 35 36 44
34 20 40 44
37 29 18 19
34 30 36 46
19 20 28 0
8 25 25 11
19 44 28 20
28 40 14 36
24 31 24 15
34 34 8 0
34 26 26 35
38 44 31 29
22 31 30 30
9 17 43 27
39 20 13 32
20 45 42 27
25 37 33 32
29 43 1 45
15 17 25 22
28 43 23 22
6 32 13 4
12 26 26 42
26 36 14 17
20 29 39 25
11 25 14 0
39 44 26 33
10 41 18 22
44 46 16 13
30 24 38 48
27 41 43 11
15 26 10 37
31 45 9 2
19 26 11 48
24 10 8 1
20 32 28 23
41 23 37 31
20 35 24 7
19 40 40 16
13 28 9 29
22 28 29 11
11 21 19 7
28 42 33 32
34 30 6 3
36 47 43 30
16 21 13 15
27 37 25 6
18 22 15 36
13 27 33 25
29 28 40 14
37 35 37 15
8 36 12 45
23 37 21 15
14 17 8 10
44 26 5 47
26 46 1 8
21 35 3 15
22 19 12 18
12 40 38 45
16 29 42 20
26 39 24 27
17 28 18 14
46 33 26 23
16 18 32 44
43 42 13 12
35 35 3 17
35 39 22 12
23 18 46 22
22 25 19 6
19 30 21 13
11 45 16 31
16 48 2 3
16 34 12 29
35 37 25 4
16 7 38 45
37 30 16 25
32 36 8 36
34 45 37 22
16 21 2 43
28 32 11 2
14 47 20 24
40 27 12 19
24 42 33 32
35 49 37 45
49 41 6 23
13 33 34 44
13 10 10 32
29 35 6 6
19 29 19 14
6 7 6 2
21 43 16 10
11 24 32 25
11 22 20 10
15 28 39 31
29 20 5 4
22 34 11 11
22 43 30 37
12 2 41 42
11 45 18 21
19 36 7 5
26 25 4 8
14 23 14 15
14 29 14 3
22 27 28 30
21 34 32 31
19 20 32 28
19 32 17 12
18 26 47 24
5 17 22 15
27 49 27 8
15 46 33 3
17 38 22 33
20 29 9 3
20 29 1 47
32 35 21 29
6 16 29 10
44 44 12 0
17 28 25 23
21 4 20 37
44 28 38 21
22 23 6 28
17 18 29 39
24 30 8 41
17 18 8 15
24 44 36 20
40 24 29 20
13 22 13 7
23 31 32 22
26 45 13 0
47 37 12 33
20 18 28 27
21 36 9 6
20 45 18 37
37 37 3 7
49 46 24 48
38 33 10 2
4 20 30 6
44 15 4 6
34 32 17 12
33 19 31 28
25 27 32 3
7 5 14 28
29 44 13 16
11 45 10 5
18 26 16 33
21 48 5 19
11 38 46 32
25 41 27 27
9 35 11 4
29 40 8 3
7 15 20 21
15 34 37 48
8 6 20 27
6 28 30 9
35 37 19 49
34 42 28 42
19 36 38 49
19 46 19 19
14 28 29 31
27 37 26 15
14 17 9 4
23 43 8 3
21 21 9 6
4 35 41 24
29 30 16 24
47 45 41 6
40 29 21 18
22 49 22 0
41 33 16 10
20 14 19 3
7 39 40 45
48 30 34 30
31 29 3 6
14 26 15 21
17 26 1 4
28 33 16 48
17 41 31 34
38 25 7 4
36 20 7 33
19 36 32 2
11 32 15 33
17 48 26 19
44 29 33 36
2 11 2 4
27 31 7 12
35 44 20 13
13 16 6 1
21 32 36 29
18 22 34 11
47 45 2 2
49 48 41 47
29 27 43 5
45 24 44 16
20 34 9 1
32 29 36 37
23 48 30 33
49 45 30 12
16 14 10 20
11 24 11 45
23 40 30 29
16 34 9 4
36 38 3 19
47 35 12 4
34 37 30 34
10 22 8 5
13 34 30 27
6 37 37 3
26 27 4 17
26 38 35 43
27 19 2 39
17 26 39 48
38 39 28 3
46 47 26 31
1 49 4 0
49 46 13 1
17 28 28 2
18 14 34 31
15 24 9 21
15 30 38 12
14 22 35 29
18 39 14 36
29 43 11 15
39 39 38 44
18 15 21 36
14 18 7 11
13 32 37 31
44 19 10 16
36 30 27 8
26 44 35 21
29 38 22 6
15 21 0 24
24 26 33 1
14 26 6 6
6 10 9 3
28 39 8 26
34 39 27 8
35 40 39 45
1 14 6 1
21 30 31 3
36 25 32 16
19 26 47 25
24 42 16 48
18 28 24 18
34 49 10 16
26 36 41 47
4 41 18 16
27 41 38 16
34 29 28 5
25 37 9 47
19 27 11 37
27 43 10 6
27 29 4 17
28 39 28 27
31 43 36 49
20 5 40 8
29 39 12 38
20 35 20 48
38 35 5 1
30 34 34 22
26 38 34 33
15 26 32 15
17 27 9 7
23 44 8 14
44 31 7 3
13 18 3 7
14 24 7 4
24 20 31 31
19 23 43 30
43 36 13 13
37 41 20 10
20 20 25 0
35 2 6 7
31 45 24 16
24 18 43 3
8 22 32 30
16 29 17 14
18 34 39 11
48 46 28 26
40 7 8 6
18 29 18 6
31 48 29 30
17 31 22 16
22 16 34 26
17 49 6 7
10 12 33 16
36 36 19 9
26 45 37 49
24 19 14 1
24 25 17 16
17 36 19 7
18 43 20 49
48 46 26 31
24 36 17 13
10 29 43 27
46 44 22 6
25 23 40 31
19 39 28 23
40 14 0 5
23 42 33 30
26 40 15 42
26 40 14 14
22 39 31 30
28 33 19 22
22 31 16 20
15 21 27 38
47 46 13 28
32 36 12 27
29 34 35 31
17 18 13 21
26 43 37 25
22 24 32 13
29 27 8 2
36 35 25 6
42 46 13 46
22 25 29 33
24 33 34 47
42 19 13 22
36 45 13 15
19 16 6 10
25 35 30 24
15 27 17 0
20 22 6 1
16 15 11 1
18 18 36 46
20 16 26 24
35 39 5 3
27 16 39 48
32 28 38 38
12 28 31 37
12 18 23 18
43 34 24 49
42 40 4 0
14 31 32 29
13 49 17 32
26 18 3 18
13 25 10 2
11 22 40 38
10 24 29 15
26 42 40 47
19 26 34 32
4 47 8 1
24 31 49 28
31 33 42 6
36 1 45 1
22 28 17 18
15 21 21 2
38 20 15 15
32 33 6 13
27 43 0 3
38 28 23 14
3 30 9 22
31 32 22 12
27 47 16 10
21 41 8 32
42 24 19 26
24 33 14 16
19 11 23 29
16 28 5 5
38 26 33 22
2 5 11 14
12 31 24 14
29 23 15 6
16 23 34 28
47 46 39 44
26 19 27 29
28 42 31 33
39 30 31 19
20 11 19 15
18 20 44 15
36 29 17 24
45 15 43 47
31 17 21 23
17 29 45 21
25 39 36 35
34 29 22 47
9 27 4 10
13 40 5 29
18 17 37 26
47 49 32 27
23 32 44 4
42 1 9 43
36 32 11 15
15 40 32 10
5 28 26 18
7 13 37 14
49 48 22 10
42 29 33 20
9 27 24 18
40 1 39 48
46 48 13 23
16 20 12 15
19 38 9 9
29 17 6 7
13 13 14 21
9 48 28 4
22 43 20 21
23 35 37 1
18 16 11 2
35 34 23 32
24 16 4 26
13 20 14 24
11 9 21 4
31 3 18 33
37 31 46 12
35 36 19 20
12 19 7 5
18 15 27 22
21 35 24 47
14 12 20 23
47 12 31 42
39 16 40 45
23 40 43 20
17 29 9 7
27 28 5 17
27 21 24 29
14 38 17 14
12 31 14 15
24 34 27 17
23 27 34 44
16 42 36 46
17 38 16 15
24 29 34 16
40 28 10 10
22 27 30 33
12 24 15 45
14 35 2 12
19 16 48 29
40 13 43 22
22 39 7 3
23 25 48 38
11 24 3 4
24 26 27 34
12 29 19 21
18 28 32 30
15 9 12 1
28 43 23 29
16 48 9 7
10 39 37 4
23 26 23 3
22 34 16 26
32 31 40 44
40 27 5 1
30 30 18 49
40 21 16 10
19 22 38 43
33 40 31 31
19 38 27 20
24 36 18 12
14 13 6 2
26 49 35 40
32 38 30 30
9 32 19 43
22 30 41 11
16 18 28 30
43 40 4 2
17 26 25 7
36 33 44 13
31 39 31 29
34 44 10 13
48 13 31 30
27 32 35 17
11 22 29 21
18 26 7 4
11 2 42 33
26 38 32 9
16 30 0 35
35 40 16 9
17 37 7 3
11 39 29 22
41 44 7 7
15 41 4 35
21 25 32 32
40 11 31 28
26 26 44 16
8 33 12 13
23 36 31 3
24 33 34 2
12 37 26 17
38 31 43 25
1 6 13 11
11 29 5 2
16 33 42 48
44 8 24 7
28 38 13 10
3 36 33 5
25 26 10 7
23 21 33 32
13 30 34 32
16 40 47 29
20 41 9 2
41 17 27 10
22 33 49 27
43 46 6 17
16 39 29 31
38 36 7 9
49 49 24 21
45 8 38 29
43 49 40 26
24 45 49 23
23 35 30 29
35 9 7 4
5 22 34 45
18 25 32 32
16 43 29 29
25 27 19 47
47 48 23 34
31 38 14 3
21 22 0 7
23 23 40 19
11 47 42 29
24 11 35 46
33 26 18 9
12 34 48 9
43 20 11 6
26 32 38 29
29 27 24 27
34 30 1 31
32 46 30 29
32 39 42 9
25 12 12 12
31 40 16 9
9 23 10 1
27 44 29 38
21 17 30 33
15 32 5 4
40 13 36 6
2 27 34 47
10 10 5 15
27 31 13 23
9 10 6 14
25 32 21 3
21 29 34 7
29 17 34 29
20 32 38 39
26 33 36 39
21 22 9 10
20 26 21 21
22 12 37 48
12 47 21 19
29 35 7 1
18 15 27 8
29 15 31 11
29 39 37 11
27 29 5 22
20 17 23 26
24 6 16 8
21 16 45 18
18 36 13 45
31 47 44 33
20 35 25 7
4 31 32 32
25 37 37 47
25 26 13 8
34 33 26 37
45 26 35 34
18 37 30 10
38 37 6 8
23 32 14 19
32 36 8 21
7 42 34 28
29 28 8 3
24 15 15 8
21 47 35 4
21 36 25 22
34 34 4 8
25 28 30 33
34 44 1 24
23 40 1 10
10 32 17 47
31 15 19 1
22 38 26 32
24 26 36 46
15 23 36 29
32 40 28 44
40 28 32 38
10 35 27 2
21 34 11 45
14 37 42 34
26 24 31 18
20 24 26 32
8 28 24 28
41 19 28 46
27 38 20 17
32 37 25 44
15 28 22 13
25 21 4 3
6 24 17 4
38 37 15 3
13 41 1 4
13 32 8 8
46 44 9 19
30 32 40 49
27 32 24 15
46 9 32 18
47 43 18 24
12 28 6 15
12 33 19 3
12 31 36 46
35 25 39 30
12 23 19 43
13 26 38 47
17 20 37 39
26 18 40 49
10 24 34 19
21 18 41 48
41 43 27 10
26 31 20 0
30 28 2 45
20 31 8 17
28 43 19 35
30 43 31 31
26 31 20 19
17 29 31 31
31 25 34 3
45 14 19 23
23 27 28 42
48 32 35 31
6 23 41 46
31 13 21 38
19 16 36 26
11 18 36 18
27 47 35 31
18 38 11 2
24 28 25 6
38 41 41 7
43 44 13 6
24 44 25 19
28 26 37 26
22 31 46 24
33 39 13 10
20 22 29 31
31 42 26 23
23 24 41 19
46 49 23 28
36 30 16 21
10 39 42 42
25 20 33 32
36 24 4 0
25 14 23 19
18 14 1 26
17 20 18 8
17 41 37 46
21 22 41 45
28 28 8 3
36 17 28 23
29 48 17 9
24 29 32 32
16 11 7 6
11 26 27 16
40 34 36 27
23 36 12 29
14 25 6 11
28 36 7 8
21 40 39 44
23 37 30 31
46 6 8 19
12 23 14 8
19 41 25 1
25 30 43 21
21 23 30 16
35 35 25 3
18 47 40 47
7 35 36 30
39 34 21 2
3 44 26 14
30 39 34 49
8 0 32 29
25 38 15 16
21 18 39 42
23 43 19 21
36 31 4 40
25 26 8 4
29 38 33 29
45 49 38 26
38 35 16 9
26 1 40 33
28 36 37 41
29 44 16 18
22 25 35 2
49 14 26 24
48 17 38 30
38 28 30 10
17 13 24 17
11 30 10 6
22 27 36 48
24 39 33 40
37 22 6 7
7 40 29 23
27 44 35 48
36 35 21 21
31 34 4 0
22 38 16 19
