50 78 16479 800
49 24 17 7
31 40 15 16
1 19 43 20
47 43 14 28
26 24 2 7
10 24 32 28
25 32 42 11
6 35 44 10
16 14 46 44
13 31 33 24
38 27 44 44
21 26 47 32
15 4 31 5
27 30 22 7
31 38 37 1
25 19 28 12
41 30 23 46
38 36 35 22
10 25 12 30
44 19 34 7
37 30 9 16
18 35 31 1
40 26 36 5
8 11 33 30
16 49 7 15
25 23 16 14
21 41 34 42
37 24 47 38
39 24 12 39
3 19 9 17
28 39 31 22
28 44 15 20
24 17 42 46
22 21 17 5
47 5 9 10
18 39 17 17
25 43 22 9
24 33 8 24
23 49 15 30
36 24 38 11
33 39 48 33
19 23 25 27
6 27 38 17
27 36 8 47
18 2 48 31
39 20 42 44
40 21 46 31
18 19 48 22
22 20 13 0
40 29 45 34
5 30 43 31
28 47 30 14
44 43 43 33
35 35 36 7
40 21 29 39
31 29 38 20
32 6 30 45
27 22 46 39
21 32 48 36
36 32 20 40
41 31 22 9
39 27 46 47
27 30 24 33
26 17 10 39
43 22 22 19
16 20 30 22
45 31 9 32
29 45 9 14
39 23 39 6
39 39 28 9
25 27 45 35
44 20 15 0
20 43 42 47
11 14 30 17
45 18 0 17
42 19 38 0
31 46 20 21
39 1 31 36
