50 533 17942 800
46 16 6 49
24 48 45 10
24 47 18 12
43 13 24 38
9 24 2 3
26 16 41 7
31 11 10 3
30 44 19 18
29 44 37 9
41 8 25 24
7 16 12 36
28 39 13 36
25 48 43 22
45 3 20 20
0 21 11 31
13 23 1 15
39 9 6 29
8 30 42 24
41 32 45 35
22 48 12 29
44 32 21 40
41 29 0 17
32 43 43 15
35 47 6 37
31 28 13 24
38 32 28 10
14 41 1 29
41 19 8 11
2 21 29 8
37 32 15 34
17 18 17 27
8 35 9 16
10 23 10 32
15 18 32 5
44 22 44 15
42 23 12 34
49 39 0 43
9 23 18 4
45 12 6 42
12 14 5 40
9 23 5 22
27 31 15 23
46 21 42 12
4 23 10 31
7 18 29 38
29 22 19 24
46 23 8 13
37 49 14 14
27 39 42 9
37 33 12 15
37 33 18 29
42 28 3 29
38 32 48 9
34 42 35 13
29 14 9 31
17 12 0 12
43 32 8 12
6 26 13 39
33 13 9 32
45 19 38 8
43 23 36 15
10 30 49 6
49 22 35 2
1 45 21 1
41 24 16 25
33 39 26 20
8 17 7 25
37 30 29 26
2 19 19 40
37 45 17 34
10 14 33 18
8 15 21 1
0 17 35 20
41 43 22 17
31 6 38 1
30 2 20 16
32 44 39 14
31 33 33 22
6 21 37 16
37 38 18 23
33 49 33 4
5 18 7 25
33 46 12 28
26 47 38 22
38 46 14 28
11 22 32 13
39 25 33 13
41 29 16 37
37 9 2 39
42 25 35 37
10 14 39 11
35 27 21 35
11 8 32 12
41 9 48 15
11 11 37 17
7 20 16 25
29 8 42 8
47 46 40 4
37 44 46 19
37 27 41 9
4 16 49 21
9 14 42 13
19 12 30 17
4 15 42 16
30 45 11 26
37 39 39 10
48 8 25 30
4 28 42 20
36 40 47 8
10 7 45 12
9 24 8 34
9 18 16 44
37 44 11 7
42 31 46 14
44 46 45 10
30 40 12 44
6 14 6 37
11 16 16 4
39 1 6 29
38 17 48 13
41 30 9 30
35 39 13 27
40 46 4 46
26 44 24 33
38 25 37 11
41 26 26 23
37 27 10 34
20 44 27 11
27 24 27 42
47 5 9 37
36 45 45 16
5 22 9 41
32 30 22 28
49 29 1 1
40 33 38 5
11 33 6 36
1 21 49 14
8 25 22 2
9 27 2 11
35 26 42 18
34 29 36 12
7 13 25 45
49 2 15 35
35 46 5 7
8 11 19 4
41 34 10 38
35 30 21 35
44 20 15 35
41 8 20 28
10 16 13 26
33 26 25 32
45 11 12 25
37 44 45 9
35 49 29 13
43 31 19 31
38 34 40 21
27 36 39 3
48 7 37 40
38 29 15 31
11 18 38 8
39 17 13 10
7 8 4 33
37 44 3 44
36 47 47 22
26 15 24 30
17 15 19 9
38 2 2 14
8 19 40 18
36 19 42 22
36 38 10 20
41 44 7 36
33 19 3 27
38 33 48 13
30 4 13 25
33 46 4 8
9 21 36 14
28 23 37 9
45 7 6 12
12 16 6 29
40 3 20 24
23 8 42 18
14 21 42 20
15 28 17 24
40 26 16 7
31 22 39 19
25 47 8 5
38 15 4 27
35 43 6 47
0 20 6 13
9 19 16 18
11 12 35 12
43 30 11 32
11 19 13 37
14 21 27 15
38 19 13 37
47 13 17 14
1 29 11 37
14 44 29 3
13 16 9 28
38 20 1 15
15 23 5 10
8 23 42 20
1 13 4 33
10 13 0 12
37 32 11 31
7 21 47 10
33 27 31 4
22 16 13 8
35 46 35 19
47 14 41 17
26 27 29 12
43 20 39 12
48 19 43 9
38 14 47 13
43 10 42 17
45 1 14 1
27 48 41 15
33 25 15 29
7 16 32 9
24 48 28 14
12 17 3 49
27 10 3 44
42 17 19 21
42 47 27 16
37 38 44 10
17 19 11 21
39 43 6 49
27 46 29 8
36 42 19 25
39 31 46 24
49 7 44 28
40 0 40 18
7 13 33 21
28 43 19 9
39 2 39 25
5 17 46 6
29 23 4 49
6 19 36 6
40 28 15 40
7 29 22 13
13 34 8 29
22 31 8 31
37 32 10 37
41 7 46 21
28 44 12 31
34 41 12 23
29 41 13 37
33 30 10 29
27 44 40 16
41 9 4 27
48 24 4 32
42 35 31 47
32 49 1 18
37 30 24 33
31 47 2 27
32 26 37 13
44 32 15 16
30 21 15 16
18 35 12 23
33 16 22 4
40 27 3 38
15 29 20 1
34 49 15 34
35 19 32 10
48 17 9 29
37 30 45 22
4 14 38 12
34 45 5 43
25 13 6 10
27 38 3 49
24 45 42 18
7 8 2 21
32 42 41 7
8 22 38 24
11 24 30 12
34 29 5 20
11 26 21 16
8 18 7 26
43 48 21 12
32 48 8 42
15 14 9 3
30 46 0 26
32 49 36 16
38 33 18 26
10 16 11 30
8 15 12 37
45 3 37 13
25 36 1 36
34 23 10 1
31 49 43 10
34 45 13 37
39 37 18 15
30 15 8 39
26 37 15 17
32 48 7 32
32 33 20 42
36 32 16 49
38 32 6 38
39 41 4 4
23 48 10 19
5 26 29 5
44 12 18 44
5 25 25 31
8 16 33 16
30 40 10 35
36 30 34 12
12 16 17 13
36 1 22 12
44 33 12 2
25 8 17 34
42 19 2 16
44 43 15 45
26 47 24 26
45 13 30 10
44 21 44 13
3 22 39 6
32 47 19 17
41 34 38 0
49 4 20 26
20 48 2 23
38 34 15 48
4 9 6 33
3 45 48 20
12 13 39 20
24 45 18 16
42 11 14 7
42 5 44 16
34 26 13 27
12 20 15 26
36 46 27 28
41 29 10 20
43 18 22 38
14 16 21 36
35 25 6 7
37 26 12 26
12 21 32 22
13 21 29 31
44 0 2 44
3 17 25 20
25 42 20 40
29 45 47 21
36 18 26 18
7 26 10 21
39 30 35 17
45 31 13 46
27 46 17 18
8 17 43 26
37 30 35 3
33 12 34 21
43 2 2 32
46 18 23 48
33 47 40 18
10 4 4 13
35 48 48 21
40 25 13 31
26 38 33 33
36 9 4 33
9 18 20 3
7 18 45 3
42 16 16 18
2 20 31 32
28 43 36 6
9 19 36 5
37 30 38 17
38 31 0 11
36 47 17 24
14 19 22 11
30 38 11 38
12 7 9 38
46 26 33 19
43 25 0 28
49 29 17 28
46 3 23 9
43 22 21 19
31 49 19 30
39 32 4 25
41 15 19 5
40 49 47 9
33 49 20 49
18 10 36 18
41 12 39 31
42 29 23 40
46 17 46 8
28 5 31 8
10 20 19 43
28 24 32 18
3 18 13 42
37 37 10 17
30 10 8 25
33 35 12 9
34 34 49 11
35 29 8 38
10 16 43 17
7 21 42 12
27 44 43 27
48 0 20 6
15 27 39 5
9 11 26 14
40 14 11 34
43 1 11 47
33 44 38 7
8 20 44 17
40 19 9 44
33 48 7 32
27 45 33 16
38 35 32 15
13 15 15 27
38 19 8 6
6 11 26 33
27 44 38 23
35 33 6 39
47 15 6 37
40 29 41 10
36 46 37 6
2 34 11 31
45 4 2 10
36 10 20 45
31 47 17 34
31 48 33 4
45 13 16 12
33 48 11 32
39 29 11 33
23 45 16 25
0 18 42 22
34 35 12 14
43 25 7 7
38 24 18 24
30 40 8 10
36 43 23 1
40 31 24 10
45 15 11 42
49 16 34 20
41 7 21 4
42 47 25 36
40 45 46 18
14 12 6 19
11 25 21 40
29 47 6 25
47 3 18 48
32 29 25 16
9 10 20 36
32 48 19 16
34 15 15 16
34 47 38 14
37 28 16 14
43 48 3 36
33 45 11 14
10 21 42 13
5 30 14 35
43 26 23 18
46 20 9 29
49 4 47 9
15 16 24 7
9 21 0 15
9 16 39 9
26 16 33 14
10 22 3 2
27 41 20 13
17 30 23 43
14 18 24 12
34 28 36 10
24 43 41 13
26 46 22 37
27 42 9 23
47 11 23 13
36 22 14 34
30 47 19 25
29 34 7 12
43 15 13 37
15 18 17 37
8 25 9 21
36 29 10 40
5 20 31 37
38 45 16 8
14 16 19 43
32 46 11 38
30 13 24 11
32 48 43 20
37 49 4 32
23 47 45 22
41 28 16 30
34 38 23 14
34 25 10 47
8 18 44 5
41 29 22 20
49 13 17 28
16 14 36 8
39 4 35 7
42 10 5 47
14 18 8 26
28 47 17 7
8 17 10 39
47 18 6 38
32 47 28 8
28 46 27 3
9 20 43 8
41 16 40 9
35 47 13 18
8 24 11 9
1 19 31 3
36 30 44 7
4 23 46 5
30 3 18 39
47 25 34 41
11 13 21 10
9 11 8 35
13 27 37 18
37 40 44 23
31 43 45 15
28 45 9 40
9 16 24 6
5 46 34 27
28 7 0 29
26 41 40 28
35 38 36 5
19 26 31 22
9 20 11 17
46 14 11 35
42 17 18 20
4 41 42 11
24 49 15 5
9 27 9 44
1 19 5 37
14 23 26 35
39 26 14 43
48 8 36 9
10 22 0 43
11 18 3 14
31 43 14 40
37 15 12 41
7 18 33 8
12 28 26 26
19 27 9 26
