50 236 11686 800
35 44 11 24
10 30 31 7
23 27 17 33
8 12 10 26
34 17 45 10
12 25 30 22
10 49 20 18
39 25 19 34
8 12 1 15
25 9 26 1
3 26 22 8
18 31 27 20
37 25 15 44
30 38 27 30
12 18 17 13
6 2 37 12
22 11 14 13
49 27 24 27
10 18 27 17
18 16 28 14
9 9 21 8
25 26 30 10
22 8 17 49
2 31 19 17
1 3 5 45
26 7 46 2
46 23 42 38
42 44 26 7
4 45 23 10
36 21 22 16
39 23 47 12
6 32 7 6
40 46 25 22
42 38 1 39
49 24 40 0
28 23 24 5
32 26 20 11
31 5 16 41
11 42 4 21
40 30 19 2
10 41 44 37
9 43 3 26
42 24 9 9
9 7 14 9
15 6 19 12
3 16 25 4
40 44 27 40
13 21 40 15
33 29 46 3
10 40 5 14
29 36 33 42
9 4 18 43
26 9 12 11
36 37 2 19
0 0 17 20
48 46 29 30
20 20 42 4
2 22 29 9
18 25 23 26
21 6 25 4
9 10 19 36
19 5 48 10
7 44 27 16
25 35 38 25
12 9 32 7
47 19 26 9
4 0 29 30
45 22 17 42
4 34 9 16
39 39 14 17
32 24 21 11
28 0 24 1
28 26 32 19
5 4 11 18
21 16 15 48
4 43 27 19
24 6 22 17
47 43 1 16
5 49 4 16
20 12 26 46
34 23 16 47
11 46 28 12
47 18 22 6
12 40 29 15
8 3 29 20
3 49 23 18
37 30 46 13
13 10 17 30
5 46 4 26
16 5 29 24
0 17 13 34
41 19 33 9
7 6 31 11
7 42 35 28
24 4 17 18
3 4 22 17
41 2 3 12
11 5 32 8
15 14 15 4
28 34 11 20
2 24 22 23
26 44 38 13
41 44 19 18
28 29 48 28
25 1 11 42
42 23 28 13
12 13 36 9
37 16 31 38
35 27 0 29
34 38 22 11
4 32 47 39
9 10 3 16
39 43 35 10
15 38 20 10
7 2 16 26
20 7 19 17
48 25 14 17
14 27 46 5
46 30 19 47
14 17 31 13
17 36 34 6
0 15 42 3
47 28 0 23
25 14 17 42
25 24 14 32
9 24 20 48
9 36 35 10
6 5 19 5
36 14 23 25
5 19 24 21
8 4 14 22
41 41 26 45
41 20 25 18
18 31 21 12
40 47 12 17
17 7 23 21
46 27 14 37
41 47 2 24
46 22 18 11
23 8 31 9
23 41 19 17
47 27 2 22
39 33 26 4
21 45 16 12
45 43 44 36
35 48 17 8
21 31 31 2
9 4 4 19
18 25 34 19
11 14 18 25
36 33 37 7
21 10 8 33
45 13 2 14
27 45 0 24
43 18 31 10
38 45 27 23
42 47 4 16
40 46 27 23
47 26 17 20
46 23 18 17
12 8 39 15
34 19 25 36
44 17 26 14
4 3 8 49
2 6 20 11
45 31 26 35
23 18 31 21
9 13 24 13
28 23 23 33
43 20 11 11
3 41 30 14
38 26 5 18
4 36 27 19
28 24 24 4
33 41 24 29
15 11 2 15
5 6 37 7
10 38 16 16
1 17 33 28
29 30 2 20
2 31 14 13
9 4 27 1
49 30 10 31
28 31 37 31
36 21 1 46
11 31 26 27
17 19 32 38
43 49 20 20
19 17 8 28
40 12 19 12
35 43 20 18
44 19 41 6
43 24 18 4
41 25 26 13
19 31 32 42
27 42 20 2
17 10 46 10
14 0 15 31
2 46 34 7
29 4 18 12
13 7 4 24
8 12 34 13
47 23 20 3
48 45 0 44
9 5 25 9
14 8 20 7
4 27 37 7
14 21 47 12
16 19 29 28
48 43 3 40
8 38 25 13
30 10 18 22
38 27 10 32
46 24 32 7
15 5 20 29
24 24 19 13
5 4 30 16
16 15 30 16
4 31 38 34
43 48 20 14
47 47 21 34
44 19 27 4
9 33 21 12
7 7 33 16
38 18 21 30
17 17 48 6
3 10 22 15
24 35 2 14
19 17 3 38
25 8 4 17
18 9 9 19
5 35 45 6
4 5 18 10
38 34 24 25
12 4 24 15
39 25 4 10
