50 183 16346 800
5 13 39 31
16 42 11 5
15 8 6 37
15 19 39 19
28 4 32 11
24 0 17 47
26 2 7 27
9 17 47 0
35 7 48 33
12 4 46 10
35 32 4 0
13 20 26 37
22 40 16 25
12 23 23 24
9 13 22 42
24 33 36 15
10 17 33 20
6 15 35 4
30 37 9 5
21 32 45 1
22 6 49 15
9 38 6 0
32 27 26 49
22 10 14 45
11 19 40 17
29 2 47 16
7 45 28 13
7 17 10 10
23 2 18 15
6 20 29 48
11 26 30 11
23 46 34 3
27 9 40 13
9 5 12 12
23 23 13 46
9 16 25 36
23 10 39 21
6 23 31 6
47 32 42 18
24 15 35 9
20 1 3 26
24 15 46 24
10 16 14 46
3 23 37 14
4 11 28 38
12 46 35 22
6 15 26 49
14 22 31 25
3 14 23 46
25 18 22 35
5 15 35 44
24 6 15 39
14 36 28 48
45 43 40 13
7 18 46 22
10 25 36 46
12 26 21 16
18 1 33 4
33 1 35 35
3 22 37 36
41 0 20 49
11 28 39 29
2 15 19 13
27 12 40 27
4 23 7 21
36 3 33 10
18 42 30 24
9 14 38 29
10 16 30 47
5 45 6 32
45 40 14 1
22 5 32 22
10 21 16 26
6 20 41 0
24 9 40 10
7 23 11 33
23 30 6 35
10 14 38 25
38 13 36 22
41 47 10 28
10 23 13 6
14 25 38 11
8 27 44 17
25 2 40 13
15 27 37 25
10 16 34 26
12 25 23 39
9 15 21 16
46 32 26 9
28 36 39 10
22 11 34 4
4 20 16 5
10 29 25 44
3 16 43 13
44 42 19 27
5 5 24 29
26 9 21 48
14 5 13 11
26 12 4 13
40 4 29 14
17 25 31 43
2 15 16 8
22 27 27 49
35 27 1 34
38 11 22 20
2 15 26 41
5 12 27 43
41 7 20 35
34 14 10 15
2 20 40 26
37 43 24 20
22 6 8 12
3 18 19 20
5 6 14 3
22 3 27 26
8 10 33 25
9 17 18 46
23 30 29 2
32 22 28 15
30 47 28 42
7 18 29 29
29 36 32 16
2 14 34 41
12 2 19 41
14 43 26 17
16 16 43 16
29 0 37 22
41 42 24 2
22 7 25 44
27 36 29 46
20 44 21 28
21 8 23 24
11 17 40 19
26 46 48 27
31 27 29 13
13 36 37 45
23 43 2 19
10 14 31 24
2 4 21 16
5 16 33 17
8 17 28 19
44 38 10 7
25 17 49 22
8 16 3 36
12 19 20 21
22 19 40 10
9 17 1 8
15 2 16 35
30 10 17 45
5 15 29 45
5 15 34 19
16 8 7 5
36 44 29 0
23 43 44 18
44 48 21 19
14 22 37 21
9 9 39 16
10 44 26 23
42 26 18 14
8 13 45 45
5 46 16 28
11 17 23 45
1 2 32 35
23 49 0 2
39 15 39 2
21 14 44 21
25 11 4 17
25 17 15 35
8 15 28 4
42 27 41 21
40 15 11 26
2 22 31 9
14 32 42 11
27 6 38 13
8 16 17 4
12 19 43 39
17 47 34 19
13 34 18 20
18 12 23 46
0 28 28 34
14 45 28 23
7 12 34 30
29 22 36 16
