50 279 13406 800
36 19 43 15
12 24 26 43
17 27 49 24
45 18 19 21
12 33 15 37
43 21 30 25
23 39 28 49
10 10 36 11
26 30 8 24
25 48 13 40
10 16 9 36
31 14 40 27
7 5 26 26
42 12 49 40
4 5 10 32
18 32 11 44
23 30 27 29
15 17 0 46
11 3 33 12
12 11 23 34
13 40 18 49
39 20 12 5
22 31 34 44
11 19 22 39
25 33 8 33
16 28 9 43
15 16 41 48
3 6 18 29
2 1 12 29
8 16 48 18
6 4 41 22
0 41 13 28
37 39 37 6
21 31 38 21
22 13 30 18
16 7 17 43
17 18 33 19
29 27 10 35
13 7 44 38
41 28 9 46
16 16 30 9
23 34 31 24
24 22 16 29
37 26 10 28
7 2 8 40
3 5 28 24
20 18 23 46
20 31 20 21
43 36 11 43
5 23 36 29
16 28 10 33
1 43 12 30
5 29 7 36
27 1 11 41
17 16 5 49
18 16 9 33
23 36 2 46
37 26 0 48
0 8 18 33
8 22 12 25
40 47 27 21
2 47 14 37
17 0 9 34
37 20 17 23
9 16 12 27
46 24 37 9
24 22 42 11
44 39 8 28
12 22 11 35
39 40 13 32
15 33 6 31
8 13 11 30
17 41 27 46
24 30 37 15
27 33 1 32
24 34 42 32
1 16 1 39
47 14 15 20
21 16 7 40
13 34 9 30
15 22 15 32
3 12 17 11
4 31 14 27
11 6 44 25
7 25 25 14
40 35 44 31
19 37 12 37
12 35 17 42
9 8 30 25
19 18 7 43
42 26 20 29
45 24 37 30
45 22 20 27
16 28 12 37
43 35 32 13
37 17 10 34
33 22 10 25
27 36 0 32
10 36 32 28
21 25 8 39
9 20 18 23
48 31 20 47
6 18 6 29
14 21 37 36
41 16 39 39
42 22 2 45
35 12 21 38
41 28 5 32
7 34 43 1
11 30 10 25
11 27 42 11
15 31 22 34
22 4 21 47
17 22 29 6
13 19 11 44
4 44 12 43
11 34 16 23
11 39 13 44
3 16 24 46
9 36 47 19
2 10 1 46
23 31 48 27
42 25 40 13
45 25 33 21
1 0 7 42
13 3 22 21
18 20 17 15
17 21 7 31
10 28 12 24
18 34 20 48
29 47 18 33
19 18 8 46
45 11 10 20
14 10 12 41
47 1 28 26
7 2 15 45
27 31 11 29
23 29 9 32
0 18 39 45
33 7 40 27
41 35 5 47
29 11 4 30
3 9 11 49
6 32 10 16
27 18 14 44
45 26 8 41
1 30 11 43
10 35 4 46
16 37 15 23
8 12 33 35
13 39 36 8
20 28 17 39
36 25 37 0
26 40 10 38
12 27 9 39
40 15 14 31
0 23 25 28
45 24 9 28
19 37 19 14
14 48 10 42
13 7 9 34
24 31 24 19
3 28 17 49
15 30 4 28
17 22 5 34
23 37 15 49
35 27 41 28
23 28 36 13
17 31 13 28
2 17 8 28
27 29 41 4
22 27 9 25
10 21 13 46
40 7 43 27
33 36 15 32
19 34 37 20
19 24 8 48
8 33 44 49
22 38 10 22
31 15 20 39
19 35 15 48
46 29 9 48
12 6 16 24
18 16 5 36
41 29 46 8
28 23 10 26
1 24 11 28
15 1 26 33
3 20 23 28
37 10 26 14
17 15 4 32
19 20 27 6
14 0 5 22
38 27 29 19
0 9 17 25
9 31 8 40
44 25 24 2
7 28 19 21
22 20 11 29
20 35 4 34
34 48 14 39
2 16 20 35
8 37 44 0
6 10 33 6
13 7 36 46
8 14 9 25
23 25 11 41
17 35 7 37
7 46 28 46
11 16 6 47
15 12 32 26
31 11 2 44
29 23 48 18
14 1 11 20
4 24 17 48
32 24 5 25
1 49 18 31
8 7 4 14
49 27 13 40
27 41 12 18
13 21 8 37
12 22 26 25
1 20 18 31
20 4 2 21
16 37 8 41
0 0 16 36
16 42 13 29
5 18 13 37
23 17 32 41
2 28 28 10
12 13 33 35
6 7 40 35
7 2 14 15
18 28 14 39
20 26 10 45
31 35 13 46
41 17 13 24
11 19 13 40
7 24 8 36
29 7 14 38
10 18 30 40
31 48 7 28
28 13 13 27
4 21 42 11
7 5 31 25
8 24 24 5
47 28 35 13
12 10 13 28
16 30 5 30
37 33 42 39
17 21 26 37
19 17 7 24
6 8 16 31
5 7 14 30
24 25 8 44
27 39 35 13
4 32 15 45
19 5 5 35
30 20 20 26
25 14 38 11
15 16 44 28
13 43 0 25
28 27 5 44
4 24 45 38
26 42 9 21
17 35 7 30
3 1 29 49
9 6 15 28
33 23 13 34
35 5 12 41
27 49 38 40
29 33 1 22
18 20 8 30
14 32 45 18
45 47 36 24
8 7 9 47
28 2 17 30
0 7 17 28
13 49 35 27
