50 354 16803 800
29 16 35 23
49 6 43 16
38 6 43 14
36 29 48 5
11 34 49 13
36 30 33 3
38 14 4 22
30 9 25 23
40 49 9 11
22 12 16 42
25 45 32 39
19 45 9 28
41 37 18 34
24 36 15 17
14 49 37 38
48 18 21 7
30 40 46 41
0 22 46 28
35 16 44 19
28 33 48 12
7 47 9 27
32 49 31 0
23 37 31 29
47 49 11 35
41 24 25 12
36 4 26 44
30 34 35 11
38 37 47 6
34 25 8 24
25 5 14 47
11 21 41 10
18 7 2 20
36 15 26 30
21 42 17 13
37 24 17 39
16 19 12 24
19 44 48 15
40 29 44 26
11 15 15 37
46 1 23 25
22 27 44 6
31 24 6 23
23 49 34 9
8 12 25 43
36 34 11 32
42 41 29 21
40 28 49 30
5 13 9 33
30 31 44 12
25 42 20 39
38 34 46 11
39 40 44 22
32 38 11 43
39 47 12 19
25 36 23 10
38 42 34 34
22 45 19 27
14 44 11 20
30 19 14 28
39 35 22 18
34 28 22 24
15 32 43 20
8 45 19 32
40 45 38 24
41 19 48 36
40 22 12 24
18 49 18 27
4 40 20 10
34 36 7 41
10 18 5 16
35 18 39 40
20 45 25 26
1 28 2 10
35 28 31 34
33 37 15 27
26 45 47 7
41 46 43 7
13 18 5 45
32 35 10 30
36 20 30 45
42 24 20 43
25 24 38 15
22 45 39 42
10 47 17 46
34 23 21 42
13 19 10 30
0 23 17 37
25 45 8 39
13 41 19 36
19 41 47 15
32 20 11 39
34 23 37 39
11 49 42 9
14 28 13 43
28 38 4 47
40 14 33 5
30 33 49 16
18 23 8 24
38 27 7 43
40 9 8 19
36 22 4 44
34 21 5 26
13 48 13 14
25 43 43 37
27 38 17 40
25 39 10 5
46 25 8 42
39 30 40 8
25 44 44 13
8 44 43 22
6 29 11 45
49 21 7 36
8 29 46 9
34 17 6 33
18 37 31 14
39 44 10 35
39 33 8 20
13 36 48 21
47 27 21 5
13 23 34 3
17 3 39 36
29 49 5 16
36 17 33 25
26 13 8 28
34 29 49 9
36 28 30 8
36 29 13 46
37 34 16 41
37 1 35 27
27 5 26 23
26 46 12 26
8 48 7 10
3 47 20 37
36 26 8 37
30 28 17 18
38 22 29 12
45 41 9 5
37 25 5 36
37 29 45 17
30 23 42 22
12 24 15 22
27 35 37 10
44 5 39 16
26 40 33 13
35 23 6 27
40 21 7 37
16 48 30 30
44 23 1 34
37 43 7 27
18 46 29 44
46 15 24 21
32 19 40 17
12 39 28 4
11 12 4 41
19 28 34 12
28 47 1 44
36 36 33 19
12 28 19 46
8 20 39 28
26 49 12 41
26 5 29 42
35 36 23 29
36 4 17 29
19 35 3 30
32 33 38 36
28 29 12 34
1 14 16 25
36 14 30 18
22 38 4 48
25 41 18 6
26 33 13 23
36 48 14 9
37 37 2 49
35 40 24 25
30 23 26 6
26 42 47 12
31 3 3 38
1 33 24 36
38 25 13 32
33 20 43 21
23 43 24 29
22 46 30 17
49 26 36 12
26 41 3 16
19 44 49 12
26 5 32 24
14 49 46 3
42 19 37 5
37 13 42 35
38 15 34 14
35 38 48 46
16 42 31 36
32 28 4 40
33 32 19 24
38 29 7 14
37 26 9 31
12 45 12 25
25 38 47 15
25 46 27 42
16 24 22 31
33 16 37 40
29 42 26 29
27 36 33 34
32 43 23 32
29 0 23 5
42 44 5 36
29 33 48 21
16 48 46 20
35 38 43 15
29 2 45 40
15 46 26 29
10 36 38 11
38 25 23 45
35 26 40 19
44 39 19 26
31 44 19 20
9 33 42 17
9 5 12 40
12 47 4 40
22 48 8 15
8 18 12 14
25 31 16 39
25 8 25 34
33 38 45 24
27 45 49 3
35 32 13 36
45 26 33 34
35 19 26 38
34 12 31 33
39 33 36 20
7 35 22 29
25 47 39 22
34 18 44 40
36 5 5 17
41 32 45 24
31 27 40 16
35 14 3 37
37 20 23 13
37 23 43 24
16 46 48 8
19 43 45 23
29 45 47 11
24 8 0 16
8 18 44 35
42 19 16 22
17 7 31 5
46 11 42 24
8 49 21 26
46 29 2 22
23 48 29 25
12 45 28 26
17 49 30 23
43 46 32 41
21 44 45 12
17 42 26 25
27 37 38 8
26 44 16 24
36 4 47 12
39 31 37 16
46 19 9 11
41 22 6 27
28 29 4 22
40 20 15 6
20 44 35 34
0 30 25 12
48 16 4 4
45 20 41 34
26 6 30 21
42 1 10 30
16 43 35 25
40 22 49 18
35 19 38 13
28 38 23 20
33 2 9 40
30 34 23 26
17 26 15 49
31 44 15 36
47 46 17 41
42 24 49 17
33 17 39 31
39 17 0 42
34 34 14 8
43 41 13 36
3 49 7 45
27 49 23 17
37 27 45 23
43 19 12 31
26 42 32 42
35 26 16 9
41 25 15 12
38 2 10 25
42 18 24 26
26 42 31 28
31 47 21 26
41 42 20 37
38 19 7 12
36 20 35 12
27 37 8 35
38 21 33 11
33 41 5 42
32 32 35 16
29 41 18 20
36 18 4 26
8 18 29 45
33 28 6 33
34 19 18 39
49 31 44 43
34 19 12 26
27 2 6 39
10 47 46 47
40 25 11 33
32 20 33 9
39 16 48 11
33 11 47 20
19 9 39 44
38 42 23 8
38 46 29 22
39 18 31 11
21 43 48 13
36 21 1 36
24 12 5 19
34 32 28 17
38 9 5 33
24 38 47 14
14 22 29 29
28 21 39 30
33 32 33 16
21 30 9 27
29 45 29 7
29 46 8 24
27 41 19 47
34 29 27 9
8 19 22 11
16 34 11 48
30 23 8 38
16 27 44 16
37 17 38 3
40 44 35 9
42 33 26 11
15 31 42 20
16 46 35 6
37 26 34 5
11 20 45 14
26 42 12 15
1 15 45 36
31 18 45 6
39 23 1 40
32 18 30 21
32 23 15 48
38 34 8 46
27 42 6 39
28 1 17 31
25 39 48 36
16 39 29 39
