50 400 19085 800
11 25 17 38
5 11 14 44
46 0 44 16
16 18 19 47
26 41 18 37
14 45 16 36
19 32 45 27
6 20 25 42
32 36 45 6
12 6 16 35
4 47 49 19
14 38 1 20
48 5 34 19
24 28 39 6
7 44 18 40
13 19 17 37
35 44 35 2
23 43 9 35
5 43 16 40
18 46 47 36
39 24 12 41
5 15 11 42
22 27 41 2
11 48 21 40
3 45 11 34
12 35 12 27
22 27 17 37
45 10 23 36
6 42 20 49
26 37 16 40
1 40 13 46
49 7 24 20
32 34 3 33
5 49 36 1
6 39 17 21
13 36 19 37
19 40 34 28
7 22 19 46
13 16 49 9
13 18 41 6
21 39 10 32
29 42 18 36
7 38 32 1
12 11 18 38
21 42 12 30
8 14 1 48
38 14 27 41
15 49 49 6
20 22 17 48
18 38 21 35
42 11 45 29
8 11 0 47
13 41 15 35
40 31 36 4
18 33 17 47
48 12 16 49
25 48 43 26
17 44 18 40
12 27 25 31
28 10 41 0
13 21 20 46
11 34 4 42
10 21 17 48
48 1 16 39
29 17 15 40
15 42 44 14
21 17 14 43
23 29 49 20
16 39 23 36
19 2 22 41
28 2 36 2
14 34 26 41
15 15 6 31
9 21 37 1
37 30 18 43
15 40 26 36
17 22 19 35
11 19 19 42
23 33 41 6
22 29 38 41
16 24 21 21
17 36 11 32
43 7 13 41
19 44 14 43
12 21 17 35
10 10 13 39
13 39 27 30
19 33 22 39
37 20 40 5
36 35 12 26
13 45 21 33
22 45 38 34
4 8 18 7
31 33 40 34
13 28 46 25
0 20 18 37
6 45 1 45
16 32 21 35
44 0 47 12
9 39 39 2
14 21 25 43
4 42 17 38
27 5 18 39
11 3 39 36
11 30 21 48
23 6 20 39
3 10 23 37
17 19 35 3
28 13 15 37
47 3 16 39
21 32 49 14
49 3 25 37
25 38 49 33
5 13 22 38
27 36 40 3
11 40 31 48
4 40 42 1
28 40 2 49
5 18 37 1
5 47 16 43
34 35 47 28
14 17 28 24
0 14 13 45
0 41 3 15
3 1 42 4
6 45 9 48
17 38 41 3
32 41 6 37
15 48 22 36
12 17 35 2
41 38 18 36
18 18 40 1
21 41 18 39
9 46 32 26
21 0 41 9
13 14 7 45
15 48 11 40
15 12 12 45
17 13 39 48
7 11 17 46
31 42 43 4
47 45 25 44
29 37 46 38
14 31 42 5
24 32 20 43
25 2 41 0
6 49 37 6
1 6 18 19
21 34 49 49
11 42 49 13
10 49 38 9
5 13 20 48
20 17 31 18
7 46 21 49
48 3 49 27
9 43 37 5
34 18 10 47
12 22 18 19
40 30 46 4
24 43 18 40
17 23 22 22
6 43 45 40
8 10 45 36
16 49 12 46
5 49 18 46
44 4 17 35
21 39 43 9
33 32 41 32
16 44 16 39
25 12 39 1
7 17 16 43
4 12 16 48
12 44 37 7
18 34 21 40
7 44 29 9
3 44 5 39
15 20 39 20
31 33 19 30
30 2 44 10
19 42 3 29
17 43 10 47
18 39 12 33
8 10 18 38
12 17 36 4
30 30 17 33
20 36 23 39
9 18 44 35
13 49 0 38
5 44 18 37
46 7 14 37
3 42 12 49
7 42 27 41
12 14 17 37
12 49 9 39
27 30 15 35
4 18 7 40
17 11 40 4
16 37 20 36
23 34 19 36
21 13 13 44
47 2 39 0
30 30 17 47
3 45 39 26
38 31 22 35
31 39 40 27
4 8 20 29
42 45 43 25
4 47 19 46
44 3 14 48
28 40 40 11
22 14 49 17
17 14 25 47
24 34 15 40
10 39 18 36
13 14 45 21
24 24 3 40
25 29 41 1
32 18 18 40
10 38 35 0
21 36 39 4
5 42 39 1
8 48 20 34
9 47 38 0
18 29 17 37
25 0 7 37
15 39 11 30
10 45 40 0
5 47 39 25
18 3 23 36
18 44 17 34
47 42 40 3
8 43 19 43
29 39 15 40
32 3 18 35
12 4 37 34
34 8 17 32
18 46 17 25
25 29 14 36
9 48 40 3
36 40 18 41
49 37 22 34
7 49 15 43
11 43 32 37
11 46 28 32
35 34 21 39
18 32 12 41
3 48 18 38
16 3 19 40
2 2 41 2
15 35 12 48
14 20 40 16
4 13 38 0
33 39 23 40
46 21 37 6
8 31 38 5
10 35 42 3
8 42 34 4
5 11 18 38
12 44 31 3
48 5 6 47
18 12 40 3
38 33 16 35
6 48 40 47
13 45 4 39
11 10 39 0
8 48 5 30
13 42 43 7
16 24 19 41
39 29 20 37
36 0 19 39
18 9 18 40
17 34 30 32
10 1 5 27
15 35 19 37
15 44 30 43
32 8 22 37
1 5 29 35
18 10 36 1
26 36 41 27
8 16 12 38
9 44 17 39
17 39 35 15
24 21 17 40
34 30 5 40
49 5 19 35
36 16 46 4
19 1 20 38
16 45 19 42
48 3 44 22
40 27 17 39
8 47 36 6
10 42 17 40
24 45 31 47
43 0 21 36
19 46 40 1
33 40 43 1
29 6 3 43
40 43 42 29
16 47 25 34
12 42 16 34
10 34 19 41
25 5 21 41
49 29 20 48
39 28 20 42
14 20 31 24
46 8 41 3
11 46 13 41
21 26 35 7
17 45 36 1
8 27 20 49
20 40 25 41
14 17 34 7
24 8 13 47
19 0 37 8
8 7 45 17
27 43 37 3
7 22 3 42
27 37 8 33
2 1 44 30
16 48 16 41
23 38 40 1
43 28 22 37
35 41 17 30
10 46 14 35
19 27 13 37
25 44 38 20
9 49 35 40
17 49 42 0
47 2 37 2
2 12 36 9
15 40 23 22
6 3 8 49
7 43 3 47
9 42 11 36
21 47 46 31
29 34 18 44
5 49 16 33
33 37 23 46
24 41 8 44
31 9 37 43
25 4 39 5
5 7 19 33
22 31 34 5
29 36 9 27
10 38 34 5
29 43 21 40
19 20 23 45
42 9 6 44
31 28 9 43
3 6 4 46
21 43 37 8
24 13 18 40
16 43 39 11
5 45 20 41
47 1 37 18
13 42 38 35
16 44 47 38
11 13 15 38
6 44 14 47
49 12 15 39
6 48 15 40
3 39 20 35
13 42 19 37
11 44 21 39
13 24 13 48
40 33 19 37
30 30 30 48
1 38 45 8
10 48 18 38
20 35 10 46
32 5 17 40
17 32 47 45
26 47 19 43
10 48 22 36
21 16 22 38
46 4 24 37
4 4 19 34
24 39 14 49
45 3 12 35
8 12 18 37
27 39 22 39
49 11 11 44
18 30 20 40
8 49 17 38
20 39 15 38
16 44 40 8
19 10 45 28
43 7 0 26
39 28 22 39
15 36 7 49
43 20 12 44
30 36 18 33
25 44 16 47
5 43 15 49
25 29 15 49
5 48 39 5
10 5 36 4
29 44 7 43
13 17 10 36
49 1 23 37
