50 691 13810 800
45 17 45 42
16 44 6 24
5 49 11 22
48 20 23 48
39 22 3 14
15 23 34 43
46 15 37 29
37 24 47 5
14 19 9 17
15 34 3 26
18 49 22 10
15 20 49 39
17 26 12 24
40 14 4 14
13 44 48 39
38 10 47 49
44 18 13 31
45 24 40 18
48 33 13 7
37 48 6 22
37 45 41 44
30 40 27 24
32 36 16 18
42 22 0 9
9 19 28 25
36 41 8 24
3 46 7 7
41 23 10 20
48 10 44 47
39 19 32 44
29 47 19 20
30 42 37 42
14 20 3 14
40 47 1 4
42 24 22 10
34 40 48 49
41 21 7 18
16 20 8 8
17 21 1 16
49 24 11 35
25 49 49 47
28 34 12 42
17 21 2 17
36 16 0 18
33 23 31 2
16 19 9 19
27 47 39 19
3 20 2 12
39 21 4 17
43 19 12 13
41 45 9 4
31 49 27 11
16 21 8 45
21 41 45 37
36 3 15 36
0 47 13 28
44 19 23 11
0 40 11 17
17 22 19 30
37 30 17 37
34 44 7 14
47 8 12 0
31 39 1 38
48 35 11 7
33 9 21 35
4 40 20 44
36 22 49 14
33 40 4 9
10 20 36 41
38 21 27 45
41 23 8 49
24 22 27 24
0 28 26 8
45 22 8 20
48 43 13 33
16 20 6 10
36 42 46 38
38 31 41 29
33 6 19 42
30 31 4 20
36 25 14 9
40 6 3 18
41 18 32 7
44 19 7 22
5 42 11 5
40 20 38 9
40 8 8 9
42 13 11 40
36 22 10 19
48 44 6 19
47 47 49 24
25 14 18 4
39 22 45 1
17 22 23 33
20 24 5 27
41 19 39 8
37 47 6 19
0 40 42 18
35 48 9 22
31 47 3 14
44 48 1 13
37 1 3 19
14 18 10 12
30 23 28 39
38 39 20 42
10 44 5 13
42 29 5 21
47 49 13 47
14 23 10 21
27 45 45 49
36 6 30 7
10 20 14 46
35 44 9 42
22 37 7 29
42 22 7 26
38 16 29 7
35 6 12 16
17 20 6 0
39 21 2 18
40 8 20 9
28 43 17 49
45 9 2 15
16 21 20 49
33 44 8 15
26 40 8 18
40 14 2 17
24 43 35 35
49 19 5 19
21 47 27 46
30 48 38 3
33 15 42 16
9 49 18 30
45 21 14 36
45 15 44 46
15 19 33 20
42 14 14 7
15 20 2 20
37 24 5 17
31 41 6 13
32 48 16 10
15 23 19 42
23 28 8 12
21 25 1 20
43 23 5 23
15 28 4 11
36 49 42 13
37 18 47 25
33 47 13 11
12 21 48 42
35 19 37 22
2 47 26 22
14 27 13 47
42 24 17 43
29 2 2 11
31 4 44 37
21 43 34 1
10 23 5 11
44 5 32 1
42 23 32 24
23 29 10 22
34 35 43 6
37 43 23 22
20 30 27 36
6 46 47 18
30 29 31 25
47 34 4 19
45 20 12 19
16 24 6 9
42 24 13 16
16 22 38 6
44 16 9 0
26 36 11 28
43 22 30 13
39 19 40 42
26 38 31 33
38 46 19 12
34 22 6 16
33 46 17 13
44 16 40 44
18 43 45 44
34 42 46 48
46 13 11 21
48 29 48 7
16 16 13 5
33 46 16 41
42 15 35 12
37 25 37 17
40 19 24 37
38 25 0 10
13 25 26 8
41 7 38 0
44 21 12 24
15 30 19 7
17 26 14 19
15 24 24 16
39 23 29 12
15 22 46 46
10 27 23 20
15 20 32 35
41 20 47 4
45 10 8 3
14 21 34 8
39 16 43 30
40 23 33 13
35 46 11 44
18 21 17 6
16 22 2 29
36 47 2 14
37 23 33 12
47 20 13 27
15 23 37 39
6 43 23 2
34 25 8 16
31 36 12 40
1 46 30 14
16 22 7 23
43 38 46 40
32 29 5 12
48 38 21 2
44 27 34 49
0 48 41 15
49 25 40 7
18 46 40 14
43 19 23 28
16 24 0 17
39 20 9 11
39 21 6 14
12 26 5 16
11 42 47 44
35 4 14 44
34 7 42 15
15 25 36 14
29 48 47 42
44 12 25 4
27 47 0 7
13 23 11 13
39 22 9 4
15 17 32 3
39 22 9 16
15 25 14 18
43 20 3 12
40 21 28 41
46 20 4 19
40 33 9 21
44 1 3 47
42 13 18 34
44 33 34 49
39 20 36 44
37 45 10 10
6 49 17 10
38 22 39 45
46 46 19 4
6 48 33 9
35 20 7 12
13 48 35 10
34 34 43 36
41 17 42 4
42 44 8 15
38 45 44 32
41 1 13 12
11 26 19 20
37 18 8 12
43 24 0 15
44 11 14 45
31 47 8 31
36 49 11 22
15 19 45 16
20 23 10 21
15 23 8 9
48 14 36 8
34 43 20 12
32 49 20 12
39 21 10 13
16 34 12 12
27 37 43 20
40 21 12 20
47 42 33 47
43 40 9 17
34 43 37 6
18 22 39 48
18 24 10 8
44 48 1 20
41 22 6 15
30 46 47 3
39 42 20 38
46 25 2 16
44 20 30 7
39 7 43 47
14 27 38 43
26 5 5 5
11 23 17 30
13 20 9 14
17 17 25 30
12 21 18 21
45 14 38 15
29 46 30 15
31 48 20 38
11 23 35 45
38 19 7 23
2 44 41 25
25 49 8 8
4 46 44 9
23 45 5 18
31 47 42 47
15 20 28 30
42 17 9 6
38 46 4 13
23 48 5 9
11 45 0 7
39 37 20 38
43 8 8 3
36 22 5 20
36 22 47 41
48 22 13 46
25 38 10 12
45 15 32 45
47 24 12 42
14 20 44 42
41 29 23 21
14 45 47 37
13 25 41 37
11 43 18 14
38 24 36 13
36 33 11 13
38 2 14 44
1 35 7 39
43 14 7 25
47 4 0 21
36 42 24 29
4 45 23 44
26 21 8 44
40 11 9 14
16 24 41 8
36 20 11 27
23 40 38 16
40 20 12 14
40 38 0 14
31 41 32 9
44 20 9 5
33 43 11 37
32 48 39 6
43 46 16 47
27 5 27 44
43 21 37 16
32 41 0 33
38 17 30 12
21 42 0 16
37 22 0 9
35 48 19 24
46 15 47 9
34 8 48 11
38 21 28 22
30 49 1 20
14 20 4 23
40 19 22 5
36 21 38 11
42 33 47 15
41 26 2 9
42 24 7 26
14 23 16 20
16 21 14 9
30 46 17 26
29 49 3 21
46 12 35 12
5 42 29 0
34 42 44 31
35 44 18 49
0 42 26 38
19 22 22 47
47 18 2 0
34 0 11 17
38 20 4 21
37 26 7 21
19 26 32 0
27 4 33 36
7 47 9 12
21 24 49 34
10 38 0 22
15 22 10 11
38 16 27 16
25 21 21 32
7 45 1 17
9 45 15 23
35 25 44 37
13 25 31 15
40 16 14 31
7 39 11 11
40 15 29 2
18 26 48 14
45 4 20 5
45 37 10 16
38 20 39 3
43 16 3 12
28 49 5 12
43 20 0 10
20 44 9 11
42 16 25 48
16 47 23 6
39 41 8 12
40 5 42 19
39 18 8 17
39 21 27 13
45 23 27 17
45 21 3 22
24 44 1 24
43 17 11 17
41 14 28 7
5 39 14 0
43 35 34 31
13 30 17 41
30 46 5 21
16 23 33 11
41 21 23 19
14 26 10 19
36 47 31 3
41 22 17 17
36 46 18 23
31 47 38 48
37 18 28 2
42 20 43 1
43 12 17 9
41 17 35 3
37 22 34 13
22 33 1 4
42 23 30 14
42 22 12 18
45 4 1 19
13 25 39 46
48 33 4 19
13 25 15 13
33 4 3 18
38 1 7 15
23 45 8 17
34 49 21 11
29 45 7 1
37 19 2 13
18 20 22 49
17 26 24 33
40 19 12 43
42 42 5 17
37 45 9 17
21 37 29 2
17 22 31 10
40 15 48 46
15 25 37 46
29 0 31 48
17 22 17 45
22 17 44 7
19 25 30 13
18 22 2 4
19 20 1 8
32 32 3 17
15 41 13 16
6 43 29 15
28 14 18 5
14 23 42 25
8 48 6 16
46 16 34 19
41 14 24 30
16 37 4 43
44 15 41 19
5 49 48 45
39 33 5 21
0 44 3 0
16 30 5 7
31 3 20 3
14 24 9 11
17 22 33 45
18 21 19 8
8 45 11 12
45 23 41 39
41 12 17 34
18 39 12 11
39 19 34 12
13 25 21 9
41 5 6 22
28 48 38 14
18 19 42 45
12 49 4 49
14 23 20 43
39 22 6 16
38 24 44 1
13 22 32 19
39 34 4 9
5 43 32 9
41 44 42 3
13 49 43 37
25 45 22 14
11 23 2 15
43 37 10 7
33 41 43 23
38 22 6 10
40 22 32 10
16 20 12 17
40 26 15 43
14 49 10 9
37 47 43 40
15 19 48 10
49 15 35 2
26 38 38 45
17 46 45 28
42 14 20 44
42 49 35 17
43 46 19 37
44 10 18 36
22 26 17 43
43 22 9 20
39 22 2 23
34 42 36 37
19 25 20 16
37 21 2 15
37 24 36 7
33 41 41 8
41 21 12 12
36 23 3 10
19 36 25 7
49 23 39 12
42 12 24 45
21 39 2 33
29 43 41 28
17 23 4 17
42 42 2 19
40 43 6 20
15 22 7 46
15 22 27 18
21 41 8 5
24 12 42 45
35 41 7 7
33 4 13 9
43 17 48 34
13 30 47 34
40 43 39 11
39 12 12 24
2 29 48 7
41 17 3 17
23 32 27 5
44 12 49 44
16 22 16 8
42 18 3 45
29 48 14 49
40 18 21 9
43 24 2 0
18 25 3 6
41 19 41 10
14 24 38 7
24 32 37 17
11 41 11 17
39 18 14 20
43 32 5 8
14 19 18 44
28 6 11 21
36 12 48 40
47 14 6 13
16 42 3 16
30 49 9 15
20 44 36 45
36 26 5 16
46 15 0 15
26 44 3 16
27 42 22 45
10 40 5 10
41 22 11 26
35 40 33 5
40 22 31 12
36 22 9 8
40 23 14 21
36 21 28 11
15 21 10 37
40 20 9 14
17 36 40 17
40 22 24 1
39 21 19 25
46 20 23 43
30 48 26 10
12 23 0 24
14 21 44 49
28 6 45 32
22 38 19 13
32 1 12 19
16 36 30 0
22 42 34 37
37 21 47 36
23 33 18 14
35 35 30 22
40 25 6 25
49 31 24 24
39 25 16 46
16 21 37 46
44 23 5 12
38 25 5 16
26 42 40 45
46 9 9 39
24 44 9 19
20 41 26 40
34 14 12 21
48 24 11 18
33 11 30 9
25 49 26 16
11 23 35 24
35 7 28 13
38 2 12 25
36 20 0 18
39 22 12 34
2 36 0 24
44 20 47 44
32 12 16 10
40 22 35 6
10 39 6 16
48 11 34 5
46 23 14 24
40 23 3 13
30 1 8 13
41 17 12 10
43 16 16 10
39 12 19 49
27 47 31 9
37 24 13 22
30 48 13 17
18 20 36 25
15 22 6 4
28 48 4 23
19 22 46 46
36 10 15 3
38 18 14 43
12 39 28 39
48 32 4 19
43 18 37 1
42 17 6 11
45 17 13 13
35 33 28 16
15 19 46 47
39 43 46 45
36 19 15 8
36 18 48 49
38 19 26 11
36 42 38 0
37 21 26 49
46 19 5 3
43 24 28 37
13 21 15 3
37 23 6 49
47 21 7 26
28 39 47 46
38 21 1 19
43 25 23 8
47 19 28 1
15 18 49 49
15 24 1 12
33 8 10 9
21 30 24 17
35 48 4 13
42 21 44 17
18 48 7 15
28 45 39 12
43 13 38 8
40 26 36 10
40 4 2 24
31 33 0 1
45 20 11 35
33 49 4 19
33 39 7 33
13 22 34 35
38 3 23 41
40 7 17 31
21 33 7 37
35 49 10 10
6 31 32 11
2 42 5 22
13 23 7 45
34 38 49 46
39 17 23 40
35 11 12 19
39 48 1 7
45 47 35 35
13 20 38 48
43 20 27 1
38 44 6 1
42 24 24 41
28 4 6 18
45 49 14 34
32 28 9 15
44 18 3 7
41 20 10 10
36 43 4 6
35 48 24 9
47 8 39 44
38 10 5 20
31 49 43 47
38 26 13 43
44 42 34 17
40 27 34 9
