50 60 15676 800
30 25 35 43
27 26 10 40
30 9 45 25
6 21 13 36
37 8 10 41
29 26 14 41
18 30 36 33
36 34 44 45
16 34 4 1
30 47 16 43
30 20 10 37
35 27 38 44
11 24 31 40
35 33 14 31
24 34 14 37
12 4 26 38
3 28 27 23
43 31 24 26
45 30 14 32
21 16 12 35
20 10 14 32
17 37 29 34
29 45 10 25
36 33 16 39
40 36 27 37
17 33 26 22
28 37 8 33
16 4 10 38
13 18 13 36
21 31 30 21
25 42 24 30
35 20 20 28
35 34 26 38
13 33 26 17
43 49 36 23
30 20 18 36
8 26 29 37
26 14 26 42
10 45 21 21
34 22 10 0
41 43 29 38
18 8 46 35
37 5 14 33
42 27 18 38
31 29 29 38
16 47 43 35
35 20 16 29
6 38 32 40
17 39 24 49
37 46 27 41
19 38 9 6
25 31 15 33
10 45 24 25
38 20 9 2
14 43 47 41
38 25 28 42
28 44 41 40
7 23 29 35
31 23 16 25
19 43 36 30
