50 267 15406 800
34 8 23 28
47 18 28 27
30 6 12 40
39 14 5 37
17 17 4 34
22 6 4 34
20 9 1 33
21 4 6 42
49 22 47 6
44 2 20 21
11 46 8 42
28 2 2 40
32 10 4 38
43 26 8 40
24 9 14 38
33 17 7 35
22 11 6 24
16 11 24 21
22 13 30 10
34 32 0 37
41 36 18 33
34 17 21 20
36 20 0 34
10 38 4 35
29 17 7 48
20 7 1 34
21 9 11 32
10 6 0 25
36 37 37 2
20 38 38 2
29 13 43 5
41 37 34 10
27 21 45 4
33 7 9 29
35 23 29 21
32 10 8 41
33 8 7 41
37 0 24 34
23 6 29 35
28 14 8 38
21 4 44 0
39 4 31 17
14 8 5 39
29 11 39 9
21 4 3 35
43 10 3 36
15 13 6 38
26 14 2 40
29 17 9 34
23 5 24 24
20 13 24 30
16 16 39 3
37 14 42 9
41 3 17 23
49 6 2 27
19 9 5 32
21 7 2 37
26 15 6 41
14 32 40 15
38 10 5 18
31 21 41 8
36 5 1 41
36 25 37 3
16 17 23 6
16 15 0 36
48 37 26 27
17 8 4 15
30 5 3 39
35 25 0 36
33 24 1 36
41 6 3 37
41 4 7 40
23 10 8 38
24 0 24 30
26 12 23 24
43 0 2 41
46 10 24 3
41 6 4 32
21 8 45 0
35 18 8 35
29 30 27 25
38 22 7 20
31 3 20 28
41 17 3 35
38 1 35 19
47 0 45 13
37 22 44 3
22 27 5 40
48 3 3 35
23 2 2 40
23 7 34 4
36 24 14 27
21 9 17 28
35 20 4 36
34 23 3 28
42 7 4 39
25 16 1 43
12 2 4 37
49 1 8 43
40 1 6 35
7 32 7 20
19 6 42 1
19 4 49 4
30 17 43 5
28 11 3 38
33 9 19 2
19 6 5 39
29 14 8 37
21 11 2 36
33 16 29 13
31 31 5 29
34 26 11 21
40 17 33 6
29 34 20 33
46 3 1 37
22 10 3 40
18 8 25 3
37 6 8 38
33 4 43 11
48 17 4 41
38 34 13 28
28 12 1 38
31 25 40 2
25 15 1 41
25 14 29 10
29 17 26 35
36 16 4 26
46 18 27 20
26 6 6 37
27 3 41 1
22 11 16 26
4 38 42 4
31 40 39 4
37 4 3 32
28 12 21 23
39 15 22 5
28 13 4 38
29 3 5 40
40 26 10 26
19 12 32 25
17 12 48 12
34 33 20 44
37 11 23 38
5 24 36 0
30 23 46 13
31 7 45 2
41 46 37 10
37 7 4 40
27 11 5 37
40 12 5 33
40 26 0 41
37 19 27 38
16 45 4 39
46 0 6 38
31 16 25 31
20 49 2 37
35 3 23 6
38 29 7 39
36 0 5 40
18 9 24 19
34 5 19 40
29 14 14 34
24 38 4 29
22 8 28 27
32 7 14 36
17 41 3 37
31 8 41 9
14 21 28 23
41 20 18 30
41 16 21 21
36 6 42 5
36 22 40 1
31 0 34 8
47 13 48 6
26 21 3 38
10 11 25 27
15 8 0 37
39 12 26 3
35 43 4 40
23 8 4 35
38 46 39 4
19 8 6 45
12 10 17 29
23 9 14 27
24 8 27 19
18 11 28 30
24 16 35 4
38 9 27 31
33 39 6 37
44 35 40 17
38 28 20 33
17 9 5 37
23 9 3 41
32 4 33 0
45 2 5 42
22 34 3 40
18 6 36 0
30 23 4 39
46 3 9 38
27 11 27 17
19 9 46 0
16 34 4 42
19 14 5 41
19 5 3 41
33 15 6 22
38 4 6 39
25 10 5 35
28 22 9 31
22 4 10 39
29 3 40 8
15 9 4 41
41 3 8 34
15 9 4 40
25 7 8 46
26 17 8 40
20 12 5 37
31 27 35 0
48 10 46 7
29 6 25 5
44 4 6 41
32 36 26 30
19 6 5 39
25 3 34 2
34 8 6 42
34 6 5 36
35 10 37 7
33 0 5 41
27 12 4 38
38 18 1 37
45 29 9 38
32 2 3 37
37 12 36 35
29 12 9 39
44 8 9 39
44 11 36 11
30 10 23 32
37 19 40 5
36 20 6 22
42 0 13 16
19 13 5 24
19 7 4 24
42 7 21 26
29 8 21 18
13 4 1 45
21 7 27 6
24 10 11 19
39 32 3 41
21 5 41 18
34 9 24 22
42 39 23 22
28 9 25 29
19 35 3 38
34 29 13 28
25 13 41 12
28 19 9 16
39 20 22 23
47 6 1 45
44 10 45 15
16 9 5 38
27 4 8 41
25 9 5 43
31 8 16 26
41 23 1 22
21 8 7 39
10 42 23 4
20 7 44 17
37 19 43 4
