50 91 13436 800
38 20 1 27
18 4 3 41
22 14 13 48
2 35 27 33
46 16 14 42
39 1 2 36
20 15 8 46
25 19 28 28
21 18 33 15
42 15 2 34
22 15 32 46
4 38 25 43
19 9 11 41
47 14 29 13
26 26 6 41
32 26 11 45
49 6 13 22
22 8 24 25
1 34 48 11
44 7 14 29
1 37 11 46
20 14 15 25
36 24 2 44
46 11 28 28
34 17 7 39
46 1 28 36
40 20 13 26
41 23 8 43
43 8 15 47
43 29 16 46
20 15 27 8
24 2 43 36
21 9 23 17
10 3 46 33
19 14 37 23
20 16 9 39
1 35 38 3
19 11 2 25
47 3 0 30
3 33 35 23
1 25 38 31
37 19 28 14
44 17 19 42
34 15 21 17
36 13 1 42
23 26 38 5
11 14 8 46
18 23 12 10
17 25 20 45
20 13 34 13
2 39 35 5
44 18 24 28
38 4 3 42
0 34 16 33
13 13 30 2
46 22 2 38
22 10 27 30
45 14 25 33
22 18 10 38
37 9 8 42
25 24 12 1
20 12 29 37
44 27 20 27
23 2 21 13
16 26 16 39
11 26 14 9
45 13 12 34
1 35 30 42
43 2 20 12
24 16 18 31
44 24 22 47
0 33 18 5
42 12 43 16
6 24 27 14
18 31 31 10
39 19 15 30
18 14 23 10
46 23 15 15
22 25 20 38
40 20 17 40
0 32 11 30
17 29 12 46
18 19 49 31
21 20 42 33
41 21 11 22
21 16 16 45
22 8 38 35
45 19 3 38
31 6 25 37
33 0 8 44
14 14 30 35
