50 153 15979 800
36 24 27 45
24 49 43 35
26 21 22 35
13 19 40 36
23 33 22 26
26 43 49 2
14 32 44 37
25 35 18 21
6 26 8 37
28 25 37 39
37 11 28 28
25 40 31 29
26 48 28 35
15 42 14 27
8 25 40 46
37 21 36 33
24 49 46 7
9 34 38 41
38 25 22 47
25 44 4 35
40 16 11 0
20 9 36 35
18 31 21 25
8 30 16 32
43 32 2 6
19 25 30 42
26 31 38 32
5 16 26 41
19 35 13 16
18 31 27 35
36 21 17 41
41 16 41 11
28 46 16 36
43 33 37 48
25 25 19 47
46 6 29 25
25 44 37 6
25 30 32 46
29 37 25 6
36 24 41 35
24 47 42 38
28 32 33 49
34 16 14 47
6 6 20 41
9 29 22 24
12 18 17 21
19 38 41 37
24 18 49 35
16 39 36 29
22 36 25 41
18 40 12 18
27 41 41 36
24 49 44 35
25 47 34 30
12 26 42 19
20 43 25 22
36 45 47 41
17 27 38 14
38 23 26 42
8 16 47 12
31 21 42 42
30 19 33 29
19 33 37 38
42 11 7 20
14 21 14 16
36 21 40 39
32 34 42 0
36 18 1 21
9 18 18 25
20 38 23 49
21 42 14 28
23 48 40 38
20 24 35 34
25 46 32 37
3 30 40 37
18 34 8 43
29 22 17 20
27 44 23 36
26 31 31 33
38 14 49 36
20 30 38 39
20 29 48 42
39 23 28 22
19 26 15 42
11 24 28 40
20 33 44 38
25 44 22 39
10 26 14 20
2 31 8 28
26 42 22 49
31 20 43 33
4 9 17 33
25 35 42 34
10 9 36 28
26 30 18 24
27 49 13 30
0 19 13 21
11 29 39 3
13 16 41 32
41 14 13 32
34 36 12 36
17 31 41 39
14 34 38 37
25 46 47 36
44 25 23 33
16 29 14 40
21 49 27 37
28 22 42 37
22 34 18 42
11 23 30 28
32 27 42 31
23 43 22 21
26 16 10 42
32 7 20 13
27 46 43 37
11 31 49 34
20 33 23 22
32 21 18 39
4 4 43 28
7 22 19 26
35 26 37 10
33 25 19 24
20 36 39 29
34 9 45 24
25 48 18 36
17 36 25 44
36 23 44 33
44 16 17 35
31 24 31 34
4 23 43 41
29 47 49 1
24 45 29 1
17 19 48 35
14 16 20 28
11 4 44 41
37 23 26 31
32 34 42 36
27 34 33 19
20 34 23 22
41 25 40 12
11 19 36 39
3 4 23 19
18 32 17 24
33 27 25 32
24 36 27 32
12 24 44 31
28 48 14 25
18 27 36 31
12 35 41 38
23 44 13 32
26 47 34 10
1 31 29 22
22 31 32 12
