50 793 11728 800
26 38 45 33
25 34 15 17
49 48 18 31
11 39 41 27
33 12 7 13
3 47 45 20
6 33 8 29
14 6 45 27
46 41 20 9
25 6 43 33
34 36 46 7
31 34 13 29
31 38 13 12
46 38 35 38
25 11 43 23
15 40 46 4
3 5 2 11
7 40 38 2
8 39 20 42
19 45 20 19
17 1 49 35
49 44 27 6
21 45 12 17
45 27 17 36
47 46 15 16
22 12 44 35
46 47 10 32
21 30 26 35
37 27 15 18
20 41 9 31
15 37 41 49
37 47 27 29
38 49 18 37
3 41 16 43
14 10 47 28
28 45 37 1
25 44 32 19
9 25 47 19
27 44 48 30
30 41 17 35
30 36 43 37
16 43 28 8
25 30 43 35
8 14 28 44
13 23 13 31
24 36 43 23
43 6 11 16
32 35 4 18
13 25 43 26
4 30 30 32
27 41 33 26
49 22 44 34
46 42 12 39
22 34 45 37
43 27 2 7
42 32 43 36
30 39 49 20
21 16 5 33
8 47 45 22
14 39 19 29
45 47 18 31
5 7 12 21
49 40 28 18
9 45 44 29
29 36 48 26
19 8 8 35
11 10 45 37
49 44 6 43
32 33 45 36
47 43 45 34
39 19 44 11
46 43 12 28
3 4 41 24
48 48 17 1
43 43 11 10
15 43 47 28
30 12 47 44
32 47 23 22
24 46 47 22
46 46 41 3
25 40 46 24
46 47 21 46
35 48 23 29
29 45 48 26
3 1 24 44
27 20 47 32
18 41 8 28
32 28 23 27
7 26 19 32
46 22 15 32
40 44 7 29
24 48 30 29
34 24 19 29
37 41 43 23
39 21 9 39
12 7 36 38
4 1 46 19
42 47 12 44
45 44 0 32
42 31 44 27
43 49 47 22
47 41 29 28
14 48 45 32
5 10 46 34
35 39 6 6
38 10 10 33
26 39 17 29
7 16 46 35
27 25 47 23
3 3 0 25
48 13 8 31
37 20 13 37
8 35 49 9
16 44 9 18
26 28 45 44
11 40 21 6
22 38 49 20
5 35 12 24
17 47 49 22
15 38 0 43
21 13 34 13
20 47 21 41
16 32 44 33
40 42 26 25
15 42 30 7
37 42 5 39
47 24 6 36
29 47 11 8
43 40 44 35
11 32 17 18
32 26 48 22
23 24 41 24
13 33 29 28
44 22 49 3
10 41 5 18
47 20 27 0
23 43 45 33
15 37 46 36
37 46 11 15
34 43 30 19
48 48 14 34
10 6 45 32
39 29 34 41
23 9 26 24
35 43 43 27
37 33 42 36
23 2 14 26
13 40 45 17
15 36 10 18
49 45 41 23
48 16 47 26
46 12 46 24
16 44 3 42
34 36 43 24
47 43 28 21
32 41 47 28
28 46 16 45
3 42 16 40
43 46 16 21
41 41 16 43
16 8 7 33
28 19 8 29
22 2 7 28
38 25 42 7
0 47 46 8
22 49 1 19
46 45 47 34
45 48 46 18
44 25 42 3
36 20 46 8
48 49 0 39
37 44 48 25
22 37 23 27
3 43 45 43
18 41 47 21
46 42 46 2
18 37 49 6
32 32 43 35
8 5 48 23
40 28 21 19
35 24 21 42
4 42 43 26
43 37 30 28
18 45 47 24
11 40 6 43
35 28 20 30
20 40 16 34
31 5 13 24
11 42 1 34
48 43 9 32
48 48 47 36
22 37 21 27
6 12 26 19
40 19 46 33
30 37 21 28
12 8 25 35
28 44 9 15
49 33 45 35
11 44 13 28
34 48 10 26
35 27 43 2
44 19 8 40
13 13 44 21
14 48 0 20
34 42 30 45
6 7 46 32
20 38 45 6
29 4 30 10
11 39 20 31
43 47 22 37
9 33 45 19
39 43 42 27
9 40 46 36
40 8 11 14
19 15 29 34
48 21 9 29
39 20 14 24
22 40 48 34
21 45 17 48
7 37 49 23
43 43 5 43
44 16 26 22
39 19 46 13
44 49 14 26
46 48 6 11
35 43 12 31
26 33 48 35
5 39 42 36
19 43 16 48
35 27 44 40
45 26 26 21
49 14 39 32
45 47 43 34
41 29 40 16
36 43 45 23
32 21 46 36
12 36 13 17
39 18 14 0
42 19 11 26
20 32 45 25
23 42 9 16
14 45 34 35
8 31 33 49
22 35 21 4
39 46 44 7
49 23 19 30
29 11 2 45
38 19 14 3
6 34 49 21
47 26 36 40
8 30 44 37
14 38 48 34
24 14 46 24
35 43 46 1
35 39 33 47
21 39 47 17
40 39 22 32
12 45 48 33
29 3 13 17
21 44 28 46
27 37 43 35
45 29 21 26
0 16 2 11
44 15 11 34
43 24 18 25
49 49 46 29
21 40 6 27
31 6 43 28
42 42 47 37
22 49 45 24
10 36 48 1
12 40 10 35
9 48 44 36
9 38 18 30
19 38 15 18
31 45 42 21
48 25 31 43
20 43 28 37
26 26 8 21
14 34 46 29
43 35 14 36
41 42 20 42
26 30 6 28
2 45 47 26
10 5 46 25
49 39 20 34
30 6 45 2
8 6 41 2
34 47 5 20
39 49 1 27
17 2 4 45
48 25 4 22
11 43 21 46
18 46 47 39
16 38 41 35
43 20 46 5
25 35 44 37
34 34 47 22
38 33 2 30
6 45 2 22
10 44 10 1
1 39 8 15
7 32 47 22
31 8 46 28
13 39 48 23
49 20 27 22
3 7 20 0
10 40 49 21
13 46 45 24
12 46 14 34
29 44 43 35
39 21 24 24
42 39 49 23
37 36 48 34
25 8 22 38
16 49 9 14
6 40 48 20
39 29 17 16
31 47 48 0
3 5 48 20
10 49 46 26
21 35 20 48
47 39 10 33
27 44 10 34
16 45 6 29
12 40 17 21
47 45 17 18
27 25 25 41
48 39 18 9
45 23 22 41
45 30 4 28
15 31 16 20
15 40 49 25
48 44 44 36
7 47 48 26
45 47 37 11
19 30 15 18
24 35 15 29
42 46 47 33
9 49 41 3
27 17 48 24
5 47 7 35
48 39 42 41
48 48 16 11
17 43 21 12
24 43 19 44
17 45 47 23
14 37 29 23
43 49 8 32
20 43 45 34
30 13 45 29
13 16 6 1
32 46 49 25
41 32 31 23
20 44 37 44
8 40 47 25
32 40 43 26
38 22 18 28
38 47 21 27
29 2 39 24
20 47 44 35
10 5 47 27
25 4 23 21
8 5 48 22
26 18 46 20
40 25 24 38
6 27 41 4
46 22 23 41
5 35 47 36
0 8 7 36
43 47 43 21
17 43 45 27
2 44 47 23
24 32 10 35
5 49 17 13
48 20 4 26
25 30 14 41
10 5 35 49
43 18 28 32
34 42 30 32
35 36 6 41
41 16 31 5
42 42 49 35
27 41 17 31
21 10 45 21
9 42 6 25
45 21 46 32
45 6 27 29
35 37 27 33
37 39 46 39
39 30 48 24
7 44 34 46
7 16 44 22
22 5 31 27
29 5 7 20
47 28 43 20
12 36 17 35
45 27 28 34
44 26 4 33
6 35 24 39
43 14 39 21
47 43 48 17
14 36 19 28
37 20 43 33
44 12 14 43
14 44 4 0
16 33 9 34
9 11 43 26
13 31 45 31
9 6 22 17
40 43 49 5
32 45 13 26
31 47 15 13
17 37 42 36
28 40 47 25
16 42 44 15
39 26 46 11
10 6 40 24
41 41 9 38
41 46 47 35
42 4 9 1
49 11 19 40
38 28 47 26
45 6 17 41
35 17 11 10
15 17 24 44
39 45 32 32
23 42 0 23
47 42 12 39
43 48 40 35
22 47 34 49
44 44 10 29
22 34 30 27
5 11 41 14
26 24 41 24
38 24 18 34
47 21 11 35
16 42 31 31
38 41 24 35
20 49 49 25
45 35 44 21
37 46 44 37
4 7 8 15
13 23 21 36
42 47 13 18
12 49 6 30
18 40 44 24
35 49 45 12
45 43 20 22
16 46 44 25
45 43 46 21
33 2 47 24
11 15 25 36
29 39 22 6
20 16 44 36
25 34 49 1
43 11 45 2
17 42 16 2
20 47 46 28
32 48 31 34
7 42 17 21
40 27 49 20
32 3 42 26
40 42 35 43
49 42 48 25
27 39 44 19
15 38 20 32
27 19 45 25
33 37 29 38
48 20 37 23
11 39 14 33
27 4 44 25
47 42 21 33
32 41 22 15
5 38 45 35
32 39 46 24
0 43 45 48
22 38 46 20
11 41 20 32
33 26 11 32
49 33 47 23
20 33 48 25
48 48 1 26
23 32 39 8
5 34 24 26
3 34 48 32
10 45 43 29
4 16 0 37
40 43 22 8
46 43 32 31
16 43 5 14
25 48 31 31
13 44 39 34
26 42 8 41
41 16 5 20
23 26 42 25
33 13 47 37
42 47 22 27
40 17 47 20
13 43 48 23
45 37 18 32
40 47 20 13
47 40 3 34
11 33 17 23
18 37 47 21
5 36 41 6
27 38 17 19
11 29 29 28
42 44 6 20
32 41 24 40
26 41 43 24
8 7 42 21
40 49 22 5
27 49 9 42
44 47 11 27
42 45 18 20
40 18 43 36
43 17 11 6
25 11 15 19
7 10 49 35
11 43 48 36
34 17 11 13
49 15 13 36
42 49 45 3
23 25 47 25
42 41 26 19
29 37 23 6
11 30 20 37
16 43 15 32
11 39 45 35
38 41 49 23
47 44 15 24
12 41 2 23
4 34 26 38
30 40 0 7
45 39 22 23
19 45 10 27
16 44 9 35
36 48 45 35
39 20 44 32
10 41 12 23
24 37 38 5
24 29 30 36
6 35 41 20
46 16 37 2
7 48 20 34
18 32 46 20
38 46 15 32
48 23 35 45
49 19 42 26
31 49 31 34
48 39 42 25
30 49 11 25
36 39 19 26
43 24 46 42
39 14 22 31
44 15 21 18
43 48 47 22
48 48 23 28
46 9 45 34
35 46 28 31
45 24 19 16
26 9 4 24
47 44 23 31
15 29 42 33
10 40 27 46
37 32 49 20
48 47 10 32
14 37 47 35
36 12 44 23
22 44 8 19
36 38 42 13
32 33 42 31
39 19 13 1
38 48 28 31
43 45 43 33
32 42 21 17
47 46 18 42
3 40 49 31
27 7 25 17
6 48 49 36
32 38 48 24
31 46 48 34
46 46 11 48
27 1 7 40
10 36 3 8
34 34 10 28
39 48 23 23
49 11 47 25
24 39 48 23
34 12 15 31
42 32 7 30
43 47 3 13
7 38 2 39
47 18 17 33
10 47 27 33
13 42 14 26
28 29 48 9
7 2 42 24
12 26 20 35
20 39 31 43
4 9 16 37
21 35 46 38
8 49 49 44
24 9 23 22
28 39 22 31
34 24 45 19
20 43 1 25
42 48 46 5
39 20 45 20
34 39 41 37
44 23 47 30
40 21 49 9
13 41 21 43
49 47 23 32
46 47 17 40
18 46 23 5
38 48 37 4
14 35 46 24
8 48 44 21
8 42 42 41
48 13 4 42
26 6 46 25
46 20 25 31
21 6 4 32
3 11 42 27
17 40 29 2
36 46 39 7
39 48 21 32
12 27 10 21
44 47 45 12
43 22 12 29
30 4 45 35
46 48 46 32
9 33 19 37
25 1 44 10
46 44 30 11
21 14 16 28
6 47 44 35
26 9 43 30
14 32 37 11
45 46 45 34
44 40 43 36
13 40 41 36
27 46 20 23
22 41 30 45
32 42 16 32
8 44 43 5
12 33 15 6
45 20 8 0
4 49 49 34
49 43 45 25
17 42 26 43
5 37 11 20
43 45 24 36
41 38 13 22
46 41 11 45
36 23 39 9
18 13 26 40
34 37 20 21
48 34 13 25
25 10 7 27
19 39 14 11
1 34 27 22
45 11 27 27
43 44 26 18
24 38 42 10
38 43 45 36
17 3 17 30
30 35 26 18
9 39 46 19
15 38 20 45
46 49 6 2
14 41 12 32
20 28 5 36
11 37 48 27
38 37 17 43
0 44 13 34
21 33 11 29
5 41 45 1
26 11 47 34
47 20 30 33
15 36 11 24
35 43 4 10
49 49 25 28
29 11 16 13
36 46 15 12
23 7 46 24
33 49 11 43
15 4 48 22
41 20 44 33
34 41 15 17
31 43 9 12
41 27 45 1
8 6 48 29
30 35 22 29
37 35 46 18
12 42 45 42
42 45 47 25
48 6 46 28
42 48 46 2
38 41 4 35
33 41 19 21
0 48 13 27
14 41 29 31
29 39 44 21
39 45 46 33
41 48 47 39
42 24 47 35
15 40 38 42
9 34 31 2
23 33 44 33
12 43 44 35
12 40 15 23
1 2 46 36
43 23 44 33
46 43 49 32
22 33 10 30
14 46 29 25
46 41 46 0
5 23 11 38
8 44 12 28
19 38 16 20
37 40 39 34
11 39 14 32
35 19 28 30
45 46 47 24
43 38 13 31
42 23 45 29
40 49 30 11
32 37 17 21
16 3 6 43
8 44 37 8
36 42 34 35
36 41 40 1
39 6 49 48
9 38 46 20
42 48 49 7
11 36 45 31
20 42 45 25
17 45 47 27
36 36 45 18
39 47 45 23
23 48 48 17
42 42 9 38
35 19 44 27
47 43 11 40
46 9 6 20
15 48 29 30
30 45 22 23
41 45 3 36
28 8 41 36
4 5 0 19
41 43 49 20
46 32 19 36
17 1 24 12
43 49 47 35
5 35 45 35
36 36 3 26
2 6 42 35
28 26 43 33
28 34 4 35
47 45 43 10
42 45 8 29
16 39 13 20
15 42 40 49
31 45 8 19
15 43 47 32
12 7 46 9
7 44 11 40
24 34 49 37
5 8 0 28
21 33 33 29
25 41 17 31
37 22 18 23
5 3 38 45
31 7 23 27
5 36 43 35
35 41 43 37
7 44 5 26
21 46 42 32
44 45 26 19
5 19 47 38
37 46 46 29
19 35 12 20
30 28 12 19
48 14 33 42
30 14 17 40
42 25 7 19
10 48 3 34
19 1 19 46
2 19 46 33
48 47 34 36
