50 1149 12855 800
39 22 27 8
25 48 16 12
5 39 41 47
35 33 11 16
44 21 38 28
32 12 38 45
10 34 7 30
5 40 19 39
24 37 9 29
40 24 15 6
14 35 45 24
11 49 27 33
11 28 31 0
16 24 15 20
3 42 14 30
20 11 7 30
11 19 4 19
3 24 4 4
25 45 37 11
45 28 6 3
19 47 10 29
47 38 16 26
28 43 4 9
6 49 15 17
42 26 16 10
9 42 41 18
17 27 41 12
5 45 31 3
40 22 29 41
20 23 14 4
39 34 26 32
14 4 11 6
30 6 3 3
7 44 21 23
46 29 4 34
9 31 13 30
33 32 27 36
14 29 38 19
36 47 22 17
44 43 16 28
12 46 12 26
13 24 41 18
44 29 40 3
19 11 14 20
33 15 22 28
29 28 12 16
14 7 43 7
40 21 37 43
17 19 7 37
33 30 12 29
45 5 11 10
39 30 29 44
10 28 29 35
2 33 8 30
18 5 34 48
33 44 9 33
48 23 32 23
4 38 43 1
36 33 29 38
13 24 49 24
13 23 26 37
49 41 32 39
28 34 25 10
6 47 0 15
33 32 37 0
35 40 13 20
25 27 7 34
44 27 22 35
27 34 36 46
3 42 8 28
30 7 11 32
5 22 37 4
16 37 49 35
2 32 22 6
23 37 34 44
43 23 6 30
33 24 37 2
15 25 4 37
29 31 9 31
3 41 38 9
43 20 31 10
38 45 24 6
27 42 29 38
1 46 35 20
21 33 0 41
16 36 1 38
49 46 8 30
44 26 19 7
16 35 48 38
31 36 20 5
31 45 9 26
7 37 13 32
33 28 13 37
37 21 6 31
43 37 26 43
15 25 12 1
45 31 5 39
9 4 40 17
2 30 36 49
15 46 42 49
20 29 33 40
33 45 13 16
1 24 8 28
42 24 12 24
9 43 26 5
2 40 3 35
21 22 3 31
39 25 9 32
0 32 25 45
32 28 14 33
31 25 46 4
13 25 23 5
11 40 7 46
48 34 24 3
49 39 36 21
35 44 45 39
3 41 33 30
8 47 18 36
15 40 22 37
44 14 5 9
35 37 0 29
1 28 22 46
38 26 17 37
18 30 17 48
8 16 26 20
0 36 30 3
41 44 33 36
25 39 44 47
34 39 30 19
9 18 25 4
35 24 11 9
16 20 47 45
39 25 25 17
20 24 22 31
47 42 24 34
9 45 23 41
23 48 18 37
18 28 33 36
45 3 33 27
9 35 42 46
43 41 35 5
24 19 24 33
21 49 23 37
49 39 43 39
41 35 44 18
47 37 29 35
19 29 39 47
36 47 7 32
43 27 8 27
44 31 31 38
33 42 8 31
2 44 3 34
14 22 36 24
35 18 3 35
12 21 43 16
23 15 6 42
36 42 30 41
16 23 5 32
22 41 48 0
10 7 49 36
7 42 24 7
14 47 44 2
12 17 26 18
12 49 7 31
36 28 33 20
22 48 9 32
22 47 1 34
2 32 5 36
18 18 27 7
39 47 34 46
16 20 30 33
22 41 19 36
43 28 27 28
39 9 42 40
12 17 32 6
18 28 14 12
49 43 9 34
43 16 38 35
12 45 15 32
38 36 8 28
39 37 46 19
37 38 4 26
39 26 25 40
47 30 37 2
12 41 14 16
10 19 14 34
46 23 21 36
48 44 20 4
11 27 16 35
13 2 36 32
39 36 20 33
43 46 26 27
28 24 5 30
13 23 8 36
25 38 46 35
11 29 10 9
20 43 8 3
42 48 10 32
29 44 44 32
19 43 10 34
28 25 42 48
15 26 11 38
16 27 2 36
3 26 28 36
3 28 13 5
18 22 6 34
4 24 45 5
23 37 5 32
12 48 12 37
26 35 21 39
42 24 9 0
5 25 14 2
3 30 4 43
11 28 49 26
30 17 10 31
17 24 17 2
1 27 26 27
17 19 26 1
4 0 13 29
28 28 1 9
30 44 1 29
11 16 20 7
23 19 37 0
25 29 48 15
12 22 20 10
12 31 7 38
45 21 27 7
0 30 25 1
12 19 12 2
12 25 21 47
21 6 10 45
18 26 7 5
13 32 36 47
34 42 9 30
36 20 29 27
4 44 8 42
11 48 18 10
25 49 34 41
8 11 14 11
46 10 31 39
12 23 42 8
14 27 40 5
23 36 31 47
30 28 46 41
8 38 25 13
10 24 20 34
16 3 12 30
11 40 43 42
16 24 18 9
42 35 10 25
23 42 12 28
13 48 26 33
16 18 11 10
1 14 10 1
36 41 25 4
1 29 13 5
19 30 35 7
24 45 27 27
16 21 25 4
4 30 23 37
21 30 15 37
9 21 11 26
25 32 31 30
4 16 11 27
33 35 20 36
0 36 32 2
12 23 6 32
31 34 9 2
12 33 18 19
22 49 44 2
24 29 34 12
3 22 2 38
29 19 47 30
44 20 49 36
16 38 9 36
23 48 17 35
0 45 26 35
4 14 21 1
13 8 23 41
24 36 22 6
37 31 20 15
38 47 25 0
17 41 9 32
38 30 7 31
37 27 40 49
35 31 17 23
14 44 9 29
4 37 20 31
48 24 27 35
10 20 27 13
29 11 47 43
9 45 25 37
6 34 22 7
12 30 23 10
11 49 30 32
19 30 19 9
13 17 7 30
29 48 45 38
23 40 9 34
32 24 12 6
4 35 38 40
48 43 42 18
39 46 5 28
33 49 7 29
13 30 3 38
0 20 25 33
15 25 8 34
3 31 14 34
2 23 40 12
27 44 26 28
20 36 38 16
16 42 6 29
15 39 9 9
46 26 3 40
31 46 25 40
13 44 34 24
46 10 4 3
9 26 33 16
32 44 10 9
18 19 20 2
22 30 19 12
44 31 44 42
20 49 0 40
5 26 7 11
45 43 24 7
44 41 16 10
1 41 25 18
18 49 30 24
5 1 6 36
34 44 34 49
15 14 31 29
25 40 9 12
36 29 48 44
37 37 16 17
14 45 45 39
35 41 12 1
43 43 1 14
5 30 18 6
48 23 17 39
21 40 14 10
13 34 27 34
22 42 17 8
17 31 27 15
2 33 26 1
24 5 11 36
41 29 26 39
6 41 8 34
49 28 0 42
26 32 16 40
20 48 8 36
35 15 20 18
41 16 32 42
9 35 28 39
31 39 40 33
11 27 42 23
15 30 19 34
10 33 11 3
42 30 5 34
46 47 38 16
2 27 18 5
29 27 16 35
8 20 26 31
43 42 21 9
22 30 8 32
19 0 12 30
14 20 12 38
6 36 14 1
43 37 9 32
5 29 30 1
14 36 43 11
10 32 6 7
40 24 10 11
21 35 19 1
16 24 26 37
45 41 38 8
42 49 8 30
22 22 40 47
4 42 35 36
10 23 44 37
28 47 14 22
22 31 18 38
40 32 19 7
0 35 27 4
15 24 20 41
11 28 41 9
38 20 33 33
6 40 28 42
32 20 22 1
2 42 23 34
5 30 12 37
4 23 46 4
38 10 3 42
35 25 39 12
48 10 22 15
42 33 36 8
11 26 35 45
30 34 21 14
29 43 25 33
16 36 11 28
32 19 42 22
19 24 29 31
30 19 43 33
34 48 29 45
42 21 46 13
11 31 41 29
12 48 10 34
10 23 11 37
47 18 12 30
20 43 13 21
47 32 11 36
43 16 24 39
12 31 16 2
38 42 19 41
39 6 30 36
42 39 32 11
17 20 5 37
14 37 35 47
42 14 19 39
29 28 49 21
2 16 19 23
3 21 28 33
35 10 10 33
11 25 28 1
37 37 48 6
27 40 27 26
38 33 9 31
49 34 40 25
44 47 0 8
18 22 12 4
26 40 0 18
21 2 41 4
7 25 32 36
45 39 7 29
11 45 18 11
24 20 21 27
21 18 9 32
3 34 5 26
20 26 27 38
10 48 26 37
4 21 33 4
11 12 26 35
34 40 28 7
17 2 11 5
39 47 45 31
30 43 25 33
31 23 38 8
16 22 4 41
6 41 7 27
47 33 38 1
42 21 33 6
16 47 40 17
4 36 6 31
20 14 35 17
34 31 16 8
2 7 44 11
45 24 25 42
3 46 1 37
20 30 4 43
35 29 8 36
12 28 40 35
46 36 36 15
25 3 12 45
20 44 7 30
46 30 30 36
45 16 41 7
39 35 27 12
22 33 6 25
6 40 8 1
43 19 19 48
10 41 41 41
26 38 46 4
32 23 43 3
12 27 40 39
47 46 7 29
19 49 10 35
29 37 30 30
8 27 37 12
22 25 11 28
38 29 38 46
31 4 42 32
25 23 1 30
3 43 14 31
9 33 19 31
22 21 8 15
4 24 24 34
8 38 9 28
29 38 12 47
10 35 31 43
19 17 5 42
47 44 13 13
13 21 31 2
8 49 14 34
9 34 17 0
36 38 5 32
40 35 23 13
31 20 21 11
13 42 49 35
49 26 26 6
27 19 18 37
22 23 29 28
29 30 22 6
25 28 20 42
29 43 24 0
27 28 31 47
40 24 15 12
38 46 43 4
31 18 7 31
9 28 33 1
30 31 22 39
30 28 16 24
4 24 9 35
10 39 19 32
4 42 41 35
17 6 15 24
39 45 4 37
3 41 4 29
4 31 46 9
39 23 21 41
46 31 2 36
42 48 25 6
17 15 18 4
0 6 5 35
23 30 24 38
12 29 31 45
18 44 16 36
43 30 22 48
15 38 38 31
0 38 5 36
23 47 36 13
13 28 9 32
29 44 35 15
8 48 9 9
11 33 49 43
30 18 45 44
13 35 3 36
47 40 38 8
2 39 9 36
42 31 20 11
21 39 31 10
29 37 11 33
8 41 30 8
11 41 40 41
22 31 4 34
33 25 24 24
6 40 13 25
41 14 24 37
39 32 40 4
4 29 47 26
46 32 31 36
37 29 7 28
23 43 7 4
32 25 20 46
18 22 30 36
4 25 9 28
42 19 18 12
31 25 11 29
45 41 29 11
12 40 2 38
44 28 1 30
42 27 34 24
44 34 9 26
48 34 19 40
27 45 9 28
4 17 21 31
17 40 26 15
31 44 24 41
13 45 15 34
18 33 6 34
25 38 30 43
42 44 48 11
37 28 32 31
45 21 38 39
32 28 22 6
47 32 20 11
49 37 10 29
11 43 25 5
20 20 28 29
34 28 33 48
6 36 5 29
24 43 24 8
32 9 15 0
47 32 48 23
19 33 31 45
34 17 25 8
17 39 29 32
32 35 32 2
7 26 42 17
39 13 29 26
20 17 39 49
46 31 34 44
35 36 17 3
3 45 12 31
7 16 25 34
11 30 8 33
13 49 31 39
16 24 38 25
32 34 31 20
23 18 40 12
13 35 29 32
0 30 5 30
30 35 3 38
21 44 27 31
32 28 23 8
32 36 35 39
41 20 9 29
34 6 9 30
0 11 30 39
29 20 2 28
25 30 30 42
9 46 23 40
2 31 11 34
44 28 39 8
43 28 18 31
13 44 22 42
26 38 36 13
30 46 31 39
20 42 43 5
10 47 39 48
7 44 33 4
8 48 20 42
15 28 25 27
3 27 21 40
17 30 19 40
40 38 26 25
18 41 9 11
25 39 24 35
29 39 10 31
16 28 31 32
30 34 9 38
45 24 43 36
34 40 46 30
38 31 12 31
4 31 41 11
36 37 23 5
44 29 34 4
4 31 35 44
12 48 33 38
34 27 38 3
30 44 18 5
14 22 26 11
36 23 9 28
22 2 20 41
14 25 7 35
10 48 20 10
16 47 41 25
30 47 6 15
13 29 4 33
27 37 32 7
47 46 30 42
25 29 24 8
4 39 27 42
30 30 5 5
46 13 22 42
14 19 40 17
45 9 20 31
32 38 11 34
2 33 28 12
44 34 14 10
33 32 25 25
38 49 38 16
2 42 24 32
45 41 12 28
17 39 32 49
25 21 21 8
31 28 7 31
20 25 26 37
9 22 6 30
20 46 18 32
10 25 31 21
33 24 12 8
13 21 23 14
21 33 1 3
2 48 37 35
39 6 47 43
33 49 8 13
36 1 25 30
38 46 0 34
10 18 41 17
31 47 35 42
6 39 21 39
42 33 20 25
0 38 24 18
19 37 22 44
14 39 6 30
12 26 23 36
36 27 44 6
15 23 26 42
34 5 24 38
4 37 33 33
29 25 35 47
46 29 3 30
45 48 3 39
48 39 28 11
6 43 5 38
27 32 17 8
48 21 36 44
42 44 21 16
11 48 36 47
35 37 24 47
49 24 14 11
2 46 6 41
45 43 30 8
41 33 12 30
0 32 28 4
37 43 13 2
39 36 5 34
12 41 16 42
14 16 0 8
42 44 27 39
14 28 38 4
0 24 29 14
35 32 15 4
14 23 47 35
33 21 9 4
32 42 24 46
35 28 28 6
13 47 2 42
22 26 14 2
23 28 15 3
33 37 12 5
0 44 46 49
20 33 35 27
41 38 8 32
14 24 30 33
1 35 42 3
18 44 4 31
28 23 23 0
37 20 42 0
8 29 42 40
11 32 40 30
14 24 12 12
48 33 21 0
25 21 2 41
12 27 37 6
8 42 33 36
33 2 28 31
44 29 12 36
8 37 40 43
6 33 26 37
39 37 29 37
32 34 4 32
26 4 6 33
48 39 1 33
17 40 6 14
16 16 20 10
41 30 7 30
47 30 35 2
29 8 24 45
41 44 24 42
28 38 2 6
18 26 4 34
38 1 45 46
18 23 2 35
37 25 47 17
31 17 30 7
12 24 35 5
35 39 25 0
21 24 26 13
30 33 45 6
11 28 38 40
38 37 4 18
19 10 27 40
7 39 16 16
42 32 49 0
3 39 40 33
13 25 13 36
13 26 28 47
29 5 24 15
28 13 34 19
47 44 30 40
17 8 3 35
28 44 49 37
38 18 21 34
46 31 26 43
4 47 25 42
8 36 9 32
1 35 12 29
20 33 24 30
14 29 7 31
3 47 20 38
37 42 32 44
16 26 24 14
44 45 26 5
48 36 37 36
30 37 31 0
45 33 7 29
25 45 38 21
20 32 24 2
40 21 33 16
13 23 28 7
22 36 28 26
16 14 5 40
17 23 14 42
44 38 34 14
4 45 44 26
42 33 25 10
14 41 36 9
3 38 35 41
15 19 37 35
48 30 6 39
30 27 31 13
37 40 40 19
19 23 33 5
42 37 20 38
32 38 38 26
28 15 9 43
37 27 29 2
4 23 46 30
21 42 12 40
0 41 14 14
5 28 22 18
1 38 30 43
30 35 36 2
43 44 17 22
26 17 48 35
16 23 3 4
22 14 25 38
11 43 24 3
20 24 21 49
40 44 37 23
18 34 19 10
23 36 34 38
5 44 42 17
43 23 39 13
7 35 4 29
17 43 8 35
16 41 40 4
16 45 28 18
39 20 1 28
24 41 26 24
38 28 9 34
12 27 36 23
41 6 45 37
43 31 6 1
20 16 10 27
29 32 18 14
46 14 40 16
45 22 8 1
2 32 19 34
47 43 16 11
16 48 12 44
36 22 25 5
38 43 29 39
0 9 12 46
6 36 23 28
41 38 8 33
18 27 15 33
33 43 12 31
42 41 41 24
30 16 33 46
12 46 35 45
40 45 40 16
5 35 7 27
4 29 16 27
41 17 43 3
38 35 18 35
42 17 30 49
11 31 42 36
4 13 23 0
1 37 9 38
27 34 8 4
43 46 13 27
13 40 49 10
41 18 29 36
0 34 14 12
45 48 7 32
37 13 37 29
16 44 29 38
46 38 6 30
13 30 36 16
24 45 9 32
5 36 42 49
18 19 42 16
3 13 21 8
38 22 9 40
10 33 28 42
49 35 43 35
38 36 10 7
27 34 30 21
8 41 6 34
25 33 38 1
20 30 38 0
6 15 44 25
41 29 1 36
8 38 12 5
15 24 31 28
17 35 43 8
26 44 21 25
23 29 38 48
26 26 3 32
27 35 9 33
41 35 8 34
0 44 37 32
38 29 8 30
1 47 6 37
37 29 10 37
16 27 39 49
9 25 31 6
18 26 27 43
25 34 41 7
13 38 46 8
42 47 22 32
26 46 8 35
44 12 38 39
14 21 20 42
46 42 16 34
30 3 14 30
46 27 22 30
15 26 8 3
1 49 9 10
30 17 0 12
11 42 2 40
9 47 44 3
11 36 35 47
30 34 5 36
19 41 31 48
11 45 31 29
17 24 38 5
33 37 7 33
38 25 33 29
3 45 40 3
15 27 7 32
19 43 14 16
38 39 19 33
35 37 8 28
40 35 1 33
17 13 45 28
27 45 37 34
43 27 36 38
43 35 8 29
26 42 18 42
26 34 7 44
1 29 17 15
14 41 41 8
4 9 26 13
20 46 8 30
17 24 27 40
34 36 30 44
10 23 33 30
44 36 11 33
37 29 21 15
13 46 33 7
14 37 13 25
36 38 12 2
33 14 4 33
14 40 45 4
36 11 33 32
37 29 38 45
12 30 8 29
42 42 17 37
36 12 40 8
2 42 37 34
44 4 34 47
30 32 44 26
41 37 46 47
40 35 10 33
25 23 36 20
46 21 24 34
21 25 36 8
7 28 19 27
25 31 45 0
44 23 20 31
10 48 31 39
17 22 24 11
35 35 22 32
36 33 1 39
30 27 12 32
20 22 12 34
24 44 7 32
10 41 43 3
9 15 46 1
32 18 11 29
47 30 23 11
2 28 41 48
20 49 9 31
35 20 8 32
19 14 27 36
48 40 21 9
16 48 28 20
35 43 8 29
36 31 39 8
5 36 40 16
13 25 19 31
42 36 43 18
47 20 37 34
16 29 15 6
11 29 19 17
2 46 4 37
6 45 46 21
42 35 12 39
13 40 18 1
9 35 3 40
38 11 22 16
6 32 46 28
9 20 19 0
17 23 22 17
47 43 33 37
38 41 8 36
14 47 6 15
24 30 34 31
11 47 29 49
40 23 15 30
9 11 26 15
13 49 3 38
23 44 7 44
45 45 11 29
11 27 19 6
10 47 21 33
29 23 31 30
47 40 33 0
20 19 0 30
40 24 31 22
42 47 20 21
19 7 2 33
34 37 30 11
22 28 12 43
33 32 27 37
27 38 5 42
6 27 36 22
41 31 46 10
21 24 31 33
44 2 37 23
10 48 27 34
15 23 14 35
11 18 39 8
45 40 25 42
12 25 35 6
37 35 18 34
17 22 12 32
40 32 21 44
5 35 26 40
24 20 43 1
22 33 11 38
39 37 38 30
5 10 8 8
7 36 37 0
20 45 4 33
29 37 29 25
13 18 15 32
48 27 32 47
16 29 21 9
48 43 40 33
29 42 13 33
31 31 19 1
18 23 28 2
32 26 30 48
39 30 11 37
9 25 39 13
28 33 8 4
1 35 42 6
12 47 35 5
32 21 18 12
16 49 35 38
33 37 32 32
40 46 3 40
42 30 44 13
48 23 15 4
12 37 12 28
23 47 10 6
28 48 1 10
10 20 39 15
26 40 30 42
10 47 19 5
16 35 6 29
40 39 20 49
31 32 19 10
16 28 17 4
2 38 49 39
43 9 20 22
32 37 14 7
20 27 43 19
42 26 15 23
0 36 32 3
10 32 48 32
37 12 34 1
8 39 37 15
0 35 49 36
27 32 15 6
33 21 28 35
15 21 22 9
30 4 8 32
12 13 8 29
11 17 28 47
12 20 35 17
43 35 2 26
46 36 5 1
43 33 29 3
15 41 9 29
42 26 0 4
27 45 22 14
14 44 23 16
10 27 21 29
21 42 20 3
48 25 27 36
1 35 6 35
31 39 31 49
8 37 44 23
34 38 23 37
38 16 22 28
17 34 8 28
17 42 27 29
47 20 26 4
17 25 37 19
22 37 10 14
33 41 37 4
33 49 27 45
29 44 27 7
32 35 1 34
22 43 20 47
10 9 25 41
18 48 38 42
15 1 24 17
11 49 8 30
3 45 23 42
12 28 36 35
48 18 28 38
14 22 26 29
7 40 9 18
29 24 8 29
43 49 32 48
41 11 19 9
13 34 12 30
42 49 20 37
4 23 7 32
42 29 9 20
40 28 14 1
39 27 17 32
33 14 37 33
31 21 27 36
38 38 22 31
47 41 8 32
30 49 38 31
42 39 18 6
46 38 8 32
17 22 46 1
16 38 13 40
6 34 21 15
13 38 9 7
4 36 19 6
43 23 12 30
30 44 40 41
35 23 42 44
0 38 10 30
45 18 26 39
9 21 23 38
6 5 11 33
26 22 8 31
38 46 26 39
18 27 9 33
