50 57 18163 800
36 33 48 4
13 37 37 29
42 38 47 16
40 47 46 31
40 30 39 40
32 16 11 22
28 42 25 27
30 44 16 22
49 35 9 20
48 23 28 16
32 23 40 47
22 24 35 20
16 36 12 18
36 37 24 31
16 25 17 43
28 28 15 39
30 35 9 5
40 40 35 29
47 23 20 38
39 39 1 12
30 24 48 40
34 38 49 2
41 23 1 17
39 23 14 5
40 45 38 23
34 48 40 44
45 13 36 18
34 34 10 22
43 35 45 15
44 37 37 24
22 35 9 41
39 44 34 17
47 27 33 8
21 29 28 47
28 21 26 12
28 42 35 41
31 48 8 23
28 46 36 34
47 38 1 17
26 30 17 7
37 49 49 24
31 21 31 44
44 23 45 13
24 32 37 15
2 35 17 32
35 34 4 28
21 41 43 21
26 24 35 36
35 45 10 16
9 35 40 37
31 47 46 45
46 22 21 40
42 30 35 7
31 31 1 43
11 34 0 42
25 39 36 28
45 29 39 23
