50 173 11530 800
5 40 11 11
20 43 26 15
24 25 6 19
28 29 33 23
35 11 42 26
24 11 40 25
22 33 41 37
15 20 43 22
23 23 40 22
34 9 35 24
45 39 34 16
16 4 27 19
22 20 43 26
31 46 14 4
18 20 37 22
4 41 8 16
20 18 15 4
30 37 9 15
19 18 37 23
24 19 2 27
17 40 30 36
13 41 29 12
47 41 29 44
39 8 13 16
47 17 24 27
46 5 36 27
25 15 35 46
49 41 16 34
32 1 31 18
22 12 8 28
29 14 28 29
46 39 40 23
46 39 48 29
9 47 19 11
46 25 32 38
38 6 8 16
21 39 34 32
21 22 6 7
12 15 49 21
18 39 43 27
15 7 41 21
30 17 27 43
14 13 46 35
9 31 34 25
12 11 43 31
23 16 36 22
41 1 49 45
34 9 40 21
26 15 17 16
30 36 38 40
28 17 45 19
9 17 4 29
12 15 14 39
13 20 8 14
47 36 27 2
40 3 18 6
13 13 33 19
17 22 40 14
44 31 43 6
48 38 32 8
9 34 44 26
25 18 36 4
21 14 28 21
21 5 42 23
3 2 10 33
22 12 42 24
8 14 22 44
30 9 33 24
38 38 47 12
13 34 26 29
39 18 41 23
25 17 19 27
22 18 13 9
21 18 35 24
10 17 38 23
10 42 35 19
15 32 14 14
2 39 32 23
11 15 6 15
21 16 25 27
15 16 32 25
9 6 6 20
49 42 41 23
21 29 39 25
21 18 29 32
24 23 8 38
16 30 5 23
21 13 22 27
7 47 16 30
7 17 14 9
25 17 34 25
13 17 36 25
32 6 42 23
17 32 29 12
46 40 37 16
15 37 11 13
35 8 16 9
2 7 24 24
13 16 9 17
27 19 27 2
29 40 43 26
31 20 38 46
44 40 36 24
8 13 39 25
23 15 21 11
10 18 30 37
41 25 40 16
30 20 34 23
23 12 39 24
19 47 45 27
34 23 3 14
31 5 36 17
19 22 33 9
46 37 34 23
49 37 39 24
27 10 44 5
11 15 18 37
28 19 35 45
44 40 36 18
7 40 38 23
23 15 28 42
15 14 46 10
1 5 23 28
8 0 29 24
48 42 37 22
34 16 41 19
47 42 9 11
24 37 20 31
9 39 49 23
46 12 35 23
49 15 40 13
32 43 41 24
40 33 24 11
12 16 27 42
40 43 16 38
40 5 35 22
2 3 6 18
35 12 8 13
12 15 41 29
28 17 46 18
48 40 37 23
21 16 12 4
40 41 41 28
22 13 32 3
28 6 40 22
38 5 46 25
23 17 7 30
36 44 44 36
29 21 41 26
21 20 36 25
44 26 24 4
48 40 26 40
29 37 39 24
46 36 35 25
21 21 9 14
4 33 22 0
14 14 8 19
35 36 22 41
27 5 34 48
15 4 36 17
45 38 7 14
8 16 39 24
20 46 17 6
9 15 41 28
13 17 27 3
26 13 45 7
30 4 39 8
21 44 36 21
25 21 41 24
8 39 38 24
47 40 8 15
23 16 47 26
11 13 48 18
