50 147 14220 800
46 5 26 30
3 20 42 6
22 25 22 37
4 36 40 24
16 36 7 12
5 30 29 5
5 45 10 35
18 22 36 7
27 20 42 37
29 31 17 13
33 0 10 31
20 32 3 28
32 2 31 10
10 18 6 34
10 19 44 14
0 48 14 29
38 2 20 1
8 24 7 34
12 25 32 43
26 14 44 16
30 16 45 8
29 15 37 14
21 36 39 43
3 13 39 11
29 15 8 24
25 34 29 21
31 3 19 10
7 2 8 29
32 19 12 36
23 35 27 45
39 23 6 9
1 11 27 35
9 35 2 48
37 30 8 43
28 26 14 29
7 23 22 37
15 18 18 33
8 22 32 8
32 14 18 7
35 8 23 3
9 22 42 47
0 47 6 24
10 34 16 46
22 36 28 29
3 30 39 36
8 37 49 24
13 46 31 11
31 1 34 4
21 23 38 31
33 2 19 34
29 21 23 17
30 17 13 39
31 4 49 47
26 23 19 39
37 12 23 34
22 33 38 16
31 15 24 33
6 20 35 31
25 27 10 38
7 21 20 32
9 25 29 36
33 0 37 25
14 23 38 12
6 6 34 43
19 30 21 36
34 2 19 32
2 44 27 40
30 4 21 13
30 0 8 34
2 41 48 10
17 35 6 11
31 13 24 10
0 41 38 9
2 27 14 12
3 49 24 38
17 42 7 5
5 20 45 8
7 22 33 25
7 18 7 35
33 18 44 1
16 17 28 26
44 23 17 5
6 45 22 36
37 13 30 30
33 1 37 6
33 1 35 9
33 20 11 31
30 0 38 42
3 4 3 29
7 39 38 22
16 42 15 11
22 28 41 28
32 1 37 22
33 23 24 35
0 40 11 10
30 15 39 35
30 19 45 8
13 24 40 7
0 43 3 6
43 12 28 34
44 13 18 16
9 19 15 29
18 18 8 45
15 20 8 33
33 4 40 47
33 18 43 16
26 15 47 12
28 27 29 22
10 26 12 12
25 26 5 26
22 40 36 4
6 21 21 35
17 19 3 35
30 18 48 16
23 31 26 41
30 13 45 5
13 10 27 37
32 26 12 12
29 11 34 27
29 9 23 14
13 1 21 38
11 16 2 42
4 14 0 28
21 37 12 43
2 44 19 36
37 2 19 36
26 15 22 29
35 0 11 11
40 13 26 34
14 15 21 14
24 7 19 9
7 11 37 46
30 16 39 45
26 35 14 34
37 3 32 15
21 41 39 42
0 37 14 14
12 30 0 39
20 31 19 45
26 14 13 13
9 17 22 10
13 15 21 34
26 17 23 28
30 1 18 7
27 17 38 37
12 13 31 21
31 1 16 36
