50 219 18364 800
22 21 5 4
1 22 19 9
20 27 5 27
27 38 11 3
1 3 38 35
17 30 14 9
12 22 24 44
19 28 9 34
21 26 48 6
23 19 25 29
11 24 0 0
18 9 13 12
21 9 18 21
40 28 18 15
31 20 2 45
21 31 22 17
28 42 20 41
27 46 4 8
16 29 34 5
20 24 4 12
20 29 29 36
21 31 33 35
11 26 4 20
26 8 45 14
19 15 17 25
19 27 28 36
21 27 13 28
25 28 22 24
49 18 6 19
26 13 12 31
8 15 49 4
33 34 16 15
25 41 3 11
17 22 21 34
30 31 7 23
36 17 39 33
15 9 2 20
24 27 42 4
9 6 33 21
18 31 12 25
33 43 5 13
31 28 19 19
23 8 27 32
38 37 30 41
37 11 21 28
14 2 3 48
21 35 8 24
21 42 9 26
24 18 33 20
39 23 5 8
38 39 17 31
26 45 6 2
5 21 5 15
35 35 18 18
22 31 49 12
20 32 7 43
39 27 10 6
17 26 0 1
17 39 26 34
42 12 12 46
22 30 16 8
16 30 26 40
18 34 18 46
37 23 41 19
1 10 19 7
32 25 13 0
24 29 8 47
42 37 6 2
18 39 3 14
17 36 3 2
17 27 44 17
33 3 17 41
1 6 41 20
12 27 16 15
24 29 32 29
11 39 17 23
21 29 2 1
24 30 8 42
18 5 30 46
14 21 26 45
38 40 4 44
29 26 47 0
4 3 27 39
8 12 15 20
39 40 15 9
5 6 17 35
22 29 7 3
39 21 13 29
29 34 42 11
5 4 12 45
39 26 5 3
22 19 18 39
31 42 8 28
40 8 15 20
24 21 11 4
24 27 42 25
10 18 5 46
16 27 23 7
28 32 15 24
48 24 6 43
5 8 29 40
17 18 17 13
21 30 1 48
30 20 38 5
45 10 26 42
1 46 16 49
15 44 39 8
30 1 13 25
24 41 26 15
14 24 9 9
24 5 29 9
21 26 25 6
22 26 43 7
24 28 4 13
24 31 9 46
5 3 3 44
23 17 41 14
11 1 29 39
12 5 30 16
7 18 7 36
24 8 12 21
10 4 8 1
21 25 8 10
38 11 8 37
22 35 31 42
31 21 6 12
19 30 26 15
20 5 6 15
8 3 11 20
17 4 24 31
23 21 9 33
19 31 31 34
25 15 5 4
19 29 12 37
16 10 6 9
22 21 11 2
25 32 0 45
1 8 5 49
26 8 30 33
5 14 15 33
22 29 18 21
9 6 46 7
8 12 6 47
32 13 12 28
34 16 0 4
6 13 16 19
19 30 27 8
13 7 8 8
21 28 21 23
19 32 42 31
49 45 11 13
40 29 2 25
18 49 9 7
8 11 20 18
0 9 5 1
40 35 43 8
35 14 3 11
6 8 16 7
13 42 46 9
30 42 20 21
37 19 19 24
22 28 1 9
36 15 20 5
39 29 10 18
21 20 25 24
4 5 4 16
23 16 5 42
41 24 13 26
2 4 22 33
19 32 27 5
38 42 31 35
25 29 46 13
34 15 46 1
16 27 2 18
21 27 5 46
20 25 7 2
26 5 39 15
23 26 26 14
21 30 35 6
17 7 0 2
41 20 24 24
21 24 14 44
25 1 22 8
30 36 5 35
20 31 43 23
41 5 0 42
41 11 3 47
30 7 22 1
17 47 30 32
34 37 9 25
23 30 26 17
22 30 7 47
22 30 21 20
22 32 44 4
27 27 9 6
48 17 1 12
20 28 14 23
48 28 13 49
28 22 9 1
18 19 5 14
41 17 3 46
38 40 8 3
22 41 9 14
23 32 35 5
45 32 36 1
23 30 1 38
8 34 3 6
16 16 21 16
15 24 7 10
33 30 26 40
40 18 10 15
11 11 44 16
25 0 23 37
23 31 15 9
45 17 4 24
25 35 7 42
15 5 5 25
1 9 11 27
49 22 12 47
