50 324 15342 800
27 16 43 1
3 3 34 13
30 27 47 15
14 25 23 9
47 24 11 12
9 11 26 24
35 17 16 5
34 27 45 18
16 24 24 43
33 41 47 20
43 17 39 18
29 44 18 19
27 35 37 14
10 19 46 17
16 28 12 42
4 23 32 16
6 37 30 35
47 25 39 42
35 0 33 40
28 11 24 14
47 17 42 24
15 28 11 27
10 16 33 23
42 8 33 35
30 9 43 11
10 7 17 44
11 37 44 33
35 4 34 33
45 23 26 3
46 25 36 37
17 36 24 25
11 25 15 33
44 15 17 32
6 28 32 26
43 19 35 14
15 24 46 43
46 11 9 25
40 8 17 24
25 41 46 24
43 14 5 12
40 21 43 19
33 13 15 31
11 22 35 9
35 19 25 19
19 17 39 22
37 7 39 24
23 21 31 37
42 3 24 46
37 33 29 40
41 20 47 24
29 36 25 12
48 2 10 4
9 16 24 34
16 33 8 17
45 19 34 9
49 25 15 24
23 12 41 9
42 17 41 26
36 9 7 27
20 15 27 3
22 22 38 18
16 28 22 42
10 24 37 12
41 23 29 5
8 40 18 19
30 14 30 28
19 32 28 12
16 6 9 18
19 25 24 28
9 1 33 32
14 35 40 22
10 23 18 42
15 41 25 16
19 36 41 23
48 18 45 23
16 31 43 23
12 32 49 16
21 8 5 8
21 10 15 27
35 22 15 27
33 23 45 23
47 13 33 15
24 22 33 24
27 13 28 35
39 35 26 10
45 9 7 5
25 34 29 33
28 9 45 19
6 2 43 18
42 9 39 14
42 12 39 24
43 29 12 28
19 26 43 12
21 18 26 2
41 23 28 4
34 20 49 23
28 10 31 13
27 30 23 13
43 2 45 20
28 16 21 46
14 12 41 33
42 21 28 13
27 1 31 12
9 28 10 1
18 27 6 34
14 38 30 7
43 16 38 23
42 21 42 16
46 27 35 19
42 29 33 25
46 26 13 28
38 13 48 40
39 8 19 38
9 24 47 21
35 47 47 27
22 40 31 33
31 30 26 23
25 22 35 14
25 40 22 12
36 27 43 15
3 27 33 27
34 31 8 9
17 28 4 2
14 13 25 23
21 7 47 9
22 21 33 23
29 38 47 24
49 27 32 40
45 24 29 23
17 22 13 13
15 26 19 43
23 22 37 23
48 27 35 21
11 38 19 25
8 36 29 14
38 20 43 18
37 9 48 9
26 46 18 24
29 4 23 18
32 22 33 18
20 47 20 25
8 34 48 15
17 25 27 18
28 40 8 20
8 6 14 30
17 31 27 21
46 30 37 34
42 7 44 19
48 12 41 26
31 20 36 36
22 34 46 30
22 2 9 1
41 31 43 7
44 10 27 7
49 28 36 21
42 12 18 32
41 24 22 38
29 13 44 22
40 21 32 21
6 7 4 24
22 39 39 22
22 2 48 20
46 20 17 30
47 25 33 23
21 26 41 26
39 18 18 36
46 23 31 34
44 7 28 43
21 23 27 33
47 16 38 15
29 24 42 19
34 16 16 34
47 21 19 20
12 13 14 3
4 25 20 12
19 5 20 41
11 14 6 37
5 15 36 12
27 21 48 14
35 30 38 20
30 11 28 31
41 21 23 5
9 13 32 22
30 3 46 14
42 14 36 35
27 16 3 7
24 12 27 19
44 8 47 5
19 38 33 30
33 19 47 17
40 17 35 25
38 8 36 21
29 0 42 16
30 8 41 20
30 29 33 15
31 0 40 16
17 10 29 7
30 26 36 20
33 2 47 5
18 25 37 22
35 28 9 2
34 17 42 21
42 21 17 17
19 10 42 13
27 11 31 16
40 9 28 33
46 28 25 16
14 26 35 33
26 7 34 37
16 22 36 15
48 21 42 35
42 14 28 20
20 31 2 26
40 27 12 8
43 2 35 20
46 21 38 25
44 26 16 30
45 19 16 18
22 37 41 19
46 22 33 39
43 3 38 15
32 4 45 8
47 7 42 21
17 33 6 30
29 34 17 32
29 4 37 24
38 27 39 0
25 30 26 2
27 18 33 10
45 30 43 5
46 29 45 19
38 23 39 16
42 26 38 5
3 24 48 20
11 28 40 29
34 12 5 47
28 12 39 23
15 35 7 35
36 8 46 30
25 0 34 22
10 5 16 21
32 17 18 12
16 5 36 19
36 45 46 21
41 1 8 24
45 13 48 22
16 29 36 29
31 17 18 7
34 14 42 16
33 22 37 29
16 8 39 27
37 5 34 23
9 35 15 34
31 6 43 5
22 30 37 42
19 36 8 29
24 25 0 0
14 14 36 22
16 31 39 20
28 23 5 46
44 18 32 11
49 22 26 47
33 26 15 14
32 8 36 6
44 22 45 8
40 19 7 26
38 14 39 48
19 18 40 22
41 30 19 1
24 32 33 22
0 30 34 30
9 30 33 33
39 19 42 7
38 1 22 37
47 11 32 46
37 20 14 17
38 41 15 36
21 37 45 40
11 43 45 38
17 32 48 23
39 12 7 10
48 21 37 29
33 40 30 29
2 48 49 17
8 39 20 9
11 7 12 35
44 28 37 12
43 9 15 9
14 37 33 43
42 10 34 16
28 3 44 17
46 32 37 18
16 9 47 19
10 31 39 35
3 42 40 26
45 36 30 18
19 1 41 26
21 33 35 26
38 14 47 21
18 35 44 27
6 12 23 11
38 22 8 4
10 30 27 12
42 13 32 17
48 16 30 23
37 11 37 25
28 7 45 22
0 31 32 13
16 46 35 27
30 16 13 8
34 35 9 24
37 36 28 32
41 20 26 43
34 13 22 2
47 15 37 17
45 23 38 3
15 19 45 21
35 19 25 31
32 3 20 6
37 26 29 12
35 8 40 42
44 19 25 45
36 17 47 27
24 16 46 12
