50 68 14959 800
29 11 31 34
19 1 14 33
28 6 27 36
23 8 38 35
32 3 19 11
29 7 38 30
38 5 3 47
20 8 19 32
28 2 41 39
28 5 45 12
17 2 28 24
20 2 40 29
30 2 39 31
25 0 33 0
27 4 38 7
21 6 37 0
25 5 44 30
34 9 36 39
27 3 38 34
25 11 38 10
12 2 14 28
19 5 11 14
23 9 39 41
26 11 44 5
24 5 1 10
22 8 42 13
34 1 5 5
10 12 22 41
16 8 39 5
29 11 24 13
24 9 41 11
22 13 35 6
28 4 12 48
19 13 5 22
9 12 44 29
29 3 37 33
28 9 36 34
24 5 46 8
23 1 31 7
28 7 44 14
17 9 42 9
19 13 16 1
24 4 35 46
24 6 22 27
17 3 43 11
18 2 38 13
15 7 39 1
28 0 8 48
11 1 39 12
13 0 24 14
27 3 21 38
15 9 42 13
28 0 39 12
32 8 11 2
28 4 23 21
28 8 18 26
17 2 5 11
21 5 7 0
31 2 45 7
38 9 4 1
21 2 39 9
7 34 37 0
16 38 35 32
18 1 38 12
28 1 34 23
14 38 41 10
21 0 38 8
18 8 40 8
