50 707 12766 800
29 25 9 1
28 22 10 17
33 8 31 27
1 38 35 15
43 31 19 1
28 14 25 45
34 16 23 31
37 22 22 10
23 37 7 11
17 18 24 36
29 46 16 2
8 46 39 12
46 39 20 30
23 33 34 12
23 40 24 3
35 40 21 44
46 35 32 26
37 41 11 10
13 36 3 20
48 35 29 3
41 9 29 40
38 10 5 8
10 28 15 29
4 37 19 17
49 34 21 3
25 45 28 4
22 34 46 24
9 35 42 19
47 6 20 6
24 9 1 23
28 24 10 19
45 23 40 31
31 21 44 47
32 16 41 27
23 49 24 31
49 36 37 9
43 16 9 19
38 34 14 11
32 10 27 7
28 25 38 14
39 29 33 19
34 14 24 4
9 29 20 28
15 38 13 23
35 25 8 15
41 21 35 28
32 45 32 14
37 28 17 9
30 12 17 8
40 45 20 3
14 45 26 5
48 5 29 29
46 12 30 25
20 42 8 42
33 13 19 29
25 20 20 7
13 13 35 6
28 48 29 35
47 35 26 3
22 35 34 25
10 39 31 29
7 38 22 31
16 48 4 17
43 9 25 0
40 48 21 5
10 45 43 30
48 35 26 36
20 43 39 22
29 18 27 3
23 42 19 4
14 39 39 33
39 10 12 1
22 34 25 4
49 33 12 39
6 46 20 5
29 18 10 17
45 16 37 38
4 49 25 6
20 38 29 35
20 41 28 18
44 33 9 29
35 31 22 2
16 45 17 8
24 40 14 13
29 25 43 25
34 34 22 28
37 20 22 30
23 40 20 29
19 41 28 5
43 31 16 2
45 37 26 31
23 24 10 19
33 30 29 45
9 47 18 19
47 19 8 11
44 35 5 20
47 33 20 36
37 39 21 49
21 37 13 37
30 8 34 49
19 39 24 4
47 34 31 27
49 35 9 29
16 43 7 44
38 37 7 8
3 38 4 32
26 13 14 5
19 40 48 43
5 31 24 44
9 38 19 0
29 20 3 42
10 33 16 2
1 33 20 33
34 22 17 28
38 35 18 24
6 45 20 10
13 36 25 16
11 31 46 42
25 36 20 3
47 34 33 44
32 20 18 25
21 45 9 20
36 37 36 15
15 39 16 4
7 43 31 4
12 9 35 22
43 16 7 30
41 5 25 30
26 20 23 6
46 29 42 16
37 45 18 29
19 45 28 16
29 48 44 9
45 20 7 46
17 46 15 38
4 41 21 41
47 38 7 31
38 21 1 22
14 39 28 44
36 11 46 38
28 10 34 47
26 32 7 35
27 24 19 27
30 17 23 32
18 41 22 7
18 40 34 25
26 41 28 49
16 42 21 6
16 43 44 35
20 46 10 36
8 30 6 7
13 49 25 35
33 15 26 16
19 25 10 19
11 36 23 7
33 32 14 29
48 26 18 12
48 38 36 29
20 43 35 7
29 23 29 46
27 32 49 47
29 14 12 25
47 36 6 13
42 16 31 48
30 18 32 5
12 32 27 38
45 40 9 12
9 42 19 38
32 12 9 14
23 44 22 27
29 14 7 18
26 43 36 8
9 48 7 36
46 33 13 2
24 35 18 29
22 16 7 18
25 16 3 17
36 20 20 34
30 26 23 5
18 35 15 29
45 36 32 17
13 44 28 4
30 5 43 15
29 21 11 6
43 4 11 15
29 25 48 6
31 4 17 16
15 11 25 10
45 1 28 21
7 41 2 24
20 47 18 19
42 5 24 49
16 29 20 28
47 36 13 29
32 25 14 36
14 36 29 35
20 49 11 8
18 38 21 30
25 14 43 3
47 32 28 5
24 43 5 11
23 30 38 0
30 18 14 15
22 39 3 16
3 40 9 20
45 21 24 19
21 43 19 14
33 24 21 19
41 9 24 11
48 0 38 28
21 3 17 30
30 14 4 20
17 39 22 36
30 23 23 45
29 42 16 0
39 10 27 12
23 23 5 22
15 40 6 18
47 36 25 36
47 35 36 21
29 34 0 22
16 38 11 41
27 21 33 17
1 22 27 4
4 29 14 35
44 35 19 30
23 42 20 9
33 43 13 28
46 39 40 33
49 12 17 6
49 22 27 24
48 28 31 49
21 43 23 0
22 37 31 18
32 14 5 16
26 20 39 24
26 26 28 39
18 26 34 35
28 1 5 14
21 45 44 29
41 39 19 10
6 28 34 12
47 16 17 33
44 37 9 38
45 14 23 14
2 46 22 9
22 40 32 5
30 28 18 5
45 33 0 15
28 18 19 25
47 5 24 23
24 10 5 25
46 32 18 44
23 33 29 1
18 18 48 41
23 40 34 32
48 41 19 23
40 38 31 16
21 39 18 3
30 20 33 13
45 36 0 17
30 42 1 12
26 44 14 10
25 19 16 21
26 32 24 16
5 26 29 19
28 22 6 39
24 48 13 39
34 23 14 8
22 47 7 14
4 28 9 16
39 27 45 18
32 19 12 3
48 27 10 41
44 7 14 5
30 21 35 24
16 41 1 15
18 16 15 30
17 36 11 31
24 32 21 29
12 32 26 46
4 36 2 18
23 9 24 3
43 40 33 23
48 31 17 30
31 29 19 7
20 24 7 22
42 14 27 12
31 22 22 41
14 33 41 43
7 25 13 3
12 35 17 8
31 33 31 40
0 36 17 0
19 44 8 32
11 35 21 3
39 40 20 22
11 37 35 33
32 39 2 2
47 29 14 39
18 27 4 17
15 48 14 16
41 38 29 34
43 33 36 6
16 42 40 8
27 46 15 3
30 11 17 29
27 15 26 3
4 11 23 0
23 15 24 28
46 37 49 22
30 29 25 7
1 47 9 35
46 17 17 36
28 44 36 33
23 10 24 41
49 8 36 26
49 19 19 43
3 36 8 37
48 30 20 3
22 38 7 24
13 39 29 12
45 9 37 48
17 46 22 17
21 12 30 7
20 35 22 27
23 47 16 28
48 36 9 25
24 40 15 14
0 32 34 40
23 26 23 2
20 45 20 31
33 35 25 18
16 44 28 27
43 17 34 13
27 11 8 18
0 33 7 12
44 14 14 11
48 33 22 2
15 23 31 18
42 39 13 0
27 25 23 40
22 13 37 26
23 39 38 35
37 34 45 18
47 39 42 20
16 43 9 12
26 19 5 10
21 17 17 29
22 10 25 42
28 33 13 10
6 28 6 16
28 23 39 45
40 25 27 45
30 22 36 17
24 21 13 19
19 36 46 27
43 6 12 18
16 38 7 24
22 5 20 18
23 10 3 12
14 49 16 26
34 12 29 41
15 40 21 11
46 6 30 35
34 25 22 24
17 37 20 8
23 7 18 5
28 12 30 15
36 48 18 30
22 42 24 45
35 39 45 25
36 30 31 40
37 16 6 17
45 38 2 10
23 22 16 26
27 41 12 15
42 28 6 20
21 15 24 31
33 27 32 11
38 9 5 35
24 31 24 4
31 0 22 32
5 42 26 9
14 40 19 30
18 41 40 14
5 37 41 28
14 43 10 40
43 33 4 18
19 42 21 26
33 16 13 42
47 40 5 17
16 41 40 17
21 34 5 16
25 13 16 7
23 24 16 32
15 40 2 18
9 36 10 26
9 9 21 32
40 41 6 18
17 38 23 1
27 48 39 37
17 16 49 20
48 11 15 1
46 38 35 43
39 4 19 7
27 32 9 25
8 12 24 21
41 37 34 25
16 17 38 21
24 42 20 9
46 35 20 8
10 24 4 18
30 25 25 6
23 38 1 23
27 26 19 30
11 10 26 35
39 20 16 6
24 19 19 10
30 20 39 16
8 49 20 32
20 45 14 11
34 10 31 14
1 34 32 17
4 41 15 6
17 16 13 28
42 35 24 10
40 10 0 12
45 25 17 4
0 39 40 16
30 25 18 39
49 36 16 34
20 11 2 16
49 39 17 4
29 49 25 39
19 19 21 6
27 44 7 13
17 30 29 33
27 20 13 7
10 28 19 27
13 45 19 3
39 39 10 19
19 17 18 3
47 36 5 11
24 39 34 23
48 18 44 37
23 20 26 32
46 33 29 40
31 9 13 26
28 28 35 35
39 11 2 24
41 30 26 0
4 32 17 32
28 19 2 34
32 21 25 32
31 31 18 7
18 14 11 34
27 16 24 38
21 44 4 9
27 42 31 47
19 25 27 32
34 23 36 19
16 45 28 35
18 41 35 11
12 44 23 10
40 12 21 3
33 21 5 16
4 39 4 15
12 37 17 21
16 25 25 45
12 48 8 13
42 10 25 8
49 37 33 2
41 11 13 49
8 33 9 16
13 42 6 23
31 33 20 34
44 6 19 31
49 15 4 12
48 38 19 7
46 31 5 36
48 36 25 43
31 16 11 17
15 46 40 35
15 35 20 7
26 24 39 39
48 34 22 1
30 6 4 15
23 45 15 0
43 5 20 8
48 39 25 12
8 44 16 34
18 47 0 16
23 37 14 5
43 28 25 12
47 19 20 41
46 20 29 35
32 4 45 45
10 39 18 25
6 28 17 38
29 27 18 2
20 11 22 7
21 43 48 19
12 28 29 1
15 47 4 22
17 35 28 4
16 34 23 37
48 30 7 23
21 48 2 16
34 19 26 26
32 17 21 43
25 18 6 30
45 10 26 31
15 40 16 34
17 35 13 0
47 39 22 20
28 28 28 6
19 21 41 30
1 47 22 12
10 8 19 27
28 19 36 31
47 29 4 22
13 35 5 44
39 22 21 5
45 6 25 3
20 13 31 15
46 26 35 19
19 32 4 11
37 46 10 6
23 44 12 6
26 40 32 27
34 8 16 2
46 35 19 22
25 21 22 38
35 29 18 3
9 23 3 11
22 11 10 21
15 33 28 11
34 19 29 15
44 36 22 45
25 34 13 25
46 39 45 9
27 40 38 24
2 38 28 43
19 37 21 9
30 17 44 37
29 11 19 46
6 38 20 46
11 42 15 47
27 8 24 28
25 10 0 17
43 10 8 15
22 12 30 37
2 29 19 29
23 42 31 11
28 24 49 24
32 18 28 14
45 37 22 15
30 23 8 33
4 20 19 48
43 23 12 26
5 33 7 18
24 28 29 40
48 39 26 34
48 38 22 36
47 39 27 47
27 40 36 20
5 34 36 21
34 34 37 13
48 36 14 27
6 34 22 46
27 12 24 38
18 26 10 18
43 4 1 38
38 42 4 42
49 37 40 48
4 34 29 0
12 34 16 6
2 12 35 43
19 42 24 20
46 20 24 45
3 45 41 7
49 6 24 4
22 44 18 0
2 39 9 16
29 39 25 31
47 23 18 8
15 40 35 19
32 11 14 8
24 11 5 17
7 31 17 0
20 48 5 17
29 20 17 31
2 43 29 42
23 11 5 20
32 8 12 32
2 33 7 36
16 42 23 17
26 18 7 12
4 40 37 25
7 30 42 37
10 13 17 12
28 44 27 8
48 38 22 39
49 35 23 11
34 21 43 13
48 38 29 4
45 36 41 22
46 21 3 16
37 5 30 40
15 17 17 8
48 8 37 16
23 43 38 21
25 42 24 32
14 46 25 35
37 6 27 21
14 39 7 19
48 36 3 15
46 37 9 18
25 42 11 1
42 18 33 49
18 19 25 36
45 39 37 20
44 36 20 6
3 36 26 1
20 46 33 41
20 41 35 19
48 39 24 39
49 12 8 41
49 35 0 26
29 10 12 30
43 39 29 35
13 33 11 6
17 41 19 0
30 23 38 47
47 38 24 2
7 40 23 30
37 49 27 21
33 8 15 9
35 4 36 41
48 36 19 31
26 5 37 40
48 36 42 20
38 15 29 15
25 49 10 13
41 8 23 28
42 19 4 16
31 25 21 49
48 13 9 17
48 20 6 12
15 16 36 15
38 36 38 9
47 37 41 34
43 11 24 11
46 8 7 27
19 33 11 12
46 32 28 13
49 30 21 38
36 41 41 33
17 44 22 22
32 12 5 10
39 4 32 3
26 42 37 38
8 28 29 12
17 3 21 7
24 16 20 11
40 12 23 9
46 39 2 10
27 22 46 21
34 17 42 39
17 46 27 44
20 20 40 42
43 16 20 33
16 48 15 4
18 36 10 22
35 12 29 5
3 31 1 12
17 39 43 19
36 35 8 29
6 38 4 15
18 18 8 30
39 47 18 5
9 38 15 40
31 26 10 25
20 33 45 25
28 23 21 36
26 15 0 23
45 20 40 23
21 24 21 33
49 34 27 33
22 40 32 19
17 43 9 19
45 34 20 6
48 37 38 41
19 45 31 2
15 40 21 33
7 32 7 4
23 34 30 48
47 36 42 18
7 35 39 41
31 9 23 9
25 30 27 34
48 40 40 45
16 36 33 12
15 8 3 18
28 15 18 27
14 42 32 40
