50 745 18635 800
14 42 38 40
47 36 41 45
45 23 36 40
16 33 42 38
12 21 47 22
14 1 14 28
17 38 35 46
18 6 35 39
19 18 37 44
39 20 38 31
17 43 29 34
31 13 19 27
22 28 13 23
12 32 41 42
10 37 41 29
28 9 23 29
38 14 32 41
12 39 13 29
31 30 33 43
40 26 33 39
12 38 35 6
15 36 12 6
10 41 32 40
29 10 34 44
16 42 33 44
14 35 32 41
24 16 40 22
10 47 33 44
14 36 31 32
21 34 34 29
27 26 39 43
21 21 30 44
18 40 37 44
23 8 38 48
14 36 17 19
12 37 35 44
10 24 35 42
16 35 35 46
18 28 24 26
34 24 35 39
33 22 47 49
25 7 4 33
34 25 30 42
18 27 34 47
38 4 15 15
32 20 35 42
12 24 47 47
15 37 32 17
18 47 42 45
33 26 46 24
11 40 11 15
22 4 33 41
14 40 37 7
26 21 45 39
8 36 32 43
6 9 48 49
6 38 41 40
29 26 18 6
28 24 32 45
14 37 31 44
5 37 41 45
14 46 14 28
9 38 31 45
16 1 36 42
12 37 31 43
15 5 30 42
6 44 40 29
42 21 32 44
32 14 34 41
9 40 24 22
29 13 38 45
18 35 31 46
34 21 37 42
9 49 31 43
39 22 18 22
5 26 35 43
13 45 39 42
39 23 48 43
49 19 39 10
12 46 31 44
18 37 1 16
25 27 41 41
17 46 40 40
10 45 35 42
33 20 43 43
11 49 34 45
16 36 36 36
37 19 34 40
18 41 39 43
20 19 37 41
21 36 35 46
18 12 43 7
19 39 31 46
11 6 34 42
35 21 20 28
17 40 18 19
15 41 35 40
9 42 32 41
15 42 37 36
9 28 47 38
28 11 34 38
15 43 12 19
16 36 12 16
30 25 38 45
7 16 15 29
4 21 42 22
6 37 34 44
6 42 40 48
44 33 7 21
12 41 32 47
24 9 34 36
6 2 34 43
25 21 31 42
33 24 10 16
14 43 32 44
46 20 36 44
14 3 38 41
22 23 31 38
9 42 41 40
9 33 19 35
28 23 4 8
26 32 35 41
38 30 43 39
17 35 11 34
24 22 32 46
15 13 32 28
33 19 37 46
13 43 35 44
26 21 33 44
34 29 30 44
2 37 37 44
14 40 47 24
8 35 32 41
5 43 13 47
36 27 32 44
37 25 27 40
31 16 32 23
43 23 48 37
10 42 33 41
13 46 11 39
10 34 10 7
18 8 4 25
9 41 15 14
48 20 27 13
12 44 41 39
34 19 34 41
39 37 44 27
30 26 10 25
22 11 44 24
32 18 40 44
26 16 36 41
11 38 3 26
26 15 46 27
18 31 34 45
18 47 0 41
29 15 24 21
13 39 47 45
28 28 39 45
9 13 47 30
4 13 3 25
30 27 36 46
8 1 34 44
5 35 37 35
26 21 35 42
21 49 31 44
48 26 33 43
12 41 41 46
28 27 46 23
13 40 20 20
12 40 33 42
8 35 29 38
36 20 35 43
6 3 4 21
8 41 43 42
21 0 40 45
14 34 34 42
10 46 21 23
38 19 41 45
10 36 40 35
5 45 2 34
31 13 34 43
2 0 33 44
26 16 44 38
32 23 33 40
37 31 46 15
33 10 9 12
32 27 38 45
26 13 35 40
11 39 43 46
37 26 22 40
39 24 33 41
4 5 28 7
15 42 37 43
13 49 38 43
17 38 19 15
13 43 1 9
27 11 38 47
13 39 35 43
27 35 48 26
25 16 33 43
31 31 0 40
9 26 38 47
19 41 42 45
20 22 2 17
37 21 36 42
41 10 39 17
24 10 35 43
16 28 4 10
18 6 36 45
32 19 37 41
30 28 43 36
33 25 41 43
11 31 35 37
29 11 44 28
14 37 37 17
26 17 32 37
30 22 9 4
13 39 39 43
20 27 34 45
28 36 19 8
38 36 33 42
8 43 32 43
47 21 27 18
45 16 23 8
15 46 19 28
8 31 31 43
41 11 13 20
13 42 44 24
10 36 46 25
15 39 35 42
35 30 47 23
13 1 29 27
18 31 36 27
15 37 25 49
12 36 34 40
8 19 37 46
19 43 39 46
19 37 34 32
12 3 48 26
15 39 36 42
30 20 11 24
16 40 33 42
34 28 32 39
15 38 33 44
16 42 43 35
14 19 36 43
12 29 36 29
25 15 40 36
42 33 33 40
9 31 32 44
27 5 35 43
16 39 33 49
36 16 37 44
44 17 33 36
7 6 44 44
17 32 35 44
32 19 35 37
45 20 15 27
33 28 33 43
4 40 34 40
38 23 32 44
11 42 25 43
28 21 30 44
31 21 34 42
47 21 42 43
25 35 33 45
26 31 36 37
19 31 30 45
19 37 16 42
20 31 32 49
23 19 7 28
35 16 10 35
7 37 38 49
21 42 32 43
23 1 36 41
16 37 37 45
18 40 10 25
35 32 39 39
16 38 42 40
29 29 34 41
19 35 34 42
19 13 45 46
17 31 35 44
34 22 9 28
43 22 34 40
10 3 32 46
12 49 31 44
7 8 38 35
20 20 0 17
11 33 32 39
15 36 18 19
25 24 40 49
3 11 13 24
2 13 32 36
33 20 34 45
48 16 37 16
13 5 30 39
24 14 18 25
23 21 37 38
1 12 27 39
11 41 15 38
9 39 33 29
18 41 20 36
47 36 16 22
5 24 44 25
20 24 33 43
12 36 34 44
15 34 29 39
44 24 43 38
2 30 34 42
36 14 47 29
34 33 44 17
45 37 5 24
43 35 14 15
15 34 45 40
16 8 28 46
33 13 32 44
42 27 32 40
7 24 33 43
16 45 37 43
6 7 37 40
5 14 42 47
13 40 35 43
12 46 36 43
34 23 22 15
15 40 3 27
33 26 34 43
42 20 30 26
18 36 35 44
22 30 33 42
41 8 32 44
13 37 38 39
22 37 41 39
14 33 35 46
12 6 33 47
19 3 38 44
12 42 41 27
27 26 42 42
21 43 37 42
32 25 0 31
44 16 17 21
12 39 35 41
18 40 29 47
43 22 34 41
12 48 39 44
36 19 31 8
28 22 38 38
21 42 35 43
13 40 38 43
2 22 34 43
36 24 36 38
43 46 32 45
7 18 36 44
24 38 37 39
14 39 39 32
7 29 13 4
29 9 40 42
19 40 38 44
17 12 8 19
42 31 3 29
11 35 23 29
21 45 35 46
29 22 37 45
29 22 32 45
42 23 24 17
8 36 8 28
31 19 33 42
4 31 25 7
36 24 29 35
12 36 12 15
39 24 34 46
32 32 13 20
22 0 35 47
13 31 35 40
39 24 32 40
14 35 43 27
14 6 26 12
14 41 34 42
31 35 37 45
33 35 36 42
21 29 25 34
12 44 18 18
28 23 35 44
36 27 7 15
22 7 36 39
17 38 19 16
27 30 38 47
17 39 33 12
40 20 32 49
17 37 43 22
43 28 4 24
23 22 34 42
19 19 5 16
36 29 41 45
12 42 42 9
13 41 46 27
25 41 37 44
36 22 34 41
10 39 34 45
20 7 34 43
29 16 7 13
21 47 33 42
4 0 24 18
14 42 31 27
37 25 36 42
9 32 37 42
3 17 40 43
10 0 37 42
27 19 10 7
12 42 23 9
36 17 33 42
16 35 10 25
23 33 33 42
8 15 32 46
24 1 40 35
7 42 7 34
11 43 39 45
34 30 33 45
35 32 30 40
28 26 40 46
14 45 32 44
21 19 33 42
25 25 38 27
17 38 32 43
19 44 19 16
13 44 7 19
33 12 38 48
23 7 44 28
18 36 33 45
9 38 32 43
34 27 46 25
18 36 34 42
21 26 33 44
19 21 8 36
29 23 7 30
8 48 4 17
21 32 28 41
35 22 36 44
11 38 2 23
38 36 35 44
18 10 36 35
15 36 32 42
20 41 35 39
42 39 31 42
30 0 35 31
37 15 38 44
14 39 35 43
35 36 24 41
10 35 37 41
31 13 35 42
11 4 16 30
15 43 44 44
14 44 16 20
29 2 37 39
31 38 20 0
25 25 36 36
15 33 36 44
22 12 34 42
36 29 39 40
40 37 30 43
15 42 39 12
30 33 31 42
26 22 46 24
31 30 6 3
3 21 3 32
22 36 36 40
33 36 23 21
20 2 32 43
11 40 32 40
32 30 2 21
14 37 36 42
22 28 48 27
41 23 31 43
10 0 34 43
40 12 34 44
27 2 34 47
20 15 36 40
9 43 44 41
18 45 34 47
23 26 33 42
35 36 10 29
25 31 39 41
15 46 37 42
20 42 34 41
34 23 33 44
36 35 37 39
32 4 30 45
34 25 39 48
9 39 44 44
32 27 42 21
14 42 9 36
11 35 34 42
29 9 32 41
19 7 38 41
41 34 33 47
45 10 18 7
21 36 38 40
6 9 36 40
39 32 39 38
15 40 36 47
7 19 42 25
14 44 42 37
34 28 34 42
29 31 37 47
14 47 38 45
23 5 4 8
43 17 27 33
16 22 33 47
41 5 37 46
32 23 11 27
37 13 34 47
42 16 34 45
42 21 35 45
20 36 13 18
13 45 42 12
10 32 41 39
25 22 32 7
10 6 32 42
12 38 34 42
5 36 44 41
36 23 35 45
12 1 38 42
24 36 25 20
39 31 35 41
18 43 48 19
26 24 10 34
28 11 47 23
10 15 1 24
28 23 40 43
46 7 35 45
16 35 41 38
15 1 34 41
41 21 11 24
30 44 36 44
9 33 24 28
13 38 48 19
23 12 1 17
24 11 33 41
8 35 34 43
41 27 45 22
19 2 40 21
14 40 41 34
14 35 38 42
19 37 5 27
5 32 18 22
23 5 35 43
2 17 33 48
24 27 33 42
13 43 39 46
0 11 33 43
29 16 17 36
11 22 32 26
19 36 35 41
9 11 32 43
32 35 23 24
31 3 32 44
13 40 10 33
39 9 35 43
17 3 23 49
20 38 36 38
7 25 21 16
13 43 42 46
8 40 35 47
12 42 42 43
10 38 8 15
36 30 26 6
28 30 40 45
12 5 5 37
3 42 33 41
9 26 9 34
15 37 0 14
16 39 33 21
15 41 37 48
16 9 36 49
34 19 31 41
4 24 16 8
25 23 34 43
34 33 14 30
18 24 30 43
16 18 34 43
9 41 46 22
35 4 31 43
19 41 49 16
12 43 32 43
29 13 34 45
22 7 36 42
31 18 36 1
39 2 39 44
10 20 38 33
38 5 31 43
14 36 37 42
9 44 33 45
14 37 35 36
20 37 33 46
13 46 39 13
5 40 2 17
16 41 1 14
14 34 28 28
9 34 37 36
17 21 32 46
45 30 30 31
44 24 47 27
17 41 43 43
10 40 37 44
36 32 24 12
14 33 36 44
12 37 32 45
38 29 32 46
33 31 35 46
23 28 16 29
12 44 31 40
11 38 33 42
8 35 9 15
32 24 41 6
40 30 35 39
17 42 41 42
16 37 42 46
12 17 44 14
13 12 34 42
21 23 32 42
47 20 34 42
18 25 32 43
29 3 39 39
30 23 32 48
15 35 4 36
24 32 9 5
39 13 32 42
21 37 32 24
27 36 43 43
21 23 37 47
15 45 30 21
9 39 14 43
2 29 35 41
11 39 33 42
24 18 21 22
37 20 38 41
8 46 31 34
15 19 33 46
3 34 35 41
36 28 33 41
28 18 26 25
19 33 33 40
37 33 32 34
0 13 37 42
11 42 39 43
16 37 45 24
9 38 31 43
10 35 8 18
14 40 6 15
17 42 41 48
32 24 35 42
31 21 32 40
37 22 36 40
21 32 30 39
26 37 40 46
17 41 35 46
37 23 22 15
29 34 31 38
10 36 30 2
41 29 32 41
24 6 40 37
10 5 36 41
18 42 41 41
38 40 31 45
16 37 42 41
9 46 41 40
34 24 41 38
10 5 39 49
9 44 38 26
14 40 32 44
36 24 3 13
47 24 29 13
38 16 18 31
24 29 38 39
17 43 19 21
33 31 33 46
30 16 37 49
34 14 40 37
13 37 44 24
14 37 38 42
32 17 48 46
27 25 30 40
12 44 36 46
28 12 37 45
32 20 31 44
47 3 38 43
9 8 22 9
36 21 35 44
24 4 35 46
18 40 34 43
36 22 38 12
13 42 33 41
8 43 19 8
10 44 32 48
17 34 13 23
16 44 45 41
13 42 35 42
23 11 34 43
13 15 6 31
36 29 37 42
21 43 35 45
33 14 32 21
13 36 33 48
7 38 32 44
2 26 33 43
30 7 28 43
8 41 13 34
14 41 34 38
45 27 44 38
16 45 42 24
37 21 32 44
13 43 35 42
26 23 40 38
36 27 16 25
4 0 45 41
14 39 5 21
40 17 20 30
44 23 37 21
14 6 36 42
29 26 39 45
31 40 34 44
45 16 46 47
19 35 31 41
14 36 42 39
13 5 36 47
8 31 37 44
12 46 36 45
21 29 7 21
6 14 6 6
30 29 36 47
5 35 2 33
12 38 40 44
21 39 4 30
13 31 40 30
10 14 38 42
17 2 32 42
23 39 33 41
18 44 8 27
33 34 40 6
28 39 3 4
6 39 45 26
35 21 32 47
12 46 49 18
34 22 12 22
9 46 47 44
