50 197 18792 800
37 37 35 41
35 3 48 47
35 1 40 39
32 3 37 34
36 33 9 40
45 41 43 30
27 8 36 37
31 1 34 43
18 34 31 38
30 0 19 45
38 27 48 14
31 23 22 47
32 2 8 41
28 16 46 15
49 33 35 41
38 27 32 36
33 10 4 41
49 31 31 35
33 35 40 5
30 5 31 35
38 20 38 43
17 43 10 45
10 12 44 0
38 29 40 37
45 21 3 40
32 9 38 7
33 3 28 39
31 5 24 32
26 6 32 35
26 2 28 39
35 42 32 38
25 2 11 43
31 2 37 31
31 17 48 19
31 24 10 40
30 14 8 42
34 5 12 42
23 3 45 40
33 0 12 42
35 5 44 32
44 37 5 1
31 18 23 33
36 23 33 41
29 7 39 10
32 18 39 48
36 14 33 10
39 36 46 33
17 4 38 27
29 32 42 29
26 30 29 38
24 5 31 19
27 6 45 25
19 11 42 24
32 15 9 44
44 43 21 45
35 28 9 41
24 7 27 42
34 3 24 44
35 7 11 39
10 3 17 43
34 4 21 35
8 5 48 12
34 14 47 40
29 6 14 42
32 32 38 42
33 5 32 37
25 13 40 33
33 17 9 43
20 48 33 37
31 13 33 31
33 1 14 18
33 6 43 36
29 1 35 49
8 3 48 40
26 2 7 44
26 42 35 38
26 29 10 46
44 47 45 28
30 11 5 41
43 36 20 41
43 37 7 7
27 3 29 36
44 7 45 41
26 33 46 35
2 0 26 42
27 16 35 41
37 44 18 21
29 0 28 40
34 14 39 36
33 20 35 45
35 23 1 0
46 41 11 43
28 5 48 31
30 7 26 37
33 3 42 42
28 6 46 34
30 10 26 16
0 0 41 38
32 1 10 43
45 32 44 42
35 6 34 45
27 4 32 44
47 13 36 46
43 27 23 42
16 39 22 46
38 20 17 21
45 43 49 46
4 33 10 43
32 1 27 38
38 5 12 42
35 34 30 45
28 0 47 40
25 44 24 33
43 47 25 35
27 7 37 30
28 5 28 39
17 44 47 37
44 47 0 31
42 48 18 30
36 36 24 36
30 1 47 41
34 40 34 29
39 41 23 36
30 6 27 10
42 3 27 10
35 8 30 32
34 24 21 23
31 5 8 19
30 26 41 11
29 13 14 10
45 1 12 42
32 4 10 39
33 4 42 39
44 9 42 28
27 5 39 18
26 34 13 42
36 33 45 29
31 36 14 35
16 0 7 41
41 1 35 18
30 42 35 0
27 11 8 44
38 27 33 34
34 27 45 47
11 9 3 40
21 14 8 31
27 15 38 14
34 1 40 30
32 3 17 26
33 38 10 38
32 42 13 35
30 29 10 40
17 49 25 49
31 6 44 49
23 13 44 46
33 19 36 31
9 0 25 33
8 16 31 42
33 24 3 8
46 45 28 37
31 45 46 30
29 8 7 20
36 14 49 42
17 33 41 23
28 9 8 39
29 1 8 41
40 47 10 44
32 29 10 37
37 5 48 40
37 3 2 5
46 22 19 43
36 22 36 43
8 18 28 23
11 46 21 34
28 11 28 45
5 9 14 44
6 39 47 19
35 1 22 12
7 16 45 37
38 8 31 36
7 47 38 37
39 20 34 24
29 2 44 23
29 12 22 30
41 36 8 38
30 5 40 44
32 7 25 26
37 15 27 43
20 20 6 26
35 27 39 30
29 5 31 22
25 16 26 32
7 19 32 46
29 35 11 42
48 31 39 22
37 36 19 41
30 25 33 16
