50 153 13126 800
27 5 36 20
44 2 27 16
42 22 14 23
14 16 39 40
15 11 27 9
27 18 12 15
21 13 6 29
25 14 6 24
43 10 49 41
17 24 47 33
48 7 23 40
29 44 17 11
46 34 13 12
23 45 4 31
12 26 16 10
46 12 48 35
32 48 16 21
42 36 14 28
36 30 2 8
25 34 49 45
44 1 47 37
37 13 35 22
31 42 9 31
29 47 17 27
47 19 18 15
40 21 5 25
21 27 5 34
25 26 40 40
25 19 43 39
29 19 8 32
26 33 30 39
41 14 8 40
32 23 21 26
35 18 17 25
27 16 18 33
11 39 10 16
33 34 35 0
34 9 19 21
22 17 29 6
20 12 25 7
38 36 12 22
45 9 13 3
45 48 45 26
35 22 24 21
22 31 23 23
24 35 14 31
45 24 12 6
23 26 14 14
4 11 3 26
14 18 13 4
40 15 16 21
21 42 49 43
40 40 26 6
49 19 41 45
41 11 35 17
13 15 3 30
14 4 0 24
43 22 8 18
23 21 44 37
49 25 36 20
40 12 6 40
49 10 20 34
46 14 6 27
45 38 18 43
44 5 17 20
15 31 6 17
20 34 33 27
43 35 6 29
43 4 13 10
34 33 3 29
46 26 9 8
38 26 38 35
45 30 11 26
44 9 11 15
42 29 45 33
6 29 26 8
14 3 14 16
3 23 9 4
23 47 34 19
41 19 25 37
31 13 11 22
26 18 11 43
19 25 30 25
14 29 47 39
45 15 16 44
36 13 20 42
38 27 16 12
46 28 6 9
49 6 20 2
43 12 37 11
19 17 48 20
27 22 12 12
40 25 23 9
49 2 37 41
35 1 19 31
42 17 16 39
28 48 32 0
20 46 13 12
26 25 10 28
48 5 4 26
24 42 21 16
41 37 43 43
26 26 37 27
29 20 9 15
16 47 10 24
41 31 47 35
22 47 28 25
48 5 25 3
44 6 43 36
32 23 6 40
19 40 5 25
29 18 43 30
23 18 41 42
21 43 9 14
23 20 13 13
48 32 13 16
25 15 10 17
41 26 16 14
26 11 44 35
22 32 26 15
26 43 6 29
32 9 36 34
26 47 11 31
29 30 11 22
21 46 0 16
26 45 11 25
46 4 47 45
8 25 23 27
29 15 19 15
32 16 22 33
24 21 44 36
32 14 4 32
42 3 23 21
17 43 28 29
41 38 48 23
33 15 11 24
45 21 49 32
24 18 0 32
34 27 37 47
29 25 15 29
33 16 20 12
32 21 10 32
35 31 14 28
33 45 47 29
22 37 6 21
22 22 8 26
27 19 19 24
49 9 7 20
16 47 39 28
27 24 41 1
24 35 18 4
15 15 12 27
45 1 23 2
