50 804 15181 800
44 23 2 42
15 12 47 12
28 45 11 16
19 26 16 20
23 46 4 20
9 11 17 27
19 28 24 25
13 8 25 25
37 16 47 47
12 24 11 17
47 36 13 34
19 40 3 40
19 29 4 42
38 6 46 28
39 7 0 30
9 20 48 26
19 18 27 12
2 18 27 23
18 20 13 26
29 21 28 40
48 14 1 15
12 16 11 23
30 39 25 23
35 41 8 41
37 12 9 32
34 30 18 43
48 27 17 24
38 13 32 16
12 25 31 25
41 35 17 34
21 22 27 29
4 25 4 44
10 21 10 40
46 16 14 20
9 49 11 14
18 0 32 39
19 41 14 20
27 24 4 39
42 20 8 38
20 14 13 19
14 26 6 25
18 14 15 6
27 16 3 42
17 27 25 21
27 26 20 23
13 14 4 35
18 37 18 21
14 33 6 40
13 9 30 39
22 16 19 27
46 39 25 20
32 41 16 38
23 36 37 44
32 11 3 41
47 14 19 29
18 27 10 20
28 16 21 21
47 49 19 29
18 20 25 22
17 27 11 38
38 27 8 35
22 28 32 28
20 21 49 36
15 32 4 19
32 12 24 10
10 22 12 18
12 30 22 20
44 36 45 43
16 10 8 37
27 14 8 48
27 11 6 44
41 21 49 7
20 19 22 29
21 48 34 34
39 17 48 36
18 28 11 39
47 0 49 20
38 4 13 25
48 22 30 30
49 36 24 25
45 2 24 19
44 23 22 28
31 26 11 20
40 47 20 18
42 16 6 45
34 49 7 37
14 16 8 44
18 20 45 23
21 26 28 20
18 8 42 19
41 8 10 30
44 27 17 18
39 18 23 27
15 47 47 31
25 15 6 40
32 4 12 35
35 9 8 34
18 25 30 43
21 25 48 29
12 24 21 24
1 23 10 34
23 25 47 17
14 8 12 19
23 18 34 21
27 44 39 33
18 17 2 33
6 19 18 40
3 24 22 19
27 20 6 40
37 16 3 22
11 19 32 21
6 29 22 26
19 29 13 22
25 8 42 35
42 11 22 46
33 9 24 23
19 29 31 23
25 31 28 34
40 47 32 26
0 12 7 34
43 4 33 12
22 27 1 42
16 30 41 39
28 30 13 39
35 0 14 48
22 31 4 48
38 47 7 39
16 9 40 29
30 43 0 42
23 35 16 31
6 14 11 22
15 0 5 41
30 3 7 32
41 6 19 24
7 29 29 14
39 2 13 16
10 18 2 33
40 29 6 37
38 11 6 39
45 15 6 37
43 22 9 34
41 0 15 34
14 5 8 36
30 25 9 39
33 28 1 40
5 29 17 26
13 29 9 18
34 24 16 43
41 13 6 44
19 34 25 22
33 47 13 33
34 21 4 38
41 10 17 31
48 4 16 43
14 40 14 24
14 49 11 27
16 47 3 35
18 41 38 26
15 12 14 33
48 41 14 31
35 35 7 13
24 28 20 38
15 20 10 43
33 6 5 46
40 29 13 18
34 23 4 40
17 20 0 33
17 26 5 39
19 31 25 40
7 19 27 39
11 25 28 39
22 25 4 40
40 25 46 26
47 2 40 4
2 2 25 19
31 10 19 34
44 24 3 42
9 31 4 44
29 40 25 26
9 41 47 23
14 6 26 18
29 27 38 32
43 28 12 21
39 5 25 24
14 24 10 15
22 16 6 39
21 18 11 15
48 13 16 24
2 25 10 35
15 3 21 19
32 44 7 32
40 33 5 33
20 30 8 35
0 20 22 29
6 36 30 6
20 26 15 12
19 27 13 20
7 21 39 37
38 38 6 43
30 14 31 28
45 33 2 39
26 49 10 36
19 14 23 20
22 22 8 35
9 13 3 8
30 16 6 47
0 20 17 18
16 31 6 38
28 48 33 36
29 20 11 39
29 42 17 40
49 6 25 17
18 49 23 29
48 6 19 21
47 32 22 29
35 37 2 38
16 32 25 21
36 48 26 35
41 29 12 30
25 30 23 21
27 28 7 32
10 41 18 33
43 18 32 30
10 28 4 38
15 11 19 24
6 22 25 22
33 37 18 33
18 26 8 37
7 6 9 35
30 0 10 35
34 30 41 29
41 6 20 6
35 33 34 15
46 3 15 36
19 30 7 34
35 37 38 47
22 22 41 26
13 9 10 36
37 26 49 37
48 43 4 43
36 24 4 41
10 47 23 37
36 16 42 14
18 18 19 29
34 2 20 30
10 9 4 7
48 30 31 31
29 11 24 11
39 18 11 36
12 7 18 22
14 3 26 32
17 24 28 45
40 20 37 30
15 23 27 49
38 17 5 36
47 32 8 36
21 13 38 25
30 9 10 43
43 20 16 40
24 17 9 34
14 15 0 43
18 18 46 33
38 13 19 27
35 8 26 21
11 12 34 48
20 24 8 36
21 28 0 41
38 35 18 31
45 26 20 36
39 13 6 43
49 31 18 33
17 18 39 48
11 14 20 25
39 40 17 33
41 13 29 37
47 20 12 31
7 19 24 20
21 39 22 22
20 26 25 25
46 28 21 24
34 23 4 36
8 10 9 18
34 44 24 26
23 12 18 13
41 26 18 36
19 25 38 23
31 19 10 35
32 44 13 40
41 14 4 37
11 11 14 47
8 20 25 40
38 9 4 33
45 5 25 22
18 26 10 43
40 11 44 16
20 46 24 24
42 2 4 39
29 31 20 22
25 18 35 44
10 23 3 43
1 29 12 39
28 0 34 28
42 36 5 31
45 15 18 28
39 10 7 37
25 20 4 15
15 15 37 40
45 42 8 36
3 21 15 46
42 11 15 23
32 17 39 48
19 39 15 41
2 22 34 39
42 42 4 47
10 8 8 19
13 8 5 43
22 47 10 26
26 18 19 46
29 21 19 22
32 18 14 28
21 16 18 30
41 6 14 42
9 5 22 24
19 31 13 30
8 38 3 43
20 41 5 43
9 24 27 18
46 12 18 29
6 7 19 48
0 25 20 45
32 11 43 31
25 29 32 26
45 21 16 27
13 28 10 42
37 38 17 21
16 22 25 23
34 18 11 34
22 18 26 24
38 29 9 23
19 15 12 36
24 29 10 35
45 40 21 31
22 25 5 45
14 12 6 28
35 30 16 36
41 46 6 42
47 38 1 38
42 29 30 22
41 9 26 30
43 18 27 40
31 1 28 40
36 11 18 18
15 12 23 22
39 6 25 4
30 3 11 19
5 36 11 38
43 47 16 33
17 29 31 38
12 5 27 21
31 29 10 43
12 30 26 37
41 46 23 21
33 31 8 35
26 32 7 47
17 22 6 40
49 28 19 37
37 8 20 45
18 24 49 19
8 26 12 20
10 32 38 44
7 20 10 25
12 6 3 45
46 45 14 29
21 32 7 44
43 28 19 25
35 11 5 22
39 18 4 46
31 32 42 49
5 12 6 37
13 18 2 42
42 3 42 16
16 30 9 37
38 2 1 42
22 25 15 18
26 37 39 40
27 10 9 40
38 48 8 19
15 31 10 26
47 23 16 23
17 13 10 39
25 40 21 35
27 38 47 30
11 27 3 39
27 48 22 21
28 47 7 43
25 35 9 37
40 28 3 31
10 40 10 19
47 5 13 45
42 20 9 38
14 9 28 21
21 48 9 46
45 31 46 17
30 19 31 44
38 46 26 12
22 25 7 22
35 2 24 32
32 14 12 16
11 21 38 40
40 8 19 19
18 20 7 32
29 27 2 44
18 20 28 49
23 32 34 29
35 26 14 33
47 12 7 37
48 34 23 36
42 12 6 45
3 9 12 11
10 9 25 30
9 45 1 35
15 27 9 37
25 13 4 41
21 39 19 22
40 38 3 46
43 13 30 28
37 47 45 42
44 11 10 37
21 11 8 45
20 18 0 47
17 23 11 35
1 17 49 32
11 9 6 38
7 13 39 38
13 13 3 42
27 3 7 39
13 22 25 32
42 10 2 41
21 27 7 32
48 14 36 29
22 39 33 42
43 6 13 18
16 16 7 46
47 27 18 34
33 25 28 33
34 33 23 23
31 27 10 45
44 20 6 37
22 14 7 32
24 15 13 22
7 11 4 43
24 22 43 24
13 13 35 27
48 18 30 40
14 19 39 42
40 38 3 37
45 14 30 44
46 7 23 31
10 6 27 25
20 17 4 43
44 5 41 32
16 37 8 19
49 22 24 28
19 26 18 20
23 47 8 46
7 6 16 49
18 31 18 41
17 5 33 34
46 44 26 24
43 34 20 33
31 19 21 21
13 15 38 5
20 40 10 35
45 0 21 21
31 26 9 48
11 8 10 34
20 7 22 19
30 40 20 31
27 26 39 20
22 11 13 22
13 11 21 48
8 4 24 43
28 36 3 38
29 16 29 8
45 29 11 33
24 23 21 27
17 30 40 24
46 14 27 26
40 12 7 17
25 12 41 38
4 13 26 36
41 2 27 18
24 36 4 40
16 5 26 20
40 23 43 16
18 14 2 38
47 45 7 49
9 9 13 20
40 13 47 27
13 16 9 34
34 14 43 49
20 26 47 24
41 39 3 36
36 48 28 47
42 45 24 22
36 23 13 49
9 8 9 38
14 18 20 39
27 47 41 33
27 30 13 19
37 23 38 32
21 24 16 21
4 26 3 41
29 9 2 36
18 13 16 22
16 30 1 40
19 46 21 22
30 3 26 16
35 16 11 47
36 23 25 33
39 39 10 20
38 32 18 15
8 26 26 24
48 32 20 19
20 34 0 36
43 10 22 46
44 24 27 27
12 11 30 34
8 44 41 29
44 17 32 1
18 24 42 22
8 7 9 39
47 34 13 31
48 6 5 34
26 39 9 36
36 39 15 29
23 17 35 36
39 9 31 37
43 40 19 18
35 19 10 31
24 25 32 41
11 38 6 42
45 19 20 25
11 6 44 34
22 48 47 5
30 17 10 11
1 20 4 35
34 23 7 20
46 48 17 37
16 48 0 44
24 43 8 28
36 19 21 25
22 30 7 36
31 14 8 43
11 32 44 35
46 2 12 33
20 30 15 16
31 9 24 25
33 38 23 38
16 9 23 26
33 18 18 25
8 17 17 27
17 27 30 37
23 19 2 25
45 41 27 27
8 8 47 43
19 17 48 14
20 28 17 25
34 48 21 31
20 29 13 16
13 7 24 19
44 23 5 37
36 42 16 37
43 25 11 22
38 4 23 4
24 40 18 25
16 30 26 21
16 8 25 49
34 17 8 36
29 15 6 32
30 7 5 47
27 39 43 11
43 12 10 19
41 20 23 30
19 19 13 41
28 25 4 46
48 20 27 19
19 22 15 13
45 48 39 11
16 22 12 17
32 39 45 47
16 27 46 40
30 21 13 36
15 28 48 37
13 16 41 37
46 12 10 33
26 35 21 36
21 16 20 39
12 27 22 18
22 8 6 37
33 24 13 35
34 4 12 43
36 14 4 30
18 3 8 32
23 28 2 44
23 15 9 44
33 49 34 39
15 26 4 36
16 7 11 44
19 15 22 17
19 33 19 16
27 5 11 18
15 6 9 35
20 31 11 20
28 45 23 43
11 17 24 26
6 11 36 33
27 22 23 37
30 34 4 45
39 3 21 25
20 14 24 39
36 30 17 19
40 21 6 39
43 6 46 11
40 18 16 40
17 24 11 36
43 17 8 44
33 23 21 24
48 8 24 21
49 30 46 48
38 33 13 36
29 1 44 40
11 19 14 14
22 20 13 30
47 20 42 37
17 26 17 33
13 9 2 35
19 2 12 33
32 40 11 35
7 18 20 24
49 16 20 19
32 32 38 30
17 15 23 19
36 44 12 36
25 28 27 24
39 0 18 18
15 18 10 34
35 20 4 36
15 36 3 36
31 23 14 37
22 10 20 25
35 20 14 43
36 12 3 34
15 14 25 26
49 5 3 37
14 22 8 44
0 6 27 24
41 12 35 32
10 19 33 37
38 12 6 23
35 17 11 16
5 36 1 40
28 29 19 17
6 22 1 37
20 26 5 35
34 27 20 22
7 24 19 20
20 28 42 9
36 34 4 41
34 21 12 11
24 4 24 39
36 19 5 32
20 5 10 20
17 20 23 24
33 49 10 43
33 19 6 41
24 45 27 35
43 30 14 28
3 14 13 30
41 1 5 39
38 1 27 17
30 30 3 44
30 37 7 19
38 49 11 20
28 24 35 37
16 25 16 41
2 8 7 39
25 27 11 19
27 36 14 20
23 21 7 46
30 25 11 29
33 16 10 38
27 48 19 24
27 13 25 41
30 27 34 44
38 28 23 27
6 29 21 24
36 17 3 41
39 44 7 13
48 18 18 20
49 16 32 23
21 31 6 39
18 27 6 36
16 15 14 29
25 17 25 26
18 15 28 29
19 13 20 18
25 22 22 28
31 12 21 32
23 25 37 30
48 0 12 12
49 7 35 28
30 23 7 33
31 45 10 34
46 45 18 28
41 30 4 45
39 41 9 11
19 30 11 23
36 45 6 34
34 29 2 37
24 14 5 36
45 18 4 35
30 36 16 22
38 12 9 28
45 6 16 6
47 12 21 21
20 16 10 31
3 20 7 23
25 35 2 35
28 23 29 40
17 20 7 40
22 16 24 28
38 27 3 41
19 0 8 31
11 16 8 43
42 19 4 36
29 2 14 22
25 2 4 43
18 9 25 49
21 18 29 49
26 9 24 25
13 16 20 31
31 5 4 40
13 30 19 31
14 7 19 11
35 45 20 25
22 23 32 42
12 11 20 25
16 3 8 45
44 46 24 16
22 26 1 45
9 12 27 24
23 23 22 36
0 9 10 36
14 35 42 47
41 46 4 42
23 11 31 11
12 5 23 20
46 28 5 21
24 5 5 45
28 42 5 36
44 5 13 32
32 7 27 22
19 27 4 37
28 6 32 28
15 7 8 35
4 12 27 25
14 32 6 48
9 17 6 41
14 27 18 17
33 44 1 39
17 43 46 37
17 25 47 44
42 8 0 1
14 4 43 11
8 23 35 47
41 13 7 35
18 25 11 19
16 19 16 24
12 31 7 46
49 18 8 29
35 40 27 38
33 18 18 34
49 1 14 34
46 40 33 33
4 22 10 26
25 35 23 17
37 40 10 21
13 12 17 35
31 7 22 18
21 30 0 41
6 21 9 34
18 26 7 39
8 29 5 42
18 30 41 45
30 47 41 35
28 31 18 42
22 16 10 40
20 15 23 21
5 4 11 35
24 15 14 17
25 47 6 38
44 35 11 32
36 33 1 40
