50 92 18751 800
37 16 21 23
37 10 41 16
34 11 22 9
25 14 46 48
42 14 8 18
26 20 18 48
41 15 18 8
29 12 33 46
18 29 24 7
8 36 40 46
29 34 27 30
37 16 37 36
29 42 17 11
17 8 42 40
38 19 43 43
36 1 12 15
42 14 12 19
2 43 32 11
10 16 42 46
28 41 26 16
15 21 48 33
47 9 42 47
23 33 4 10
38 16 4 19
33 16 39 47
27 33 11 24
11 4 16 3
31 39 14 8
26 48 46 49
44 28 37 49
39 17 22 19
24 8 42 49
26 10 47 46
32 37 14 14
32 16 46 45
3 24 27 29
20 42 0 46
38 22 24 14
22 3 29 42
20 48 23 10
1 43 48 47
14 33 10 8
7 48 41 38
45 9 41 47
25 28 20 6
9 7 19 16
41 49 43 46
7 44 18 16
43 19 36 15
31 15 17 23
10 28 16 14
3 49 7 12
4 47 20 44
25 5 21 15
7 31 8 14
5 46 35 11
6 39 7 2
38 15 28 16
26 25 32 38
29 33 21 34
18 29 13 10
8 34 45 38
24 46 45 41
33 49 38 10
29 30 41 25
5 39 31 29
13 38 49 48
20 21 21 10
26 43 17 4
6 36 47 43
42 21 46 45
16 30 43 47
35 24 13 2
18 40 14 3
35 14 46 49
25 32 14 8
33 7 48 42
9 49 31 44
37 24 28 18
5 32 41 43
6 37 46 44
4 28 14 4
7 47 43 47
40 15 13 6
19 38 33 47
33 49 20 20
15 26 22 17
36 4 11 6
24 4 29 33
5 42 49 48
10 34 14 3
26 42 25 27
