50 101 13373 800
17 48 39 14
18 12 39 26
22 34 21 20
20 36 22 15
13 24 32 22
15 27 29 36
20 34 28 38
20 32 31 37
21 37 25 3
21 41 44 19
27 19 11 30
17 41 20 12
26 31 31 12
17 34 17 11
16 38 29 11
19 38 37 31
1 34 13 40
16 37 47 39
21 41 41 11
19 10 23 18
2 18 7 27
26 15 8 37
5 27 38 43
24 38 37 13
5 14 27 8
28 38 17 27
20 45 24 27
33 28 7 23
4 23 15 13
25 12 42 21
19 38 29 17
35 19 17 27
10 32 38 22
13 34 13 27
24 37 25 31
23 34 16 20
21 37 41 18
8 7 19 18
2 28 30 5
15 35 11 37
17 24 24 12
30 45 39 31
23 33 33 19
25 46 32 15
22 36 48 21
32 16 35 12
28 38 17 19
20 35 37 26
11 34 32 39
21 25 29 18
9 15 40 15
25 8 1 26
18 46 12 29
29 27 25 30
23 15 36 39
28 29 29 20
11 39 25 37
16 43 25 15
19 27 35 30
21 43 28 11
26 38 30 37
17 24 17 33
21 48 47 15
18 32 10 29
24 36 7 24
24 33 34 30
8 21 28 8
4 31 41 19
26 39 33 5
14 41 22 12
7 35 31 20
5 37 10 32
23 29 33 14
18 38 0 28
14 46 26 18
23 39 7 32
25 42 26 31
16 38 27 27
12 29 35 27
14 45 32 35
4 9 39 21
27 48 8 16
20 36 36 30
5 18 21 13
7 35 39 26
27 21 13 39
26 25 25 33
6 21 30 1
30 35 14 28
24 41 14 17
20 33 6 40
10 20 31 23
9 29 4 23
8 11 20 11
16 30 45 19
23 47 29 1
16 37 26 19
17 21 7 27
29 18 17 21
4 20 34 19
19 38 35 15
