50 1471 17366 800
2 49 7 45
42 30 16 39
36 30 7 42
7 37 28 48
23 36 21 43
36 14 21 44
38 31 30 13
29 9 6 43
36 25 15 47
31 16 42 7
42 47 37 27
10 41 3 6
21 29 36 34
41 36 33 44
39 31 15 23
5 31 46 11
8 30 17 16
38 18 35 1
0 41 46 18
3 30 13 29
9 20 40 15
46 27 38 4
38 48 0 44
39 19 15 30
3 31 24 7
41 34 19 16
40 15 16 48
19 5 31 42
41 29 38 6
46 8 37 10
11 26 31 16
8 39 44 40
49 30 35 38
21 18 13 36
42 15 18 4
39 21 22 7
40 29 35 38
28 17 36 18
16 37 34 42
44 33 42 25
28 14 45 22
0 28 29 9
17 34 26 16
3 40 42 15
43 29 47 23
47 18 45 11
29 7 18 22
6 41 40 24
47 46 29 10
35 25 32 8
14 8 16 40
34 20 45 3
13 0 34 21
43 22 33 47
45 37 27 42
27 11 44 3
21 19 3 25
32 33 49 13
37 19 3 42
4 32 43 27
5 34 4 43
24 21 42 10
13 39 40 2
42 25 36 44
34 2 3 49
3 35 45 28
13 16 8 7
43 24 44 0
6 26 42 42
6 16 35 12
47 38 16 41
38 32 26 13
28 43 44 3
27 22 29 12
13 35 31 1
40 34 11 10
14 28 33 8
37 19 33 17
39 16 34 10
29 6 27 10
28 26 42 40
16 10 33 31
27 20 29 12
36 32 41 19
16 42 40 39
38 12 16 27
8 41 32 32
12 20 22 41
45 25 19 29
18 18 32 42
39 30 28 15
38 20 5 30
11 33 41 6
36 27 34 2
35 6 46 30
21 16 33 13
21 1 39 11
44 23 27 37
47 49 48 6
14 29 31 10
35 16 29 16
39 23 5 17
40 26 42 15
42 22 5 23
27 7 38 23
48 28 42 44
5 26 37 13
20 14 35 49
38 8 36 35
27 29 41 34
21 0 49 44
18 23 27 19
32 45 40 44
16 31 44 1
18 24 22 40
47 27 46 34
21 42 46 3
40 33 17 30
19 18 40 41
38 11 43 35
40 35 49 27
8 43 34 18
24 21 6 47
11 33 27 14
40 28 15 38
2 28 12 4
3 30 39 46
14 49 27 31
45 2 35 4
44 28 43 7
27 13 36 7
8 33 30 35
49 27 23 32
13 15 9 24
31 17 34 12
20 23 32 7
11 31 40 39
46 49 43 40
34 3 35 13
30 1 27 40
16 12 3 38
24 10 32 10
10 49 23 27
33 15 8 16
45 37 5 49
16 42 26 0
16 7 4 42
18 17 42 5
37 14 41 11
43 27 8 39
27 13 19 29
17 22 37 4
46 26 3 18
11 43 2 41
25 31 1 46
17 18 37 43
41 38 40 14
38 15 18 21
32 1 27 25
3 42 8 28
8 31 17 1
12 6 46 8
36 3 8 45
44 2 48 1
48 30 37 27
43 35 35 29
7 32 33 7
24 23 31 43
35 23 31 4
42 5 37 21
26 47 35 44
35 21 26 16
7 45 31 19
7 38 27 24
42 21 24 37
14 39 43 40
43 23 21 24
4 13 45 40
42 38 39 40
32 47 48 44
10 14 33 35
48 5 34 37
17 15 16 37
28 2 34 5
22 39 31 13
35 15 26 49
9 35 43 1
43 42 16 19
48 28 5 38
20 10 42 32
36 23 35 43
38 20 27 1
42 47 47 11
11 17 37 42
8 32 16 41
25 40 9 32
36 20 18 42
29 1 31 32
18 21 44 40
9 39 31 39
21 20 40 23
0 40 12 16
23 17 20 40
23 22 9 33
19 6 13 18
40 20 36 47
3 24 22 32
34 5 18 35
48 22 20 19
47 29 41 13
27 26 41 39
19 15 28 41
3 37 47 32
44 20 34 4
3 29 30 9
19 27 43 31
10 13 4 49
8 29 48 32
11 26 35 11
28 34 38 49
38 22 31 16
17 35 39 26
26 4 0 19
4 11 19 17
8 26 19 18
0 35 42 15
22 25 22 48
23 13 45 21
5 46 41 5
24 14 27 16
44 9 34 0
35 19 14 35
27 20 19 23
7 44 43 48
37 30 42 9
17 21 30 42
38 5 35 7
38 23 29 39
24 18 49 17
13 25 31 15
39 23 49 3
29 2 43 43
43 22 47 31
43 29 4 45
4 33 41 24
25 24 30 26
42 48 21 24
26 1 49 45
15 13 32 1
20 16 31 16
35 16 30 16
38 12 34 10
11 6 30 38
48 30 34 38
9 41 40 24
20 12 23 15
47 20 29 22
18 24 3 43
17 15 47 29
5 38 37 14
11 22 49 27
2 14 14 13
18 28 34 39
41 30 10 31
40 27 31 8
18 9 25 18
22 30 5 48
13 2 33 17
36 18 12 38
22 25 49 30
20 2 30 29
28 20 7 7
9 33 43 32
24 32 35 19
33 24 29 28
13 32 43 23
24 27 28 11
40 34 18 48
13 49 2 30
29 21 36 19
47 36 46 1
45 29 32 7
29 30 32 12
27 46 34 6
17 47 33 41
43 19 31 17
35 29 43 9
9 24 34 9
24 22 39 18
3 36 30 20
1 38 32 12
4 28 31 45
43 20 14 31
5 38 38 25
14 22 30 8
37 15 31 12
13 14 16 17
42 26 43 9
40 25 35 12
46 29 42 10
8 41 14 47
32 37 6 43
30 23 1 7
44 31 6 10
45 47 38 16
45 24 18 20
15 49 19 36
22 15 30 5
38 20 49 6
23 49 31 17
28 0 4 32
21 29 41 39
39 20 45 3
22 16 20 48
17 30 25 7
29 32 37 33
24 14 27 22
35 43 43 47
15 24 38 41
3 33 43 36
22 20 32 0
34 1 38 44
22 10 22 36
35 18 11 25
36 35 20 36
10 46 32 12
42 26 11 20
38 30 46 5
16 49 38 28
24 29 31 2
39 19 43 4
37 23 28 16
44 27 7 18
40 3 34 46
43 43 42 26
6 29 6 39
6 20 40 13
9 17 42 48
44 35 29 48
18 30 28 23
35 33 45 45
39 23 42 3
36 20 48 15
47 28 42 10
30 8 27 33
10 33 44 24
36 13 26 40
37 19 8 32
17 6 39 11
20 5 33 6
35 15 23 40
22 15 23 28
27 6 33 3
47 45 29 15
5 38 30 8
23 48 18 42
10 30 38 19
24 34 46 6
12 7 34 37
14 46 43 37
9 13 40 41
12 21 48 32
7 20 47 18
21 22 24 42
11 27 4 43
7 38 28 48
15 34 40 11
37 21 15 14
39 22 37 1
26 8 40 1
47 31 2 34
31 42 33 33
47 25 9 44
24 23 2 47
19 20 42 39
38 0 5 44
47 24 2 38
23 7 5 44
43 26 43 7
21 26 38 14
25 37 46 15
20 23 36 8
39 43 46 43
37 25 17 19
44 29 40 42
3 39 16 22
47 38 24 34
24 14 44 10
17 45 22 43
45 20 31 18
14 43 32 11
45 26 42 43
48 34 39 31
48 21 23 41
9 10 8 46
16 45 36 27
35 36 37 41
49 28 22 48
1 42 36 14
49 27 0 27
18 3 29 1
46 34 35 29
49 33 5 33
5 28 31 27
4 35 29 44
15 21 42 1
26 5 49 26
23 27 38 11
11 39 9 47
34 23 45 49
36 18 44 18
42 35 20 28
41 10 30 19
22 10 32 20
23 3 45 42
31 28 31 13
0 21 24 47
5 38 21 25
39 32 44 0
43 27 30 28
37 14 23 42
26 19 36 48
0 37 42 41
47 14 44 6
24 16 44 13
7 33 40 14
33 17 41 33
41 21 31 42
48 30 8 40
18 4 37 12
12 37 29 13
29 14 29 40
32 7 41 6
33 20 33 15
3 34 13 18
29 36 16 13
36 6 26 24
27 29 43 0
43 31 16 39
36 2 22 47
6 28 43 2
13 37 14 30
40 31 11 30
4 36 23 12
41 29 35 38
31 1 19 46
43 29 36 6
13 15 39 4
20 9 49 38
42 33 43 10
11 47 10 28
42 25 31 17
44 30 44 46
30 14 34 24
13 19 33 20
43 27 46 43
7 30 32 24
2 16 45 4
28 25 27 41
7 37 23 21
27 30 38 15
41 24 13 31
30 3 29 9
22 11 32 2
40 5 5 2
19 22 44 44
14 11 29 8
44 31 29 2
39 36 30 10
8 27 45 9
35 20 31 43
25 37 25 30
33 3 39 10
39 21 48 35
37 16 44 37
44 22 47 28
9 43 39 11
4 31 28 11
31 2 3 37
17 28 7 44
33 30 26 14
29 11 24 44
34 41 8 33
18 37 9 10
20 18 19 44
1 36 46 23
15 35 41 32
31 39 11 39
41 35 46 41
34 19 32 33
10 19 29 14
49 39 30 32
18 44 34 13
25 19 31 34
44 28 5 40
40 29 31 16
20 49 6 48
30 22 10 42
46 26 24 46
37 14 31 9
21 34 15 41
35 20 0 22
23 20 9 40
10 33 42 38
16 33 27 42
12 46 40 12
30 24 42 7
24 10 31 19
22 42 28 14
33 26 22 19
5 33 46 13
29 4 35 2
6 29 19 47
41 26 28 32
24 39 41 34
37 23 35 41
39 37 48 0
5 11 31 14
11 45 39 9
8 19 5 43
11 37 40 5
30 28 25 7
42 30 47 47
9 37 5 31
2 35 22 45
34 19 23 44
22 10 48 24
40 27 35 44
35 41 37 10
49 18 29 25
17 14 8 46
34 19 16 26
42 29 30 49
42 44 32 12
42 24 35 37
28 18 26 13
12 16 32 10
47 27 15 48
40 34 37 39
17 5 45 10
21 49 31 34
13 35 49 29
20 19 31 35
22 8 6 41
21 13 44 35
16 18 27 11
10 35 48 23
43 21 14 39
22 4 41 13
44 21 44 33
1 14 9 45
40 28 39 15
22 3 43 4
0 28 32 6
39 29 16 8
38 25 8 23
11 15 33 15
13 45 11 35
33 20 9 39
0 37 35 33
16 30 22 28
43 27 30 31
39 25 25 16
6 32 38 29
40 21 32 34
32 34 46 33
30 9 49 10
16 25 40 46
5 34 8 40
40 10 37 24
36 18 25 13
39 25 48 15
26 46 6 43
48 29 8 37
19 24 27 29
43 1 31 11
14 17 42 24
9 37 48 9
28 4 45 28
20 25 32 41
40 25 25 14
13 48 24 37
42 33 45 31
11 36 36 14
24 11 41 11
48 7 40 15
38 3 2 25
42 33 32 34
45 41 42 39
32 22 2 42
42 28 44 3
49 28 45 14
19 5 26 27
18 9 37 40
21 8 44 30
11 28 35 18
39 24 31 35
40 29 38 10
45 34 45 49
13 29 38 30
19 23 42 8
39 24 49 28
44 34 40 16
35 27 40 36
48 24 28 32
37 19 49 11
40 18 32 4
14 43 41 45
13 36 31 11
31 21 41 24
42 29 27 33
26 44 48 43
20 5 34 22
35 18 46 10
12 8 21 45
36 25 40 32
33 29 15 45
5 35 10 22
36 10 37 35
20 32 2 42
12 15 41 46
38 19 41 25
9 25 45 28
31 2 11 38
46 24 42 42
25 40 46 48
8 36 36 5
0 8 19 41
26 1 12 12
17 13 39 24
13 19 32 27
24 38 36 40
7 32 38 46
43 1 45 44
11 42 6 32
44 17 49 8
33 2 26 19
41 23 43 2
16 35 47 8
17 6 45 4
40 18 34 39
20 25 36 33
23 12 38 7
11 32 43 7
4 38 45 21
25 23 29 38
7 38 42 49
39 29 30 14
30 31 41 7
7 31 36 41
38 17 46 41
37 25 13 1
35 5 20 33
48 22 45 40
38 19 20 37
18 37 28 28
7 31 46 16
17 43 47 7
0 33 47 49
5 38 25 34
36 18 32 6
39 23 30 7
29 2 19 39
19 25 31 27
36 20 45 12
47 10 4 27
42 25 15 1
35 16 46 30
16 28 24 35
15 29 46 7
10 34 32 40
28 11 25 17
12 21 36 13
46 29 44 34
40 20 32 10
21 27 43 37
44 34 9 41
29 21 37 0
8 20 48 19
43 27 40 6
17 13 34 7
3 32 38 17
43 27 24 10
7 42 42 17
12 32 34 8
35 20 32 15
27 17 33 15
10 44 44 42
22 45 35 9
45 32 49 0
45 28 32 11
37 20 47 0
29 24 45 43
32 21 34 47
27 3 42 20
8 13 28 13
15 7 39 43
37 17 27 5
23 29 39 27
22 22 43 14
42 17 18 44
49 31 29 0
38 3 8 49
48 23 41 9
27 2 26 7
31 28 40 29
48 29 12 20
40 31 20 32
39 37 48 49
9 26 0 31
20 8 41 17
20 23 25 13
6 29 40 11
4 5 20 25
0 35 22 22
31 30 38 10
2 29 24 25
43 30 35 23
23 34 4 48
24 30 19 28
21 19 10 20
45 21 11 9
14 24 11 48
47 8 39 12
48 25 4 39
12 33 36 12
33 19 8 48
38 30 35 5
33 22 36 9
37 26 8 42
21 20 28 15
36 17 43 41
36 22 43 40
29 21 34 47
8 26 29 21
28 28 28 33
31 16 0 48
47 35 36 17
31 1 39 7
39 32 9 34
42 16 43 10
19 6 36 10
39 33 42 24
31 46 8 40
17 34 45 43
40 26 2 20
39 27 24 2
47 28 24 49
35 29 49 15
15 28 24 22
42 28 43 35
19 28 21 41
43 26 33 21
32 6 29 30
45 25 45 32
17 32 44 46
14 18 41 26
17 33 31 14
45 35 46 39
49 10 8 48
16 12 34 11
2 36 15 48
32 16 41 15
5 27 29 42
32 47 37 33
24 14 35 0
18 15 41 42
19 42 34 12
11 39 38 31
30 4 27 16
8 29 23 31
34 21 36 48
32 10 43 3
21 26 35 45
13 7 4 5
8 26 45 5
17 23 15 39
30 20 39 49
42 25 13 45
5 37 29 11
45 27 43 0
7 40 30 20
9 16 41 45
39 1 47 11
7 15 34 17
42 25 8 35
35 16 49 28
22 48 32 10
4 39 24 22
34 44 31 12
33 18 33 32
44 20 34 15
26 32 17 8
25 26 49 32
45 28 34 6
44 25 40 12
34 20 26 10
30 28 40 8
26 22 18 44
30 3 33 16
36 19 40 7
43 33 40 23
4 26 40 4
40 21 4 45
26 8 46 38
45 25 42 36
34 23 22 8
1 35 6 46
37 17 15 16
44 25 32 33
34 9 19 43
36 4 31 2
0 37 24 24
47 23 40 3
39 24 12 26
12 9 15 25
33 23 45 34
7 26 48 2
41 33 43 29
31 38 42 6
24 33 42 16
30 27 31 19
13 4 42 9
31 18 19 20
25 20 33 13
7 34 7 41
21 37 11 6
36 19 30 34
44 30 37 24
2 30 33 37
44 40 19 13
7 18 7 34
41 20 27 10
40 2 34 14
29 0 37 9
35 48 20 12
32 25 32 20
8 34 48 0
32 27 4 44
38 20 34 14
36 4 37 35
35 6 38 44
10 13 45 38
5 46 10 46
7 21 10 40
26 11 42 8
8 2 39 37
25 38 35 48
29 11 32 13
15 2 36 32
28 36 37 38
15 17 30 6
5 47 37 31
23 14 27 1
32 8 39 41
42 33 4 32
23 4 3 38
45 33 34 27
40 8 32 32
13 45 49 30
31 10 7 44
22 23 30 31
24 7 14 49
21 5 37 39
24 42 44 18
9 15 1 35
28 4 33 11
29 15 19 28
31 4 39 43
37 8 40 26
29 36 30 43
6 37 33 6
4 38 11 33
18 12 35 7
19 26 5 36
16 43 21 44
40 31 36 9
27 41 12 10
37 32 11 45
28 22 32 11
13 28 42 32
14 13 27 15
5 35 34 11
46 30 41 12
34 20 45 39
21 5 23 11
25 21 40 4
22 36 30 33
37 7 34 13
34 13 30 14
26 1 5 17
9 17 30 21
13 45 42 3
48 27 29 15
17 17 36 37
15 13 40 41
19 25 2 41
16 23 32 10
44 3 36 40
47 29 35 45
35 19 22 42
19 13 47 38
1 35 34 38
19 29 21 22
6 33 30 29
12 37 33 5
25 0 22 4
19 4 41 0
37 20 28 12
40 15 36 11
26 22 23 36
14 29 2 14
23 19 33 10
14 18 36 40
43 11 33 13
21 32 47 41
8 38 31 35
35 21 40 48
27 13 30 41
41 31 49 4
5 43 20 16
49 12 33 12
27 20 37 11
36 21 45 45
33 5 38 29
47 29 38 16
35 35 32 20
12 30 20 48
37 23 48 17
46 32 35 12
17 7 2 47
1 11 32 39
20 46 30 39
38 36 44 13
8 34 4 23
44 29 8 47
48 29 21 16
35 35 32 40
36 21 33 3
30 16 7 33
19 12 3 33
47 20 32 12
3 34 19 29
24 23 41 3
35 29 7 40
39 29 16 37
20 22 29 47
44 29 45 13
26 21 33 45
34 36 39 11
4 24 6 36
2 30 23 13
47 24 34 14
34 14 45 20
24 15 30 7
43 7 5 18
15 15 47 36
46 26 19 45
24 1 23 45
34 8 33 39
28 12 35 16
17 35 26 45
20 24 44 10
18 25 27 49
6 37 31 16
5 14 32 13
9 35 42 34
9 23 22 17
15 25 34 40
41 22 23 45
18 14 39 20
9 26 48 34
30 40 7 36
27 24 14 43
6 25 8 30
11 37 18 29
37 19 45 24
29 43 42 8
25 12 19 32
16 20 48 21
42 32 34 11
13 9 42 45
7 33 45 1
40 27 44 34
36 4 25 42
24 26 25 46
46 35 45 18
6 20 8 27
42 2 27 45
21 20 39 35
24 33 28 15
5 23 40 7
20 32 8 44
20 45 1 6
36 23 38 42
6 38 48 16
41 27 20 40
35 16 48 10
15 30 40 36
13 20 31 8
13 37 32 10
27 33 44 32
24 5 15 15
34 7 42 8
8 35 37 41
46 29 40 1
25 13 34 17
40 28 20 22
17 24 8 37
19 27 34 12
48 32 4 34
41 26 48 0
39 29 41 22
36 34 20 29
36 28 29 22
12 47 35 15
3 46 19 6
9 34 28 33
37 24 19 34
33 21 21 16
23 0 46 26
8 10 13 34
46 11 35 19
38 1 3 42
5 34 36 12
8 28 24 19
46 28 31 17
7 2 28 42
42 15 45 7
41 23 49 48
36 24 48 35
31 21 25 13
30 1 48 29
24 2 3 46
22 23 39 43
12 38 29 31
8 43 39 19
21 31 34 10
36 17 26 37
33 21 47 3
12 17 31 42
23 0 34 44
18 15 34 18
2 46 35 28
18 15 25 36
34 28 14 44
21 19 37 0
17 0 25 36
46 7 4 40
22 9 29 22
4 34 41 11
7 28 15 1
11 6 40 14
20 16 32 10
16 37 2 46
11 7 22 34
2 35 39 40
8 23 27 11
14 35 26 10
49 23 24 47
10 43 10 10
25 23 34 16
20 7 31 2
4 36 25 19
43 36 2 33
21 30 39 9
47 30 30 13
37 17 38 43
5 28 36 20
43 6 45 9
33 27 0 43
23 19 48 4
41 32 30 14
11 30 41 37
47 35 10 20
5 39 33 33
26 32 32 40
37 42 41 25
27 16 25 19
35 25 31 6
34 46 21 27
29 7 32 12
32 12 10 19
14 3 37 7
35 15 42 38
4 48 8 41
23 9 35 11
29 5 18 2
7 33 1 47
46 14 37 33
32 31 37 12
24 6 33 49
19 24 43 39
26 3 33 40
17 37 29 24
26 26 34 41
37 37 34 12
39 5 43 6
32 3 4 39
28 19 19 25
44 32 33 18
32 40 34 9
19 44 33 10
43 30 3 37
14 24 26 13
4 23 29 8
6 32 46 19
13 21 29 7
36 19 17 45
31 8 44 4
17 3 47 35
26 5 49 5
21 15 7 34
32 15 37 21
3 5 41 25
46 25 39 25
0 29 43 11
0 36 39 35
37 23 48 32
16 10 17 17
25 18 30 48
18 27 31 11
32 10 46 7
45 30 30 10
34 6 32 15
19 46 39 14
37 26 5 41
23 47 42 9
40 47 46 0
23 33 44 46
41 32 17 42
22 25 0 38
45 34 49 5
29 40 9 39
42 26 44 36
11 8 31 16
39 1 28 0
16 14 23 2
13 6 43 1
6 33 19 11
41 29 5 34
32 32 0 43
37 22 26 39
14 42 48 21
30 20 27 17
6 7 1 47
9 31 38 8
40 29 30 11
4 36 29 7
31 11 48 12
34 35 47 1
28 21 35 43
27 29 13 31
32 18 1 29
20 40 12 45
22 23 37 24
30 22 18 49
14 20 37 10
41 25 0 45
23 3 26 28
24 0 44 46
4 10 43 4
10 31 10 39
5 38 44 34
37 19 3 28
4 34 39 12
17 14 31 11
21 4 11 46
39 26 34 17
17 5 2 38
3 44 24 38
27 0 29 18
27 17 42 11
13 38 23 47
36 15 31 14
13 16 40 48
25 4 48 35
29 21 38 10
37 19 41 48
1 39 12 25
23 5 40 11
1 22 32 12
11 27 38 46
6 41 46 26
38 26 39 1
45 23 27 18
16 18 1 38
26 18 33 45
34 32 45 14
11 47 4 35
2 39 28 15
43 41 34 40
27 22 46 7
5 48 4 19
10 32 41 32
20 42 24 22
7 33 1 22
1 32 36 21
4 39 33 7
5 49 44 47
34 20 47 34
49 49 9 14
9 37 2 40
11 24 38 31
39 19 35 12
39 16 45 31
26 23 27 4
31 15 7 42
47 21 33 2
39 15 28 34
20 25 48 47
34 27 19 44
48 38 25 14
42 25 45 1
15 23 5 43
36 26 32 33
6 43 15 31
38 24 43 35
17 17 39 36
4 17 29 4
25 48 39 0
36 19 31 3
29 6 25 17
16 27 33 5
47 9 42 48
35 27 12 34
12 19 8 31
12 18 21 6
35 17 6 40
10 26 30 14
3 34 7 39
9 35 38 15
15 16 3 38
42 39 46 0
34 41 36 9
32 33 3 32
33 23 39 6
40 18 29 42
34 16 43 26
17 7 37 2
1 28 30 28
42 18 33 41
25 11 41 7
7 15 27 36
31 13 46 19
12 47 34 14
15 47 38 10
41 33 35 23
43 17 26 10
26 15 3 20
8 45 5 39
11 13 47 33
18 15 32 9
34 21 5 20
26 1 38 5
29 19 10 49
7 38 36 10
36 8 17 27
39 27 20 21
33 12 9 28
9 18 37 27
5 19 30 6
40 20 15 36
38 16 47 41
26 22 36 28
7 43 43 32
48 3 32 11
17 8 38 11
46 17 21 40
41 22 43 48
41 1 15 43
11 42 43 47
14 19 49 25
19 27 36 4
23 2 29 9
19 17 20 21
45 24 26 14
35 27 37 44
41 29 7 45
34 23 5 35
39 29 13 10
5 33 26 24
6 31 31 13
17 20 27 14
1 35 41 44
43 11 6 41
33 6 42 26
19 49 33 15
11 34 13 43
0 29 46 6
8 42 30 24
14 25 48 0
12 12 34 0
25 4 37 18
39 1 27 35
28 24 43 48
45 26 8 46
23 49 8 40
27 19 41 44
41 31 42 42
4 46 19 40
28 20 26 37
17 8 36 43
10 44 12 23
30 8 42 31
6 34 10 14
33 13 35 9
49 22 5 35
46 21 36 35
35 25 43 9
20 7 26 5
9 45 33 15
23 2 23 32
29 20 34 14
37 21 28 34
32 18 20 36
8 34 47 38
15 28 31 46
38 34 36 43
9 24 30 43
45 28 48 32
21 17 47 34
32 20 38 46
28 10 1 45
11 35 30 38
15 18 30 9
9 11 32 16
33 2 36 6
41 28 14 14
44 30 48 44
44 20 1 32
17 18 7 4
13 25 39 16
3 34 47 8
33 20 19 43
16 8 8 9
46 29 8 24
27 47 15 22
16 12 18 46
37 29 34 15
35 27 39 2
32 13 44 15
45 30 42 15
28 13 2 38
25 28 28 32
13 48 35 11
19 48 36 36
6 44 32 9
17 7 26 19
16 24 14 48
31 6 48 14
27 21 14 36
45 24 49 35
35 0 42 15
42 23 12 38
11 36 14 38
30 30 49 49
22 43 34 16
39 30 46 1
12 11 33 9
4 34 41 4
34 7 45 41
14 44 36 7
44 21 31 11
20 24 40 36
19 7 15 39
25 17 48 28
45 2 13 35
34 19 40 11
21 20 43 30
5 30 13 24
9 38 1 41
8 11 37 4
28 0 28 28
27 48 3 22
4 32 29 16
29 12 46 38
38 17 48 34
10 17 32 21
12 32 34 13
32 10 38 40
30 22 8 39
4 33 40 33
7 31 37 36
39 19 35 39
39 26 26 41
19 39 33 15
4 37 32 39
34 6 7 48
24 22 19 36
37 1 35 15
11 43 39 2
27 16 2 45
30 20 18 13
13 16 36 40
27 11 13 8
26 21 44 45
16 1 49 47
41 24 33 45
6 24 15 41
44 12 3 31
0 32 31 37
42 21 35 9
36 23 33 46
42 41 37 7
41 19 4 33
20 43 36 46
23 29 34 7
42 33 36 17
31 3 39 13
1 31 38 15
41 31 2 34
12 31 6 42
39 17 43 16
21 30 4 41
33 25 30 15
29 29 49 6
42 34 11 29
44 23 40 30
19 6 39 24
22 5 9 15
35 18 28 9
17 1 46 12
18 24 28 9
10 29 47 44
12 25 48 39
4 49 45 30
46 30 28 13
28 6 9 22
46 18 37 25
6 30 14 45
25 20 43 40
6 38 45 42
22 11 29 31
12 7 42 4
35 16 2 44
43 10 46 35
5 44 38 48
29 4 44 39
20 24 43 40
6 30 48 8
39 35 17 32
7 36 22 26
41 39 33 19
28 1 6 40
35 38 5 15
35 37 23 46
43 12 36 0
43 27 10 24
12 32 39 32
29 0 25 8
16 28 49 46
33 13 0 33
37 16 36 11
34 10 43 33
0 27 17 6
41 39 16 11
45 5 4 27
3 30 5 34
33 27 38 6
21 17 49 30
45 41 34 8
38 33 17 28
1 37 2 48
17 1 47 10
31 23 24 6
48 0 45 47
22 0 33 40
28 30 48 9
34 12 36 45
6 46 32 4
