50 101 15550 800
17 13 42 25
4 3 34 25
4 15 2 36
44 8 41 0
8 20 34 6
3 1 12 47
13 16 40 3
20 14 6 35
22 19 43 41
19 17 33 47
19 15 42 41
13 17 35 3
13 15 30 44
14 19 25 46
4 0 36 8
3 25 36 2
11 18 40 3
16 31 43 30
21 43 26 2
22 20 8 34
18 11 44 40
5 45 31 30
22 10 2 45
11 11 49 4
16 17 43 35
41 44 48 17
15 45 30 3
22 24 35 17
32 23 38 9
18 14 11 36
1 9 29 28
17 10 38 8
35 9 43 37
9 17 28 5
2 5 39 4
14 12 34 46
17 10 23 0
14 11 28 3
32 33 15 43
0 8 34 6
37 30 32 41
13 29 30 8
25 39 39 1
14 19 40 2
3 3 48 1
10 31 30 21
6 41 4 35
11 48 39 34
19 23 46 48
20 33 29 4
12 18 45 41
4 20 37 2
16 12 35 11
21 46 38 8
21 11 35 4
16 18 32 14
25 8 26 45
6 12 6 40
14 17 8 42
20 20 47 40
21 21 33 6
21 37 31 4
13 19 33 8
18 31 38 1
19 13 46 27
24 27 40 25
18 17 39 11
11 38 27 1
21 12 27 13
17 5 44 44
0 13 26 48
27 18 38 43
35 20 32 10
15 8 38 33
16 25 36 5
17 8 26 0
3 45 36 45
19 0 37 3
12 37 43 3
33 4 42 34
3 4 31 5
10 16 48 40
32 38 30 0
17 38 38 3
14 16 46 32
27 31 33 2
10 31 33 11
34 35 45 9
15 39 33 2
11 14 45 45
24 23 26 3
17 19 13 15
40 12 29 44
3 2 31 43
14 15 3 36
37 1 30 5
4 4 38 6
13 44 34 3
14 14 47 40
33 10 48 0
22 10 26 4
