50 279 11928 800
24 24 27 18
13 44 9 46
25 26 1 37
24 38 25 43
6 42 21 12
25 32 27 36
21 17 5 29
29 43 43 26
45 44 21 45
9 35 25 13
18 30 17 3
44 31 26 35
16 35 30 22
17 37 25 43
14 30 6 37
26 48 39 34
25 48 33 35
37 43 19 5
33 47 29 32
2 46 16 40
48 45 34 15
32 38 25 7
35 20 46 26
32 23 34 1
30 32 25 16
48 5 41 32
42 13 13 38
17 49 31 11
36 13 21 0
29 42 32 9
37 20 29 29
18 42 22 0
23 31 18 14
32 28 28 10
8 46 23 11
19 44 48 27
36 42 47 26
44 28 24 43
24 19 21 39
9 44 36 12
18 49 28 8
27 46 34 21
25 13 8 1
39 36 14 31
21 35 44 21
9 39 22 12
16 49 18 44
17 34 42 29
40 31 9 25
15 44 38 23
32 37 29 8
37 43 45 30
13 48 21 15
34 21 40 25
23 37 38 27
1 38 28 46
10 45 19 2
28 41 46 37
29 31 13 24
11 46 30 11
43 46 35 23
18 45 12 2
17 40 18 30
9 21 33 7
31 44 42 28
39 34 25 26
33 47 30 5
24 20 39 0
46 19 22 45
14 8 20 36
3 44 43 25
5 35 34 0
12 43 45 10
18 46 36 9
27 30 24 7
8 36 15 22
42 42 15 48
14 48 19 46
1 47 28 49
14 46 40 17
11 45 21 36
23 36 0 41
27 38 18 18
5 47 42 24
7 49 49 30
24 34 38 33
12 0 33 23
5 46 18 23
26 34 18 17
18 38 32 43
17 1 37 15
13 47 22 43
16 31 30 21
22 48 31 39
31 23 26 24
30 45 37 32
28 1 35 8
18 47 29 45
22 34 41 4
31 32 49 31
5 48 45 9
9 45 31 7
47 49 8 12
19 42 7 47
20 42 33 13
15 41 19 6
44 45 41 18
22 5 26 27
38 29 20 30
19 26 41 32
28 41 34 27
35 38 27 2
14 41 33 28
30 44 18 39
32 13 15 46
35 2 16 26
21 7 27 2
41 29 25 36
23 43 31 15
15 30 35 11
3 46 24 2
12 45 33 44
26 47 39 27
44 0 21 28
24 18 32 25
15 27 15 11
29 17 16 14
27 28 26 13
14 39 29 31
1 47 45 23
42 37 16 14
41 45 0 8
5 44 20 36
34 40 45 36
17 7 29 4
30 22 32 5
12 49 40 31
26 39 24 47
39 36 6 5
28 32 13 30
25 35 39 18
2 37 30 1
36 45 21 45
25 31 45 28
14 41 40 7
46 0 17 40
7 44 8 8
33 45 0 7
37 27 29 6
11 44 40 27
8 44 16 31
9 30 40 19
47 41 24 8
15 28 25 37
22 40 42 21
24 35 36 34
27 35 31 1
48 44 17 9
1 46 49 20
12 37 29 3
37 23 36 47
34 39 28 20
31 4 23 20
11 40 5 48
30 27 45 29
15 29 17 42
16 42 24 23
17 12 18 37
37 41 30 11
23 46 47 29
35 30 48 23
15 47 21 32
38 47 33 6
3 49 10 5
29 14 13 25
26 33 43 47
22 26 12 1
43 42 42 26
25 21 40 17
8 46 27 22
22 26 38 10
12 26 27 10
6 26 35 17
35 30 18 38
32 27 45 21
24 30 13 44
31 17 12 1
16 49 22 17
15 46 46 15
13 39 37 1
19 48 22 44
10 34 31 21
11 42 42 17
13 28 44 34
7 49 25 24
12 20 3 10
18 39 19 19
31 35 42 20
46 36 32 9
4 48 33 8
10 46 32 36
9 38 36 13
16 38 39 31
44 48 40 1
24 32 18 34
28 2 13 10
43 45 4 5
22 44 33 43
11 46 45 24
29 40 40 29
13 7 28 12
31 24 37 4
17 44 30 39
42 15 23 4
18 32 46 13
34 34 28 37
41 41 33 35
26 34 41 28
39 43 7 3
10 3 35 19
39 35 12 40
33 48 25 33
46 48 37 10
14 42 21 24
36 20 40 13
8 39 30 18
25 34 14 37
12 47 23 47
40 27 29 40
41 23 7 42
38 31 26 3
30 47 17 7
12 40 21 33
47 45 35 11
16 32 38 27
16 40 47 26
6 46 42 28
31 46 10 41
23 41 35 8
11 45 36 18
4 47 44 30
18 42 15 46
42 9 37 0
49 33 23 34
2 45 22 29
21 22 48 22
12 48 11 44
39 39 42 7
7 49 42 31
15 36 38 21
35 33 46 34
15 48 39 49
7 32 25 22
37 39 17 0
13 33 29 6
27 43 23 16
29 49 9 44
6 45 42 22
12 26 32 9
46 14 45 30
37 45 5 3
39 35 6 31
12 38 15 0
15 42 8 44
11 44 39 27
10 37 8 31
18 26 35 28
14 38 8 42
34 34 46 24
1 48 16 12
21 42 44 9
21 39 30 17
15 44 42 35
32 35 33 23
20 24 49 17
18 27 29 12
12 35 32 10
11 43 30 17
23 19 27 46
