50 306 12899 800
46 24 11 35
42 39 26 2
41 47 36 31
16 23 34 0
35 38 16 24
14 23 27 30
46 34 9 47
29 47 16 32
22 4 42 11
36 36 22 23
18 23 13 40
48 31 26 7
28 33 4 4
41 42 35 8
47 41 47 15
35 39 28 23
37 26 39 14
19 25 12 36
43 47 31 24
43 44 43 29
30 34 36 24
41 46 17 26
16 29 19 32
41 48 19 38
37 46 39 29
40 46 17 34
38 38 28 33
6 46 19 28
21 29 3 43
37 41 35 12
37 35 18 26
36 31 8 33
10 19 34 19
38 17 31 36
45 18 41 10
36 42 10 44
41 20 31 27
18 22 26 11
26 47 5 44
45 44 21 7
39 39 1 45
5 10 48 31
37 42 29 32
36 38 32 17
46 15 6 46
36 14 14 16
41 47 36 37
42 44 13 20
17 22 37 36
35 39 48 18
33 30 36 24
29 36 15 26
49 20 30 20
41 48 20 24
21 48 37 37
32 37 20 22
8 8 15 22
14 20 34 35
42 42 6 40
33 41 27 38
31 38 27 12
38 42 9 46
29 39 38 2
20 29 7 46
39 43 14 18
30 41 8 47
41 14 21 41
22 19 44 27
43 36 22 24
31 22 41 32
42 43 34 46
6 27 21 24
18 31 4 46
20 22 6 21
39 17 42 32
30 11 10 33
32 31 12 30
45 28 16 27
22 19 35 23
40 42 45 40
30 42 44 27
40 46 45 29
19 29 47 31
39 40 13 38
16 30 27 37
14 25 33 34
20 29 13 12
21 23 41 34
39 31 32 31
23 25 6 46
41 46 3 27
39 42 31 41
39 39 5 49
16 14 16 22
38 41 46 38
37 47 23 4
44 44 33 44
21 22 34 22
19 23 38 32
10 18 15 14
47 16 23 5
39 36 0 21
15 2 41 25
15 23 40 14
37 33 32 5
38 43 30 26
49 22 38 33
49 18 30 24
28 37 36 35
43 41 28 12
21 27 20 33
19 18 31 18
17 26 20 35
46 41 24 19
36 37 17 21
28 29 33 13
18 21 0 26
19 24 34 17
24 17 26 48
25 47 7 30
17 25 33 42
35 39 37 32
23 38 19 39
3 43 34 18
42 44 8 21
20 16 6 32
44 42 31 46
37 37 6 25
47 49 34 39
40 48 22 7
33 38 6 17
45 45 16 32
14 29 6 17
40 34 40 16
32 42 36 37
48 29 19 22
16 33 46 25
41 43 12 25
31 35 34 26
21 26 42 37
44 46 33 28
40 24 46 36
20 12 31 22
16 30 5 45
41 34 0 4
17 33 31 26
14 15 6 10
44 22 8 10
15 10 17 24
39 45 30 40
24 17 37 11
48 20 26 28
40 44 0 5
22 29 47 23
40 43 48 14
36 38 9 30
28 40 20 35
42 17 19 30
44 43 25 16
38 47 3 33
34 37 30 2
40 22 37 13
48 46 2 22
40 41 32 39
18 9 39 16
38 36 24 43
12 9 3 46
29 42 7 10
22 14 11 26
21 13 4 23
37 38 15 28
13 27 5 45
20 17 6 47
44 41 28 34
39 36 49 24
16 24 40 41
43 42 23 29
45 46 37 37
43 40 19 27
25 29 34 26
33 38 17 34
22 23 5 24
48 34 6 28
33 38 4 29
17 30 33 18
48 0 32 34
43 43 43 14
41 43 35 11
20 18 24 23
39 37 18 22
42 42 4 47
38 49 31 29
49 42 34 37
43 44 26 34
46 47 16 27
18 24 33 29
45 45 37 43
44 44 28 3
40 49 30 16
45 40 44 27
42 41 27 36
21 33 42 37
40 43 26 35
48 19 38 24
13 26 17 27
17 21 42 8
20 29 47 36
24 17 29 33
47 40 5 46
37 41 10 47
24 19 15 46
17 14 5 23
10 6 35 31
12 26 4 46
14 21 40 37
35 39 34 33
39 44 14 20
42 47 3 25
36 34 12 36
41 47 34 34
39 24 15 33
30 26 34 24
43 43 16 44
34 40 34 20
17 28 6 46
20 20 39 22
23 27 23 32
41 46 18 16
45 42 31 31
22 22 36 21
42 44 5 49
42 43 48 30
16 27 27 22
18 44 37 28
36 36 19 29
38 36 31 10
7 36 35 18
34 23 31 21
36 42 15 30
24 18 17 25
48 22 4 46
42 44 18 45
25 25 6 42
6 5 24 30
18 23 21 25
47 35 4 46
43 49 17 38
43 44 33 26
47 34 7 31
44 27 19 16
46 28 34 18
42 45 34 9
40 41 8 21
46 49 9 22
37 35 19 33
11 24 37 20
17 24 33 29
20 22 35 33
45 42 9 42
45 44 34 19
18 26 7 45
19 5 30 35
37 40 40 7
44 44 49 25
45 43 35 39
17 32 7 14
43 18 14 28
35 37 18 31
42 45 3 4
7 20 30 32
20 25 31 42
21 22 21 32
40 46 27 29
20 29 29 36
15 40 7 21
8 12 18 15
41 44 39 28
41 45 22 28
25 20 33 39
34 36 20 20
45 46 33 34
44 44 28 32
36 36 10 22
38 37 20 42
36 39 38 24
38 45 20 26
34 42 16 24
31 39 6 46
18 30 16 26
40 48 5 43
41 44 26 16
29 30 12 17
22 9 39 6
28 33 8 23
35 38 23 21
44 46 17 42
36 25 7 17
22 28 32 31
42 44 16 34
40 41 5 46
17 24 35 12
46 45 23 24
23 32 49 34
19 27 20 41
34 39 26 30
43 41 10 21
