50 1210 13847 800
29 24 30 29
43 7 9 28
39 6 0 19
28 2 44 23
35 6 23 47
6 47 44 14
40 41 31 26
38 23 5 33
31 45 31 31
23 40 39 28
9 0 5 19
17 46 41 3
20 30 31 28
31 43 33 14
29 25 38 20
25 5 41 16
39 27 8 19
32 37 48 10
15 47 43 34
33 44 36 9
16 43 39 12
13 44 44 27
38 16 44 27
45 4 40 20
21 1 21 27
45 28 40 29
42 9 8 37
12 47 48 12
37 15 40 10
46 24 14 32
37 0 9 17
44 9 0 6
32 26 40 21
15 49 6 44
14 2 9 37
46 13 37 1
45 33 42 18
16 27 41 16
15 38 35 5
34 17 7 20
18 40 40 21
20 43 1 14
18 43 13 24
23 20 40 29
4 45 35 24
7 37 43 9
34 45 23 31
18 24 38 8
33 1 35 17
17 43 0 22
15 44 39 30
27 9 3 33
40 12 36 15
15 34 30 6
24 23 1 19
13 42 43 21
48 16 40 15
36 33 17 33
9 46 48 25
13 29 41 22
21 46 16 21
35 46 19 19
39 14 40 27
23 27 44 11
11 15 35 23
33 41 37 15
35 22 29 22
44 38 40 15
15 48 42 19
21 39 41 24
43 13 10 35
38 43 42 42
37 24 20 43
27 44 5 26
31 45 39 9
17 48 28 17
27 45 43 13
32 37 48 49
42 16 39 21
14 45 5 36
24 49 5 34
39 33 6 34
32 35 38 16
16 47 11 7
30 16 46 4
18 43 42 32
17 37 43 21
15 38 7 34
38 7 9 16
45 26 2 23
46 5 4 32
45 3 15 49
29 2 31 46
7 34 3 25
14 45 34 27
11 34 3 15
40 18 15 15
16 21 8 37
31 18 25 42
16 41 30 26
17 46 35 20
15 8 35 23
10 47 22 36
11 47 10 19
32 14 31 43
32 2 36 6
35 4 32 12
48 35 35 25
30 0 22 12
35 44 41 22
12 40 34 22
20 44 33 24
17 41 37 11
21 34 39 17
44 4 34 24
11 47 38 26
38 20 4 13
48 11 44 18
30 45 37 28
19 42 26 9
24 6 20 0
47 33 48 16
41 8 39 23
32 43 15 8
11 46 6 38
40 45 22 1
15 37 5 26
40 25 2 23
26 37 6 37
41 18 12 24
33 9 22 18
17 40 49 14
42 31 42 12
38 1 42 19
19 14 35 31
46 15 49 25
13 42 16 17
25 1 44 20
27 15 2 36
43 24 8 27
41 0 43 9
33 41 37 20
16 41 40 30
38 32 37 18
35 43 9 34
38 10 33 18
14 38 6 27
20 41 5 23
40 40 42 30
17 15 40 16
13 45 42 19
14 41 39 22
38 9 44 9
4 30 39 8
42 13 36 35
19 42 9 33
34 48 40 8
9 49 31 30
9 46 37 19
45 8 5 15
21 45 0 24
40 13 35 33
39 20 40 9
18 35 36 28
18 49 8 23
15 47 27 32
36 20 37 28
12 41 37 24
14 48 40 20
20 4 1 21
16 47 28 26
35 6 5 37
41 1 15 36
35 44 42 31
27 17 38 25
29 44 16 24
24 30 38 24
10 29 37 18
21 0 42 42
3 20 6 38
9 45 31 21
33 38 37 21
30 17 5 33
5 46 34 3
47 30 19 40
9 33 41 27
33 3 40 24
41 23 4 45
15 41 41 35
17 43 35 21
14 41 41 21
11 44 10 19
9 46 16 16
20 21 42 20
37 5 40 15
14 41 7 28
43 11 49 26
37 33 12 16
15 28 4 27
37 39 5 14
28 19 2 26
6 34 38 26
37 8 44 10
31 11 16 11
30 45 10 46
48 14 31 21
24 48 36 17
20 43 49 19
9 42 42 19
20 44 35 37
21 32 42 28
11 40 33 6
48 2 7 35
31 6 27 37
28 3 39 10
46 13 38 37
16 35 36 15
22 6 46 8
14 46 33 31
38 41 28 6
17 43 3 24
16 46 3 34
35 31 18 33
39 0 29 23
35 12 12 23
15 46 16 11
17 28 19 11
20 48 38 19
43 0 4 26
30 48 21 28
19 19 37 26
43 7 41 19
45 32 23 14
12 45 5 24
39 20 39 31
19 18 5 10
27 10 40 26
32 11 6 22
7 45 45 3
15 44 36 21
32 0 33 26
18 36 10 16
15 18 37 8
17 43 32 15
40 18 39 29
21 2 36 23
33 40 9 37
11 46 39 21
11 48 39 22
17 41 45 19
20 28 40 25
19 39 25 8
36 26 35 15
40 42 38 25
35 26 39 19
11 46 18 42
30 40 41 31
16 46 3 24
21 42 40 14
10 43 5 31
34 38 2 38
11 47 44 27
31 14 38 5
33 46 39 27
18 45 31 24
17 40 19 18
22 40 5 48
39 23 21 27
18 44 2 34
26 45 34 28
31 46 39 19
39 14 39 27
15 38 18 18
29 5 3 33
45 9 42 17
20 43 42 16
32 8 27 19
13 26 33 27
33 43 19 48
37 13 9 33
34 25 34 46
18 42 5 13
26 49 28 19
23 1 40 24
15 40 36 30
35 4 31 27
13 48 35 18
27 48 34 27
47 4 14 23
34 9 42 19
35 18 29 29
38 12 0 17
29 17 17 24
22 14 12 9
41 22 36 20
25 46 44 20
20 43 1 10
15 43 39 33
19 25 18 32
39 47 31 33
46 8 28 24
11 42 34 21
41 2 21 19
42 0 39 23
12 39 3 45
39 41 18 41
37 46 41 24
37 36 41 32
10 21 43 23
46 24 34 29
47 1 0 20
17 46 15 18
31 25 41 18
15 14 49 26
2 42 32 4
16 43 24 6
47 18 8 49
34 1 34 19
17 48 31 24
32 40 7 39
10 44 4 27
43 26 42 21
11 44 45 17
34 48 46 34
35 46 11 12
34 47 15 6
33 6 38 16
27 40 17 27
21 0 5 11
25 43 38 33
42 9 25 29
17 49 11 13
0 30 32 6
36 15 21 24
44 28 33 21
43 18 31 11
42 41 40 18
46 15 14 3
45 3 37 23
32 39 4 35
16 32 43 26
20 42 13 7
22 36 44 21
15 40 15 13
17 45 2 19
16 43 26 9
34 39 0 21
43 25 46 10
11 48 2 29
4 31 10 37
13 41 2 21
21 44 7 40
17 47 15 41
8 19 41 28
8 46 12 20
44 7 1 23
35 40 22 31
26 3 19 14
27 18 19 34
12 42 34 23
15 47 48 0
20 49 28 7
14 43 41 19
42 29 42 20
45 21 36 23
35 35 7 38
48 19 5 37
40 7 10 14
15 45 6 35
45 10 37 17
20 35 38 4
36 5 36 26
37 12 41 26
30 39 39 17
31 9 35 8
19 4 33 28
41 28 6 22
37 23 39 18
33 37 27 21
44 5 17 31
16 40 36 33
28 40 13 15
39 11 14 32
12 41 16 13
13 39 14 22
13 37 40 13
33 4 39 9
10 30 36 4
26 15 41 24
34 21 3 31
19 39 43 27
36 16 38 21
36 44 41 23
31 0 43 21
37 2 41 18
13 47 40 34
10 43 19 17
15 41 27 1
46 18 36 21
19 48 10 26
14 36 39 18
47 2 0 16
19 43 23 0
37 47 36 35
9 31 32 22
29 29 41 23
15 44 26 4
11 44 34 15
10 45 4 33
19 42 38 24
23 17 5 21
36 7 40 22
24 43 40 20
27 38 33 12
30 26 0 29
12 48 44 30
5 42 40 19
6 28 41 34
38 4 4 20
44 29 37 19
30 7 41 24
27 35 13 26
27 9 34 30
36 45 40 25
46 20 37 26
38 9 36 34
31 44 33 12
33 20 23 27
39 41 33 17
8 41 39 15
44 18 11 26
44 28 45 22
43 29 0 27
28 29 23 24
34 45 35 35
8 44 40 23
32 47 36 26
48 18 34 18
31 49 19 45
5 39 40 18
0 40 41 22
32 37 19 2
43 31 1 30
22 1 1 31
39 0 35 5
31 43 36 19
13 48 47 19
14 4 14 36
14 45 30 31
28 45 38 25
8 42 37 16
9 40 37 1
30 45 37 22
35 7 39 22
25 46 42 16
32 32 37 18
39 34 36 20
7 45 16 16
8 38 17 20
11 39 11 18
9 22 11 46
16 43 39 28
5 43 44 17
17 38 21 0
8 46 41 21
13 49 18 18
38 42 4 25
17 42 24 17
29 16 44 21
12 47 37 27
0 12 33 27
14 47 41 23
20 2 42 24
43 12 4 35
31 37 13 18
41 11 9 16
43 15 5 33
29 46 37 25
36 42 39 22
12 49 41 22
9 44 34 3
17 31 32 3
15 42 21 17
15 45 13 31
10 35 38 31
37 11 5 6
25 7 12 16
35 30 48 45
15 45 31 31
20 47 0 27
29 49 33 24
26 4 31 12
32 47 20 11
13 46 31 30
36 49 47 16
10 49 11 36
40 13 4 37
36 3 11 13
12 42 3 20
8 4 32 5
31 41 10 20
45 5 18 20
44 17 41 14
28 49 37 7
37 43 43 33
49 6 36 28
29 45 43 23
39 12 14 14
30 48 44 2
44 24 37 15
35 46 35 0
20 30 7 6
35 31 28 26
34 49 37 23
16 23 32 26
38 17 49 24
19 5 2 22
19 39 40 4
25 38 16 14
20 48 1 25
38 9 0 41
13 38 14 17
12 5 38 22
21 41 0 22
28 46 30 10
24 16 37 34
29 17 38 19
21 46 15 10
49 31 24 20
28 7 5 26
43 0 13 13
30 39 38 7
19 42 41 40
25 2 38 20
34 2 30 29
18 48 47 7
19 43 46 12
20 48 42 36
24 32 11 15
40 20 3 23
39 29 38 22
35 34 18 27
42 2 42 32
38 19 12 13
41 19 45 9
32 38 38 18
15 47 40 18
12 44 8 35
17 41 4 39
13 44 0 18
17 41 42 9
24 31 16 28
11 45 21 45
19 47 20 18
48 13 7 15
34 14 44 14
32 41 46 27
29 34 27 11
15 30 5 46
37 35 1 13
18 47 25 4
44 13 18 16
33 40 41 19
36 22 30 30
48 14 46 22
26 45 37 9
18 16 14 10
14 46 44 22
32 18 34 27
31 2 15 38
30 36 26 22
44 36 13 29
12 42 34 26
11 41 37 30
39 5 32 19
36 6 4 19
22 40 34 19
32 40 3 47
36 34 40 23
39 31 10 18
17 33 24 39
16 44 15 26
18 48 42 22
40 14 3 29
35 25 32 18
31 18 24 21
45 5 32 18
37 39 15 34
29 2 34 22
15 32 46 22
40 8 32 12
29 36 31 32
8 42 45 21
20 36 11 25
26 1 5 36
40 44 3 14
41 31 39 11
48 18 37 13
34 45 0 23
43 10 18 16
17 45 13 16
11 45 1 16
0 38 10 9
14 47 36 15
12 43 32 30
14 45 0 27
45 13 4 33
37 13 41 19
28 43 39 31
32 12 43 16
20 44 37 32
39 3 5 34
24 17 0 22
21 45 41 33
39 48 37 18
17 42 5 35
16 48 8 34
22 1 35 30
43 20 40 18
18 48 21 13
28 12 31 24
40 39 35 24
41 23 5 36
13 47 6 19
15 26 22 27
37 38 27 11
15 42 45 10
16 34 38 33
49 1 5 19
32 29 21 17
14 45 3 22
32 0 40 27
26 40 5 27
25 28 49 4
34 37 35 25
13 38 14 29
36 9 3 22
48 49 11 11
25 5 45 41
16 44 0 23
27 10 18 29
38 3 36 27
17 48 25 43
16 30 41 10
6 42 31 11
16 11 40 27
43 10 34 17
13 41 38 26
19 43 30 32
8 40 36 26
39 8 38 24
14 45 39 20
21 48 39 15
20 8 37 15
17 46 29 36
46 4 44 25
9 47 17 17
43 19 33 30
20 46 32 27
38 21 39 40
25 33 11 33
28 14 38 17
31 37 48 9
34 15 15 11
9 39 6 2
9 45 17 26
21 42 44 18
15 42 36 28
9 45 34 22
34 26 29 36
22 5 40 18
19 37 43 24
20 38 37 27
31 46 7 37
12 44 36 37
33 8 23 14
10 14 13 18
39 12 27 31
47 2 41 24
26 49 18 23
11 43 12 20
21 47 39 17
25 1 37 18
25 47 36 28
24 19 32 45
26 2 42 25
4 39 24 7
42 12 3 40
10 45 44 30
4 40 8 15
15 47 8 25
11 45 14 28
38 41 8 3
37 49 17 19
12 43 20 35
34 12 5 33
36 18 0 39
44 18 19 19
28 11 18 0
40 30 46 14
18 42 19 10
47 14 38 19
17 1 8 18
17 42 2 17
11 39 48 18
37 10 38 18
32 43 0 22
35 27 39 18
33 39 45 15
15 48 27 16
20 48 3 8
44 15 6 33
46 33 2 26
2 33 0 27
12 41 49 36
30 22 42 15
18 42 24 46
43 22 39 35
10 37 38 19
24 36 46 47
13 41 28 22
34 35 38 10
30 40 14 13
14 45 33 27
28 7 38 28
18 43 15 12
49 1 1 1
45 17 2 20
37 22 36 32
18 48 30 11
46 16 12 24
41 31 6 34
22 49 7 40
37 42 46 31
17 1 25 1
41 23 43 16
32 7 39 36
25 11 40 18
43 9 33 14
20 44 38 33
16 33 3 37
30 46 43 18
34 44 6 34
10 25 19 1
12 35 6 19
23 42 43 18
33 42 41 31
38 26 25 2
26 39 31 29
48 16 12 14
32 10 21 26
9 35 26 20
45 2 44 13
19 28 35 30
10 38 13 7
11 40 28 19
21 0 29 27
15 45 7 40
39 16 38 21
14 47 39 23
31 46 34 33
11 44 10 11
48 9 38 29
35 9 39 17
47 30 46 24
36 41 5 21
38 25 40 33
31 24 41 20
36 40 4 20
12 42 31 21
40 4 29 14
33 23 35 17
34 43 12 19
30 38 39 21
34 2 35 20
9 39 43 17
18 27 10 36
18 33 44 42
16 48 40 23
24 34 13 4
42 13 1 27
35 6 2 22
35 23 0 33
33 12 35 36
35 11 24 14
39 3 14 12
14 41 2 8
30 5 0 20
12 46 44 7
24 0 16 43
49 8 34 27
19 43 4 23
43 31 40 25
18 38 39 31
35 48 1 32
32 8 40 23
48 0 37 30
13 38 34 25
17 8 4 13
43 3 15 25
41 21 7 38
40 10 11 40
25 4 39 13
35 38 40 34
34 5 41 22
16 47 36 20
30 13 3 12
44 16 32 6
42 21 11 18
32 41 27 21
24 10 5 18
33 41 32 25
13 43 35 5
11 49 3 25
31 46 24 33
32 22 43 23
22 3 3 35
30 1 40 19
40 3 24 45
32 47 34 28
22 32 43 26
31 10 45 8
35 39 41 25
17 1 46 25
33 27 3 37
32 24 9 13
21 34 12 23
33 40 36 27
35 44 26 15
12 23 2 10
14 41 42 15
36 4 36 11
40 26 45 14
14 42 42 1
18 42 40 20
35 1 46 18
46 39 23 40
32 12 7 36
38 45 5 17
46 26 36 42
41 23 44 43
14 40 44 4
7 44 30 41
37 45 34 37
0 30 44 26
46 21 40 16
32 41 45 0
33 47 45 11
7 40 40 21
32 24 49 12
38 28 35 22
25 31 3 37
32 14 30 8
9 46 8 21
43 9 31 27
38 24 48 18
15 41 33 18
32 42 42 20
22 15 40 30
49 2 47 14
47 25 40 19
9 43 41 34
32 14 41 10
13 45 0 15
47 22 38 24
40 9 47 31
14 46 40 32
14 45 18 19
47 16 11 3
37 49 44 19
10 49 45 0
48 27 25 6
20 40 37 12
39 4 41 9
29 3 8 8
14 38 43 23
37 26 5 30
48 10 37 32
33 37 29 20
37 49 44 26
44 18 49 40
23 16 36 30
21 48 40 2
9 45 1 28
11 39 14 33
13 39 35 31
21 38 12 27
34 34 1 37
39 2 37 18
35 36 34 23
19 46 13 41
20 41 33 15
41 24 41 32
14 40 26 13
21 40 33 9
45 7 30 14
13 40 32 29
9 42 42 13
13 42 39 20
36 2 14 12
40 40 5 1
43 13 34 17
15 47 39 21
47 15 20 18
35 45 42 21
29 3 47 40
23 9 29 10
16 45 37 49
18 8 13 11
34 5 38 31
10 48 32 10
17 47 37 25
36 22 44 22
15 43 6 14
22 40 37 32
15 42 46 20
34 34 42 31
20 40 42 19
36 9 25 9
11 47 29 12
27 16 32 19
37 42 35 21
37 45 1 27
25 17 35 1
14 34 36 32
46 22 1 27
36 6 39 41
27 9 0 33
31 19 9 47
35 39 38 30
11 43 37 29
34 44 34 26
36 48 41 17
33 40 43 17
44 23 3 35
5 33 41 24
6 35 26 20
16 43 9 43
8 33 35 21
31 24 0 24
46 17 43 5
24 27 0 26
13 45 21 46
34 23 34 7
19 45 11 18
10 43 40 24
49 21 2 19
30 9 27 34
25 3 6 22
44 29 34 15
39 44 14 14
18 47 41 26
20 34 43 36
2 27 5 32
18 43 44 4
23 34 38 16
48 8 41 26
6 47 39 19
11 43 34 17
5 47 42 32
45 21 32 23
40 7 34 13
21 49 12 36
44 30 26 20
22 46 42 18
16 24 14 33
29 20 46 19
47 25 12 11
39 18 31 19
31 48 32 20
30 6 47 17
32 17 1 27
13 41 42 23
20 48 44 30
32 46 40 32
12 45 31 21
44 7 40 23
38 42 38 32
38 45 34 30
30 45 46 31
49 5 41 10
27 9 24 13
48 28 0 47
11 42 16 21
19 41 31 23
48 25 13 44
7 27 39 26
14 43 41 19
49 19 25 10
31 30 33 17
16 45 38 29
17 38 17 20
46 26 28 26
33 37 2 24
37 45 16 26
30 42 10 5
35 10 40 33
47 21 21 29
29 6 13 17
23 43 39 13
36 36 10 2
10 48 19 21
9 46 37 30
37 32 48 19
16 48 23 26
9 22 0 22
36 40 37 20
37 17 2 11
9 43 49 24
29 42 38 4
0 22 29 20
27 46 37 18
29 39 4 39
11 42 40 26
20 48 1 44
12 46 45 20
32 17 36 33
15 22 38 17
19 43 1 22
46 10 20 32
43 26 25 24
13 39 39 18
38 0 37 21
15 44 33 45
16 42 6 35
10 49 48 12
14 47 30 9
21 23 39 4
39 37 32 25
24 15 49 30
6 43 31 28
27 42 1 26
24 46 40 25
0 45 0 23
13 43 23 19
40 45 5 5
32 47 42 19
25 34 38 7
36 24 25 33
29 20 36 28
31 42 32 37
12 45 32 35
45 14 42 29
15 38 33 22
43 24 32 28
40 26 41 20
12 38 18 29
27 48 27 42
21 45 35 17
46 13 10 16
31 0 29 25
43 25 38 18
16 46 28 25
44 24 38 18
21 46 9 18
46 30 3 17
30 18 38 18
43 25 10 27
27 10 3 14
9 23 33 11
33 44 25 49
23 7 5 45
41 9 40 21
38 4 2 38
32 22 5 35
28 36 34 34
13 47 4 25
36 19 47 13
33 45 10 9
18 43 24 48
17 43 37 28
38 12 3 32
20 5 19 25
11 40 42 20
16 42 44 26
30 6 26 19
9 40 46 10
14 47 9 48
16 42 22 34
9 41 24 28
37 13 7 35
26 35 4 33
42 14 36 3
39 9 16 37
14 40 45 23
41 22 44 30
13 48 17 17
39 19 26 35
37 42 19 21
43 9 41 21
36 24 31 28
1 47 40 19
36 49 31 35
6 47 33 23
17 40 38 26
15 42 41 25
12 28 5 34
49 49 40 3
12 46 12 13
41 2 4 36
39 10 8 21
14 44 42 11
37 14 40 19
10 44 39 29
32 38 17 38
29 25 1 15
49 9 21 10
25 35 37 24
36 22 13 20
10 39 6 18
33 38 1 31
44 39 41 30
6 46 37 2
6 41 7 35
12 40 25 15
36 28 39 18
15 38 28 21
26 20 7 31
36 25 48 11
45 5 31 8
37 43 34 28
44 15 36 27
28 11 44 11
33 21 7 20
43 6 7 15
31 20 41 14
31 43 37 32
37 45 47 8
13 39 3 25
15 45 8 37
12 26 45 12
13 45 24 29
8 28 33 38
18 49 2 36
35 9 2 18
12 17 9 31
42 24 17 32
24 45 49 45
37 17 32 24
15 44 16 25
14 49 42 1
28 1 23 26
21 15 20 41
22 6 38 30
31 40 27 2
38 46 38 15
24 14 42 25
31 44 33 14
34 44 4 39
43 9 21 26
38 8 13 6
15 26 41 32
35 40 33 21
24 11 39 29
32 15 23 19
15 41 42 8
25 42 37 19
42 13 38 22
16 36 39 17
34 46 27 19
22 12 46 27
49 8 43 24
14 48 1 27
16 44 34 26
25 47 4 37
14 40 12 14
44 8 31 19
48 26 39 34
13 40 38 15
41 18 34 11
17 5 43 16
7 36 14 21
7 42 41 5
34 36 35 10
34 47 7 22
28 0 18 23
40 11 38 21
29 31 19 42
8 46 20 31
38 0 4 27
31 48 1 45
44 24 35 25
11 40 5 22
22 20 24 35
42 43 5 9
37 43 47 24
16 43 3 28
47 22 13 41
6 9 32 8
24 39 2 19
10 43 8 17
9 44 9 11
18 45 44 36
39 24 47 6
27 43 16 20
19 40 31 18
17 17 4 20
29 10 31 22
13 48 0 24
18 48 25 21
24 31 2 34
8 44 37 16
35 40 34 24
16 1 42 21
16 41 40 26
44 26 45 43
49 23 10 37
13 38 31 16
41 15 40 19
23 46 2 27
