50 103 18626 800
21 37 6 9
15 41 28 11
8 16 42 39
29 34 35 15
16 27 37 21
16 37 12 22
49 38 40 44
9 32 14 9
16 48 17 41
47 17 20 47
18 26 46 12
44 29 14 41
17 33 29 18
7 12 20 14
44 41 42 45
12 2 6 18
12 7 23 20
0 29 15 46
15 29 17 1
46 12 17 6
25 49 31 14
11 26 31 22
19 5 39 17
13 30 20 11
25 30 10 19
7 17 8 43
4 21 43 44
17 30 6 35
27 34 38 16
13 32 11 21
48 1 13 44
10 33 4 47
13 34 19 17
14 4 14 42
11 27 17 21
45 21 29 20
29 12 21 17
49 47 44 41
0 30 9 11
31 44 31 15
29 46 23 14
48 8 39 10
5 22 15 41
22 18 41 38
9 13 35 13
46 9 26 18
19 40 4 18
47 10 14 46
18 26 6 14
16 13 19 19
28 19 9 21
49 15 12 41
47 36 39 38
38 35 41 39
23 38 37 1
23 18 26 11
10 35 43 43
38 35 44 41
25 27 32 13
7 34 39 43
11 28 23 10
19 1 3 44
48 11 35 42
19 36 32 20
17 29 5 9
19 34 17 42
8 30 43 45
21 30 13 13
45 36 0 8
22 32 43 27
15 48 48 28
16 26 23 23
47 48 24 43
46 39 30 14
34 44 21 22
49 43 35 16
17 31 32 18
14 37 20 41
11 15 6 45
30 25 37 43
19 26 11 47
23 13 30 17
5 4 23 24
28 33 38 37
27 34 30 23
29 33 24 18
13 18 30 15
10 33 25 16
12 27 30 10
37 4 32 15
21 36 26 21
21 2 19 21
11 24 23 18
22 7 41 39
21 32 30 42
13 23 44 13
14 18 7 20
14 31 43 39
3 31 1 9
19 10 40 40
26 26 32 18
12 29 35 35
48 39 2 11
