50 139 17872 800
27 29 31 14
48 36 19 34
10 10 1 22
25 17 46 40
49 38 14 44
49 41 7 19
44 34 36 22
25 37 46 39
19 21 21 49
1 11 25 27
49 36 33 8
26 12 27 19
29 14 1 11
13 4 41 8
8 0 8 32
0 31 24 44
7 17 43 4
48 35 36 22
0 22 6 29
48 38 10 32
19 15 22 36
19 4 15 15
46 39 29 23
19 20 23 31
29 13 24 35
9 8 10 37
49 35 34 18
18 23 31 11
27 41 31 27
16 13 33 19
18 13 47 40
14 11 33 19
2 7 24 20
21 38 44 28
48 41 32 25
10 7 24 8
7 1 15 49
13 10 32 18
29 37 16 36
18 27 9 26
16 30 33 11
28 27 45 20
14 8 1 12
11 24 19 20
23 3 17 9
7 21 37 13
8 5 47 42
18 7 37 25
6 22 8 12
4 33 22 5
0 34 43 26
10 19 28 17
20 7 30 0
4 19 26 11
10 15 21 4
34 44 18 15
25 38 47 20
16 10 30 12
46 35 9 33
6 21 37 29
12 6 42 18
43 28 46 44
43 38 28 1
36 32 28 22
20 21 28 47
18 22 41 29
7 12 17 11
37 46 17 15
17 18 24 20
28 48 48 2
27 26 40 38
11 7 24 22
46 35 15 33
20 1 26 39
6 10 30 17
12 5 49 42
46 38 11 33
12 42 35 27
17 10 20 42
17 3 33 2
14 35 40 0
13 25 44 36
16 12 19 9
25 41 31 20
18 1 33 15
24 36 49 40
18 42 31 22
10 19 5 35
12 32 5 46
25 48 42 47
48 35 38 13
15 13 30 8
2 27 31 17
8 13 15 30
19 20 34 14
8 11 44 47
12 3 10 31
6 14 39 21
32 32 43 46
12 14 32 15
17 20 49 34
12 14 46 40
49 38 15 25
27 13 25 25
47 32 9 22
0 19 6 48
16 10 40 34
16 12 28 10
12 14 29 13
14 34 4 16
14 29 42 15
45 41 23 23
15 9 21 36
26 4 0 27
22 9 24 24
45 36 17 8
17 28 49 43
20 20 13 13
15 17 19 36
9 14 37 31
16 47 18 35
14 13 1 25
19 8 36 46
16 34 48 33
17 28 18 21
48 36 2 25
20 29 42 17
6 42 40 11
15 5 32 41
1 5 25 23
14 8 24 16
18 33 28 11
6 10 29 5
47 35 28 19
9 9 14 23
6 22 28 8
39 20 43 44
10 22 38 11
0 21 13 24
