50 1403 12997 800
6 47 27 19
7 0 5 18
24 33 17 8
16 11 24 5
10 37 5 7
41 12 26 48
9 6 35 46
48 8 41 21
39 18 12 21
44 14 26 7
26 23 21 12
43 18 11 3
13 5 13 41
47 4 29 6
26 9 22 10
21 9 24 5
24 10 37 43
13 8 9 5
22 39 21 4
19 20 22 7
23 7 11 14
41 12 8 14
14 3 28 10
1 43 41 27
40 14 16 19
44 13 18 8
35 39 6 23
42 15 8 8
17 43 17 7
3 6 0 15
47 4 18 45
44 17 7 6
25 6 22 43
11 7 24 44
47 1 12 12
48 4 23 26
11 8 16 12
16 48 15 13
43 14 21 7
21 6 14 18
49 0 18 11
43 17 22 1
11 39 38 35
49 2 19 21
23 11 10 11
48 2 25 42
49 10 12 20
48 6 38 35
4 48 22 8
48 3 30 45
49 2 22 5
8 2 20 4
13 49 19 16
49 12 8 16
17 33 26 9
32 29 13 8
45 22 49 0
22 11 19 22
47 3 18 7
41 18 23 42
46 11 27 4
21 12 0 1
8 41 26 3
20 11 12 18
48 18 20 7
3 0 22 9
9 18 10 11
41 17 9 7
36 8 29 49
22 10 27 2
20 15 18 40
26 35 16 2
42 16 0 10
10 9 10 23
45 14 18 6
38 5 9 15
12 40 25 28
45 0 13 5
43 9 29 44
49 0 7 10
8 31 11 12
10 35 7 9
38 19 22 12
22 6 31 11
12 36 3 15
16 45 25 9
9 33 0 23
49 17 21 42
13 6 7 20
33 35 24 2
47 7 14 12
40 20 22 20
15 49 25 4
14 32 31 46
46 10 8 13
47 17 13 1
17 49 4 14
46 15 4 8
36 18 22 21
46 14 25 30
23 38 15 45
22 32 8 0
16 43 7 32
39 40 3 10
21 37 20 8
40 18 13 5
5 11 12 16
13 14 42 26
28 48 3 19
25 12 13 13
15 23 12 13
12 20 20 12
44 13 27 13
25 6 10 1
18 6 23 24
27 12 20 43
21 4 25 29
9 20 14 16
26 8 18 11
7 19 21 1
36 40 9 17
26 38 1 17
6 23 23 28
43 15 25 17
48 9 19 21
28 4 4 18
47 0 19 7
45 11 42 42
33 30 14 5
17 37 13 46
4 44 11 2
47 11 8 17
8 8 6 1
41 7 23 46
42 14 26 19
44 16 3 2
27 32 4 18
17 27 29 40
13 13 19 9
45 20 11 17
8 39 6 6
41 41 14 8
47 1 20 0
21 11 6 0
37 30 10 14
22 36 10 42
27 24 5 11
43 16 39 45
43 21 4 7
20 45 17 3
10 39 18 0
48 15 13 3
43 17 21 2
25 8 20 49
11 37 29 37
34 13 10 15
40 6 24 3
28 43 19 3
10 6 41 39
44 11 4 5
4 8 25 7
39 16 17 48
22 3 26 45
21 28 19 4
0 4 27 6
9 47 21 4
14 17 29 44
11 30 17 5
21 4 27 3
41 8 14 2
20 46 25 2
31 31 26 0
40 12 3 9
25 7 5 8
48 9 6 20
9 15 6 13
47 4 4 14
45 15 13 22
12 0 38 25
44 10 38 6
3 12 12 15
31 12 23 7
46 2 30 2
28 38 25 45
22 27 28 4
27 21 16 12
25 36 18 2
23 12 8 24
49 17 8 11
43 15 22 8
24 5 22 2
45 14 32 48
4 44 20 45
24 36 7 20
44 14 28 13
16 6 10 13
44 12 29 13
14 46 9 13
46 18 23 14
10 21 34 44
24 17 17 12
46 14 3 13
23 5 18 5
18 26 27 8
40 7 22 7
34 41 20 18
24 35 21 10
40 18 18 17
24 3 18 14
20 9 22 46
23 8 4 13
8 32 22 2
24 32 2 0
14 45 9 16
16 42 14 4
25 2 12 6
44 16 8 14
6 29 1 8
43 9 28 12
26 9 9 24
16 22 25 9
31 5 24 5
13 8 7 11
48 0 18 1
30 38 17 1
21 8 24 32
17 3 30 42
48 0 6 14
16 21 22 6
29 32 17 11
24 23 17 2
19 8 5 7
14 5 24 15
47 13 9 13
8 1 22 35
26 0 39 26
20 42 18 6
22 8 13 13
22 7 16 12
9 5 21 11
25 46 39 25
48 6 2 14
10 43 24 4
25 46 19 4
26 45 30 43
44 14 14 15
40 15 20 37
22 2 14 13
47 19 0 9
37 16 16 17
37 13 20 2
33 25 14 13
30 30 18 37
12 43 28 43
7 39 7 13
28 15 23 37
49 1 9 1
13 33 5 12
0 1 21 8
26 8 34 37
5 15 19 5
20 27 23 35
46 21 7 8
49 7 0 15
45 6 22 13
9 43 42 41
47 20 6 14
15 33 15 14
44 9 46 3
24 5 23 42
26 49 20 29
21 1 13 1
24 45 16 14
46 11 12 34
42 16 0 15
37 30 33 11
39 19 47 46
10 4 21 19
9 6 8 18
24 8 15 11
25 6 29 1
23 47 24 0
20 5 27 39
10 7 30 5
17 25 29 0
41 18 26 1
47 13 23 6
11 27 13 7
46 1 3 8
19 10 10 8
17 22 22 13
29 34 5 14
44 15 32 44
48 10 9 4
16 10 26 10
49 0 14 31
1 38 23 10
27 30 31 44
12 46 12 3
46 6 11 10
6 4 30 13
11 39 23 11
49 0 22 1
21 32 19 41
19 25 9 22
29 37 21 45
46 2 20 44
48 0 6 16
16 13 22 5
48 6 20 8
9 2 14 9
49 3 5 11
47 7 28 0
6 20 14 13
12 13 14 17
19 35 31 12
45 11 20 2
15 9 21 6
49 9 40 32
37 30 45 4
12 8 20 48
47 5 34 5
46 14 23 1
47 5 25 7
24 5 5 19
11 15 8 10
47 16 16 16
25 33 33 5
39 49 4 20
43 12 46 49
11 39 19 9
25 48 18 4
23 6 27 17
40 17 20 43
24 7 24 13
22 12 35 5
29 2 19 10
25 6 21 7
23 6 29 24
49 11 32 48
18 48 19 5
12 28 18 44
27 12 38 39
28 35 22 14
10 42 46 28
46 17 23 9
7 34 21 8
42 9 41 42
15 37 43 42
40 15 30 5
28 13 29 45
24 4 19 14
42 19 22 29
17 28 12 7
20 45 24 9
6 48 2 4
12 38 17 11
31 42 8 23
34 17 16 5
47 14 20 10
42 11 27 11
23 9 16 7
19 32 23 2
21 29 23 37
46 8 34 40
11 40 46 45
46 12 10 5
45 16 28 3
26 1 35 34
27 10 14 14
27 36 7 15
11 31 35 38
37 10 38 43
47 14 17 42
22 44 16 18
43 10 38 8
42 18 12 22
17 6 47 34
27 49 10 12
37 13 4 11
25 6 22 15
7 35 44 27
48 2 36 6
49 9 7 16
45 14 31 1
23 5 16 14
44 17 22 8
16 5 13 14
28 49 17 34
20 6 41 36
43 18 7 13
47 21 23 31
25 36 21 7
4 40 33 7
22 29 30 46
13 47 15 17
19 5 22 33
22 9 5 3
24 8 31 48
32 46 23 4
46 12 8 3
17 29 31 37
27 42 28 4
47 18 7 29
9 2 20 35
46 21 24 0
27 8 26 49
3 49 7 4
40 16 29 49
44 22 31 25
41 8 19 6
42 11 21 9
12 11 23 2
24 33 25 0
12 3 10 22
17 5 6 18
15 44 15 13
26 14 13 6
27 8 22 3
40 36 8 14
26 40 39 43
32 29 18 1
48 4 31 6
25 45 4 3
48 16 30 4
49 1 22 48
35 37 19 22
13 6 18 22
30 11 18 9
3 45 27 2
44 17 2 14
45 17 0 9
21 4 26 46
26 33 16 17
46 16 30 15
43 19 15 4
11 1 23 8
21 47 14 13
43 11 2 18
45 15 22 26
24 6 24 15
21 11 19 4
17 43 7 23
45 0 12 7
47 1 13 4
12 7 20 11
7 28 3 2
18 18 26 23
27 25 9 13
10 24 9 6
21 10 7 16
45 19 20 47
47 2 11 9
21 9 16 42
26 9 4 3
14 38 2 1
25 4 9 20
25 9 19 45
24 10 3 15
27 44 11 29
44 3 18 2
19 32 31 15
13 8 15 12
21 6 15 7
9 4 13 13
13 0 14 21
21 38 28 7
3 8 9 34
27 0 31 6
3 25 36 47
26 31 35 32
30 15 18 1
12 4 24 12
19 31 26 12
14 14 26 11
30 33 10 18
33 26 27 27
14 36 28 14
40 12 8 17
44 7 5 16
43 16 17 8
42 17 15 15
9 34 9 12
8 12 33 49
29 40 10 6
47 17 13 42
9 2 45 18
16 44 11 30
48 14 15 11
18 41 10 4
3 2 2 15
8 38 8 18
23 8 4 10
31 21 23 4
13 7 4 17
42 12 14 31
46 3 9 20
13 46 10 20
12 6 26 35
47 1 25 10
44 10 20 9
4 43 3 7
45 13 23 6
15 3 17 14
49 20 28 8
37 11 7 22
24 7 28 38
25 37 15 4
41 15 20 4
27 12 1 16
20 5 24 4
24 34 6 12
46 19 28 4
48 2 15 24
20 11 12 0
4 48 9 10
36 19 4 4
24 6 8 15
4 11 0 17
42 18 11 1
49 1 28 8
24 4 28 45
18 2 17 12
25 8 10 16
9 11 12 20
41 11 15 8
45 15 17 4
24 8 7 49
5 40 20 16
42 20 29 9
0 15 19 7
12 14 21 6
10 4 10 13
24 3 4 15
15 33 6 6
18 47 26 1
20 4 27 3
13 17 2 6
38 18 31 6
46 15 20 11
11 41 21 9
26 41 7 0
47 19 9 20
35 32 13 2
6 9 22 18
22 20 25 4
45 0 25 6
4 21 6 8
48 15 10 7
49 4 24 0
15 28 25 1
24 9 37 47
43 17 11 14
9 30 27 10
10 17 2 15
9 2 3 26
40 34 22 10
23 9 24 49
11 23 27 1
24 3 34 43
30 43 10 14
45 10 16 28
44 21 12 7
14 9 26 40
24 6 23 0
46 10 9 16
8 23 1 15
42 8 3 18
44 16 22 46
11 23 27 10
27 4 21 35
44 17 15 1
17 11 10 22
7 6 22 6
48 1 19 4
41 11 32 9
37 19 9 14
18 19 11 11
19 7 26 0
23 7 18 8
19 25 27 34
48 4 26 0
45 6 26 11
41 8 15 8
23 4 12 38
16 23 10 12
38 27 19 13
14 15 7 16
7 3 20 5
39 10 12 18
40 11 36 43
7 10 22 4
47 3 23 2
26 4 17 13
39 14 9 10
38 15 25 8
39 20 12 9
46 1 20 44
10 48 19 11
39 15 14 13
18 11 22 4
48 2 15 14
21 44 0 8
48 9 35 35
28 15 8 15
9 2 14 5
46 3 27 44
21 4 15 49
47 21 36 44
41 5 26 2
46 16 20 7
42 14 18 1
8 49 25 13
37 20 4 14
43 15 31 11
47 6 10 6
47 13 32 48
44 13 25 34
25 49 45 43
8 3 14 39
41 19 13 23
45 2 13 1
38 30 6 40
21 42 26 14
43 12 21 8
42 11 12 17
15 35 17 11
41 12 11 20
31 19 26 10
9 18 44 38
41 19 22 32
26 9 19 2
39 30 29 3
42 13 24 15
13 42 12 13
13 16 6 3
25 41 15 19
35 22 21 5
49 2 15 13
48 4 24 12
42 19 9 24
25 5 13 6
12 48 2 13
49 1 9 16
24 34 24 11
23 21 25 5
46 12 23 10
18 4 7 6
42 17 13 16
29 42 25 6
5 3 19 2
28 8 18 16
21 23 34 0
45 3 29 1
24 44 24 2
47 8 22 14
43 17 14 46
49 5 27 2
9 46 23 9
15 5 25 5
27 6 2 12
43 11 25 8
44 15 31 14
28 4 20 47
45 19 21 42
39 41 26 16
47 19 12 5
43 16 20 0
25 36 16 13
48 0 20 4
41 25 10 5
25 6 18 9
10 17 8 8
39 14 16 4
41 6 20 0
46 16 16 5
15 13 19 38
18 40 9 17
27 11 27 5
44 17 27 48
5 23 10 12
41 10 14 28
49 17 7 10
45 12 30 9
7 0 8 17
22 3 1 7
46 15 14 10
22 34 25 47
49 2 20 9
21 4 19 11
6 42 14 25
23 6 5 3
19 6 30 39
8 4 18 11
21 8 9 20
49 13 13 20
43 7 3 19
47 0 13 24
22 7 42 30
10 46 10 1
6 21 4 11
19 34 11 15
25 2 11 21
21 6 16 17
32 15 25 43
44 13 45 32
15 39 7 18
41 16 17 7
39 20 14 11
11 43 14 18
37 16 17 45
26 8 14 16
49 1 8 19
15 8 17 14
21 45 30 2
49 4 11 18
5 48 42 17
16 41 24 6
44 11 21 36
4 13 7 17
10 27 12 7
13 11 24 0
46 3 49 41
12 8 2 9
36 25 24 49
48 10 25 10
25 47 11 20
0 24 18 5
49 3 0 14
14 8 14 16
14 25 4 20
44 18 10 15
16 12 26 15
23 34 30 44
49 2 46 44
23 4 19 24
23 6 20 4
44 11 25 7
45 4 15 40
45 14 21 11
15 33 24 15
43 14 1 7
24 9 13 13
24 10 47 30
46 14 1 28
22 10 17 6
16 3 24 25
22 47 8 14
11 6 18 2
21 26 26 11
41 14 15 11
45 3 25 46
49 3 16 45
21 31 5 11
25 9 19 2
49 0 2 25
24 26 27 6
44 14 24 1
25 45 14 21
43 15 11 12
26 40 25 33
20 29 9 1
42 18 22 20
12 18 7 8
47 11 13 18
21 9 17 47
48 1 48 47
22 7 13 41
43 11 32 34
28 24 19 2
13 26 8 10
41 14 27 0
4 18 9 7
25 22 14 9
5 0 9 23
11 11 27 2
37 42 19 7
10 2 10 17
3 16 20 8
41 5 18 5
23 6 28 38
26 36 19 49
22 5 4 15
49 3 27 1
0 41 18 34
21 38 23 3
17 32 10 1
3 0 6 15
40 15 30 8
43 15 9 8
46 17 32 11
48 14 20 6
20 21 25 1
11 38 21 48
34 14 20 6
41 20 26 6
22 39 22 7
44 16 11 4
9 41 16 48
8 48 20 4
42 12 29 4
23 6 2 8
13 0 32 44
45 15 4 18
45 22 16 23
25 10 8 11
48 19 27 32
31 26 3 16
16 43 8 19
49 5 3 13
20 41 15 10
47 2 18 30
41 7 13 1
42 15 2 16
16 30 25 1
7 19 17 17
12 5 4 16
21 8 32 23
11 5 6 0
39 8 21 6
39 19 16 3
13 3 19 11
5 24 7 9
19 1 16 17
26 6 6 16
24 9 16 20
2 9 21 7
42 12 25 13
38 17 1 14
15 39 15 17
23 47 7 19
45 13 18 48
30 45 1 5
8 20 28 45
13 46 13 17
8 4 28 32
3 10 22 45
18 42 25 9
20 33 25 17
22 46 3 24
22 2 20 21
22 29 28 7
25 8 18 10
2 4 40 36
13 47 12 27
8 8 25 17
41 9 14 26
5 36 0 5
43 10 47 48
32 11 25 3
13 11 29 29
45 16 26 44
29 25 21 10
43 13 10 15
43 14 19 1
8 38 27 5
7 44 34 11
49 15 24 18
15 19 31 25
23 4 27 9
25 29 29 4
42 14 8 12
22 4 22 29
48 6 3 10
20 8 15 16
25 5 8 10
24 24 8 20
49 3 25 7
20 30 18 6
17 25 9 2
36 37 1 19
11 49 26 4
22 7 29 7
21 17 19 6
44 19 18 15
10 34 42 39
20 34 18 46
40 13 24 49
23 8 13 16
48 1 11 7
27 29 23 2
48 14 14 15
24 11 20 2
48 0 31 3
25 10 29 3
15 20 12 5
21 9 10 13
25 13 39 43
22 4 5 9
39 12 8 6
9 0 31 47
41 17 27 38
21 5 11 11
49 5 14 18
14 1 30 6
43 11 23 32
49 9 5 9
49 2 24 20
9 6 20 16
42 15 14 5
41 10 12 9
20 38 19 1
10 12 23 21
36 30 2 14
26 33 11 5
43 13 17 14
25 12 11 16
49 5 15 15
48 4 1 19
40 14 2 3
21 12 2 11
45 6 22 14
17 11 13 0
26 5 14 13
20 44 25 6
13 7 26 10
30 29 24 4
20 30 29 17
28 9 13 30
21 2 17 40
42 11 16 46
23 27 19 47
47 13 29 40
7 3 1 15
46 3 18 10
17 49 46 34
24 6 11 10
48 24 19 13
17 23 29 41
22 3 26 11
48 13 19 1
47 9 4 32
46 20 29 46
26 19 9 0
24 6 11 14
41 16 9 43
3 45 27 6
28 36 7 3
49 1 13 8
16 39 29 1
28 47 3 15
47 14 11 12
25 29 19 4
21 6 7 17
9 48 12 37
8 16 11 10
21 1 25 2
13 11 17 2
46 1 11 9
39 12 2 23
20 39 10 2
45 6 17 16
47 19 23 46
4 30 12 27
31 32 8 10
11 36 6 10
17 33 12 10
7 8 20 7
19 49 6 12
40 17 18 11
42 14 20 5
22 3 12 31
24 38 24 3
27 18 16 45
49 10 6 15
24 6 8 9
42 18 15 13
24 6 6 13
19 4 23 30
12 5 14 8
40 19 17 44
48 2 10 19
25 24 13 9
25 45 20 13
22 30 23 8
25 12 6 2
33 38 1 21
23 37 15 6
25 28 3 15
24 26 35 8
44 16 32 28
46 4 22 7
17 45 30 45
48 1 10 5
13 3 30 37
19 16 14 8
7 10 27 12
8 21 6 9
19 36 7 13
43 9 7 14
5 39 30 26
12 8 2 12
19 6 27 7
25 5 30 4
32 12 11 44
21 29 37 42
46 15 14 1
16 9 15 2
42 15 19 4
29 6 46 39
40 17 11 3
15 39 14 31
46 3 27 4
42 20 24 4
46 12 29 48
44 17 18 3
49 0 2 11
18 32 9 9
49 7 13 12
19 30 9 26
13 25 22 14
19 37 22 17
24 4 33 26
21 9 16 7
42 14 24 13
31 48 24 9
10 45 16 20
29 11 28 4
10 6 18 8
4 3 47 33
6 49 5 16
24 42 7 12
35 34 15 48
27 8 17 26
25 6 14 4
14 13 35 46
47 1 24 14
44 15 11 7
15 6 33 48
26 7 12 17
47 4 20 3
29 47 10 48
18 12 26 1
44 18 27 46
6 2 1 12
43 18 7 17
2 13 10 18
17 25 3 9
21 9 23 5
44 12 14 14
45 12 40 22
11 33 26 39
14 23 12 11
9 4 28 27
24 8 18 12
25 5 20 8
17 17 20 32
42 15 17 7
14 49 21 7
9 40 22 4
13 38 26 3
10 26 11 18
40 17 20 30
47 2 8 13
43 15 14 15
5 10 23 44
19 13 27 33
9 20 32 43
48 5 24 5
48 15 25 8
43 17 12 27
49 13 13 3
44 8 19 7
48 16 28 34
6 7 13 7
45 13 5 18
41 13 24 12
12 36 38 45
46 18 22 43
40 13 24 4
49 13 15 19
43 12 1 22
46 1 11 16
26 25 6 20
43 13 16 1
25 35 22 8
34 48 4 36
23 49 13 5
20 28 19 12
9 44 2 8
32 35 11 11
18 29 10 19
47 16 34 27
24 5 28 46
43 10 18 29
44 15 16 17
15 26 24 8
49 19 20 15
5 0 7 19
8 17 33 25
15 46 35 42
35 49 27 44
22 22 13 2
13 7 10 23
22 12 17 5
41 14 29 2
23 23 29 11
42 11 14 21
9 19 24 12
45 12 5 15
21 39 38 29
17 31 12 10
20 6 25 19
28 8 13 23
23 8 33 2
16 45 19 12
9 23 4 8
49 2 13 12
47 6 26 3
26 8 20 18
5 19 7 8
3 46 25 21
38 11 27 41
10 43 21 12
26 5 10 15
12 27 15 7
41 10 7 23
24 7 7 7
21 7 47 35
2 45 30 7
43 14 37 4
17 28 22 48
25 9 13 12
12 46 2 20
45 15 1 9
12 33 35 43
22 9 27 35
25 28 18 47
45 12 44 48
38 16 9 3
23 8 4 10
19 45 10 15
25 7 12 24
35 32 16 15
40 15 19 0
43 16 21 10
9 48 19 18
44 18 2 5
49 5 21 8
44 16 20 40
26 8 25 4
12 19 8 15
31 11 11 5
21 6 16 36
15 37 4 5
29 17 26 4
45 0 49 32
13 15 20 44
45 9 31 12
44 8 10 14
23 11 31 9
16 49 18 5
38 16 11 20
18 3 9 8
15 25 13 0
25 28 15 5
13 10 10 1
46 4 15 2
20 6 23 22
48 5 7 22
22 7 17 24
27 38 33 30
23 31 17 5
31 49 11 12
43 14 6 2
14 0 10 24
20 44 21 1
21 5 21 11
24 6 17 5
8 36 21 44
45 17 19 3
5 16 23 2
17 8 21 46
8 17 14 8
30 21 0 10
45 9 17 39
49 3 2 32
38 18 21 16
29 38 4 10
35 47 24 9
45 9 3 12
23 22 8 3
42 16 36 34
43 9 12 16
22 38 5 19
16 0 5 15
12 36 16 16
44 24 19 3
40 17 19 4
30 42 31 46
45 6 5 29
31 35 15 8
9 21 17 26
46 12 30 37
43 6 41 48
22 48 24 8
21 43 41 23
45 13 28 46
25 8 4 28
25 4 35 14
23 7 19 24
38 36 9 20
22 29 7 17
48 2 18 20
15 10 27 44
25 4 20 35
20 25 32 32
24 29 29 47
17 42 37 33
10 17 7 13
35 11 42 49
23 36 13 5
43 14 28 3
2 20 17 12
45 4 9 28
27 20 25 5
11 24 28 3
27 23 21 27
49 14 4 15
17 23 25 11
44 20 17 12
22 34 20 46
41 22 20 41
25 43 21 11
46 4 14 8
32 49 2 9
21 6 0 15
44 8 25 6
16 0 49 39
41 22 16 6
44 5 10 6
41 15 8 2
42 16 13 6
27 4 20 47
47 17 17 18
19 21 34 45
47 9 27 47
25 6 1 24
46 2 19 18
46 17 13 12
34 37 27 41
47 1 11 17
21 1 12 13
11 27 19 8
28 37 13 21
25 10 5 0
36 32 11 4
37 32 3 2
22 5 9 21
47 4 27 29
22 8 36 12
1 15 1 10
39 11 23 4
7 45 29 4
43 15 39 43
44 19 34 43
24 8 19 42
24 47 8 11
12 8 6 39
7 32 35 15
38 5 7 6
44 10 23 8
17 41 1 8
40 16 5 10
16 35 4 18
9 32 16 6
37 3 22 32
26 6 3 42
22 30 6 30
44 17 19 11
25 8 1 9
49 16 14 5
11 19 21 7
43 12 24 5
26 6 14 6
43 0 8 21
4 37 16 0
6 42 28 2
25 6 9 17
27 33 19 0
31 27 37 31
47 1 26 16
7 36 20 20
43 11 8 28
17 49 23 9
8 25 20 3
45 17 21 39
49 4 4 14
12 45 4 16
33 13 5 14
26 25 7 16
43 14 31 42
15 44 48 8
46 3 42 42
49 15 29 8
41 12 23 23
17 46 29 5
48 2 21 9
29 11 20 0
3 10 20 6
40 15 11 14
38 21 21 7
48 16 3 9
44 17 28 10
28 47 13 7
45 4 3 6
7 38 25 11
26 10 20 0
10 1 28 35
47 3 16 29
46 6 23 4
7 3 19 15
11 36 8 4
19 36 5 11
22 48 41 40
30 45 3 22
45 19 24 9
46 18 5 13
23 10 1 13
43 22 24 8
30 45 25 12
11 16 22 10
25 39 7 13
7 8 25 46
47 2 21 12
45 7 23 7
45 20 15 8
11 6 23 16
45 9 22 48
48 15 25 0
16 44 15 6
8 10 30 4
23 7 25 3
24 42 16 39
42 9 27 13
48 10 14 11
40 11 3 21
10 2 15 46
48 19 22 7
42 19 25 28
47 12 8 13
8 6 12 19
10 4 12 23
40 31 27 36
14 11 20 5
17 41 45 43
43 12 5 49
43 20 9 22
22 30 8 13
20 4 26 13
14 25 12 16
24 4 29 10
45 1 25 4
46 13 13 12
12 2 16 36
26 8 10 24
29 12 2 16
41 15 23 13
44 10 15 9
9 11 25 8
2 35 14 10
15 20 15 11
20 39 29 8
28 7 14 9
13 17 22 11
28 37 22 9
11 6 49 4
34 6 23 3
41 16 18 32
49 1 20 20
11 37 2 0
43 15 22 6
45 17 2 7
41 15 7 16
12 4 25 8
47 8 13 17
15 18 18 2
22 17 4 20
49 7 11 13
23 23 20 10
46 14 25 11
18 49 25 8
37 27 26 9
12 4 23 12
42 12 4 24
10 7 18 6
35 42 3 6
40 9 30 2
44 21 17 12
28 42 38 0
19 4 12 19
25 35 15 17
22 38 24 8
1 16 3 2
10 5 22 13
33 34 20 32
25 10 18 9
49 2 18 5
46 13 20 14
43 18 24 5
47 2 24 4
46 11 28 10
31 44 16 12
