50 849 15461 800
9 29 21 30
34 39 5 37
10 23 21 37
20 32 14 30
31 16 19 42
42 45 35 25
17 41 26 49
49 24 47 12
44 25 37 5
35 44 16 20
13 40 45 2
29 15 8 20
18 12 49 23
43 43 48 7
12 17 33 29
36 20 38 6
25 15 5 46
18 26 8 22
23 10 13 12
27 30 13 39
30 33 19 36
22 44 32 27
14 10 45 27
48 23 7 37
33 15 22 41
3 48 32 19
25 27 43 6
37 34 17 47
31 19 31 13
12 6 29 49
11 26 37 41
24 22 24 38
12 46 16 45
21 40 19 47
15 24 26 49
20 15 24 35
35 14 38 35
23 15 30 38
33 15 36 10
26 49 10 29
32 19 34 49
15 40 36 8
32 13 22 36
20 21 27 36
6 13 22 44
8 17 7 32
11 11 29 37
48 35 35 24
25 40 43 12
17 12 28 49
26 44 47 1
29 40 26 47
33 13 40 0
14 0 27 46
14 36 27 34
27 29 41 10
12 35 30 18
35 18 45 1
43 21 11 22
40 36 18 45
32 25 38 9
34 34 30 21
30 48 0 44
8 43 40 9
5 10 22 40
43 36 22 10
32 16 27 20
32 20 19 42
34 26 21 39
24 42 21 49
18 14 21 21
36 36 33 32
18 44 41 35
17 10 20 16
11 30 18 39
36 15 17 26
3 21 47 40
28 15 14 46
6 17 49 9
9 46 42 0
31 18 49 5
17 3 35 42
27 41 14 36
41 31 35 45
26 49 37 42
33 15 37 5
32 16 28 35
24 30 6 23
20 23 49 4
7 46 29 41
12 47 23 28
35 20 23 32
32 36 25 47
37 16 3 21
48 7 2 22
31 15 18 37
34 4 48 13
18 6 40 5
18 22 40 46
17 42 17 37
13 20 38 9
36 16 29 38
17 11 11 40
16 9 19 33
30 43 36 35
15 11 46 1
9 22 12 36
12 17 48 11
19 12 17 35
39 28 41 4
8 21 12 46
28 17 24 31
31 43 47 2
16 34 12 48
13 47 6 45
0 3 5 47
7 31 19 43
15 10 24 38
32 42 47 2
29 49 21 36
36 8 20 47
19 45 22 43
31 31 7 48
20 8 15 33
26 42 5 20
21 30 25 32
12 45 47 10
26 49 9 31
18 29 44 13
17 10 16 37
15 10 44 7
12 24 27 35
36 16 29 26
40 12 32 4
27 10 17 28
34 16 17 29
11 42 28 16
17 13 41 41
40 36 10 32
18 8 36 5
32 14 43 21
13 25 25 28
14 13 40 24
15 32 36 29
7 2 21 49
9 42 15 42
18 43 14 3
3 18 13 30
29 15 48 13
34 13 23 35
38 25 22 23
24 44 9 17
45 29 23 23
18 15 31 36
45 26 23 43
18 27 46 1
25 32 19 34
48 9 20 41
19 49 23 40
23 27 44 8
17 20 39 13
48 12 39 7
27 49 23 40
9 31 48 7
33 17 47 0
15 12 11 35
36 18 21 49
8 46 12 39
3 25 23 48
39 24 5 23
9 0 32 4
34 17 10 23
15 10 14 25
26 38 39 4
22 15 42 35
8 19 11 44
8 5 49 44
10 42 20 30
13 21 24 24
37 5 7 44
29 24 32 0
46 40 24 44
39 12 19 15
37 34 42 8
32 14 27 30
20 10 10 46
41 19 30 40
8 17 41 9
35 14 34 19
29 27 35 21
33 18 0 28
35 44 36 1
5 13 27 42
17 15 15 42
21 43 49 14
12 42 13 33
13 20 27 47
18 26 22 34
28 8 45 5
34 26 39 42
30 14 49 3
34 31 14 28
19 48 16 3
28 31 39 12
49 49 39 13
15 42 34 49
5 38 17 43
35 10 29 29
19 11 41 6
30 46 15 46
13 18 46 27
15 16 13 42
19 10 11 33
19 9 15 29
9 20 3 41
34 17 13 28
24 49 42 35
48 35 33 35
2 5 22 42
31 35 23 33
12 28 8 39
15 9 30 33
28 44 0 44
11 33 34 9
14 43 45 7
7 49 47 5
17 11 4 24
33 17 31 33
17 40 28 38
18 10 45 19
34 17 49 13
25 34 46 5
6 42 26 23
13 12 19 40
19 35 25 35
17 15 42 14
20 46 19 19
8 27 2 32
24 47 27 33
31 21 25 33
24 26 39 2
9 32 35 8
16 7 7 31
20 34 31 9
29 32 12 43
35 7 26 43
25 27 39 5
30 23 0 37
21 38 13 36
29 44 42 13
38 15 24 37
16 9 11 15
37 16 12 22
20 12 6 34
42 14 31 48
20 30 39 25
8 45 44 4
27 47 42 45
22 49 9 23
9 28 29 27
39 41 47 11
32 18 15 45
44 19 32 45
4 33 36 0
19 7 24 40
23 35 43 2
16 12 36 1
31 16 9 35
6 11 39 13
24 34 31 20
38 11 24 41
18 4 41 5
39 29 42 2
31 17 47 0
46 38 17 10
1 0 12 40
15 13 28 41
22 15 43 7
9 45 49 8
43 17 31 22
21 24 18 37
36 17 18 19
39 35 47 13
0 12 6 47
22 10 49 18
4 33 24 24
5 7 11 38
16 12 40 7
35 20 23 46
26 40 48 31
19 8 18 44
2 17 30 27
8 14 31 32
15 25 9 23
14 25 45 1
24 44 11 33
30 42 25 19
12 47 45 10
40 6 28 39
31 15 15 23
27 42 16 44
0 46 26 48
10 37 35 3
36 35 19 28
10 46 43 2
31 16 16 40
37 26 27 30
17 45 3 13
21 15 21 28
35 37 36 1
41 44 21 41
3 47 16 45
2 26 44 6
33 17 45 9
33 15 23 37
6 46 38 1
33 17 9 32
21 27 9 48
17 13 42 12
22 40 21 27
16 11 42 5
44 27 28 40
12 14 22 18
42 32 49 10
1 41 22 42
21 44 44 3
27 17 17 32
31 15 21 37
44 13 17 49
24 47 36 13
33 15 45 10
7 13 6 30
41 19 15 46
26 5 46 2
2 42 27 39
42 35 12 9
31 45 42 5
24 45 30 41
32 20 41 2
12 18 40 27
31 7 40 0
33 47 30 35
19 35 11 13
17 20 33 33
32 20 4 40
29 28 11 9
15 23 20 34
29 18 5 35
18 23 35 41
21 33 13 35
5 36 31 43
4 48 20 46
8 48 43 13
23 47 49 4
7 49 21 15
18 10 13 47
32 19 17 39
33 18 10 49
11 11 49 1
4 11 32 11
9 48 35 0
15 11 23 34
19 29 31 44
18 30 23 26
44 45 26 15
15 28 15 49
19 11 32 32
26 46 2 45
25 39 7 35
19 17 24 17
18 9 46 15
12 49 26 47
27 22 22 47
24 23 41 7
18 11 23 29
32 15 9 7
20 10 14 26
12 28 13 42
34 9 43 4
20 32 29 35
41 20 19 44
26 10 49 4
9 49 4 47
21 44 42 3
17 46 14 49
38 39 42 44
40 3 30 27
31 24 31 42
16 12 9 34
21 39 29 47
32 16 15 41
31 18 27 49
6 20 36 41
11 22 25 49
44 47 34 45
46 31 40 7
34 14 39 1
16 8 38 0
34 16 9 40
36 19 1 49
18 10 6 27
32 15 46 2
24 25 31 31
45 0 49 1
30 14 17 43
32 10 15 25
28 19 15 31
17 10 38 35
37 22 18 34
15 24 45 0
47 37 37 33
43 15 47 3
32 19 32 0
2 47 44 6
27 46 31 35
27 24 44 4
7 35 12 39
34 16 14 38
9 42 46 1
4 3 16 31
14 25 32 30
15 8 23 44
15 26 34 40
30 23 12 15
17 11 6 27
15 32 19 42
20 13 16 47
17 10 47 0
38 49 19 36
33 19 37 25
10 16 43 4
15 11 23 42
25 44 44 1
34 22 21 25
1 30 18 35
19 32 30 46
23 39 44 6
32 16 49 13
20 11 42 6
14 13 34 47
13 42 37 4
32 18 11 26
18 13 10 30
35 16 15 31
47 44 28 39
31 14 34 45
10 39 24 40
44 37 44 43
22 28 22 46
41 34 32 15
34 19 11 42
19 41 10 23
17 10 33 46
32 14 36 43
32 19 12 49
10 41 39 0
9 47 41 31
30 18 24 37
23 39 27 26
31 17 30 39
40 24 25 33
36 6 24 35
20 43 37 5
1 47 25 37
17 34 37 26
2 43 18 21
28 9 11 37
23 28 38 7
44 20 30 41
9 32 19 43
10 29 41 10
29 41 16 27
25 11 32 33
1 3 12 40
21 10 33 3
5 26 29 44
26 21 21 15
11 47 44 1
42 23 9 48
33 18 21 37
13 35 11 29
24 14 10 45
5 28 47 4
5 26 25 20
35 22 48 10
33 19 33 7
30 13 24 37
32 36 24 33
38 27 37 10
37 28 20 38
8 27 35 4
2 29 28 43
38 16 10 42
6 46 48 5
17 36 1 48
37 29 33 48
11 7 13 42
43 9 48 7
24 43 27 34
9 16 28 24
36 15 27 43
31 18 1 31
21 33 41 5
43 4 16 11
47 15 21 44
36 27 15 38
14 17 37 22
36 13 24 49
24 31 21 38
28 44 25 13
27 10 10 29
31 25 39 11
4 37 17 13
6 33 14 33
11 19 27 43
36 49 24 45
11 40 33 46
17 11 12 22
29 49 14 36
36 20 42 9
14 2 29 31
48 45 11 39
31 43 19 41
1 47 44 2
19 19 28 40
40 34 18 8
36 18 28 29
6 15 22 46
23 7 43 34
46 16 15 42
44 39 47 17
29 28 2 29
4 41 44 7
26 22 30 30
33 46 18 31
36 14 42 12
27 21 12 36
24 23 14 43
34 19 2 8
7 33 33 45
28 21 34 36
32 15 39 14
40 11 24 34
9 38 38 2
5 35 29 37
22 39 41 10
4 16 39 1
16 7 14 43
12 45 38 31
2 16 47 2
37 26 45 31
15 48 7 29
16 9 19 45
33 18 13 43
17 12 23 48
36 31 16 26
33 37 42 2
45 22 11 41
32 30 25 9
23 0 43 2
14 20 11 35
11 32 16 43
18 33 14 42
10 31 35 20
43 6 15 15
13 13 38 31
18 46 29 44
13 10 29 42
28 27 37 4
16 27 21 23
15 9 33 35
17 29 36 3
19 25 46 6
9 40 21 8
38 21 28 40
24 32 34 38
25 31 34 34
26 30 25 42
21 42 30 48
25 29 28 23
33 45 34 6
30 28 27 14
18 38 17 29
13 15 32 15
33 49 20 42
35 18 41 0
4 11 22 28
33 16 28 25
13 11 21 24
19 34 8 33
37 18 3 46
33 25 32 30
24 23 22 43
14 46 29 46
6 12 28 16
29 47 18 39
5 5 23 46
7 16 8 37
18 7 18 48
28 19 22 41
17 35 8 4
21 37 37 41
28 10 20 48
13 14 30 22
48 20 29 36
41 49 14 27
30 42 46 4
15 23 34 7
17 28 47 5
35 11 38 17
16 35 26 36
30 36 26 49
46 4 48 0
34 17 29 25
21 2 44 7
36 15 24 38
19 4 34 39
18 8 19 46
9 18 9 43
3 1 33 35
49 20 22 43
17 49 49 9
49 35 19 16
36 27 34 49
35 15 40 7
35 15 20 31
35 20 5 7
42 14 49 3
9 41 21 49
44 29 26 29
18 31 48 1
28 38 21 42
5 44 45 14
22 34 25 19
39 48 18 42
21 15 44 9
5 15 48 10
33 14 47 4
8 41 45 9
19 12 20 30
11 24 33 1
32 14 15 30
20 36 6 14
11 15 45 2
47 43 16 44
18 42 34 7
46 25 24 38
30 15 8 13
22 47 37 20
20 8 30 14
18 20 35 33
45 45 12 43
40 43 39 3
19 24 20 18
16 18 24 48
16 8 22 46
43 40 1 34
7 18 20 17
17 10 18 29
43 2 44 6
5 25 3 48
7 38 13 43
13 37 17 21
5 6 25 35
30 45 18 40
14 46 40 0
27 38 3 13
30 41 47 10
23 7 29 18
43 17 18 45
12 20 40 5
25 39 48 0
9 48 39 43
5 6 28 35
8 44 36 10
18 5 22 31
48 46 21 49
21 43 7 48
23 35 37 36
28 25 31 27
7 31 21 22
39 26 47 3
11 30 0 15
12 1 29 27
8 32 41 4
8 17 31 41
18 19 43 7
22 41 5 37
16 44 43 0
33 20 16 48
23 49 26 36
8 6 21 48
16 35 12 28
4 1 48 9
44 36 20 32
32 46 8 25
44 32 40 15
16 11 24 49
11 9 46 3
12 12 39 0
15 7 19 35
16 10 25 43
34 35 20 32
13 31 12 11
4 36 30 25
33 20 34 34
11 26 18 11
32 20 48 5
32 48 44 5
35 35 28 30
29 46 17 13
35 17 5 26
3 0 11 39
31 14 24 46
31 13 25 43
20 8 13 37
35 11 20 29
7 49 33 28
17 8 48 10
35 27 20 40
25 44 20 42
15 16 24 46
17 12 39 2
28 20 22 48
34 17 21 25
25 44 32 35
22 12 41 3
8 46 0 35
20 26 30 7
27 37 48 4
15 34 12 46
38 7 2 32
14 30 37 0
9 49 7 30
41 19 19 41
28 47 38 47
19 12 40 17
17 13 35 40
29 19 31 45
5 28 45 4
21 13 13 27
32 17 24 16
34 15 46 5
24 26 14 35
18 7 28 28
28 14 37 42
17 12 24 18
16 9 27 47
20 44 36 24
49 46 21 35
17 28 49 7
37 34 33 26
48 46 43 11
33 9 28 47
35 15 13 48
7 26 18 32
32 19 29 38
27 13 38 5
5 29 12 26
40 7 27 29
8 14 32 30
27 49 48 0
30 18 36 15
31 14 20 38
8 36 25 31
37 49 32 29
30 46 26 35
40 19 40 8
9 33 14 43
29 16 12 45
25 45 6 22
18 20 41 33
46 22 44 49
27 47 16 47
19 11 24 36
10 48 16 42
39 48 13 39
10 19 21 39
5 45 45 9
32 44 5 28
10 34 12 30
45 6 41 0
15 7 13 41
25 36 36 4
13 10 11 39
14 10 39 14
44 25 30 9
2 48 11 43
39 49 0 29
28 28 22 11
10 23 45 0
36 18 41 0
13 30 27 34
29 6 28 44
13 18 32 44
29 29 47 2
19 29 45 8
36 21 29 33
17 23 35 48
18 16 42 6
20 23 25 27
27 14 43 5
16 26 17 45
1 6 40 4
37 17 49 4
45 16 28 45
15 12 15 36
27 36 48 2
10 42 46 5
23 47 46 5
30 6 36 22
17 23 39 11
12 36 42 1
24 6 3 32
11 17 21 44
16 27 47 13
33 15 11 48
33 18 26 40
14 36 16 32
18 9 0 19
22 14 41 29
16 13 42 1
24 27 18 36
23 31 31 30
29 33 48 2
24 15 19 25
20 30 24 44
2 4 42 8
23 41 45 13
28 20 23 40
19 9 47 4
28 39 41 16
23 40 16 34
23 34 45 8
34 24 13 43
35 17 21 28
36 19 23 30
6 28 40 4
43 17 14 27
24 28 34 14
8 7 31 5
49 37 48 4
27 48 22 38
19 13 36 45
16 23 21 23
32 13 35 36
31 41 33 46
35 16 21 39
17 11 49 1
