50 100 17979 800
37 39 10 3
7 42 32 49
42 0 34 28
41 21 22 30
39 40 14 49
19 3 23 38
43 7 44 25
45 25 47 28
14 29 43 14
48 9 3 1
26 43 27 32
31 23 46 10
36 3 13 1
40 15 44 47
6 14 36 20
48 12 39 13
16 0 35 39
19 47 40 15
2 36 40 21
9 10 19 40
34 14 24 40
32 43 34 12
41 17 46 9
19 14 45 25
49 47 7 0
4 5 37 45
2 35 33 36
49 29 36 16
28 7 49 13
5 35 19 17
5 16 38 39
46 7 38 40
5 19 24 49
17 18 37 32
6 0 13 4
30 15 32 36
33 12 45 29
3 30 22 12
38 8 35 31
7 7 32 37
46 31 40 37
34 10 35 18
28 16 38 34
1 27 17 45
40 12 35 46
2 33 7 2
10 31 40 29
2 29 20 19
42 12 47 12
36 29 4 0
1 36 40 12
14 5 36 38
39 12 23 30
8 36 44 34
4 42 34 40
16 5 31 34
9 5 32 40
38 24 3 12
7 38 16 46
24 15 44 6
44 29 47 47
8 33 35 38
2 37 35 43
4 36 8 12
38 2 38 18
40 20 47 19
11 38 34 35
4 39 34 35
2 34 33 33
32 32 14 3
23 11 42 46
48 21 26 41
35 5 27 23
5 34 12 37
32 30 48 28
3 32 30 48
21 30 12 19
2 40 31 32
43 23 25 33
43 17 36 3
10 36 44 48
37 3 45 6
44 9 33 34
16 30 48 46
10 27 27 26
10 18 32 21
43 22 46 48
5 37 35 27
26 6 30 24
0 39 39 37
44 13 45 19
33 23 5 23
27 10 45 47
43 20 22 19
40 25 36 19
6 31 38 38
41 20 34 42
47 7 16 22
34 39 35 33
44 23 25 37
