50 93 17396 800
16 25 44 26
15 4 15 19
36 36 11 21
0 27 19 39
35 9 13 13
7 13 34 1
19 34 27 44
21 36 10 17
15 4 11 15
20 1 21 30
31 16 25 13
17 24 40 20
17 30 12 13
16 26 47 22
14 0 12 19
13 35 11 20
25 33 24 26
22 26 46 23
20 13 20 40
18 0 33 49
28 12 20 49
14 9 42 24
16 4 15 34
10 33 19 18
12 11 26 38
15 10 16 20
13 32 9 12
19 29 19 39
44 6 20 4
21 23 42 14
43 24 10 17
29 30 11 22
15 28 23 40
23 40 11 16
35 30 14 15
19 31 23 13
20 18 13 19
10 7 38 19
26 42 11 18
23 11 48 26
28 26 19 18
2 12 19 2
1 12 28 39
17 12 14 20
21 23 17 49
16 4 23 43
16 29 44 26
18 12 11 22
34 20 15 20
19 28 42 21
19 7 43 31
23 0 22 6
17 24 9 23
23 14 49 24
22 37 9 33
16 28 18 42
22 4 18 17
34 24 10 16
30 30 47 18
8 33 47 17
5 44 35 42
3 3 48 28
18 32 11 3
20 30 36 48
23 20 24 15
10 12 24 47
14 34 43 31
46 5 15 45
11 3 11 18
33 7 12 22
17 38 45 27
18 29 19 38
14 23 3 36
12 32 46 25
25 24 35 0
45 35 46 19
13 3 47 23
10 8 15 23
37 33 14 25
19 28 17 46
14 11 10 18
8 1 8 16
12 5 13 16
17 29 32 21
27 39 22 45
14 20 13 16
33 26 10 19
34 24 22 3
3 8 12 19
14 27 13 18
20 26 46 23
7 23 44 34
16 31 13 27
