50 1101 13475 800
12 34 43 19
41 11 10 22
26 45 5 20
35 13 31 49
25 28 29 29
40 41 0 28
35 18 49 16
28 40 9 37
32 45 31 15
36 23 30 38
24 47 6 9
49 31 32 41
17 33 45 12
38 15 20 36
28 43 42 20
26 43 31 33
14 33 16 43
46 22 18 26
45 48 10 12
27 6 18 21
21 11 39 17
21 49 42 5
35 48 39 11
25 35 29 43
39 35 29 16
36 41 10 24
30 12 17 23
45 7 27 47
45 34 18 18
15 30 10 21
40 14 30 13
26 12 33 2
49 45 27 15
32 41 15 20
9 9 6 26
30 49 37 36
31 17 22 43
17 23 5 43
45 42 37 23
46 36 9 17
37 6 15 23
25 36 37 24
38 44 16 29
37 49 40 41
28 42 37 45
36 37 35 23
13 6 30 13
31 49 25 21
33 43 1 42
37 41 23 28
6 30 29 11
44 19 3 12
28 11 34 32
41 7 27 36
32 48 36 14
24 41 11 19
31 47 33 15
41 37 7 28
26 42 24 8
33 31 37 44
34 11 14 19
23 26 26 37
19 32 28 10
34 9 1 47
32 45 4 47
27 47 10 16
2 48 30 48
27 6 37 22
21 34 4 39
18 33 16 40
37 44 16 17
35 26 29 6
14 8 34 43
22 22 9 31
36 46 43 46
35 43 29 24
26 5 29 40
29 37 39 19
48 40 43 39
27 49 18 22
18 13 33 19
31 41 33 21
44 36 41 19
40 24 20 24
35 43 27 33
39 44 35 24
43 48 30 37
39 44 9 21
33 18 26 6
33 40 42 21
43 12 32 39
21 11 49 18
42 42 43 22
38 4 30 22
9 9 14 26
8 23 23 14
35 37 38 23
29 29 12 37
48 45 22 24
27 39 31 6
16 40 11 34
28 36 22 14
22 7 30 29
44 9 7 40
47 36 25 20
27 10 10 17
11 7 19 19
27 9 14 19
26 34 30 16
36 3 40 48
38 41 19 17
35 19 2 16
14 11 17 29
10 31 4 39
31 44 31 20
20 6 29 40
32 48 13 17
28 13 4 34
36 44 33 12
18 34 21 22
32 47 10 41
29 31 3 33
39 13 48 46
47 30 11 24
33 45 27 25
46 47 17 6
45 13 25 12
27 12 13 20
39 36 26 42
29 4 36 17
38 17 28 0
29 45 47 42
23 10 35 21
30 44 28 19
27 38 6 15
47 12 10 23
18 47 44 13
28 14 9 28
43 36 22 12
46 35 7 34
32 49 31 19
22 13 32 10
44 34 23 13
36 36 14 23
38 32 28 43
24 37 33 43
30 28 35 17
28 17 40 12
34 29 41 3
38 48 28 25
32 40 5 20
28 48 40 28
33 34 37 18
34 18 39 14
35 37 38 18
31 46 18 12
33 31 31 35
38 5 31 14
25 30 1 40
47 7 11 38
6 29 27 13
29 39 24 24
25 46 41 39
40 37 40 19
45 32 35 16
38 33 45 22
24 38 9 20
33 45 46 21
24 46 22 43
32 23 36 16
15 9 19 37
6 37 30 20
43 33 27 26
40 40 27 18
31 44 32 21
47 37 27 37
39 13 12 17
33 49 45 0
25 4 36 17
32 35 4 19
43 32 30 18
35 4 16 37
17 16 10 23
33 44 40 31
8 12 37 0
33 44 5 24
40 32 11 38
36 10 6 35
25 15 16 31
19 9 4 41
30 39 12 20
28 45 28 20
10 45 33 22
4 11 10 18
40 14 6 14
29 12 30 17
46 3 16 20
15 30 34 19
33 18 39 38
17 8 39 20
18 25 30 17
27 10 12 17
45 5 15 44
39 14 38 4
26 6 30 25
11 30 27 17
42 4 37 43
32 39 37 25
13 43 36 23
40 36 40 14
40 33 26 22
20 16 16 39
23 10 19 35
47 10 30 17
36 12 16 22
42 41 27 20
45 21 37 17
24 42 22 19
37 47 7 42
43 8 39 24
38 11 32 10
47 37 39 20
44 5 39 14
29 35 42 22
34 30 14 19
38 10 30 2
41 22 1 23
26 37 41 25
34 26 40 15
39 5 20 26
20 41 25 25
45 35 29 20
0 36 49 37
41 22 37 18
31 48 38 15
32 11 15 18
31 20 41 6
29 10 42 32
17 12 28 29
16 35 22 32
11 35 33 14
2 13 15 16
31 8 40 46
41 5 42 33
34 15 45 9
42 2 27 23
40 34 34 22
24 49 9 21
46 32 36 17
22 37 9 34
17 29 46 23
45 6 39 18
41 34 27 21
21 13 27 21
47 32 14 22
49 49 34 7
35 26 29 4
45 20 15 42
36 26 26 5
39 11 38 0
7 8 31 24
38 5 28 28
38 35 29 20
26 24 38 20
19 31 12 16
25 48 38 39
43 11 2 17
35 44 33 29
48 13 27 18
9 17 11 41
24 20 27 12
28 49 28 25
39 44 21 1
22 12 12 22
26 15 14 36
34 46 32 16
43 30 30 19
32 20 40 11
13 33 8 24
31 37 39 17
38 37 39 42
47 29 33 25
46 32 30 19
31 36 34 24
12 30 15 18
29 41 9 32
11 1 38 29
35 27 13 35
45 40 40 9
36 38 42 10
36 6 43 23
41 42 26 19
49 47 44 47
36 44 28 32
17 34 12 21
25 10 33 29
19 32 12 34
24 38 37 21
28 46 10 28
41 4 8 21
25 32 42 8
41 4 29 21
27 44 39 18
37 45 10 30
29 41 36 28
42 4 28 24
17 26 11 26
29 33 4 19
21 28 27 38
29 43 27 9
46 22 29 17
30 2 30 16
31 5 15 31
22 13 46 26
42 26 27 23
39 5 29 24
26 44 10 17
18 33 13 28
9 16 29 32
47 4 17 28
20 10 34 10
22 43 48 24
33 12 28 21
30 23 8 26
34 49 31 19
46 21 9 16
30 7 16 15
21 45 23 42
35 26 47 28
35 42 37 19
26 45 31 16
43 26 4 34
6 3 21 39
39 37 10 35
19 48 40 6
8 15 28 34
24 8 4 21
24 40 30 27
23 14 12 25
40 42 22 25
34 48 8 8
34 28 31 15
14 31 44 24
33 19 37 13
32 47 35 29
20 33 23 27
49 47 29 42
36 17 33 13
22 7 14 16
48 40 18 23
34 47 15 38
39 9 33 16
31 46 18 10
44 19 29 39
40 24 29 30
29 46 24 30
31 38 37 1
8 10 39 9
49 40 43 23
3 30 38 20
18 32 36 5
30 49 28 41
12 6 3 35
41 30 17 19
25 40 33 18
42 13 14 24
38 26 24 31
29 26 18 39
30 7 31 40
30 37 14 44
0 27 14 22
41 30 44 7
31 33 24 34
21 12 12 30
30 10 27 21
22 3 29 41
26 10 44 28
18 17 31 45
21 9 32 44
38 34 27 26
26 5 17 44
45 14 30 22
35 44 23 5
49 31 13 12
36 35 33 11
31 44 12 32
17 36 33 8
31 10 7 14
24 44 34 22
14 28 35 39
46 6 42 18
44 7 9 28
31 39 15 20
30 33 36 6
41 13 17 24
26 40 10 20
38 29 39 5
32 43 19 34
39 24 40 49
46 41 10 26
23 35 38 3
23 13 15 13
44 32 15 12
47 6 24 18
14 28 36 35
22 6 15 39
22 12 40 7
43 29 11 16
17 36 35 18
13 34 31 7
25 12 25 41
29 14 29 6
37 2 30 11
41 39 11 31
41 32 26 27
26 9 29 28
35 18 14 19
43 0 39 15
45 26 42 13
16 36 34 4
37 46 33 37
34 24 37 49
30 38 9 32
26 25 16 23
37 40 10 45
31 47 8 17
41 40 37 23
26 30 40 32
28 4 20 37
25 22 47 34
17 38 38 21
25 37 30 17
38 47 30 7
29 49 36 23
19 18 12 31
33 49 22 35
38 37 31 20
39 10 35 20
41 33 8 12
20 10 41 14
30 29 44 40
48 42 31 14
15 23 30 19
31 40 32 2
7 11 33 12
37 5 32 20
10 35 24 29
37 17 29 17
22 28 36 34
38 27 5 17
40 13 35 13
33 41 29 18
21 29 40 32
33 48 15 16
45 18 31 16
43 8 13 23
23 44 27 9
39 46 35 10
26 41 32 18
38 46 11 22
49 21 17 45
38 39 42 24
38 6 31 24
43 20 21 23
49 38 47 13
35 27 6 6
24 8 48 25
36 40 34 12
44 15 10 23
33 42 43 10
18 4 7 4
29 43 43 17
45 7 5 25
46 4 46 33
17 23 19 41
35 41 35 29
24 39 31 31
34 8 21 24
38 16 29 20
32 12 31 39
20 15 9 35
36 41 28 37
42 39 19 36
35 30 4 45
24 17 29 1
40 47 42 6
29 3 15 36
40 28 26 36
44 11 21 25
39 34 49 1
30 33 6 23
18 7 11 21
19 41 25 40
44 7 23 12
21 10 44 27
32 4 17 20
34 38 49 12
46 31 31 19
17 32 29 4
34 46 35 22
48 26 28 27
45 29 29 16
26 15 33 14
41 31 47 33
39 4 27 38
29 12 45 28
42 13 22 33
47 31 35 26
8 10 37 15
16 24 29 15
28 8 11 17
29 46 29 18
24 32 36 17
48 26 45 45
27 41 8 39
40 25 7 13
47 37 34 23
30 41 20 30
36 46 1 32
14 29 12 35
34 45 28 38
28 12 36 17
47 34 49 15
33 45 11 24
42 5 3 37
46 23 15 6
31 36 18 39
35 46 42 38
1 38 29 20
38 19 33 12
30 39 34 29
39 27 13 22
8 4 36 41
36 13 7 43
43 7 36 20
5 10 31 5
29 47 11 20
35 10 8 20
31 43 36 15
11 20 33 20
16 32 22 36
12 32 42 36
29 46 24 13
32 16 11 13
8 20 6 47
28 10 27 16
15 13 24 4
27 42 29 20
20 14 10 17
35 40 25 44
18 18 23 27
22 16 24 40
23 14 33 12
13 33 15 26
15 38 38 18
33 39 14 15
32 48 24 15
7 11 32 38
29 24 21 38
23 23 1 7
39 25 3 15
42 22 45 18
34 21 36 30
15 31 36 26
41 22 31 14
29 12 15 24
28 41 29 19
0 11 11 15
35 34 23 38
41 23 11 9
43 32 42 9
34 41 38 35
44 15 36 18
41 23 6 35
41 46 25 16
39 13 4 27
23 45 20 24
36 48 24 16
39 48 9 18
46 8 16 45
11 23 37 37
39 20 31 42
18 10 12 22
16 43 22 25
23 26 23 44
44 1 23 36
37 15 10 27
19 6 48 31
44 35 40 36
22 4 27 38
43 21 9 23
39 2 28 29
40 36 44 3
36 40 33 19
37 11 21 33
24 9 13 21
42 9 41 21
38 4 32 38
33 42 17 14
21 15 40 32
34 45 44 15
48 33 13 25
32 44 23 6
28 28 45 19
44 7 23 36
33 42 28 26
41 4 1 8
34 48 8 40
41 45 34 24
24 14 41 38
39 23 11 26
31 5 3 29
35 42 27 17
28 42 25 44
32 37 34 21
38 18 16 16
24 43 42 21
25 37 31 23
32 41 13 19
38 25 35 9
25 20 10 20
7 11 36 20
31 48 33 27
36 29 8 17
38 12 28 22
31 33 36 10
47 8 12 25
36 48 18 29
45 23 48 27
26 41 9 20
38 11 44 17
28 39 41 8
43 27 40 45
22 25 33 18
25 3 33 21
20 30 7 10
35 49 37 24
43 32 23 21
27 49 28 41
39 12 23 49
28 32 20 36
42 14 23 17
38 5 28 22
11 30 36 21
37 49 9 27
22 14 41 8
36 3 26 17
40 16 39 6
44 44 24 10
20 7 45 10
30 48 30 12
27 40 33 13
16 8 12 18
39 40 11 26
45 35 26 18
29 4 22 49
36 10 12 20
36 9 32 28
5 33 46 15
42 41 10 23
41 37 27 49
22 27 15 22
39 34 44 36
46 30 14 16
46 41 23 36
34 46 35 22
15 23 19 18
31 44 11 20
40 35 34 32
14 46 16 36
38 31 30 18
47 39 8 32
36 26 33 19
45 31 13 36
36 19 34 4
28 1 13 43
19 33 38 18
29 4 9 30
36 29 14 37
31 39 11 26
49 34 31 16
21 23 37 9
36 42 40 6
31 45 37 24
47 35 45 32
37 10 6 34
27 40 30 21
38 35 46 19
36 43 11 21
12 9 32 0
43 17 27 16
31 45 32 26
31 48 29 21
21 36 38 7
34 48 42 43
40 30 6 12
30 43 31 15
36 40 30 22
34 32 26 17
3 14 29 35
49 3 24 11
9 49 13 25
31 46 16 38
36 11 37 18
15 28 5 7
39 47 2 18
34 43 8 39
27 27 33 22
13 40 13 27
25 8 21 17
15 26 30 40
39 26 33 22
26 38 29 35
17 14 47 6
39 11 38 20
7 8 8 40
36 47 37 19
29 21 33 13
47 15 9 18
35 48 14 17
27 46 21 17
42 8 16 21
18 6 34 18
25 36 11 15
30 35 14 23
46 39 42 14
47 25 43 37
33 8 31 15
44 22 34 28
8 25 47 29
19 10 34 14
36 13 18 15
35 42 3 17
30 45 29 23
35 32 8 42
19 27 39 15
31 45 17 25
43 25 26 22
32 46 35 36
26 43 37 18
16 31 45 32
40 8 38 21
41 7 19 19
35 42 40 17
10 23 18 40
19 36 10 38
49 37 23 3
43 5 42 10
26 45 38 14
36 15 13 23
35 47 16 16
40 30 42 38
12 11 11 16
7 38 4 49
37 4 10 21
43 0 39 23
17 31 10 31
37 3 29 40
37 38 44 48
42 5 23 18
1 8 12 29
41 35 33 2
31 48 13 1
34 44 15 18
30 15 43 20
28 14 15 47
31 36 26 43
32 15 41 7
39 49 30 14
25 35 29 22
28 41 11 27
48 12 16 18
26 10 36 26
45 12 30 23
47 14 44 24
26 41 25 27
31 38 35 24
29 24 49 16
17 24 26 27
39 13 44 18
27 6 37 43
40 38 6 18
34 13 15 28
30 42 12 32
18 7 28 17
35 38 18 26
5 5 32 36
5 20 9 21
33 4 11 28
29 24 7 40
49 36 44 16
31 26 18 12
7 43 10 14
18 28 12 14
28 49 35 6
16 25 36 26
28 43 14 17
29 49 34 47
44 45 45 26
11 37 36 8
34 45 15 27
38 40 36 34
32 8 28 41
30 43 18 16
33 49 33 36
9 40 33 14
16 28 43 14
19 8 23 14
18 11 46 12
19 20 17 40
23 14 26 12
16 33 9 36
21 35 34 21
36 38 32 18
46 2 33 16
45 40 12 31
21 12 8 21
38 34 30 19
31 47 36 17
19 25 48 19
31 33 14 15
17 37 14 23
10 33 29 20
29 48 24 21
32 4 28 17
31 21 36 27
18 11 23 12
45 17 43 23
35 43 42 16
34 46 26 16
9 28 25 14
39 49 26 6
31 42 9 20
27 42 26 21
37 24 28 43
20 25 21 31
35 5 43 25
18 12 40 48
30 27 39 28
35 42 44 16
40 33 15 35
43 8 34 18
41 30 13 23
17 17 5 2
45 13 12 17
39 11 31 22
39 40 29 16
36 40 30 27
26 7 46 24
43 37 42 9
32 40 33 15
36 37 41 29
27 43 25 25
26 15 36 28
25 8 8 32
47 23 32 30
22 9 15 21
30 49 11 8
19 15 36 25
34 20 24 48
24 1 29 30
37 33 24 2
43 25 47 31
32 47 33 17
22 31 42 35
35 45 28 13
19 31 44 47
41 4 34 26
41 21 11 18
39 44 16 17
36 44 30 8
33 43 7 17
33 38 14 19
43 24 43 13
19 33 8 28
24 43 38 19
33 6 49 14
34 12 16 33
44 46 33 13
34 43 10 35
45 26 31 41
31 45 10 27
35 14 42 3
31 36 4 44
12 8 11 25
49 43 34 33
2 26 16 36
37 13 29 27
29 9 15 25
19 13 33 45
21 28 40 2
38 47 29 39
27 10 25 17
9 25 2 19
20 42 6 17
36 43 32 16
42 18 34 13
25 36 38 27
46 10 0 25
40 37 13 14
42 18 9 14
38 37 31 2
39 33 34 42
24 12 38 9
35 44 39 23
36 46 40 18
43 11 38 21
33 44 8 41
45 47 46 28
42 26 9 17
34 9 25 18
34 38 9 14
44 11 25 45
26 49 12 19
26 7 32 21
35 40 20 33
14 36 14 27
27 36 45 25
18 11 40 26
40 30 43 32
36 26 39 9
34 44 44 44
16 24 33 18
36 4 37 29
22 49 14 47
43 48 20 34
12 31 32 18
42 26 31 19
46 43 39 4
14 12 25 4
37 45 15 42
44 34 31 22
41 2 38 21
45 9 34 33
23 6 22 2
30 46 29 21
17 25 14 10
22 30 43 44
36 48 29 22
22 31 14 28
35 10 27 23
4 14 19 30
29 7 45 32
20 44 33 21
10 29 35 21
33 12 2 16
23 12 49 18
27 43 14 14
34 37 13 15
23 37 16 27
30 47 28 19
45 21 35 23
45 19 27 24
48 37 21 30
48 23 23 33
14 38 37 15
38 45 23 14
33 49 21 24
46 30 29 23
20 32 33 19
27 47 45 26
41 10 12 44
37 48 34 23
38 29 13 21
43 21 35 30
39 45 42 14
39 45 43 14
15 22 10 36
26 16 33 21
37 0 18 13
43 46 29 38
31 42 37 41
40 16 48 10
43 22 44 33
39 20 5 20
37 46 30 14
40 31 38 10
31 19 11 41
16 36 30 34
42 27 15 19
31 27 35 31
36 12 37 4
30 26 41 30
18 33 12 34
20 6 31 26
44 28 0 19
37 20 7 42
38 6 41 28
41 41 37 13
45 32 31 39
33 47 33 12
38 32 27 8
33 41 49 22
14 25 31 5
47 10 31 13
29 19 46 40
31 32 41 29
35 12 6 14
42 13 11 16
7 43 20 23
39 39 15 21
23 27 10 17
46 10 45 46
35 20 35 31
8 46 37 1
27 47 32 2
6 48 38 43
6 33 31 41
31 14 30 23
40 25 5 33
37 9 22 28
20 11 32 47
29 43 6 38
30 12 42 29
15 33 29 37
30 36 2 20
19 11 33 5
44 37 9 31
34 48 18 37
28 34 30 28
48 28 27 23
14 24 45 11
34 41 29 23
42 32 45 29
8 10 49 33
23 11 34 19
43 41 21 46
30 41 13 23
26 38 43 14
20 41 10 15
31 17 49 16
18 40 10 27
18 34 13 15
31 10 29 27
44 18 28 38
38 23 28 18
48 25 27 24
11 37 44 29
48 38 25 19
48 30 42 13
32 17 11 14
37 3 15 36
23 6 37 15
23 13 37 11
29 46 20 27
31 41 36 30
2 10 37 39
29 45 4 29
19 36 12 35
35 11 38 13
19 45 4 21
8 38 25 21
30 41 14 21
40 39 39 26
35 0 15 27
22 28 1 25
14 38 17 21
34 37 45 37
30 30 33 40
36 46 18 20
44 16 34 27
23 30 8 25
46 43 31 18
31 22 22 47
30 3 9 18
39 19 37 37
17 12 27 17
25 11 12 38
28 47 25 29
49 43 38 19
17 35 31 44
16 35 24 11
45 9 29 32
43 27 27 36
21 10 35 22
42 46 13 30
17 19 30 15
49 39 37 25
18 26 24 18
45 36 44 47
49 35 10 20
47 24 12 9
44 37 30 17
35 45 31 27
42 35 16 20
42 1 36 22
49 34 46 10
43 13 17 14
26 6 7 35
35 15 33 21
39 5 38 23
7 12 11 20
34 0 46 11
39 16 25 32
44 27 25 37
38 4 33 21
35 45 39 30
46 10 37 33
23 39 14 18
32 43 13 13
16 30 26 46
