50 64 11913 800
37 35 47 35
3 15 35 46
39 30 14 5
32 22 15 5
38 35 29 41
47 4 5 9
9 30 32 37
33 27 10 1
43 35 45 21
39 40 45 14
6 44 43 18
37 30 32 38
31 41 12 25
31 38 22 40
6 42 42 26
34 31 13 7
32 27 7 23
12 19 22 32
35 35 46 26
37 28 4 5
41 31 11 22
38 35 49 37
44 28 27 41
44 0 22 30
48 41 44 16
38 37 15 9
41 26 16 7
25 34 3 7
39 36 37 17
33 36 21 8
42 40 44 18
27 22 42 21
36 30 48 24
37 30 45 45
31 17 47 12
1 40 41 34
31 32 20 7
35 28 48 17
1 26 47 17
34 8 14 9
49 4 45 18
27 24 17 23
46 47 25 11
38 20 28 46
32 43 46 43
14 3 45 40
33 32 16 11
31 34 14 31
35 35 31 41
6 35 11 22
33 19 39 22
35 32 44 12
11 4 6 17
32 33 18 12
47 8 22 38
37 12 10 27
32 18 17 12
2 19 16 25
24 17 18 9
41 2 40 35
42 29 41 45
33 37 34 10
18 2 42 48
25 27 11 23
