50 55 11954 800
43 42 15 39
22 38 15 47
42 7 6 33
5 5 10 42
44 4 6 37
40 7 5 2
27 23 13 46
34 4 8 6
44 3 36 48
34 3 3 4
1 4 15 39
38 5 20 40
3 5 19 37
19 23 44 13
40 13 43 9
14 29 16 34
38 44 16 47
40 39 10 41
49 44 28 17
45 11 8 4
41 24 13 33
40 5 5 49
20 49 7 36
24 36 7 3
24 45 27 43
39 13 20 30
31 42 10 27
3 6 6 3
44 43 48 25
43 36 12 22
42 12 9 5
14 29 4 8
38 8 10 46
42 1 35 11
5 7 22 49
20 11 35 3
39 3 2 23
47 6 5 6
44 11 8 8
38 43 3 27
35 1 3 26
33 46 12 27
35 0 49 1
40 24 3 29
24 26 5 6
27 2 41 30
44 10 20 41
37 24 6 7
16 44 8 8
34 33 5 6
45 15 22 21
24 34 46 21
1 10 49 3
35 42 48 17
3 10 43 6
