50 490 14257 800
27 18 9 49
43 21 12 28
37 26 14 35
9 45 11 30
0 6 24 41
14 18 34 22
8 36 23 41
45 18 14 42
23 41 30 44
35 12 30 47
22 4 41 35
6 5 21 32
33 2 19 39
23 2 15 40
47 21 11 40
13 24 0 20
11 28 34 26
12 27 6 29
10 21 12 7
13 18 37 15
47 1 33 39
38 17 21 40
4 32 19 44
44 15 28 44
45 13 23 24
24 27 18 30
25 5 14 34
37 34 12 17
11 22 12 44
45 24 19 25
40 29 3 15
8 43 6 23
15 24 26 35
22 4 17 20
22 5 16 13
23 3 9 27
15 26 20 48
49 20 13 41
10 25 32 34
41 32 35 45
27 6 48 20
42 3 20 12
29 31 9 32
22 0 7 30
42 28 48 39
38 28 14 10
0 20 26 7
41 5 29 34
15 25 12 1
24 7 19 48
41 27 18 17
1 43 19 29
4 24 18 43
17 3 44 15
27 3 20 26
21 47 1 26
40 21 13 31
26 2 4 11
46 14 32 47
18 19 35 5
38 19 44 29
16 18 3 30
37 11 9 21
46 21 19 8
12 27 3 41
48 16 15 14
38 35 31 40
33 6 29 13
46 46 19 11
31 2 14 19
14 43 23 26
22 11 23 45
25 2 2 30
21 1 4 19
7 16 30 35
24 23 28 46
19 48 13 32
22 7 31 28
33 43 27 9
7 16 9 20
48 16 27 29
44 23 13 47
35 34 17 11
24 2 3 16
6 43 16 44
49 24 27 14
20 17 2 19
37 30 28 37
46 34 6 26
21 4 22 37
26 3 49 38
25 3 0 4
17 24 27 39
34 32 45 45
28 4 0 18
26 0 6 10
36 6 12 34
38 17 16 19
36 34 26 1
44 35 9 44
43 22 9 1
47 18 6 12
29 22 9 24
48 17 16 30
41 33 24 32
21 12 15 26
46 5 15 35
41 28 21 42
5 34 20 14
26 3 15 16
24 46 20 26
40 18 24 21
10 5 18 32
4 0 15 33
35 17 3 18
37 21 0 43
42 28 31 34
35 11 8 23
23 2 10 36
13 0 22 41
27 29 38 22
23 6 32 41
43 5 13 38
47 18 30 42
36 30 48 35
25 27 17 16
17 39 22 14
13 20 39 35
12 5 24 44
25 28 27 35
49 16 21 27
20 6 9 24
25 5 12 42
18 23 11 34
35 34 9 19
19 13 11 25
30 22 9 28
17 37 9 36
14 20 20 37
38 6 31 38
39 37 20 23
29 18 7 25
47 47 29 44
12 27 15 32
1 39 45 20
41 31 25 38
44 6 20 23
24 4 2 28
15 22 11 15
35 3 17 18
5 14 16 29
34 23 23 44
24 7 28 1
23 25 3 26
38 12 3 29
23 2 17 29
17 39 11 47
2 38 30 33
44 18 14 28
23 1 31 44
25 25 28 44
43 33 31 39
39 24 42 28
12 47 9 5
24 3 19 43
15 28 31 13
39 16 33 38
27 2 12 28
17 2 25 19
47 21 13 47
18 24 37 19
31 34 30 23
48 28 33 25
18 37 27 24
8 10 13 7
45 21 17 44
43 7 17 18
46 22 31 20
21 0 21 13
13 25 10 28
42 39 31 30
32 37 14 36
32 14 11 37
10 47 7 30
6 10 42 38
26 5 35 44
43 22 17 14
42 4 21 44
45 18 14 7
3 37 8 28
45 14 15 6
48 19 34 4
22 25 21 39
12 23 5 31
45 19 14 43
43 13 17 38
23 5 30 36
13 8 25 16
10 35 11 15
21 29 5 15
4 32 27 42
18 20 5 9
25 17 11 31
14 21 12 7
38 23 11 32
11 38 41 14
38 20 44 45
44 30 26 46
21 4 25 31
21 3 9 26
12 25 16 26
16 26 24 38
28 2 25 15
43 31 42 27
41 22 22 38
43 20 3 34
15 9 26 31
48 25 23 36
36 3 14 22
37 44 19 10
43 15 14 31
30 31 14 49
15 42 8 28
48 12 16 49
41 43 20 33
43 19 18 14
16 22 27 9
34 0 10 26
42 22 9 21
45 19 22 34
31 2 42 34
17 25 19 9
25 4 6 5
39 1 14 31
42 20 20 1
26 9 8 17
27 9 9 35
29 23 6 33
42 27 36 44
34 25 38 35
15 29 26 15
23 37 30 38
38 25 18 33
13 24 13 39
46 19 13 11
46 23 31 8
9 8 26 48
40 35 47 39
45 3 23 24
35 0 4 29
47 15 16 0
43 0 29 33
42 27 29 34
47 17 18 4
24 3 13 41
31 38 10 24
49 22 12 9
22 4 18 26
24 4 17 3
25 3 11 13
4 34 14 43
46 18 47 23
24 2 14 9
13 22 17 11
19 41 19 34
47 18 46 42
13 23 7 38
45 19 16 28
41 3 22 39
42 5 44 36
41 6 20 31
39 7 10 36
28 14 43 37
38 24 15 17
23 2 4 16
40 5 5 17
8 25 26 26
42 17 16 8
13 23 20 36
24 18 15 48
48 16 5 14
41 6 26 45
37 11 7 42
12 45 31 37
26 22 15 7
16 29 7 46
37 28 2 20
44 20 20 22
23 22 41 36
22 2 11 27
39 10 41 14
10 44 20 32
34 10 8 36
37 32 19 21
25 4 33 36
27 4 6 39
23 3 16 49
11 20 41 5
41 32 28 40
46 2 9 18
38 22 9 30
39 37 17 35
27 25 40 41
25 10 13 13
24 5 16 27
38 28 29 44
43 7 9 19
33 5 32 43
37 26 42 34
41 25 12 35
17 24 7 23
44 0 11 11
25 20 11 6
49 19 42 41
34 41 16 1
22 4 15 31
48 23 26 39
26 5 10 37
46 15 26 20
16 42 3 44
27 0 26 25
46 34 6 0
19 27 34 40
8 22 20 31
15 27 41 30
45 16 21 34
35 12 46 26
28 1 25 48
34 24 13 15
16 27 27 18
27 1 16 22
46 20 13 7
21 20 31 27
42 27 12 11
41 21 27 49
13 20 4 29
27 47 34 15
22 3 13 44
44 22 15 30
23 3 16 11
29 17 14 47
22 34 25 21
40 4 4 11
16 25 12 12
15 23 9 47
47 16 16 14
23 9 24 22
33 31 10 15
48 16 4 17
36 1 9 43
36 5 6 33
14 22 11 7
43 5 34 41
20 39 45 30
7 16 8 40
10 26 13 31
28 3 36 28
34 31 14 45
15 27 16 9
48 19 22 29
46 29 10 37
15 20 30 20
24 8 8 37
35 33 14 35
41 24 29 37
10 16 29 45
12 32 30 0
23 2 36 28
15 26 22 1
42 21 13 19
19 25 2 22
0 16 12 19
43 40 8 39
46 21 27 39
42 15 11 9
20 0 0 33
26 2 35 25
34 19 40 27
48 3 26 40
38 13 22 30
13 20 36 16
25 2 9 13
30 16 20 29
43 32 6 29
17 20 32 46
11 30 28 42
11 19 13 48
36 20 32 33
31 35 21 36
12 18 25 9
23 3 12 18
13 18 20 41
44 17 33 0
43 18 22 16
21 6 27 41
45 17 5 12
16 37 12 13
24 3 33 40
12 35 5 38
40 32 14 20
2 29 26 36
10 48 25 47
43 18 20 46
38 29 10 16
47 20 15 31
16 27 19 44
47 18 27 38
48 21 31 47
35 10 22 27
46 3 25 32
38 5 27 17
34 26 7 5
31 45 13 37
37 33 18 34
45 19 34 32
0 18 15 46
19 17 20 44
29 12 42 36
25 5 15 43
25 1 13 30
46 17 20 33
26 4 44 28
48 44 21 39
4 38 22 39
27 18 27 30
4 13 44 31
39 19 33 27
40 9 0 17
47 32 14 36
18 28 42 46
20 23 34 32
25 3 20 34
43 11 26 24
44 21 39 26
15 23 12 19
18 14 18 48
5 5 30 31
14 14 30 34
45 15 39 28
20 41 24 15
41 9 25 17
20 29 27 36
13 27 8 11
22 4 5 19
46 49 30 44
27 2 25 42
23 34 33 39
25 44 23 37
5 37 21 43
22 5 31 35
46 5 39 39
41 32 47 45
13 22 27 42
36 28 15 22
41 35 26 26
48 20 11 14
14 22 10 6
44 7 21 0
22 13 25 42
14 24 11 37
42 2 34 39
43 16 36 39
38 8 22 43
48 21 39 42
31 38 15 33
11 24 17 8
32 31 4 22
24 6 15 20
43 19 15 9
18 23 23 30
36 9 8 45
49 34 28 42
30 44 39 36
38 12 19 42
22 16 20 34
37 10 9 45
49 18 25 41
16 40 18 22
36 39 18 34
37 11 15 10
1 0 2 16
24 1 47 16
43 26 4 35
43 26 16 20
34 18 33 41
42 35 14 11
42 22 20 30
48 4 2 29
13 16 25 30
9 8 23 38
