50 472 16897 800
2 37 36 16
38 30 31 24
31 10 40 12
26 13 36 26
8 5 37 5
24 21 46 17
14 14 30 49
32 14 32 45
48 11 20 15
42 38 12 42
28 36 49 48
25 16 12 37
26 25 8 44
29 10 37 24
26 8 35 40
27 10 15 46
31 11 17 40
26 4 34 17
10 19 13 46
26 33 6 32
10 20 35 25
48 17 40 2
28 22 46 0
26 21 41 22
31 0 16 45
34 36 16 34
38 38 17 42
26 7 16 47
37 40 16 43
42 41 21 44
37 40 10 39
41 28 19 43
26 25 6 45
24 44 39 7
24 3 16 37
35 8 49 3
36 14 12 40
7 18 41 16
26 11 7 30
42 37 36 19
33 7 20 26
34 4 35 11
40 28 35 4
8 25 33 12
29 9 25 2
41 40 20 48
26 3 25 48
32 44 7 41
32 30 20 38
30 31 38 4
32 21 41 7
23 23 9 41
12 15 7 47
23 22 0 29
29 39 29 14
39 29 8 38
32 43 8 20
23 21 29 25
26 45 20 49
41 22 22 12
30 34 24 45
1 40 37 16
27 25 45 1
33 18 14 43
36 19 26 35
41 40 40 3
41 23 44 13
18 34 17 40
9 17 49 1
34 35 41 6
33 33 34 11
12 13 43 0
22 24 16 27
22 8 24 42
34 41 7 44
33 45 11 2
39 44 14 48
35 40 23 11
29 12 47 23
44 24 5 42
34 39 45 6
29 5 13 46
11 2 5 28
34 41 36 37
29 10 24 29
24 12 22 17
29 39 35 38
1 12 37 7
18 4 42 6
41 40 20 30
32 19 31 35
41 43 13 38
27 27 21 34
31 13 35 34
35 21 26 33
30 18 34 11
37 19 21 37
39 37 17 27
24 18 18 43
24 10 17 48
25 21 44 4
2 10 31 5
25 3 16 42
22 12 10 31
29 8 12 40
2 23 31 18
36 3 6 39
39 47 42 3
36 11 16 35
24 13 12 36
41 34 14 44
38 43 23 40
40 32 48 24
12 27 16 37
35 37 39 29
23 13 47 9
47 24 4 41
0 4 34 40
31 20 22 7
29 30 12 43
26 46 19 43
32 39 43 4
23 30 13 39
6 25 47 39
25 23 34 27
39 43 24 27
41 23 7 44
22 20 44 6
29 33 23 31
28 28 26 23
39 41 10 46
25 11 15 38
23 22 11 37
28 2 49 7
13 13 42 29
35 28 24 40
34 37 40 32
0 2 41 8
34 38 26 23
22 25 10 42
38 42 23 33
42 12 9 42
29 36 48 11
40 27 21 46
17 42 15 48
28 18 34 49
28 13 25 33
44 20 47 7
38 22 27 36
24 1 44 4
27 1 8 41
6 11 34 10
32 29 10 44
24 26 36 9
26 31 4 31
32 6 49 2
29 24 18 45
19 23 23 38
31 10 9 36
34 9 42 10
37 17 44 26
34 38 30 11
35 25 43 0
19 9 34 9
34 24 3 46
27 9 8 38
17 8 44 9
32 32 17 29
32 24 46 9
25 20 17 38
11 18 28 22
44 21 27 38
17 4 38 7
44 19 28 46
25 36 22 27
1 10 43 15
29 18 41 31
48 20 35 12
39 30 30 5
27 14 11 41
3 24 31 41
36 36 29 22
37 8 27 41
49 13 4 48
1 21 42 5
27 14 11 47
30 3 26 10
45 45 38 16
17 0 12 40
35 34 28 42
29 41 25 9
12 24 48 14
35 6 42 24
39 18 13 41
34 8 1 45
26 26 48 11
22 18 10 46
33 38 23 38
32 11 26 44
34 43 39 22
2 23 31 22
18 47 49 0
32 43 48 11
36 26 9 35
35 40 3 40
49 20 29 4
30 42 15 44
23 41 17 27
30 1 7 47
38 25 45 2
35 31 18 40
32 36 7 44
31 34 24 40
44 21 38 8
25 6 16 44
22 21 49 9
37 38 23 26
13 9 14 45
19 20 7 26
43 22 11 38
26 31 48 4
22 20 20 31
32 4 5 42
23 22 5 48
32 31 37 4
44 10 35 6
29 13 20 37
27 32 36 0
27 3 11 39
40 20 36 3
38 34 44 45
44 26 18 46
40 29 16 42
25 5 18 19
34 10 0 27
34 9 17 36
15 21 13 34
3 9 16 41
44 22 48 1
37 32 48 13
40 23 25 27
26 33 24 22
19 36 36 16
40 23 2 30
28 12 33 0
26 23 13 16
47 22 22 35
23 16 26 5
20 7 23 43
28 27 40 48
46 32 18 15
28 1 9 29
33 47 9 44
44 42 37 21
32 33 33 40
4 11 11 40
40 38 16 46
10 19 31 9
26 22 18 44
1 25 47 0
43 24 43 3
25 13 30 49
13 20 18 42
29 0 14 42
22 10 33 42
5 5 14 39
11 26 34 30
29 6 49 2
27 37 46 8
28 23 17 44
35 7 16 35
39 21 32 7
6 23 8 43
6 9 16 38
33 42 32 19
30 38 18 48
30 5 42 8
26 24 40 11
36 23 21 44
20 11 42 19
43 26 30 16
38 37 48 4
31 8 3 49
11 22 8 37
35 13 47 10
21 5 10 49
38 37 31 31
24 1 3 39
46 12 17 32
26 3 21 40
33 12 11 41
22 25 9 42
19 14 7 47
31 32 45 8
23 24 20 38
31 40 20 33
36 31 16 37
38 24 32 13
4 27 41 4
24 24 28 8
38 39 10 40
18 17 40 3
35 4 44 12
34 47 15 44
28 14 4 43
30 9 8 49
30 12 11 2
17 16 43 15
4 3 4 27
38 13 16 39
25 12 17 47
28 7 38 4
26 32 44 20
44 21 43 11
38 40 39 3
28 34 47 6
36 35 12 25
24 25 26 11
0 16 49 0
30 24 20 39
26 29 11 39
25 9 29 4
47 36 37 29
35 5 16 40
37 22 31 17
49 23 43 18
20 31 43 0
43 25 43 10
4 25 45 8
20 22 31 7
29 46 13 47
18 45 12 46
38 13 15 41
4 21 47 12
29 18 22 21
31 16 47 1
24 21 13 32
4 7 6 46
25 22 11 39
1 25 11 41
15 39 35 9
22 22 30 4
27 18 17 21
46 26 11 49
39 28 36 9
23 8 29 0
48 26 10 40
25 4 41 3
4 19 35 15
30 30 26 29
26 24 11 46
31 11 17 31
20 25 18 37
35 15 43 47
36 41 18 27
31 34 45 41
40 24 6 47
39 27 33 12
35 22 29 49
37 6 45 47
2 19 33 28
28 3 26 24
36 43 42 11
31 12 35 15
26 21 43 0
46 26 17 37
39 42 46 12
38 2 14 49
37 38 34 36
21 10 43 18
37 34 24 49
33 35 10 38
41 21 36 12
21 14 19 40
22 16 25 39
47 23 39 3
33 38 28 22
2 23 22 48
30 22 30 14
35 35 46 1
38 15 2 42
35 19 13 39
32 17 21 43
29 36 32 40
26 6 4 48
35 4 11 45
36 3 11 45
31 18 33 1
25 16 12 38
43 25 36 9
21 25 12 40
26 28 31 21
35 38 10 39
27 21 14 31
11 10 0 44
27 19 39 6
31 7 40 8
28 8 38 8
27 4 18 39
29 25 18 44
25 18 44 26
29 45 14 41
0 11 37 18
34 17 18 7
32 31 46 44
45 23 37 23
2 14 33 2
31 43 27 22
24 23 44 0
17 38 14 3
39 41 35 31
40 24 30 30
3 38 35 35
20 11 13 40
26 14 40 14
30 16 12 41
29 42 49 0
25 33 14 43
31 8 14 31
38 43 40 1
14 15 15 42
22 27 7 42
36 43 43 12
22 24 40 46
21 21 6 38
25 18 6 37
33 6 49 17
25 24 8 45
43 28 20 12
48 27 28 31
31 46 35 12
30 27 11 44
48 48 23 19
23 25 9 43
47 32 15 40
43 26 40 16
14 29 42 3
46 23 10 37
41 43 40 9
39 21 17 22
13 10 9 43
26 25 33 4
29 22 16 31
24 0 19 39
7 21 41 0
10 49 36 4
25 1 35 33
42 41 14 49
41 21 35 37
34 36 10 37
22 27 42 18
22 13 9 49
27 9 17 35
18 21 12 45
32 24 34 3
26 16 12 41
2 6 12 32
26 11 11 41
11 33 3 34
40 23 1 48
14 11 48 7
35 21 31 48
36 20 17 49
22 29 48 7
22 13 37 20
24 25 18 21
25 24 44 15
27 21 5 33
29 15 12 40
37 15 40 19
21 22 24 39
42 28 49 11
