50 247 15087 800
43 15 4 36
33 29 41 33
7 38 16 18
33 27 12 19
41 32 26 40
24 16 18 36
43 10 47 36
18 14 44 26
32 44 1 26
11 38 27 43
5 49 24 17
24 10 31 45
42 19 11 34
43 5 21 33
45 16 16 46
12 49 15 12
21 8 23 40
40 10 44 22
32 23 36 42
47 12 11 28
23 37 18 21
37 19 30 43
29 13 43 21
24 16 18 46
39 33 30 45
29 8 41 25
13 34 43 24
23 10 15 36
47 1 11 25
22 12 32 10
32 39 37 18
35 38 16 34
42 19 25 45
19 10 20 40
26 12 29 38
7 40 49 21
27 37 18 40
29 27 39 21
25 49 44 23
42 46 26 31
42 21 7 32
22 12 43 26
35 46 26 48
24 17 12 9
32 23 16 14
39 8 14 36
43 16 23 49
3 27 43 11
30 17 47 22
41 22 43 35
48 30 41 23
40 19 38 24
42 8 34 38
39 1 40 17
49 5 47 37
26 8 23 40
24 10 25 15
18 15 16 47
47 23 39 33
35 19 30 39
43 17 14 17
27 8 17 18
25 10 41 33
46 18 7 37
40 47 30 40
30 42 18 38
20 10 5 15
12 40 13 15
25 16 46 18
24 13 23 38
38 10 17 43
19 12 48 35
31 7 42 38
21 12 27 47
26 2 47 26
17 7 9 42
6 42 17 39
22 8 20 13
34 13 14 43
12 39 43 31
30 8 24 35
35 36 27 41
28 1 20 38
38 5 21 41
31 4 36 42
29 45 23 38
27 5 42 20
47 11 35 47
39 15 9 48
21 39 19 3
47 30 18 6
40 19 31 37
22 11 18 14
19 6 23 37
48 5 16 35
25 12 33 19
48 22 47 31
35 9 34 39
41 21 27 44
12 29 24 39
6 44 20 16
15 49 47 27
21 7 21 27
28 34 26 30
35 40 21 27
31 19 24 36
27 38 13 46
32 44 18 12
16 6 47 23
16 22 8 33
17 28 1 35
33 8 5 35
42 22 0 27
33 3 25 47
48 0 43 11
29 42 43 34
26 21 18 10
47 16 23 15
44 7 27 43
31 4 16 38
15 44 49 29
43 19 12 16
37 42 49 30
21 10 43 26
21 4 48 28
2 37 22 10
23 13 2 36
23 43 18 39
31 40 42 36
21 35 21 44
33 19 15 49
38 35 19 35
36 30 19 15
41 17 9 45
22 10 24 37
37 46 25 15
22 10 34 31
34 6 41 25
47 22 17 15
24 19 19 45
28 0 44 23
27 8 42 45
42 13 22 47
21 7 30 4
45 19 16 22
37 12 38 48
32 10 47 26
37 12 32 37
44 21 14 11
18 37 43 30
30 36 10 48
35 4 21 41
28 46 44 26
28 11 32 49
39 10 28 33
42 9 34 45
43 18 22 47
43 28 17 31
22 11 25 23
3 45 37 12
39 11 49 19
40 38 24 48
24 9 19 45
25 7 30 26
39 6 49 33
33 11 29 19
44 19 17 46
24 45 14 41
44 21 12 42
35 36 48 18
22 10 38 33
18 6 22 31
31 44 19 13
31 26 47 28
5 19 28 38
21 11 9 29
34 41 30 36
22 12 8 35
23 24 40 44
29 49 26 28
28 35 19 39
25 12 19 16
34 47 10 13
28 16 20 10
17 15 19 18
23 40 34 47
17 13 13 12
45 4 36 20
16 12 9 21
23 11 38 28
40 8 19 47
7 39 26 48
23 7 2 24
23 15 16 18
31 8 12 36
31 44 44 37
44 24 24 42
35 17 15 21
29 37 28 47
23 12 49 26
22 11 23 40
19 17 13 18
3 32 44 26
46 40 32 15
28 13 36 3
22 11 26 34
25 14 19 15
33 12 49 40
34 32 24 49
33 10 42 31
33 18 10 18
49 12 4 29
26 5 24 49
32 5 26 44
23 8 13 37
46 4 5 28
22 10 21 19
17 23 37 39
23 12 11 46
44 19 21 32
22 12 14 32
31 41 48 33
46 29 19 20
23 12 17 11
34 7 20 18
28 48 46 25
32 5 11 43
31 22 15 39
38 10 23 36
33 23 41 31
24 17 41 38
22 4 40 15
32 14 9 41
45 4 26 23
37 11 25 15
46 1 44 38
28 45 16 38
8 18 14 29
35 45 20 27
25 17 27 45
33 18 34 36
36 6 48 25
31 7 19 16
25 35 47 31
38 0 17 19
37 13 16 37
8 19 29 45
