50 275 14762 800
1 34 27 29
38 10 46 8
0 32 23 9
38 20 18 48
40 25 27 32
0 15 16 31
49 9 33 36
3 38 24 32
41 8 12 22
32 37 42 24
27 33 7 33
40 19 34 25
30 30 36 10
11 46 28 48
6 32 47 14
1 44 45 3
30 32 32 22
41 4 38 17
36 2 19 39
30 20 15 36
24 1 16 44
33 23 30 29
4 44 48 7
43 1 35 22
46 6 14 36
23 1 44 18
37 2 20 41
44 11 31 36
48 3 32 46
6 34 12 35
47 10 1 38
3 40 11 30
40 6 20 45
31 21 27 17
38 3 4 32
3 48 36 31
46 5 45 18
13 37 33 18
7 35 8 45
35 19 16 46
0 39 37 34
42 9 23 39
27 8 9 40
47 4 42 48
43 3 21 48
0 20 9 35
40 2 31 39
34 21 33 48
43 8 25 24
36 23 24 46
15 37 22 47
33 20 34 46
10 24 8 32
42 39 21 16
28 23 6 23
29 34 1 12
30 43 33 3
43 4 27 38
21 21 11 49
18 41 21 37
41 1 18 45
36 23 46 32
35 12 47 17
5 45 23 49
9 40 39 15
46 3 40 3
41 11 44 41
31 24 46 30
9 30 43 35
12 30 34 48
3 48 1 28
49 5 21 35
43 0 33 39
42 42 23 49
31 7 49 33
48 8 14 36
9 40 19 44
39 2 36 11
39 14 30 39
38 9 26 17
45 4 24 34
37 1 38 20
9 31 47 40
33 24 20 42
7 48 23 13
28 45 26 32
20 47 41 23
31 3 33 27
3 35 8 38
41 0 27 5
24 15 3 19
45 0 29 40
37 4 40 29
35 26 17 28
5 42 8 11
42 0 16 23
14 49 28 34
4 36 38 11
30 20 42 23
18 32 14 3
3 35 47 29
28 31 12 21
41 14 7 39
31 18 9 23
26 31 5 34
0 48 29 32
47 16 16 46
9 44 7 22
31 27 14 46
38 1 39 22
46 9 9 44
13 34 30 13
20 27 8 40
4 36 9 46
35 7 28 24
37 20 42 21
37 5 39 21
49 1 27 20
14 36 2 28
49 10 9 43
13 33 25 26
44 12 4 31
14 36 17 45
35 23 12 24
36 7 11 33
37 21 43 27
3 28 37 13
48 0 25 7
36 38 18 21
32 21 38 0
25 20 18 18
36 2 5 34
10 36 49 17
42 8 8 37
36 19 5 38
24 32 41 7
42 4 37 41
33 12 0 23
3 43 38 43
0 44 18 35
12 31 32 44
44 15 28 31
10 29 43 38
46 2 6 18
33 24 22 28
12 48 4 47
35 19 34 27
45 5 32 42
45 19 30 30
46 7 40 49
36 19 15 31
33 25 20 47
17 49 35 19
4 33 45 32
6 29 44 28
30 8 16 16
41 17 1 21
32 28 44 27
6 44 31 48
31 24 48 30
45 0 41 38
44 4 22 32
40 13 18 24
8 39 5 30
47 6 41 26
7 44 37 49
28 24 37 22
32 10 6 28
31 17 9 40
37 13 23 49
28 17 29 32
34 19 38 31
9 28 35 9
36 8 18 31
44 6 29 23
2 30 33 45
36 24 14 42
18 39 34 34
25 22 6 38
0 35 32 48
44 16 14 30
14 42 30 29
7 49 44 3
30 24 10 40
42 6 22 44
36 20 1 27
38 27 13 27
10 31 19 39
7 29 44 29
32 26 36 37
45 3 37 33
37 22 24 6
6 40 49 16
30 28 12 45
6 43 26 34
47 5 44 35
39 8 27 39
38 3 35 44
42 11 44 20
29 25 9 48
29 25 3 35
47 16 27 42
10 43 32 21
35 28 48 8
43 0 33 46
41 3 10 38
37 25 14 36
43 8 32 24
37 19 17 14
23 11 25 15
40 10 15 24
34 19 24 32
17 42 22 40
41 5 29 22
43 16 11 34
47 5 32 39
31 2 47 36
34 29 0 38
31 31 23 46
35 23 18 25
47 23 23 34
14 46 44 6
37 19 23 47
40 34 9 37
15 45 48 30
24 42 10 45
30 25 16 31
48 7 30 33
8 28 47 21
6 39 45 47
37 19 23 31
16 18 16 46
19 42 46 26
3 38 17 43
43 8 33 34
8 32 8 6
15 10 31 13
27 18 43 17
28 17 29 35
4 49 32 39
28 18 30 42
27 29 34 5
37 15 0 40
12 48 49 16
29 21 36 44
33 23 36 39
45 11 14 28
29 20 12 18
29 10 18 42
42 22 38 32
31 15 37 37
13 32 22 43
43 7 36 33
30 23 1 3
37 16 11 43
36 25 34 40
7 39 16 23
30 25 29 42
48 6 14 44
35 0 30 21
30 25 42 11
31 10 27 27
47 3 4 13
12 36 32 8
7 34 20 31
7 18 35 20
33 25 40 18
41 12 0 23
10 40 47 6
36 23 28 46
43 4 45 12
43 13 27 11
11 35 44 31
14 37 37 30
48 3 36 37
