50 460 14682 800
30 34 39 22
24 44 33 17
18 40 10 27
23 23 41 44
32 37 32 44
7 32 36 21
22 35 19 41
6 16 4 37
35 22 18 42
15 25 46 40
36 32 46 21
5 18 17 41
8 17 34 20
10 5 37 46
40 38 35 20
34 21 39 19
22 31 35 23
35 32 36 21
24 22 40 27
14 21 35 36
43 36 36 22
16 40 13 31
29 30 36 23
34 26 39 18
15 43 35 22
48 9 40 43
34 46 37 20
3 18 34 42
35 27 23 20
11 19 40 23
43 10 40 31
34 18 43 42
13 14 20 42
49 39 39 17
14 40 24 33
8 6 34 38
12 13 32 21
17 42 27 9
38 38 23 43
47 47 21 40
13 24 46 25
10 19 42 29
30 43 36 20
42 49 15 21
25 30 38 16
27 20 22 38
17 9 14 32
31 46 38 25
18 31 37 18
22 10 27 48
39 25 24 38
11 22 17 41
49 33 45 21
7 13 16 39
29 42 16 40
15 21 49 44
23 37 33 18
46 29 34 23
38 27 16 34
25 27 48 43
14 13 34 21
25 46 42 36
39 26 16 18
7 11 38 20
23 47 37 21
40 11 39 22
19 43 38 17
14 42 21 40
26 45 16 28
10 5 38 20
34 31 1 45
23 33 15 33
36 14 15 38
7 34 21 41
35 10 16 40
14 38 20 43
20 35 37 32
40 21 37 33
30 25 39 20
10 30 22 47
6 19 39 18
17 32 20 25
0 18 39 19
10 18 16 45
13 18 11 43
9 17 35 16
46 46 34 26
48 21 29 13
31 34 35 21
25 12 35 28
18 3 33 22
41 42 35 22
45 48 44 23
12 18 26 41
16 13 35 21
5 6 35 20
20 49 28 44
24 40 37 21
6 34 37 17
48 33 47 37
10 13 12 40
35 48 11 47
23 37 21 30
19 41 17 44
13 14 42 43
4 24 34 22
1 21 34 22
20 36 40 8
38 36 36 20
31 47 20 38
6 17 17 38
1 22 21 44
33 24 8 44
24 16 30 41
3 17 34 16
7 28 36 21
35 26 11 38
15 30 42 40
31 31 15 41
4 19 29 47
27 48 38 22
38 42 25 24
32 48 41 18
37 24 36 20
2 21 10 42
28 24 23 43
40 42 39 21
29 46 20 36
5 26 13 39
1 29 37 24
39 21 18 48
1 11 46 43
23 38 36 19
37 36 18 37
42 23 32 42
29 24 42 18
48 22 48 43
15 15 36 25
26 41 46 49
12 16 22 47
30 21 40 25
12 19 21 36
44 29 38 25
43 41 38 21
14 6 1 33
6 6 30 49
11 21 12 10
44 30 32 22
29 41 36 19
16 16 38 21
46 33 36 39
34 20 20 41
17 16 38 22
37 37 40 20
11 7 1 33
8 30 15 32
35 7 12 33
31 31 32 24
44 37 33 19
38 36 35 47
26 35 34 23
12 17 31 39
18 42 36 24
31 38 17 32
35 46 39 21
40 39 34 13
10 19 39 22
8 7 36 21
28 29 20 41
21 43 38 20
19 39 37 21
45 10 22 40
15 19 17 34
39 21 36 23
22 43 46 46
23 31 37 7
44 17 15 24
5 24 28 49
34 37 22 42
14 23 21 19
4 16 33 27
26 3 5 27
32 34 35 22
31 31 26 22
24 22 20 43
19 46 24 28
46 21 38 11
30 21 11 39
8 23 36 19
46 43 23 34
24 34 21 30
40 26 20 38
28 48 26 26
12 20 28 18
31 41 38 23
32 31 15 35
19 26 33 22
43 49 25 10
24 42 30 35
27 18 33 48
13 37 32 30
40 39 37 23
10 10 40 29
38 27 15 38
28 40 10 36
15 39 25 47
44 37 14 25
24 47 36 19
10 20 23 40
39 44 7 41
49 29 25 45
23 44 27 45
21 13 39 20
25 40 22 21
35 40 36 23
37 33 4 44
33 40 16 39
7 48 43 28
14 18 37 17
21 17 44 43
21 42 45 10
39 18 23 39
41 43 36 22
10 14 37 27
21 47 31 20
16 14 35 26
0 7 33 35
18 14 39 21
8 10 39 20
2 15 38 20
24 42 33 20
5 21 28 42
8 23 42 22
11 16 47 42
33 32 22 21
1 17 42 22
8 20 35 22
42 42 21 44
34 46 39 21
3 24 37 23
34 33 21 45
37 44 7 35
15 29 49 32
16 45 32 21
48 16 30 25
18 32 36 24
49 30 4 33
6 34 36 12
9 21 21 38
20 40 21 35
36 23 16 40
26 48 40 45
47 44 35 24
19 44 6 46
47 36 48 42
38 6 37 21
33 43 36 23
24 38 34 22
3 19 40 45
25 26 34 48
30 13 0 32
41 40 30 20
19 21 3 22
39 38 30 46
0 10 37 18
11 24 34 25
15 16 19 49
31 21 36 21
25 45 40 46
22 43 48 35
35 27 38 20
5 31 45 27
38 43 37 19
26 37 22 36
4 27 37 23
33 36 36 21
1 13 37 43
24 16 9 44
11 17 35 20
46 44 36 29
2 24 20 47
6 17 40 16
23 42 34 36
18 42 34 32
36 37 17 40
8 13 39 25
21 34 37 22
30 13 37 22
17 29 46 15
12 15 39 31
39 34 39 24
29 11 38 18
3 15 45 32
29 39 33 22
0 13 48 28
7 26 11 36
28 39 36 21
12 17 41 36
25 38 18 36
14 15 38 22
32 28 40 24
18 15 36 20
21 46 48 18
2 12 30 9
44 37 30 46
20 43 38 16
33 39 42 18
20 22 38 23
43 32 37 25
34 35 32 44
10 16 37 40
0 15 41 26
21 27 48 26
27 40 38 19
36 33 35 20
33 20 32 44
13 1 25 41
35 39 1 49
35 22 15 38
17 19 10 36
12 30 27 41
25 19 34 18
33 41 40 26
12 13 33 49
23 38 12 39
37 16 25 41
7 16 35 19
27 35 7 21
16 7 19 41
9 2 25 34
24 44 3 19
28 39 34 19
42 38 34 17
25 24 15 41
12 21 38 21
41 26 16 25
28 46 36 22
43 33 47 24
26 41 18 38
13 21 35 23
15 6 34 20
12 17 25 30
34 30 9 31
42 20 28 26
3 9 25 34
41 6 44 24
26 45 34 20
12 26 35 25
17 33 33 24
4 42 9 44
24 38 35 9
5 7 48 21
6 20 32 22
13 11 12 47
24 36 34 19
36 7 33 14
33 28 33 18
12 15 40 20
16 37 9 16
2 17 1 36
27 24 34 19
25 32 38 17
23 26 32 25
32 17 1 17
5 25 18 37
2 5 25 49
29 31 34 23
6 6 26 30
40 36 17 41
27 35 45 33
25 26 34 17
44 36 37 42
39 12 11 41
18 31 36 24
28 1 37 20
17 19 2 27
31 45 31 20
5 24 20 45
30 25 40 22
28 26 43 24
12 18 2 33
29 41 36 15
17 38 37 23
22 3 48 19
47 38 21 40
16 44 30 23
0 18 21 39
34 14 19 41
21 32 31 41
9 11 19 39
15 16 34 23
3 15 24 19
14 44 36 21
10 13 13 37
17 45 36 19
43 38 38 22
36 34 36 25
32 33 39 46
13 12 39 20
10 8 23 32
12 17 14 35
4 25 29 44
10 12 38 20
7 16 31 38
3 19 39 21
46 24 38 20
32 46 33 22
28 12 16 39
13 15 39 34
16 37 38 20
24 5 5 45
18 14 37 22
25 18 17 12
33 44 35 19
28 37 34 18
14 19 25 40
22 40 38 25
11 20 38 25
8 11 42 20
49 38 14 42
4 11 33 20
27 45 39 22
49 4 18 45
13 16 5 41
13 19 43 47
41 18 39 23
7 14 35 20
9 5 29 33
35 14 39 22
16 33 36 24
2 23 6 33
28 42 32 47
45 47 44 31
26 14 17 30
15 12 36 23
16 21 33 27
0 1 20 38
2 8 34 22
38 44 23 42
42 42 38 45
31 43 34 22
13 16 35 19
11 12 38 20
11 29 34 22
2 16 38 19
41 17 17 39
32 47 37 16
32 37 7 23
47 38 37 20
20 32 19 40
29 46 37 24
15 15 29 37
14 18 15 41
0 14 19 23
45 23 7 18
7 16 45 39
46 23 32 25
27 44 37 17
29 4 48 31
44 15 19 40
