50 1112 16982 800
23 32 17 34
36 27 21 9
34 42 6 37
29 17 22 2
5 15 7 6
15 45 43 43
43 23 16 17
12 35 29 29
15 3 5 27
12 16 44 45
11 39 43 45
30 44 36 19
28 41 41 44
28 30 0 15
28 17 20 28
28 44 11 15
33 33 18 20
30 38 49 40
25 34 44 42
29 8 44 46
29 31 0 27
31 34 9 29
33 2 14 25
19 43 17 26
43 5 3 37
34 11 38 33
27 35 2 3
35 37 25 30
30 29 36 15
36 35 45 43
31 47 21 32
26 36 3 33
1 44 14 25
24 35 8 42
6 37 3 42
29 35 43 44
12 45 38 30
24 16 5 31
14 6 5 3
11 43 22 43
24 49 8 1
12 4 17 6
41 14 12 3
14 18 35 26
29 34 10 34
28 34 2 26
23 27 15 37
6 35 2 20
38 26 43 44
8 8 16 30
46 5 24 26
39 40 39 45
24 31 43 42
14 2 15 35
29 36 32 21
26 34 16 31
38 32 17 5
28 32 42 40
23 7 15 10
36 10 42 45
12 5 23 13
13 9 15 22
23 45 23 36
0 8 6 27
29 35 48 39
37 9 35 43
8 38 12 3
7 23 49 43
42 44 8 32
38 33 33 20
14 41 44 45
31 29 47 40
15 7 27 28
14 5 33 12
18 40 2 18
26 39 8 11
3 39 16 24
21 38 39 44
19 47 13 5
32 19 45 42
9 2 18 13
27 16 0 34
29 32 46 43
17 40 19 21
29 30 2 24
48 17 28 38
36 11 23 5
36 6 2 40
24 46 42 41
18 41 15 4
21 45 10 45
20 25 19 1
27 37 8 23
17 42 27 36
20 37 29 45
44 41 1 34
12 5 14 21
19 39 44 37
27 34 17 7
20 39 22 34
15 45 42 44
31 20 27 26
8 44 6 0
44 23 24 29
14 2 38 46
11 46 9 6
26 33 1 31
26 34 12 11
21 47 43 48
30 12 17 9
21 45 5 42
27 35 31 18
26 49 19 28
37 34 42 38
21 41 5 30
24 33 3 47
45 13 0 43
34 44 6 4
30 32 9 18
14 5 0 26
27 4 32 29
47 38 2 30
26 34 25 22
20 43 14 32
20 21 11 25
15 24 3 31
28 19 8 30
30 33 16 12
27 38 25 3
26 32 8 27
27 36 44 40
18 15 10 31
25 36 13 38
9 32 43 47
8 11 2 23
7 33 30 10
27 31 23 38
11 5 18 45
27 34 10 7
19 36 20 26
27 31 45 43
31 38 46 44
25 37 17 12
20 40 10 35
14 27 16 44
5 41 19 1
33 32 45 42
40 22 24 28
41 1 12 10
18 39 20 43
30 27 28 45
15 3 44 45
27 34 16 13
28 31 1 17
33 33 5 37
15 39 27 25
12 0 1 31
12 40 46 44
15 16 7 21
16 42 21 30
17 36 7 37
15 12 6 38
18 39 41 44
33 38 13 39
17 19 9 5
22 43 11 32
29 36 26 6
29 34 0 32
31 12 22 1
20 39 25 27
27 33 46 45
43 37 16 10
31 33 17 8
23 22 19 10
17 15 10 24
39 48 3 4
6 35 18 28
29 45 16 1
31 20 22 11
22 43 28 31
28 33 10 2
33 17 17 40
17 40 12 6
25 33 18 11
29 31 11 17
17 37 28 34
21 21 23 10
26 34 14 5
14 8 9 27
19 31 9 11
28 34 9 28
34 35 5 38
13 3 18 28
27 31 4 37
17 38 25 26
0 31 22 34
29 33 25 5
26 35 15 35
18 48 0 35
19 40 14 6
9 47 44 47
19 45 6 36
16 34 23 38
5 17 4 34
14 7 46 42
8 37 7 3
38 30 41 45
26 13 45 42
27 32 31 36
20 41 9 38
30 34 42 42
19 44 13 45
35 40 2 29
22 46 22 11
29 15 14 33
30 13 6 38
25 34 18 23
17 43 23 32
26 33 44 43
38 15 38 36
0 42 9 12
9 34 14 22
27 37 25 19
30 44 46 43
2 44 4 23
11 5 11 49
21 40 10 31
29 32 42 44
15 11 1 21
19 42 1 32
18 32 7 25
29 33 23 11
15 25 23 28
34 40 17 49
25 45 12 8
23 35 32 9
27 31 41 47
38 10 47 40
30 34 46 39
28 32 49 43
44 20 23 23
15 27 11 11
21 34 32 36
27 34 22 40
32 26 19 7
10 27 47 44
16 39 20 13
28 48 27 29
15 33 0 13
12 34 43 44
26 33 26 27
26 32 3 41
21 31 8 34
10 2 16 10
27 19 40 41
29 36 12 10
28 31 17 12
20 17 5 34
21 16 13 4
19 44 28 25
26 37 23 41
15 37 44 43
20 40 6 30
26 32 0 37
21 31 28 15
9 43 43 43
13 7 4 3
20 16 43 42
44 36 5 1
23 45 1 32
45 12 11 31
29 18 44 48
25 28 39 48
23 17 0 36
16 41 38 22
19 10 8 38
25 37 43 43
3 33 43 42
11 43 11 10
15 37 21 32
22 44 2 27
24 39 15 33
10 17 0 25
28 5 4 36
16 5 7 6
13 16 44 41
16 8 2 31
11 10 35 34
6 16 35 29
12 2 15 14
33 31 29 35
24 17 27 32
22 41 11 34
27 33 29 37
20 41 16 10
5 15 29 35
14 40 43 42
18 2 6 35
17 44 36 30
30 37 3 17
33 49 12 15
20 42 28 17
11 5 5 29
20 40 3 27
28 33 47 46
27 31 43 42
28 33 5 24
30 22 24 2
7 39 4 24
26 30 46 42
14 5 46 43
12 14 2 37
17 34 8 28
30 31 23 13
10 38 5 29
22 44 15 30
21 42 32 22
20 43 46 38
44 18 46 41
26 29 41 43
30 29 10 29
28 34 5 37
12 31 17 38
40 44 6 28
14 24 22 20
26 30 1 14
27 35 8 32
26 32 7 28
3 24 27 10
29 43 3 24
20 40 27 44
42 12 35 26
23 40 24 20
23 9 32 31
34 21 6 37
27 33 1 26
15 6 35 28
13 7 9 16
37 42 47 43
18 30 9 11
28 31 10 14
30 34 27 31
29 31 44 44
23 42 26 34
23 34 9 35
19 39 17 6
26 33 12 24
28 30 8 25
29 36 1 32
26 32 44 47
47 13 0 33
29 34 9 29
5 47 38 39
22 29 8 4
26 17 31 41
6 8 25 46
46 22 7 29
41 11 13 12
9 16 27 35
33 19 36 41
27 40 43 43
21 43 11 48
25 30 14 11
32 13 17 6
36 43 27 28
27 32 23 29
14 4 2 30
19 45 43 43
22 20 10 47
20 15 4 33
23 30 19 4
13 16 13 23
25 31 6 35
32 17 11 6
21 45 43 43
27 31 32 39
22 35 4 35
12 37 43 45
21 44 20 15
4 44 25 29
17 43 4 29
37 36 29 24
48 11 4 25
18 45 47 43
31 12 26 29
18 23 1 28
44 33 46 41
7 40 10 30
12 4 1 27
22 24 7 11
37 36 2 37
26 23 44 42
29 15 13 20
30 27 41 29
28 31 28 23
27 33 24 26
37 29 24 21
13 29 41 34
24 38 15 11
15 4 5 5
17 41 35 21
20 30 10 34
29 8 37 43
32 31 10 9
32 32 12 4
32 34 9 37
33 31 5 35
33 14 19 28
24 37 34 34
31 33 27 12
8 14 3 32
20 40 42 44
19 41 22 49
15 4 32 40
3 38 10 27
2 15 0 30
31 34 41 43
19 47 25 24
29 31 35 42
1 33 23 38
8 9 13 0
20 37 6 20
15 41 42 40
44 14 44 44
26 34 15 18
36 33 9 9
14 48 26 43
29 41 11 9
26 29 19 39
12 30 43 7
20 46 6 48
43 23 45 44
20 43 20 31
10 49 0 34
13 12 5 31
26 31 17 8
46 17 7 35
26 32 10 15
19 40 12 30
17 37 16 2
17 26 31 29
2 48 2 34
15 43 19 44
27 48 42 41
13 14 8 7
28 32 3 29
15 40 3 29
20 44 10 33
27 11 12 34
45 3 4 27
4 39 5 16
25 16 38 23
47 43 25 30
28 39 15 30
29 33 42 41
15 2 46 38
5 33 46 41
0 38 44 47
30 33 6 29
35 26 8 31
9 7 17 9
14 38 44 39
42 30 3 21
18 38 42 19
13 6 4 5
17 3 20 26
32 33 42 47
22 42 26 35
20 40 16 12
31 35 3 38
30 10 8 10
4 32 12 10
22 37 31 47
18 14 3 40
33 42 42 49
22 34 43 45
19 44 17 2
26 45 7 32
2 38 5 26
19 45 43 49
15 7 10 3
21 4 2 11
19 38 17 9
38 4 3 40
17 7 16 21
28 32 40 44
27 49 1 16
27 30 5 37
28 35 4 39
22 42 25 33
16 18 0 27
26 32 23 48
29 33 3 36
25 6 20 28
30 42 4 33
24 30 5 34
15 0 20 24
16 39 10 7
31 35 1 35
19 43 15 34
13 34 44 43
27 32 45 42
31 36 0 28
27 31 10 5
14 48 32 27
19 21 41 41
11 10 22 32
47 5 5 27
43 39 25 15
15 5 21 12
30 24 41 45
46 26 33 29
18 20 28 20
20 40 43 42
29 24 25 43
18 45 23 34
46 16 46 41
19 41 27 37
26 32 15 19
30 34 17 14
17 38 36 30
13 3 5 7
30 34 9 35
12 3 42 12
12 5 2 49
17 23 31 20
23 42 21 3
31 33 2 11
14 4 37 48
3 31 10 27
23 49 45 43
29 35 8 6
12 7 30 42
25 22 45 39
8 1 10 6
7 4 20 26
22 37 7 24
31 16 41 42
18 39 21 24
38 32 30 34
36 44 13 6
6 22 43 41
21 43 44 43
14 5 45 42
19 38 7 0
16 6 44 42
15 49 28 44
29 30 16 14
31 7 11 11
19 42 8 19
13 46 45 42
16 42 28 46
17 4 43 40
35 29 15 29
3 19 48 44
21 39 18 8
25 34 28 38
34 34 2 19
13 36 11 12
21 37 13 15
18 41 42 40
12 43 34 23
13 49 46 42
38 7 45 45
22 43 23 48
29 33 10 41
20 45 0 11
24 32 21 12
10 4 42 48
26 25 8 24
27 31 7 27
14 42 4 4
24 41 46 42
25 34 23 13
27 40 31 45
16 5 4 36
12 26 43 42
25 16 5 13
4 45 7 5
21 41 7 39
9 4 30 35
20 34 9 3
15 5 29 30
12 3 0 30
33 9 6 15
14 28 31 46
41 22 34 33
28 32 42 46
5 22 34 24
15 4 12 9
14 7 45 44
4 9 21 35
13 3 2 7
34 4 17 48
17 41 10 26
25 30 12 12
6 21 13 18
28 39 17 7
16 41 42 42
22 29 30 40
2 27 23 41
36 45 7 13
26 21 42 49
14 6 42 31
27 37 11 20
37 3 25 4
12 3 25 37
11 4 46 37
41 14 4 34
35 28 14 22
21 44 33 26
29 33 22 1
31 6 19 4
23 10 12 4
20 43 42 32
39 14 16 22
28 36 20 11
26 46 3 33
10 34 28 40
25 41 25 35
27 33 21 0
16 32 13 30
28 32 13 7
16 27 15 1
18 37 37 20
12 32 6 27
21 16 13 4
13 26 17 22
18 42 6 34
10 6 21 11
29 37 27 21
21 13 43 43
25 11 11 15
18 6 15 33
14 2 33 34
20 40 25 44
11 34 11 28
19 42 32 46
15 45 29 31
19 27 1 25
22 42 14 4
34 5 30 29
48 38 5 0
29 31 18 35
34 0 30 10
25 31 14 7
23 40 21 47
8 22 13 10
35 26 15 6
23 41 23 32
26 33 46 43
22 34 12 32
21 44 35 40
21 42 8 34
13 5 20 24
18 42 0 33
12 4 19 16
28 36 37 38
42 44 1 34
6 43 12 1
31 32 10 2
19 44 9 12
14 6 44 42
31 34 41 44
33 38 29 33
26 34 21 31
29 34 26 49
15 6 27 30
28 31 21 6
16 3 40 39
19 40 44 43
24 42 10 6
30 23 7 32
19 40 40 44
23 8 17 4
20 39 46 43
30 33 4 3
46 35 2 18
22 39 0 35
1 10 42 42
17 41 49 42
45 19 42 43
37 31 46 43
7 26 39 41
25 32 12 5
39 44 45 40
12 11 45 40
27 33 43 42
22 20 45 41
41 16 3 20
24 10 12 11
34 28 41 45
21 39 24 19
28 33 16 4
21 15 44 39
23 44 15 8
14 4 49 45
17 6 7 4
16 40 8 26
32 44 6 32
47 27 25 48
30 46 10 26
15 37 37 42
28 33 2 26
19 42 2 43
16 4 44 45
5 10 2 25
33 20 1 19
2 47 35 36
1 44 15 5
26 32 30 35
43 34 8 26
10 6 24 36
14 6 21 5
21 27 33 32
26 33 2 24
19 45 13 12
34 25 0 25
29 31 4 39
16 29 13 36
36 20 30 38
2 39 17 37
18 44 0 38
18 41 28 38
5 28 47 40
40 27 24 28
28 34 7 14
19 6 29 26
20 41 21 15
15 9 45 43
26 35 42 40
15 7 33 30
16 3 8 24
28 32 46 41
1 34 33 47
18 39 48 43
34 30 17 14
16 4 43 42
21 43 43 41
29 30 17 31
23 41 33 22
14 6 28 36
18 15 31 49
24 12 12 13
28 36 27 1
26 37 30 16
29 32 6 42
32 15 14 33
1 17 18 29
16 42 0 30
10 31 31 12
2 28 16 12
16 2 17 37
30 34 43 42
16 9 7 31
26 34 12 8
6 39 24 4
20 33 44 45
20 44 6 7
14 38 27 39
29 32 18 11
24 18 5 12
27 36 4 31
16 4 2 18
33 38 18 5
19 44 47 43
19 44 24 4
29 31 2 22
41 35 30 47
14 19 27 7
30 34 5 32
30 34 4 49
16 41 2 34
13 11 45 48
30 33 0 34
41 45 29 47
27 34 26 14
16 45 9 35
2 28 11 18
32 45 0 14
16 4 3 30
12 7 16 23
20 44 41 45
29 20 22 42
29 35 3 44
21 24 47 44
12 4 23 37
18 44 40 41
26 32 12 3
18 42 9 15
12 4 44 44
38 15 39 30
14 28 3 32
22 35 10 35
15 4 36 22
6 30 10 32
19 41 0 29
24 30 16 24
29 4 46 44
12 2 33 5
17 42 26 36
27 34 43 45
28 33 36 34
8 26 14 9
16 34 47 45
11 7 7 2
14 3 4 30
30 29 29 11
17 40 42 42
27 33 21 25
4 30 7 21
15 33 45 45
20 40 8 13
31 35 44 43
20 36 17 2
20 41 46 41
14 7 46 43
29 30 23 31
30 14 7 10
33 26 44 44
26 29 5 13
32 42 16 9
28 7 34 21
19 37 4 12
39 27 16 12
18 2 22 49
12 9 26 41
16 27 45 39
11 43 26 22
26 35 48 42
25 36 30 21
18 41 10 8
3 42 4 23
32 35 6 43
28 34 46 46
18 37 18 11
9 9 31 20
29 35 43 44
22 34 19 10
49 24 32 28
31 12 41 46
19 39 16 16
32 31 17 7
20 40 8 42
28 33 35 27
20 43 30 28
29 33 6 29
30 11 17 3
11 6 44 43
37 47 21 2
31 20 7 29
20 43 22 29
30 36 20 11
25 32 48 45
23 22 28 35
18 42 11 33
9 5 40 40
5 15 8 33
30 32 27 4
24 5 36 48
23 33 39 40
9 2 13 32
14 4 35 49
12 4 7 28
22 45 24 27
17 44 45 42
10 49 35 40
19 40 12 9
40 20 14 39
25 44 45 43
35 22 19 31
20 38 10 37
29 34 25 33
15 17 16 32
45 6 17 2
1 3 29 23
29 22 41 42
34 36 41 44
29 34 18 36
39 14 14 3
24 38 11 32
13 5 2 5
32 25 7 1
29 35 8 34
9 4 47 44
44 26 2 22
19 37 47 40
21 45 14 14
19 38 12 20
11 8 23 17
26 9 33 31
26 17 5 32
32 36 5 2
30 17 47 45
20 36 13 18
18 45 9 32
19 48 28 6
38 33 44 41
12 7 43 44
19 40 43 44
23 39 29 48
29 32 17 6
12 5 48 45
28 32 22 3
45 14 21 27
43 26 22 44
18 44 43 40
23 41 22 19
24 32 45 41
29 38 29 13
28 32 14 10
18 41 19 3
29 36 7 26
22 42 14 6
12 3 34 28
32 32 21 4
45 32 24 25
31 33 23 27
27 33 11 33
32 33 28 20
7 3 10 26
27 33 43 45
20 34 29 32
23 41 28 41
27 34 38 25
48 21 22 23
37 20 35 15
27 36 20 16
23 9 20 36
20 45 6 30
20 41 4 29
18 43 47 44
19 40 21 10
26 32 19 20
23 41 0 35
19 26 49 41
31 34 2 24
14 5 14 11
32 35 10 48
13 41 10 23
21 37 31 7
33 8 7 29
17 5 46 42
28 44 45 47
27 46 10 27
25 33 2 26
18 40 7 34
20 12 43 40
21 45 39 15
22 41 23 15
22 27 18 9
27 34 4 7
16 40 46 41
42 34 21 3
31 31 34 24
18 40 37 38
44 21 16 25
13 8 23 2
18 42 9 30
18 18 10 9
18 9 37 10
19 45 3 33
29 33 7 41
7 28 18 10
24 38 17 36
26 36 19 34
8 21 27 14
5 25 2 29
28 35 0 29
19 42 28 40
18 45 46 44
13 5 19 9
19 45 9 40
12 9 9 46
39 11 0 34
15 4 22 30
30 44 10 4
27 34 5 19
42 37 39 39
31 36 45 45
11 47 5 30
48 30 37 34
27 32 16 16
9 8 34 26
12 31 0 36
30 36 10 14
33 44 12 13
27 31 35 13
30 36 43 31
20 47 25 25
14 8 42 48
15 18 46 41
42 19 44 44
10 9 23 44
31 34 43 30
11 9 14 35
22 11 24 37
28 37 4 22
30 34 17 19
28 35 12 49
25 45 2 28
21 22 14 39
44 15 18 30
15 30 7 21
23 26 24 32
11 1 32 33
20 39 4 29
24 36 23 16
11 31 5 36
17 40 12 36
11 6 7 5
18 24 20 5
28 35 5 36
18 42 13 35
17 43 24 30
19 46 16 7
22 39 7 27
4 16 13 34
30 30 11 5
29 30 42 40
29 35 3 40
25 35 29 37
19 42 11 21
14 4 17 8
23 42 22 27
11 39 42 45
37 10 10 25
7 20 32 22
19 15 11 31
49 38 27 29
27 35 48 41
24 48 43 42
25 33 7 33
23 38 4 19
24 42 6 43
14 10 21 15
30 36 41 43
49 35 0 17
27 21 5 13
16 42 22 30
17 37 20 7
3 15 8 1
36 16 44 44
44 45 18 11
40 25 4 8
9 1 42 45
23 29 1 32
19 45 21 7
35 32 44 39
27 34 43 43
9 25 16 32
5 18 19 23
20 40 17 26
29 34 42 42
25 34 19 28
25 31 15 20
30 33 17 12
27 34 43 45
19 39 1 34
9 7 43 42
19 37 21 41
0 34 17 14
40 23 15 32
30 37 20 31
12 5 22 1
11 1 3 35
6 24 43 45
24 36 18 8
24 38 12 6
35 16 44 48
23 32 13 49
20 41 7 14
22 41 43 44
20 15 40 42
14 8 1 6
36 35 24 31
34 47 41 43
44 41 49 40
45 16 3 28
7 36 22 11
11 4 23 11
12 49 20 6
27 35 25 44
28 44 5 31
28 9 46 42
31 31 44 43
20 42 42 43
14 2 15 14
28 32 5 27
29 36 46 44
7 48 33 24
20 40 13 1
13 5 4 38
14 15 10 29
28 32 7 28
12 2 24 31
21 34 2 14
11 32 40 44
18 40 6 0
19 36 11 3
34 12 28 5
18 41 2 39
36 33 41 39
29 37 9 43
22 23 43 47
32 49 8 35
29 34 16 20
21 40 8 34
11 5 43 5
20 43 4 40
13 4 18 18
15 48 22 36
