50 56 11311 800
14 21 36 37
15 15 5 29
27 42 11 32
37 27 39 8
5 24 49 35
15 23 24 30
33 20 45 6
2 32 29 28
42 36 19 28
40 15 38 20
46 30 27 23
7 15 31 23
14 11 44 14
21 23 34 38
13 12 20 26
29 46 16 29
7 25 41 19
2 10 33 33
9 11 40 25
15 9 25 5
32 22 33 15
34 43 20 9
28 42 27 38
29 7 40 37
33 42 21 29
48 29 14 14
26 20 1 37
48 42 30 26
39 16 26 34
7 8 12 29
43 47 28 36
12 14 32 42
14 11 23 12
2 22 38 32
10 48 22 38
34 27 14 34
46 33 24 24
11 32 6 33
37 25 27 35
45 13 38 41
28 25 0 30
7 0 34 7
14 24 39 36
22 15 40 10
48 48 43 34
45 40 34 31
21 17 37 31
14 7 23 22
9 15 26 26
14 2 23 46
43 32 30 42
49 44 16 38
14 13 35 21
32 34 44 14
26 27 29 34
42 43 12 28
