50 92 13345 800
1 18 26 26
46 23 9 10
31 3 25 27
23 5 18 30
11 26 33 26
41 21 38 7
22 9 28 30
22 34 34 7
16 2 43 8
38 4 47 36
9 5 44 14
7 18 9 2
47 12 35 7
23 21 36 33
23 10 40 22
46 11 16 18
31 36 43 23
48 4 7 2
9 22 39 7
47 20 42 16
23 9 45 8
47 21 27 2
26 16 35 18
1 11 7 12
5 11 6 4
46 28 25 21
18 23 43 20
21 16 49 33
18 21 43 24
10 14 36 15
38 26 21 14
47 36 40 11
33 27 15 7
16 16 18 31
20 5 6 16
23 19 45 39
46 23 31 17
35 14 39 17
30 7 8 4
37 28 19 33
31 13 30 43
47 10 14 1
44 18 8 5
12 21 43 27
29 7 32 34
48 20 38 42
39 25 46 5
35 48 9 10
29 18 34 0
0 11 41 27
13 14 31 1
15 13 22 13
6 5 35 22
46 21 35 9
41 21 30 19
11 17 33 28
26 19 42 2
8 19 43 47
41 10 28 41
3 16 26 1
16 22 30 44
3 7 23 3
34 24 33 4
25 20 15 5
27 13 0 9
36 30 39 39
45 20 23 4
42 24 38 41
46 19 29 1
26 4 36 25
19 16 29 25
36 32 27 24
7 18 36 37
49 11 37 40
15 13 17 24
8 49 27 2
42 32 29 42
20 3 44 35
25 13 27 18
33 13 23 28
20 14 47 22
16 17 38 24
21 27 30 3
6 10 7 3
45 16 34 32
46 29 42 25
19 21 15 11
20 8 11 11
18 35 38 39
48 10 31 21
43 13 14 7
24 10 43 47
