50 195 12409 800
27 1 45 20
40 26 49 20
38 31 0 19
25 13 22 37
41 33 20 30
24 9 26 25
38 13 36 36
22 3 17 48
39 32 31 31
40 29 24 44
18 5 28 32
40 31 45 20
20 14 4 47
20 10 29 43
21 21 38 46
18 8 46 23
40 25 46 22
46 28 2 14
21 5 21 24
24 3 48 18
20 11 1 17
19 13 31 41
16 35 49 18
24 13 49 20
20 8 10 23
41 29 0 20
18 19 6 28
23 14 45 22
25 6 3 18
23 16 8 12
19 10 35 7
25 19 22 45
20 16 25 34
29 18 4 21
22 15 25 35
46 33 0 24
21 11 33 44
47 29 12 41
42 26 17 29
13 25 5 15
24 9 31 46
44 30 19 48
46 28 15 46
27 10 29 36
31 11 16 33
22 15 7 17
23 9 1 26
24 7 49 20
49 35 48 20
39 30 43 18
35 30 6 15
17 11 45 20
39 28 47 20
19 15 48 20
38 31 6 20
29 11 9 12
41 28 25 22
29 9 46 19
23 14 33 19
21 11 48 18
22 11 29 32
24 9 19 31
39 31 24 24
24 17 45 19
38 32 48 22
40 30 49 21
23 13 18 40
28 11 16 39
23 10 32 46
39 39 1 21
20 17 7 14
20 12 5 17
29 10 3 23
24 16 22 30
29 24 46 18
24 12 44 24
19 14 36 32
21 16 46 21
25 13 48 19
21 15 33 42
35 25 11 35
42 29 35 42
25 13 46 22
38 29 24 48
37 29 23 47
29 35 1 19
20 9 43 20
20 12 2 18
29 6 15 34
17 12 49 24
22 34 11 19
38 22 45 19
32 10 3 22
26 14 41 32
18 8 17 28
34 30 5 20
25 9 5 20
23 14 49 22
20 18 18 36
25 18 21 41
41 10 41 18
16 33 43 22
31 33 21 33
16 6 28 42
21 10 39 29
17 9 45 22
25 15 8 40
21 21 29 24
21 27 47 20
43 28 48 21
39 33 20 34
42 28 46 19
40 27 15 32
19 5 48 19
26 14 37 42
21 13 26 31
23 49 47 21
41 46 35 37
29 10 0 43
23 12 46 21
26 11 48 23
15 11 19 26
17 15 1 12
23 11 16 49
28 16 47 24
26 13 4 23
20 12 47 17
24 16 47 20
38 30 48 18
17 16 45 19
23 5 0 16
19 11 20 38
24 11 22 46
41 32 4 17
40 26 45 21
18 16 6 31
24 15 29 35
27 10 11 38
37 35 3 22
41 25 15 38
21 14 1 17
21 5 10 42
30 21 30 28
36 30 49 21
21 12 4 43
16 11 36 41
42 26 26 40
23 12 5 19
23 13 29 40
19 15 45 19
40 23 43 18
27 14 48 16
23 42 17 35
22 11 47 17
43 30 46 25
39 32 22 45
24 10 5 22
16 11 29 35
27 14 46 18
24 12 0 19
43 28 3 22
43 29 7 21
20 5 28 13
48 22 31 34
21 16 15 35
46 22 26 26
40 32 45 17
20 14 27 44
49 26 45 18
24 11 47 23
20 16 45 17
25 14 43 22
40 30 34 38
42 26 24 24
25 12 4 27
38 26 49 23
46 29 49 20
41 21 22 37
43 30 21 31
23 11 21 38
21 6 36 41
41 26 36 38
25 19 12 28
21 11 11 20
39 29 48 20
29 17 47 22
34 19 43 18
33 35 36 40
24 5 10 36
42 28 45 20
19 13 46 21
26 11 5 20
26 12 35 34
20 4 26 8
20 11 20 43
