50 268 11503 800
29 28 33 39
25 20 22 2
39 43 15 11
21 30 6 3
10 23 37 11
26 13 35 42
33 31 2 2
35 22 41 5
24 11 32 39
25 28 39 43
12 17 16 20
5 10 34 39
0 46 5 4
19 18 30 45
31 42 32 15
30 33 27 44
17 40 10 10
22 13 30 13
16 28 9 48
12 19 30 16
22 25 31 37
21 24 27 13
25 24 35 35
21 42 10 1
15 16 22 6
10 33 29 47
32 21 24 35
32 19 23 44
33 35 42 36
20 31 32 41
21 15 11 5
28 22 44 41
30 14 18 23
31 9 39 42
14 29 12 39
26 27 35 43
24 11 39 31
35 23 18 43
21 49 11 42
35 0 40 43
22 14 23 31
26 19 37 44
5 48 32 36
28 28 22 3
3 38 40 38
21 29 7 1
26 22 25 38
33 17 19 2
27 30 37 32
25 21 36 42
32 32 36 1
1 32 29 40
28 21 31 43
18 21 23 6
0 22 17 13
30 24 35 8
10 0 18 33
28 29 30 41
35 34 25 45
21 14 23 35
26 31 11 16
14 31 30 49
16 16 33 6
32 18 13 48
4 49 31 44
24 33 39 44
11 33 37 43
21 23 13 5
22 49 26 33
31 21 27 45
23 12 20 3
28 35 36 43
5 42 30 34
21 21 40 13
3 49 36 14
29 28 20 13
30 11 30 39
17 30 40 40
3 16 31 36
20 19 33 38
18 49 37 25
16 23 40 7
27 17 5 21
28 30 33 39
2 33 35 5
8 40 26 38
27 32 28 41
34 17 32 35
27 37 30 41
4 45 36 3
34 32 29 48
30 40 10 23
36 22 43 7
32 18 32 38
25 35 38 28
29 33 13 35
23 22 29 15
10 28 36 42
15 22 32 46
26 14 37 48
26 34 20 10
11 17 34 35
4 43 21 28
5 25 11 12
18 14 34 35
8 34 30 4
13 27 23 28
9 45 9 20
30 29 28 45
20 30 28 11
30 29 2 2
21 23 10 16
1 45 46 34
34 13 31 45
13 31 30 47
15 26 29 36
19 18 32 41
12 46 32 39
30 30 14 25
32 20 16 10
17 49 30 39
29 36 5 4
30 33 37 38
29 10 13 9
4 28 26 46
33 15 10 5
23 13 34 44
32 34 29 7
29 31 34 25
30 33 37 38
18 22 17 16
26 17 35 40
23 20 38 42
23 9 34 44
28 9 29 38
19 24 33 32
23 34 15 14
27 17 35 0
30 33 38 39
24 32 34 37
25 17 39 5
26 20 18 29
0 31 43 5
29 8 43 19
27 22 31 44
18 21 29 28
26 28 46 31
28 32 35 46
1 40 38 46
17 9 41 30
4 13 37 31
21 13 31 37
25 24 31 28
19 16 8 17
20 6 9 9
13 30 25 33
23 30 49 4
32 34 5 32
0 38 30 41
30 1 36 22
0 17 34 47
28 9 35 42
23 27 12 13
28 10 22 9
20 17 38 44
25 12 12 14
33 19 42 45
21 42 34 40
5 40 29 48
15 28 23 12
34 26 33 30
12 24 35 46
30 23 29 37
44 10 27 41
24 25 37 37
2 31 30 42
13 48 44 37
28 35 38 37
4 45 0 15
38 42 31 41
7 27 35 43
14 29 31 37
13 10 22 2
34 35 34 41
36 2 8 6
28 27 34 23
22 14 30 41
30 30 11 4
4 35 29 35
11 19 6 2
8 38 41 45
20 20 37 22
46 26 35 45
17 21 9 15
35 15 36 3
10 22 49 38
13 34 28 3
26 28 27 16
28 35 12 46
31 45 4 26
37 21 40 36
18 25 38 47
36 4 12 43
27 31 38 40
27 34 5 14
26 13 15 45
24 19 22 40
42 17 26 39
0 38 11 12
11 16 23 37
16 22 41 12
24 2 36 3
34 45 17 45
25 36 31 32
15 49 34 38
0 28 8 10
20 19 42 2
21 42 0 21
9 39 38 7
19 48 22 44
29 15 41 33
17 32 11 21
16 23 15 4
20 1 33 32
26 25 13 7
29 20 42 36
27 25 36 47
8 33 19 35
30 28 41 19
23 22 30 41
31 24 21 31
21 45 37 34
30 34 43 39
33 14 9 12
9 37 37 37
26 20 36 41
22 26 39 38
12 27 34 35
8 22 21 15
35 37 40 40
31 37 42 41
29 27 37 48
33 34 17 20
37 22 46 39
35 25 37 46
2 45 40 46
27 18 38 0
35 28 39 30
0 34 8 7
30 21 21 16
31 30 19 37
28 11 26 47
14 42 34 48
26 31 37 39
31 31 24 36
5 13 28 38
28 13 16 2
41 25 28 44
21 32 44 47
10 36 42 38
25 30 31 39
30 24 34 38
28 30 32 39
11 26 13 3
34 14 44 38
24 20 29 28
33 43 11 3
32 32 26 2
