50 373 15084 800
49 41 5 7
37 42 32 19
27 20 49 26
32 31 38 36
8 37 16 19
24 21 48 32
45 43 32 31
6 26 12 46
20 42 41 12
27 21 36 31
32 23 36 3
35 32 2 2
43 34 32 28
27 30 46 36
15 22 12 24
32 29 31 12
13 20 36 29
13 23 42 6
9 27 35 35
29 40 16 32
30 30 5 42
35 14 20 19
29 30 11 3
8 32 16 1
31 44 34 23
27 35 42 31
18 13 31 22
21 34 39 18
34 32 31 24
44 39 49 43
28 15 36 45
31 31 47 41
35 26 11 3
37 25 39 22
29 9 44 22
29 35 35 31
28 17 16 7
30 14 37 28
19 29 35 29
39 41 36 30
21 11 21 18
36 32 31 31
39 47 47 28
22 26 31 24
35 43 45 26
33 32 45 37
29 25 41 23
34 14 49 21
25 41 31 8
42 25 40 20
34 16 42 4
19 40 31 9
36 29 47 32
26 27 44 24
37 23 39 18
32 42 47 26
19 29 6 6
31 29 23 7
40 29 32 25
31 28 18 1
37 17 47 43
31 28 26 27
39 41 5 1
36 27 46 29
36 14 39 29
24 29 45 37
40 43 28 48
42 29 20 2
22 3 46 24
31 41 15 1
32 29 40 29
41 38 31 24
29 16 30 27
14 26 40 0
38 15 41 17
13 15 42 23
28 48 45 16
35 20 13 30
32 25 46 32
23 39 39 32
30 39 15 22
26 30 38 24
38 23 33 27
37 24 41 12
16 20 43 46
27 37 25 4
25 24 35 35
35 17 8 42
32 25 43 32
13 36 44 27
46 26 20 13
26 23 40 18
36 28 20 11
29 22 23 0
37 24 43 7
23 32 38 27
7 20 40 32
28 20 28 30
37 43 37 26
43 22 35 27
25 15 40 5
35 29 18 11
6 27 35 14
42 37 27 29
22 28 49 36
39 26 9 41
35 29 47 25
37 20 19 5
3 33 35 30
32 31 30 6
27 18 9 43
28 18 47 36
36 25 38 43
3 31 45 40
36 26 43 29
27 34 41 26
38 20 26 25
29 22 25 16
21 33 43 34
28 16 21 16
31 34 23 18
11 8 22 6
3 45 34 23
42 35 34 26
35 22 41 12
5 40 43 29
37 23 34 26
27 20 35 7
38 13 34 26
19 16 34 15
38 27 32 25
15 22 31 35
30 22 43 33
14 29 34 14
38 22 36 29
32 23 40 20
31 25 48 15
10 23 37 30
4 25 37 42
19 49 45 33
35 24 25 18
31 14 19 35
24 29 31 28
29 20 27 14
31 20 44 44
29 17 30 29
37 27 39 48
27 27 11 4
35 30 31 26
14 18 34 13
33 18 38 20
27 20 34 37
32 25 19 6
22 14 44 19
4 28 47 40
27 18 33 24
32 17 27 40
40 31 17 22
28 35 47 30
37 20 2 14
32 25 44 19
25 19 33 20
9 19 28 10
3 16 37 29
33 19 12 2
39 28 34 28
36 22 20 17
35 25 34 16
34 24 42 38
31 35 30 10
31 21 48 22
29 13 18 15
6 35 37 23
29 32 33 15
42 41 9 17
28 23 38 29
31 10 37 42
35 28 47 48
25 40 33 7
7 0 30 26
41 42 27 14
15 38 41 16
5 17 16 16
9 6 40 32
31 28 39 28
13 3 46 44
0 18 5 46
37 22 33 28
31 35 39 14
11 30 28 22
33 23 7 6
11 35 34 11
44 39 46 8
33 20 39 5
39 46 14 6
24 45 33 15
32 40 49 35
28 27 29 18
33 26 0 5
21 0 35 31
22 22 32 10
33 16 29 14
39 34 31 7
39 20 48 31
1 33 12 17
33 24 34 33
36 3 45 38
41 48 42 22
2 28 33 36
36 46 26 17
33 42 40 22
24 44 25 22
7 40 34 7
30 20 16 0
36 24 32 26
37 18 47 36
35 20 32 8
22 42 42 37
9 25 40 47
35 25 42 39
42 32 34 25
27 27 41 35
33 28 3 12
40 35 6 46
24 24 4 2
31 33 21 8
31 24 29 31
29 18 26 21
27 22 47 42
37 17 37 28
31 31 18 40
38 33 30 33
43 47 40 28
19 48 48 24
23 32 35 15
15 30 26 24
37 7 29 15
5 22 32 29
34 45 19 29
4 28 19 31
34 22 29 42
36 17 35 35
17 25 47 36
0 49 30 46
36 10 46 25
5 47 31 28
3 20 34 22
22 34 48 24
15 17 36 34
34 26 37 23
40 34 37 30
37 38 15 3
35 40 33 20
42 38 37 23
32 35 48 34
36 20 47 37
20 36 10 47
25 41 38 36
5 27 48 8
31 24 32 20
31 18 46 23
19 3 41 9
36 30 49 22
24 9 45 37
2 24 40 9
40 18 21 9
16 40 32 29
25 22 29 3
38 17 44 27
46 40 42 12
35 26 25 38
34 12 8 44
32 16 4 9
21 25 38 37
29 20 34 20
39 19 26 17
32 11 34 21
17 38 14 9
44 21 45 17
25 19 20 39
28 21 29 29
36 25 47 36
29 36 35 23
33 30 20 2
28 33 33 14
9 28 46 27
8 13 11 35
25 39 25 26
31 35 36 32
5 29 36 30
29 40 20 5
29 15 46 34
8 20 37 23
49 40 37 28
35 20 48 1
31 45 42 1
42 42 47 27
31 22 35 37
31 14 32 25
7 40 36 19
30 37 48 33
29 28 24 14
33 26 32 19
3 37 22 26
29 35 38 23
31 27 46 24
29 49 30 25
4 8 14 32
6 6 47 34
33 33 26 39
19 15 35 30
47 35 41 41
32 23 11 12
25 25 29 26
30 21 37 29
34 46 48 44
29 29 42 29
14 19 40 34
29 20 32 26
36 23 28 23
38 15 38 34
34 22 42 34
19 18 1 11
22 32 29 24
35 26 44 5
46 15 41 36
30 23 35 13
38 24 32 34
28 34 35 28
33 22 37 23
34 33 0 1
29 10 15 18
24 16 35 26
33 38 37 19
29 27 33 17
37 25 34 34
34 22 38 24
29 29 27 41
34 30 34 23
34 14 37 32
8 26 49 43
29 10 37 20
41 33 38 36
5 12 39 35
27 20 40 11
38 31 13 9
31 37 36 36
20 10 35 1
12 15 35 13
25 47 5 27
24 26 35 23
38 33 12 6
19 23 33 33
34 25 41 8
26 41 40 36
40 17 41 24
38 28 29 18
25 1 37 41
19 30 17 12
32 33 45 12
22 32 44 28
22 22 23 5
26 36 40 12
42 47 32 23
45 48 29 26
27 23 46 34
26 41 6 39
26 14 32 30
38 45 40 6
34 22 42 25
9 35 4 38
30 23 12 9
34 26 47 47
