50 991 19085 800
11 18 3 11
19 1 22 39
7 30 18 24
33 19 2 8
14 21 19 41
19 0 5 5
28 9 8 14
31 26 8 18
17 26 36 42
22 29 19 3
6 31 3 15
13 10 16 22
19 13 42 30
22 8 19 21
7 3 35 29
20 17 27 35
21 27 17 25
11 41 7 13
7 28 20 39
35 18 13 19
20 33 21 44
8 26 15 23
15 28 7 12
14 33 36 31
22 5 20 44
48 7 1 10
21 25 18 43
33 2 12 21
16 17 4 13
15 31 7 17
12 25 44 34
24 35 2 8
20 28 21 44
18 0 9 7
0 40 8 12
27 7 18 24
15 23 20 27
23 7 17 24
16 36 6 14
26 16 43 34
19 13 8 17
11 6 15 27
3 25 22 6
20 0 41 45
27 5 34 43
1 25 49 34
24 29 38 37
6 22 32 47
28 12 24 3
21 3 3 13
6 14 39 41
12 38 49 39
23 3 9 11
23 12 5 12
22 1 40 41
39 40 22 29
31 37 45 49
23 5 19 25
20 48 9 13
5 20 8 14
20 23 39 28
13 0 6 17
14 27 18 26
28 24 8 11
0 26 17 28
16 23 3 8
38 10 6 16
45 23 34 36
14 4 19 8
8 34 9 11
1 46 6 27
35 14 7 17
16 8 7 15
8 27 36 41
18 44 6 14
13 42 18 28
4 29 34 36
27 37 15 26
11 27 9 15
6 12 18 19
21 38 19 44
26 6 1 15
17 17 3 17
17 8 11 14
18 3 20 37
26 15 19 41
0 20 27 41
23 9 20 24
17 34 26 43
25 23 41 46
29 48 10 17
19 16 9 16
8 15 40 43
27 39 17 23
9 33 3 12
3 40 11 15
31 6 22 40
4 20 18 37
16 7 41 49
7 23 9 11
0 12 7 15
12 4 6 13
11 20 7 14
16 25 22 21
20 21 38 42
33 5 43 46
20 7 16 37
15 40 40 39
14 3 34 42
20 15 8 15
6 15 2 9
9 18 16 20
19 34 22 49
8 27 8 10
10 9 25 23
20 3 35 41
24 1 36 40
33 7 40 38
12 25 8 12
14 35 17 25
23 19 6 11
21 9 14 21
30 18 10 20
5 25 14 14
14 20 1 12
32 6 20 48
1 32 41 47
8 30 23 1
14 29 31 39
20 43 13 16
5 29 10 11
8 44 22 41
5 23 3 19
19 42 1 13
14 47 47 47
26 29 21 45
15 23 9 19
10 32 24 25
19 3 45 41
29 4 20 46
31 21 4 15
28 7 14 22
29 3 11 25
14 40 18 25
10 39 21 38
14 23 23 43
18 34 2 15
19 3 8 14
18 25 20 44
20 7 22 40
20 2 13 30
22 34 42 47
16 29 8 15
22 8 46 34
44 21 13 25
7 16 18 25
10 24 0 18
3 37 41 33
1 49 3 18
38 6 38 38
18 13 17 26
16 21 11 9
10 24 5 11
18 1 7 11
27 10 21 41
11 21 5 13
13 22 21 46
5 25 20 27
25 5 22 42
28 7 6 11
24 19 17 23
29 3 13 11
20 29 6 17
36 14 3 13
2 18 17 24
22 12 16 23
12 34 18 21
23 5 40 40
0 37 12 18
26 25 20 24
46 1 19 43
11 15 43 39
5 45 25 45
14 43 41 40
3 22 16 32
7 38 1 10
25 13 2 10
23 40 19 22
23 29 26 43
29 33 3 11
5 25 6 16
2 8 7 3
3 26 6 14
10 21 3 9
10 29 16 19
7 30 34 40
32 4 17 26
13 38 45 45
22 7 18 42
20 38 9 17
32 6 23 42
14 11 7 11
17 38 4 31
7 37 19 26
12 32 18 47
15 30 14 24
14 32 25 41
3 36 7 13
5 45 41 40
7 30 12 21
27 4 3 16
15 48 44 39
7 0 1 16
49 11 34 39
35 21 18 6
19 22 5 13
27 16 8 11
32 45 2 10
1 42 7 10
22 21 34 43
24 0 20 27
7 33 18 24
16 18 19 41
16 35 1 18
37 7 5 16
19 25 19 43
16 19 22 2
25 2 4 13
22 21 43 35
4 7 42 37
27 24 7 25
9 15 0 8
17 30 44 41
4 14 38 47
20 13 13 13
19 26 15 23
39 14 6 16
24 0 33 37
20 2 0 17
25 0 18 25
5 24 6 16
25 6 15 26
42 4 38 42
17 4 1 13
1 36 16 26
31 13 5 16
24 43 5 10
21 2 29 36
29 8 42 35
13 14 10 22
22 24 10 15
8 28 23 2
2 36 45 40
11 23 4 11
6 26 10 11
33 12 43 42
16 0 4 11
41 9 21 24
27 4 3 1
21 0 36 45
18 25 11 27
14 38 5 7
20 7 3 16
19 10 47 44
29 12 14 14
16 26 15 22
6 32 36 44
21 6 15 27
21 46 15 23
23 29 9 5
20 41 38 49
28 25 8 9
23 32 7 24
17 12 7 9
15 6 31 34
21 17 21 40
17 13 4 12
23 22 5 9
14 13 43 37
42 17 4 15
11 9 14 24
25 7 6 13
25 39 32 44
17 28 15 19
28 0 36 39
23 37 5 15
8 17 5 13
20 23 4 12
27 6 40 32
21 11 18 25
9 44 18 47
17 38 38 43
16 33 19 19
0 42 6 14
16 45 38 31
17 8 3 17
8 15 6 11
20 8 10 17
1 11 35 39
28 40 15 23
26 5 5 14
6 24 18 21
0 23 26 40
16 26 13 24
10 18 6 11
40 40 21 27
14 32 6 12
8 27 22 42
2 17 31 34
16 36 40 42
1 29 39 44
12 7 44 43
28 23 0 7
3 40 41 44
22 11 14 20
10 43 8 9
17 13 21 41
20 23 47 47
25 31 21 43
30 1 6 10
0 25 32 38
25 3 10 6
35 12 23 40
22 12 40 37
3 23 6 9
3 38 9 22
29 19 37 37
10 22 4 15
7 25 6 15
18 35 3 10
9 27 3 14
29 23 7 14
10 39 9 12
22 25 7 11
32 15 18 46
19 9 18 42
8 20 17 17
5 38 9 15
24 4 20 27
27 4 43 40
16 20 18 25
6 23 38 35
29 37 2 9
14 46 49 49
14 39 3 11
8 23 9 11
9 23 6 14
15 21 44 28
11 15 15 24
10 43 36 42
20 26 37 45
7 28 11 6
30 16 39 42
16 38 4 9
14 23 6 15
18 25 15 23
30 5 44 43
13 30 14 0
11 8 19 44
21 15 22 44
27 2 5 13
4 10 46 39
27 23 4 8
16 45 13 14
13 32 2 2
25 13 16 47
33 43 15 21
16 4 37 45
9 0 18 22
14 30 19 24
9 36 0 0
13 11 17 25
11 37 4 8
16 27 7 19
13 33 1 19
18 15 27 41
49 26 13 27
26 8 0 11
28 30 8 14
36 42 3 11
24 46 46 37
19 10 4 17
9 26 42 38
5 36 34 45
18 29 37 38
27 13 11 10
18 4 21 44
19 23 44 30
20 5 17 26
32 2 20 24
27 39 2 6
26 25 11 14
11 21 18 30
13 35 40 41
3 1 16 26
41 44 18 22
10 14 25 39
18 9 16 27
24 26 9 10
36 12 1 11
24 28 29 24
18 28 0 8
38 27 34 38
22 18 19 21
43 27 9 12
8 31 16 30
15 38 16 26
20 11 2 15
17 31 36 48
3 5 11 28
28 4 17 8
0 34 6 14
11 12 44 42
6 25 16 5
24 5 38 33
1 20 17 15
10 28 13 22
17 27 7 16
38 1 16 24
5 16 5 3
13 34 5 17
4 41 44 39
20 31 12 27
32 12 46 45
13 44 16 27
5 36 36 37
15 20 3 18
3 15 7 11
16 34 6 19
24 39 46 42
23 33 40 31
17 25 8 14
40 5 3 15
12 36 4 11
9 33 41 45
11 20 19 24
15 14 41 33
15 38 8 11
11 32 1 6
20 14 18 27
3 12 12 26
26 2 17 28
19 7 34 44
18 18 4 16
12 37 20 21
14 1 4 16
6 24 12 6
23 20 7 19
18 27 22 42
26 42 22 43
29 9 47 33
1 6 25 43
20 12 1 14
8 21 16 24
23 4 38 37
5 30 3 16
6 36 6 11
25 5 2 13
20 26 8 29
26 1 27 31
0 36 6 15
19 1 6 7
18 39 21 29
12 41 19 42
20 8 13 27
16 29 23 46
16 37 42 46
6 35 5 14
29 11 6 11
3 28 15 38
3 31 18 27
8 18 5 11
30 12 21 39
19 5 4 12
0 29 22 46
1 27 41 38
36 35 36 49
15 12 19 24
12 2 3 6
15 41 16 28
30 21 0 9
16 8 0 14
26 16 11 16
31 8 18 42
11 35 21 42
28 27 6 21
37 31 35 44
19 12 22 45
7 31 14 25
24 10 26 44
13 32 19 26
16 33 6 13
17 14 12 24
3 32 25 42
1 33 18 21
26 9 4 10
24 3 44 43
14 30 22 47
8 29 15 29
19 28 6 11
28 18 7 8
9 35 17 25
20 34 5 7
12 9 41 42
22 30 12 21
16 37 6 14
12 40 8 18
0 43 11 14
22 12 17 22
9 32 38 38
29 27 15 16
13 13 37 41
19 25 39 39
22 39 6 14
31 8 42 37
31 32 48 39
32 12 15 21
13 35 18 25
40 26 7 14
14 31 48 45
4 26 43 41
19 35 9 16
27 6 10 13
16 28 5 10
23 5 4 20
22 38 8 10
28 1 1 12
6 7 11 7
31 25 6 11
19 4 8 12
6 35 45 48
25 4 2 10
22 45 24 0
22 16 11 16
17 29 9 15
24 17 9 9
24 34 21 42
5 34 6 8
3 12 0 17
15 0 1 12
4 30 42 44
5 27 21 22
11 34 19 24
18 30 5 20
9 0 35 47
29 13 22 28
10 22 8 14
41 32 44 35
4 27 5 11
41 17 18 24
17 39 5 16
20 17 17 42
24 7 24 49
3 32 16 42
7 8 3 9
20 8 46 35
1 21 0 15
6 20 7 15
5 4 7 11
12 10 20 25
37 2 14 19
18 23 44 38
15 38 42 32
38 9 44 42
5 29 16 25
4 28 3 2
9 37 0 16
26 2 36 32
18 25 22 29
15 16 15 23
15 1 16 20
45 10 7 10
20 2 3 18
27 11 16 23
5 8 5 14
16 28 44 44
32 24 38 42
26 21 5 12
17 39 3 7
28 0 26 42
22 6 2 18
35 1 8 15
42 21 24 47
25 31 15 27
16 1 1 13
18 30 38 45
18 27 35 40
5 31 3 13
13 38 12 26
16 26 43 48
25 6 41 45
26 14 1 16
10 31 15 21
4 8 9 16
17 15 16 23
8 34 10 15
29 40 22 39
19 24 16 27
29 48 17 24
28 6 20 24
24 2 5 19
25 16 16 24
11 19 20 45
14 15 20 39
7 36 25 41
22 26 2 18
10 32 48 44
1 37 19 42
20 20 1 15
20 17 41 31
28 24 45 32
5 17 7 23
2 27 11 6
17 28 49 38
27 5 20 45
10 21 13 11
24 8 7 15
26 24 47 41
5 26 24 42
26 40 15 24
19 39 16 23
8 29 7 12
25 5 9 10
33 16 46 38
2 30 3 15
16 29 24 42
6 29 22 47
12 40 35 35
14 10 10 12
21 28 22 42
9 7 18 20
0 32 24 42
9 23 5 17
16 34 18 44
20 3 7 0
18 39 2 14
14 20 5 15
28 9 37 26
5 32 13 15
2 24 7 9
17 1 4 9
22 10 36 39
22 37 18 23
7 18 6 13
16 10 16 18
28 28 20 45
26 9 42 38
10 14 7 17
9 44 7 9
6 10 44 36
3 25 22 8
12 11 7 12
5 31 9 13
15 25 40 43
24 26 19 48
9 30 38 42
7 33 2 10
15 18 21 21
21 6 38 40
34 7 5 13
4 32 5 17
3 23 2 10
14 37 35 47
26 37 4 10
13 40 32 32
14 37 34 41
10 27 45 37
1 7 39 40
8 43 40 42
30 10 22 19
26 11 5 18
22 28 11 6
16 12 42 49
2 33 8 17
19 25 21 42
8 20 4 8
15 31 16 27
5 30 17 29
2 35 48 32
1 21 19 40
38 41 43 37
42 1 5 13
25 13 18 24
23 2 13 26
8 40 9 10
11 32 15 24
12 24 6 11
28 47 21 42
11 37 43 30
14 27 5 18
29 4 18 43
42 17 0 9
22 7 8 13
12 12 41 44
34 11 18 42
7 22 14 25
31 25 7 16
10 35 22 45
22 3 19 12
22 6 8 13
1 20 14 22
8 7 18 35
11 35 21 43
13 39 16 25
12 25 35 40
30 26 32 48
14 23 8 20
1 32 18 30
22 9 8 18
19 28 8 13
9 29 17 22
1 28 15 24
5 10 19 25
19 11 5 12
14 40 6 18
15 36 20 18
7 22 21 27
25 9 15 29
6 39 33 3
25 10 2 11
15 12 19 36
18 12 21 28
25 21 42 36
7 31 14 20
10 34 20 44
27 7 5 15
20 14 14 23
15 8 17 24
22 16 20 27
4 42 22 40
12 25 39 43
21 15 14 12
3 32 21 42
22 3 9 14
23 47 16 6
20 14 1 15
39 10 6 18
35 36 31 45
25 14 20 23
22 25 10 11
12 25 3 11
5 31 16 21
41 8 15 23
1 28 43 39
28 7 15 28
17 31 17 26
8 27 3 16
27 8 0 10
16 8 7 10
0 6 19 36
15 3 9 15
7 25 37 46
4 20 5 8
24 29 5 10
31 19 0 15
21 35 8 15
3 19 38 35
8 32 6 6
16 44 41 41
4 28 18 25
8 3 0 13
49 9 15 27
11 9 37 31
25 5 21 46
23 35 16 40
16 26 2 14
2 34 8 12
9 29 18 21
22 26 5 14
15 22 11 13
21 25 11 6
17 26 32 47
5 31 42 41
20 35 1 11
8 30 46 46
5 26 39 35
8 40 3 9
9 31 21 42
33 18 11 23
20 19 6 22
8 32 19 21
0 13 5 7
13 18 14 27
7 23 2 11
28 7 7 14
10 12 17 45
8 16 41 45
24 40 13 27
32 3 1 12
17 27 7 11
28 43 13 24
17 2 6 13
2 31 16 26
9 18 11 12
13 12 1 14
17 32 44 43
20 9 13 22
20 5 16 22
23 7 40 39
30 1 37 41
14 38 3 13
22 28 40 42
19 37 15 23
35 5 1 17
12 12 33 49
8 14 17 46
19 6 21 44
29 0 21 46
28 30 11 11
11 30 43 40
6 8 4 17
19 1 16 17
26 5 19 25
26 28 2 16
13 16 6 12
6 26 8 11
18 40 7 6
23 27 42 39
14 33 7 10
17 33 10 11
17 13 3 12
32 14 16 20
0 19 24 44
16 1 37 40
8 20 20 29
21 13 18 25
42 21 43 36
4 39 9 16
26 20 16 4
27 8 3 17
10 43 0 13
16 45 1 10
19 20 0 8
38 14 47 46
29 6 9 16
9 35 47 47
27 6 10 10
18 21 6 15
45 23 18 42
18 37 34 12
3 26 6 13
22 4 44 35
21 6 12 19
19 11 19 28
11 38 20 43
26 16 5 12
4 34 4 15
7 29 38 39
13 33 44 37
18 42 1 12
21 12 42 47
15 31 39 38
22 7 7 15
30 0 47 41
46 26 6 12
9 23 26 12
24 20 40 43
28 4 18 24
4 30 5 19
41 21 6 8
12 42 11 17
18 21 8 11
28 45 19 46
9 37 28 44
1 22 4 15
12 28 23 47
0 24 34 47
0 18 2 14
27 1 46 45
10 13 8 9
9 17 42 46
7 9 16 28
4 48 6 11
12 34 16 26
6 31 5 15
17 15 3 17
21 38 19 23
4 4 16 26
18 3 1 12
39 8 47 48
19 36 22 31
13 41 42 36
8 21 2 15
23 1 0 14
0 6 43 35
19 16 26 42
27 2 4 14
29 16 6 9
27 10 6 16
18 40 10 17
12 29 3 6
20 2 24 4
9 0 38 37
20 24 7 7
17 6 3 11
2 37 9 15
31 11 33 8
19 9 14 24
17 34 40 35
6 32 23 40
21 1 7 18
25 4 18 24
26 45 2 19
26 41 45 36
17 20 18 40
24 0 5 16
7 33 19 4
22 7 10 10
21 11 13 22
9 10 16 25
30 38 22 21
31 33 24 44
20 11 47 42
7 30 5 16
17 10 5 14
24 4 24 37
23 8 3 15
28 2 16 43
2 27 10 10
10 12 4 19
28 2 17 28
13 25 16 27
29 16 5 13
14 11 16 25
9 29 19 43
27 30 20 25
32 2 9 18
13 27 19 8
30 12 6 18
5 36 5 10
16 6 14 27
21 28 4 14
17 24 1 20
11 15 7 4
30 0 16 17
10 31 7 13
10 13 47 48
16 30 5 15
29 6 17 30
15 22 49 33
34 23 20 23
24 6 43 43
30 16 2 14
23 2 18 5
5 37 21 44
19 5 4 18
6 42 37 44
11 26 6 10
16 15 8 13
12 28 47 34
25 28 19 45
22 38 46 34
7 10 8 16
12 26 7 10
1 22 5 17
6 13 6 2
32 4 39 36
15 18 20 25
19 39 5 9
14 40 8 22
33 12 7 14
9 6 41 39
19 46 0 2
10 30 18 18
16 8 22 42
25 37 10 17
19 3 2 11
22 3 20 27
12 37 0 13
5 22 8 14
26 3 18 27
10 23 44 42
47 27 16 7
17 31 16 19
12 18 38 46
22 15 42 38
13 7 23 21
0 25 21 36
48 10 20 25
18 25 8 19
5 21 11 18
30 39 4 9
15 30 16 25
16 14 41 40
11 34 6 12
2 34 14 12
5 29 23 4
23 14 37 42
5 29 9 10
19 36 18 46
0 32 3 18
