50 761 13659 800
25 43 34 14
18 19 39 10
4 16 42 19
20 46 31 12
22 42 39 44
29 32 43 49
25 40 48 33
28 41 48 42
5 16 36 31
27 49 41 41
20 26 44 40
40 33 29 13
36 31 24 24
19 7 25 14
28 46 39 45
14 18 29 13
18 17 28 42
31 38 23 27
14 18 28 17
12 11 39 25
16 19 29 14
35 47 34 36
43 4 43 36
41 31 27 19
1 16 20 37
12 22 19 37
0 25 35 36
42 19 43 38
2 37 23 44
0 15 41 34
18 18 41 22
17 45 31 33
14 8 26 18
33 34 5 39
11 39 25 20
41 31 32 21
29 49 22 20
1 18 38 41
23 20 40 22
25 46 26 19
19 18 29 20
38 25 34 32
16 35 25 17
39 28 46 33
42 26 44 41
34 15 35 39
19 31 22 34
1 19 28 19
28 35 26 20
34 26 39 33
41 29 26 16
14 16 37 34
17 8 41 48
15 44 12 18
17 30 33 35
27 33 29 42
37 39 42 41
41 25 22 13
42 30 35 33
38 37 27 20
23 36 44 16
40 1 38 21
37 17 44 39
32 42 35 17
3 27 23 19
30 6 40 21
30 42 8 48
2 30 34 31
30 30 15 35
33 43 32 20
25 43 40 0
45 32 24 15
26 41 27 30
40 34 20 30
44 17 24 35
35 29 26 15
16 13 26 16
13 42 41 14
44 33 32 22
48 25 41 32
24 35 31 14
15 19 9 34
45 29 21 18
22 43 25 34
28 48 30 20
16 16 43 33
15 12 23 14
28 43 37 34
12 19 28 13
37 27 43 39
21 24 41 43
46 45 43 41
20 24 5 30
27 38 26 19
16 14 28 22
19 16 41 19
1 20 27 21
17 25 26 21
12 46 24 20
10 36 21 27
44 41 31 37
41 34 37 41
10 38 48 43
46 21 44 32
32 40 32 18
22 37 46 26
21 16 40 38
12 20 29 17
42 33 19 31
41 29 36 44
35 38 11 38
18 40 22 15
39 24 16 35
25 47 28 45
29 41 24 15
15 0 25 11
16 42 33 37
9 10 49 43
34 49 16 37
3 0 30 19
23 43 30 15
18 15 39 4
29 41 29 15
18 16 30 11
44 39 26 16
37 27 30 17
21 13 24 15
17 19 28 21
30 39 45 46
40 24 33 28
45 31 25 19
19 1 38 31
38 29 37 47
5 0 38 21
45 29 25 16
25 6 25 36
13 22 27 16
40 27 19 19
37 37 29 20
9 26 40 45
14 19 27 17
21 21 40 29
36 35 43 36
48 43 27 19
34 24 26 20
9 2 46 49
15 24 37 42
17 21 29 17
19 37 36 43
16 18 47 30
37 26 36 47
19 24 39 40
16 10 29 19
41 24 29 35
14 21 29 12
2 4 49 39
0 13 29 44
38 37 21 35
43 30 44 19
36 47 34 16
2 10 32 44
21 26 33 11
37 22 25 34
43 44 36 41
34 30 49 42
28 29 45 33
27 49 26 19
17 31 39 6
20 21 27 21
10 31 37 38
25 38 39 48
36 29 20 49
22 33 37 29
14 17 18 44
29 4 32 29
6 9 5 19
32 30 27 34
20 13 31 36
19 18 20 39
14 47 23 17
28 36 24 17
7 7 47 0
18 16 47 13
28 35 31 17
38 30 47 40
26 34 21 19
26 33 23 17
1 11 39 36
39 31 21 42
19 40 47 23
23 38 45 35
20 42 33 16
36 11 30 16
4 14 19 34
25 40 24 14
15 16 30 17
47 25 44 35
23 37 48 38
18 15 26 37
16 10 38 46
25 35 29 13
5 25 13 42
6 6 37 36
40 23 43 44
25 13 38 23
45 45 28 14
25 12 15 35
4 37 30 15
15 39 41 11
31 34 47 31
46 33 41 47
19 31 36 37
18 19 45 43
38 47 19 44
16 42 29 43
40 39 28 15
17 18 21 45
6 9 36 30
41 26 46 25
20 18 30 43
18 22 26 22
28 28 43 41
39 29 28 13
19 45 18 41
7 41 21 41
32 27 32 9
15 21 36 23
2 13 30 17
16 18 45 25
24 23 38 2
39 7 35 11
19 12 27 16
25 23 30 15
35 22 23 35
1 19 36 38
40 32 25 32
17 0 30 20
9 28 37 20
22 34 33 27
15 19 30 35
31 6 26 10
14 15 42 38
30 26 26 17
20 20 36 25
15 7 29 11
0 11 36 47
24 26 28 19
10 33 38 3
40 30 14 36
8 48 44 48
19 17 36 49
43 29 33 20
24 34 18 21
15 31 27 15
22 18 48 43
5 42 28 26
48 38 18 19
31 19 43 22
29 42 43 28
42 17 15 30
31 40 38 29
3 15 29 24
31 31 45 44
26 48 22 17
6 45 26 18
40 26 31 40
9 35 38 48
2 16 49 37
23 21 27 19
29 18 12 18
35 43 38 36
27 30 40 6
12 10 24 20
46 29 29 47
28 0 43 20
30 38 23 30
43 27 40 46
22 34 29 28
24 46 25 27
13 21 42 2
29 37 35 40
38 24 19 45
22 14 33 31
14 19 41 49
45 26 27 39
18 12 29 18
18 16 29 40
46 30 40 18
3 20 36 45
37 29 12 29
19 18 41 37
44 29 25 29
41 29 12 34
32 24 23 23
22 44 8 21
18 41 33 36
34 44 24 19
24 37 31 14
24 8 47 24
1 17 25 16
16 13 39 32
27 29 26 11
6 15 28 16
37 32 31 47
3 17 20 15
24 32 26 22
14 48 20 20
30 21 39 44
0 15 38 11
24 36 34 11
31 36 32 20
17 26 9 42
16 33 26 16
35 11 21 28
27 30 47 28
16 38 28 45
20 44 27 16
0 12 41 46
17 31 32 18
41 27 40 31
40 19 45 34
20 19 29 17
45 23 27 17
36 31 47 45
8 36 46 40
32 35 26 29
3 15 40 43
37 30 26 21
16 41 28 29
20 16 35 32
17 15 46 37
2 32 46 15
22 18 3 47
37 39 31 18
17 15 32 31
14 38 1 49
39 31 30 16
39 6 47 32
3 14 29 15
19 20 39 47
38 29 23 38
26 38 21 20
19 28 43 38
32 49 22 19
8 6 28 16
17 29 24 34
46 25 21 16
29 23 31 8
20 33 26 19
35 45 45 29
20 34 32 22
17 22 37 14
44 4 45 39
9 17 33 35
43 21 47 30
21 10 46 35
49 32 26 20
3 29 22 16
13 34 20 42
33 23 35 16
39 22 36 33
11 21 22 33
32 48 42 42
39 28 37 31
1 4 39 43
23 35 34 27
1 15 46 37
5 14 30 35
18 49 30 26
27 34 37 33
28 37 41 42
15 21 23 16
24 16 0 40
12 35 22 47
2 30 14 42
48 27 27 21
16 17 44 23
45 34 29 18
11 26 44 36
39 29 33 40
20 41 23 20
7 29 28 17
23 18 34 7
29 7 29 20
17 17 38 44
18 38 35 47
13 16 37 38
27 45 45 30
27 37 11 9
18 16 36 48
28 39 37 42
28 30 35 25
43 3 16 40
1 15 25 23
7 41 28 29
28 39 34 21
0 13 19 15
8 14 36 46
32 32 31 18
18 34 25 28
14 2 30 23
25 41 24 15
16 25 44 31
0 18 36 41
2 10 47 47
11 15 35 29
28 6 37 40
37 11 45 39
24 25 23 41
18 32 27 42
38 43 43 23
40 29 34 16
17 7 29 20
41 5 42 36
15 22 24 47
18 17 40 37
36 24 33 42
34 29 29 23
25 34 47 44
3 20 18 20
12 15 25 19
37 43 35 37
26 34 35 44
34 36 32 41
16 17 29 32
47 17 41 44
6 45 30 16
1 15 46 45
19 19 25 15
41 27 36 30
31 38 26 26
40 7 23 33
42 24 28 21
19 7 28 17
18 20 40 45
14 38 38 34
17 41 36 47
36 45 42 12
21 35 36 17
44 32 32 17
28 38 25 18
44 8 28 19
12 49 39 45
26 32 22 17
15 17 28 24
27 38 48 28
2 19 42 13
19 29 45 42
24 43 33 48
48 42 23 17
22 24 35 47
22 32 41 42
34 37 29 13
22 44 38 27
23 12 39 48
14 44 14 10
4 13 30 21
40 30 37 35
37 34 40 20
40 29 31 36
21 21 23 17
31 48 39 24
16 4 35 49
23 19 21 25
17 19 29 35
5 17 45 34
39 25 34 35
47 40 23 44
26 5 32 17
39 24 39 45
16 17 43 44
22 41 45 32
40 22 35 21
11 15 26 16
16 14 34 16
21 26 35 13
18 20 26 25
5 13 30 33
31 44 27 21
23 45 36 45
20 16 28 22
23 32 46 35
29 46 16 38
26 26 21 40
46 27 36 42
1 27 28 16
9 29 28 16
31 25 26 20
22 15 27 18
31 42 32 47
40 24 24 19
0 23 39 48
45 10 16 13
2 13 26 19
14 11 39 42
40 42 43 40
9 42 19 37
4 10 44 38
20 45 45 41
3 13 20 37
15 39 21 14
45 26 24 41
20 23 27 47
1 11 23 40
39 40 18 41
29 37 33 29
44 29 35 44
22 22 34 43
41 34 37 33
4 6 43 14
44 31 30 28
1 13 48 33
8 13 31 19
18 24 46 44
12 11 37 46
28 18 42 1
26 38 26 29
21 37 33 35
41 44 31 35
37 39 36 29
20 25 30 43
37 32 25 23
40 33 37 30
2 40 24 35
19 23 42 37
28 36 26 13
24 46 29 13
3 17 44 37
34 20 7 8
27 49 20 36
0 13 29 17
29 45 29 27
40 19 48 21
46 17 29 16
9 5 42 42
4 32 44 37
20 9 42 45
22 16 34 28
29 34 18 40
35 27 39 45
45 30 32 30
6 18 28 30
23 17 32 5
26 45 27 20
37 26 27 29
25 36 49 20
46 44 15 46
24 46 39 29
17 44 28 11
40 28 24 38
44 14 29 24
45 24 42 45
21 7 38 43
40 39 28 17
4 21 20 42
28 36 20 15
35 31 39 42
27 39 41 21
47 6 21 33
18 22 44 26
29 31 29 17
4 6 22 14
22 40 47 9
33 37 26 17
42 26 29 13
21 37 41 46
0 12 39 28
1 12 25 17
20 14 44 38
13 47 35 33
41 47 24 16
19 42 21 18
21 43 32 33
29 19 36 44
19 16 37 27
20 37 41 46
19 24 9 39
29 29 31 43
38 28 25 18
27 36 24 17
11 17 20 27
30 32 34 39
24 22 31 30
28 45 34 35
18 38 23 34
7 14 39 33
27 12 37 38
19 7 41 41
40 36 32 13
14 1 26 21
28 34 44 19
35 35 41 33
28 41 26 15
25 0 19 40
35 42 35 25
43 29 35 47
48 18 41 20
26 26 25 41
25 42 24 36
5 27 37 18
32 26 38 42
36 38 22 18
39 36 38 21
26 28 22 19
23 21 24 13
42 25 31 11
12 48 49 11
1 13 39 39
32 38 28 18
31 46 26 15
23 35 37 23
21 12 39 31
18 23 29 12
2 14 33 17
19 36 30 19
30 6 13 43
15 22 24 31
27 45 37 28
39 26 36 35
9 49 39 42
37 28 39 41
37 33 27 21
16 18 26 17
38 33 29 17
36 32 29 18
6 0 45 27
35 42 29 19
7 11 42 38
29 48 42 39
36 25 30 21
30 43 27 10
27 40 27 19
19 19 23 14
16 15 29 18
23 28 48 25
5 38 49 47
13 20 49 47
35 30 42 21
41 29 38 37
7 41 35 44
11 24 40 35
20 43 29 17
23 39 38 4
42 33 25 44
30 25 38 47
28 47 27 31
43 30 29 44
25 1 32 12
43 41 28 18
43 29 25 19
25 31 34 24
15 46 35 36
2 16 31 48
23 21 26 18
22 32 24 15
19 22 48 9
22 22 43 42
39 27 26 29
12 10 37 39
40 1 26 18
33 30 23 15
46 31 15 49
12 26 41 43
43 24 35 36
9 28 43 22
42 38 40 49
39 25 9 35
13 37 26 20
30 32 39 36
15 20 44 33
25 26 6 26
17 15 30 21
6 0 30 48
24 26 24 12
14 2 27 34
28 46 35 44
5 41 34 15
32 33 40 0
0 14 15 13
35 12 26 36
43 31 26 18
5 10 27 17
21 35 40 39
37 31 24 34
22 15 30 36
35 36 24 37
14 12 28 22
35 27 28 21
20 12 31 46
1 15 40 48
24 4 31 16
37 33 37 45
23 45 28 18
17 38 41 37
19 13 43 47
39 42 28 18
17 1 29 17
12 27 27 43
20 49 32 41
45 31 41 49
39 26 49 28
8 13 16 35
29 40 31 10
10 25 24 17
10 42 19 30
8 30 17 44
37 2 23 13
19 5 48 20
22 43 22 24
8 31 44 43
45 27 42 25
29 49 30 18
32 45 44 42
24 44 36 38
23 45 33 28
31 34 38 36
17 32 45 30
13 16 27 20
18 48 33 48
19 10 43 47
14 21 28 24
15 17 32 12
21 26 28 16
25 49 6 6
33 48 22 49
41 20 6 47
41 36 22 14
17 17 25 24
37 40 28 48
43 33 24 15
19 15 31 18
7 34 30 45
20 10 29 18
24 42 32 14
36 16 35 44
16 16 33 38
30 27 47 9
41 11 28 36
24 44 42 34
33 44 22 46
21 41 45 37
29 46 24 32
21 21 45 43
23 35 27 18
34 38 44 36
26 46 36 31
8 26 25 18
2 17 31 42
0 28 27 34
0 15 33 31
29 42 45 47
28 34 15 32
15 15 28 17
48 25 34 48
10 44 41 44
4 20 28 20
27 32 26 22
14 30 24 1
43 29 27 28
29 42 7 48
17 19 42 45
