50 60 15239 800
30 18 29 25
39 35 22 23
24 42 1 35
2 7 47 38
40 26 1 1
46 30 32 8
37 41 40 45
37 42 19 26
27 35 10 19
26 28 38 31
2 34 5 7
44 22 3 8
35 35 22 17
39 49 16 7
48 37 48 18
45 25 24 44
47 35 16 32
42 23 29 49
40 29 11 34
48 27 1 12
47 34 32 13
6 13 37 36
33 32 2 30
35 40 7 35
28 26 9 24
32 25 23 17
45 26 11 10
26 39 22 18
7 16 3 1
46 28 40 17
10 21 26 37
42 29 2 15
45 26 21 23
36 8 15 20
31 29 9 25
42 39 28 22
14 31 26 5
49 30 18 46
29 28 48 23
0 8 36 48
2 16 0 26
4 3 45 25
32 35 19 21
29 39 28 48
28 35 33 5
32 13 42 12
18 12 4 32
10 1 10 25
37 27 9 39
14 4 13 20
44 31 19 38
11 11 19 23
49 20 47 38
34 21 21 31
41 27 7 8
25 46 18 10
45 35 13 28
41 38 42 26
40 46 1 10
24 25 9 33
