50 67 16092 800
24 6 42 49
31 38 15 38
28 18 20 31
45 29 23 24
30 45 8 29
49 2 16 43
34 9 5 19
13 24 14 36
42 22 3 15
30 29 8 21
32 12 34 48
31 22 1 48
17 10 11 26
14 7 10 21
38 19 13 39
44 14 26 43
38 1 5 28
40 5 3 24
11 9 7 31
18 40 11 39
39 34 3 41
41 4 36 49
10 27 14 37
37 24 11 29
42 11 9 37
18 21 28 19
16 10 4 25
49 23 14 14
45 29 8 40
43 11 15 14
39 6 1 23
36 17 8 16
9 26 22 22
29 20 13 28
25 25 19 39
25 11 22 17
37 22 18 45
20 48 16 28
12 9 20 34
16 9 14 41
44 27 5 33
32 34 33 46
39 8 8 42
13 36 14 29
49 7 30 32
43 9 25 10
44 10 15 1
37 15 1 42
28 17 36 13
26 5 10 31
32 28 37 48
33 40 4 46
24 18 5 38
28 48 16 42
23 14 40 48
43 33 10 47
36 8 9 30
27 31 25 22
45 25 44 46
19 18 4 41
32 10 16 17
18 11 2 35
38 43 39 48
26 20 5 4
30 21 46 29
21 34 43 28
30 23 11 33
