50 131 12237 800
38 43 13 46
36 1 43 27
29 18 9 39
35 3 37 28
38 33 10 17
30 6 49 17
9 37 27 12
16 5 11 16
14 39 22 46
39 43 39 49
5 23 23 40
6 2 48 33
31 4 34 43
11 28 31 1
8 21 13 40
12 7 14 38
33 16 13 30
48 39 32 33
44 18 36 42
14 24 47 12
26 8 41 17
37 4 23 48
1 45 32 36
35 43 33 38
40 40 17 49
12 25 38 24
34 27 15 18
33 39 48 38
38 34 17 49
34 3 35 36
35 4 29 24
41 37 46 33
13 2 37 30
35 40 25 36
37 42 38 13
30 36 48 5
17 24 11 42
10 3 45 6
5 44 23 40
12 5 12 46
33 5 22 23
45 42 16 44
9 5 36 18
10 42 28 39
16 5 15 47
4 41 31 22
30 20 24 36
34 19 45 9
3 35 20 21
35 32 47 12
7 3 33 0
38 38 46 11
13 27 22 48
33 19 23 39
12 48 20 45
30 26 27 34
17 23 11 42
37 25 26 32
23 2 31 26
39 42 14 45
12 30 19 29
5 43 40 1
33 19 31 2
14 4 47 43
7 5 45 21
13 49 19 28
37 39 33 29
2 39 18 48
35 16 19 13
33 36 48 14
18 6 43 12
12 25 14 41
3 7 12 43
48 19 27 37
34 43 11 46
15 22 15 30
27 0 36 42
29 2 36 43
36 44 33 2
24 34 43 9
48 36 20 43
35 17 6 14
33 1 47 27
15 3 29 6
14 31 21 33
47 8 6 41
15 45 34 36
30 0 9 22
34 19 12 39
34 15 36 37
42 17 31 5
11 2 37 45
14 3 47 14
46 3 39 27
34 5 13 39
38 11 23 36
0 38 47 27
32 6 28 28
13 21 49 15
23 47 31 45
15 31 45 1
41 33 17 49
34 1 40 2
33 38 31 42
37 19 39 30
33 6 32 31
14 19 45 43
5 5 22 42
16 27 26 35
35 13 45 25
13 23 32 42
37 36 29 3
9 8 13 40
5 7 15 46
30 11 40 14
15 3 29 8
11 21 44 4
39 35 37 41
39 40 12 43
41 18 33 20
39 23 33 21
34 19 27 10
30 7 34 46
33 1 17 49
46 23 31 49
14 28 37 10
25 44 42 36
6 0 32 30
38 15 14 42
34 48 39 45
20 32 41 10
