50 85 14516 800
25 38 34 6
0 11 48 18
27 43 14 7
31 24 38 9
49 27 10 26
13 45 7 27
48 10 20 19
29 24 2 15
27 37 43 2
14 9 28 13
26 40 21 9
3 13 3 21
35 5 35 45
3 11 4 4
34 3 43 6
19 45 5 9
49 34 24 9
45 12 22 19
25 38 19 9
44 13 0 28
1 37 7 34
33 0 15 23
33 34 27 7
25 24 9 30
33 34 41 20
6 22 12 25
6 38 10 5
42 24 13 12
19 3 17 29
48 30 0 27
29 26 6 29
35 13 47 47
5 43 17 12
24 40 45 44
13 7 7 13
32 33 23 8
2 44 16 15
28 42 49 16
42 4 39 49
29 36 5 16
46 25 3 37
28 4 16 45
11 13 0 25
46 23 33 16
43 28 8 27
42 1 46 18
28 41 33 5
3 19 21 28
39 42 40 12
42 29 5 21
33 28 12 18
42 19 4 8
3 45 2 25
31 13 15 0
36 32 14 20
0 5 12 15
17 20 3 5
26 36 44 40
23 42 4 35
24 39 9 33
38 24 7 12
2 9 10 13
1 10 15 3
11 10 17 36
21 41 8 21
27 45 37 29
30 19 45 6
22 15 9 21
24 38 47 40
41 41 37 10
20 41 9 29
45 6 49 11
28 19 25 0
29 27 17 9
33 22 21 21
17 4 7 12
28 39 3 14
2 5 0 13
26 8 23 18
39 7 13 2
23 40 44 12
36 11 36 24
28 37 16 7
4 44 26 6
47 0 12 36
