50 355 19850 800
47 38 47 30
4 49 11 14
38 13 26 0
41 16 26 22
28 11 25 7
8 48 11 43
3 36 25 2
24 23 37 11
17 28 7 32
38 9 36 15
9 46 41 21
9 44 26 46
26 17 21 36
36 34 36 20
42 37 20 6
4 44 34 21
30 31 33 22
43 34 20 37
37 18 17 20
24 20 37 26
21 6 37 15
8 46 26 32
3 35 31 20
6 18 30 4
2 40 47 23
21 22 33 25
41 33 38 17
29 9 34 26
43 37 34 15
30 17 7 13
9 48 21 29
5 44 24 46
38 33 39 28
1 35 29 21
38 45 36 30
14 30 16 36
47 45 33 40
2 44 21 38
37 45 16 22
26 11 39 35
37 42 42 19
14 36 32 16
48 37 38 22
37 12 33 26
12 35 34 11
25 49 24 0
35 2 46 35
8 1 31 12
40 7 46 24
10 45 47 31
48 7 16 34
21 41 37 14
49 36 18 49
35 41 43 21
14 40 17 31
31 34 37 40
8 44 38 15
25 46 33 16
38 36 29 1
38 34 40 17
36 9 31 38
48 39 35 12
6 37 28 2
3 42 33 24
49 15 34 16
39 2 45 41
41 19 24 27
5 34 28 5
5 14 9 45
29 40 29 3
30 36 13 7
4 40 27 21
9 37 16 14
3 43 33 16
45 39 28 1
35 9 36 26
1 8 26 1
42 38 23 23
39 10 48 22
27 6 36 29
47 2 48 30
42 41 35 19
5 21 28 21
44 12 41 29
3 11 33 15
35 24 43 15
23 32 24 4
26 43 38 15
39 31 36 14
47 25 19 20
27 45 27 2
48 33 31 28
49 40 18 13
32 18 39 20
29 10 22 2
11 44 33 13
1 44 38 13
47 33 41 21
21 2 9 43
24 45 35 13
4 43 34 4
28 17 32 12
47 30 18 16
15 47 37 25
34 37 37 25
47 36 33 23
48 36 28 2
35 39 23 3
44 32 38 13
39 42 27 10
26 17 8 37
34 12 18 40
43 36 25 43
1 49 26 7
1 47 32 30
26 8 28 1
47 12 26 1
26 16 12 44
28 19 34 20
33 49 29 15
7 17 36 21
29 23 23 5
24 3 6 38
47 48 27 3
41 23 12 15
49 21 28 20
29 16 39 25
8 36 18 46
49 20 14 49
48 35 30 24
33 3 28 3
11 38 31 21
25 21 26 0
40 11 34 22
42 22 29 11
8 48 27 3
4 39 41 15
15 10 43 22
9 42 35 23
7 6 13 21
10 41 31 29
11 44 29 19
39 37 16 37
15 7 27 19
7 32 17 29
40 35 34 4
13 48 30 28
49 34 30 3
40 32 37 17
45 47 37 18
8 43 27 25
32 19 24 0
8 46 37 31
43 15 35 14
14 24 36 10
42 16 27 22
37 48 21 43
25 11 29 19
26 37 15 35
42 37 31 22
21 44 15 24
48 27 22 27
36 38 27 27
1 6 13 37
1 2 35 17
40 33 22 30
10 37 33 18
22 49 32 31
25 18 21 32
46 42 15 45
49 16 15 14
1 47 20 34
46 19 32 32
10 43 25 3
12 49 38 17
13 43 21 44
14 48 43 11
40 0 33 23
26 5 38 24
6 39 41 25
6 27 2 14
46 27 25 30
19 46 11 27
46 17 18 45
38 13 27 1
37 41 34 18
24 20 17 41
14 16 27 32
25 19 34 15
26 19 12 15
3 16 37 16
32 12 37 17
24 14 26 29
34 38 19 19
27 17 39 25
1 31 27 4
42 25 30 14
34 25 28 5
38 39 43 18
26 49 37 23
21 4 12 36
40 8 39 16
20 43 14 39
27 16 40 15
32 36 38 15
26 14 37 15
33 21 33 16
36 18 19 16
6 40 10 43
27 2 25 37
36 32 37 26
38 43 21 40
26 5 38 30
27 9 33 27
15 45 25 2
14 4 49 16
9 0 20 43
48 35 41 12
43 16 34 27
7 10 37 17
25 11 34 15
34 28 11 21
31 19 32 14
22 44 30 31
6 48 34 19
46 43 31 25
9 45 13 42
47 35 27 35
2 37 7 12
11 45 25 39
40 33 30 22
23 3 31 4
42 39 43 22
6 2 31 11
12 21 32 4
34 37 40 28
40 32 15 45
32 23 23 27
5 40 26 0
35 35 8 26
29 3 44 27
40 48 24 29
32 13 9 2
45 23 28 0
37 39 24 23
43 35 32 23
10 8 45 37
8 47 22 41
39 38 33 23
39 21 26 4
32 1 15 19
12 44 24 35
6 33 7 38
39 35 36 19
10 33 26 25
25 10 21 31
20 29 13 39
48 43 38 15
24 5 24 36
9 43 37 18
33 17 34 8
13 42 35 16
33 36 31 1
34 29 26 3
0 5 20 46
23 3 32 11
34 21 26 49
10 42 37 26
43 33 39 27
27 3 25 38
34 49 33 14
1 27 25 47
27 16 7 34
44 40 5 35
24 12 43 21
46 18 37 25
43 45 23 27
36 39 36 14
44 18 24 6
1 47 32 13
44 15 28 25
31 39 26 7
38 21 37 16
0 4 39 15
35 39 29 1
11 42 41 5
42 14 19 45
23 7 30 26
20 4 28 4
11 38 33 21
13 39 26 4
27 14 27 32
45 30 27 35
22 21 34 24
38 27 29 3
31 27 37 23
13 47 16 11
5 44 33 19
46 20 18 42
42 40 32 41
24 15 20 43
27 16 24 21
34 20 12 13
18 48 15 26
47 36 36 19
35 23 23 48
11 41 23 21
44 24 26 6
47 31 26 23
24 1 21 27
11 41 30 40
48 32 33 44
20 19 13 16
30 33 27 39
17 45 23 1
35 2 14 6
18 20 11 12
20 34 7 46
17 2 42 24
23 46 3 18
10 43 43 35
35 26 38 17
7 43 21 0
22 34 8 45
34 36 37 15
15 34 30 0
24 44 38 12
22 6 33 24
17 36 23 0
37 25 25 1
36 48 30 41
36 14 27 1
30 17 15 33
9 4 24 39
47 37 35 23
45 22 36 12
38 29 35 13
44 17 33 24
15 29 43 18
42 12 35 15
34 13 20 49
5 16 11 8
26 22 29 33
30 8 42 21
10 15 26 3
39 39 32 15
8 48 35 23
9 29 27 5
21 0 35 16
41 43 35 13
43 38 38 21
23 6 36 20
17 16 31 37
12 0 20 49
33 13 45 19
