50 60 15413 800
19 2 27 13
14 47 3 22
11 20 12 44
15 18 3 9
7 45 25 5
11 40 1 26
40 30 22 35
5 8 2 21
15 27 43 10
6 17 22 26
45 16 16 15
27 39 21 4
13 40 11 2
16 2 7 5
16 49 28 23
4 18 29 34
7 14 29 25
19 6 31 8
20 22 25 43
26 42 20 28
23 29 18 2
9 18 7 21
10 45 23 29
19 20 10 20
11 14 21 12
15 41 5 39
7 20 10 40
13 31 19 9
14 48 28 36
14 38 3 28
19 30 27 33
33 46 22 26
21 7 29 30
10 26 6 4
7 24 18 8
19 28 39 39
16 49 8 12
21 10 29 27
35 1 7 41
8 16 12 27
5 19 29 26
33 33 30 40
19 21 13 46
2 48 8 38
25 34 11 41
17 17 16 4
23 15 13 32
5 14 25 36
26 38 5 18
19 29 27 32
17 12 9 7
21 18 28 34
19 19 19 43
4 12 33 34
9 14 24 30
15 18 11 9
22 12 24 22
21 23 17 15
8 17 5 22
14 16 18 35
