50 620 13442 800
9 3 32 15
2 34 25 11
6 40 35 3
19 22 28 24
2 1 21 14
28 30 31 10
11 5 1 5
17 21 26 24
5 19 21 15
36 33 36 44
8 37 30 27
3 6 17 41
46 8 37 18
29 6 32 20
3 32 5 45
5 0 24 12
7 40 24 40
6 20 0 19
45 28 31 4
1 13 29 1
1 23 37 23
48 26 25 40
9 14 14 28
2 29 12 49
29 17 32 24
33 12 28 10
9 9 35 24
2 21 42 47
10 32 42 4
35 37 25 8
33 19 49 38
32 49 26 13
45 46 24 19
13 20 31 2
18 42 14 32
2 23 31 20
38 12 22 43
3 1 33 21
32 5 27 11
34 17 4 2
9 19 36 33
41 17 48 21
1 30 30 15
29 10 25 43
41 31 13 26
8 28 38 5
3 46 35 1
42 48 23 14
6 15 31 5
46 38 39 26
12 45 41 16
44 40 14 11
43 31 23 5
6 5 43 48
25 25 31 15
33 4 25 7
27 6 34 34
23 33 46 0
10 23 3 42
41 7 47 7
19 10 12 10
5 3 28 24
3 8 42 44
3 11 5 6
11 1 24 49
19 8 11 38
14 27 33 27
17 45 13 42
39 19 27 32
6 3 0 46
40 45 44 23
5 0 32 23
45 31 49 38
37 10 46 3
21 6 47 6
28 10 25 47
24 16 43 43
9 0 28 6
27 36 40 4
7 0 26 9
22 2 30 30
18 24 31 24
8 0 12 31
48 39 33 25
47 32 13 27
48 33 42 42
0 35 7 7
28 3 30 16
44 34 26 6
36 44 45 31
29 16 27 2
7 3 32 42
8 44 30 17
9 2 38 27
6 35 31 17
30 38 32 22
18 24 42 10
22 17 43 19
24 2 21 12
32 29 40 8
35 37 43 28
16 39 34 5
38 22 9 12
9 35 22 2
9 23 48 6
17 47 15 39
43 43 46 45
41 43 10 48
13 14 48 6
9 19 35 4
3 34 17 37
31 21 31 11
45 1 46 49
24 42 17 22
30 16 13 1
31 18 8 44
20 20 49 4
20 34 24 25
20 10 26 37
29 30 42 7
3 11 46 13
4 30 35 2
16 1 20 7
5 38 9 45
1 16 7 23
39 47 48 0
6 43 34 11
16 14 7 3
28 14 7 15
13 24 29 15
8 24 8 7
0 45 41 5
9 10 20 11
18 37 25 25
29 27 43 0
45 18 40 7
44 27 47 45
0 23 47 25
23 22 12 39
3 40 35 5
46 23 23 27
7 1 36 21
9 4 18 17
37 47 7 43
36 31 34 39
7 4 26 23
36 33 34 9
21 46 11 26
42 47 22 15
3 7 2 32
14 20 39 8
16 25 43 39
22 40 9 4
48 39 40 38
16 30 49 28
18 44 5 2
40 35 34 25
27 24 41 35
31 25 35 23
38 29 18 3
39 32 37 1
35 22 42 37
35 38 46 49
8 2 10 39
41 28 7 11
12 12 40 10
14 41 10 30
47 44 7 46
46 32 36 22
0 44 26 10
23 17 31 20
28 36 4 48
4 29 16 4
46 5 19 8
12 22 18 21
27 32 33 26
25 10 16 42
41 39 13 39
0 26 2 46
1 44 46 32
40 18 12 47
20 9 46 34
3 39 32 0
29 20 21 6
41 19 32 16
42 42 45 34
9 26 23 39
5 20 9 32
14 12 41 26
49 24 40 36
38 24 40 11
18 2 28 8
12 5 22 15
4 40 12 49
4 42 32 15
10 26 23 14
11 21 44 47
47 44 18 24
40 21 24 7
49 29 45 40
40 32 1 16
1 27 26 21
8 41 0 39
2 41 15 34
1 41 34 33
7 1 46 30
22 27 17 32
14 27 40 2
40 12 49 39
25 24 30 21
9 23 25 17
35 29 15 30
15 20 29 40
20 10 38 7
15 24 49 6
1 6 26 8
30 44 8 5
27 14 33 18
9 10 37 12
20 18 33 24
20 5 22 8
43 35 27 39
46 43 5 44
2 2 45 27
0 8 49 10
19 16 38 31
8 0 32 32
4 14 42 40
40 47 44 33
17 17 40 17
29 10 36 35
9 45 12 22
5 7 31 20
24 16 7 7
4 8 17 47
18 7 26 9
36 44 8 35
34 23 48 28
39 43 25 33
46 27 31 11
6 25 41 4
36 17 33 23
24 44 33 7
30 45 27 22
49 11 48 37
34 13 35 27
45 24 36 15
49 19 36 13
4 43 23 41
40 5 36 9
32 24 30 20
7 3 19 39
5 43 17 13
35 36 24 40
7 18 17 0
18 11 4 44
17 13 14 6
42 33 28 17
39 35 23 5
39 32 43 15
12 0 10 29
43 37 23 30
12 29 35 9
49 39 43 44
30 5 27 9
31 28 22 12
34 23 33 37
9 0 25 16
11 42 8 39
2 3 46 7
40 28 34 40
8 15 33 25
35 20 47 34
47 22 31 20
42 29 45 11
43 42 29 12
12 44 26 35
7 31 22 39
14 1 36 22
8 23 49 9
24 19 37 49
20 29 9 34
43 18 7 37
22 42 25 23
48 40 24 11
3 37 13 45
42 31 30 17
18 43 6 17
19 7 27 10
18 24 23 7
7 0 46 27
45 27 37 48
4 8 39 18
21 11 35 18
43 47 3 30
8 3 10 38
47 20 48 30
10 17 17 31
35 35 42 38
47 40 23 8
10 45 34 7
24 43 39 19
46 48 46 40
37 41 9 20
8 15 20 17
46 39 41 25
1 41 31 23
36 27 0 4
8 34 35 32
8 8 46 39
37 33 47 33
45 15 43 2
39 40 23 35
3 40 28 23
3 36 49 2
1 2 37 7
36 41 3 31
35 27 44 40
41 34 27 39
27 42 44 36
42 29 32 1
43 37 32 17
11 38 30 10
34 41 14 8
2 43 30 46
1 0 40 0
2 37 36 1
5 33 29 44
17 10 38 10
33 25 22 44
21 31 3 45
42 36 47 9
8 38 43 7
15 16 42 34
6 17 9 6
39 31 38 25
47 24 47 4
41 34 49 1
27 40 10 11
16 39 18 18
13 37 46 39
33 20 17 15
10 21 47 26
37 35 43 6
44 34 9 1
7 1 4 6
23 17 44 25
29 15 15 34
33 14 48 42
15 24 46 26
46 25 45 45
43 13 41 34
19 19 37 16
18 24 40 3
4 33 25 15
32 19 46 3
30 38 30 12
17 25 0 31
20 11 47 29
11 2 28 23
40 39 36 2
8 30 18 14
20 29 8 32
42 39 14 34
7 7 40 16
14 29 23 10
23 48 5 38
27 43 43 5
30 20 14 0
48 39 27 18
38 35 29 11
32 48 38 5
25 21 33 18
13 34 39 31
43 38 42 26
0 19 37 34
21 17 31 0
6 7 27 14
11 2 27 15
44 34 11 28
43 28 32 45
44 19 24 17
3 44 25 11
6 29 47 29
41 25 47 39
35 14 11 44
41 16 38 20
46 25 11 10
37 30 22 12
6 44 19 47
37 40 10 40
1 25 21 16
2 1 31 11
15 7 26 34
48 31 2 44
10 7 7 30
11 5 25 22
34 47 43 15
22 24 31 1
10 8 30 24
16 48 22 6
40 16 29 29
6 2 28 29
46 27 44 42
9 2 26 20
3 40 28 11
6 33 42 39
25 31 33 9
40 21 10 34
22 21 47 33
39 35 36 9
3 5 21 32
9 7 28 5
3 38 20 14
37 38 24 37
33 4 40 46
41 37 17 9
10 36 16 24
33 44 39 8
29 21 26 3
11 43 22 35
15 21 47 14
32 36 27 26
16 19 12 2
36 23 35 36
43 49 27 14
43 12 32 15
6 45 32 4
46 5 45 29
8 3 16 10
26 23 44 14
43 27 42 20
47 48 26 15
2 39 30 10
37 36 26 30
12 0 48 3
32 18 39 35
6 11 30 25
19 29 29 13
18 20 45 37
21 32 6 43
41 35 45 9
20 39 14 38
1 4 32 26
8 32 49 35
39 36 42 0
33 34 44 32
3 14 43 7
13 6 49 41
16 24 40 13
49 45 45 17
17 39 5 25
46 24 34 10
18 16 28 10
41 46 0 42
3 3 33 1
7 49 27 30
8 42 40 7
14 29 8 23
47 37 36 10
14 36 2 27
6 18 39 31
23 23 47 0
5 34 36 12
10 24 33 4
23 30 19 0
40 27 30 11
17 10 26 22
37 31 26 10
27 12 42 19
41 40 17 1
10 12 23 40
46 30 46 38
12 27 20 42
2 13 40 29
12 17 47 46
1 4 41 45
48 15 16 39
21 16 40 5
21 41 21 36
28 9 43 33
33 43 45 37
44 7 23 12
4 35 11 10
5 5 12 35
20 19 9 40
20 17 15 12
7 17 38 47
30 16 26 39
3 38 33 21
8 4 18 25
3 0 25 12
5 6 45 35
48 13 12 32
10 8 33 0
41 20 6 37
5 36 26 17
3 5 24 13
5 18 38 10
43 38 37 25
15 24 42 32
35 33 15 31
10 9 28 21
47 31 40 8
41 20 44 40
2 1 28 16
23 24 8 6
48 38 17 31
12 23 36 24
47 28 2 0
1 20 35 6
1 42 26 9
22 40 47 31
9 6 38 29
48 11 28 40
19 28 33 21
5 29 1 13
43 9 20 9
18 23 44 13
9 31 29 43
14 16 47 37
10 27 43 10
5 14 26 31
35 42 19 10
48 42 15 1
44 37 44 8
45 37 38 29
9 2 23 44
7 7 46 19
8 0 12 13
45 25 40 9
21 11 1 20
13 25 22 7
48 37 0 33
10 33 38 40
2 28 48 34
42 30 28 32
34 28 37 37
46 30 21 26
32 47 39 0
44 38 14 4
16 3 39 5
21 16 48 16
44 22 43 13
21 29 31 22
45 32 42 5
45 42 9 9
33 19 3 42
21 7 43 14
15 48 28 12
40 5 38 37
5 46 23 13
0 24 48 41
9 13 13 33
5 36 41 12
46 38 48 0
2 6 45 35
37 33 14 47
30 14 21 1
48 29 22 12
10 42 34 23
22 28 46 43
4 10 49 30
9 33 13 42
5 23 38 1
18 33 29 9
32 35 38 37
42 30 29 20
18 16 8 47
43 13 37 11
4 5 44 14
11 3 42 8
6 7 15 10
35 24 13 7
31 21 16 35
20 15 25 11
31 32 45 0
7 4 16 31
47 29 40 15
3 6 49 37
2 36 5 45
26 22 27 3
22 36 40 12
38 43 21 34
4 12 30 26
0 44 29 9
18 20 17 39
25 13 18 3
39 28 22 28
16 19 27 0
31 31 38 35
46 23 46 4
14 21 31 23
19 10 40 38
7 37 25 20
15 35 20 8
22 6 47 4
44 37 41 39
5 0 46 19
40 25 45 20
19 20 34 27
12 10 39 10
49 37 48 4
32 11 24 8
25 20 19 25
13 3 43 4
38 35 37 24
45 32 26 10
18 37 25 20
5 3 19 0
13 25 34 33
43 46 39 1
5 7 30 15
22 6 21 17
47 30 10 18
7 5 31 48
0 39 25 9
43 38 38 26
5 3 26 8
41 10 43 37
