50 576 15070 800
3 48 27 46
46 33 7 29
37 39 23 44
42 13 26 46
28 5 10 29
27 27 21 43
49 42 7 31
1 46 6 39
36 25 6 29
33 20 24 38
46 39 12 29
5 20 8 31
37 18 19 41
42 28 11 28
44 41 32 32
2 45 25 3
44 21 2 28
44 40 25 44
6 18 23 44
44 9 13 41
45 13 12 28
48 31 7 46
48 36 11 28
20 13 34 15
42 22 18 2
33 32 21 36
40 40 24 42
47 17 10 20
40 16 9 22
48 38 24 45
43 18 13 32
37 48 10 30
46 39 8 38
47 41 26 43
44 32 23 40
7 14 11 4
38 2 19 31
46 35 19 27
45 6 4 23
41 10 10 29
30 37 21 14
33 43 28 46
31 42 9 47
46 27 14 22
44 8 30 33
43 12 15 0
32 9 11 39
5 43 12 29
46 32 8 40
49 41 19 39
34 37 48 46
44 14 12 0
43 35 25 45
48 40 12 37
36 16 12 35
46 24 15 4
32 3 27 49
45 18 14 0
17 23 10 30
2 44 32 24
28 13 20 42
47 41 7 34
34 23 24 41
49 36 3 36
49 28 10 29
36 9 27 19
46 42 11 26
46 36 13 31
49 43 33 41
40 38 11 29
47 45 13 26
38 30 7 22
49 14 14 27
44 30 24 40
46 22 15 30
40 49 27 4
44 36 14 28
39 46 12 29
45 16 16 27
39 44 25 44
43 39 27 41
48 47 13 29
31 9 20 44
41 27 24 48
46 21 10 31
48 36 10 25
33 33 2 32
48 24 12 39
6 6 20 42
44 5 11 32
26 11 28 46
17 8 7 25
5 5 4 21
42 16 0 45
47 35 26 43
36 43 18 30
49 39 26 47
48 46 10 30
5 42 14 37
45 34 13 21
20 43 26 43
37 20 26 17
42 11 26 41
49 9 23 40
45 40 1 32
41 7 25 45
41 34 9 28
45 16 16 24
24 38 31 49
44 38 25 42
46 40 33 31
41 28 9 24
41 46 14 5
46 15 25 39
3 47 21 6
26 32 18 27
36 48 7 48
44 49 9 17
8 6 18 39
33 44 6 24
48 32 18 46
44 7 16 45
46 21 14 27
35 27 14 27
38 15 5 26
33 23 7 34
32 38 13 2
0 40 28 16
46 36 7 33
43 32 13 24
35 9 6 28
42 40 11 25
47 18 7 31
46 13 2 19
33 43 9 35
41 11 18 27
7 41 19 35
32 7 25 49
43 8 6 25
47 20 33 42
42 30 12 31
46 11 19 1
26 45 16 18
49 10 8 32
45 25 3 22
19 22 23 41
48 32 13 26
35 45 24 48
30 12 26 44
17 21 13 40
38 20 14 27
24 31 25 45
46 36 13 23
48 16 11 26
46 45 22 34
44 33 14 32
47 30 12 29
13 15 27 43
47 11 15 35
44 18 21 36
2 43 23 42
32 25 7 17
48 34 15 43
38 32 13 22
2 45 22 46
42 36 12 31
41 41 10 26
44 27 28 43
49 20 10 48
42 31 27 49
3 47 8 41
11 26 18 32
4 42 14 35
49 13 26 40
3 48 19 27
36 46 15 7
45 34 10 35
33 38 23 40
45 23 35 34
8 36 16 43
44 40 1 3
44 49 20 41
44 37 25 44
32 23 26 44
23 18 26 35
48 3 7 29
2 46 22 38
41 1 27 48
37 0 21 46
48 45 9 22
46 40 6 42
31 33 13 27
42 30 26 43
38 44 28 2
46 30 12 25
45 43 1 38
19 18 21 47
16 0 23 40
46 36 9 29
46 40 0 5
40 31 10 32
46 22 9 24
46 35 9 26
34 38 3 25
26 38 26 43
47 32 7 29
24 46 6 49
35 17 9 33
38 46 26 46
47 14 9 32
47 30 21 43
40 45 24 45
41 22 6 26
40 44 20 44
8 48 48 44
33 40 9 25
32 39 11 28
45 40 3 19
46 37 17 45
37 39 23 36
47 7 1 32
40 28 22 41
47 33 20 45
45 39 2 32
28 34 21 22
41 39 7 13
35 10 11 24
27 28 22 37
49 19 10 33
39 44 4 44
39 13 10 26
39 11 6 26
46 34 32 42
39 27 11 31
26 25 10 22
41 39 8 22
48 35 10 26
42 36 20 47
48 43 33 39
41 13 7 19
43 13 24 42
0 48 0 14
38 26 22 46
7 45 10 28
7 47 14 24
25 40 2 48
38 36 7 25
47 14 12 30
3 49 12 27
41 37 23 36
32 27 14 49
34 13 1 45
47 5 24 44
23 9 13 30
35 45 16 29
47 36 13 11
0 45 12 28
32 5 9 25
44 38 2 32
46 35 21 42
6 37 0 43
3 47 23 34
33 32 5 35
35 48 26 39
32 35 12 29
40 25 6 42
48 29 26 44
40 24 25 4
42 16 15 33
46 41 12 24
27 23 27 46
42 27 29 46
1 47 10 43
27 31 29 46
44 42 7 42
49 34 15 36
37 42 26 42
36 32 15 6
33 36 21 44
49 4 14 23
43 37 11 45
29 36 21 46
0 41 32 45
39 25 16 26
37 41 13 27
47 33 22 0
5 46 8 26
43 11 26 22
41 39 3 25
36 18 13 24
1 44 17 34
48 16 22 38
42 42 24 12
33 31 17 25
46 40 30 41
29 38 23 43
47 48 10 26
41 43 6 41
46 13 13 1
48 16 21 5
48 48 13 45
5 46 29 44
42 38 17 35
49 44 11 23
46 38 24 39
5 49 10 29
5 46 12 2
41 35 27 47
46 27 9 28
33 20 23 45
48 33 21 31
8 42 15 25
35 39 24 12
44 34 2 14
39 39 15 31
43 33 28 13
20 41 2 15
48 45 15 2
37 42 22 48
3 46 13 29
29 42 2 32
0 43 24 34
25 13 10 26
47 12 21 39
24 46 17 23
46 15 16 3
4 41 11 23
5 44 17 46
46 42 6 32
36 6 15 21
38 38 6 25
2 42 22 34
45 30 2 36
38 42 13 36
0 42 22 43
48 9 19 32
49 10 17 30
5 45 20 34
44 31 15 40
42 5 14 22
40 14 12 21
2 20 20 36
27 2 22 24
3 46 11 19
43 9 5 3
43 39 18 43
33 36 11 22
39 33 13 43
35 14 27 45
3 33 17 1
44 24 9 26
44 19 31 35
36 20 8 28
45 11 4 40
0 48 22 20
38 30 13 15
37 38 13 24
48 17 26 47
45 24 40 37
49 10 23 40
16 11 21 2
34 42 27 44
31 40 2 31
42 49 16 23
48 34 1 11
37 30 21 40
31 34 18 0
39 25 24 42
4 43 13 28
37 36 17 30
49 44 29 47
1 49 7 25
1 41 25 46
49 17 13 33
41 18 17 27
42 0 11 32
18 37 12 21
38 3 27 45
2 47 8 27
40 36 10 24
49 33 14 39
44 43 14 29
42 41 2 40
36 28 4 31
44 36 18 29
22 23 20 5
40 33 25 42
30 37 22 44
30 24 26 38
38 25 18 3
38 34 8 26
20 26 31 35
23 21 10 33
25 15 11 25
43 45 17 17
49 5 29 39
44 2 12 22
31 44 13 6
22 9 23 40
2 8 21 39
41 41 24 38
3 46 6 20
42 37 10 35
40 16 14 6
40 17 17 21
35 47 25 38
30 42 10 33
44 5 14 25
2 48 25 8
48 32 13 44
45 36 12 26
47 41 22 38
44 24 12 29
44 43 0 22
45 16 19 43
41 36 19 11
49 35 26 44
33 13 4 34
47 46 27 38
32 17 26 43
39 48 13 3
41 39 25 32
49 14 7 27
47 32 7 23
25 22 25 4
45 32 28 47
39 29 31 41
44 10 25 45
43 18 29 45
38 40 23 39
5 18 29 15
34 20 16 20
23 44 9 30
41 37 24 38
42 17 18 27
45 40 25 47
23 29 27 47
45 21 8 26
1 46 25 41
32 13 16 48
2 45 21 39
28 36 2 44
6 32 15 37
33 43 21 40
45 34 15 35
41 7 17 21
46 21 13 26
5 46 3 31
45 12 20 6
45 8 25 41
44 10 23 41
16 14 22 33
27 14 5 30
37 17 16 23
43 11 8 30
47 43 28 24
47 38 29 41
47 18 25 46
45 11 12 6
45 34 22 43
47 19 14 32
44 44 15 32
46 34 8 43
49 16 7 30
42 46 1 18
48 35 27 37
29 34 1 42
42 44 24 43
5 45 15 28
31 39 16 29
14 43 28 44
3 46 10 30
43 34 17 2
41 19 22 40
29 4 24 44
41 42 15 31
44 42 8 0
46 30 7 25
44 49 20 40
3 42 16 26
38 29 8 35
47 10 15 39
5 7 8 29
24 30 5 6
4 46 26 41
37 15 22 36
0 43 12 29
41 49 21 42
46 37 20 40
49 6 12 32
33 12 31 42
45 29 24 20
46 34 3 16
45 35 12 34
45 24 11 30
30 35 17 25
42 8 17 32
46 32 20 4
41 40 8 40
42 12 21 45
42 36 23 38
43 32 10 31
34 7 17 27
44 25 12 29
49 16 15 28
37 42 15 36
46 36 39 29
47 46 12 13
48 49 5 27
41 34 12 44
44 31 11 45
43 7 23 45
47 33 22 20
5 44 14 38
5 3 26 43
42 36 14 29
48 2 15 23
36 39 7 32
44 36 8 26
39 40 31 48
44 48 14 31
45 21 3 31
37 12 19 35
9 11 14 48
47 16 17 32
11 29 11 22
43 39 10 33
44 11 6 38
31 43 15 45
44 34 13 30
31 46 15 23
3 42 14 42
43 41 16 33
44 22 12 22
9 41 11 30
40 34 13 30
46 21 19 18
15 29 10 25
47 38 14 29
38 24 14 43
31 17 23 47
34 33 28 34
45 15 26 46
48 13 22 29
47 28 17 0
3 41 21 43
33 1 26 47
46 38 12 29
2 46 21 40
43 17 8 28
28 43 15 47
3 41 13 18
43 36 27 44
4 41 9 34
36 41 20 37
44 31 32 13
4 21 9 32
29 38 33 43
46 7 16 26
49 38 17 30
46 43 35 41
37 20 13 27
2 48 41 48
44 29 16 46
32 40 12 33
3 48 12 28
7 47 25 43
49 32 33 23
38 12 14 7
44 34 9 27
20 35 14 24
48 33 11 28
43 12 4 39
44 10 9 19
46 34 25 39
32 36 12 34
