50 1300 16840 800
27 26 4 17
29 32 20 30
36 2 30 17
36 11 9 10
32 27 36 41
35 10 10 17
30 8 7 42
24 31 39 43
39 8 28 21
31 21 0 22
43 5 22 11
14 24 23 32
42 14 28 19
35 5 4 36
22 22 21 10
33 37 2 17
46 35 21 26
22 19 44 42
35 29 24 32
36 6 36 39
7 1 11 9
33 5 38 25
43 40 25 32
20 21 6 34
35 2 4 36
12 10 0 35
46 7 8 26
23 3 39 18
38 20 6 34
46 28 33 23
35 15 34 40
32 5 6 37
25 9 0 35
14 16 47 46
29 21 6 36
42 27 35 34
27 19 18 30
34 8 30 46
43 23 18 24
18 10 1 45
24 12 37 43
36 1 42 23
29 11 48 42
30 0 49 43
29 0 42 43
44 7 41 21
9 15 33 39
32 0 36 42
27 10 48 35
11 15 39 5
46 23 9 40
10 0 44 29
24 17 1 21
23 18 30 39
30 1 6 30
29 0 0 30
14 39 1 37
26 19 3 43
43 12 13 30
25 13 16 2
43 16 1 37
16 8 7 35
1 19 5 33
34 0 28 2
10 6 11 26
30 8 5 33
44 14 2 42
27 16 40 19
27 2 6 39
28 13 0 32
23 11 6 32
4 22 21 16
17 17 1 31
11 2 32 2
19 10 32 26
27 13 36 12
45 8 39 10
35 12 6 38
18 7 35 21
43 13 27 22
36 3 38 28
10 13 11 24
14 18 9 29
48 12 19 30
44 19 7 33
25 13 15 25
38 35 15 24
41 2 2 30
36 7 35 48
23 3 33 24
47 2 23 25
44 27 42 43
26 6 39 46
13 24 24 29
31 17 41 44
20 17 18 0
24 1 27 6
28 18 33 48
28 13 45 49
12 19 28 12
25 17 13 31
21 6 3 33
40 9 44 38
27 8 0 36
46 31 24 5
27 0 19 28
6 13 7 42
31 10 29 46
39 2 13 49
33 43 24 31
4 2 23 46
47 1 1 35
42 9 17 2
28 1 11 15
25 14 23 17
13 17 42 12
29 23 4 39
39 34 3 40
6 3 28 18
22 11 14 25
34 41 40 39
35 39 28 43
34 3 37 11
16 19 41 49
21 25 15 25
29 19 10 43
8 18 47 19
39 10 29 5
48 15 20 33
39 14 0 19
45 23 19 5
43 27 17 1
44 2 2 36
16 9 47 49
26 9 16 36
16 11 4 36
43 38 2 39
28 5 38 49
26 27 36 37
43 27 42 39
6 7 11 37
34 6 44 43
21 16 36 33
19 10 37 45
19 11 44 18
10 7 17 8
48 21 28 20
40 26 47 20
47 26 18 21
46 4 5 39
30 17 0 35
24 13 40 48
15 9 48 39
14 9 21 4
39 13 11 14
41 12 17 4
26 17 30 15
35 5 21 3
37 17 33 19
23 19 37 45
37 13 25 27
28 0 13 21
38 2 7 32
40 1 35 24
32 4 35 30
13 10 43 41
47 6 28 42
30 4 30 45
40 2 8 39
11 0 29 34
14 7 1 36
38 11 30 27
8 13 21 2
38 17 14 12
33 15 43 37
38 6 23 21
11 11 25 5
48 12 3 47
7 11 4 20
45 5 21 14
36 15 2 38
48 17 5 37
18 5 12 30
44 29 18 4
35 14 1 36
15 27 5 28
45 13 6 39
37 19 15 23
35 1 14 12
27 36 5 41
14 5 48 37
48 16 44 43
9 4 6 39
30 26 18 29
43 23 49 28
29 29 44 35
25 2 49 46
22 12 5 44
35 4 0 17
32 3 45 29
27 8 27 14
11 7 9 30
37 13 36 5
22 5 1 31
18 9 20 4
26 13 0 42
17 7 44 45
28 37 39 23
17 18 3 3
15 19 32 44
14 10 29 0
25 9 8 22
34 47 21 15
31 5 35 43
13 9 6 39
17 10 31 44
45 30 12 16
1 8 44 16
31 22 18 1
13 8 46 42
37 10 5 20
32 23 41 49
46 2 7 0
34 25 3 19
16 8 5 24
26 0 6 33
11 15 26 5
16 13 2 2
42 7 8 37
36 14 46 49
24 4 3 32
39 5 0 35
25 6 37 22
47 4 14 41
14 15 43 49
26 29 4 21
38 12 30 48
12 11 16 27
46 42 44 48
48 25 28 7
45 17 5 36
26 3 29 31
32 1 23 30
44 17 1 27
41 3 26 7
24 11 0 44
32 19 7 32
41 29 43 49
33 37 11 14
17 6 0 9
33 32 34 13
37 24 5 39
41 18 15 4
25 29 47 31
44 0 29 31
39 16 12 31
36 0 33 42
20 8 1 37
11 19 27 42
21 2 19 30
29 26 38 32
38 12 15 31
22 2 33 4
41 2 20 16
25 14 41 39
41 5 4 37
22 15 1 31
25 5 14 12
38 28 15 8
14 11 7 4
27 3 16 4
33 9 23 23
36 20 0 40
5 1 48 34
45 35 5 39
31 10 34 22
42 11 17 11
37 15 47 16
38 27 34 31
40 16 46 40
25 18 41 34
44 19 2 14
47 10 40 35
39 5 10 3
32 36 3 36
12 16 2 35
35 9 39 16
21 31 47 46
33 2 17 13
28 11 0 33
25 3 36 28
11 21 0 39
28 17 6 19
30 30 22 16
29 8 1 35
43 26 29 36
11 12 9 16
40 23 25 40
41 5 3 35
7 19 6 6
37 27 5 33
22 9 10 21
41 37 5 40
31 0 10 6
30 2 2 37
27 14 6 30
19 2 42 4
48 44 31 4
7 5 2 36
35 1 30 2
47 23 2 27
25 13 38 38
31 12 8 23
35 30 7 15
25 6 10 5
30 4 47 22
30 10 10 21
12 18 22 23
40 11 0 17
39 22 26 44
47 4 26 4
34 11 5 38
42 17 8 30
17 19 20 4
47 34 16 24
14 44 27 21
38 10 18 17
48 11 37 29
11 17 20 2
14 12 0 21
47 4 30 16
40 7 45 47
38 34 43 22
32 5 17 17
40 7 40 24
18 34 11 19
40 24 20 24
41 37 3 41
11 4 3 34
8 7 17 31
37 3 6 9
37 6 14 35
15 15 39 29
46 24 30 20
19 3 33 3
25 1 42 48
12 6 33 46
43 10 44 42
0 2 45 32
34 21 6 11
41 7 10 43
41 35 26 25
26 9 27 47
17 0 49 43
6 10 5 38
34 19 45 47
17 22 40 23
23 6 23 22
7 13 0 33
33 11 3 36
26 11 24 32
23 8 13 20
47 3 28 36
19 11 27 4
43 8 7 0
25 24 9 30
34 2 40 44
40 23 12 38
42 17 32 33
12 7 29 26
36 6 0 27
23 2 12 15
10 33 0 33
45 41 20 28
33 30 25 0
29 17 19 4
47 36 18 25
43 9 3 41
36 17 27 47
37 6 41 29
29 7 20 21
13 17 17 19
28 8 0 33
1 7 36 47
34 21 38 31
6 37 5 33
40 8 17 46
34 33 33 44
31 6 47 43
28 16 44 31
17 29 19 25
29 3 49 47
28 0 3 32
30 7 22 5
36 21 18 27
29 5 31 33
34 31 20 22
29 7 16 28
15 16 14 26
29 13 16 41
40 21 39 4
36 1 9 30
15 14 24 6
20 11 23 7
49 17 16 31
33 19 23 0
49 11 25 43
29 13 12 12
19 30 17 36
31 6 45 33
8 5 39 46
1 8 12 31
5 18 1 34
41 38 19 28
30 9 18 30
32 35 6 32
21 17 17 18
37 6 9 39
5 23 35 46
30 1 33 44
33 10 46 33
43 6 4 36
36 6 6 34
42 5 13 21
42 2 46 42
27 13 13 15
35 14 3 32
11 11 28 3
45 11 29 28
7 1 21 10
49 28 42 48
33 15 14 22
26 8 38 45
38 2 3 37
31 8 40 40
37 7 7 39
48 2 22 27
20 19 27 20
32 19 1 35
24 16 7 14
46 30 38 9
34 26 3 34
35 12 2 15
26 18 4 37
40 15 18 20
35 7 1 39
45 24 49 41
26 10 25 37
46 0 37 35
38 21 48 22
36 15 2 25
14 6 25 29
32 26 20 28
2 12 17 21
41 1 15 20
45 17 29 5
49 21 28 43
36 22 35 31
16 12 31 38
35 29 34 23
7 7 0 34
22 16 45 11
48 39 9 33
25 11 41 29
18 12 37 44
34 37 42 43
42 9 21 2
30 33 2 35
33 10 38 18
46 18 21 28
17 26 37 29
30 0 45 44
35 10 10 10
5 3 13 5
35 7 26 38
29 15 2 34
34 7 32 31
31 22 5 24
46 2 46 29
41 29 25 11
33 11 43 20
36 3 34 26
35 21 1 36
16 15 4 41
29 14 35 37
43 16 26 46
39 11 30 31
42 14 9 28
44 8 6 31
8 21 6 38
6 1 35 3
20 11 12 15
9 30 22 4
47 15 40 42
30 21 25 13
21 19 34 4
36 8 41 24
17 10 5 40
48 13 14 19
39 11 40 27
1 1 6 39
33 19 24 16
29 7 6 0
19 23 42 48
42 16 21 5
17 15 36 10
32 5 8 20
33 32 13 2
49 1 1 43
20 15 4 19
3 17 32 1
33 9 35 5
33 22 24 2
40 11 5 33
48 9 5 40
21 6 25 8
13 1 4 34
24 19 43 1
35 33 4 28
20 7 4 9
30 5 38 43
31 1 48 35
37 3 1 37
46 30 13 29
18 19 43 45
23 7 47 21
8 20 12 22
41 0 39 41
40 8 4 21
48 16 35 25
20 17 30 8
36 9 25 11
36 12 35 30
27 10 3 43
17 13 16 32
32 13 22 2
20 10 37 41
18 7 20 26
25 6 3 27
44 23 32 36
43 14 14 11
28 1 16 0
42 23 22 8
12 8 45 36
7 5 48 17
18 23 37 31
39 15 14 17
31 2 38 35
22 32 20 17
27 1 24 13
43 21 17 24
33 23 40 38
2 13 25 19
43 12 24 18
36 11 7 34
35 12 15 2
10 13 29 6
34 13 18 4
37 43 25 23
10 23 1 37
47 13 42 49
40 29 45 23
7 5 30 32
10 4 40 13
39 48 44 48
38 12 37 39
42 8 0 41
12 3 41 29
1 16 18 15
2 29 27 10
33 1 35 31
34 30 19 12
32 14 37 25
34 19 41 38
38 18 35 15
32 8 3 31
19 9 26 27
45 2 30 6
33 3 17 35
33 5 31 36
17 31 23 4
8 20 8 37
22 20 31 0
12 2 4 31
43 16 12 37
37 6 46 7
26 3 19 9
28 26 19 21
39 22 28 6
15 22 24 24
26 9 3 35
13 9 12 37
32 1 17 34
6 9 42 41
28 12 7 3
32 11 17 20
18 13 21 17
33 8 12 38
43 47 0 42
14 33 37 24
36 19 27 29
35 16 9 24
10 0 43 41
1 24 40 49
44 7 3 38
44 18 3 25
40 12 9 31
18 21 14 22
25 26 26 35
37 27 47 28
29 7 36 46
43 14 18 38
16 27 38 14
35 11 24 16
36 11 29 35
18 9 31 36
32 8 2 30
45 20 45 27
46 10 38 33
29 11 16 31
41 19 32 0
42 13 9 38
26 43 5 35
36 16 10 33
47 25 14 21
25 29 5 37
36 9 43 48
34 8 25 0
13 12 6 14
14 17 37 42
40 1 3 37
32 1 2 37
42 39 45 46
24 18 15 13
20 6 3 37
32 4 5 35
47 12 5 19
39 12 2 41
31 7 1 5
17 7 7 30
30 5 0 39
39 16 7 20
25 8 47 45
33 3 43 48
48 6 4 39
46 9 36 33
36 13 42 38
40 24 2 36
26 21 34 28
44 32 13 18
7 22 22 36
22 14 20 4
29 6 45 49
6 8 22 35
40 27 31 27
8 11 26 0
48 35 21 4
36 5 14 22
27 23 44 46
2 9 43 28
10 5 27 0
32 21 44 19
38 0 30 21
38 9 13 22
30 5 45 45
45 16 5 34
21 17 10 15
18 13 3 42
32 22 41 48
41 10 31 33
20 1 49 49
27 22 2 39
40 4 22 27
30 31 15 8
16 1 8 26
44 34 40 28
16 0 47 38
42 10 46 32
20 23 26 1
25 11 15 12
34 3 30 10
47 2 12 31
20 17 38 43
38 39 25 39
8 3 4 35
20 23 16 7
46 4 34 32
46 10 26 23
39 10 16 11
17 7 15 40
35 13 7 32
44 24 31 39
27 13 11 23
37 11 29 13
16 21 12 2
28 9 3 35
36 16 10 5
40 4 32 30
49 4 47 39
40 37 46 46
26 0 33 23
25 22 24 31
48 5 44 46
7 9 5 41
28 16 34 28
13 5 12 17
38 9 44 43
31 6 31 27
42 25 47 45
35 21 29 1
43 26 8 33
10 6 48 25
48 29 9 37
39 30 35 10
18 17 40 43
26 11 46 14
38 9 18 29
44 7 22 0
2 25 42 49
23 23 35 48
15 10 20 8
31 25 1 35
20 0 23 27
41 2 34 41
0 27 30 13
38 1 33 23
45 11 45 46
30 8 45 35
19 0 28 10
27 16 17 36
41 18 22 21
23 9 5 3
34 7 40 38
14 20 38 30
7 18 10 27
21 0 26 40
32 26 42 47
44 21 9 33
24 29 6 12
29 28 48 30
40 2 24 22
43 23 22 32
43 0 30 38
36 19 7 29
44 32 36 49
3 17 0 38
10 13 15 21
22 21 1 14
26 1 32 6
19 9 30 38
24 26 3 35
32 23 41 44
20 11 7 20
14 22 10 4
39 38 20 4
24 7 43 48
48 37 31 35
23 7 10 37
48 20 39 32
34 5 1 35
25 9 1 34
25 9 5 26
40 13 6 37
38 9 5 32
23 5 3 32
14 16 10 5
31 10 24 31
15 18 32 28
33 11 43 45
41 29 45 47
33 3 37 31
35 25 36 19
33 17 35 36
48 25 24 41
48 26 19 13
37 18 43 18
42 22 24 23
42 15 24 22
41 3 31 1
44 28 30 12
33 15 9 1
36 18 28 29
38 0 35 19
28 5 45 19
35 3 45 35
37 9 32 22
40 13 46 23
40 23 2 36
9 28 18 11
35 15 32 26
8 13 0 28
27 8 46 15
24 13 16 13
10 15 20 12
31 15 35 22
34 4 26 10
30 9 3 30
27 19 2 37
31 14 4 10
29 3 3 32
45 21 20 26
40 18 38 22
45 7 6 39
49 5 40 27
29 15 24 19
12 0 0 43
35 13 42 37
8 21 9 27
49 20 22 28
24 10 14 29
25 21 38 46
7 19 22 20
42 24 42 44
28 41 47 46
6 12 34 33
33 1 49 32
49 24 37 12
16 3 4 36
45 4 8 20
42 8 21 15
42 26 17 3
20 13 0 36
26 31 6 46
16 15 0 36
15 8 42 42
44 5 19 30
27 2 45 41
18 9 19 26
20 34 25 0
9 20 4 39
23 1 44 29
45 13 44 43
33 8 45 46
31 13 37 32
18 7 6 34
33 48 39 23
47 6 42 42
11 12 38 45
28 23 18 0
31 33 5 43
29 10 0 36
40 11 26 21
46 38 27 40
11 13 1 43
43 38 44 46
46 5 24 48
42 24 18 3
49 16 33 14
27 12 23 15
28 16 0 48
14 16 11 29
11 18 31 11
34 4 4 36
42 18 7 37
28 2 41 46
28 17 8 35
35 20 6 0
7 5 0 33
45 17 3 35
42 1 1 21
44 43 0 25
36 13 18 32
29 13 17 24
44 3 35 0
28 18 21 18
11 3 5 19
18 10 23 34
34 5 23 6
4 19 0 43
36 48 4 35
35 30 30 33
5 5 7 40
38 13 2 34
43 13 41 34
27 16 43 27
31 21 48 35
29 4 29 16
40 36 34 30
26 10 46 42
28 18 20 3
30 13 20 36
19 4 22 29
40 20 27 21
12 19 44 32
12 21 18 26
35 34 9 5
25 3 21 10
43 20 41 30
20 13 13 18
46 10 0 8
25 1 27 31
16 33 28 0
37 1 30 22
33 10 35 29
24 31 37 35
20 17 41 45
48 9 33 6
1 16 3 45
44 10 33 45
31 9 23 3
38 20 33 7
23 13 21 29
23 20 27 35
38 17 16 0
15 10 9 34
4 33 34 28
23 10 7 18
48 41 23 0
47 4 21 1
17 12 21 25
30 26 23 21
25 4 34 20
49 21 0 8
28 22 42 37
34 19 4 32
5 24 3 39
24 15 5 34
29 10 18 24
37 12 42 41
45 11 24 1
42 24 11 8
22 17 20 9
3 16 3 41
22 23 14 0
27 23 43 30
41 35 2 36
42 8 26 26
49 10 28 7
27 5 5 35
24 28 38 25
34 24 9 41
31 37 21 29
26 21 41 28
44 8 23 15
37 19 13 30
20 24 4 22
19 21 45 40
7 6 39 31
32 29 37 13
22 19 3 37
13 30 39 13
38 23 1 41
15 6 44 47
32 3 22 26
34 19 2 40
15 9 36 49
16 8 23 32
22 7 1 45
36 13 10 34
23 18 8 1
28 10 47 17
27 34 47 26
33 13 28 27
44 13 1 6
13 9 45 47
37 19 15 16
10 14 14 19
7 35 14 8
44 34 5 40
44 13 10 20
29 12 10 3
36 5 15 29
39 13 37 20
25 8 9 45
35 29 8 32
40 24 19 7
37 25 10 25
33 3 15 29
43 5 4 16
9 23 16 7
26 3 3 34
35 17 33 39
38 26 28 14
13 27 21 22
34 10 2 43
25 13 12 14
14 12 49 24
14 18 37 6
21 8 10 5
32 17 2 37
25 20 32 22
48 10 12 19
17 20 33 24
33 10 6 42
31 9 41 29
46 28 13 5
30 5 9 17
47 9 28 30
46 11 1 33
35 14 10 25
20 21 23 11
31 22 10 33
27 16 2 6
48 27 22 47
30 37 35 30
29 6 42 8
31 30 33 26
35 10 46 36
6 8 25 0
35 28 7 31
20 8 4 37
19 8 18 38
3 19 30 7
30 31 31 44
4 14 28 5
0 6 8 8
39 8 18 5
20 27 35 34
9 15 48 49
43 3 49 45
35 28 3 33
39 21 25 7
24 0 30 27
15 23 8 33
42 8 5 10
46 6 34 49
36 19 22 5
28 10 4 40
15 7 22 30
17 10 45 12
25 4 12 14
14 10 40 45
11 10 16 1
36 16 42 34
24 10 3 44
27 4 23 38
29 4 9 10
39 6 45 49
36 22 20 27
37 15 24 31
13 1 24 46
39 31 6 14
20 15 6 36
39 34 4 39
47 37 48 22
28 0 0 45
5 0 47 41
35 13 5 35
13 10 20 27
38 8 25 48
34 25 7 32
44 13 5 33
48 12 3 7
16 8 14 15
40 41 32 28
36 13 40 24
35 14 33 3
22 6 1 37
40 22 7 22
32 18 25 8
35 5 9 32
37 17 23 47
36 0 23 8
22 22 2 7
19 11 11 28
18 3 18 17
11 12 17 0
25 0 36 13
42 29 12 26
31 11 41 31
34 41 2 42
33 5 16 31
38 19 15 14
11 11 14 16
33 14 32 37
20 14 18 1
36 2 42 21
36 35 36 21
38 15 19 12
43 21 12 38
49 31 20 1
9 5 1 48
35 22 41 39
16 2 20 28
21 15 36 47
34 20 3 36
29 1 32 36
33 5 18 0
37 5 31 29
46 6 46 46
29 30 34 37
37 39 11 16
43 5 17 26
20 2 6 36
27 15 15 32
3 47 41 42
29 6 49 26
47 6 16 13
34 12 15 14
29 6 30 14
28 6 15 27
3 19 22 2
45 15 22 46
46 0 3 36
45 1 28 16
14 39 0 41
8 3 0 42
42 17 19 16
17 22 29 11
31 1 5 26
36 9 16 1
41 26 26 9
49 8 2 35
9 9 24 32
16 18 14 43
42 1 33 19
31 0 26 12
31 29 44 36
18 21 8 32
48 23 44 47
17 18 4 24
40 2 2 44
5 13 1 48
16 13 6 31
33 15 15 7
19 24 47 40
32 12 16 15
19 8 0 33
14 4 42 31
11 16 6 28
37 16 35 34
18 12 47 43
39 8 35 9
41 15 6 35
16 17 26 19
47 11 10 29
33 25 26 48
35 15 16 4
16 7 4 36
44 9 5 40
15 13 37 12
43 16 40 30
30 10 26 6
36 6 39 46
23 8 11 1
36 24 35 49
9 42 41 22
34 10 17 15
13 22 10 5
34 4 24 2
22 5 3 30
47 5 5 35
38 27 3 36
29 26 44 48
43 0 14 6
25 8 1 24
40 1 34 7
46 4 2 43
30 5 40 45
36 8 9 6
47 17 3 37
23 14 15 26
28 36 18 5
22 18 16 19
37 4 4 24
35 20 29 22
10 49 34 22
49 28 26 45
37 19 9 30
27 24 30 11
49 10 36 40
41 33 19 15
47 18 18 0
46 4 1 7
30 28 3 9
19 10 6 35
24 21 37 46
39 9 34 26
20 18 0 40
15 2 9 20
43 0 22 23
40 4 24 33
31 17 24 21
41 19 12 13
27 10 37 27
44 27 35 28
25 10 43 34
35 11 9 11
46 19 21 6
34 9 19 15
40 17 3 41
38 9 10 14
44 1 21 37
12 0 44 49
42 8 31 39
30 18 8 22
35 30 0 16
33 6 41 43
38 7 15 23
22 15 15 27
43 17 40 34
38 12 9 11
13 17 10 32
15 11 43 9
33 3 18 6
17 5 27 10
30 23 34 39
11 4 20 33
31 6 22 3
19 15 4 3
3 1 17 5
25 28 1 19
40 8 21 12
30 25 22 26
25 9 47 22
47 4 13 24
44 23 1 40
46 17 34 13
38 4 28 40
36 22 29 9
40 8 31 48
47 20 33 44
36 18 40 45
31 14 5 35
39 14 49 22
13 22 39 29
23 19 24 3
38 6 47 46
22 11 27 6
49 6 43 46
34 21 15 24
16 5 46 45
44 6 20 7
26 23 36 16
32 16 47 43
38 0 25 33
39 3 11 27
43 26 26 23
44 7 29 42
42 32 13 2
42 10 35 20
6 6 23 2
43 5 36 43
14 11 15 5
45 10 28 4
2 9 4 39
47 2 13 26
13 1 25 38
33 25 44 39
14 14 30 28
29 25 7 49
23 30 14 8
29 4 11 30
46 35 49 41
46 28 49 46
22 9 39 46
20 3 17 1
15 10 19 16
19 3 29 10
37 21 22 12
44 18 24 45
40 13 26 24
28 29 18 9
42 20 1 35
8 19 4 42
40 0 36 49
37 7 14 7
42 21 41 45
48 29 10 23
44 8 47 0
33 40 48 37
9 12 43 46
22 9 18 43
15 7 1 35
25 22 18 34
45 13 22 49
47 2 18 40
32 3 17 15
16 23 42 20
43 8 3 37
19 0 41 22
25 27 6 13
36 6 37 27
33 1 26 37
41 29 29 22
37 8 46 13
28 12 7 40
13 28 42 49
20 17 33 27
27 10 34 20
38 28 6 17
30 18 15 7
4 24 4 39
43 20 3 8
6 12 2 38
20 22 2 16
30 20 49 44
12 25 2 36
23 39 40 29
40 35 32 49
20 27 45 46
45 21 12 8
46 7 6 28
34 19 20 10
20 16 6 11
42 12 1 34
32 18 22 12
42 18 26 4
10 26 6 8
37 26 26 20
