50 62 11656 800
26 10 32 3
16 22 13 12
44 28 13 32
41 14 44 25
48 10 31 17
16 44 42 26
38 31 37 3
33 7 31 0
30 3 19 21
20 41 29 12
10 22 17 4
48 13 39 13
17 15 17 1
32 19 17 18
28 43 28 7
33 4 22 2
16 34 18 3
31 7 34 27
22 13 19 15
16 29 0 7
1 15 44 42
21 5 45 1
29 6 32 32
49 24 45 7
33 24 5 28
38 10 43 1
29 9 12 14
41 19 16 17
2 23 45 46
20 39 22 20
2 20 23 18
32 3 24 2
22 24 40 2
3 12 19 18
5 16 15 22
28 4 15 16
18 46 44 1
17 26 24 6
43 24 7 33
10 17 41 25
25 20 24 0
15 22 29 10
28 34 24 11
18 17 30 10
43 21 26 2
31 4 19 26
35 18 32 25
44 41 22 11
30 18 25 28
14 21 28 17
33 20 14 35
5 17 23 8
40 10 21 18
3 14 47 0
34 4 27 11
31 1 28 15
12 12 31 28
23 12 40 0
5 18 17 8
8 28 6 5
42 19 21 19
16 25 40 18
