50 941 12976 800
33 18 34 9
20 23 28 32
33 18 31 12
26 7 28 44
37 20 26 25
35 20 37 37
28 23 29 29
40 2 41 17
33 21 41 4
48 8 19 27
20 35 30 41
9 22 37 12
30 17 32 45
15 18 35 6
28 14 49 42
28 23 38 39
45 6 8 11
28 17 41 0
36 4 49 3
44 9 39 6
34 6 38 39
23 22 47 16
41 16 15 5
48 9 1 17
48 17 40 39
44 10 42 5
31 16 17 27
42 3 22 15
35 11 45 8
41 10 23 49
17 6 11 31
11 37 42 32
31 20 27 4
39 23 42 26
38 0 22 38
19 26 32 43
26 17 27 23
40 5 16 23
21 26 45 26
27 45 24 29
27 4 46 11
42 4 44 12
6 4 9 34
24 24 28 14
22 25 32 45
48 4 33 25
3 24 40 37
46 5 36 42
32 21 35 5
30 22 39 0
34 2 21 21
7 10 47 10
26 46 34 5
30 23 35 21
31 23 23 39
43 4 7 23
4 2 21 35
35 14 30 13
44 4 48 8
35 24 47 35
41 10 44 45
16 42 41 3
37 16 24 3
43 3 35 3
25 24 37 38
15 15 41 20
46 9 21 43
19 20 43 33
0 12 26 26
26 17 43 18
34 16 36 35
46 2 13 34
28 16 14 14
46 3 21 9
3 1 36 14
33 27 33 22
45 11 39 24
26 15 41 7
25 19 18 33
28 16 14 41
30 20 33 36
33 20 28 19
21 31 26 25
49 15 29 42
15 18 49 7
5 31 41 40
48 10 39 44
33 15 31 3
11 40 17 37
39 2 38 12
34 18 27 39
39 20 23 32
39 3 36 15
20 18 38 11
4 27 28 14
3 11 33 10
41 6 16 34
49 4 28 43
15 20 39 40
32 18 27 28
42 10 8 37
24 17 46 18
40 6 18 16
36 17 33 6
13 17 38 32
30 18 47 47
32 13 40 19
35 15 27 45
28 24 40 30
44 22 29 39
19 13 27 17
29 32 49 14
15 25 48 6
37 17 46 24
31 19 43 25
39 24 46 20
24 19 45 41
15 25 34 22
31 6 40 18
30 12 39 39
25 31 34 49
30 15 43 18
45 9 32 46
29 14 12 30
31 18 44 20
34 16 32 45
35 19 47 24
29 27 40 12
33 19 40 2
44 12 32 19
41 5 27 24
44 13 47 28
15 25 32 48
16 5 31 45
31 24 9 11
45 10 16 25
43 4 10 25
43 10 30 22
16 24 46 38
13 24 40 46
49 10 39 4
37 20 37 11
44 11 45 26
33 16 44 33
26 24 17 40
37 18 46 15
24 15 40 42
27 21 38 4
44 13 47 33
1 33 47 13
36 10 36 45
29 20 12 29
38 2 28 19
14 27 16 24
18 23 40 18
26 4 10 40
49 3 26 17
40 1 42 34
40 11 21 2
10 29 12 39
33 20 27 43
31 10 37 39
47 15 44 32
6 47 43 12
21 20 38 22
43 17 45 30
39 7 40 29
22 23 33 47
25 15 38 28
37 5 48 20
10 34 28 3
13 31 31 18
43 2 7 33
39 2 12 24
43 2 38 5
30 21 23 4
32 19 31 42
16 29 34 26
37 29 34 33
33 20 37 42
43 3 24 23
25 26 23 12
37 15 10 21
43 1 29 12
35 20 36 9
31 18 7 19
26 7 36 33
4 22 28 36
42 6 17 17
32 27 44 31
32 16 19 40
31 6 35 37
42 7 23 16
44 6 26 27
34 20 40 35
30 16 12 0
22 33 27 17
36 8 35 15
46 9 3 36
29 28 39 4
47 9 30 46
49 6 33 7
32 25 27 21
46 7 32 21
33 26 11 48
37 12 36 48
24 19 16 42
47 0 29 17
46 6 35 13
41 7 35 33
27 26 42 9
49 11 30 46
25 25 21 34
3 42 23 23
29 18 38 45
44 8 9 10
26 19 44 25
32 20 15 19
43 11 30 33
21 21 39 36
42 11 36 18
27 14 39 48
48 8 45 28
42 0 36 36
21 20 32 24
30 23 42 8
33 18 43 32
35 6 42 42
11 41 30 10
21 22 12 16
29 10 39 28
32 22 38 3
43 9 35 15
23 25 39 19
19 20 23 28
41 5 37 49
44 8 42 32
38 21 22 48
34 15 40 1
9 11 13 23
27 20 30 42
47 5 26 11
34 18 34 47
7 31 30 19
6 3 24 34
27 12 38 18
34 21 33 28
37 14 26 17
48 2 37 34
31 21 17 39
41 5 49 11
40 12 32 43
40 7 43 12
49 8 26 39
18 25 40 17
40 15 39 38
36 13 37 39
35 19 49 18
30 7 46 1
16 10 19 14
32 18 21 49
27 25 33 48
18 23 30 48
23 8 46 1
37 0 28 27
45 10 39 39
28 23 23 43
38 6 34 9
40 15 44 38
32 24 2 26
31 20 20 16
37 13 19 8
47 8 21 38
8 35 47 3
31 18 44 43
24 22 38 48
33 21 27 47
39 12 16 14
16 19 29 49
43 6 17 38
16 22 48 19
27 35 21 30
42 6 6 23
40 0 38 29
13 34 39 35
41 1 39 28
33 25 27 43
38 39 21 19
14 4 35 16
26 40 28 34
30 19 17 48
26 12 21 42
16 42 29 17
27 25 30 21
44 7 22 9
23 9 32 30
29 20 17 12
20 36 48 25
48 14 43 20
45 11 42 41
28 24 35 16
40 5 23 18
48 5 32 21
45 6 19 32
8 42 16 35
19 18 0 49
28 19 41 16
32 17 46 33
41 15 45 4
36 0 37 40
45 5 36 18
29 14 19 35
20 25 35 15
18 23 17 13
32 22 13 29
43 1 26 10
32 18 43 33
23 39 36 42
28 12 33 44
49 9 35 41
31 20 45 16
10 15 42 3
41 13 38 6
34 6 17 34
7 3 24 37
7 4 16 20
14 16 29 17
31 19 22 39
29 25 22 7
0 40 44 8
37 19 17 31
0 35 35 17
18 41 40 30
48 0 27 48
34 12 32 8
31 15 39 22
43 7 18 42
41 2 39 42
38 18 36 48
45 13 13 8
35 21 9 27
32 20 34 42
32 16 28 41
34 2 43 29
28 19 31 34
30 21 48 35
26 18 41 29
26 15 35 48
47 3 40 22
49 7 36 12
47 4 27 40
48 17 31 0
33 15 41 28
49 8 40 4
45 0 40 1
21 38 40 20
5 20 37 39
7 40 30 42
46 3 25 35
46 36 15 19
32 21 27 46
29 12 25 21
29 20 18 47
29 21 32 36
43 15 32 38
49 12 27 7
24 38 37 48
42 3 26 15
32 18 3 16
46 3 32 48
3 31 42 46
40 16 13 2
29 23 37 7
30 20 41 2
38 5 31 13
34 22 31 35
43 2 24 38
42 5 27 13
44 15 41 26
40 6 35 19
17 17 31 24
27 25 2 24
42 6 28 29
45 4 49 17
28 16 41 25
44 10 44 33
35 16 32 37
45 26 40 24
47 9 27 49
29 22 40 29
21 23 42 33
4 42 46 24
42 4 46 14
24 17 43 48
27 19 37 11
3 44 45 21
38 5 16 3
24 27 46 36
40 17 21 9
37 15 29 34
30 9 45 20
38 16 41 4
33 23 19 3
21 14 2 7
16 41 47 41
47 7 16 48
46 9 40 42
34 16 18 35
33 5 39 37
41 6 20 35
30 21 25 33
34 10 33 3
30 15 28 33
33 12 38 37
32 17 22 18
48 2 43 26
16 34 14 29
8 24 21 24
33 15 33 7
41 12 30 25
24 19 31 3
24 22 10 33
42 11 33 18
39 16 26 16
48 9 37 8
49 11 38 37
34 20 31 48
33 11 36 31
40 18 21 47
36 40 44 10
21 6 23 42
38 7 11 31
6 29 16 46
42 3 29 40
18 26 45 5
31 25 41 38
47 16 28 32
28 20 25 15
41 12 8 36
41 10 41 46
28 16 36 35
32 21 33 15
21 19 35 22
41 4 31 2
36 18 34 47
36 17 19 42
48 14 31 26
9 33 36 41
35 17 43 9
30 19 14 26
34 8 39 31
40 7 29 35
12 12 48 27
14 39 24 48
46 8 43 44
40 6 6 36
29 14 42 17
42 13 42 26
45 13 37 21
34 20 34 41
28 3 43 21
5 21 26 49
31 10 26 12
37 5 30 43
8 8 44 29
42 19 39 39
49 2 27 30
20 37 33 9
24 21 42 27
36 19 15 13
12 17 6 8
32 17 22 15
27 15 44 29
35 20 36 16
28 17 31 27
26 24 43 25
28 18 41 40
48 11 35 39
45 1 46 38
13 33 47 40
38 13 18 47
47 13 41 33
23 18 30 16
29 22 42 46
24 19 38 9
48 14 49 39
29 11 47 3
31 20 25 8
43 3 31 17
37 7 42 16
34 15 47 36
43 4 4 21
28 28 22 28
32 13 34 49
20 19 32 42
47 11 27 44
22 35 29 14
46 7 49 36
30 17 20 42
12 12 25 19
26 29 20 39
2 46 29 2
35 1 39 3
33 14 30 33
47 3 14 19
27 8 47 47
36 18 48 13
26 18 15 9
46 6 46 29
2 6 37 2
35 17 22 28
15 42 33 32
32 19 23 8
32 16 30 48
25 16 36 37
29 12 33 48
31 18 16 49
41 13 13 32
0 40 38 3
49 5 1 36
33 22 36 25
36 0 41 36
28 18 37 7
36 22 39 46
32 18 38 49
47 4 28 23
36 2 49 40
1 3 22 33
24 25 8 11
32 14 46 42
28 7 45 33
20 45 22 21
34 18 43 20
7 39 35 39
45 14 34 34
27 19 13 13
42 0 36 38
14 28 35 0
35 19 34 8
33 8 34 45
37 9 33 11
30 12 49 22
45 7 45 16
43 8 49 42
33 6 45 48
36 3 26 37
12 17 27 30
36 23 16 28
31 12 43 47
4 30 33 10
6 42 37 1
48 4 36 44
48 7 49 32
11 24 49 33
28 24 35 32
37 16 37 31
3 2 43 29
32 16 40 25
29 12 6 28
14 23 20 20
15 21 34 40
17 21 31 9
43 4 35 11
38 8 23 47
32 19 30 9
10 31 13 16
34 13 36 37
33 10 39 11
33 21 25 34
49 3 27 29
9 15 42 15
49 6 49 18
25 20 19 24
24 26 43 18
26 15 44 28
24 25 23 44
44 7 34 3
37 10 28 16
35 9 34 23
33 22 26 7
32 25 41 43
32 2 33 33
45 13 29 11
26 22 16 36
35 3 23 33
46 1 49 34
29 16 35 41
36 27 27 14
27 22 16 20
49 11 35 12
38 0 14 6
21 24 35 11
30 19 22 32
30 15 32 45
37 0 40 29
22 13 27 20
31 17 23 30
17 13 47 21
42 19 48 36
25 26 49 13
47 3 13 25
26 20 39 31
40 6 49 35
41 1 40 29
12 5 33 44
9 31 48 24
44 17 28 47
23 16 36 45
34 17 35 49
31 7 36 46
16 10 46 20
19 24 38 0
11 20 36 28
2 4 32 6
18 34 30 33
27 18 38 17
42 0 23 15
19 17 39 42
31 20 49 42
47 2 21 2
26 38 15 42
29 15 46 35
34 14 49 4
33 19 9 19
29 18 39 28
31 48 34 10
40 18 44 37
29 20 30 45
48 5 29 40
6 25 45 36
45 7 16 49
44 12 7 25
22 22 46 21
46 12 28 37
47 1 31 28
19 14 42 46
49 8 28 11
34 21 36 26
9 34 22 47
13 17 25 42
44 9 24 25
32 18 0 9
38 4 36 35
30 12 35 45
43 14 41 11
30 22 39 25
31 13 40 46
30 21 36 25
37 22 28 15
45 18 46 27
26 21 28 43
9 40 27 30
24 23 43 24
33 5 23 0
33 16 41 12
46 9 44 25
49 16 30 34
36 13 43 6
22 26 28 7
13 31 49 13
34 22 38 31
35 19 28 43
40 19 20 28
48 10 16 39
28 21 48 6
47 12 20 28
21 23 49 22
15 21 45 8
40 13 43 11
34 21 48 29
13 42 29 7
25 33 28 42
25 26 48 3
19 29 49 49
41 0 28 0
33 11 42 39
43 8 49 15
8 35 33 26
39 8 26 26
13 30 35 44
11 43 36 43
18 41 23 4
32 16 27 44
43 3 37 44
33 22 23 48
29 19 35 22
28 13 27 24
44 10 35 41
31 22 35 35
30 19 23 22
35 18 38 23
35 30 38 5
39 3 43 39
33 4 7 13
22 12 43 26
30 14 18 26
48 10 14 31
38 14 25 24
31 32 35 48
30 8 21 46
41 11 41 31
45 7 35 15
37 18 15 46
41 1 3 7
39 7 43 12
13 42 45 21
34 6 27 29
47 13 33 20
45 7 49 35
37 15 39 2
48 9 30 48
29 18 40 31
28 21 46 13
20 25 36 20
25 19 48 15
35 14 33 9
29 20 22 49
28 18 33 34
10 11 24 38
27 28 29 25
25 12 29 19
35 0 13 19
32 23 36 43
37 19 48 21
24 30 22 14
19 25 47 19
45 14 31 34
31 19 33 46
44 3 46 14
27 16 27 29
26 20 35 6
40 10 33 38
25 16 46 9
24 30 49 23
28 15 35 12
14 0 43 33
35 2 12 12
36 2 43 24
25 29 24 18
46 16 44 24
25 30 28 40
33 21 16 40
32 3 28 26
44 8 32 36
30 21 26 28
5 19 35 19
35 18 39 14
25 16 25 38
36 13 40 17
26 21 11 31
29 25 37 39
4 29 35 36
35 14 31 26
30 17 35 42
35 20 39 45
2 33 32 27
36 20 18 5
45 10 24 15
5 14 49 14
41 7 42 46
20 5 9 14
27 18 45 35
35 24 34 14
37 19 38 35
15 21 14 40
39 16 49 16
35 18 28 35
49 10 31 3
20 27 49 25
24 14 28 48
45 12 20 13
29 18 46 10
42 10 32 26
19 17 29 29
29 20 37 5
31 12 45 10
36 27 34 38
48 11 37 42
41 12 46 24
43 5 22 37
15 33 31 21
37 13 37 38
34 15 23 47
43 9 45 38
42 1 19 27
34 17 29 36
30 20 25 22
41 17 31 11
24 19 36 32
44 9 38 10
40 7 35 29
42 13 39 10
18 39 40 12
27 24 25 37
34 0 36 26
33 23 19 19
38 15 35 6
44 2 34 12
31 21 31 34
32 24 32 14
18 40 36 26
35 23 28 39
48 4 15 20
46 9 14 35
31 13 34 6
27 27 38 28
33 18 41 6
35 23 38 41
35 19 37 46
34 4 41 36
24 19 37 13
41 18 43 32
38 11 18 20
31 14 41 27
49 3 16 9
30 22 44 38
33 23 36 8
38 15 29 17
3 22 46 42
34 19 42 41
19 30 1 44
31 26 35 20
25 28 35 8
9 2 29 2
31 23 25 38
44 4 19 36
40 14 38 34
44 6 37 42
15 37 32 3
4 31 36 10
25 20 23 14
30 19 33 47
24 26 36 1
24 18 20 3
8 25 12 5
46 9 22 49
26 15 29 41
21 19 21 3
13 32 33 49
47 4 17 15
29 12 40 40
28 21 46 20
41 0 38 49
35 10 20 21
41 9 22 44
16 24 32 45
16 28 39 43
20 31 20 44
47 11 39 12
41 2 13 13
5 29 22 23
31 22 43 31
26 29 33 29
13 23 27 34
33 18 32 43
9 33 34 18
6 24 22 7
34 8 36 37
21 27 47 22
31 0 24 16
22 21 12 34
45 7 43 16
23 27 33 18
28 14 41 11
39 12 24 28
20 29 14 44
1 14 45 19
21 29 43 23
15 11 45 18
25 21 31 17
34 23 27 29
27 21 43 34
38 9 20 42
19 18 35 25
33 17 29 49
28 23 11 43
23 26 35 46
42 5 25 39
34 14 30 17
35 3 46 42
22 27 29 49
42 11 44 39
32 16 27 1
31 16 19 35
21 22 17 20
46 8 30 40
33 14 20 32
16 38 14 25
31 20 44 45
8 22 20 39
27 21 25 35
5 17 45 9
33 14 46 7
4 30 46 5
38 15 44 24
22 20 36 47
49 6 47 24
42 10 26 24
40 8 42 13
8 42 29 45
29 22 39 27
44 16 30 13
30 35 40 16
35 13 39 17
32 24 15 45
29 33 20 18
41 9 34 16
36 16 42 49
34 17 35 33
21 21 29 49
39 8 41 35
32 13 34 1
21 29 38 11
29 22 32 28
19 32 38 12
26 14 23 26
33 24 40 10
21 22 30 15
39 11 48 33
38 3 35 37
28 19 25 28
44 7 25 44
19 19 39 38
33 17 23 22
44 6 23 25
29 16 46 15
21 19 48 34
35 18 44 19
35 20 49 41
29 13 35 48
46 2 30 16
34 5 36 43
13 19 19 37
30 17 31 23
7 32 49 10
6 46 48 13
48 5 38 46
16 37 26 30
17 35 45 33
44 5 28 39
30 18 15 3
