50 136 13489 800
17 17 5 21
16 30 20 13
15 21 18 49
29 20 14 29
6 46 15 24
1 31 41 39
0 29 22 9
44 22 11 33
49 21 3 36
13 46 17 11
16 44 44 38
15 29 0 6
5 44 12 21
13 15 15 23
24 19 7 7
39 46 14 45
32 28 21 20
33 40 44 48
21 22 6 11
24 26 25 31
4 43 19 23
26 25 22 29
29 35 17 22
17 39 9 32
17 23 23 14
45 10 2 18
3 40 15 11
0 26 49 44
7 49 23 26
10 35 22 35
29 0 5 28
14 18 8 12
28 24 20 29
27 24 31 27
27 33 8 26
32 25 5 31
18 14 49 44
44 21 28 24
19 18 9 34
11 44 17 21
22 30 13 4
0 17 7 23
12 15 5 23
14 26 20 45
12 13 30 17
2 45 6 14
22 28 6 12
20 42 16 13
16 12 3 4
23 25 20 12
16 10 20 41
33 34 18 26
18 13 12 25
11 45 14 2
43 29 4 22
5 24 14 22
49 21 4 27
15 29 38 20
25 29 17 48
0 40 18 49
35 45 4 32
17 29 8 18
2 43 6 12
22 42 17 39
9 42 46 43
20 31 6 11
14 18 16 15
21 10 1 26
14 33 15 22
8 16 20 21
35 11 1 23
34 42 35 10
14 19 23 38
17 18 13 33
8 44 40 41
23 31 2 25
2 26 11 28
6 45 24 40
20 24 10 36
8 40 4 25
14 13 39 32
4 38 18 16
33 2 9 28
10 12 31 27
15 25 16 13
14 47 3 25
24 23 5 28
36 35 6 39
26 34 19 46
21 18 10 22
19 17 21 45
31 8 18 17
40 45 15 47
14 18 18 28
39 21 15 30
29 44 49 41
29 40 5 9
34 5 18 8
8 5 2 18
47 41 14 24
15 16 5 15
40 28 6 46
25 36 17 18
5 36 12 3
32 26 18 16
26 26 7 45
12 21 8 17
43 12 9 24
31 34 16 18
16 17 13 25
42 28 19 16
29 20 11 31
40 10 9 32
1 35 26 26
0 28 18 47
44 6 6 17
6 31 2 17
5 19 1 17
8 43 13 24
18 20 11 14
46 12 11 22
17 15 15 6
42 29 27 12
9 46 23 29
18 19 6 25
14 6 19 20
8 20 2 11
42 29 4 17
11 34 19 21
11 29 1 35
18 23 20 12
21 14 18 32
26 35 21 19
1 27 11 17
3 47 13 7
17 29 8 15
