50 124 16422 800
27 9 7 0
37 10 49 4
31 3 15 37
16 7 23 42
17 4 23 45
34 13 8 0
30 6 41 45
32 22 40 16
38 13 19 21
42 14 23 49
42 24 22 45
30 3 20 38
33 13 28 47
28 22 24 44
35 31 18 49
31 38 23 47
33 8 41 41
28 20 4 5
29 8 34 11
34 18 23 46
28 14 22 35
30 20 6 6
26 26 4 7
11 10 8 40
17 5 46 30
37 36 21 48
17 3 28 27
35 12 47 33
45 28 21 49
15 4 44 0
37 43 16 17
15 5 24 29
28 3 49 25
24 5 18 44
36 19 23 42
40 18 31 47
15 9 23 6
17 8 27 38
36 20 32 5
15 9 35 38
40 12 23 6
34 3 15 20
17 12 7 6
29 47 11 15
34 20 48 31
34 20 20 15
32 26 3 21
15 3 22 39
30 5 27 34
18 6 44 34
38 37 37 31
18 11 11 36
37 29 42 40
20 43 39 32
33 18 20 19
45 3 25 21
17 7 13 45
38 40 20 23
44 47 24 16
41 37 23 14
22 40 13 12
34 20 25 27
27 14 12 40
24 13 36 36
36 12 29 21
13 3 24 9
29 10 17 41
32 0 19 9
46 38 33 31
26 18 27 13
42 32 27 16
36 16 21 46
27 3 18 7
11 43 36 33
34 3 27 34
20 3 22 24
34 19 2 24
31 12 38 13
31 23 8 25
34 20 42 30
16 9 22 33
29 5 32 32
8 8 6 16
27 34 18 46
41 38 40 10
46 24 2 30
33 8 29 47
19 4 31 18
34 21 19 28
28 24 27 39
36 37 9 8
18 7 32 34
22 16 18 13
17 29 25 44
39 41 47 40
19 0 15 31
36 49 13 23
18 0 17 32
27 0 48 24
13 1 36 25
40 24 22 46
25 3 10 15
19 12 37 30
15 40 16 4
47 34 20 0
33 17 17 36
33 16 8 30
36 21 27 21
21 27 15 48
32 34 28 21
5 24 11 25
36 4 31 49
31 22 46 31
18 11 29 28
31 2 22 7
4 28 19 47
23 25 26 32
30 21 15 1
21 9 24 44
42 49 26 12
20 9 22 48
27 4 4 24
18 19 19 47
15 3 18 10
