50 117 15935 800
35 3 2 41
37 21 43 9
45 38 44 3
26 49 6 9
24 17 34 2
27 11 30 24
24 0 45 33
31 44 17 42
21 24 10 36
30 12 49 16
28 2 47 15
23 14 49 29
6 17 49 26
11 40 47 44
5 31 40 43
33 35 24 42
24 20 31 16
36 44 47 10
15 24 3 35
20 13 36 41
24 4 5 48
23 5 36 40
22 4 43 42
35 3 22 40
3 34 26 49
27 40 36 30
23 36 43 6
32 16 1 11
25 3 36 26
19 1 8 37
3 43 40 1
44 48 27 36
15 17 45 3
18 40 45 12
31 37 33 30
24 0 45 36
11 25 18 42
18 2 23 30
34 46 33 38
49 33 48 29
39 37 15 39
33 33 46 23
25 12 18 38
19 40 3 25
5 0 3 9
4 7 26 45
13 47 10 31
26 24 37 28
14 2 11 42
32 4 8 34
38 16 32 36
32 11 44 7
14 29 40 36
23 7 46 2
33 16 24 43
34 6 44 48
28 13 3 4
32 1 46 33
19 26 31 6
11 10 23 34
48 12 47 38
2 34 4 13
23 17 49 30
9 14 11 45
27 17 42 25
31 26 41 5
11 47 4 33
44 39 10 40
42 12 10 47
31 26 14 39
23 2 34 48
33 15 42 12
23 43 45 6
18 4 31 46
19 29 29 41
31 42 10 36
11 8 43 31
5 13 37 38
26 28 20 7
23 18 41 42
33 13 8 22
14 41 0 10
43 33 10 18
32 11 38 45
37 38 19 7
12 7 32 37
26 1 44 15
30 40 5 46
26 12 28 36
19 5 46 35
23 5 17 45
32 31 6 32
20 16 36 20
28 6 0 42
14 21 13 36
25 41 27 7
19 4 1 31
40 26 9 40
31 15 43 15
28 29 41 44
19 39 7 34
7 14 48 25
25 20 41 40
16 3 14 49
19 29 46 24
21 36 39 6
17 8 7 15
20 28 39 2
17 30 11 35
5 8 14 18
18 9 47 8
27 40 4 35
27 18 12 16
19 31 1 17
30 16 38 0
26 37 48 32
24 3 17 48
