50 1596 18890 800
6 6 18 8
39 24 38 14
9 20 16 15
25 25 29 31
27 17 13 8
29 20 1 17
36 38 43 43
5 11 15 12
29 41 31 20
1 0 0 22
38 17 26 46
12 49 35 5
13 19 14 38
27 8 20 42
32 40 38 23
31 21 11 2
34 35 24 34
7 10 21 5
28 21 33 32
33 13 39 30
27 25 11 21
22 49 40 23
23 6 17 6
0 15 13 7
23 45 18 26
28 34 18 9
0 9 34 38
8 12 45 38
8 11 31 46
24 49 14 11
32 27 24 23
24 41 40 31
22 41 16 18
30 44 40 30
34 48 38 26
11 3 38 46
23 39 35 32
1 15 43 32
26 46 3 21
28 31 18 38
13 6 26 45
8 12 46 40
36 17 1 11
24 45 42 29
34 31 38 26
23 18 31 37
16 23 26 42
16 2 40 22
32 20 39 3
20 16 23 42
21 24 47 30
2 4 22 36
26 45 35 39
12 9 31 1
30 17 39 18
1 11 24 44
31 38 33 16
4 11 40 33
27 38 7 14
20 20 35 28
10 6 5 12
4 8 42 27
22 17 21 30
30 49 17 21
29 17 36 29
31 14 17 31
13 7 25 9
13 7 20 49
13 27 27 45
2 13 23 24
23 25 33 30
31 43 21 12
7 7 32 22
33 34 18 39
24 17 20 41
29 16 34 34
35 17 5 2
5 4 48 36
14 39 38 31
27 29 25 41
31 19 9 24
1 11 16 43
16 42 30 40
4 27 32 4
29 33 24 43
20 42 42 31
40 43 31 33
31 17 31 45
10 8 18 42
2 19 18 27
6 11 4 21
2 8 36 45
30 20 37 10
13 10 35 32
0 2 41 29
21 20 14 3
29 35 17 10
6 7 20 14
15 46 36 21
7 22 35 8
27 20 5 3
22 32 34 29
24 18 37 27
16 27 33 43
21 30 18 27
30 22 44 29
18 49 11 6
32 44 36 29
25 21 24 47
22 24 20 44
10 15 44 11
10 6 37 16
8 10 13 9
25 25 28 39
29 40 32 37
38 14 36 24
20 43 19 3
10 3 2 24
23 26 4 38
29 5 32 49
29 45 24 7
27 37 47 20
25 48 0 4
0 10 41 28
26 25 20 9
8 6 14 24
34 48 23 24
19 47 19 37
9 26 33 45
1 9 35 31
14 25 8 5
28 46 37 29
24 19 14 32
26 22 37 28
3 2 27 38
31 38 20 36
29 15 9 9
28 21 23 23
18 25 34 47
5 8 32 40
30 22 22 42
39 46 16 11
38 40 34 29
4 9 20 35
4 9 20 29
8 4 21 39
20 39 19 9
4 10 40 30
22 14 24 40
32 42 24 40
28 17 10 28
13 13 39 29
20 18 23 36
29 34 33 19
22 19 40 26
27 37 36 28
31 19 28 47
5 7 23 42
19 44 37 30
21 32 9 4
26 16 22 0
13 0 38 42
16 20 30 32
21 48 48 32
7 10 23 35
31 24 20 28
21 38 30 41
28 13 38 33
4 15 39 23
21 49 20 2
4 1 19 21
27 16 6 6
7 30 33 23
7 0 27 41
27 24 27 14
27 14 34 28
28 20 26 48
19 13 35 24
33 14 26 45
0 1 21 17
25 46 3 12
13 0 37 27
27 19 19 33
32 45 25 34
26 19 30 14
7 0 44 26
26 17 20 8
27 28 36 31
22 36 19 3
9 6 41 48
13 4 37 25
32 41 24 41
10 4 42 26
18 4 39 28
33 42 15 15
28 30 10 16
29 17 22 10
25 20 22 8
26 21 16 32
33 41 11 40
37 34 37 27
23 42 42 24
27 17 16 42
38 17 36 28
29 45 18 9
31 19 43 26
10 2 34 17
27 24 41 37
6 9 39 42
21 15 41 34
26 24 32 30
16 28 26 43
20 40 41 29
32 14 34 30
22 37 34 24
27 28 22 43
1 10 18 15
37 46 35 49
16 44 40 34
29 14 45 37
31 39 23 47
31 46 41 36
1 14 33 39
25 37 49 33
23 32 40 19
15 39 26 44
23 16 37 28
26 26 38 29
26 21 23 41
33 20 39 28
28 46 40 30
4 7 40 27
22 44 2 10
24 43 8 8
33 26 18 49
9 22 20 15
7 6 11 10
21 26 38 29
34 19 31 37
30 39 44 5
4 7 16 9
3 9 38 31
10 2 27 29
17 1 11 3
9 21 39 30
28 17 20 42
30 44 40 25
25 22 34 24
33 23 17 41
19 29 24 48
4 8 42 16
20 32 24 4
36 19 3 15
7 3 36 30
9 1 25 14
9 19 5 17
24 42 40 27
31 17 19 33
29 14 8 45
23 29 29 42
32 45 23 38
20 49 19 33
30 17 17 30
11 15 22 48
27 39 14 2
27 20 25 33
35 30 1 8
30 18 21 13
27 25 39 42
29 21 44 28
13 47 33 37
37 15 18 6
22 49 36 29
29 22 31 38
21 43 41 31
4 13 19 38
36 26 30 22
23 30 33 33
12 16 20 12
6 1 47 35
2 1 21 6
21 46 14 7
17 16 29 40
15 15 40 33
11 10 32 40
10 11 40 26
28 44 43 33
36 23 21 43
33 9 20 8
20 42 39 27
6 4 20 47
9 14 23 43
33 49 26 43
25 43 19 3
31 21 20 1
19 20 19 6
25 35 44 29
1 13 40 25
44 25 4 21
34 21 27 26
35 20 10 38
15 10 7 28
3 4 6 12
21 49 25 0
26 44 27 32
6 4 38 29
24 13 34 41
1 25 32 41
25 40 30 2
30 19 22 48
34 41 11 43
22 21 34 15
25 45 33 27
30 42 7 18
4 21 47 48
19 27 31 3
31 26 27 15
20 35 39 29
1 3 15 44
28 10 43 30
28 26 35 27
30 12 3 22
15 48 41 25
26 20 4 6
4 14 36 38
2 7 24 47
32 20 33 3
34 44 14 17
28 49 16 19
35 36 39 29
33 20 37 27
31 27 28 40
31 39 41 29
20 47 39 20
21 26 38 26
6 3 48 29
14 33 2 37
29 16 23 2
21 47 16 19
16 16 15 30
23 36 6 14
29 19 25 44
34 13 32 34
6 4 25 35
26 42 37 39
32 19 23 21
33 29 1 30
28 12 31 24
36 41 10 21
6 11 0 18
22 37 28 41
31 17 6 14
17 20 45 30
6 11 3 13
6 16 24 10
31 35 21 26
12 4 25 39
29 39 3 32
25 18 14 42
17 7 22 46
27 40 5 16
8 48 16 17
18 43 15 11
18 8 42 30
26 12 41 24
24 33 41 34
30 23 39 30
23 42 22 9
37 44 0 10
32 47 34 43
2 43 29 13
6 0 24 5
27 22 14 28
18 36 8 16
35 27 24 1
26 40 17 10
25 14 32 32
30 44 13 24
21 41 18 0
9 7 12 17
35 38 41 6
28 32 18 46
34 20 25 42
16 10 21 4
32 48 19 44
23 28 29 28
31 28 27 46
30 38 25 23
21 40 40 30
21 40 33 31
15 2 34 29
40 43 2 3
25 29 37 25
6 7 32 25
25 15 35 28
22 1 6 32
26 21 23 42
31 11 6 19
25 38 33 21
24 27 2 27
14 37 7 43
25 20 15 48
26 40 37 47
2 0 19 47
3 0 41 28
14 28 48 1
19 23 36 31
10 15 33 32
8 2 17 25
28 20 21 37
16 14 8 17
9 4 29 43
8 11 3 21
30 22 23 8
28 13 35 31
42 21 25 32
11 11 20 38
27 44 17 8
15 45 43 26
34 27 27 38
26 24 12 12
34 27 7 12
37 42 42 29
6 2 25 43
0 4 41 28
10 7 26 32
29 41 19 27
26 36 47 0
22 18 35 38
8 35 4 18
30 27 25 35
28 27 22 8
29 32 5 25
1 15 25 6
28 48 45 37
8 1 42 31
5 4 14 6
36 43 1 5
11 18 32 38
10 5 4 7
19 17 26 36
1 5 35 33
31 16 40 28
20 22 17 15
26 35 29 40
19 49 11 5
21 25 22 41
28 15 40 2
26 16 37 30
29 45 41 32
31 43 32 39
20 45 38 27
18 6 34 21
14 8 23 5
3 3 21 49
29 33 22 10
26 17 39 24
24 16 14 10
27 15 34 29
9 10 38 30
1 29 14 6
25 8 18 39
22 43 43 20
0 1 45 38
25 43 0 11
33 38 45 33
21 6 38 30
32 20 40 25
41 42 20 43
27 23 27 33
0 26 19 42
18 7 7 16
22 43 36 29
5 3 39 20
28 17 38 28
8 8 23 41
25 19 41 30
28 49 35 25
30 46 49 44
5 6 21 17
29 11 15 2
11 7 30 12
3 1 37 32
28 19 22 22
12 2 45 29
29 45 41 26
27 38 28 4
33 28 30 23
20 42 47 26
1 7 36 27
24 21 23 10
3 9 17 42
26 17 43 47
28 17 40 9
25 2 9 11
15 0 36 31
28 15 41 32
25 31 8 14
10 9 36 6
34 22 24 13
24 21 15 30
11 11 16 35
16 17 23 32
21 36 18 16
12 17 22 4
32 34 14 7
25 37 20 42
7 2 23 4
29 19 25 17
6 5 46 46
21 44 40 29
36 46 42 8
24 13 29 41
28 13 23 46
3 7 24 7
13 19 27 14
32 21 36 42
32 20 17 39
37 48 19 12
24 33 22 18
10 31 11 7
4 2 16 39
35 15 37 24
29 19 10 15
35 10 12 24
27 49 36 40
28 17 11 20
19 20 28 37
12 46 30 0
3 3 36 24
28 48 8 14
28 17 20 32
24 48 33 15
25 45 17 48
24 16 25 3
13 40 40 12
1 15 18 34
7 7 12 23
12 5 42 25
28 13 41 45
14 39 43 27
25 41 45 17
11 14 37 24
28 18 35 29
21 14 49 15
3 1 20 8
28 18 16 27
9 3 36 29
16 45 11 9
8 7 15 8
1 5 20 42
24 16 36 30
36 40 38 27
22 17 23 13
20 33 17 39
3 11 45 29
8 23 35 30
9 0 9 30
18 8 25 41
39 20 7 36
32 45 3 16
14 5 19 43
27 16 33 39
27 22 35 27
25 22 20 42
30 3 26 16
7 11 18 40
28 22 21 42
30 17 36 37
26 28 22 15
25 30 21 45
30 20 21 5
16 23 3 36
11 4 25 7
27 19 32 35
40 30 7 18
29 41 11 8
23 47 24 32
28 34 38 22
29 39 16 41
30 19 22 39
21 23 37 32
15 37 4 29
35 24 7 21
18 14 43 28
33 45 30 24
0 16 22 40
37 14 26 1
25 31 35 29
22 41 39 24
23 45 2 21
30 23 20 47
27 24 27 43
14 5 19 46
38 40 43 27
23 21 40 28
30 24 39 28
31 20 31 40
22 6 14 20
3 0 38 26
34 23 40 31
18 44 10 37
23 44 3 10
29 18 43 35
4 6 38 4
9 11 8 27
34 38 22 46
23 19 30 21
41 45 41 28
34 42 30 44
31 24 23 32
23 19 5 13
3 9 2 23
1 7 43 28
2 7 32 32
0 7 14 46
5 12 38 32
11 3 37 38
26 17 21 8
28 18 39 27
20 17 13 12
23 29 26 10
24 13 37 28
36 28 6 18
21 17 26 41
1 12 37 33
29 46 26 43
24 37 24 7
36 20 46 30
9 0 27 43
2 20 35 28
30 49 29 44
26 41 35 25
19 22 23 3
17 40 39 29
28 18 20 10
30 27 37 27
30 40 22 46
25 48 30 1
31 14 23 40
25 9 13 35
19 42 24 35
25 45 40 33
27 44 40 30
31 42 5 35
12 5 25 43
21 22 17 13
31 23 33 3
26 39 38 23
35 23 12 14
18 14 39 28
29 47 22 6
8 5 40 28
9 10 30 41
33 19 21 13
30 35 38 35
33 46 35 40
14 16 18 36
31 23 29 42
25 44 40 29
35 46 47 14
11 1 29 48
30 41 42 26
41 39 43 42
31 17 40 32
26 39 14 12
28 18 36 20
26 20 37 45
14 46 22 21
17 47 38 28
28 16 19 11
8 10 20 13
36 19 18 27
38 34 21 29
26 33 21 44
16 46 10 42
27 46 45 2
40 16 41 31
25 33 43 14
1 10 9 11
16 26 33 24
27 40 47 48
30 38 27 24
6 27 28 15
7 25 47 24
27 48 2 40
34 19 40 26
5 19 21 18
30 42 37 30
31 14 3 22
4 22 43 16
14 45 4 16
29 22 11 10
23 46 24 8
39 25 17 15
2 4 40 27
7 14 28 39
0 9 5 11
15 46 41 29
24 15 3 13
31 19 35 28
11 39 38 30
30 46 30 28
34 45 19 37
25 23 22 44
38 37 12 23
34 39 37 30
34 22 37 36
28 48 22 41
27 43 38 27
18 11 24 45
35 11 33 41
15 7 26 10
6 1 38 26
26 17 41 33
12 30 34 1
26 44 21 3
28 15 39 32
40 49 38 25
32 44 28 9
4 13 38 5
3 1 36 24
45 35 42 28
28 27 25 4
24 41 11 39
10 8 37 41
29 23 15 6
22 47 42 23
29 39 14 37
8 47 21 0
14 49 4 36
32 17 40 24
33 39 35 29
16 25 34 45
18 29 39 27
34 47 16 7
28 17 30 37
23 11 29 4
13 42 31 32
28 19 19 3
0 13 46 44
26 39 29 34
15 5 9 31
10 47 39 37
25 37 16 38
24 37 23 30
16 21 38 29
17 33 40 24
23 45 35 39
22 15 38 29
10 4 21 38
19 47 37 42
32 46 29 39
26 21 30 6
29 48 4 10
36 23 39 30
37 16 14 18
13 15 38 14
43 42 27 40
28 23 23 40
35 22 41 29
7 13 21 11
21 48 43 27
18 48 42 29
20 46 37 21
13 28 41 28
23 27 33 39
28 45 13 19
39 41 44 27
15 31 24 46
33 19 36 26
35 38 33 42
37 38 11 38
30 19 46 39
37 29 38 22
36 45 40 32
15 49 36 27
16 42 22 9
0 5 36 30
14 13 39 28
7 13 36 31
35 24 36 49
28 47 35 41
3 5 49 48
41 14 32 32
29 24 43 26
17 10 25 37
30 45 38 31
1 3 24 36
1 6 21 16
10 10 42 12
4 16 2 28
10 0 30 18
21 42 26 27
27 19 38 28
8 2 45 27
27 40 40 13
26 44 35 16
31 32 43 47
39 48 26 47
37 25 26 33
12 18 33 38
21 49 14 25
21 36 24 2
12 49 21 43
31 38 21 47
43 47 33 34
34 20 17 10
22 12 42 40
31 45 39 33
1 19 44 17
15 44 39 17
18 14 41 26
31 15 29 3
26 47 44 28
3 34 20 24
20 42 41 24
27 34 24 26
24 19 40 32
18 23 34 27
25 15 31 44
20 21 26 46
30 38 4 8
28 21 46 29
24 23 14 41
29 16 43 1
26 4 22 3
27 27 32 26
25 23 22 1
34 21 20 48
22 20 43 34
26 23 19 46
27 29 44 13
10 11 1 19
4 8 21 21
29 41 32 13
24 23 21 2
19 19 29 35
2 3 23 10
34 21 30 12
24 15 33 22
27 14 22 13
24 33 44 30
18 22 22 44
4 7 32 33
30 18 22 9
24 46 35 29
14 27 20 6
30 23 38 30
29 25 40 38
45 34 29 44
28 10 45 35
28 22 28 13
3 1 41 30
3 2 33 47
33 39 39 30
27 9 23 36
28 24 2 9
21 43 18 3
17 36 40 31
33 18 40 32
25 43 38 26
24 15 33 29
24 48 18 3
27 28 49 36
25 21 29 3
33 48 29 43
29 47 39 27
36 44 22 45
6 9 24 47
5 15 19 25
11 9 37 41
5 25 38 27
27 17 26 38
27 49 24 34
22 42 5 49
34 15 1 16
3 2 24 17
34 20 23 13
7 21 25 11
11 15 42 3
5 8 31 47
26 44 16 41
28 42 38 29
35 19 28 14
22 42 32 22
23 32 18 45
3 8 41 26
7 5 36 36
21 36 48 9
32 28 18 6
10 20 34 14
6 14 14 11
9 8 17 15
31 45 31 30
25 17 27 8
35 44 26 8
1 9 47 7
15 4 48 25
19 2 20 6
38 15 42 24
24 24 6 10
16 38 27 11
29 45 42 28
17 47 29 5
6 3 39 34
0 0 24 17
4 6 20 18
35 42 43 18
20 23 14 2
33 34 4 17
8 9 33 29
30 18 42 31
34 41 28 43
30 34 42 29
6 12 32 8
6 11 12 3
27 15 36 18
3 6 13 3
5 6 0 9
30 36 19 40
29 18 38 28
36 22 8 27
7 26 37 27
21 35 8 1
7 11 24 31
12 46 26 47
28 17 11 12
4 6 15 18
30 14 12 3
1 17 35 44
19 24 24 14
10 12 44 49
23 38 23 47
32 30 9 4
26 44 33 9
23 32 36 25
18 25 39 21
27 17 21 40
28 36 2 19
1 12 21 33
12 14 35 22
29 44 13 46
22 36 20 12
28 14 46 19
17 33 40 27
11 45 23 48
28 16 44 35
30 40 37 30
13 0 28 41
26 24 21 41
0 11 40 31
34 21 0 26
18 35 37 31
36 23 40 40
33 23 37 26
27 44 30 21
27 46 15 46
10 14 25 42
28 37 12 31
2 14 36 43
30 24 34 39
35 38 28 40
27 33 36 30
24 38 23 44
29 20 29 49
3 17 2 22
5 16 18 25
4 0 25 3
25 17 9 2
35 14 47 29
19 44 23 41
27 22 37 30
21 41 40 34
19 45 25 9
19 26 33 39
29 14 37 7
16 40 37 39
20 9 33 30
26 36 42 16
1 9 45 28
32 38 43 19
24 40 28 41
1 4 40 26
39 49 41 40
25 37 8 15
35 36 10 14
29 17 28 40
15 39 32 19
33 26 45 19
15 40 22 35
27 44 12 12
24 43 25 36
6 7 32 0
30 30 39 29
28 24 39 26
14 9 36 42
30 18 22 42
23 23 34 22
17 46 0 34
32 25 37 38
17 26 12 27
31 16 20 39
24 40 20 38
2 3 19 23
14 48 26 5
18 38 39 30
24 21 4 11
24 35 4 15
19 14 30 20
21 36 35 30
4 16 38 25
45 22 31 44
22 20 13 25
35 21 40 27
27 21 40 25
20 49 42 30
20 23 21 44
22 25 27 34
34 42 33 21
27 23 35 29
30 41 1 28
23 49 40 30
20 22 8 36
36 20 21 45
30 9 43 30
38 44 36 32
4 5 25 30
39 43 27 46
28 23 25 3
29 36 2 7
8 0 40 27
24 20 13 47
33 13 27 22
26 17 28 40
24 33 20 3
27 30 15 0
7 6 23 10
28 16 42 29
26 46 0 49
27 47 37 31
24 16 27 21
10 1 36 8
18 49 24 41
31 48 19 41
21 46 7 20
5 37 42 28
29 46 23 7
1 3 24 8
32 15 38 47
32 16 18 11
29 45 33 21
2 16 8 18
31 16 15 21
2 7 12 37
9 10 0 9
27 12 39 27
27 25 38 42
27 30 43 24
27 29 42 29
23 34 19 0
21 14 38 31
29 20 14 13
32 35 14 48
11 44 28 48
10 12 37 33
32 47 40 27
3 8 10 15
28 24 8 22
12 5 22 8
0 2 22 39
0 21 8 17
26 35 12 15
33 37 23 31
16 18 37 29
31 23 24 13
32 36 32 11
19 47 20 7
36 15 15 30
10 10 19 39
29 44 26 41
27 12 26 46
29 25 41 30
29 27 22 34
24 19 14 46
26 31 29 44
10 1 40 27
35 33 20 36
4 6 30 18
40 17 37 34
29 41 20 17
25 32 25 15
21 8 38 27
5 8 20 44
34 18 39 27
2 1 25 39
13 46 45 2
5 7 41 27
12 5 24 0
28 49 24 25
30 13 14 9
28 18 33 47
23 29 44 10
9 27 12 21
29 17 31 34
10 33 49 20
6 23 26 5
41 45 39 32
25 44 39 23
0 13 22 42
23 41 9 22
28 15 17 15
33 12 1 7
4 9 19 40
15 0 35 17
8 7 16 28
20 46 38 28
0 26 45 16
28 22 20 0
7 16 29 32
20 29 41 15
22 26 26 16
27 9 43 29
22 47 19 14
29 43 25 14
24 13 26 26
16 21 11 5
41 24 36 31
21 19 14 22
8 5 40 13
21 44 6 9
5 7 36 30
5 15 21 15
18 25 8 15
3 2 32 42
1 22 44 9
22 45 18 44
13 21 26 23
31 39 17 32
28 44 16 9
25 11 29 39
22 19 39 26
1 1 41 30
20 45 1 21
5 1 17 1
35 48 39 25
29 32 26 40
18 47 25 27
34 49 16 41
21 46 17 40
16 41 39 9
28 16 14 31
40 45 31 39
18 18 24 26
21 35 40 24
16 43 17 27
2 6 43 41
37 42 9 13
35 45 42 19
26 32 27 11
0 16 37 25
22 14 39 26
0 15 2 42
22 47 23 11
24 42 18 45
27 21 20 49
36 20 25 21
26 47 0 20
33 13 27 38
2 2 21 46
8 19 18 23
33 38 18 9
41 49 27 25
26 41 41 31
28 33 29 37
25 23 32 42
37 47 10 8
23 23 34 31
5 23 24 14
14 14 17 4
23 45 33 38
32 22 29 45
23 22 26 7
0 22 39 44
29 46 22 41
39 47 24 43
32 24 27 4
32 16 17 6
22 48 0 13
27 44 39 29
26 16 31 7
29 21 16 21
4 6 38 26
35 38 29 46
31 48 31 39
14 17 37 41
36 14 9 24
10 29 32 31
29 49 38 32
32 20 16 8
34 16 7 22
22 43 13 49
25 48 12 20
5 14 20 42
26 42 27 13
30 18 39 33
12 3 29 9
39 16 48 16
16 8 22 37
25 19 35 30
24 46 32 30
20 1 19 41
28 14 26 46
8 29 15 5
1 2 15 35
8 9 10 21
25 34 19 1
29 16 27 2
25 25 22 4
20 44 45 32
26 21 37 28
7 12 28 18
18 42 44 49
14 48 28 32
27 49 23 43
3 4 3 9
17 11 21 48
10 17 22 4
4 9 33 28
25 13 41 35
25 29 20 2
24 18 24 39
31 20 19 9
28 38 23 17
36 15 23 47
21 13 39 0
25 42 39 28
28 21 35 42
1 1 1 30
29 26 22 8
29 21 19 15
27 13 47 6
16 21 19 44
34 23 43 33
32 49 32 20
39 33 35 30
8 16 25 45
28 42 3 8
37 26 19 8
19 21 2 30
29 28 25 8
21 23 32 20
41 24 30 11
30 49 20 8
20 11 28 41
31 16 20 21
29 20 20 43
4 1 22 19
31 43 40 27
16 46 21 9
29 42 39 26
16 48 35 27
28 29 33 48
22 17 20 46
35 17 48 7
36 11 42 24
32 16 44 44
26 44 21 40
29 25 37 28
8 2 20 0
24 19 31 38
22 37 2 40
26 42 23 34
26 21 0 6
29 8 37 37
26 44 19 18
30 40 24 10
10 35 41 24
32 18 21 15
10 42 43 34
30 16 25 41
26 23 19 41
22 48 37 11
12 11 21 3
24 49 33 32
18 43 25 14
6 9 20 43
25 48 27 37
31 21 25 0
24 23 38 29
23 49 36 33
4 4 17 19
26 46 25 7
29 42 15 30
15 47 40 28
29 28 34 22
1 29 19 42
10 3 31 19
25 27 22 17
22 12 37 17
21 42 36 24
12 13 18 8
24 47 35 40
19 19 0 22
11 44 45 13
20 48 42 30
20 43 35 29
28 17 39 28
18 45 10 6
30 18 40 30
12 11 27 29
31 26 45 29
1 11 43 26
26 27 31 31
12 40 27 39
23 45 17 6
24 13 23 30
29 25 26 9
5 16 40 31
25 25 16 10
32 16 25 0
35 46 38 25
35 44 19 3
5 17 40 28
14 44 30 37
31 37 22 7
25 43 38 25
27 24 28 42
18 35 20 4
9 8 35 32
26 20 43 32
21 20 42 27
8 9 20 7
25 47 17 42
38 48 6 11
31 42 12 20
6 8 0 32
10 8 35 23
30 36 41 31
37 36 12 18
31 17 1 25
32 11 38 35
16 23 28 11
18 36 37 42
31 42 38 41
21 48 41 20
34 47 30 26
25 38 42 29
33 15 45 38
25 22 23 37
23 49 37 8
25 12 45 27
26 24 12 40
22 45 26 32
16 40 0 29
5 8 41 30
32 24 37 30
8 22 13 17
32 42 11 2
14 33 3 23
35 17 40 25
27 17 43 42
8 1 34 36
38 44 7 38
27 41 43 36
28 17 20 46
34 44 3 4
21 40 13 15
28 16 12 21
22 12 25 37
26 33 30 40
29 15 9 21
4 12 20 32
22 24 28 1
28 45 4 10
14 48 44 34
34 28 25 1
3 11 21 47
25 15 5 24
28 17 26 11
24 42 38 25
24 23 35 30
8 2 41 33
33 45 1 19
28 15 42 36
3 33 35 29
27 20 31 10
32 45 12 5
26 22 41 30
0 19 37 32
26 36 23 26
8 1 13 36
32 39 37 32
31 12 6 10
25 48 18 46
27 21 33 24
31 16 35 27
25 38 40 31
7 5 41 28
12 5 39 25
22 11 26 40
6 23 41 0
36 46 40 43
26 36 22 12
25 43 26 48
1 0 30 38
38 26 21 10
20 40 33 29
2 9 12 12
32 11 39 30
20 40 39 27
27 21 29 28
24 19 42 38
15 35 6 19
4 5 28 17
11 28 38 29
22 5 43 20
28 17 16 43
11 45 19 43
15 4 20 15
28 21 31 14
34 13 41 26
4 1 42 48
2 0 41 38
20 8 19 2
2 8 19 46
0 7 34 34
22 27 39 44
15 21 37 36
2 9 43 25
26 47 21 9
32 37 2 30
5 8 15 23
17 11 15 3
12 0 24 44
26 30 4 36
25 25 43 30
5 10 21 35
22 45 39 31
31 46 29 26
27 20 16 22
3 2 0 17
31 44 41 31
20 20 18 49
18 6 25 14
25 24 10 29
31 38 12 24
6 1 18 7
38 39 15 37
19 38 12 30
23 19 32 39
24 18 41 25
24 17 26 45
26 34 28 31
3 9 32 39
29 47 44 41
26 45 37 28
24 18 38 33
29 27 27 9
13 35 35 12
4 6 21 45
20 39 35 34
36 46 3 28
5 6 22 2
23 48 10 12
28 46 40 24
11 34 41 9
21 15 38 32
27 48 14 40
34 36 39 28
19 36 24 31
34 36 4 7
29 23 45 49
16 16 44 28
5 2 33 39
31 44 27 41
25 40 43 34
17 37 6 10
18 37 22 46
25 39 20 40
28 14 37 29
8 44 40 25
27 47 35 27
27 27 37 27
27 32 15 23
26 40 16 8
29 16 46 25
30 19 49 49
21 29 26 40
26 25 33 25
39 40 23 38
15 30 39 36
32 18 39 41
19 38 19 26
12 11 21 18
17 12 39 28
27 45 45 37
28 24 11 23
10 42 21 8
22 40 43 27
3 14 37 30
24 19 8 13
38 29 30 44
21 41 30 22
4 17 18 49
1 0 34 28
29 41 24 45
26 31 19 19
23 30 18 4
38 24 40 28
21 15 28 18
32 3 31 16
0 2 23 10
29 25 8 38
28 20 21 7
25 45 41 26
32 19 31 40
27 30 33 32
28 15 34 27
24 46 5 36
36 47 17 11
21 49 35 39
1 2 36 23
27 16 26 39
27 14 33 40
25 21 16 39
25 49 36 28
2 0 24 47
26 14 38 27
24 35 26 17
23 9 34 25
28 27 20 40
23 37 34 26
1 11 33 25
21 44 47 7
28 49 41 28
25 48 18 39
21 21 26 7
33 22 38 26
35 40 11 25
35 21 25 45
21 0 31 47
35 33 15 10
15 20 14 9
28 42 0 6
14 22 22 38
25 49 31 48
5 5 25 14
26 24 39 4
27 44 4 23
25 49 36 29
26 43 25 3
32 16 36 35
20 46 23 43
24 22 20 13
22 44 34 33
44 46 43 23
33 46 45 38
29 39 23 39
31 37 42 26
21 24 31 23
29 13 34 36
26 26 24 42
15 9 42 18
8 15 41 42
21 26 24 45
35 45 28 33
18 37 29 12
5 17 38 27
26 35 11 40
27 35 12 9
22 33 20 6
27 46 22 18
22 19 45 18
24 44 40 31
32 26 35 32
3 4 6 13
31 45 3 9
29 12 39 17
5 14 40 31
32 43 0 20
20 30 30 38
23 17 7 21
25 49 37 46
36 22 40 32
21 19 21 3
25 38 18 21
26 47 45 41
23 23 42 25
21 39 23 42
11 6 24 13
32 45 12 19
23 14 24 42
22 40 13 48
3 1 39 35
17 19 44 22
