50 1525 15867 800
19 36 38 7
3 25 32 2
35 16 13 17
31 14 48 7
39 7 26 28
29 7 45 9
1 2 6 20
1 24 43 39
23 43 14 16
44 17 16 14
3 29 1 7
42 35 9 5
37 16 13 26
7 29 28 16
40 7 28 20
40 5 15 17
42 16 11 43
4 40 14 13
24 31 9 33
39 12 36 2
10 23 41 42
47 19 26 35
28 8 27 28
47 40 14 38
34 14 13 2
8 4 31 1
26 31 37 47
45 11 17 18
13 25 30 19
31 5 1 7
18 35 12 30
45 26 13 43
21 18 6 37
41 2 16 8
12 44 44 45
4 35 6 1
4 28 37 9
13 5 8 31
9 28 31 16
1 45 8 14
46 42 12 40
0 27 3 9
42 28 2 14
9 39 4 11
23 39 30 39
3 37 44 44
43 12 5 11
15 8 28 27
24 40 11 16
24 30 14 36
42 18 7 25
45 37 36 43
42 2 17 4
38 16 39 28
1 24 22 16
9 35 23 32
21 38 17 35
27 37 29 15
1 22 31 15
37 8 17 9
41 17 37 3
38 14 4 29
7 46 9 14
12 21 33 39
1 18 7 0
12 42 7 18
0 26 28 21
16 12 32 8
34 3 12 3
40 21 45 45
10 37 32 6
7 16 29 38
37 17 12 22
33 28 30 20
41 9 28 36
5 15 28 24
20 37 3 17
22 33 39 47
15 20 9 48
28 29 3 10
7 13 15 10
44 7 46 13
21 37 0 9
45 15 7 8
4 25 1 15
1 19 10 11
2 22 9 34
23 28 21 42
39 6 35 7
17 2 26 12
29 36 36 40
31 29 47 7
1 38 2 25
11 16 9 11
25 36 32 3
24 9 13 6
34 7 15 9
26 34 0 26
11 0 34 27
5 24 37 14
4 49 43 43
6 8 5 15
23 39 29 17
16 4 41 3
13 32 32 11
35 17 43 43
41 12 18 20
32 36 14 8
30 20 24 15
31 9 35 31
4 13 44 37
44 10 19 9
5 15 44 9
24 32 14 13
43 26 28 40
40 12 36 19
39 33 10 4
41 17 31 32
33 20 12 1
13 42 20 32
41 7 23 13
19 38 25 33
19 25 36 12
11 27 14 13
26 21 33 36
2 18 40 7
44 31 1 38
15 41 1 2
21 37 23 15
39 17 0 31
24 39 3 19
26 1 9 23
23 33 29 10
33 25 26 28
8 37 13 0
46 16 37 40
19 48 30 29
3 7 35 44
3 11 0 4
22 29 34 42
34 20 27 31
32 2 25 34
37 14 9 41
14 8 15 2
19 33 40 9
19 32 24 5
23 33 36 2
17 37 36 27
33 8 28 30
12 27 19 6
35 13 5 11
47 19 25 9
6 14 34 3
37 28 11 45
35 6 23 45
42 27 9 16
1 2 34 33
34 30 29 13
39 18 18 1
39 15 31 29
38 18 34 49
9 27 31 25
15 43 28 12
25 32 4 8
15 38 2 22
35 4 30 5
20 10 36 27
45 17 37 4
9 26 11 9
43 36 6 1
29 11 25 29
18 22 28 7
42 10 36 5
16 46 38 27
35 32 35 11
2 15 34 10
43 10 8 45
1 21 26 23
4 42 41 8
40 12 5 25
10 33 10 8
1 17 14 20
48 14 19 5
38 18 37 32
32 16 36 29
5 13 42 7
4 8 28 6
25 24 15 11
11 35 10 21
13 11 37 13
2 25 48 0
40 10 6 12
1 43 25 34
5 16 12 4
10 3 33 34
4 16 12 14
21 36 24 33
4 17 35 3
1 20 44 7
42 13 22 4
37 17 36 3
9 45 37 6
32 6 12 31
3 41 12 0
21 38 32 14
40 10 46 29
31 21 12 21
14 13 31 42
23 17 42 13
17 32 28 23
5 41 16 30
14 34 13 21
32 1 9 4
49 14 12 9
42 16 19 22
12 5 9 45
5 41 9 1
40 28 44 40
26 34 26 14
35 29 27 28
2 11 37 1
42 13 14 14
26 31 41 30
18 13 16 29
28 32 8 13
42 10 24 16
16 15 7 23
27 25 16 35
34 6 32 37
22 44 45 4
24 37 32 36
35 1 30 18
25 40 12 10
31 34 22 33
10 44 25 8
6 5 21 21
15 19 32 36
31 22 4 5
30 20 1 37
41 21 37 37
26 5 37 28
44 15 6 2
24 30 27 38
15 25 26 16
1 9 34 12
16 23 11 25
5 14 31 13
44 18 33 15
4 20 15 17
19 16 31 38
21 37 8 19
35 15 26 8
3 20 29 25
27 37 42 4
31 30 46 49
1 15 18 3
35 4 13 0
26 8 26 33
25 33 36 38
38 15 18 40
38 12 19 30
29 4 35 2
5 22 6 14
38 21 26 21
17 23 18 5
42 29 37 45
9 28 27 36
40 20 29 37
32 14 23 39
35 42 6 14
43 13 43 4
22 36 46 43
36 5 15 47
27 35 24 16
41 19 7 13
37 9 49 2
25 34 24 2
39 5 29 29
13 20 23 44
38 2 32 28
2 7 31 22
40 17 30 17
8 27 39 13
11 27 29 3
39 27 1 48
24 32 21 21
30 38 28 2
32 22 37 11
37 17 27 13
15 20 48 8
31 28 13 18
21 41 5 27
36 21 12 2
15 17 28 26
12 5 33 21
35 15 14 44
42 12 41 34
23 39 26 28
21 35 26 33
25 4 29 24
25 37 30 10
39 18 36 41
39 12 1 4
40 8 8 33
29 30 23 21
38 2 31 40
22 32 15 39
35 18 6 9
49 15 36 27
4 7 36 9
9 27 15 8
8 22 38 15
25 35 39 16
31 12 10 36
4 6 28 16
19 23 33 25
8 23 0 29
45 13 26 26
34 12 36 4
14 31 44 7
36 0 9 11
40 27 25 35
23 44 13 37
40 42 0 7
5 27 4 22
9 47 5 24
5 7 20 7
13 47 18 28
43 9 29 26
39 15 31 25
12 26 7 40
42 17 10 12
6 6 28 36
41 17 30 17
42 13 44 30
26 30 11 47
5 37 38 16
40 27 37 15
28 5 29 34
40 23 30 0
23 31 38 49
32 15 20 42
41 6 30 21
41 21 26 20
21 36 27 16
22 36 39 7
12 12 23 3
36 3 28 33
43 13 30 9
6 21 1 9
45 19 23 8
31 10 5 10
17 33 10 2
27 9 47 36
11 11 23 8
41 7 13 16
11 44 21 8
5 19 30 4
31 6 10 4
8 39 22 20
8 17 27 43
15 24 14 18
23 37 28 2
23 19 31 38
24 40 31 22
43 14 32 33
25 43 35 5
2 33 9 12
32 3 32 21
42 24 37 30
30 39 13 17
31 1 21 38
22 35 30 4
40 14 24 46
37 8 28 13
7 37 11 8
4 19 33 22
42 6 37 13
24 35 31 29
39 26 26 31
8 12 30 39
26 34 15 6
38 18 30 13
6 45 36 16
6 43 30 25
39 5 35 6
1 12 41 35
37 12 0 47
34 18 32 31
36 3 15 2
40 21 6 48
0 32 45 32
2 15 23 38
40 17 44 3
16 33 37 34
11 46 25 38
34 12 47 8
28 1 35 11
8 42 11 21
39 13 19 15
46 11 4 19
28 38 3 12
8 35 9 30
11 5 31 7
11 38 35 36
39 38 25 20
43 13 31 28
42 7 13 3
3 39 18 17
17 38 36 48
42 18 15 17
31 0 14 9
19 41 17 37
37 13 24 9
20 37 19 43
24 32 34 11
25 4 35 29
19 33 5 11
25 27 32 8
36 3 8 7
12 14 7 35
29 30 10 35
0 46 32 35
25 42 12 7
20 20 12 10
27 40 22 8
5 30 44 32
43 13 2 25
28 32 15 39
20 34 41 45
8 30 14 8
1 27 22 41
18 35 14 20
9 47 24 2
43 13 27 3
14 45 24 9
15 12 6 37
34 13 15 29
31 4 42 40
48 20 4 34
36 7 32 28
35 14 36 2
7 34 28 9
2 45 34 31
20 34 33 31
7 3 30 32
25 31 11 4
22 35 7 11
6 12 40 19
28 7 17 37
38 16 31 8
34 8 39 33
12 30 13 9
43 19 13 38
27 43 38 1
31 16 21 22
14 28 40 0
0 47 26 38
32 26 37 21
7 21 22 0
39 10 16 11
29 17 16 10
22 38 34 26
6 31 16 40
40 14 31 1
13 25 1 8
6 40 5 46
25 41 20 48
38 26 30 27
45 27 10 11
1 14 34 14
43 13 29 30
12 10 2 13
46 37 28 35
41 15 23 9
35 2 13 43
41 11 22 27
9 46 23 33
12 46 37 29
34 13 31 33
30 33 16 42
21 31 9 40
33 4 24 5
9 39 10 11
49 5 38 43
47 19 26 25
2 19 8 44
11 18 44 14
25 36 16 36
24 34 12 4
7 18 28 43
19 32 21 10
30 29 34 34
6 36 38 24
17 35 27 19
0 37 12 8
2 11 38 40
27 32 10 19
8 22 7 26
14 1 29 34
7 44 30 7
23 0 6 10
2 19 3 23
3 28 17 48
41 11 42 5
43 27 12 24
39 10 14 9
27 32 37 21
41 16 48 12
23 7 35 30
24 38 29 32
37 11 18 19
22 42 31 37
44 24 45 45
24 32 8 14
19 38 22 32
6 13 19 0
47 41 20 22
36 12 9 10
36 16 18 36
4 13 38 37
1 14 11 25
16 48 34 40
25 19 15 48
25 30 14 11
33 43 31 28
11 18 21 10
48 20 41 44
39 10 7 11
8 13 39 48
15 30 3 1
7 1 35 31
39 17 32 34
1 29 6 30
31 14 9 29
35 14 37 32
10 20 30 35
32 29 34 35
30 6 23 31
21 36 12 6
6 30 39 48
9 37 6 22
7 30 20 14
9 47 10 32
48 43 43 22
6 17 17 33
39 10 24 35
40 11 28 49
23 27 8 42
8 14 9 10
5 24 20 40
22 19 32 7
38 20 24 36
26 39 45 0
14 49 26 23
11 15 12 26
38 12 21 46
37 19 18 29
40 41 27 43
30 0 24 25
42 14 7 42
45 41 20 23
5 40 1 22
41 29 1 8
44 13 27 11
49 12 40 4
31 12 3 40
24 34 4 19
4 39 41 33
16 41 18 23
6 24 26 1
43 27 39 45
14 11 41 40
12 15 27 40
8 29 36 33
30 2 31 34
7 15 26 39
4 34 28 41
19 32 47 2
43 2 0 2
8 39 8 4
31 7 39 5
1 41 12 9
1 28 5 19
34 12 28 42
28 36 27 1
0 23 15 4
6 18 33 14
4 19 12 8
26 0 30 21
1 49 37 45
37 3 34 34
40 18 27 35
17 38 30 15
7 46 34 7
34 0 38 15
30 9 13 12
41 10 36 41
37 16 41 20
26 38 32 11
41 12 16 42
26 32 18 13
10 24 4 5
48 36 14 47
23 33 16 13
26 5 20 32
34 9 15 10
42 19 25 6
42 11 2 14
36 8 17 34
16 16 8 20
42 13 19 34
32 40 31 6
12 12 28 15
42 25 45 23
40 20 1 13
48 13 15 42
43 7 40 22
15 23 23 36
30 3 30 29
43 11 39 21
16 41 17 11
8 35 5 3
13 15 26 40
48 8 11 26
33 14 14 11
33 23 5 23
0 22 10 8
4 2 23 14
22 41 1 21
11 20 17 37
41 6 12 10
21 7 31 17
33 17 24 5
11 24 36 13
20 40 29 25
25 40 27 27
3 23 38 28
22 14 49 39
20 28 37 34
25 10 8 10
41 8 9 10
1 17 28 27
29 5 42 17
26 7 3 10
7 32 14 8
36 16 21 48
9 25 7 20
43 9 16 40
3 44 22 25
34 12 46 30
48 24 27 35
30 41 28 29
15 20 11 36
19 0 4 32
26 43 12 21
34 13 21 9
39 4 21 16
7 17 32 15
18 43 15 17
6 20 7 7
35 10 29 19
29 36 22 25
12 39 26 39
2 12 27 31
2 6 40 45
32 5 16 39
44 10 9 8
39 17 41 41
38 2 42 11
43 29 25 11
38 18 35 12
13 34 45 21
15 48 29 4
0 15 23 3
13 23 18 43
26 3 25 7
23 29 11 1
0 10 28 9
40 42 0 31
22 23 25 38
19 21 25 19
9 12 34 40
12 11 48 41
22 35 37 7
24 6 27 39
28 12 35 33
12 44 16 38
13 36 44 44
40 15 36 20
2 15 42 5
29 43 9 38
25 16 26 11
5 11 11 26
22 38 27 13
12 24 36 5
11 11 19 37
2 27 28 47
28 17 15 18
33 8 24 28
1 4 25 8
33 30 34 2
40 8 4 23
22 35 28 4
7 24 15 22
47 32 39 2
26 28 22 10
35 22 6 40
3 13 12 3
40 24 29 8
37 6 19 27
49 31 5 19
26 33 27 38
38 10 17 23
8 29 38 42
22 42 25 1
42 6 36 6
8 45 35 43
49 14 12 14
0 18 12 41
44 16 31 24
35 35 19 43
10 32 25 7
4 20 42 7
0 34 1 6
25 0 18 8
33 14 9 38
31 17 9 13
45 40 14 19
12 14 23 11
33 7 22 39
39 9 13 46
42 13 22 37
26 38 1 37
18 44 12 37
5 19 23 30
4 13 25 34
26 15 31 37
0 31 38 15
36 21 15 16
44 18 28 22
2 6 28 3
11 24 39 38
14 36 30 16
24 32 46 29
3 47 11 17
13 31 30 40
45 17 20 10
14 17 16 0
1 7 33 24
46 34 8 2
46 16 24 20
41 27 34 42
37 8 14 9
21 37 44 0
14 16 14 1
8 15 4 19
22 34 31 26
3 2 37 5
17 31 34 32
7 46 7 10
34 10 19 42
1 7 31 18
2 48 10 26
9 46 18 40
35 16 29 18
38 10 12 44
14 30 20 6
42 5 32 1
43 27 30 48
34 10 0 6
2 35 43 43
22 1 44 49
15 17 44 39
31 34 12 15
31 36 14 8
0 16 33 43
6 12 32 41
46 23 8 0
44 6 5 23
0 9 27 12
6 44 44 1
43 13 37 2
26 47 43 11
26 40 6 21
3 24 13 36
44 15 2 23
14 48 13 37
6 23 38 21
39 14 37 11
30 32 24 18
37 17 31 3
25 36 11 12
40 28 19 22
9 42 17 15
11 25 30 25
12 16 31 45
28 39 48 35
25 35 8 44
8 0 44 4
39 43 38 34
7 19 28 0
23 14 29 41
14 16 7 38
28 46 25 35
36 18 30 5
34 7 24 15
44 19 20 4
10 34 35 45
12 18 33 40
42 16 4 28
17 11 17 41
6 19 36 12
28 35 32 14
18 40 31 29
28 30 17 26
38 2 33 30
10 33 33 36
9 36 22 14
14 26 17 14
22 47 31 44
4 36 5 6
42 10 23 19
48 19 30 34
41 11 32 32
15 10 8 1
14 27 30 31
45 25 36 34
16 20 42 38
8 48 33 3
13 18 44 43
0 3 45 38
40 18 5 44
22 33 28 3
47 14 25 34
23 36 24 17
41 7 31 26
7 18 1 17
1 23 11 14
5 36 11 2
21 42 25 37
12 28 26 33
20 20 37 0
39 17 24 2
36 10 6 39
12 28 32 32
34 6 37 34
12 13 42 42
37 15 37 3
10 37 48 28
10 5 34 3
36 10 22 32
12 3 22 18
26 22 43 18
40 32 9 1
12 12 8 40
40 11 44 43
3 43 10 9
26 12 29 36
32 27 5 36
21 20 7 48
40 5 31 45
13 8 46 8
10 26 30 30
16 38 10 13
37 10 6 28
17 30 29 0
33 14 31 32
0 36 1 15
30 2 33 42
24 39 18 1
34 22 18 17
39 10 13 14
28 6 33 20
17 45 39 28
8 23 33 26
21 33 32 17
5 20 9 24
25 29 12 48
41 15 36 44
30 27 36 22
42 19 11 38
40 14 47 17
22 16 20 25
37 1 18 5
8 0 31 32
0 7 6 5
20 40 22 26
43 7 32 26
41 15 39 1
0 22 38 25
19 40 5 40
28 32 18 10
45 9 36 34
23 33 22 8
14 38 26 3
24 40 33 36
12 44 39 5
26 4 20 35
35 41 8 39
3 47 7 37
2 36 23 5
24 7 10 11
4 29 21 12
24 9 5 3
24 13 25 24
39 16 1 32
46 15 21 41
7 41 37 1
42 10 34 32
11 47 14 14
28 41 32 22
21 43 14 17
47 13 44 3
10 38 23 9
35 16 12 14
8 42 3 49
11 43 40 24
29 3 8 5
43 11 32 30
21 42 35 22
26 45 27 31
2 26 12 47
42 8 31 28
44 20 12 16
23 37 39 4
12 8 26 47
23 40 31 29
11 40 11 5
38 19 42 47
21 38 30 0
16 38 33 32
9 16 34 9
18 22 10 35
21 37 28 38
35 3 33 22
27 35 33 29
4 34 10 10
29 27 40 4
13 33 40 11
47 8 15 28
35 39 30 21
41 18 15 38
2 15 21 26
30 41 29 35
25 38 8 40
26 34 2 1
19 36 36 23
2 26 29 5
41 9 2 25
42 12 43 0
42 46 25 36
26 33 15 9
18 12 6 0
40 5 17 20
40 32 38 39
19 45 32 21
42 11 14 26
18 22 33 31
31 46 32 23
7 29 48 42
19 41 4 5
12 5 45 9
43 7 34 41
0 29 10 9
26 44 37 0
8 29 16 30
35 8 3 9
21 35 3 18
4 25 17 10
21 39 27 23
26 4 16 19
13 5 29 5
7 18 25 43
4 24 4 16
41 15 47 10
47 24 24 22
28 9 8 16
0 41 25 5
30 3 40 24
47 35 5 7
36 6 29 19
32 8 18 42
23 34 36 4
45 7 21 3
0 46 25 28
44 15 10 10
23 44 25 21
26 38 36 7
0 41 3 13
6 9 16 12
28 0 12 21
25 35 29 44
33 31 41 12
8 39 22 30
1 31 3 3
22 15 37 22
48 14 34 2
7 21 27 16
28 31 35 2
34 11 49 22
40 10 45 1
33 10 12 12
16 36 23 28
44 12 29 30
5 40 40 14
45 20 38 1
43 10 39 28
39 9 26 0
33 12 9 4
8 16 33 4
25 35 16 8
6 25 0 36
38 16 6 29
16 36 35 35
4 29 39 7
40 14 35 30
42 10 1 12
18 25 7 7
39 11 8 11
22 23 40 36
8 13 8 6
46 39 4 9
46 12 32 12
8 8 28 2
21 42 25 43
11 15 15 12
32 40 24 47
42 23 12 7
24 37 31 9
42 6 30 4
25 33 20 5
33 3 15 29
42 15 35 42
36 12 44 44
0 18 18 22
1 47 9 1
34 10 30 22
46 13 27 6
3 28 42 14
26 33 34 39
41 5 19 15
23 41 16 14
5 43 25 10
42 6 9 39
42 12 10 30
47 11 26 5
29 39 34 0
20 39 18 10
42 17 4 40
48 9 20 19
8 7 32 32
12 43 27 19
12 10 34 8
19 12 42 49
17 17 30 39
44 32 38 12
32 26 41 48
3 39 38 5
35 15 35 25
22 30 48 41
2 37 7 28
39 13 23 29
17 36 20 20
1 47 29 31
44 10 47 48
42 12 18 9
29 36 28 19
6 34 34 37
29 38 8 35
26 38 21 22
19 45 6 27
32 12 33 5
37 11 29 3
22 1 14 9
40 27 40 9
18 43 23 4
42 9 36 18
43 22 17 46
27 43 24 24
0 19 40 6
11 49 25 34
37 16 9 5
12 43 49 3
36 11 35 38
4 46 11 36
37 18 20 12
16 13 41 8
41 12 31 12
39 2 44 4
29 12 7 13
16 5 28 47
7 44 23 3
10 7 13 1
45 7 43 3
41 11 30 2
5 37 15 9
31 15 4 6
46 8 27 22
1 0 22 5
9 16 22 37
43 19 24 45
34 8 31 36
41 14 37 21
8 21 39 8
21 32 26 12
31 11 18 2
49 21 14 8
41 14 29 44
40 14 16 8
32 3 19 12
24 16 44 4
45 16 37 33
22 3 37 11
12 20 7 34
43 44 33 25
39 14 39 9
5 24 34 17
24 32 20 31
16 32 7 16
32 6 32 26
0 37 27 27
15 28 35 34
22 0 15 1
42 16 30 21
25 29 5 30
23 45 18 43
47 14 32 40
16 18 8 14
6 11 38 11
49 20 41 36
1 15 7 30
49 20 40 8
24 2 11 2
5 46 27 37
27 45 33 4
45 6 34 4
17 41 29 35
46 41 4 26
9 19 31 33
9 26 8 14
23 43 23 37
46 7 32 24
22 41 36 6
39 10 42 3
48 0 13 44
48 15 21 20
26 5 16 26
23 40 38 5
43 10 38 37
37 16 39 37
45 35 10 7
41 9 34 24
47 12 30 1
8 14 42 5
29 18 21 41
48 16 22 10
27 11 6 39
36 7 39 13
40 26 28 2
45 10 36 22
10 43 26 29
27 34 14 8
27 4 28 13
33 1 35 16
28 36 10 37
4 24 32 24
12 14 22 2
43 42 24 48
5 15 11 16
43 23 30 28
20 10 39 7
29 36 1 12
11 10 29 5
35 23 29 45
11 46 16 10
47 13 21 18
29 17 31 21
16 17 33 30
8 29 35 39
38 22 13 16
2 19 10 30
29 11 26 21
2 1 14 32
10 8 26 32
2 14 2 28
2 23 27 38
20 37 23 4
18 24 33 42
18 39 11 15
29 7 5 8
44 19 21 12
21 33 42 5
22 38 29 19
37 30 18 3
11 16 32 11
43 17 48 35
42 8 36 5
34 5 30 3
33 32 24 37
31 17 34 0
16 37 28 42
2 41 13 36
41 29 44 1
35 12 24 33
1 24 29 11
21 42 21 22
7 7 44 47
42 11 7 6
6 17 35 15
33 17 14 39
42 23 4 6
43 15 30 36
17 21 37 38
30 39 27 3
22 39 34 10
41 15 6 18
15 13 19 40
45 35 6 13
47 10 33 33
44 9 5 46
17 14 15 28
38 16 7 10
9 45 41 43
33 14 4 1
39 4 20 16
2 3 23 32
43 36 38 44
49 10 5 25
16 22 20 20
14 7 29 29
43 13 30 36
5 1 40 19
10 41 8 38
5 17 8 11
3 26 31 38
22 37 40 4
20 36 34 9
18 32 14 24
38 6 25 34
35 7 32 36
11 41 43 15
9 23 11 8
22 34 21 8
1 45 35 4
7 24 14 25
44 35 22 33
20 33 36 40
36 11 25 15
7 25 13 11
40 8 37 13
7 39 40 12
40 14 32 20
46 16 7 13
5 43 15 11
46 21 28 15
49 27 18 12
30 45 17 18
5 34 45 38
11 27 28 46
45 12 31 22
38 9 12 28
24 8 12 23
40 8 28 35
14 26 30 36
16 45 21 27
43 12 23 39
19 27 5 9
7 35 22 33
0 45 31 36
7 19 29 30
18 46 22 31
46 16 25 48
41 18 5 2
4 39 1 12
44 34 21 19
2 30 32 36
35 6 32 13
23 38 12 12
21 38 32 20
36 12 2 9
9 18 15 0
16 47 43 45
2 22 29 18
15 38 22 6
2 20 3 7
46 37 6 1
44 15 11 27
32 15 6 29
41 15 12 20
23 35 38 22
25 36 29 27
47 15 13 5
12 3 33 6
28 36 8 32
10 13 5 42
33 3 30 15
44 18 30 35
10 39 39 10
41 37 34 25
4 1 24 5
0 14 44 11
24 30 15 11
5 15 33 30
29 4 20 10
44 19 25 11
26 42 34 27
9 23 24 25
41 5 17 38
23 36 6 8
0 41 47 41
3 39 17 2
34 1 39 6
33 4 31 32
4 17 12 3
22 38 20 41
38 34 27 23
1 16 2 34
41 14 14 40
12 40 6 21
6 8 7 14
22 33 14 8
41 5 1 20
26 44 14 27
26 10 33 44
16 42 33 36
4 16 21 7
2 1 17 29
10 23 22 19
41 8 22 30
33 3 30 12
0 16 7 15
26 37 16 33
41 13 45 18
5 36 28 6
43 18 38 36
25 36 41 21
28 40 31 2
8 19 36 20
21 32 6 39
13 30 32 18
20 34 36 28
13 26 1 24
36 5 9 5
9 17 8 10
5 11 32 31
6 46 13 33
1 15 8 20
22 38 33 27
11 49 44 48
5 26 0 30
1 26 6 13
21 6 12 11
19 14 40 24
3 12 16 1
46 10 37 7
9 9 43 38
44 13 4 21
40 9 46 11
5 13 26 2
47 13 31 30
19 37 42 31
43 6 23 12
3 30 28 14
35 13 18 23
2 20 38 49
17 20 17 46
47 28 22 21
43 22 27 35
13 45 18 42
34 9 27 32
20 37 9 25
4 15 18 25
15 44 39 43
32 33 17 36
34 39 9 6
3 42 38 5
0 21 38 34
42 9 40 6
43 9 11 30
21 20 8 8
5 17 34 18
17 44 27 36
16 0 23 21
49 16 20 11
40 11 20 1
34 14 3 13
20 40 44 42
14 35 27 36
42 18 24 16
16 42 34 7
28 11 2 3
32 34 24 34
47 10 9 12
24 45 24 2
25 36 30 25
40 6 27 37
42 5 9 11
2 7 32 38
21 41 6 6
10 30 21 34
18 13 31 36
40 10 31 19
35 11 2 21
19 8 44 27
0 48 18 26
11 10 22 3
7 18 17 5
23 35 45 7
25 40 29 44
2 16 20 7
2 19 30 29
43 16 27 36
10 40 21 41
16 19 36 32
23 37 1 29
0 11 23 8
23 34 10 3
27 35 43 49
26 36 1 15
19 37 3 21
21 40 15 45
17 40 16 4
9 35 11 7
0 28 9 14
6 41 20 16
9 25 44 34
29 3 16 6
4 7 14 35
41 37 8 2
22 35 18 30
42 10 16 5
48 12 8 40
11 4 32 38
44 0 45 36
10 49 31 31
46 12 23 24
31 9 9 44
38 15 7 14
40 24 42 16
22 43 11 23
16 35 27 9
44 27 7 11
7 5 24 16
35 13 40 5
42 8 17 6
23 29 32 15
5 19 34 21
3 14 4 8
30 7 44 5
40 20 39 42
24 36 14 3
13 34 21 24
42 14 29 8
10 31 42 48
27 36 13 12
9 19 30 26
34 20 46 41
25 38 7 30
3 15 1 11
37 15 2 14
1 11 23 39
6 25 28 24
39 6 11 5
15 9 7 19
1 14 44 46
3 19 24 29
8 24 31 4
46 15 10 13
18 43 35 8
3 12 36 38
14 7 2 3
1 22 6 6
41 14 34 37
49 37 5 0
29 21 40 33
21 35 36 30
39 6 8 41
4 15 29 19
18 39 12 9
38 11 45 9
9 38 25 1
46 30 15 5
17 9 41 4
35 2 14 5
24 3 31 40
6 15 26 22
26 7 29 0
21 30 28 40
19 39 32 43
39 16 8 7
12 11 4 23
44 40 9 43
35 29 28 37
44 13 33 16
46 28 30 20
12 20 26 36
28 7 37 9
46 25 16 32
24 43 30 36
35 1 0 19
18 37 36 38
39 1 13 14
6 22 13 5
33 12 32 41
16 44 22 25
20 46 31 43
36 13 27 39
29 28 27 43
12 24 0 3
39 11 21 20
7 16 41 6
27 37 35 48
9 19 26 7
9 32 34 13
9 8 0 6
29 36 15 15
43 9 38 41
26 30 19 20
21 31 29 30
37 10 29 35
42 14 41 37
16 11 28 35
0 35 17 1
39 6 36 47
