50 222 16177 800
34 37 46 31
25 38 20 19
16 43 44 30
13 41 42 9
30 43 16 35
20 47 8 17
24 41 45 31
14 37 9 18
7 42 27 42
23 47 28 14
18 40 2 5
12 49 14 13
8 42 28 45
26 47 21 26
9 45 43 32
19 37 40 8
13 40 6 6
2 33 32 39
13 34 17 10
7 37 7 18
17 42 43 29
21 48 34 41
23 40 25 18
31 31 39 0
26 37 34 1
21 36 45 36
36 13 14 15
28 43 21 49
16 38 17 3
22 35 24 9
15 47 20 38
18 25 31 13
4 31 42 7
25 41 29 46
16 49 4 4
22 46 49 30
15 43 15 19
8 32 29 40
30 35 12 18
32 23 42 30
14 39 38 38
18 45 46 33
30 41 27 38
21 42 37 17
17 44 21 16
33 40 11 17
5 48 45 31
47 33 21 4
35 26 10 13
11 37 32 40
41 39 13 22
1 40 44 33
11 34 45 12
19 39 23 16
28 36 38 8
19 44 21 3
18 45 31 8
17 14 23 20
18 32 11 14
19 30 43 31
16 38 37 43
18 30 16 18
36 47 33 33
16 39 20 7
26 46 46 29
4 34 14 13
25 38 19 47
7 40 37 3
6 30 43 33
15 42 16 7
22 42 41 49
27 33 42 36
15 38 10 24
20 38 17 20
20 30 28 37
15 37 3 16
23 44 45 34
34 44 45 33
16 35 47 35
8 41 4 22
27 46 10 16
36 31 24 11
22 38 44 24
5 37 20 14
7 19 40 2
22 14 21 37
25 22 45 35
23 41 39 12
21 30 30 31
12 31 12 17
9 47 34 17
12 46 20 29
23 39 22 31
24 39 19 11
20 32 49 30
16 29 2 21
11 43 43 30
16 47 19 20
15 49 23 18
7 49 37 12
36 45 29 47
16 47 27 38
7 38 25 45
31 43 10 23
6 40 31 37
32 29 13 17
13 44 30 27
18 46 8 5
32 35 30 48
18 29 30 16
14 39 29 5
17 45 47 28
43 39 27 6
4 47 35 7
32 45 33 37
13 38 8 22
19 31 16 10
11 46 31 0
49 48 19 30
28 45 24 41
23 45 10 23
23 39 46 30
25 49 15 5
19 47 46 1
46 40 22 49
12 16 8 29
14 41 20 12
30 49 48 36
15 42 13 28
23 45 29 40
26 45 47 29
1 41 38 10
20 40 42 35
30 40 49 2
12 46 31 36
27 33 12 17
14 46 13 19
5 43 28 15
19 41 27 33
13 41 36 40
20 44 9 16
22 43 44 32
23 31 32 38
21 38 43 8
21 28 6 34
22 42 9 16
22 46 45 31
24 47 17 20
18 33 13 14
21 41 33 39
17 47 5 19
34 26 11 17
13 41 32 17
46 29 41 20
38 33 7 29
15 41 45 8
14 41 10 18
20 44 32 8
30 34 7 18
16 48 27 32
25 41 42 8
14 48 9 24
24 26 29 42
14 33 20 35
21 33 35 20
19 5 46 13
19 42 16 29
24 47 49 28
16 39 43 26
26 26 12 24
21 41 39 44
45 39 18 36
22 45 31 42
28 43 40 6
14 32 47 12
14 42 30 22
22 39 42 12
18 31 5 20
15 48 19 46
20 43 23 4
16 44 8 19
26 35 13 18
17 44 6 16
21 42 14 33
6 48 41 35
30 41 4 5
15 37 33 2
30 26 33 43
15 45 18 35
2 39 30 43
24 39 48 29
22 17 14 16
16 41 8 18
17 44 33 46
35 23 44 28
33 45 16 8
32 43 9 18
19 42 22 6
11 42 47 29
20 43 3 31
1 29 43 31
20 48 16 11
16 47 19 10
16 39 35 44
33 46 42 31
14 47 6 21
3 41 49 11
42 40 40 37
14 42 29 41
23 41 45 31
23 32 9 10
29 47 42 30
21 47 42 12
15 36 47 31
27 36 13 35
17 36 11 19
18 41 22 42
18 39 43 28
16 46 32 40
26 40 12 18
28 29 6 26
11 22 34 14
