50 370 17381 800
18 32 22 44
43 23 47 42
29 22 41 39
44 23 46 34
34 43 38 38
25 26 16 38
23 11 8 44
37 22 24 14
25 27 19 43
24 16 32 43
35 48 41 22
26 42 10 36
40 36 2 38
32 27 23 17
31 28 13 40
39 30 23 15
25 29 4 47
6 20 16 35
37 37 9 48
16 21 20 44
24 21 46 41
28 14 37 8
28 24 21 20
39 36 1 48
28 14 21 41
49 25 18 34
28 25 30 13
46 28 21 22
40 28 25 43
30 24 3 39
47 19 37 41
30 24 29 32
33 41 45 34
43 28 37 22
35 31 36 47
37 33 39 44
46 26 18 47
39 29 1 28
43 25 49 37
35 29 23 19
49 23 36 47
27 49 13 37
38 20 40 48
46 24 34 37
45 16 3 46
47 16 34 49
43 26 27 49
41 36 14 31
36 16 15 37
38 35 42 25
41 23 35 32
37 24 29 16
20 29 19 17
48 22 25 14
18 31 18 15
17 27 34 22
43 14 15 20
39 26 23 18
34 37 46 37
41 28 22 19
49 14 43 28
40 28 38 47
21 41 42 34
31 22 39 40
39 30 44 34
38 28 29 21
34 21 27 37
43 28 29 49
46 29 30 39
42 17 30 49
37 42 23 26
21 18 45 43
41 33 1 42
15 14 28 17
30 40 16 40
37 30 41 48
46 12 37 29
28 16 27 44
45 15 24 20
32 37 26 29
46 32 24 44
44 11 29 36
44 19 43 42
40 24 18 42
41 24 49 47
16 29 43 40
47 36 34 49
15 28 37 26
23 26 18 21
32 29 46 39
13 31 25 18
34 34 6 34
46 16 46 48
30 28 46 31
35 28 25 39
33 30 16 33
33 30 16 39
27 36 30 41
34 33 20 39
41 25 24 14
38 36 37 26
17 7 39 34
38 30 47 17
36 25 27 18
38 27 34 30
18 48 20 9
28 21 0 41
44 47 32 38
46 8 37 29
21 31 25 17
19 38 35 42
31 35 27 20
38 31 22 16
24 9 26 38
40 28 35 43
40 31 1 12
42 22 25 14
39 32 12 20
27 27 5 8
46 13 11 39
27 21 38 45
39 22 28 14
27 33 21 38
19 28 48 21
26 28 36 18
41 31 23 30
41 18 8 13
42 26 32 38
35 34 26 31
13 41 41 12
43 28 29 45
49 23 37 44
45 13 9 41
41 33 39 49
35 35 43 20
23 12 38 48
24 30 26 27
33 25 4 44
40 19 1 45
23 21 16 2
18 37 35 26
24 30 43 42
27 32 32 40
42 23 21 14
21 36 21 22
44 17 15 38
46 19 49 40
27 5 45 43
48 15 1 18
17 21 32 49
41 18 26 14
42 24 12 13
44 11 49 36
41 27 43 45
45 26 27 18
37 27 38 37
23 32 31 6
13 28 23 45
13 24 25 40
24 10 23 21
17 13 36 27
43 35 27 41
44 30 45 36
38 30 18 42
35 38 37 15
29 22 25 13
17 32 47 26
21 10 41 33
48 20 14 45
45 19 39 46
48 25 39 33
44 18 15 36
43 32 17 15
45 16 46 44
28 20 21 32
39 28 40 41
40 26 35 10
37 43 6 47
18 37 40 17
36 26 29 45
41 29 28 41
14 14 36 35
25 29 18 38
33 34 35 4
41 19 25 15
42 19 44 36
35 33 29 27
34 31 7 3
19 29 34 38
44 17 21 13
17 45 16 41
24 17 3 26
38 24 24 20
29 17 22 15
48 18 38 39
32 19 28 15
39 10 38 16
45 16 47 44
37 29 24 16
38 27 33 28
20 31 17 45
41 15 30 28
35 32 15 11
35 31 15 27
16 31 4 20
27 34 24 18
45 16 2 38
37 28 26 14
46 12 26 16
49 20 36 29
33 17 40 46
18 32 26 15
40 36 25 44
40 20 33 39
49 21 16 47
45 13 32 22
32 29 31 40
32 27 10 32
44 15 4 44
40 27 31 4
40 35 40 19
39 21 24 16
24 18 22 40
19 26 25 18
47 22 49 40
32 28 13 43
29 34 24 11
18 21 29 44
48 28 36 34
47 18 17 36
24 27 9 28
27 18 19 32
35 33 22 34
13 8 42 32
47 12 25 39
38 17 32 35
38 31 4 39
17 24 16 44
16 14 16 25
26 31 48 45
30 15 47 40
49 21 22 36
17 22 28 13
8 21 37 5
35 31 45 8
47 18 43 26
33 23 44 34
33 31 28 16
39 21 18 39
43 22 25 14
45 24 40 28
28 19 42 35
43 26 36 27
44 15 22 14
15 18 23 15
21 14 34 16
41 35 25 21
17 23 15 46
27 15 48 40
30 30 48 29
49 17 34 30
13 21 40 25
23 35 42 37
39 38 30 45
38 27 40 34
45 18 43 29
4 44 23 37
37 37 17 33
45 16 15 41
19 15 24 13
16 30 20 15
21 25 47 21
43 28 27 14
7 35 48 40
30 42 29 31
23 23 44 40
41 32 23 25
23 28 14 43
47 20 9 22
17 28 22 16
18 27 27 27
38 12 8 26
23 29 34 41
26 27 7 40
23 21 28 26
34 33 24 18
46 18 20 40
21 29 43 46
41 16 28 28
16 26 36 39
33 15 15 41
23 37 23 22
32 30 46 18
32 19 47 7
39 23 6 40
26 26 23 16
18 14 25 14
35 40 9 11
16 22 4 33
43 27 39 31
40 22 42 47
38 26 20 17
24 23 40 19
41 28 16 35
39 22 23 19
24 24 39 45
49 15 41 38
18 27 21 46
21 47 20 31
32 28 43 43
36 32 14 42
49 15 25 38
27 37 19 22
39 25 35 23
46 25 24 15
39 18 0 41
30 34 47 36
27 34 23 15
23 44 36 48
23 24 47 29
29 32 36 30
23 31 19 13
41 29 34 48
19 30 22 43
40 29 0 34
32 32 2 34
33 22 31 43
15 19 21 25
43 15 37 43
22 24 45 28
18 29 22 26
22 37 49 32
43 16 48 7
25 33 45 31
46 26 49 37
22 11 7 13
19 29 29 44
36 23 44 12
41 29 25 16
42 32 23 16
38 20 13 34
39 25 13 35
21 49 9 25
28 28 44 32
32 36 42 29
48 18 22 47
21 29 28 16
21 14 2 32
37 33 40 49
38 20 36 40
45 27 45 45
49 11 16 1
24 17 39 48
13 40 40 41
27 29 49 47
49 32 25 47
15 22 24 14
39 34 49 1
34 24 48 39
43 25 25 42
44 26 24 18
39 18 26 48
28 30 25 24
47 15 21 43
49 22 44 42
30 33 2 49
33 24 23 34
21 22 17 45
39 26 18 40
43 18 2 49
