50 476 15598 800
32 34 30 41
30 40 11 15
27 25 16 29
39 38 44 6
26 23 14 25
17 30 16 19
1 28 19 34
9 1 13 30
25 21 32 16
23 18 26 30
24 36 36 40
31 28 4 35
0 25 16 35
31 49 8 48
4 21 17 12
19 40 31 23
18 26 48 36
23 14 49 12
35 23 13 29
38 27 20 45
32 34 39 34
27 35 11 43
44 8 14 33
36 16 33 21
26 41 4 49
0 14 35 8
23 24 25 36
26 12 44 40
33 46 21 36
29 34 32 12
23 42 35 40
29 27 38 27
14 16 39 37
42 15 20 26
28 9 36 31
38 44 13 37
37 14 44 25
31 20 46 16
36 39 36 46
13 27 48 38
23 10 17 30
31 31 31 47
25 27 47 26
23 28 17 29
5 39 42 39
27 32 48 41
39 44 30 38
4 36 40 37
47 49 15 43
29 31 2 31
11 22 21 31
31 34 42 37
12 22 25 48
40 10 43 0
22 19 16 43
25 40 39 27
8 25 41 17
25 10 4 42
49 7 17 31
42 26 46 32
40 29 7 36
49 43 36 40
38 19 43 11
15 19 32 39
29 11 23 32
49 13 44 44
11 32 44 13
17 26 41 10
10 24 42 39
37 39 42 38
25 4 37 47
19 33 33 26
26 48 17 36
30 36 17 33
36 27 46 13
35 16 6 36
47 21 43 8
20 8 38 31
15 22 18 39
2 16 33 33
26 45 44 17
23 26 33 43
32 31 25 43
6 16 45 47
21 38 43 12
28 8 9 45
35 43 12 44
30 36 37 41
23 19 43 43
15 27 4 45
33 34 24 41
31 6 44 34
10 16 35 34
15 31 30 18
35 25 20 31
33 11 2 45
25 19 26 34
47 22 29 37
43 44 1 18
21 27 38 39
46 41 41 16
44 33 24 45
27 44 23 25
13 8 35 9
29 6 40 7
34 10 41 37
36 8 15 47
14 11 34 22
43 32 35 41
33 38 33 8
1 23 4 33
42 9 43 46
23 25 39 24
45 33 26 49
34 7 5 38
19 5 8 32
24 40 47 37
3 19 41 44
20 13 43 2
40 34 26 20
42 2 42 49
26 20 12 29
7 20 43 38
10 25 19 29
42 11 19 30
40 40 47 38
39 39 37 26
38 23 36 11
28 4 34 34
18 35 19 40
8 19 43 28
22 9 3 45
7 33 6 42
8 22 41 30
46 28 48 40
14 42 41 30
8 19 26 38
40 9 44 25
12 8 41 24
15 28 34 8
17 14 17 31
39 29 18 27
23 35 45 33
29 34 27 37
37 6 40 46
29 39 47 40
36 48 36 30
26 38 35 35
47 5 20 35
17 42 14 45
24 39 36 12
18 38 31 46
25 30 9 22
12 23 28 39
28 18 48 34
44 45 34 32
42 37 31 48
14 24 16 31
33 41 45 49
15 30 19 32
28 16 17 46
14 8 20 36
45 11 24 48
22 3 43 4
18 45 14 48
28 28 35 14
44 10 26 49
30 35 30 44
36 6 41 21
38 18 15 26
12 22 40 46
18 12 22 35
34 43 0 46
5 25 27 31
33 22 19 44
47 20 16 30
44 44 29 37
15 27 14 31
44 33 41 41
37 7 23 29
34 29 23 34
16 20 33 34
47 21 47 36
24 27 14 26
29 43 32 33
6 9 15 48
32 15 41 31
13 31 48 41
37 23 40 13
9 3 22 28
26 27 23 39
11 37 12 29
25 28 40 43
28 19 27 46
10 24 49 26
26 35 17 47
3 19 16 31
31 34 47 26
1 26 44 30
1 15 19 40
36 25 47 43
32 32 39 40
26 2 39 8
17 5 15 28
3 26 2 48
29 1 31 33
12 21 18 33
24 2 15 39
42 46 10 25
41 13 29 42
32 21 11 35
30 11 42 4
23 35 33 32
39 13 37 26
22 34 12 48
19 2 32 32
22 30 47 37
33 40 20 36
17 30 48 46
30 30 37 27
28 35 44 38
22 25 25 46
27 30 31 23
26 7 43 40
11 25 22 41
6 21 18 36
28 35 28 40
32 43 35 45
25 30 27 37
37 37 40 48
12 23 21 32
25 18 21 41
8 12 37 14
34 4 38 12
33 42 47 28
21 18 23 26
28 22 16 28
21 40 17 30
17 32 14 28
46 5 36 41
36 35 42 40
8 18 32 38
17 49 40 8
49 13 31 45
28 1 30 48
44 0 23 34
21 43 44 33
29 30 46 21
25 6 49 42
4 28 24 44
39 34 15 33
30 31 36 46
5 18 26 32
36 7 29 25
0 18 44 39
32 31 22 27
21 18 47 32
26 37 23 27
5 15 37 27
27 39 30 33
25 2 26 42
47 33 24 38
43 44 24 22
10 17 17 38
14 36 46 3
11 28 38 34
22 6 23 36
7 32 14 33
8 9 39 34
38 36 45 19
19 24 16 31
34 3 7 30
34 32 43 20
26 34 25 41
7 20 21 27
6 43 29 0
43 6 33 49
4 20 13 18
41 14 38 39
34 15 44 26
8 19 31 44
32 10 29 19
13 25 15 36
23 33 44 27
42 21 24 38
16 10 41 35
18 35 36 6
29 37 14 42
21 14 29 44
23 37 14 25
38 44 37 34
33 4 19 1
26 32 26 41
8 15 44 39
36 29 18 46
14 14 25 45
32 9 33 43
46 6 46 47
24 13 35 39
32 18 39 18
34 49 32 27
47 7 47 41
21 32 40 40
0 10 34 38
20 39 10 43
15 20 45 21
41 12 40 20
30 4 38 48
11 16 41 42
19 20 12 42
42 18 42 11
26 47 43 37
4 23 34 43
16 25 43 37
25 38 22 33
29 33 44 46
26 29 11 27
15 6 31 45
29 6 39 5
21 12 33 38
27 8 39 12
12 17 42 25
44 17 11 44
37 3 13 12
23 29 7 30
33 23 37 44
24 30 15 28
26 40 34 9
25 29 22 35
39 21 14 30
13 22 19 45
31 45 21 27
32 44 47 41
37 42 20 30
14 30 37 48
9 18 20 40
32 39 15 34
18 9 36 48
48 7 38 6
23 34 18 29
23 49 12 43
31 25 43 12
15 27 18 30
28 18 38 42
2 31 17 34
37 15 48 43
5 27 30 36
29 16 12 43
19 25 36 27
34 32 4 39
25 15 22 39
32 34 16 49
21 37 33 17
5 27 33 21
19 40 34 49
28 34 44 18
23 7 22 36
26 0 9 35
36 26 18 30
37 27 16 47
20 38 6 33
5 16 19 30
19 0 29 44
8 15 14 31
47 27 16 38
20 0 28 37
8 1 20 42
32 32 13 33
24 21 16 30
48 22 13 46
19 30 38 43
11 2 33 42
23 31 18 38
22 39 45 42
32 32 16 30
36 46 20 46
19 29 35 22
42 22 11 31
30 39 11 41
23 29 9 44
37 4 35 15
40 10 37 7
17 26 37 43
42 40 36 41
15 34 37 7
32 40 36 39
9 29 44 37
33 38 4 45
33 35 2 42
10 16 45 41
15 37 19 25
23 3 36 32
29 25 15 35
21 28 34 35
14 16 20 47
7 14 37 3
42 34 34 28
30 25 24 49
35 17 29 49
42 46 34 31
42 44 36 31
27 30 36 33
26 28 45 13
30 3 33 37
34 18 21 34
5 14 47 13
18 10 40 3
14 21 29 27
26 18 49 18
36 28 14 34
42 16 43 9
39 29 37 26
4 12 12 34
22 4 10 33
17 19 39 41
22 5 42 40
43 40 38 40
1 29 31 27
31 39 32 46
19 35 43 42
27 39 29 32
38 42 19 24
22 9 15 28
9 33 3 25
25 23 30 16
19 14 23 10
33 6 23 38
22 7 13 43
26 39 48 29
15 26 48 12
27 34 12 38
18 28 31 34
29 14 44 45
45 10 31 30
36 37 38 20
40 42 19 29
26 29 31 28
43 42 6 47
3 25 35 4
17 18 37 18
44 37 23 23
20 30 40 18
25 5 29 23
20 31 27 44
19 42 25 40
7 28 34 29
21 22 20 39
6 1 7 6
32 8 10 34
25 25 37 35
26 22 35 24
40 14 41 38
6 27 18 32
41 22 49 23
24 31 14 36
32 38 44 20
32 3 30 40
20 6 31 46
17 12 19 29
32 17 22 32
18 17 1 35
25 47 27 44
42 24 18 24
32 36 33 14
7 16 40 16
18 21 7 47
38 14 29 41
46 45 31 32
18 14 41 13
34 30 24 43
24 8 45 12
25 13 13 13
36 32 37 26
28 30 27 49
41 36 40 30
30 35 23 44
