50 715 19238 800
35 19 44 19
43 1 7 48
40 15 48 10
29 16 7 18
41 25 3 10
0 37 7 43
35 26 12 45
33 20 41 12
45 39 21 37
40 23 35 27
48 37 2 14
34 23 23 45
45 42 12 7
47 24 23 27
44 30 45 17
27 22 16 42
32 28 6 49
32 30 37 10
27 10 19 46
31 27 24 13
42 29 23 27
35 12 23 31
41 14 2 48
36 43 24 46
15 14 13 49
49 23 11 31
27 21 8 14
34 22 35 17
43 26 27 30
38 20 5 44
33 15 24 24
40 22 22 29
41 40 25 26
25 45 29 33
27 38 48 13
36 20 32 21
29 41 17 37
34 19 15 18
30 31 23 49
37 24 27 23
30 20 23 22
36 31 25 30
34 28 41 14
35 18 4 18
39 36 22 23
42 32 11 15
25 36 42 15
29 34 36 4
30 40 32 27
39 1 10 13
49 15 29 8
48 12 5 12
36 4 9 19
27 10 23 4
43 32 23 43
39 16 5 15
46 27 9 33
36 17 17 43
39 18 6 41
37 38 27 28
31 44 12 12
24 17 24 25
30 39 25 35
40 23 9 15
40 23 34 35
37 20 1 13
47 14 21 29
11 46 15 41
48 18 18 13
35 17 28 25
33 44 30 26
39 33 6 18
2 37 6 36
32 46 5 24
11 2 3 14
31 48 17 40
43 30 20 31
8 24 3 12
29 29 26 25
12 6 42 12
26 7 6 21
39 47 44 6
33 20 21 40
33 31 16 46
31 11 19 13
38 37 34 26
38 21 27 31
30 6 23 24
33 11 23 25
30 27 11 13
43 22 5 10
49 6 19 41
23 45 26 7
22 24 20 38
45 15 5 5
28 33 22 31
37 39 6 10
47 21 2 47
38 29 17 48
40 22 0 17
25 15 26 19
30 26 2 20
35 28 22 28
41 6 19 31
42 38 3 12
26 27 7 18
33 17 23 18
24 13 2 15
18 40 14 10
48 22 5 11
31 16 18 42
32 7 38 36
47 30 45 27
31 8 43 12
40 23 47 6
20 27 17 44
33 24 7 18
39 46 15 45
36 32 11 33
20 10 19 19
34 34 6 18
30 24 11 15
38 27 39 2
42 27 29 21
45 35 26 21
41 11 20 43
37 15 24 24
41 34 37 30
32 10 34 26
15 16 16 43
31 19 42 24
35 46 49 20
48 19 2 18
21 39 30 32
41 21 26 35
45 30 23 38
42 11 24 25
38 21 35 27
29 41 26 18
28 23 3 7
46 37 29 32
37 17 38 11
32 26 32 21
30 12 36 11
40 31 41 12
43 4 31 21
43 21 46 30
28 46 34 44
27 16 3 30
44 21 26 29
41 9 33 20
40 37 5 7
39 31 20 45
43 17 7 4
36 36 4 13
35 22 24 14
26 22 31 1
17 26 31 19
41 16 39 27
41 23 47 25
41 23 36 6
27 23 47 8
30 40 29 33
34 15 30 3
25 17 19 43
36 41 8 17
36 17 24 31
44 42 19 33
42 29 39 22
34 19 6 8
48 27 44 22
37 42 36 38
39 26 40 39
39 11 13 37
33 21 3 46
34 24 6 14
36 6 7 11
32 24 7 12
39 21 7 20
25 7 5 16
24 35 45 10
45 30 47 18
24 47 1 11
43 33 19 1
2 11 28 30
38 25 24 24
35 44 48 26
25 48 8 10
23 0 11 19
32 26 31 15
24 48 8 17
40 23 3 17
30 39 5 35
35 15 23 21
35 27 21 27
40 28 8 19
35 5 3 13
29 14 22 32
34 13 25 36
40 36 29 25
43 13 44 1
39 37 8 40
47 39 6 13
31 19 17 23
45 20 5 22
43 8 8 20
41 16 25 29
25 31 37 0
41 26 36 9
42 16 10 15
22 36 31 21
27 43 31 27
30 13 16 42
32 6 18 41
45 43 29 22
38 16 24 34
49 19 28 19
35 12 26 21
35 28 37 45
34 18 34 47
31 6 25 29
45 25 33 28
47 23 17 28
45 16 5 43
20 21 24 30
40 49 26 24
34 0 13 49
31 2 26 18
43 1 5 13
39 17 8 18
42 18 39 4
27 46 19 37
41 33 24 37
36 19 5 18
10 34 17 45
34 15 24 42
38 44 6 39
43 28 9 42
23 46 39 28
33 22 32 37
31 49 26 35
33 14 7 14
37 21 12 16
42 40 32 21
40 16 20 40
21 47 7 7
34 29 29 30
19 48 9 5
25 46 41 7
20 38 42 9
37 13 13 49
37 9 14 16
21 40 9 17
41 33 24 1
45 28 6 17
27 19 38 15
36 5 28 28
42 24 10 17
13 38 19 39
26 45 8 48
42 23 20 30
27 46 22 21
35 38 8 38
38 6 17 45
33 9 4 19
38 21 24 19
42 36 30 33
34 24 0 42
27 8 28 20
37 31 4 16
43 24 26 32
29 25 8 20
35 13 13 11
29 30 25 18
40 26 25 33
34 16 21 19
32 10 34 30
46 26 38 30
48 36 7 19
36 21 33 15
34 23 16 42
40 17 9 16
23 24 24 17
33 19 41 39
28 35 28 0
31 12 42 14
29 29 15 37
26 45 6 13
27 45 46 17
47 23 6 19
33 36 10 14
33 43 9 17
38 7 6 17
31 13 28 18
47 24 36 27
35 19 26 28
46 12 23 9
41 20 4 13
45 29 2 16
25 46 34 1
41 28 30 34
41 36 31 45
34 16 36 6
31 45 37 6
49 29 10 34
36 12 49 1
38 10 30 31
43 39 27 23
33 34 31 23
36 11 33 20
36 22 2 13
43 33 17 42
29 24 26 17
28 46 11 36
28 26 2 16
26 4 37 10
44 14 35 15
29 22 3 18
23 42 11 17
42 19 26 22
41 15 18 36
19 21 21 49
37 12 21 9
17 24 5 8
33 17 44 4
24 12 13 44
29 38 42 17
31 41 27 26
44 39 25 25
10 26 40 16
38 25 0 16
33 21 18 43
40 23 32 15
35 24 14 7
32 24 7 20
32 32 13 24
47 20 9 27
32 39 8 16
32 17 7 16
42 31 35 29
38 31 23 14
26 31 9 14
48 39 4 19
37 10 37 28
32 14 25 27
25 41 9 17
43 37 4 16
29 28 36 23
34 22 26 19
4 2 25 3
36 39 1 35
16 12 26 28
25 46 9 11
30 13 15 49
36 20 32 49
42 38 24 23
42 12 5 15
43 3 22 44
47 27 2 44
24 19 34 43
45 37 9 13
37 16 42 0
38 27 17 41
35 24 4 49
30 29 20 39
34 14 19 26
46 20 8 16
25 32 18 25
26 17 36 26
40 32 5 17
43 22 24 19
24 42 13 11
42 32 27 35
40 9 27 24
43 44 39 8
40 31 34 19
43 13 17 45
37 20 7 19
39 27 6 46
24 1 3 17
30 48 26 27
35 14 4 20
35 34 18 22
41 3 33 12
40 42 21 19
28 35 15 10
31 15 26 34
44 18 2 18
47 46 42 13
40 16 23 14
46 21 7 10
39 27 24 10
41 23 2 19
44 35 29 20
32 6 18 44
35 16 12 32
35 13 41 34
32 37 0 16
47 21 4 17
39 30 12 35
28 6 44 15
40 42 33 37
39 10 9 18
29 0 35 3
23 15 4 14
18 9 33 25
21 14 23 26
42 19 32 14
40 33 27 24
25 44 35 23
19 47 40 21
22 44 35 29
36 40 6 13
36 19 20 26
40 20 8 16
39 8 25 34
44 18 28 24
29 5 33 18
40 35 6 9
18 22 25 32
13 11 32 35
22 6 32 26
21 47 18 42
34 27 33 22
40 28 13 43
35 21 7 10
49 23 41 13
21 48 49 16
21 24 1 12
25 19 47 14
26 24 3 15
35 30 30 20
38 13 45 7
32 30 12 38
27 46 7 19
39 11 7 12
18 3 25 29
29 43 42 25
36 19 25 7
25 49 47 28
27 39 19 22
28 31 20 33
24 49 33 32
24 43 28 33
29 46 6 15
43 33 29 28
47 23 25 22
42 14 43 1
31 22 40 10
43 23 20 22
24 45 36 26
24 42 38 21
20 23 1 15
45 34 43 11
27 13 10 36
26 23 19 18
31 26 10 6
34 29 9 14
31 17 49 35
31 17 49 19
29 27 27 21
25 12 24 37
41 14 31 7
32 18 33 22
28 48 22 39
42 23 38 48
34 28 37 39
28 14 33 25
6 7 22 23
27 44 11 33
30 22 4 44
32 28 3 16
47 28 34 17
28 30 11 19
24 32 33 27
38 24 17 48
38 14 5 18
45 24 44 43
47 12 10 15
31 2 30 17
37 29 39 5
18 15 20 21
39 10 28 32
34 13 7 11
39 25 6 20
20 10 25 30
44 35 30 28
4 31 27 28
34 15 49 3
25 22 2 28
27 24 6 37
21 30 29 31
16 34 41 14
30 23 16 42
34 24 22 20
28 20 10 39
38 17 32 9
17 28 14 46
40 16 3 16
19 41 29 45
42 38 47 2
24 31 16 40
35 9 16 41
33 20 27 34
42 25 1 15
35 14 13 40
42 31 6 16
44 30 15 43
32 30 17 16
27 20 24 26
38 16 3 20
39 10 34 24
37 12 20 38
43 18 9 19
24 43 3 5
49 24 33 21
49 40 28 25
44 21 34 28
43 16 37 45
37 30 41 9
17 49 25 27
19 9 5 2
47 33 30 37
37 37 17 39
46 21 33 2
49 26 27 41
11 29 6 15
28 19 24 46
45 30 25 19
33 10 7 34
39 18 3 16
41 21 6 12
40 18 25 37
35 41 21 21
45 27 7 14
39 15 45 4
49 4 9 44
49 43 28 29
28 43 29 19
38 24 34 0
37 21 21 41
38 16 20 17
24 22 28 19
43 21 41 11
36 20 22 29
15 13 2 34
32 21 46 20
22 15 3 16
45 23 28 34
42 22 38 47
34 27 5 8
49 26 30 23
46 24 29 16
38 22 33 21
39 43 21 25
39 23 9 17
27 45 22 32
30 42 16 10
36 32 27 9
49 32 36 44
16 33 13 41
26 19 5 13
36 25 17 41
30 24 33 9
25 13 26 39
32 26 7 11
33 3 43 13
22 46 34 27
34 32 0 10
23 3 0 17
45 25 37 3
34 25 10 47
43 18 30 22
45 25 32 10
41 28 11 21
43 25 35 31
33 12 36 29
45 13 26 8
32 37 11 30
35 22 27 43
48 38 25 28
36 40 8 15
41 31 39 2
46 44 6 18
39 28 31 15
33 19 17 25
30 27 33 31
45 20 35 43
19 37 25 21
32 19 1 37
44 23 8 17
27 22 29 27
36 12 15 41
43 42 12 47
35 27 25 25
26 40 25 36
48 38 9 47
30 31 29 38
39 30 45 9
45 30 28 26
45 13 5 16
43 17 7 16
31 28 46 5
41 42 46 36
30 40 9 34
26 8 29 39
33 17 19 30
47 21 30 24
40 34 43 4
33 15 43 3
42 14 5 14
41 2 3 5
29 19 28 27
35 21 7 9
13 14 12 32
31 21 3 14
23 28 24 43
30 15 20 41
33 0 27 27
36 30 30 34
31 10 46 38
40 21 4 19
30 17 8 35
35 19 11 10
46 15 27 26
34 23 1 17
31 40 20 36
43 22 39 0
38 19 34 47
28 45 30 28
48 27 25 11
20 39 3 39
45 19 3 8
48 21 29 25
41 42 27 24
29 36 37 4
41 37 31 10
41 23 41 8
30 35 6 15
16 5 35 13
46 28 13 42
37 23 22 27
26 27 41 36
47 2 27 27
48 38 36 28
13 11 25 13
26 33 47 30
48 10 41 36
40 3 24 22
33 42 28 41
47 28 24 25
33 21 9 17
26 19 29 30
31 37 41 8
38 30 31 24
43 25 13 5
35 15 46 3
47 23 34 26
34 1 7 16
21 9 6 13
33 25 42 16
34 35 9 10
36 9 33 27
2 39 15 28
37 38 11 44
37 22 2 46
46 32 27 25
42 26 11 43
32 49 32 25
34 20 39 19
30 4 22 0
42 14 7 14
45 20 32 40
43 14 27 35
37 43 7 21
28 47 29 26
45 32 34 1
41 12 47 1
38 11 9 15
32 33 28 25
47 16 31 13
32 16 20 25
40 17 16 32
22 17 5 4
29 41 49 7
30 22 28 31
38 14 32 32
23 12 17 46
33 22 20 32
22 25 14 46
23 47 11 42
42 25 8 42
37 25 28 19
41 25 2 14
38 31 30 27
11 22 16 21
48 30 2 18
34 20 10 37
43 17 1 13
37 24 8 20
36 31 11 14
29 46 11 16
46 29 27 22
35 25 26 26
32 35 33 24
11 12 36 17
45 11 28 25
17 21 48 4
23 20 1 3
29 13 16 41
40 11 45 7
28 18 30 47
41 19 10 16
31 3 11 44
37 12 25 33
