50 315 16432 800
32 40 4 28
38 45 27 25
33 10 46 33
41 5 41 21
6 35 33 19
19 2 45 15
39 37 42 5
43 17 47 26
25 0 41 13
37 34 16 33
34 16 29 30
13 9 47 5
3 36 40 7
30 10 19 49
29 2 38 49
36 36 10 23
41 1 10 43
37 6 38 46
35 1 44 6
28 11 43 12
8 36 27 35
18 5 31 25
8 33 19 25
6 35 36 46
27 17 24 20
25 11 42 11
37 8 30 37
33 2 31 27
6 36 43 13
36 35 44 6
2 32 19 28
4 42 29 34
0 35 20 12
2 35 36 8
6 40 30 16
22 7 41 11
3 35 25 20
30 43 25 39
3 34 21 33
44 5 31 30
2 34 13 1
29 5 20 28
28 10 21 29
19 8 43 12
4 38 26 41
5 40 9 27
4 38 27 28
27 0 32 7
3 35 42 25
28 7 38 42
9 37 47 26
5 30 46 6
42 38 48 28
37 8 29 40
33 3 36 34
2 38 34 22
6 36 2 19
47 48 32 40
41 7 33 43
21 0 25 33
7 36 28 45
27 6 21 16
29 7 40 9
24 6 10 37
8 39 35 19
5 37 38 8
2 33 8 24
5 31 10 7
8 30 32 7
27 5 25 29
1 39 25 32
45 3 33 18
41 3 19 7
41 33 29 22
6 37 43 8
35 8 25 34
36 48 47 28
40 11 21 40
28 0 47 9
6 37 42 11
44 37 36 7
35 43 40 6
5 34 32 20
34 46 35 27
43 12 34 21
29 11 16 27
5 35 41 7
27 43 8 33
28 7 42 18
6 35 36 25
41 41 7 12
31 2 29 26
46 10 28 22
25 5 32 18
47 39 15 19
3 33 18 29
42 7 28 34
25 14 34 29
3 35 26 27
41 45 18 7
34 10 44 13
28 11 36 7
28 2 24 26
9 33 32 44
24 0 30 38
8 31 45 7
27 19 37 19
14 6 36 37
11 36 28 17
41 1 30 19
7 39 8 5
37 44 44 10
4 36 21 36
21 9 45 43
44 42 36 22
18 8 37 31
38 44 22 5
35 4 38 23
28 13 39 23
3 39 26 31
8 37 24 18
26 14 28 4
34 11 41 27
21 11 31 23
2 38 29 49
25 1 14 30
18 10 33 19
36 44 33 28
4 36 5 24
1 35 48 11
11 4 39 9
26 3 25 24
25 10 34 28
9 36 32 23
39 46 32 20
39 9 30 47
7 36 35 22
35 9 25 25
23 0 27 26
39 4 43 22
18 1 38 23
1 33 43 16
20 5 26 37
32 22 38 7
9 43 35 25
37 4 9 42
3 36 30 45
29 0 10 37
25 7 9 37
23 4 33 22
32 2 32 29
5 37 31 42
2 33 28 13
45 43 24 35
7 41 41 10
3 36 38 11
1 38 30 34
4 32 30 46
49 33 26 27
7 36 45 21
41 44 25 24
31 2 28 36
36 3 19 24
34 12 28 32
2 36 37 21
43 6 17 21
5 36 35 38
5 36 27 40
27 8 19 31
20 15 25 25
6 34 12 16
38 2 39 28
38 3 23 36
39 0 4 44
43 6 35 22
36 0 34 16
34 2 31 18
3 33 36 43
10 39 36 8
32 8 10 25
27 1 30 47
23 1 23 28
38 46 27 17
7 35 12 13
31 10 15 28
6 34 43 30
31 10 27 26
29 7 35 38
34 49 24 35
0 38 37 18
28 11 16 27
43 36 39 10
30 9 42 25
33 8 26 21
38 6 29 28
7 34 20 22
21 6 27 31
37 7 41 25
30 32 35 17
2 39 41 34
40 9 21 35
3 39 36 41
36 10 41 10
29 23 36 17
8 35 35 22
26 10 9 33
43 46 34 26
37 0 26 19
17 1 37 20
27 1 31 33
46 36 30 31
23 47 25 34
39 38 15 11
41 5 37 36
6 34 11 33
16 1 28 19
34 5 23 37
1 34 24 42
40 37 15 30
3 39 29 35
29 8 43 13
32 3 32 28
3 38 46 41
20 12 39 8
40 0 29 18
4 33 25 37
19 47 29 28
20 15 45 32
8 31 8 36
41 7 12 37
23 1 31 44
48 5 24 32
8 35 31 34
22 16 26 34
21 1 41 14
30 7 25 45
5 33 12 24
34 1 25 28
34 41 11 44
25 18 34 25
10 0 35 48
26 35 30 49
3 34 12 47
5 32 34 40
27 12 23 42
29 16 32 18
5 35 30 4
25 47 39 0
6 34 44 14
25 8 26 35
8 39 1 19
8 42 36 28
42 6 31 21
24 3 33 16
6 34 32 18
2 35 24 12
33 49 45 39
43 3 41 40
9 31 25 28
40 0 29 31
0 39 28 38
2 35 41 30
33 31 23 43
38 1 29 16
49 18 37 19
44 41 26 29
35 4 23 41
44 48 14 17
8 32 29 20
46 42 34 20
43 44 39 49
41 43 22 38
23 16 31 14
46 44 29 30
20 4 33 33
25 16 44 15
20 10 30 43
26 9 41 10
4 32 32 18
4 33 37 19
6 38 28 16
4 36 45 9
3 40 43 23
31 4 37 9
29 3 31 25
28 11 29 30
31 4 1 24
23 14 33 43
32 18 21 28
36 16 39 6
40 9 21 39
40 5 5 28
32 7 46 21
24 4 41 26
33 2 48 3
41 3 44 17
30 5 31 28
36 41 31 32
43 41 23 1
20 2 32 45
21 18 11 14
20 7 31 11
5 38 17 20
35 42 42 46
44 8 30 22
29 24 43 22
7 33 26 33
30 38 35 31
27 6 33 30
25 19 25 39
7 39 37 8
23 10 35 28
32 7 31 28
27 15 26 38
1 35 31 37
