50 132 15511 800
47 35 41 17
38 30 24 30
2 22 9 9
28 42 16 4
37 29 20 28
35 20 17 27
38 34 31 7
22 42 13 18
38 30 30 10
39 33 29 13
27 33 46 24
17 0 25 37
37 46 12 4
42 34 21 19
36 20 33 2
34 44 22 12
41 28 19 15
25 12 35 6
19 14 22 22
48 38 44 34
34 49 14 11
13 14 46 3
42 38 6 25
38 31 30 20
0 17 21 13
37 12 43 42
49 35 25 22
26 26 27 22
31 41 40 34
20 4 27 30
32 31 20 14
47 32 7 12
17 20 4 26
12 6 37 19
27 34 38 5
28 2 23 31
48 37 27 13
17 6 37 3
34 44 30 4
46 49 11 15
2 27 17 8
45 21 22 10
30 39 48 1
39 15 48 25
47 33 34 39
34 28 34 11
29 38 45 39
8 10 28 32
46 39 22 14
7 46 14 22
29 1 20 29
11 14 34 21
38 32 39 14
22 3 16 20
21 36 23 21
13 14 27 17
44 27 16 10
35 40 34 13
23 2 6 23
37 48 38 9
11 7 23 19
35 40 10 8
44 25 25 10
15 18 29 18
43 33 1 11
35 43 39 2
24 25 29 2
8 19 11 17
49 34 31 10
38 43 0 38
40 23 36 28
42 28 28 27
21 8 24 25
40 27 7 28
47 32 30 8
43 26 8 25
11 13 30 28
49 38 30 0
27 34 42 9
4 5 37 13
8 16 35 15
22 21 24 6
12 0 29 9
3 4 21 12
42 42 30 34
45 39 6 32
46 49 22 18
26 43 20 2
46 32 36 24
41 28 17 8
43 46 31 18
28 23 21 7
21 49 32 24
38 29 34 15
45 32 15 24
37 37 1 15
48 34 36 18
4 0 14 26
41 29 36 1
47 41 10 19
24 2 40 24
20 20 37 17
45 26 33 19
3 1 36 20
16 15 28 8
27 12 32 8
49 33 31 24
23 11 49 33
3 6 33 13
47 32 31 0
48 35 17 18
44 34 34 22
24 0 34 12
32 9 23 16
23 15 26 24
40 33 7 21
32 32 14 12
48 30 36 12
40 27 30 35
38 39 29 18
13 4 24 12
45 37 41 20
48 47 25 30
46 33 19 22
43 33 38 39
11 47 25 3
12 24 21 23
44 34 25 7
14 35 31 15
41 31 36 29
48 32 5 24
14 3 33 2
