50 50 17990 800
47 22 16 20
37 44 11 25
39 21 5 22
40 38 4 19
30 2 29 8
10 42 45 8
24 22 45 7
33 0 34 14
10 33 30 47
8 36 19 10
34 39 8 33
27 24 39 12
45 49 4 17
18 42 12 19
37 34 2 10
18 42 15 9
23 19 13 21
41 28 11 40
7 6 39 44
15 44 19 47
35 37 5 10
45 40 32 41
46 34 22 0
17 46 19 12
24 47 22 35
48 29 5 21
20 43 12 33
41 34 27 18
38 20 11 9
7 24 2 17
34 38 16 26
24 30 20 28
17 41 37 33
40 27 20 22
45 23 18 6
12 42 25 20
33 46 42 9
13 7 32 0
15 40 5 33
43 25 11 22
35 42 34 9
42 12 0 6
34 37 4 16
16 39 15 23
30 36 18 30
27 7 15 14
21 19 29 40
37 3 22 2
31 25 13 24
47 35 20 10
