50 74 16537 800
9 14 5 40
24 30 7 40
48 24 45 47
0 49 21 42
15 38 32 28
26 38 18 39
0 48 19 34
3 48 8 49
49 27 40 37
26 26 7 45
12 29 41 48
5 7 22 40
13 7 14 34
19 11 19 36
24 35 15 39
45 23 16 34
44 30 21 34
34 46 49 42
42 25 12 29
28 11 19 43
18 27 21 39
19 20 17 33
15 24 22 20
25 40 6 49
20 28 20 39
12 32 2 38
11 30 47 19
5 47 19 41
43 26 9 49
13 25 20 37
43 24 5 40
9 12 6 48
8 20 36 28
30 18 16 43
3 2 18 34
0 23 4 28
43 25 14 41
29 25 5 40
47 27 19 33
17 38 4 38
17 18 12 40
26 2 35 49
9 29 43 19
29 3 20 40
21 20 20 37
1 36 34 2
27 35 19 38
16 10 21 37
17 27 35 41
10 46 23 41
8 43 14 43
41 23 19 36
16 0 21 36
12 4 15 37
24 33 13 41
44 12 3 48
14 28 42 37
8 34 20 38
44 25 20 35
33 19 27 30
22 14 18 38
8 34 5 41
18 36 10 47
36 42 44 37
21 30 48 15
8 29 14 33
43 25 13 20
1 39 15 33
0 36 48 21
8 40 14 36
20 28 13 37
14 40 48 27
47 23 44 15
46 29 41 15
