50 315 18329 800
1 30 38 13
4 42 44 49
17 35 41 34
17 40 48 47
2 39 35 11
22 31 12 13
5 45 43 11
18 34 39 46
47 42 35 6
15 41 36 39
3 41 30 30
40 7 28 14
22 29 38 42
15 28 22 33
24 26 26 22
20 36 7 16
14 32 18 33
3 37 36 2
16 35 34 32
4 31 37 14
22 34 29 32
23 31 49 30
25 34 3 36
18 33 46 8
26 37 31 31
43 49 9 36
3 40 27 37
8 35 25 47
28 37 35 8
43 17 47 2
39 32 23 15
11 31 47 35
31 29 15 26
28 21 31 18
42 8 18 19
3 41 19 19
19 30 21 15
38 45 18 30
33 10 45 27
21 42 39 40
3 44 41 9
45 7 44 46
2 42 38 43
8 25 26 10
35 34 20 35
37 29 37 2
23 43 11 15
16 38 36 14
7 40 37 33
6 44 41 46
4 39 43 40
46 11 34 45
15 35 39 15
24 32 36 44
44 9 21 25
4 30 14 21
19 31 27 27
0 36 39 12
2 33 37 3
25 40 21 6
27 38 30 46
36 43 15 25
1 40 18 39
20 36 30 19
18 36 42 48
37 37 47 39
20 47 47 28
25 38 30 30
27 37 41 30
4 41 19 16
3 43 31 46
46 30 41 7
10 21 34 31
4 41 37 0
9 25 16 32
25 38 35 8
23 38 36 22
16 22 30 21
36 49 44 41
17 34 49 2
43 6 37 46
5 39 37 46
31 5 40 43
7 37 23 2
16 39 48 1
19 49 16 13
21 39 37 14
25 35 33 18
28 34 20 9
33 38 30 49
25 29 48 2
3 43 33 0
45 15 36 4
36 37 42 7
4 33 42 8
3 35 42 0
47 11 48 2
28 45 25 30
18 33 33 4
2 33 30 39
2 39 35 2
45 45 31 32
47 8 29 43
47 13 34 6
12 28 34 3
9 29 31 47
7 34 40 26
3 42 25 26
48 9 32 27
2 34 21 11
15 38 41 22
37 17 41 0
21 38 49 2
24 34 18 43
39 13 47 3
28 32 28 2
14 32 36 1
6 42 19 39
33 42 43 8
24 35 10 13
14 19 33 20
21 33 36 9
3 34 36 17
2 42 43 30
4 36 11 29
33 7 27 46
13 36 37 42
31 29 45 0
23 43 45 4
36 35 38 11
5 38 40 8
1 37 22 43
25 35 36 45
27 38 46 8
41 43 21 32
4 37 29 27
46 5 39 14
3 47 27 18
21 33 13 37
25 33 43 6
1 35 34 21
0 39 30 32
21 40 21 14
17 37 33 34
26 33 35 9
11 35 30 6
0 37 23 27
44 10 40 11
46 10 27 24
19 17 32 31
25 33 34 11
27 25 29 16
3 39 41 35
19 33 35 34
44 5 22 28
20 33 43 32
4 46 31 49
34 25 36 10
12 39 30 11
5 40 32 44
24 45 26 9
8 45 46 12
18 39 35 37
22 36 45 4
9 41 31 8
11 30 40 27
20 32 36 45
20 35 41 46
2 33 44 15
5 31 39 3
26 32 43 5
33 24 23 35
19 43 42 20
11 14 40 5
37 10 33 13
20 39 40 47
14 31 45 4
15 28 48 13
22 36 29 30
47 11 29 20
4 42 36 2
27 36 42 37
20 36 38 2
28 32 35 18
33 49 23 22
18 34 25 15
7 39 35 29
30 42 37 40
23 32 1 29
21 38 30 9
34 39 37 33
49 9 19 22
1 45 38 38
2 46 36 44
26 33 20 15
22 41 45 8
49 5 27 35
37 4 46 41
44 6 5 25
25 48 33 17
46 10 27 0
29 22 22 26
22 30 47 9
5 38 7 13
4 37 20 6
14 31 10 22
24 37 43 39
18 42 18 8
6 41 48 35
22 30 30 42
6 45 27 17
0 37 35 43
4 39 24 25
14 32 37 37
23 32 24 38
15 28 12 37
13 31 27 5
18 36 27 32
20 43 23 27
16 21 31 8
24 39 46 10
7 42 24 40
44 12 49 48
18 35 33 48
30 34 42 42
22 28 17 29
11 23 38 6
47 6 42 2
5 41 38 39
24 40 34 32
21 36 23 22
3 38 27 2
22 36 20 22
5 36 24 45
6 41 28 15
2 44 21 31
16 43 32 48
49 9 41 43
10 37 33 47
15 19 37 37
6 44 20 21
32 32 42 30
45 5 30 24
31 35 22 17
20 30 44 46
26 36 41 31
48 6 38 2
12 31 30 26
15 25 40 16
24 38 32 0
6 39 28 35
20 34 48 5
0 48 48 14
21 46 43 27
38 29 31 46
36 43 44 45
4 44 27 21
17 31 28 20
4 39 39 38
3 28 42 0
0 41 41 14
31 42 44 1
3 45 48 0
16 34 30 42
8 24 30 16
9 11 33 2
21 32 9 30
19 39 46 18
25 1 45 7
16 34 35 1
23 29 26 20
15 36 40 8
22 39 21 10
7 34 22 35
9 23 29 14
2 39 18 26
39 47 27 3
15 31 29 34
0 38 37 1
19 23 39 45
17 33 13 35
21 15 47 0
1 43 40 16
2 40 48 9
6 24 19 12
0 42 48 13
39 6 33 2
24 38 34 19
2 40 47 7
29 47 18 26
5 39 30 14
34 11 49 45
7 33 47 47
21 37 39 10
23 31 40 21
20 18 40 23
5 42 25 2
36 44 16 35
10 31 45 4
17 33 32 12
46 10 32 30
7 40 30 30
6 43 5 23
45 9 34 43
43 47 25 33
34 34 25 17
22 40 24 25
49 10 44 38
2 35 30 29
23 33 2 10
18 17 31 13
1 39 23 26
46 11 40 17
22 35 27 10
8 36 45 15
