50 1417 13908 800
12 43 5 14
14 0 1 35
3 46 17 13
9 43 1 19
6 40 19 30
36 47 14 44
21 4 35 19
24 23 45 16
17 13 7 49
19 39 1 1
10 15 7 13
16 45 18 33
13 34 17 23
14 40 21 15
0 39 8 15
14 23 4 46
13 20 33 46
6 41 12 13
27 27 26 22
22 30 15 44
32 23 9 28
3 38 4 16
6 40 12 16
7 36 38 25
31 15 7 43
3 43 20 16
36 41 30 27
14 41 29 28
26 21 7 13
21 32 9 18
12 35 14 4
8 42 5 18
48 49 39 16
9 44 21 26
5 49 45 16
9 38 25 26
11 15 21 42
29 32 8 29
4 43 38 19
20 41 43 18
10 18 5 8
4 43 7 2
35 26 13 44
41 15 6 6
15 34 27 22
36 30 34 15
38 24 35 8
6 35 27 26
42 4 27 8
5 25 20 38
16 48 13 39
23 28 46 15
26 22 28 43
25 39 17 0
20 48 8 38
18 23 7 15
10 40 25 34
7 28 3 24
12 27 31 48
11 26 19 37
38 32 4 13
9 42 22 22
11 38 24 41
10 46 17 16
6 34 22 5
49 8 7 31
20 49 6 9
12 44 19 31
5 39 11 14
28 4 14 17
32 17 1 28
11 37 13 44
12 38 42 17
1 32 6 8
6 34 35 4
10 45 29 14
20 21 5 14
6 42 5 1
10 21 40 20
6 39 2 21
3 32 10 16
3 37 44 10
21 21 3 43
1 41 39 19
23 1 12 27
5 44 20 5
9 22 26 19
0 21 14 5
7 46 27 20
31 24 11 48
7 42 21 15
13 43 16 39
5 43 12 3
12 38 11 13
9 44 11 17
9 34 10 10
9 44 20 33
5 33 6 18
3 46 13 15
10 25 14 15
29 34 11 30
9 39 20 13
12 41 11 34
33 42 4 47
23 20 0 11
38 36 3 17
10 39 1 12
33 27 18 25
6 45 13 39
20 9 5 16
13 42 16 11
19 49 5 31
15 31 22 33
10 45 0 41
6 36 17 23
21 37 17 40
31 49 2 32
7 36 15 42
0 14 0 29
8 43 35 30
4 31 19 42
46 31 11 30
9 47 0 6
43 18 12 32
15 45 27 27
24 12 15 17
1 42 4 28
42 8 12 17
25 31 5 29
8 43 13 16
40 29 4 33
4 44 13 21
28 33 18 30
45 17 26 7
5 44 11 37
20 49 5 5
17 30 2 43
7 40 25 38
4 45 23 30
21 39 20 18
29 34 8 26
26 34 21 24
6 24 18 22
18 39 3 8
19 24 30 45
48 16 9 21
23 18 3 15
9 46 1 14
6 41 1 5
9 30 19 46
10 36 2 17
11 39 6 15
39 21 1 10
21 34 12 23
10 41 3 29
22 31 33 12
10 42 19 35
10 44 7 49
6 41 23 10
4 36 17 37
12 49 5 10
15 36 2 2
30 30 8 31
14 45 46 24
10 42 1 21
0 44 25 12
12 20 1 7
18 30 28 7
38 48 13 13
2 39 37 28
30 19 16 27
42 40 3 16
21 5 12 41
2 45 5 16
4 38 40 25
3 37 16 47
9 34 3 3
31 38 5 13
12 37 9 11
10 31 9 7
7 22 4 13
11 24 40 20
47 20 3 24
48 38 14 22
1 48 20 27
46 19 8 18
0 41 27 28
4 41 15 33
9 31 36 40
11 46 8 9
19 3 3 12
13 44 36 26
2 12 8 25
21 34 33 29
22 14 2 13
6 48 1 7
11 22 12 17
44 11 9 4
33 31 25 25
7 41 1 13
37 4 24 17
18 42 6 24
17 1 11 9
23 7 23 39
10 48 9 16
8 24 12 48
12 37 27 27
10 39 36 19
33 15 0 13
26 46 20 32
21 12 10 40
11 38 7 16
9 41 14 11
48 44 6 16
3 5 22 8
5 39 24 34
32 26 21 25
10 38 21 27
0 38 12 19
2 44 25 26
3 32 18 24
34 35 11 17
13 36 32 33
4 45 13 12
9 31 8 38
4 5 44 32
12 48 4 18
8 44 17 15
6 20 45 20
25 32 6 2
10 33 19 28
16 29 15 47
8 32 8 43
20 47 0 42
30 47 20 24
35 28 1 21
4 47 5 26
5 47 7 18
13 19 20 13
38 23 17 29
4 14 14 7
2 31 22 29
10 48 23 39
6 42 29 12
7 4 7 21
11 36 35 18
1 45 29 21
43 28 23 49
22 37 44 19
25 24 14 1
20 15 41 18
38 43 4 24
16 17 22 31
30 35 7 22
9 49 3 18
10 34 5 20
15 41 24 35
31 18 6 8
9 3 10 25
7 39 18 31
2 48 12 26
49 42 15 40
8 42 23 32
26 20 6 18
36 26 20 41
4 36 26 49
16 45 42 29
11 33 5 8
4 49 20 41
34 34 9 2
5 12 17 19
19 21 10 43
5 44 31 14
26 39 24 49
13 7 11 19
6 36 30 27
26 29 11 19
6 43 15 42
31 27 6 15
2 7 5 38
4 36 35 8
8 43 32 25
7 17 25 8
34 19 8 17
10 48 23 22
11 46 5 3
20 22 1 4
43 27 40 10
27 22 25 27
2 38 8 8
35 24 15 45
29 44 18 32
12 34 25 27
20 22 15 16
7 45 7 16
8 42 18 39
2 45 18 15
19 37 19 26
29 27 25 34
32 37 0 18
11 35 11 7
8 22 27 28
17 23 8 9
8 43 23 14
4 36 16 25
18 29 7 17
31 21 3 9
1 41 24 26
37 31 17 33
2 38 32 19
9 20 5 12
4 34 1 26
39 20 19 7
4 9 6 16
2 38 39 23
30 35 12 17
6 45 29 38
7 40 5 24
12 34 5 15
14 41 3 22
7 44 10 42
26 38 49 24
33 19 48 27
4 38 1 11
1 3 4 13
5 33 12 12
16 23 43 23
18 31 8 35
13 30 15 45
31 25 34 30
30 37 17 23
3 36 48 7
11 18 8 40
12 45 1 11
6 38 3 23
29 23 2 17
33 38 4 43
17 28 9 10
7 25 6 16
3 47 32 20
4 42 30 6
38 2 3 22
15 40 8 11
7 47 3 23
14 25 6 18
8 24 2 8
2 45 45 14
10 45 7 39
20 32 3 20
28 10 37 11
2 33 37 14
30 14 13 20
12 23 8 39
2 38 6 14
7 49 28 5
12 43 16 13
3 43 6 15
39 23 12 0
10 44 30 9
2 30 34 22
19 36 24 21
2 13 44 16
4 40 2 13
13 21 6 36
15 46 34 10
14 28 1 13
28 18 13 10
24 28 24 23
14 15 4 25
10 35 34 21
2 38 44 19
18 16 9 10
7 41 3 6
8 49 3 12
31 3 6 18
26 42 13 18
36 29 8 1
17 45 2 25
24 19 26 49
1 23 29 35
7 43 46 20
3 29 11 6
19 13 24 38
13 45 29 49
7 37 6 46
10 38 3 16
28 8 21 28
6 45 32 24
1 41 0 46
33 23 8 5
9 42 0 9
15 32 0 36
13 44 16 13
8 29 35 33
4 40 1 8
18 35 6 26
10 41 3 13
27 21 10 5
12 37 15 7
2 41 8 47
8 34 35 35
37 34 12 47
30 37 3 7
45 23 6 1
42 49 6 11
7 48 4 8
29 7 11 26
48 41 21 39
42 37 17 27
9 16 6 14
45 39 23 5
28 33 10 45
37 8 40 15
2 38 35 31
11 22 5 15
14 45 8 44
25 38 19 19
6 43 2 19
3 23 16 38
49 33 24 3
27 34 44 14
17 34 7 5
0 33 2 15
6 40 0 19
10 28 39 20
2 42 33 28
1 39 7 10
4 34 45 23
8 13 17 22
42 25 11 2
9 38 34 24
34 43 2 17
45 28 3 7
10 35 12 25
0 34 18 26
22 41 41 39
37 21 23 22
6 44 0 14
7 38 19 13
2 42 3 23
6 27 1 15
7 35 6 8
11 37 3 18
5 45 15 26
12 27 18 38
3 33 29 15
5 24 11 28
19 22 5 16
43 8 7 15
4 40 9 28
6 23 1 20
27 6 15 9
6 45 24 8
37 13 2 41
13 31 0 13
9 7 41 22
3 45 13 49
4 43 4 35
11 32 46 29
46 19 47 12
15 38 3 20
28 19 3 21
0 43 13 46
9 34 9 46
1 44 12 36
2 46 8 38
35 9 5 48
15 43 42 32
0 40 4 39
10 38 28 24
11 26 2 9
13 46 23 12
8 47 19 24
36 34 11 18
8 39 6 13
29 3 17 18
40 11 15 28
13 45 6 18
0 48 5 9
24 27 2 37
15 33 14 1
8 48 4 21
7 46 9 28
24 17 12 24
8 34 48 16
23 40 12 14
16 44 49 13
12 49 13 39
5 38 7 22
30 34 26 20
0 36 0 5
10 19 7 10
9 48 5 20
3 42 29 17
18 20 3 6
3 42 6 5
17 40 29 39
5 25 1 47
2 42 5 14
21 29 19 38
7 37 11 26
40 43 2 15
7 40 1 26
11 30 0 17
6 43 2 17
4 26 0 17
2 46 3 28
7 38 12 24
23 8 21 43
10 41 32 35
39 17 8 43
26 37 17 20
39 40 18 28
30 21 3 21
9 42 43 4
9 44 4 10
31 31 32 12
19 20 10 2
10 37 2 12
10 7 16 29
11 38 30 19
9 29 30 38
20 34 0 13
26 25 32 28
11 12 5 9
31 30 4 6
42 43 28 46
24 45 5 17
21 26 1 18
1 44 6 10
22 26 9 0
5 9 8 12
36 7 16 3
19 29 6 48
27 16 8 35
22 37 1 40
0 32 12 36
13 22 34 25
41 41 44 21
1 13 6 20
5 47 4 19
12 45 15 3
39 25 19 22
3 47 15 48
49 45 7 6
6 39 7 18
22 34 7 37
36 7 2 44
4 26 30 21
2 46 18 4
23 46 2 26
15 13 3 31
14 17 23 26
43 29 29 29
14 8 6 27
10 39 4 39
15 46 21 16
7 42 0 19
16 38 1 9
41 29 1 5
8 39 12 33
6 45 9 35
40 18 5 3
19 47 9 3
21 36 8 44
7 26 17 32
10 45 10 14
28 27 2 12
8 42 1 23
5 42 9 23
27 31 12 2
30 26 6 20
5 38 19 14
8 28 6 11
32 16 10 46
1 38 2 8
6 37 7 32
6 23 3 15
7 42 10 27
3 37 30 30
23 29 7 3
25 38 9 19
8 43 0 13
20 35 8 7
36 33 7 19
6 42 9 18
34 3 5 22
27 16 3 28
12 45 5 8
7 39 28 45
27 48 4 20
12 33 8 6
15 8 0 12
12 43 9 45
4 38 18 48
39 39 30 45
8 34 28 41
40 5 6 38
15 48 5 11
22 48 5 21
19 34 2 31
7 22 46 27
9 47 40 8
14 31 23 38
12 38 2 24
5 19 16 29
28 44 12 44
4 44 15 42
6 44 17 44
18 21 44 24
16 35 9 15
13 41 33 18
28 13 10 34
19 0 14 23
9 36 15 41
26 24 4 4
1 44 4 21
13 47 4 11
12 46 25 12
5 40 23 30
17 2 20 27
11 28 12 10
19 11 15 47
7 47 2 33
23 35 16 40
9 33 7 15
7 45 6 0
4 42 17 32
33 26 5 21
33 18 18 40
0 44 15 8
27 7 16 43
20 34 24 27
45 36 26 40
28 40 13 38
8 28 12 45
43 22 2 8
43 24 5 24
9 37 3 11
25 21 6 12
2 37 25 39
10 39 2 5
17 20 19 29
30 34 35 25
30 22 1 44
11 41 6 3
14 23 16 12
18 4 39 10
12 40 44 18
25 9 13 22
12 19 8 9
17 37 6 24
42 43 8 11
6 48 16 8
6 33 6 9
19 25 38 17
5 24 5 48
4 47 15 45
10 49 12 17
32 30 42 4
24 25 0 13
36 15 3 20
43 10 3 47
5 49 1 10
10 44 29 15
34 29 9 10
7 40 22 25
12 32 25 29
10 40 11 14
1 39 8 24
3 40 6 42
35 26 24 22
20 44 17 6
25 36 20 25
16 33 11 33
11 39 11 15
6 26 46 22
2 11 19 28
0 36 41 11
6 37 18 27
10 45 1 11
31 38 14 13
34 28 4 11
29 32 43 15
43 13 9 24
23 44 8 15
38 29 21 41
23 31 39 11
33 37 24 23
12 28 18 23
33 39 25 33
6 45 3 21
3 46 1 6
8 49 0 24
9 33 3 15
5 43 35 19
18 42 48 28
17 42 43 28
36 20 15 46
22 29 27 19
15 31 9 18
4 45 0 20
17 43 8 11
22 7 2 19
16 33 15 13
5 46 23 28
5 39 5 13
16 43 13 12
13 45 14 21
8 41 0 28
36 25 41 22
8 45 10 19
7 35 2 8
25 26 12 12
8 37 8 43
18 37 3 27
2 41 3 15
4 48 14 28
30 14 7 47
12 23 23 12
44 15 0 13
4 40 9 35
32 43 5 18
21 26 9 12
37 13 4 8
19 37 4 23
5 48 18 18
19 46 21 20
3 25 7 46
2 45 6 3
23 34 4 15
17 3 5 19
13 28 33 17
21 22 27 36
40 41 43 29
4 39 13 34
7 38 17 45
3 43 9 14
17 44 13 42
18 18 12 1
13 35 21 17
4 41 6 7
28 36 4 8
28 29 12 16
27 25 1 9
0 41 32 20
33 14 28 20
41 17 3 17
0 19 1 42
6 43 1 23
5 38 7 2
29 43 1 10
34 13 11 10
38 39 19 34
18 48 8 16
25 33 9 35
21 26 3 7
12 21 22 33
6 16 11 16
19 22 27 27
6 22 10 8
21 38 7 40
0 42 20 30
1 43 9 35
39 18 22 26
24 17 5 5
14 40 27 1
24 5 9 6
17 2 8 20
1 30 9 17
34 8 33 16
20 30 18 47
37 19 6 46
5 48 22 24
15 8 0 36
8 21 3 28
3 41 44 21
4 49 35 19
7 40 13 25
12 38 15 30
6 39 33 11
1 41 6 10
21 5 6 46
6 13 34 7
9 44 4 14
4 41 12 21
15 2 13 25
24 5 5 19
33 32 20 30
34 12 34 27
11 32 27 35
5 40 18 8
24 23 0 7
2 8 28 19
45 26 21 45
7 48 8 40
11 45 26 25
3 47 8 14
5 47 4 11
5 31 29 39
9 36 27 21
19 46 2 7
27 25 16 24
5 42 4 21
25 27 9 18
4 42 1 11
9 42 45 30
36 33 7 23
7 38 1 8
37 12 12 2
1 32 12 24
42 21 17 39
41 41 12 19
7 6 9 17
19 46 0 9
37 18 2 15
7 45 8 7
28 35 12 3
46 46 46 8
44 32 13 16
21 28 27 23
12 40 48 15
2 38 15 21
32 22 1 19
18 25 3 15
37 6 4 10
9 41 21 28
30 25 20 45
1 40 10 17
8 44 11 14
14 44 3 16
6 21 21 16
21 10 13 31
3 32 24 38
45 35 5 10
8 47 40 37
7 35 18 32
0 43 9 12
7 44 15 14
17 43 12 40
11 38 6 44
24 46 48 1
41 28 26 32
35 40 27 13
6 46 13 18
6 44 25 42
9 37 4 25
0 43 10 18
4 40 13 17
39 38 25 15
10 32 12 12
25 23 46 10
13 9 11 34
5 41 18 13
16 29 7 6
7 24 28 15
2 34 11 11
18 36 0 6
31 28 1 49
4 48 4 14
9 44 22 37
25 12 40 26
36 6 3 16
7 45 40 16
39 29 15 27
15 28 11 11
10 21 0 15
35 30 9 24
16 15 15 7
44 29 6 19
19 30 1 17
8 28 21 18
49 28 13 39
33 25 7 16
47 40 20 49
32 21 24 39
0 47 0 19
1 46 2 33
11 33 5 16
5 5 26 12
30 5 1 30
37 20 21 42
16 35 9 14
24 40 11 6
4 41 45 26
9 33 1 33
25 9 9 15
17 12 9 23
3 38 12 19
43 35 8 12
16 44 12 48
8 43 16 42
8 0 14 6
23 32 0 14
11 48 2 21
13 37 7 8
21 26 4 32
2 40 6 20
10 44 20 9
5 43 9 18
37 31 33 33
20 3 34 30
5 39 14 5
39 10 34 14
12 5 18 39
32 41 11 6
3 40 5 11
33 20 12 8
15 21 17 30
5 38 12 26
5 33 36 24
10 32 29 19
15 49 1 34
10 36 21 25
0 13 0 18
42 36 7 14
1 38 0 14
15 36 34 38
31 45 15 29
4 40 3 46
26 17 17 16
2 15 5 22
4 41 9 20
23 20 29 35
3 26 11 21
8 43 15 42
5 41 38 27
4 13 9 13
20 26 33 8
2 10 17 19
27 13 30 2
14 32 27 46
36 37 25 8
10 32 2 7
13 46 15 0
20 38 1 29
1 32 20 36
14 40 2 36
28 39 29 27
2 33 26 14
6 39 15 30
10 25 21 46
11 43 28 15
14 43 7 48
17 35 34 31
11 39 8 0
3 46 11 16
39 45 14 11
3 38 9 16
4 47 4 33
19 36 38 30
29 30 5 45
5 36 22 39
3 40 23 45
1 49 0 34
15 22 17 14
44 41 49 30
7 38 26 18
4 32 9 36
13 46 34 23
26 4 4 10
8 41 21 46
14 13 7 2
21 42 18 16
29 25 1 24
33 16 17 27
12 25 0 17
10 35 3 7
9 26 0 9
18 34 48 5
30 20 10 6
1 46 2 20
4 31 21 42
23 26 1 9
12 23 12 29
8 38 28 17
14 27 46 18
30 36 2 27
29 10 17 40
2 42 18 38
12 43 1 20
7 48 24 29
35 8 4 17
29 13 1 10
12 27 17 10
9 18 7 15
10 40 8 48
14 45 5 10
10 14 23 28
4 27 0 9
7 39 1 29
4 9 24 7
25 23 9 20
1 12 13 19
23 19 6 49
3 19 20 15
26 22 12 47
13 49 43 16
32 37 7 19
30 23 10 48
32 20 5 41
6 42 2 21
12 41 20 40
25 22 8 8
44 12 12 31
17 7 27 16
10 2 3 5
29 39 23 37
7 48 47 16
32 42 15 12
19 40 43 30
5 49 8 15
6 3 1 11
0 40 7 38
1 13 47 17
48 39 0 36
43 30 21 26
9 40 9 4
14 46 47 11
7 49 5 28
7 47 3 22
11 15 20 25
19 45 32 31
6 25 1 26
35 25 6 1
11 40 5 15
16 30 13 16
20 2 11 47
15 15 10 14
14 5 13 10
19 4 13 39
14 42 12 37
8 36 18 19
10 44 16 14
2 8 14 36
30 21 29 46
44 14 13 6
4 1 7 14
15 43 2 0
49 46 6 4
23 27 3 11
9 47 0 18
22 28 12 47
18 6 7 7
23 14 3 12
8 34 7 11
28 30 36 20
27 41 12 21
36 7 12 16
26 47 12 41
11 47 41 22
9 30 14 44
13 46 3 47
12 14 3 8
34 22 6 23
9 43 3 45
10 28 20 37
10 40 5 43
13 16 8 1
22 16 8 25
7 37 15 13
10 47 37 3
30 29 35 20
4 23 25 35
38 8 18 9
5 47 4 4
26 44 13 36
7 36 16 15
4 47 0 13
6 36 21 19
1 36 2 1
4 39 18 47
9 44 2 13
36 27 36 12
7 45 3 13
4 44 28 22
44 31 46 11
2 38 7 12
12 48 43 24
8 35 0 20
35 29 10 13
5 38 7 10
12 37 10 18
5 46 5 6
26 5 31 48
3 47 12 46
8 48 8 31
1 43 7 8
3 34 3 12
31 17 3 36
12 31 2 29
35 45 17 35
3 40 1 13
31 30 14 27
4 42 2 16
3 47 38 11
17 45 17 28
8 46 14 16
34 39 9 8
23 18 46 13
8 41 33 20
0 39 15 11
8 28 44 10
10 41 4 11
10 23 5 16
13 16 3 38
21 46 16 18
2 31 29 27
7 26 3 15
37 34 14 34
8 46 46 22
2 42 47 1
39 16 2 46
31 19 20 39
7 36 44 14
31 0 45 13
7 44 24 21
28 33 2 9
9 35 15 19
21 34 11 5
31 25 11 22
33 15 3 34
2 20 9 19
0 49 5 14
6 36 6 4
31 12 21 2
31 41 10 26
6 35 18 42
2 49 48 20
9 39 12 19
35 36 4 7
36 14 3 42
14 9 3 39
12 47 19 30
11 47 43 11
15 27 5 18
5 44 10 40
11 41 25 34
27 35 9 8
2 3 16 33
22 28 1 19
9 13 36 23
40 27 18 7
9 14 6 32
5 35 9 11
14 14 15 8
15 2 7 7
18 38 10 26
0 37 41 4
23 36 10 9
31 17 6 0
20 7 37 24
7 23 4 5
5 43 18 20
2 46 20 36
38 20 5 12
7 38 4 18
29 10 1 5
19 24 3 17
28 35 0 1
20 32 31 9
8 24 9 8
1 45 21 8
21 14 31 44
0 5 5 14
13 32 16 19
19 44 4 26
15 46 7 1
32 21 11 17
12 40 33 25
10 2 10 13
10 24 33 23
22 36 9 16
26 48 39 42
16 26 42 28
14 10 2 2
16 49 6 48
6 48 9 13
25 0 4 13
17 9 12 5
42 38 6 6
14 40 1 15
43 6 4 7
28 7 5 12
18 41 6 20
21 37 2 7
21 10 7 17
27 18 12 43
21 39 33 13
0 43 1 37
7 39 16 43
8 44 4 14
15 15 41 27
13 43 9 18
9 42 5 46
9 31 4 11
9 46 11 3
5 42 0 25
16 42 32 19
13 44 2 4
29 41 11 25
7 45 10 2
26 25 1 42
4 42 10 45
16 18 0 29
1 35 1 24
15 38 9 7
20 28 9 6
8 30 3 31
27 42 1 0
12 19 22 34
32 25 3 44
30 9 6 17
33 48 25 13
28 24 5 6
12 35 3 12
8 44 23 37
13 33 7 4
39 44 19 44
32 36 26 25
17 42 7 19
49 29 2 17
9 41 18 32
41 25 4 19
26 9 12 13
20 28 6 47
8 46 9 21
9 22 12 6
6 44 18 27
39 25 40 11
1 43 13 16
14 43 5 6
32 45 2 24
38 2 46 20
35 30 0 43
23 29 9 19
10 40 12 20
8 21 40 11
34 15 4 23
2 46 25 23
5 42 28 25
4 44 11 14
42 23 6 6
12 10 10 14
5 47 3 17
24 28 4 10
48 6 0 16
27 0 13 8
12 37 11 10
31 19 1 6
18 36 9 12
3 37 6 6
25 41 15 41
26 6 7 24
34 12 5 19
6 14 9 7
23 5 41 19
19 18 41 28
29 42 0 24
2 39 5 16
0 42 1 10
19 40 23 48
6 43 22 27
22 2 17 12
19 30 10 11
6 34 1 14
19 23 40 6
11 33 16 40
8 45 6 24
15 44 20 23
17 41 32 39
7 9 1 47
11 42 6 37
19 31 10 20
41 9 26 8
31 48 21 27
28 42 13 45
10 42 0 17
15 41 0 18
7 37 2 19
45 22 11 37
17 29 2 41
19 25 47 18
5 45 15 33
10 47 1 9
10 41 14 35
10 38 15 48
8 39 27 35
11 40 4 4
6 8 6 16
8 32 20 46
5 40 12 29
22 43 0 39
23 24 9 45
6 47 15 42
29 3 29 31
2 47 14 41
13 16 39 24
11 42 10 22
35 17 13 7
20 5 22 22
16 29 36 10
20 34 15 28
24 24 15 19
8 42 1 27
5 37 7 3
13 33 5 25
19 47 10 17
12 47 33 16
5 38 5 3
26 32 37 30
21 33 0 15
28 30 2 39
4 44 19 31
44 49 0 21
7 44 1 47
27 18 18 41
40 33 10 22
23 48 8 3
9 45 4 20
5 30 17 25
10 46 3 34
6 34 0 36
25 48 5 19
8 42 16 12
9 48 29 3
19 17 0 9
37 30 23 42
16 39 0 6
0 43 13 48
2 38 6 47
33 25 0 14
9 47 15 15
3 30 13 29
11 35 14 13
21 45 3 6
0 43 11 36
8 39 21 12
8 49 5 41
4 39 7 44
30 24 3 18
8 39 0 3
14 26 20 24
29 30 9 18
4 19 10 49
12 45 0 6
31 24 5 21
3 48 26 24
23 27 7 16
46 42 44 20
25 18 2 2
14 11 8 16
20 15 23 27
17 0 17 11
23 7 16 24
12 29 11 43
24 24 26 34
30 40 15 12
25 34 6 7
14 29 30 15
21 26 4 15
2 45 19 26
4 43 19 23
15 46 2 25
23 15 0 18
8 38 12 23
19 14 8 20
10 44 23 46
8 40 24 37
4 36 35 25
0 35 12 43
20 48 5 11
1 41 10 13
14 29 44 21
31 31 20 34
20 38 23 33
32 44 27 7
14 8 1 16
7 36 19 30
17 43 20 17
32 46 10 2
33 22 5 33
10 31 21 13
7 42 44 28
7 28 15 30
10 44 1 43
24 45 8 13
7 47 4 11
6 40 48 24
38 30 17 40
24 36 4 1
12 46 12 19
18 46 0 13
26 17 18 32
20 37 14 26
5 20 9 24
5 42 17 26
4 39 43 29
5 38 4 18
3 41 11 6
13 15 16 23
15 21 5 16
6 35 8 6
6 48 28 16
3 36 7 12
9 36 18 16
22 14 20 40
1 38 44 23
12 44 13 48
20 8 23 18
45 20 38 18
15 5 10 45
37 17 36 5
14 45 5 12
1 46 19 47
34 22 21 18
36 27 30 30
