50 63 16118 800
16 8 5 4
20 8 39 41
32 2 40 30
2 28 40 15
33 7 8 3
7 25 39 41
18 31 3 10
12 12 39 31
36 10 5 48
16 17 0 6
24 2 25 26
8 39 43 49
31 4 13 22
27 5 31 36
13 13 9 49
2 4 11 31
13 22 13 36
22 3 37 27
4 3 2 48
2 21 7 45
25 18 27 26
2 24 8 46
30 3 10 24
17 10 47 45
38 15 9 46
9 30 5 7
34 10 49 43
13 7 17 30
23 14 48 44
10 23 17 14
1 30 39 43
19 12 22 23
29 19 11 8
7 8 19 17
11 24 9 48
30 4 9 11
41 5 42 34
10 33 5 47
17 20 10 46
1 33 30 41
4 25 7 47
0 20 45 46
15 15 8 46
7 25 25 32
29 13 44 40
40 5 19 7
24 15 2 49
0 24 32 39
5 37 39 39
5 24 23 38
26 7 3 8
0 13 30 29
7 5 32 41
1 23 45 48
16 16 8 12
43 7 12 8
11 48 2 2
1 16 31 20
12 22 17 41
37 15 4 5
27 43 9 47
1 26 18 20
37 33 25 9
