50 634 18457 800
34 23 12 41
14 44 26 10
4 10 24 16
33 28 23 48
38 28 22 8
9 48 22 1
40 37 16 43
30 25 49 26
20 33 7 17
21 31 38 15
2 26 37 17
5 45 49 26
4 24 19 6
42 28 30 29
43 23 18 1
43 20 39 34
44 18 40 8
25 37 36 34
28 26 20 9
44 37 30 27
38 11 40 32
6 19 1 14
41 35 37 18
43 33 37 41
31 33 24 5
10 29 23 47
34 13 3 6
21 4 3 8
12 17 26 33
38 16 41 21
35 37 45 24
13 36 30 45
39 3 16 2
11 33 16 6
13 22 15 8
42 13 23 1
42 25 25 6
24 47 34 25
21 26 11 23
18 13 45 30
11 21 5 6
18 22 44 25
9 33 40 30
27 45 49 38
4 42 48 27
7 35 4 16
35 21 19 45
35 21 20 5
41 17 33 26
6 45 22 3
38 22 20 7
17 41 39 25
30 37 8 19
14 26 17 42
34 19 47 25
22 33 41 31
22 18 15 12
8 42 40 28
42 48 23 9
0 47 30 22
25 49 24 7
14 27 44 31
4 31 7 17
9 28 5 0
7 32 6 26
24 43 19 4
1 44 20 8
0 46 43 25
39 27 46 24
11 28 0 21
36 23 28 18
29 34 45 30
43 15 22 4
24 23 39 29
14 20 17 28
40 14 35 19
8 27 37 38
23 34 9 9
1 42 34 25
48 26 14 18
46 28 40 25
4 47 5 10
13 24 22 45
3 31 36 35
40 41 40 26
24 25 45 30
13 28 37 16
10 36 36 31
26 38 20 2
11 48 17 4
36 48 26 7
10 46 23 3
48 39 22 11
41 6 16 23
15 12 37 34
8 44 22 4
0 26 17 8
31 30 17 5
8 42 28 13
41 24 24 3
46 30 7 21
19 30 29 7
4 30 7 20
41 20 36 31
6 49 5 9
45 27 32 24
22 35 48 27
5 19 1 18
41 14 17 5
24 17 42 23
48 6 49 22
15 25 1 4
15 33 39 26
19 32 5 12
24 28 5 8
3 17 7 20
13 41 24 9
32 16 41 35
41 25 18 7
11 11 43 38
3 37 35 22
0 27 4 13
18 44 38 19
5 30 37 25
2 25 48 38
4 30 20 4
23 15 12 7
27 39 35 32
15 7 42 35
7 25 39 29
6 32 25 22
45 21 46 31
6 35 43 35
47 3 39 34
45 34 13 30
28 17 25 34
1 44 6 16
5 35 14 5
10 23 21 8
5 41 42 32
36 49 47 32
19 34 19 2
5 21 45 32
15 44 40 33
10 40 16 4
47 19 21 9
11 39 44 33
5 39 36 28
3 23 41 28
43 28 33 20
26 35 26 1
47 33 41 27
0 40 12 23
39 23 40 29
44 31 33 39
33 32 46 30
15 33 25 9
43 20 46 36
34 28 33 38
4 38 43 27
28 34 43 24
3 32 40 25
44 46 44 37
45 31 19 12
25 39 39 24
16 46 31 33
2 20 42 29
39 26 0 1
46 2 17 5
6 17 46 32
47 33 41 31
47 33 34 27
43 30 39 34
20 27 48 21
38 14 18 6
1 26 18 27
34 29 14 6
42 15 20 4
2 40 17 1
34 20 31 32
35 36 37 30
7 30 19 2
47 19 8 43
11 42 28 8
39 14 37 18
43 28 21 5
12 29 42 30
18 49 24 2
8 18 32 28
48 34 15 14
44 48 9 6
44 35 41 24
12 47 37 32
6 35 6 9
37 32 6 11
1 13 38 28
42 37 20 7
2 42 48 27
7 47 19 7
7 44 17 4
39 40 28 8
46 3 18 6
40 26 21 13
25 45 2 29
42 32 27 26
22 34 19 7
14 48 22 6
3 32 11 6
41 25 20 12
16 38 46 27
37 7 23 36
49 27 10 8
29 20 5 44
39 11 48 42
33 38 11 22
38 16 11 5
48 33 5 33
6 24 15 17
1 35 36 28
36 15 37 31
12 37 40 25
35 28 38 25
3 36 38 30
4 36 36 39
8 40 11 8
45 24 36 38
44 32 42 27
8 14 43 30
44 22 19 2
48 22 25 9
45 17 42 30
6 39 45 31
29 29 17 14
5 7 44 27
17 38 36 29
37 19 39 33
35 24 7 3
41 27 22 0
27 37 38 48
14 15 9 39
39 13 22 9
4 38 18 3
31 45 41 34
20 45 43 28
7 30 34 30
20 14 15 6
46 19 26 8
25 35 16 42
29 35 8 28
0 17 33 31
0 32 46 42
30 28 42 46
23 5 18 9
11 46 14 5
9 17 38 32
23 36 7 11
49 23 37 31
12 49 20 2
19 37 43 33
0 24 42 34
11 39 47 35
39 22 2 15
10 40 19 4
2 23 45 4
25 43 11 45
33 36 44 28
47 15 19 4
36 40 39 33
6 43 39 30
39 26 39 21
36 15 39 24
7 34 24 2
20 10 38 5
37 37 16 43
40 15 12 24
27 6 19 43
48 21 33 37
39 16 3 26
24 30 43 36
38 25 48 30
45 18 18 8
35 38 30 30
2 31 3 4
2 25 25 2
1 49 9 8
49 13 46 36
0 27 9 12
33 38 26 45
23 20 15 44
7 45 47 29
22 24 41 34
2 29 25 0
6 30 6 8
14 24 37 26
16 29 39 32
40 32 44 24
19 16 35 36
49 37 21 2
8 47 29 24
35 20 37 31
16 22 17 33
1 21 39 26
18 33 36 37
21 48 36 34
9 12 21 2
11 49 21 4
7 29 2 30
22 44 41 12
5 20 39 33
41 20 39 39
38 11 46 33
27 37 42 30
6 27 45 34
8 34 21 8
32 19 44 26
40 15 21 9
4 22 22 4
37 27 35 35
33 27 39 23
22 40 34 21
38 23 46 28
44 17 14 8
2 42 36 30
0 40 42 32
22 30 41 28
24 48 5 19
40 31 1 16
18 33 20 9
2 24 13 11
37 5 6 27
39 41 39 36
19 42 38 35
14 25 8 38
46 27 38 2
1 41 19 22
0 16 48 19
16 41 37 28
13 47 44 28
22 41 39 37
5 10 20 6
41 18 15 8
46 43 49 31
46 28 17 41
6 40 11 19
30 27 15 19
16 20 38 16
9 38 16 1
32 41 39 39
22 48 19 4
31 6 46 2
48 21 44 41
28 16 39 24
1 25 35 32
34 25 8 19
2 18 44 26
31 18 14 1
2 31 20 30
30 6 21 30
35 27 42 23
33 47 20 8
40 16 40 31
40 24 21 36
0 22 23 4
49 13 30 42
13 40 21 5
23 39 26 1
49 25 27 47
22 42 10 32
2 33 13 44
33 26 48 33
20 28 9 11
26 28 0 11
11 43 1 8
22 49 38 38
44 12 19 41
24 33 20 6
11 26 8 20
43 22 0 12
5 36 1 8
42 19 37 27
1 26 24 7
1 22 43 32
44 23 26 4
25 26 42 24
38 27 42 31
47 38 5 24
2 26 38 18
5 35 41 19
27 19 18 11
5 42 18 2
8 36 44 23
2 19 27 5
17 49 39 27
24 38 40 27
17 48 24 8
2 17 21 38
14 42 25 22
5 43 20 10
27 31 40 25
27 49 11 29
49 19 38 30
20 42 24 11
23 39 38 32
19 44 47 25
0 20 9 15
8 39 16 3
45 30 37 28
42 21 45 28
13 29 37 33
14 45 38 29
41 10 44 37
32 16 15 41
49 19 17 7
15 35 41 35
38 31 15 4
2 23 23 0
20 25 35 30
19 24 32 2
19 40 40 27
15 36 49 32
2 22 10 6
41 27 49 38
37 30 6 4
5 46 26 17
28 24 11 26
27 35 47 27
22 40 37 31
33 24 31 17
3 32 40 26
45 25 19 1
41 24 46 29
25 46 3 10
36 35 46 26
25 49 9 0
34 24 40 29
17 36 46 23
41 44 21 9
20 46 2 4
43 11 8 48
29 46 23 5
13 44 37 30
6 38 26 10
39 47 4 8
34 34 23 7
35 11 44 37
18 32 43 24
3 46 25 40
11 34 35 24
34 18 47 39
39 7 38 32
44 23 28 10
12 22 49 30
43 10 38 30
40 12 23 8
11 26 27 7
32 15 35 26
18 46 24 27
31 26 42 27
44 32 43 23
24 47 5 14
19 38 33 30
25 35 40 30
16 40 10 21
28 35 40 34
35 16 18 39
39 44 12 25
9 47 19 6
31 14 1 0
46 26 13 3
49 17 16 39
32 37 30 40
18 43 22 4
9 14 19 7
23 19 20 21
21 40 1 1
30 46 19 10
42 21 23 15
37 32 27 25
4 13 22 3
15 47 12 24
47 24 34 29
31 32 21 10
1 25 10 35
6 30 43 28
37 15 19 3
25 49 14 5
43 35 24 14
30 33 39 32
14 43 47 33
41 22 16 29
44 26 20 43
14 32 4 48
12 36 19 0
33 24 24 3
43 35 25 15
25 40 37 40
33 29 1 39
11 20 18 49
41 23 3 4
3 44 28 27
45 36 44 29
16 42 28 5
33 32 5 48
28 27 45 42
38 33 21 5
39 21 30 5
9 39 16 6
14 43 23 7
42 28 21 9
3 28 39 33
9 37 20 6
5 38 18 15
11 36 44 29
11 47 22 1
2 38 32 36
3 41 16 19
22 41 49 26
4 27 0 5
47 25 26 3
14 37 35 40
45 17 1 17
9 23 44 24
11 42 0 10
29 20 41 34
47 39 46 24
33 11 38 39
4 33 16 15
46 18 44 30
1 41 25 29
22 40 21 6
34 29 44 4
22 49 39 35
32 2 43 19
46 8 36 32
39 37 43 36
42 39 40 36
41 24 5 20
25 33 24 8
21 28 10 22
1 49 39 24
3 29 44 29
0 38 4 16
14 45 49 8
39 44 9 42
38 14 14 5
14 19 0 7
39 49 9 4
40 47 15 15
9 35 35 32
45 29 20 9
46 20 38 31
17 40 26 14
33 40 20 1
5 43 23 5
15 24 3 19
30 29 2 33
36 21 46 24
16 15 7 12
41 28 7 37
34 16 8 13
30 21 34 39
5 33 20 26
36 2 20 5
9 31 21 4
15 21 40 18
29 37 38 37
38 24 0 15
13 28 47 38
14 33 19 11
8 40 4 22
5 22 48 29
10 32 9 12
25 47 23 5
2 7 37 26
0 44 45 35
47 23 10 9
10 25 23 47
4 42 22 8
12 26 39 31
27 33 46 31
47 22 38 24
19 44 34 45
2 18 20 5
7 44 17 3
32 21 25 5
7 26 4 5
22 45 38 27
19 48 16 20
49 32 1 7
26 30 22 9
37 30 18 2
34 27 44 34
22 27 0 16
27 27 44 32
2 32 37 40
40 36 13 10
41 10 15 13
27 21 32 28
25 42 4 22
2 35 48 28
6 15 43 40
44 24 13 6
45 21 38 28
10 42 20 46
24 9 40 31
23 11 12 27
43 42 6 24
28 40 17 8
49 10 25 32
11 20 23 9
44 19 12 9
8 39 23 7
30 26 22 3
0 46 45 18
18 22 42 31
12 46 18 4
38 28 46 35
38 10 47 21
34 12 42 33
10 29 30 9
36 20 24 5
0 38 10 18
17 36 38 30
15 48 25 2
25 45 35 33
37 23 3 6
8 46 29 8
29 36 19 10
12 26 38 21
41 34 5 21
28 25 37 18
24 45 43 30
9 27 47 35
24 36 1 23
