50 1290 12791 800
19 3 25 8
36 6 19 18
42 21 15 43
36 10 7 7
19 42 36 8
47 40 8 5
47 44 20 4
6 3 20 22
16 24 20 12
4 18 1 12
25 22 17 29
19 41 18 15
16 38 28 16
19 40 16 6
16 3 24 0
7 4 2 10
44 32 14 13
17 33 24 16
36 12 2 4
8 27 22 41
49 8 26 28
47 37 16 14
20 11 23 20
14 36 15 22
17 36 46 13
38 26 23 24
43 40 24 18
19 39 33 32
37 2 33 38
20 38 26 18
34 8 13 11
4 36 12 7
19 37 20 24
36 10 6 14
18 2 4 38
3 39 42 3
18 20 47 15
18 39 30 0
0 27 6 0
6 33 17 23
23 29 41 46
47 4 1 18
19 2 42 32
44 32 16 14
39 7 24 19
23 6 7 12
46 3 37 7
23 0 7 7
14 10 7 6
45 0 28 42
2 31 8 20
15 38 14 12
8 23 17 21
35 12 32 16
36 12 18 18
7 40 3 8
34 9 22 11
20 37 18 28
41 31 16 12
20 4 3 3
1 37 5 8
18 8 27 7
2 33 10 34
1 25 4 8
44 7 1 0
41 33 9 20
4 29 20 9
26 14 20 0
25 16 7 21
32 4 3 7
13 30 6 2
4 40 16 41
13 24 30 6
42 11 37 7
39 27 20 14
42 35 20 16
14 9 7 5
0 8 48 7
11 28 28 27
15 11 24 8
16 26 10 12
33 10 12 21
47 37 10 24
5 33 23 14
17 37 0 8
16 36 10 15
15 33 30 14
48 3 7 4
19 10 29 16
22 37 39 5
10 26 7 11
43 38 2 3
45 43 2 6
11 30 16 7
13 19 21 19
18 34 37 6
47 31 20 39
33 13 1 10
15 9 7 9
18 12 27 25
17 8 3 5
46 5 8 10
46 29 20 16
46 12 2 10
48 35 19 7
12 4 22 14
24 24 4 8
28 10 41 18
14 14 4 20
17 39 9 7
30 8 7 8
15 8 38 25
3 40 4 19
21 0 13 7
7 22 17 2
17 37 17 31
38 11 2 33
1 28 32 19
15 37 24 24
3 8 21 9
13 25 11 5
40 13 8 4
37 10 13 40
42 4 21 18
16 40 30 28
0 34 10 4
0 33 14 19
16 40 29 7
1 31 9 7
31 19 9 5
39 10 39 26
19 39 30 9
47 1 37 13
15 11 38 0
9 4 34 8
20 20 26 3
13 11 9 12
19 2 9 7
16 32 19 10
14 27 45 37
33 8 10 4
21 42 13 40
14 33 37 8
36 13 2 14
42 15 23 21
35 8 48 1
14 26 46 10
45 7 38 10
31 28 31 33
18 34 14 11
21 6 26 17
12 1 23 12
17 0 16 12
16 22 4 4
41 38 11 17
1 26 27 26
35 15 4 5
36 13 4 14
30 21 35 12
16 4 22 15
28 7 38 4
8 29 12 19
19 38 15 9
14 39 24 37
22 36 7 11
47 36 4 5
44 41 24 5
1 33 4 13
5 42 22 15
16 17 8 8
23 34 38 7
16 39 8 12
12 4 22 19
2 29 19 4
14 31 2 10
10 27 20 6
11 29 7 13
11 26 36 19
13 24 42 49
23 27 31 34
21 41 27 14
28 29 2 2
8 7 13 10
24 4 31 8
17 26 19 13
47 9 15 16
17 34 25 48
41 6 23 3
45 27 7 11
11 18 48 8
16 37 29 24
8 29 24 3
42 36 36 45
25 15 14 25
46 34 7 22
15 31 0 8
1 31 20 2
41 7 31 22
4 30 19 34
16 0 34 32
16 8 14 22
42 31 33 12
7 10 2 39
13 29 15 7
48 32 16 27
19 36 16 22
5 31 8 9
7 36 19 12
37 8 49 25
17 36 29 4
38 7 41 31
14 41 8 28
8 23 1 5
28 9 5 30
12 28 20 18
21 38 25 29
9 5 0 7
16 9 20 12
13 0 30 8
12 0 6 6
38 15 8 10
0 19 31 22
44 6 21 17
18 10 10 9
37 28 34 2
48 4 29 18
11 6 41 20
6 36 39 18
34 8 16 14
14 1 10 25
37 8 15 19
43 1 27 7
40 0 30 8
42 2 28 16
18 35 18 12
6 1 1 9
22 37 36 14
6 9 17 18
46 44 13 11
7 38 0 4
18 36 31 3
22 39 14 2
16 40 2 16
20 15 0 21
8 26 30 9
1 24 17 11
8 23 33 14
27 19 25 29
23 2 6 9
5 23 42 39
3 19 9 5
41 5 28 12
19 17 40 6
5 39 19 35
23 38 18 13
19 42 12 15
37 1 21 5
15 24 26 11
35 10 14 25
42 8 30 19
28 3 23 1
8 21 10 15
24 45 40 8
17 37 15 15
31 10 43 29
2 21 27 29
25 42 21 12
39 0 6 21
47 34 48 7
23 0 6 16
24 8 32 28
47 40 25 11
16 38 27 5
0 1 6 18
41 8 27 15
16 30 4 7
21 6 11 7
21 40 22 15
42 32 8 2
35 33 7 30
20 39 12 8
31 14 11 19
29 1 17 17
11 32 2 2
20 33 15 26
10 38 7 19
14 38 19 14
18 36 7 11
18 7 20 37
17 36 1 28
12 42 21 0
41 15 7 13
21 37 36 2
31 17 20 15
17 38 8 9
1 33 24 24
19 36 10 5
19 41 49 28
3 35 24 30
19 41 0 4
42 25 0 12
13 0 46 12
20 38 27 25
10 36 8 9
21 10 26 24
12 3 1 0
38 8 14 1
49 38 8 2
36 25 22 25
10 40 4 2
1 32 9 7
14 27 14 2
35 17 24 16
16 43 15 10
1 35 5 2
41 4 9 21
46 36 30 8
46 41 30 40
39 25 24 13
48 43 10 5
20 38 1 34
23 15 37 27
48 37 33 10
18 39 9 17
22 40 21 33
15 35 40 13
28 15 2 11
27 5 9 20
36 3 22 7
24 11 29 11
46 5 13 11
35 9 1 16
14 4 11 23
14 4 39 16
32 14 18 15
37 4 15 11
23 7 5 9
38 0 24 0
12 28 6 7
16 12 5 30
43 10 1 18
10 29 31 18
9 30 1 9
40 9 27 20
18 8 4 7
26 15 29 4
18 36 5 9
3 2 21 18
16 37 31 29
16 38 3 10
1 22 17 16
44 32 18 19
7 42 31 26
15 44 1 10
49 12 26 9
19 34 21 8
15 42 33 24
20 35 17 29
42 48 17 31
40 6 46 29
14 34 19 35
36 15 12 22
14 27 2 2
5 29 28 0
44 37 16 11
44 34 28 35
27 28 25 22
13 8 19 19
19 8 14 4
27 9 6 15
20 39 22 17
20 43 35 20
41 43 23 26
11 2 5 7
22 0 7 17
39 5 1 9
17 1 28 6
22 40 1 11
19 39 25 25
14 5 19 18
17 34 2 33
12 4 4 17
40 2 24 19
44 38 30 16
43 2 24 22
16 6 19 18
27 22 18 5
5 26 20 15
21 39 26 26
24 26 2 7
29 12 11 12
9 6 30 31
16 40 45 3
45 17 25 23
42 8 28 6
23 20 29 0
21 13 14 19
38 40 8 8
27 38 17 9
43 5 17 14
18 32 11 11
47 7 37 17
42 6 12 8
21 38 9 16
39 41 22 9
9 34 39 2
47 16 7 12
5 23 5 9
20 41 35 26
14 21 33 36
32 4 20 12
43 12 21 16
20 3 21 8
2 33 39 25
35 4 20 27
36 0 6 6
19 43 5 8
16 36 19 18
5 12 2 15
39 9 5 22
44 10 34 7
34 16 26 29
17 43 40 38
37 7 44 30
34 9 22 24
39 10 27 18
43 37 19 8
41 2 1 11
22 8 31 13
48 31 17 17
16 37 15 31
18 0 12 16
44 13 39 9
25 36 29 13
29 31 17 26
25 30 21 17
22 5 1 11
10 31 30 9
15 32 7 7
44 4 26 9
33 0 2 12
19 40 25 12
3 34 7 10
38 12 11 13
28 1 20 24
3 31 45 23
23 24 34 7
21 39 11 1
17 46 33 6
29 4 30 12
33 7 13 4
11 35 15 37
17 7 38 23
17 40 3 8
14 37 8 18
5 24 29 7
8 2 46 36
4 0 24 17
15 33 25 12
22 13 24 17
12 39 6 5
43 33 16 23
25 8 15 5
20 35 24 25
32 7 10 14
6 30 26 16
20 42 9 6
33 2 40 31
21 35 23 48
35 20 38 16
24 38 12 9
44 19 44 11
47 10 37 11
44 8 26 16
47 41 26 21
32 22 25 18
3 28 33 28
21 40 31 40
41 9 45 32
38 13 15 15
17 18 8 11
7 0 29 5
40 2 36 12
1 32 9 39
21 23 12 37
17 8 35 10
2 41 12 11
35 17 39 3
24 1 6 24
10 31 23 9
42 11 8 6
20 40 5 15
14 17 1 9
29 16 32 10
3 30 23 44
36 8 18 9
19 37 25 33
16 1 11 13
21 30 10 16
14 9 7 2
22 0 0 8
5 36 16 26
22 18 12 17
1 24 22 10
9 28 8 9
15 36 15 4
47 30 37 4
47 11 10 11
37 7 23 11
36 18 19 23
6 19 3 11
16 27 11 8
20 4 46 8
4 33 22 15
17 11 21 13
41 30 16 2
12 20 13 15
20 39 28 27
27 27 44 24
10 3 29 0
42 28 35 26
19 40 6 8
36 10 14 11
39 3 5 13
6 34 10 12
23 34 39 7
36 6 13 2
35 12 9 8
5 12 25 25
6 25 15 16
20 38 42 12
45 31 3 14
49 41 24 22
36 5 11 0
13 40 7 7
20 8 35 27
42 10 39 12
19 32 6 0
43 35 19 14
31 31 25 40
49 23 34 44
5 34 45 31
31 1 38 49
14 12 34 27
32 9 14 9
48 30 31 10
32 8 30 12
48 26 24 10
21 6 35 18
20 37 1 36
7 37 13 24
11 8 8 13
16 36 3 5
21 11 13 24
4 20 14 15
49 42 27 26
39 38 27 37
9 34 11 15
18 40 29 31
6 14 26 10
24 44 20 22
42 10 32 4
13 40 13 13
34 13 9 16
24 30 17 16
16 6 26 12
34 19 12 10
27 21 14 35
27 21 18 22
42 12 5 7
22 23 32 12
31 13 25 2
11 23 44 14
8 41 11 8
1 28 27 18
8 11 5 31
15 37 29 1
26 13 16 21
18 25 15 10
14 5 4 18
13 31 10 13
40 11 29 27
23 0 37 11
30 39 49 8
37 10 20 16
45 7 34 22
21 13 7 8
21 22 13 8
18 5 18 20
40 13 34 19
20 0 22 5
48 4 24 32
40 44 23 9
34 21 16 20
27 39 34 2
12 4 32 12
22 29 14 30
47 0 0 8
19 4 14 21
41 0 22 28
18 8 14 10
11 6 37 8
24 18 20 1
42 13 26 18
40 6 4 17
11 32 26 19
21 38 45 14
32 24 8 6
40 11 21 16
28 0 21 24
6 30 20 20
7 7 21 7
7 34 35 2
41 6 42 12
21 41 21 28
7 25 19 23
44 8 40 47
46 32 39 13
45 9 34 31
38 1 21 4
19 39 13 14
12 28 7 10
11 36 4 5
40 8 33 10
43 32 27 5
37 13 20 10
45 37 1 17
6 25 12 8
46 14 45 20
34 11 29 11
1 29 30 2
39 13 45 10
39 28 31 17
43 44 18 27
43 36 6 11
7 8 31 8
41 17 23 17
3 42 2 23
21 6 16 7
8 1 22 15
10 18 0 3
9 6 9 0
33 9 34 26
13 41 12 19
15 5 18 0
21 30 8 12
26 6 24 16
17 42 29 36
49 4 25 2
22 30 27 19
25 5 12 17
12 5 29 17
28 31 49 23
14 41 28 20
7 40 12 17
8 3 22 15
14 35 35 44
15 40 8 3
41 15 6 12
21 40 41 13
9 32 21 12
45 40 27 3
49 3 6 7
0 25 19 0
11 16 17 15
11 31 11 24
21 4 39 16
7 39 26 18
7 8 10 6
14 42 10 9
17 2 36 17
30 2 2 18
9 40 27 26
47 5 4 5
18 39 34 32
21 33 14 6
10 9 46 41
22 28 7 22
47 10 13 25
36 37 9 0
6 4 29 19
1 40 46 12
41 8 28 6
7 29 26 22
44 0 46 9
47 3 12 13
43 4 5 5
20 35 22 15
15 42 7 5
22 32 23 16
5 12 7 22
15 30 11 24
18 16 0 7
44 8 10 30
27 27 1 6
17 42 35 20
25 42 38 18
34 12 24 25
15 40 20 16
35 13 24 0
17 41 4 11
17 28 11 11
49 40 15 26
40 38 38 22
16 8 40 37
44 34 43 23
32 34 21 29
11 36 9 33
11 31 18 29
10 34 22 22
35 14 8 0
20 41 25 4
44 4 25 28
44 22 26 21
10 22 9 1
18 18 13 12
31 11 26 27
14 5 38 21
14 32 24 14
17 18 1 2
6 10 15 2
44 8 25 11
21 3 27 21
35 3 6 12
33 14 35 11
17 39 13 20
19 16 15 12
17 24 10 13
4 30 6 9
43 0 25 18
22 5 10 19
9 1 36 19
49 38 22 19
45 15 26 25
6 3 7 12
41 2 9 12
33 9 27 19
35 30 10 24
25 10 32 7
49 1 2 11
18 14 16 20
17 2 21 27
20 40 17 11
26 31 1 11
39 38 34 11
2 29 20 16
45 9 25 47
20 36 18 0
40 8 27 8
48 30 28 27
40 1 6 5
19 41 38 14
42 36 6 9
44 1 37 7
37 29 13 17
23 24 27 27
4 26 10 9
12 28 23 3
38 1 19 22
40 4 30 3
3 35 36 8
20 41 37 13
1 1 40 10
15 31 16 25
1 31 4 8
37 33 28 12
8 33 7 8
17 7 26 35
16 26 41 34
17 33 25 0
18 32 40 25
45 10 32 20
17 0 47 27
32 1 43 20
18 41 25 12
34 10 10 7
0 38 18 22
21 36 16 0
24 12 25 7
49 36 39 16
33 7 1 6
10 25 45 20
31 15 8 13
12 5 19 20
9 6 41 1
14 37 40 41
20 42 4 13
48 6 12 7
18 34 33 38
14 37 12 5
5 17 22 8
13 20 3 10
21 37 18 19
6 29 13 10
46 14 9 7
5 34 26 24
38 12 24 17
32 10 40 3
9 26 7 4
19 40 21 26
39 20 45 4
5 46 14 20
41 10 42 24
6 32 17 20
13 38 11 8
18 42 17 15
33 4 1 1
21 37 15 32
46 33 7 44
16 35 1 15
7 2 16 6
45 11 15 23
9 26 26 23
6 9 1 11
38 37 6 17
17 16 20 24
18 41 10 10
19 15 7 7
18 23 12 17
17 39 24 40
16 38 1 1
6 40 10 12
43 1 17 35
6 32 4 11
15 31 18 8
45 36 6 34
24 4 12 8
19 40 18 30
26 11 42 35
17 4 4 5
40 32 13 8
30 43 19 16
19 37 2 6
49 6 19 2
40 28 23 14
22 36 48 8
14 34 8 5
19 25 5 8
12 35 21 21
2 32 4 10
10 1 18 20
4 22 30 24
49 34 4 11
46 0 27 28
9 28 3 18
27 17 18 47
44 6 3 10
14 37 32 7
22 2 6 9
30 2 38 12
14 41 14 24
49 34 26 16
11 36 26 5
18 21 9 20
9 19 3 12
48 36 2 5
44 32 33 9
15 7 18 20
25 28 24 33
23 25 15 32
10 31 29 6
26 3 30 16
18 40 43 44
17 3 19 24
6 5 32 14
45 34 23 12
26 11 3 14
12 0 49 34
42 6 2 4
15 30 11 23
35 3 31 10
30 1 15 16
23 8 14 4
42 32 8 19
38 8 42 22
2 32 16 35
33 4 2 16
20 43 42 6
48 37 8 19
44 12 18 31
42 0 24 3
46 2 5 17
42 4 25 22
33 13 3 14
49 7 3 10
15 2 26 23
44 42 9 38
23 10 40 11
17 39 1 8
48 40 22 10
11 29 13 25
22 7 0 15
35 12 21 19
15 37 3 7
36 13 30 20
35 14 38 21
36 12 26 4
31 7 26 14
25 12 6 14
8 32 47 28
15 3 21 31
14 35 7 11
23 19 5 12
2 18 2 7
44 39 18 39
21 39 1 21
45 2 18 12
35 10 27 25
35 16 35 9
15 5 33 7
32 20 20 17
40 13 29 47
27 18 6 25
25 16 5 22
44 35 6 29
5 35 15 21
12 37 46 0
14 25 28 20
33 10 12 15
15 34 4 5
11 8 34 29
14 31 9 12
32 5 44 2
43 1 14 8
17 37 14 7
9 0 34 26
34 38 21 28
6 30 41 2
22 17 34 8
12 28 21 16
7 35 27 33
34 7 8 21
39 10 9 16
19 36 28 28
10 40 39 14
8 8 24 25
45 6 20 13
3 21 24 22
13 15 31 14
46 11 0 11
37 35 15 11
0 31 43 21
8 36 11 14
15 41 31 24
17 37 18 2
43 4 16 8
16 39 41 19
12 2 1 11
26 0 4 7
43 31 0 0
16 36 31 12
15 9 20 14
36 8 7 14
32 12 14 48
43 15 12 45
48 35 39 11
18 37 30 0
13 15 38 40
6 2 28 15
23 0 10 24
21 35 16 3
33 47 32 7
33 3 11 14
6 1 11 8
46 38 30 19
19 32 47 1
24 25 25 17
43 38 35 18
41 13 34 6
34 15 22 37
43 36 36 5
44 36 39 24
1 24 3 0
14 9 34 7
29 10 17 9
17 39 20 10
4 26 8 5
13 28 18 22
17 29 9 12
19 35 12 6
20 40 22 4
39 9 41 4
22 17 9 3
41 3 13 14
42 8 11 11
14 3 20 15
31 9 12 19
19 0 3 24
12 26 24 8
16 39 20 16
5 27 15 26
21 17 6 1
25 39 18 21
45 39 24 2
23 21 35 12
15 38 27 12
44 9 18 22
15 10 2 9
34 3 28 0
21 7 14 16
48 19 27 18
14 15 26 36
16 42 21 25
8 15 12 1
4 21 24 11
5 5 34 12
16 16 0 9
22 5 24 16
45 30 21 24
38 10 22 42
3 30 1 5
48 14 23 17
8 32 34 10
41 3 33 4
22 24 32 41
48 41 8 6
0 19 37 6
14 20 8 9
48 6 40 27
14 33 23 8
6 31 6 11
41 7 47 26
42 30 26 21
22 26 29 17
9 21 31 40
20 13 15 20
12 11 17 25
11 15 0 19
19 38 17 13
48 35 21 4
15 24 11 8
25 11 39 46
39 42 31 19
19 35 16 24
2 26 36 4
5 3 14 23
17 18 3 25
42 34 7 21
9 32 27 29
14 25 16 7
18 39 19 3
9 4 9 44
41 3 16 32
4 8 22 17
18 36 39 21
39 17 6 8
10 2 39 6
12 6 41 37
14 33 26 5
27 2 34 9
34 11 43 25
40 1 27 8
10 1 32 8
18 41 36 27
21 24 25 3
30 7 8 4
18 37 15 26
43 1 15 12
37 3 22 20
21 36 26 5
20 38 31 8
17 35 15 42
13 27 4 9
0 18 28 10
18 13 5 14
22 1 9 36
37 27 42 6
18 36 5 21
19 1 19 9
5 30 16 19
30 8 25 10
12 1 15 23
6 36 7 10
17 32 41 14
13 29 7 17
42 31 5 6
38 16 30 36
18 47 30 6
33 10 11 9
17 38 22 3
14 19 9 12
16 1 16 14
19 9 39 3
47 27 6 13
48 3 9 8
11 35 22 34
37 5 15 5
6 35 31 7
47 40 1 19
45 4 14 11
12 1 11 29
36 1 12 16
15 41 22 15
12 37 14 4
20 6 9 22
33 12 14 23
4 26 2 19
18 12 41 10
45 5 8 13
40 12 1 28
14 33 7 7
35 34 7 0
6 17 31 14
17 38 4 18
4 29 44 16
13 30 33 24
49 39 39 10
13 2 0 8
13 21 9 10
13 40 12 7
18 31 5 11
20 41 7 11
19 17 6 24
16 39 15 9
15 10 41 26
17 36 32 17
37 10 6 6
9 3 13 18
47 40 9 13
14 5 16 39
22 41 3 28
32 9 38 5
27 4 6 11
31 11 19 27
0 27 17 4
23 39 41 34
20 20 30 13
33 5 38 9
18 15 3 8
45 30 16 28
27 6 1 7
15 10 20 11
29 7 17 22
44 4 14 9
40 12 44 34
16 35 3 15
49 3 25 3
17 1 30 5
19 39 27 14
4 24 39 3
16 35 19 26
41 37 21 20
12 16 32 3
38 7 0 10
48 33 14 13
16 39 35 6
49 0 2 12
24 5 22 12
12 7 34 31
7 0 20 27
8 30 35 29
41 8 38 39
47 0 11 2
7 8 22 19
23 0 36 10
17 37 10 5
30 14 2 9
14 16 20 24
24 30 8 12
47 33 5 10
10 26 14 17
48 2 45 19
19 15 33 48
43 28 35 9
42 4 36 15
15 5 27 14
17 41 29 8
45 38 18 13
3 35 1 6
3 16 43 2
14 7 37 27
48 21 8 10
16 40 26 25
19 45 39 7
14 14 4 8
19 5 12 3
21 38 25 17
49 39 20 33
27 24 30 6
14 16 6 9
7 25 36 8
42 6 6 8
23 36 15 14
40 26 31 20
11 27 3 7
44 4 11 17
38 7 16 13
6 14 29 22
31 10 2 12
18 21 40 26
16 12 44 8
21 35 9 25
46 37 0 11
39 3 12 6
4 31 11 14
16 37 6 4
4 25 12 18
10 28 23 7
19 35 28 5
17 14 14 18
12 15 2 7
32 13 45 11
41 6 19 32
48 36 4 10
20 34 24 36
31 10 28 25
42 8 6 15
44 7 18 11
2 28 6 10
18 36 7 4
13 17 6 9
19 35 42 10
14 14 11 6
23 5 22 24
9 41 20 12
18 36 10 16
2 31 11 7
16 27 19 40
15 41 12 18
29 1 21 36
48 44 24 22
14 6 28 22
43 13 4 5
5 23 9 9
36 8 1 17
17 43 2 7
17 12 4 46
30 9 24 14
37 9 20 17
39 12 25 15
6 25 15 13
19 42 48 25
19 37 21 14
37 42 26 13
5 22 18 28
19 35 35 9
15 11 31 36
40 7 39 12
20 13 46 12
41 41 30 14
17 38 8 10
32 7 3 5
44 37 25 9
40 42 40 6
13 3 23 10
16 46 46 14
42 42 10 34
18 12 46 9
18 34 27 5
15 36 37 5
25 31 39 15
36 7 7 3
40 18 20 20
16 24 9 7
43 9 26 21
15 39 33 37
11 41 21 7
46 3 5 24
4 15 4 22
41 18 7 8
16 14 39 10
43 35 37 27
22 2 19 25
35 16 7 28
10 35 2 4
26 32 26 26
22 4 15 19
47 37 38 32
18 13 30 26
1 26 38 18
48 37 13 5
21 5 35 4
46 34 36 2
11 39 18 25
48 36 33 13
39 1 9 33
11 2 7 21
3 19 27 22
35 8 11 17
14 42 36 8
42 37 39 21
3 32 28 4
11 39 18 25
19 43 42 30
32 0 30 27
18 41 23 22
19 3 27 16
40 3 29 8
8 25 39 10
18 34 18 29
