50 91 13865 800
18 2 13 19
16 2 49 46
19 30 12 22
15 26 14 19
4 19 12 21
14 15 19 23
12 11 15 20
8 7 39 6
5 32 34 48
11 7 15 18
34 17 14 21
0 29 33 40
4 36 16 20
20 32 13 23
20 13 12 22
2 12 16 18
10 16 16 19
11 11 12 23
13 20 48 32
3 0 32 28
14 12 8 28
20 30 24 1
49 10 11 26
15 5 44 24
1 16 40 42
10 12 15 22
14 8 48 40
48 1 12 22
20 27 30 8
14 13 46 48
13 5 12 22
4 8 16 25
7 10 13 16
13 13 13 23
5 16 1 23
35 39 15 22
12 10 16 21
4 1 13 22
1 6 14 23
7 6 23 45
11 47 14 22
2 14 12 21
3 6 39 21
9 9 49 44
42 8 18 20
48 11 15 22
1 3 47 36
5 5 47 40
11 6 27 6
11 27 39 29
20 12 29 34
18 9 16 20
44 2 45 22
3 19 34 49
4 1 14 19
10 38 14 20
17 39 14 20
12 3 49 39
14 13 27 26
11 6 14 22
2 3 11 23
2 2 4 13
2 11 16 21
14 26 48 40
17 1 11 13
44 1 35 28
2 13 12 19
2 22 22 35
5 3 18 21
5 7 12 18
10 25 13 20
5 2 13 18
8 2 17 19
20 30 15 21
2 13 15 19
5 10 13 20
1 1 32 38
0 10 16 19
26 8 47 16
46 3 20 22
22 29 15 16
15 10 33 7
6 6 17 20
4 16 13 19
8 43 15 19
12 6 15 21
18 9 13 29
2 3 48 39
3 11 16 22
16 9 29 36
19 15 15 22
