50 60 12171 800
10 37 46 34
28 0 49 20
48 33 9 31
25 10 13 28
34 15 14 33
12 8 5 36
21 22 34 25
29 18 48 47
18 1 34 34
13 18 22 39
45 6 46 31
5 34 8 5
9 33 1 41
15 21 9 41
10 27 4 9
12 47 45 31
10 25 20 14
14 17 46 41
36 5 44 39
30 28 5 44
15 40 24 42
10 40 45 37
5 36 40 29
37 10 40 38
34 39 47 43
42 10 39 30
21 40 33 43
39 24 7 41
34 21 46 17
6 23 39 33
22 20 44 29
30 23 21 22
34 14 36 44
41 40 40 29
24 20 3 32
48 33 34 26
27 7 49 19
31 19 49 27
4 8 44 34
4 43 2 33
13 23 44 34
15 18 0 35
47 6 37 19
16 28 3 27
24 15 1 30
46 11 30 13
23 35 23 14
46 6 16 20
48 34 8 11
21 6 38 16
49 8 37 26
18 16 49 36
10 25 42 27
20 26 6 23
48 8 22 8
16 26 2 21
28 27 45 21
30 19 26 32
30 1 3 43
28 23 30 36
