50 96 16444 800
9 40 8 15
11 6 22 16
45 14 28 37
12 41 17 19
37 28 41 20
41 43 25 2
14 42 15 25
11 31 5 14
9 34 35 4
41 26 29 21
34 35 29 39
13 39 27 13
38 36 22 25
41 42 28 37
10 15 29 24
35 30 28 38
4 12 23 15
9 32 25 14
30 15 25 6
47 37 42 23
29 11 16 19
10 2 35 36
13 40 12 15
33 14 25 39
14 34 21 2
11 15 34 47
21 36 24 19
7 32 37 7
20 32 38 7
19 36 16 33
36 44 26 4
38 16 31 8
13 17 47 11
23 8 19 19
7 30 5 19
16 17 19 28
27 16 10 24
19 27 19 19
22 30 24 12
8 43 20 15
13 3 23 14
16 34 24 19
38 22 24 21
4 20 24 15
18 3 30 19
16 31 43 13
20 22 36 6
13 37 25 24
18 14 32 1
15 1 47 6
13 15 36 26
23 35 33 14
0 32 39 12
2 12 30 35
45 36 9 18
20 16 32 39
15 12 26 41
46 38 31 1
15 44 36 13
25 27 21 29
47 23 49 14
20 17 23 44
49 15 18 22
39 42 33 16
5 30 19 5
1 24 24 20
40 35 29 26
18 13 45 13
47 40 34 9
21 26 24 10
0 22 44 26
6 26 41 20
42 43 19 33
33 28 19 21
10 40 22 4
31 30 33 43
8 25 27 34
7 20 41 1
16 46 48 24
37 42 12 33
24 29 20 22
34 32 19 25
0 34 21 14
31 29 13 23
12 39 26 41
39 34 22 14
15 35 21 19
7 8 21 23
45 21 46 2
15 20 26 10
32 26 15 21
14 30 29 35
2 28 17 26
12 17 29 25
17 4 47 18
6 17 42 15
