50 279 17108 800
40 32 44 36
30 27 9 41
45 26 9 7
5 44 29 43
38 46 42 47
30 1 21 49
36 24 40 32
26 25 47 29
22 21 25 6
33 20 20 46
0 40 32 26
14 36 41 8
32 34 39 23
0 39 33 30
14 45 24 48
9 40 30 0
21 19 37 19
16 35 25 39
31 10 10 43
14 32 7 48
29 17 47 29
15 33 27 21
35 29 9 12
31 32 15 43
49 6 28 24
4 47 18 39
18 17 40 19
35 39 27 22
38 44 13 48
29 19 36 20
19 21 26 23
26 29 32 33
30 16 36 21
19 6 28 17
28 6 19 31
1 40 15 43
18 24 41 19
5 26 27 4
28 18 38 10
49 44 33 25
17 35 39 36
30 25 37 28
28 11 25 4
24 23 21 41
30 17 38 20
21 26 16 27
18 27 5 4
32 33 7 14
29 17 35 9
8 34 37 15
32 44 26 10
27 23 36 36
42 24 46 32
1 47 36 48
25 25 16 38
24 35 36 37
33 2 6 39
11 31 41 25
14 37 28 20
19 30 3 17
38 35 32 21
27 11 48 28
4 35 40 4
12 45 13 6
0 41 33 20
32 17 28 39
4 40 30 19
35 33 24 46
33 18 33 25
49 6 32 21
28 13 25 21
28 47 26 28
19 33 8 45
12 34 45 12
28 4 45 26
18 19 20 32
30 17 25 48
4 23 43 20
28 28 44 21
29 28 5 10
29 14 36 31
27 15 30 3
28 38 9 46
30 10 38 9
30 16 12 39
28 18 25 7
11 41 9 36
10 37 31 45
10 22 31 32
21 33 31 1
21 18 46 17
21 24 44 17
33 23 37 8
28 17 19 49
32 35 29 30
32 30 46 23
25 23 3 39
9 23 13 46
34 34 44 19
31 21 34 13
10 13 35 24
13 42 38 32
15 29 42 25
8 30 6 1
28 48 28 18
4 42 19 30
24 28 0 26
25 28 18 49
22 27 34 41
2 46 37 46
28 31 43 12
29 13 27 17
26 14 33 19
4 42 3 9
13 41 45 40
9 36 21 5
2 38 49 20
22 11 48 44
3 25 33 23
31 19 13 41
16 47 17 43
22 41 49 23
31 40 37 44
29 21 47 31
38 42 13 49
22 19 5 30
2 39 33 15
35 28 49 23
18 36 31 40
0 47 38 19
35 42 27 8
15 44 38 23
27 34 37 18
48 23 37 2
34 14 17 49
30 15 35 17
28 27 41 16
0 43 16 47
32 17 35 13
47 39 40 22
28 0 2 4
26 19 39 24
6 36 28 26
28 20 9 17
27 17 42 49
29 15 19 44
39 41 12 46
29 13 25 24
8 36 12 35
12 48 33 21
20 22 8 2
26 32 16 45
5 45 28 10
34 41 6 23
37 41 25 17
48 27 26 37
9 40 21 4
17 39 12 48
41 34 13 35
18 39 44 4
10 10 34 49
8 43 24 34
43 9 4 45
46 25 20 16
30 18 30 27
33 16 6 36
30 18 45 19
18 31 5 34
10 44 34 1
20 25 3 18
41 25 16 46
19 26 36 23
4 35 43 27
26 35 47 39
14 34 10 48
26 20 14 44
27 3 36 12
18 38 30 15
23 25 13 45
9 20 36 22
19 28 35 12
29 45 34 31
11 43 4 22
25 23 31 28
23 20 41 19
30 19 46 17
36 35 9 40
8 45 35 18
1 37 32 22
6 42 31 10
28 29 31 47
17 40 34 16
3 40 36 9
17 44 30 35
14 22 1 9
32 15 42 27
33 35 34 28
26 31 30 39
33 30 7 25
36 42 31 41
17 21 41 22
20 24 39 38
19 22 16 46
6 32 15 41
1 26 40 26
35 14 37 41
30 40 9 11
18 25 14 46
19 41 2 4
10 33 39 18
26 39 36 18
11 41 47 38
26 20 33 20
26 31 33 17
6 43 32 8
37 23 5 6
21 45 16 37
9 46 20 39
30 25 10 13
31 39 36 43
21 35 44 19
27 29 31 16
30 16 49 31
34 47 36 15
25 22 42 18
21 24 36 22
12 42 31 5
37 40 22 47
27 20 0 26
7 0 26 22
8 31 47 18
29 18 44 41
10 33 17 46
6 40 49 18
11 48 21 44
5 41 14 45
3 46 3 12
2 27 44 27
19 18 36 20
29 0 34 47
3 22 42 25
16 29 36 20
31 17 16 22
3 42 28 22
5 39 13 47
38 39 34 24
22 19 7 49
25 19 11 0
9 9 30 36
42 49 13 42
2 42 16 43
26 25 6 7
31 17 35 20
25 16 42 21
32 29 38 40
12 29 25 24
17 10 16 47
31 11 22 36
30 29 45 17
13 5 40 23
15 22 11 42
15 26 39 1
28 24 11 24
27 16 25 41
12 25 45 15
2 41 33 44
21 27 9 19
26 21 42 20
30 17 47 32
5 40 35 28
30 20 47 18
17 37 44 27
13 46 17 49
31 15 40 23
32 16 12 20
19 2 15 39
30 24 3 2
8 25 8 34
2 40 38 38
