50 1321 16479 800
34 20 17 16
45 23 40 2
26 18 9 15
33 6 17 12
39 46 36 6
46 32 43 35
43 21 35 12
40 35 35 3
48 20 35 9
46 11 38 4
7 23 37 1
35 23 35 8
38 21 36 18
44 26 37 13
43 30 37 9
36 22 34 32
29 13 11 1
46 41 37 7
37 41 18 24
11 8 32 9
40 11 28 21
28 28 25 10
21 0 10 2
39 35 21 15
26 24 38 8
37 23 41 7
37 13 42 25
45 45 33 7
40 23 45 15
39 6 36 10
43 26 40 38
16 3 41 25
31 17 35 11
23 19 39 11
28 15 40 39
26 27 40 9
39 45 34 21
42 21 41 7
37 14 34 3
22 31 23 23
40 22 26 33
34 18 33 4
36 18 41 4
34 29 24 14
42 43 16 40
29 33 22 39
42 17 9 15
27 46 44 15
41 15 37 11
39 32 35 10
36 22 38 14
38 8 44 1
45 20 41 10
11 38 24 35
38 17 21 44
29 7 38 31
14 1 49 18
44 22 40 1
44 17 38 11
39 15 35 14
48 15 19 40
3 25 37 7
44 20 30 14
26 26 37 0
40 49 41 14
45 21 12 17
40 15 39 10
15 24 19 31
30 6 26 29
38 15 32 12
37 18 41 16
43 19 30 27
8 16 20 41
26 6 38 2
44 22 38 5
36 17 31 11
46 21 43 18
24 2 6 46
39 19 28 42
35 40 20 10
31 22 37 7
26 4 33 12
41 14 41 39
32 43 24 22
37 22 34 8
12 18 39 13
36 1 6 35
29 38 33 36
6 24 22 29
42 22 20 48
45 21 40 15
19 12 11 48
37 10 26 24
37 19 38 10
49 23 17 25
33 16 43 6
48 18 36 35
33 18 32 26
48 19 36 12
48 9 33 5
40 16 32 21
29 23 38 5
32 18 38 3
49 45 37 3
41 19 39 3
49 23 39 11
46 23 37 8
45 18 6 33
46 31 36 4
34 16 18 20
44 24 38 3
48 2 23 10
1 26 22 15
24 28 34 18
43 14 29 45
47 22 38 2
47 14 37 16
0 38 25 16
46 19 44 22
33 33 38 1
44 35 36 12
38 19 36 9
40 28 42 2
40 26 36 11
42 29 47 2
40 20 35 14
20 23 37 6
47 34 24 27
25 19 36 10
42 24 36 13
42 18 26 24
37 13 36 17
0 28 42 16
42 4 42 16
38 24 40 14
41 33 41 3
43 24 33 18
27 44 43 15
34 17 35 26
28 17 38 7
42 12 34 6
40 24 39 46
39 26 40 2
14 4 13 20
42 19 36 5
31 23 8 0
34 48 1 37
30 42 38 11
44 27 37 3
35 21 30 3
36 21 37 13
36 15 33 7
33 29 38 7
10 29 18 4
28 49 48 11
45 1 35 16
32 31 25 4
46 11 40 6
24 23 21 30
37 23 34 3
37 36 19 26
35 34 36 25
40 19 26 3
43 23 29 17
39 19 36 15
34 34 31 44
40 21 36 15
33 19 36 13
46 2 33 12
33 22 22 19
40 14 41 6
31 33 37 11
41 34 38 6
47 22 32 17
42 26 35 9
47 17 13 21
18 11 26 16
40 18 34 32
30 46 36 5
34 35 14 24
35 21 34 17
39 20 36 3
32 15 34 35
36 18 14 27
43 7 18 42
30 4 28 0
21 21 36 18
49 2 3 7
27 39 18 19
42 22 33 32
37 20 32 26
41 47 35 11
39 23 13 30
13 3 17 25
49 15 33 18
36 8 27 9
33 43 21 6
26 32 32 14
35 15 30 45
26 28 26 33
40 31 39 10
32 21 5 27
40 26 43 13
41 28 39 32
49 13 34 27
36 21 38 4
44 37 27 17
30 16 21 16
48 30 34 20
31 45 16 19
36 10 26 22
22 46 40 8
37 34 38 13
35 17 38 14
45 16 33 7
44 10 26 40
48 14 9 23
37 27 22 47
8 23 36 25
14 22 43 11
47 17 26 14
41 16 26 19
35 6 33 17
49 21 40 11
47 21 37 16
0 12 29 21
36 15 23 41
45 2 23 38
24 46 18 20
11 13 9 31
34 48 38 12
30 25 37 5
45 17 36 6
46 17 40 32
36 38 37 11
45 47 43 34
40 19 14 46
34 17 33 31
47 43 20 20
28 35 44 20
39 25 37 7
37 23 38 6
7 22 29 33
35 48 38 13
40 44 32 31
44 41 35 14
32 20 31 28
38 23 23 49
6 17 34 10
15 3 43 7
40 5 40 25
27 9 30 4
38 22 41 11
31 11 36 10
38 8 15 8
39 41 20 5
41 19 39 4
46 15 35 14
35 5 19 30
1 29 43 44
42 42 37 27
47 26 38 11
43 19 35 15
47 27 38 7
38 12 23 27
34 37 18 20
37 22 39 10
39 18 35 5
36 22 28 28
36 48 22 22
9 11 34 40
41 9 37 8
33 9 20 7
44 21 13 0
35 17 29 39
8 13 10 26
36 18 34 3
38 15 39 38
28 23 15 12
49 35 39 8
4 32 34 15
19 21 41 42
48 13 24 8
29 16 34 12
36 14 29 34
38 9 36 13
37 19 10 18
34 7 36 17
40 15 44 6
45 17 32 9
36 39 36 7
45 40 40 9
42 37 37 7
47 15 34 10
34 20 22 40
40 39 28 11
47 19 15 38
41 21 21 22
36 14 30 41
47 42 39 9
31 17 41 7
30 35 37 10
39 39 28 8
39 19 27 0
9 17 39 29
42 21 35 2
31 10 43 48
41 20 27 14
38 16 35 0
46 35 36 9
16 23 37 3
47 37 33 13
43 17 35 15
44 12 35 14
39 15 28 27
37 24 34 7
38 17 38 4
9 15 37 4
36 17 39 10
34 15 36 25
47 22 38 9
13 22 37 16
34 22 38 8
36 43 34 14
36 6 34 27
45 24 28 18
47 46 45 32
45 7 34 7
44 23 8 46
24 24 19 38
35 18 34 11
33 24 43 45
32 10 23 20
40 7 38 13
41 19 33 12
31 28 39 15
35 24 44 17
43 25 36 7
37 17 29 22
34 8 45 15
49 29 34 5
41 31 38 17
30 27 40 11
22 11 19 22
34 16 13 8
40 21 19 27
38 17 19 10
35 4 32 14
22 34 37 12
34 36 40 7
33 7 10 36
29 3 8 8
45 39 22 9
35 23 25 14
47 4 36 4
39 9 34 5
39 48 31 26
38 20 45 29
42 43 39 17
4 27 33 13
39 15 36 21
5 25 47 7
38 26 43 7
38 21 38 26
12 11 39 14
48 43 32 28
47 44 40 25
41 19 28 39
44 20 47 22
37 30 49 25
11 19 39 14
48 26 12 21
1 11 15 9
40 18 33 12
47 20 37 13
41 20 4 31
40 19 28 36
48 42 21 46
41 8 21 30
39 24 35 3
42 8 34 8
37 24 22 24
40 18 34 14
40 28 43 17
34 33 16 22
13 14 38 4
43 15 33 36
44 20 27 30
36 16 22 19
39 35 21 13
32 21 28 28
29 43 34 13
37 13 15 27
42 40 41 6
45 26 33 5
33 31 34 19
42 22 46 46
8 30 44 10
32 8 40 3
41 18 41 3
42 5 39 8
47 32 33 1
47 15 29 21
29 32 41 16
40 39 34 1
20 35 30 26
42 39 4 10
16 30 28 23
46 8 41 16
21 12 35 17
43 24 19 19
42 8 39 4
37 24 31 11
39 11 12 23
39 8 19 7
29 38 36 14
48 33 40 11
44 19 23 9
46 31 37 16
42 21 14 45
43 49 37 4
27 31 40 8
38 22 36 16
35 49 37 5
7 24 37 11
31 45 35 37
33 21 41 5
47 15 42 41
26 18 37 13
40 14 29 35
48 29 27 22
41 19 18 3
35 42 21 40
42 15 35 1
41 15 27 29
33 13 35 6
37 20 12 22
35 42 29 0
34 23 40 5
11 41 32 21
9 15 32 6
34 37 39 5
28 40 40 10
45 16 36 5
46 6 37 3
40 27 39 13
4 0 40 16
2 16 38 6
45 22 33 18
34 22 13 18
44 16 4 27
22 30 5 6
42 24 36 9
39 22 21 42
47 16 34 27
35 20 15 20
44 41 38 29
37 25 32 38
38 18 33 29
25 15 38 9
39 16 40 10
37 15 4 15
43 15 39 16
40 6 46 19
44 18 38 16
33 26 14 40
47 30 34 5
28 47 38 16
46 44 9 29
46 15 37 9
47 22 33 11
40 11 48 12
41 13 39 5
39 29 27 15
46 37 36 2
39 23 25 26
26 44 38 6
44 7 34 7
24 36 32 36
40 16 25 24
6 33 42 2
4 31 34 5
37 11 40 30
6 18 32 26
45 45 30 8
20 28 36 22
40 23 22 21
43 23 38 8
21 24 16 19
41 15 24 42
32 15 39 4
46 38 12 35
35 22 33 30
42 17 37 13
34 22 37 2
49 10 39 6
36 43 17 24
40 40 39 44
23 28 36 13
45 37 36 15
45 18 28 24
34 9 37 6
48 39 38 18
31 37 39 30
43 29 40 5
15 27 41 11
45 18 28 14
38 28 34 10
24 14 37 7
36 21 14 49
46 11 36 9
9 29 36 13
38 26 29 42
41 15 38 19
46 8 18 33
36 21 13 11
38 27 5 33
32 15 32 10
42 49 33 17
38 18 32 15
33 45 9 4
41 19 36 4
37 21 34 10
39 24 30 11
25 19 39 28
29 9 8 8
33 33 20 26
29 36 34 6
44 15 36 1
45 26 36 11
40 20 29 21
43 21 40 15
40 49 32 17
41 37 36 8
9 31 39 10
31 22 17 28
35 28 41 13
4 29 41 4
30 23 41 11
28 41 37 8
16 14 39 12
44 24 28 31
32 15 28 41
40 44 21 24
36 16 7 44
41 22 42 43
37 20 47 35
43 38 19 38
40 28 49 37
36 43 40 6
45 13 39 5
39 16 27 11
34 27 37 9
22 15 38 14
39 18 20 39
36 16 36 10
46 47 31 29
38 15 40 4
29 22 37 31
37 24 36 15
47 19 36 11
47 35 11 22
31 27 28 11
39 23 12 30
31 44 37 11
34 24 47 3
45 22 35 8
41 13 34 5
39 19 35 5
40 47 23 12
45 21 38 10
24 37 35 3
38 13 21 27
49 33 14 33
47 26 36 5
21 40 38 9
43 13 40 34
8 33 35 38
31 18 41 9
31 24 38 8
36 10 12 40
39 28 29 17
40 28 36 8
28 27 8 31
42 22 35 7
40 16 33 3
30 40 32 34
42 4 28 31
25 32 41 48
15 9 38 7
48 4 6 47
35 25 32 11
39 19 41 8
30 43 37 4
43 6 1 26
32 37 19 7
46 42 41 17
39 15 41 3
29 11 31 16
34 18 40 11
43 18 35 7
46 34 37 0
46 39 36 37
32 12 35 6
37 21 34 4
49 47 32 7
45 26 38 4
29 25 27 34
38 22 40 9
36 16 29 35
35 6 21 29
33 17 28 38
26 33 32 17
45 17 34 18
40 20 30 20
42 22 40 14
24 7 31 10
32 31 24 24
41 17 35 8
41 36 35 9
46 37 44 31
42 20 9 30
39 15 16 38
15 8 26 36
0 14 24 6
39 17 36 13
33 27 36 20
40 11 31 16
44 33 28 31
43 21 21 33
5 25 30 17
37 18 36 12
41 43 3 15
38 17 40 26
41 32 33 36
12 25 16 40
47 21 43 42
41 16 38 13
34 18 42 5
45 49 33 12
11 0 33 33
37 19 36 0
42 21 19 7
48 21 44 18
1 19 38 8
46 18 30 23
29 13 27 0
44 38 35 8
45 43 21 37
37 15 30 29
15 17 36 6
40 34 38 2
19 6 35 5
43 47 13 20
45 30 38 5
43 17 39 13
34 19 35 11
47 21 34 12
35 9 45 34
34 6 38 2
15 24 27 13
6 28 37 15
0 14 22 25
42 26 41 10
42 23 31 25
44 33 27 44
41 23 26 11
30 12 35 13
40 22 40 33
35 19 37 38
36 24 32 26
30 26 30 31
26 14 24 45
46 20 25 3
34 31 37 2
33 14 41 14
48 20 36 9
45 19 15 19
41 24 29 44
3 1 19 37
42 40 35 18
42 23 35 7
36 12 47 20
32 32 5 36
46 18 35 12
36 25 40 15
16 25 35 16
44 18 31 0
44 17 17 32
44 43 36 39
35 21 22 24
31 32 40 11
34 48 38 10
30 46 30 26
40 35 38 9
32 8 5 24
16 30 17 15
30 16 33 11
16 41 35 46
29 38 20 16
45 28 4 28
44 15 39 5
47 32 38 7
25 43 25 8
48 47 38 11
39 31 3 18
40 23 35 8
28 20 40 4
41 12 37 24
30 15 40 13
10 28 41 8
43 13 36 18
12 28 23 36
26 24 33 4
41 21 37 42
48 9 37 3
37 15 21 19
47 27 26 17
41 19 30 43
40 12 36 11
37 27 45 5
2 18 31 5
47 26 34 30
35 30 39 1
4 15 49 10
49 24 43 11
35 25 47 21
35 13 27 19
33 41 41 2
40 27 29 10
22 47 23 36
3 28 34 16
44 17 34 13
32 42 39 3
35 32 33 13
44 25 37 3
43 25 16 24
22 0 36 3
27 30 22 46
37 44 34 17
36 26 29 30
9 28 38 9
48 40 34 13
23 31 41 7
45 23 8 9
44 22 40 8
35 29 16 14
42 25 39 18
40 23 15 31
33 27 32 18
34 25 33 11
44 13 39 15
37 28 17 8
41 24 40 4
47 20 27 12
49 3 39 14
39 21 23 1
25 15 35 16
27 39 41 15
40 25 37 3
42 45 38 6
25 8 34 14
49 18 36 13
40 17 34 8
45 36 35 19
47 36 31 27
35 20 41 2
38 24 26 31
40 20 39 5
45 22 37 7
1 19 33 21
37 29 37 12
33 15 38 8
44 18 34 11
3 20 43 20
1 36 39 14
36 19 34 16
44 35 6 2
49 39 15 18
14 15 36 11
28 43 38 4
36 34 26 41
34 22 19 23
34 26 31 9
32 32 30 14
33 40 39 3
32 21 30 36
41 15 40 4
32 37 39 6
1 21 31 16
42 19 35 13
44 17 38 10
41 21 34 6
46 25 32 5
36 24 39 8
35 16 22 14
40 24 38 5
35 22 37 15
28 47 23 34
0 2 30 14
38 30 36 11
39 10 20 33
42 26 37 16
46 38 15 15
21 5 36 32
45 44 31 35
42 23 31 6
31 30 38 7
41 22 15 28
41 47 34 9
19 6 10 30
31 18 41 18
33 16 37 7
30 32 30 3
38 33 28 13
17 5 31 22
46 39 23 27
34 35 41 13
41 44 38 3
42 21 40 12
9 30 37 5
8 29 34 10
42 17 13 23
41 14 14 37
32 13 30 18
49 36 34 14
11 28 41 12
33 25 5 38
40 12 20 9
42 27 32 10
38 20 41 8
24 25 36 4
31 20 38 14
10 11 39 6
25 18 42 13
45 36 39 6
29 11 37 13
40 22 39 8
14 29 44 22
34 7 42 7
49 15 38 11
46 7 40 3
13 22 38 6
19 41 18 19
20 46 36 7
5 16 20 7
23 37 23 14
9 31 42 13
37 16 35 40
45 41 38 8
33 49 33 6
47 26 38 5
48 39 39 6
33 18 29 17
38 8 42 21
39 13 27 31
36 19 35 4
20 3 35 14
45 20 23 32
33 32 37 15
27 24 36 5
14 26 32 25
41 17 37 12
23 24 14 33
39 29 32 7
21 37 21 14
33 13 19 34
46 46 14 32
48 46 39 11
39 14 35 27
16 21 40 3
33 19 31 12
41 35 39 14
43 25 37 3
37 21 34 10
47 24 23 33
42 16 39 9
42 15 25 27
32 41 45 14
3 8 29 34
44 49 26 30
39 26 38 7
3 14 40 22
47 2 36 16
40 20 22 5
7 7 7 38
46 22 16 6
42 11 17 31
40 30 38 15
48 49 39 12
34 11 38 0
3 28 35 12
29 47 41 34
46 21 39 23
42 49 31 26
34 38 41 5
6 25 15 40
40 30 31 17
40 21 34 7
43 18 24 21
26 16 39 5
44 17 16 12
46 5 38 3
42 12 21 34
29 24 40 48
38 16 33 5
26 10 49 6
29 29 35 14
20 39 32 12
38 25 40 7
47 25 38 15
21 28 38 14
45 30 28 13
4 19 19 29
41 24 12 34
27 37 36 17
39 20 31 24
47 47 37 6
40 17 29 32
25 0 39 9
39 49 33 3
42 22 33 14
48 34 48 2
42 42 29 46
32 49 17 25
31 31 35 4
44 24 39 6
30 39 23 29
32 34 36 2
33 20 34 6
44 24 38 13
14 39 31 25
38 22 34 13
10 42 10 31
41 28 36 27
49 29 31 9
28 5 34 6
42 48 42 18
11 1 33 2
31 33 13 4
31 14 14 7
40 13 41 6
9 19 34 14
40 27 7 13
46 48 32 7
32 18 8 35
48 6 33 45
38 49 41 2
45 19 38 3
43 19 39 28
3 22 14 26
39 18 31 32
39 29 40 3
48 30 39 13
40 15 14 41
1 32 38 12
45 22 41 43
46 5 38 6
45 45 39 4
31 26 15 28
43 28 37 11
38 25 35 11
40 27 28 0
47 11 41 4
6 27 41 9
43 12 43 2
28 13 36 8
48 5 25 19
42 27 36 10
32 21 20 45
38 13 33 22
1 23 32 0
43 26 39 15
48 32 25 49
10 1 21 13
48 19 33 15
35 16 10 19
39 14 10 36
44 5 22 24
39 0 35 16
35 11 32 3
40 34 37 10
46 40 39 16
14 29 45 21
22 33 39 11
48 4 38 1
44 41 28 21
31 7 44 17
44 8 37 0
48 9 44 21
38 14 48 21
44 27 11 27
46 24 37 35
46 27 13 37
38 20 11 31
40 18 39 3
37 16 33 15
42 21 32 14
39 15 1 4
41 21 37 8
42 23 13 21
42 20 33 18
32 47 40 3
43 17 35 12
10 39 35 6
41 24 36 2
36 26 38 39
36 43 35 12
27 28 24 26
7 33 37 11
26 12 36 14
47 22 21 14
33 38 28 37
40 16 36 6
45 24 29 22
45 33 17 0
45 14 28 5
43 31 28 10
31 41 43 13
48 19 35 14
39 20 37 13
15 24 37 1
27 5 29 40
39 19 8 7
26 49 11 14
22 37 37 9
5 10 23 26
47 22 35 18
41 26 24 8
41 49 31 45
14 44 36 8
43 22 27 0
49 8 39 12
34 37 40 6
42 47 31 24
41 17 41 7
47 22 33 15
35 18 28 35
34 40 34 10
26 13 41 4
7 27 36 5
15 16 40 2
42 36 39 7
42 18 36 45
32 23 26 7
38 20 43 6
42 15 29 44
40 22 43 13
45 48 6 10
17 33 37 17
46 24 32 40
15 34 36 18
26 47 39 6
40 24 35 35
44 9 9 34
39 21 34 6
43 17 35 5
38 18 41 5
35 18 12 29
41 23 5 22
27 17 37 11
30 37 34 11
40 26 39 4
31 16 30 5
36 23 38 11
32 44 19 19
40 22 28 33
47 8 25 20
32 7 40 6
44 20 37 18
38 16 26 15
10 29 21 28
38 34 33 7
46 20 40 14
35 21 29 16
25 25 46 20
40 29 32 15
36 22 5 7
29 9 42 3
34 49 38 12
38 19 36 8
17 3 13 9
38 24 38 4
41 19 31 10
11 30 37 9
45 8 10 23
28 11 26 8
42 27 46 35
45 41 37 5
47 43 27 14
44 24 39 32
35 10 39 6
48 25 25 31
43 27 37 9
43 18 30 6
45 40 29 17
43 36 34 32
38 14 18 9
29 32 31 27
39 45 21 34
37 24 24 5
40 21 25 12
45 29 14 0
40 34 38 41
21 20 34 33
42 45 35 15
44 22 36 0
32 25 37 15
39 28 43 33
33 16 38 1
45 19 22 39
39 20 40 16
43 22 16 16
45 32 12 27
47 16 37 44
41 18 35 4
45 25 43 15
37 11 23 36
40 22 37 7
6 23 42 12
34 41 36 20
44 18 39 5
17 3 47 5
45 15 23 32
44 9 41 20
45 23 29 16
46 26 25 41
14 40 35 6
30 6 41 14
47 11 39 14
38 7 17 30
30 14 24 11
29 8 26 22
40 10 9 28
39 17 11 36
49 39 17 1
35 17 37 6
45 45 37 4
26 25 41 4
38 16 37 5
45 17 15 28
8 29 27 14
42 19 41 49
26 15 19 12
42 46 21 39
20 12 23 25
39 16 41 39
35 19 39 2
9 32 36 6
28 47 27 24
43 21 41 13
34 36 40 6
31 42 28 33
47 23 36 3
24 31 40 7
39 19 37 4
8 26 36 7
24 12 31 25
38 17 15 0
10 47 39 14
3 22 40 13
34 31 39 19
36 20 34 12
35 34 37 6
32 20 35 13
49 30 43 27
36 33 49 22
47 17 41 10
39 23 40 13
18 34 35 40
42 9 27 35
43 7 40 22
5 28 40 39
37 22 41 28
45 17 19 23
33 8 16 15
37 5 36 15
38 31 30 37
41 42 35 5
45 20 34 12
41 28 20 38
26 21 40 5
36 17 33 7
30 9 38 11
1 26 37 6
45 38 37 5
40 49 36 8
31 33 38 7
24 46 1 30
44 22 7 31
35 38 26 16
44 32 34 1
36 22 33 44
42 15 33 3
43 19 11 7
40 13 40 5
35 34 37 18
47 24 7 7
35 44 28 13
40 43 35 14
25 32 27 38
28 4 41 20
36 15 33 10
26 10 22 32
46 26 37 2
47 6 22 14
31 7 43 26
33 15 29 11
36 23 35 5
38 24 40 5
23 28 40 8
10 30 41 12
33 22 41 10
41 20 38 23
39 20 9 9
48 40 34 32
24 31 39 16
36 44 40 16
10 42 32 9
47 31 25 38
41 15 17 26
43 38 19 37
30 46 33 31
31 34 26 24
49 9 38 16
29 13 27 9
46 43 24 12
40 26 35 18
48 12 22 36
32 12 37 2
43 27 30 44
41 23 27 8
19 32 22 36
11 13 35 5
37 8 41 11
41 28 32 30
41 24 34 4
7 25 24 14
29 29 39 6
39 17 46 5
30 36 26 33
47 17 38 2
33 8 34 12
41 21 33 16
25 37 31 23
42 27 41 0
47 8 43 30
41 28 39 10
46 15 43 32
35 21 28 25
42 15 25 26
34 42 39 21
35 14 33 32
36 23 26 19
47 19 18 25
23 43 46 33
43 17 29 42
35 19 32 5
36 24 14 26
43 36 30 4
47 16 20 19
42 39 37 8
44 17 43 4
40 39 43 26
37 12 36 8
27 34 38 14
2 27 32 5
30 30 37 15
22 19 38 7
46 43 36 7
44 38 46 18
37 36 31 35
39 26 36 5
41 23 28 15
44 8 25 24
46 11 38 38
24 32 35 6
26 23 33 5
22 14 38 6
37 16 40 11
5 26 35 1
43 23 47 13
21 29 35 17
28 17 38 10
6 30 23 14
40 14 28 27
2 24 32 1
7 23 37 3
40 32 20 38
32 0 36 7
43 46 36 12
44 25 22 25
34 41 41 5
32 18 4 5
33 17 37 20
45 17 39 2
42 17 16 37
32 6 24 32
40 24 26 1
37 18 38 5
35 17 43 37
20 45 19 39
43 21 19 29
18 11 34 4
44 17 41 21
38 22 38 16
18 39 37 2
9 27 34 16
43 16 26 8
45 37 43 6
29 14 36 14
40 27 42 7
37 26 34 8
46 26 37 3
38 41 36 0
34 15 17 22
43 11 39 6
6 29 33 32
48 22 9 10
48 21 34 5
41 20 41 12
