50 131 18268 800
44 6 8 9
35 10 38 45
37 13 34 10
21 42 15 5
27 36 28 16
32 27 35 15
43 29 15 15
5 13 34 11
18 44 34 21
30 36 32 16
13 32 28 13
38 16 17 24
22 22 42 6
24 27 32 19
12 17 40 40
31 27 39 11
34 6 28 21
25 9 27 14
46 16 27 19
28 0 20 8
27 10 19 28
35 21 22 47
49 2 45 38
15 43 48 25
45 2 20 2
34 17 31 19
11 19 25 46
24 44 42 40
29 22 40 39
28 46 5 0
29 24 29 15
12 49 27 18
26 7 42 38
31 19 49 42
26 37 25 20
34 5 21 1
34 21 23 48
30 17 38 37
33 10 49 12
6 22 34 42
33 21 2 11
30 26 37 9
2 11 10 12
37 20 42 38
4 1 22 6
32 1 18 22
30 41 35 14
35 0 28 13
32 17 14 22
24 33 38 47
29 25 38 34
30 17 37 33
30 34 45 44
36 41 27 19
32 20 39 6
27 39 34 11
0 34 5 6
30 26 29 16
31 45 45 5
39 28 27 14
25 43 19 7
23 5 2 33
36 29 27 48
23 0 22 30
41 8 12 23
14 49 29 39
20 7 2 14
33 4 40 42
19 7 40 34
34 0 24 15
47 41 32 16
20 39 37 35
33 6 43 42
31 18 29 12
31 38 40 40
33 14 25 13
48 10 28 15
31 43 44 7
47 5 41 36
46 9 32 40
38 19 35 14
23 32 41 41
44 43 21 23
21 30 46 34
28 31 40 24
36 17 41 33
23 8 39 37
15 43 28 8
35 2 29 2
21 36 38 48
35 2 31 18
42 5 34 14
47 7 1 24
39 14 41 40
47 5 33 15
40 9 31 15
18 37 44 4
23 0 10 22
20 25 30 28
8 27 29 15
33 22 7 5
25 46 46 48
17 44 13 11
26 25 28 16
41 5 35 21
10 13 33 25
10 38 36 37
30 17 46 10
41 13 39 41
33 4 40 9
22 36 49 43
25 34 46 33
37 34 31 12
30 23 42 37
36 39 13 6
26 43 30 16
41 8 37 37
6 24 35 36
36 33 14 1
18 10 8 7
45 33 32 20
13 31 5 6
22 40 13 21
39 40 13 17
9 36 40 45
19 31 22 20
17 7 22 8
40 12 33 14
30 21 29 15
36 12 31 18
33 34 12 15
