50 271 15910 800
5 22 2 14
22 21 34 42
25 34 21 38
24 17 30 8
33 26 31 37
24 47 13 23
20 44 16 29
17 16 37 13
27 43 11 41
29 34 13 22
19 13 40 16
32 17 35 32
1 24 10 11
40 22 36 29
22 20 24 10
17 11 19 20
17 36 42 40
37 29 26 19
33 5 47 42
25 46 15 6
17 23 47 46
49 21 32 6
35 6 35 38
34 45 48 45
27 32 4 4
12 37 42 14
41 26 44 31
35 39 19 23
40 49 17 16
26 14 30 13
40 32 8 9
33 35 43 18
23 32 18 23
24 22 15 28
34 33 17 3
10 29 25 10
16 24 18 21
25 8 19 25
26 46 33 25
16 2 35 18
30 2 17 16
0 20 15 10
9 13 11 0
35 32 47 44
30 29 29 22
46 43 46 6
16 25 18 17
7 47 38 5
30 33 14 27
20 30 12 22
22 2 31 11
24 39 39 23
49 35 13 17
33 15 41 6
31 21 47 6
36 37 35 14
19 10 34 22
41 34 18 21
30 22 8 18
31 32 19 39
26 19 18 19
38 25 9 23
7 14 25 8
23 0 17 14
45 32 19 19
24 43 20 33
0 17 27 16
49 32 21 37
38 5 34 46
29 45 7 14
17 2 37 12
20 33 20 12
46 1 23 16
23 9 49 44
22 7 27 3
3 17 34 3
43 44 9 23
34 12 5 17
21 48 11 2
27 36 13 5
27 38 33 15
27 34 23 35
17 13 8 28
21 15 12 49
15 45 10 11
39 47 46 37
24 19 38 15
32 45 0 35
29 13 12 25
22 45 48 31
38 24 16 26
44 41 33 13
37 17 8 31
48 38 11 12
43 2 40 34
35 24 9 22
25 33 7 23
0 43 23 6
4 5 45 36
30 10 29 38
20 34 14 34
48 32 9 22
11 32 35 12
34 31 26 11
17 22 21 14
25 26 44 45
34 41 49 19
10 23 37 20
30 40 42 3
5 13 17 20
19 45 37 47
34 20 3 3
4 14 31 22
19 49 8 29
22 49 4 32
23 16 10 44
35 43 15 39
30 14 13 41
20 2 25 25
38 25 25 19
14 13 15 22
28 48 15 20
24 20 13 27
13 3 9 14
38 19 46 44
33 43 33 26
25 38 23 21
18 37 15 40
25 40 15 24
22 39 16 31
40 10 21 23
7 3 47 45
32 19 2 6
36 20 28 13
25 47 36 18
32 13 43 34
21 42 23 14
36 44 16 44
19 23 40 16
23 46 45 25
35 18 31 10
45 18 15 26
42 44 46 30
25 16 39 17
21 13 30 34
37 47 6 5
33 36 13 23
37 40 33 9
29 37 36 11
25 31 39 32
30 33 12 25
22 37 44 33
33 23 3 25
31 0 25 12
35 26 25 33
29 32 44 34
19 27 23 40
8 32 40 18
25 22 17 10
46 10 34 35
34 27 14 26
18 12 44 46
26 35 11 12
46 34 24 6
23 35 18 7
17 16 27 21
11 2 18 26
23 26 36 16
37 5 8 29
3 19 36 16
20 18 13 40
39 40 46 35
24 45 6 12
38 17 31 37
29 29 12 14
37 28 39 32
27 24 15 28
18 39 18 23
22 4 34 22
49 12 43 30
9 33 48 11
37 16 14 28
32 22 21 27
37 3 16 16
37 28 20 28
47 7 19 19
33 12 17 43
33 41 35 2
24 39 16 17
45 37 6 21
40 14 11 12
23 33 39 44
21 8 44 44
29 1 47 36
43 23 16 5
20 41 26 20
47 6 32 7
4 28 12 20
33 8 42 28
26 17 20 22
45 22 30 26
32 15 34 28
7 48 43 41
22 35 15 12
14 35 30 30
24 39 41 3
35 15 7 18
18 21 27 19
47 16 28 8
18 44 17 37
46 49 40 6
1 9 9 26
9 44 32 27
22 24 5 29
15 46 14 33
29 38 38 28
12 9 19 23
45 39 17 43
34 27 25 28
4 39 33 9
39 15 20 7
22 25 21 14
39 46 41 38
26 39 48 34
16 29 32 8
27 27 38 16
46 21 22 28
1 14 12 24
31 31 19 22
15 30 22 12
18 45 42 14
45 35 29 24
39 22 4 19
27 0 38 49
47 16 18 24
42 15 5 24
31 40 36 15
42 46 28 21
32 13 21 19
46 28 20 39
21 7 23 17
19 41 23 36
41 29 45 14
9 22 16 32
31 33 7 47
28 21 2 8
30 25 27 15
44 23 27 13
47 31 16 12
7 6 49 22
21 23 35 20
17 41 44 42
23 25 17 9
21 45 4 10
35 22 21 23
45 29 49 36
13 38 10 28
22 44 23 29
41 35 23 25
33 46 37 36
19 31 25 13
40 24 43 0
13 29 47 35
17 36 49 13
41 11 26 8
39 8 23 28
38 3 37 42
43 27 38 12
23 10 43 46
30 24 18 33
47 13 15 24
