50 232 11662 800
26 46 24 36
31 49 20 38
44 31 28 34
14 29 20 38
33 42 19 33
20 47 25 39
19 41 24 34
14 32 37 46
7 30 18 46
14 32 10 43
15 23 28 32
37 27 24 38
35 42 27 39
24 31 23 39
12 30 16 32
25 32 24 43
4 36 35 25
27 6 31 34
49 43 25 37
34 39 11 48
35 36 26 32
10 22 14 38
6 33 26 42
24 24 34 40
28 49 45 33
44 36 32 31
24 16 32 36
29 46 30 33
29 25 8 49
12 34 23 34
22 32 40 42
11 42 25 47
27 48 1 35
39 40 11 45
12 23 23 37
27 14 26 43
36 4 33 49
9 42 25 35
32 17 24 35
32 15 27 34
4 34 21 18
6 37 21 48
12 22 38 49
25 26 31 37
22 17 23 38
18 25 22 44
28 10 21 35
49 44 30 33
23 43 44 43
21 8 32 39
28 29 13 41
44 22 32 32
25 11 47 47
6 31 32 38
10 34 39 49
11 37 45 34
19 36 35 42
3 36 38 36
43 36 44 48
14 39 36 46
22 30 40 47
9 32 24 40
24 29 29 38
15 27 20 33
1 29 14 48
12 35 43 43
16 19 25 35
30 11 26 38
16 6 27 34
18 34 33 39
34 22 48 42
30 44 16 32
25 49 30 33
39 47 17 40
17 35 42 45
23 23 20 32
6 40 24 39
33 49 44 38
32 17 28 41
1 38 30 30
8 31 11 40
39 34 25 46
37 47 21 38
29 15 36 40
24 49 7 37
35 27 35 33
39 17 34 48
6 24 28 36
40 22 19 45
6 45 24 32
6 48 21 47
12 28 25 36
10 40 40 43
44 35 22 43
5 30 26 38
4 14 38 41
35 32 48 44
25 23 14 45
34 17 29 42
20 31 29 45
26 49 26 38
16 39 23 37
16 19 22 35
10 35 27 33
12 29 11 45
5 33 31 38
18 32 31 30
34 29 7 43
9 31 24 31
31 26 24 45
34 1 43 44
34 43 15 35
37 21 23 36
7 8 29 37
10 21 38 40
5 15 26 41
10 42 25 36
12 9 29 35
31 33 19 32
23 29 27 39
44 45 23 37
38 5 11 39
33 13 44 48
15 49 46 45
35 20 33 46
7 38 20 35
15 0 29 44
12 42 25 37
41 0 27 42
27 24 43 40
26 45 41 49
19 20 26 34
38 3 28 40
8 19 37 43
22 46 31 36
30 44 41 48
17 24 27 34
1 38 19 49
39 40 28 37
15 29 26 38
32 14 38 49
21 38 16 33
23 28 25 36
37 8 27 39
9 29 34 49
21 28 30 25
25 38 30 35
9 35 40 48
19 30 33 33
26 34 26 49
49 48 28 34
31 18 11 38
17 44 25 28
39 11 20 27
12 34 26 40
22 7 31 40
22 20 32 42
29 47 27 32
8 39 27 44
46 27 23 33
6 22 25 36
23 25 23 32
31 36 39 49
23 31 48 41
33 43 26 46
10 26 36 42
31 27 13 25
37 48 40 38
9 37 19 27
29 22 29 38
35 27 25 36
25 23 26 37
15 35 21 36
24 18 19 36
8 34 41 20
33 21 37 43
8 21 41 25
5 39 25 38
5 39 32 45
5 31 44 41
7 34 10 48
46 35 34 36
4 34 37 48
22 24 23 39
31 29 27 37
29 34 40 48
32 26 19 35
14 18 26 36
20 1 10 43
13 33 42 34
40 38 22 39
11 25 30 38
16 16 25 31
7 40 26 41
37 3 19 36
12 8 16 32
33 43 24 39
31 20 30 6
26 13 29 35
1 30 43 44
35 22 15 37
17 14 48 46
25 44 30 35
27 34 25 44
22 27 27 35
20 41 18 26
22 34 37 47
35 17 24 44
32 22 48 44
0 9 38 34
24 22 45 46
22 18 35 21
32 14 36 44
24 33 32 47
34 18 26 41
12 34 25 42
32 49 22 36
22 29 36 32
16 46 25 38
35 10 28 39
35 47 26 40
35 36 39 39
20 22 26 37
28 34 24 41
33 18 25 34
20 35 30 36
27 47 20 32
27 14 32 34
15 27 25 35
26 41 30 36
22 46 23 35
17 44 36 42
