50 64 12807 800
22 34 22 42
25 30 47 22
20 27 21 36
25 15 47 17
7 25 13 48
19 12 25 11
36 20 27 26
33 48 44 25
38 16 46 30
28 24 39 5
24 35 46 31
26 38 43 26
28 19 36 27
24 29 10 46
9 33 8 49
22 13 46 16
38 36 16 48
25 38 43 47
19 27 33 15
18 21 41 42
32 17 28 26
9 32 34 11
25 23 48 40
25 29 11 44
29 29 6 49
13 27 27 20
32 0 0 41
20 11 12 36
26 48 23 35
16 31 43 25
0 38 9 45
22 40 45 28
26 37 26 29
30 29 26 40
17 23 36 13
33 26 22 42
39 21 8 48
36 13 29 27
14 22 31 10
29 13 31 27
23 40 43 15
15 15 42 9
20 20 4 30
35 23 3 43
45 39 46 13
28 30 4 39
38 6 16 44
36 23 17 33
27 38 33 21
43 15 46 7
41 22 34 20
26 27 48 9
24 45 45 24
24 46 22 6
41 28 45 12
29 38 22 36
33 26 49 40
22 22 17 4
40 47 21 37
31 29 41 45
14 21 43 17
29 1 41 12
22 16 2 48
34 20 42 13
