50 156 11338 800
24 14 17 46
8 18 38 7
23 6 47 12
43 37 49 21
14 18 0 17
29 19 43 32
15 22 25 3
22 22 35 22
19 17 36 13
37 10 26 35
12 3 26 6
34 5 4 18
30 4 11 19
35 23 21 34
48 14 13 2
28 10 23 0
35 26 26 6
15 27 36 21
42 35 14 1
21 8 4 17
17 15 29 15
20 23 21 48
49 9 10 6
1 28 28 1
45 29 48 46
9 6 18 7
27 5 30 48
17 1 16 19
3 7 9 10
41 12 14 30
35 12 39 22
17 27 24 19
5 26 41 18
31 9 1 3
17 10 21 12
0 10 18 32
16 27 40 42
41 12 26 33
37 22 34 33
25 9 11 26
8 11 33 29
29 12 2 8
42 20 9 28
14 6 39 15
13 18 30 0
21 18 23 11
29 2 26 11
35 30 0 21
46 1 46 16
26 4 18 14
46 20 47 28
15 0 14 26
28 30 13 40
20 3 34 24
19 4 1 2
20 15 29 0
31 8 21 13
33 7 28 30
28 12 9 2
39 11 9 2
43 36 21 1
49 33 30 25
19 33 15 23
8 14 32 19
3 20 24 1
23 20 28 34
25 23 10 9
44 45 28 39
31 11 43 34
7 32 36 43
11 33 4 1
24 9 40 24
21 11 9 17
1 4 42 32
4 5 20 48
22 20 36 18
15 8 23 7
31 0 39 26
13 6 7 10
8 28 23 10
24 0 33 10
23 7 13 26
4 30 25 20
27 0 13 41
20 8 19 26
2 26 33 42
20 15 21 10
4 5 5 14
41 5 28 2
20 18 12 43
47 16 21 8
22 3 13 26
29 13 18 42
4 21 0 0
29 8 40 10
11 5 30 17
47 9 46 29
18 20 33 37
36 8 1 26
14 13 30 28
40 22 26 2
5 25 46 34
35 10 31 13
44 46 13 8
11 10 25 10
27 19 19 29
29 17 42 44
5 29 33 13
18 24 48 8
41 17 33 33
6 12 38 15
48 5 43 45
31 8 9 42
32 7 31 23
47 15 35 4
12 12 26 36
17 23 34 8
47 39 33 25
45 27 16 2
44 29 9 22
39 11 14 6
18 5 24 8
7 26 18 16
16 1 46 1
4 24 16 10
10 40 39 31
28 26 28 45
6 11 13 19
23 29 19 13
7 25 21 31
0 27 23 4
21 10 21 1
7 4 16 2
13 16 23 44
49 26 26 2
29 4 29 13
34 11 30 18
10 19 22 30
47 38 17 26
24 24 25 30
18 6 32 42
32 26 46 44
2 32 29 23
30 29 27 7
32 12 34 32
46 34 27 5
10 7 21 27
44 12 38 33
5 6 5 17
12 3 17 2
0 15 20 8
7 7 2 29
13 16 18 13
27 19 24 17
22 20 13 28
14 5 19 38
