50 100 13710 800
20 7 24 39
21 12 17 33
3 38 43 19
39 39 42 33
26 17 7 32
22 36 17 31
22 6 9 26
41 32 32 39
47 3 34 36
31 28 30 36
41 37 11 42
43 23 40 44
32 42 30 12
43 5 20 12
49 24 20 33
37 41 9 41
44 16 16 7
49 12 15 26
48 29 42 18
46 27 19 31
41 42 40 25
40 18 31 34
7 5 30 35
0 23 27 44
23 1 15 27
43 20 18 36
19 32 21 38
45 1 36 22
19 33 28 40
29 7 31 45
38 26 46 25
35 13 9 25
16 35 22 34
44 24 33 45
4 23 45 18
3 24 13 35
25 47 26 39
14 30 17 22
36 23 1 34
47 26 37 42
43 18 0 15
35 46 22 39
47 1 7 25
41 2 9 24
42 48 23 25
36 27 12 29
36 17 43 22
42 2 16 20
36 38 36 14
33 29 21 20
42 44 30 12
16 14 10 44
41 5 26 24
23 19 27 26
37 13 28 17
24 32 23 19
23 33 18 31
36 40 28 48
32 43 12 39
43 40 26 33
41 44 39 12
40 19 6 19
36 10 28 27
23 42 48 25
42 34 30 27
18 36 21 29
44 1 29 14
49 13 33 42
49 1 32 36
43 3 19 29
38 21 48 14
26 42 24 26
30 29 43 21
45 0 7 6
33 0 30 12
45 20 19 22
31 29 32 20
22 11 17 25
13 1 44 21
43 10 8 33
43 1 43 18
22 18 6 20
13 28 39 32
26 38 29 45
43 6 22 30
44 35 12 19
30 35 21 17
42 2 8 30
36 35 40 17
45 0 9 34
48 38 38 32
6 10 36 28
42 3 15 28
35 37 16 23
44 1 19 23
27 14 17 28
43 21 43 45
7 37 23 29
43 2 28 44
46 7 22 29
