50 408 14113 800
47 30 5 48
28 40 8 32
27 44 34 31
22 30 10 42
20 43 43 45
35 22 6 17
23 24 0 19
4 21 13 23
17 35 14 14
16 38 18 23
24 13 37 24
11 41 8 21
20 16 38 36
21 17 41 43
27 30 33 41
14 28 34 26
17 40 25 41
1 36 27 49
23 16 27 31
24 46 26 30
21 11 19 45
3 24 28 39
27 17 5 46
2 5 5 36
36 26 11 18
25 36 3 15
16 32 22 17
29 43 0 17
37 32 30 42
22 13 24 34
8 30 28 33
39 28 20 10
34 49 24 39
25 28 18 31
43 45 25 22
35 41 45 30
25 30 43 12
27 43 35 9
21 13 12 8
37 27 1 17
43 37 0 9
10 29 45 22
25 37 30 38
2 36 15 6
30 43 23 33
1 28 5 40
20 15 33 4
17 34 23 19
10 22 15 17
20 11 27 41
3 4 22 34
26 28 4 32
9 43 26 6
25 12 13 17
39 25 10 36
31 49 18 18
10 27 30 28
21 15 20 32
29 24 28 34
30 4 26 9
37 32 14 37
25 39 29 31
11 30 30 44
21 21 48 17
22 18 24 30
37 29 13 18
29 33 2 40
28 26 24 28
38 26 11 45
10 22 19 36
33 38 40 34
18 27 4 20
7 26 23 28
22 14 37 22
14 29 2 18
41 45 37 26
21 32 35 28
6 34 27 19
35 27 44 21
29 25 8 46
23 15 33 14
21 14 25 13
22 15 36 23
39 35 27 32
16 18 0 16
21 39 15 40
18 30 36 20
11 28 42 14
39 30 1 15
29 47 0 24
24 27 23 17
21 39 24 24
4 33 16 30
24 32 13 18
6 26 27 37
14 31 11 37
5 46 24 36
32 1 35 28
22 45 36 43
42 23 24 20
44 32 7 42
23 17 34 44
42 34 6 30
41 29 40 23
3 7 21 20
45 30 28 34
20 25 41 25
31 9 18 14
25 43 22 19
40 32 27 25
35 29 11 13
22 35 28 38
11 30 15 41
30 17 30 35
26 29 40 32
20 20 22 15
11 33 34 17
15 38 21 16
42 32 21 25
20 8 26 9
23 36 5 17
26 39 20 14
34 29 26 26
24 34 24 40
23 12 22 18
27 25 30 33
22 37 14 11
36 22 3 0
23 31 29 5
35 27 6 49
15 39 24 15
41 34 30 30
43 31 45 13
34 26 11 21
22 20 39 33
17 16 1 40
25 16 43 32
40 36 13 19
44 30 10 15
28 13 18 17
22 31 17 38
10 5 24 39
27 29 42 31
11 22 29 9
20 43 27 14
36 34 18 35
38 24 30 40
36 30 20 7
31 30 23 15
24 21 30 23
45 27 13 23
9 29 22 35
36 27 18 20
38 49 43 41
26 17 6 25
22 10 35 7
36 21 26 39
25 34 23 0
17 25 37 29
18 28 33 38
41 33 2 1
13 16 44 3
18 38 42 40
6 29 30 48
30 37 8 40
5 32 28 38
15 27 25 16
27 14 2 15
28 35 15 15
23 23 25 13
49 32 19 17
18 33 41 12
40 21 18 16
35 44 15 19
41 45 28 22
18 34 38 29
10 26 22 36
28 36 13 42
4 27 47 40
20 27 22 47
19 9 14 29
36 42 32 27
29 43 2 35
22 19 4 33
29 18 45 23
15 34 9 48
39 26 30 28
41 28 8 45
37 29 49 13
18 37 42 39
36 24 21 30
36 27 17 24
30 35 17 12
30 36 32 26
37 24 5 26
21 14 22 22
20 21 38 29
31 10 28 32
16 33 30 38
8 20 23 16
23 35 30 48
19 39 16 24
23 0 1 31
23 9 23 14
1 14 18 45
18 25 3 31
42 37 27 35
40 26 16 31
28 17 19 37
40 39 38 32
13 18 19 45
23 14 28 21
31 20 27 24
23 14 28 21
39 26 24 35
26 37 38 0
8 39 23 30
7 45 3 5
39 47 18 9
32 37 32 46
17 33 37 22
22 9 2 46
34 47 41 19
22 13 23 41
34 8 24 18
39 31 23 35
12 39 3 20
6 20 37 21
11 22 38 35
25 31 0 12
15 49 21 30
33 16 18 7
32 30 24 28
40 32 26 37
28 14 45 8
20 31 4 5
25 10 39 8
23 31 20 26
27 16 39 2
28 20 13 47
29 32 8 15
8 15 1 12
8 36 23 12
4 6 34 28
20 30 8 0
20 13 16 22
9 30 20 15
42 27 14 44
35 35 0 6
37 23 16 6
40 27 17 18
34 31 32 26
19 14 23 22
0 9 34 31
35 33 21 18
8 15 1 15
22 3 43 31
19 33 20 37
17 20 48 37
19 47 34 28
30 33 4 19
20 34 13 41
27 37 15 17
25 44 18 13
25 9 40 13
39 23 44 9
8 32 37 17
24 9 33 31
13 39 14 6
27 15 24 37
34 27 37 30
25 30 29 37
17 0 47 3
25 28 7 43
27 14 23 11
31 44 3 47
37 23 21 41
18 33 27 9
45 34 34 30
25 44 18 31
27 48 19 11
33 26 12 48
26 13 14 42
16 20 36 44
37 29 35 49
4 11 35 13
16 49 12 19
35 29 8 19
20 23 24 18
9 11 18 20
8 28 15 30
30 48 13 19
27 15 22 41
12 47 10 13
23 16 22 34
36 19 25 25
33 49 28 7
24 40 41 20
15 9 36 23
36 47 13 18
13 49 36 18
13 31 3 18
19 43 21 17
13 37 35 37
10 22 16 14
20 37 26 14
25 28 35 14
27 39 30 32
1 35 16 35
22 17 26 22
23 37 24 33
12 27 29 25
15 45 19 26
17 13 16 36
45 22 9 46
39 29 27 19
2 36 40 6
21 31 34 32
38 29 28 16
34 23 7 21
34 33 15 33
24 12 16 21
28 14 22 12
13 21 2 13
30 30 29 22
7 17 43 44
2 4 4 38
18 27 42 38
19 19 17 10
4 35 1 16
11 27 28 17
23 14 19 26
10 47 40 9
19 38 26 10
22 18 36 7
14 10 22 34
25 15 32 22
32 21 36 36
25 27 22 12
22 33 0 19
5 35 21 13
34 28 17 11
11 32 19 27
14 26 24 33
37 27 12 25
32 16 30 23
22 40 26 25
34 29 9 42
25 16 21 8
24 14 5 9
24 44 45 20
36 11 11 7
20 12 46 34
35 29 8 2
32 47 14 13
27 40 28 36
21 31 40 42
15 8 13 29
19 8 26 23
34 30 6 18
46 17 28 31
38 45 17 13
20 39 35 42
21 43 27 19
25 42 24 29
44 26 17 18
1 9 43 31
10 18 11 22
36 15 17 11
28 13 31 8
26 37 15 45
5 2 21 16
18 25 30 43
21 17 3 20
6 0 24 40
19 26 8 17
36 24 42 22
27 49 37 47
47 44 26 21
21 46 30 34
33 42 6 49
22 15 16 26
6 3 45 22
25 15 30 22
22 19 23 39
30 39 16 14
5 21 0 19
7 49 25 35
35 49 17 41
29 21 13 8
13 26 26 34
23 35 23 14
33 29 5 21
38 27 17 0
24 12 1 20
42 19 12 12
42 11 25 23
20 30 22 14
37 10 41 35
5 35 15 16
7 32 22 17
22 17 0 2
45 29 9 36
38 19 31 20
21 39 5 15
32 41 30 25
24 35 25 30
12 29 2 16
