50 690 18886 800
39 27 47 37
2 41 21 13
40 30 16 2
14 27 48 37
13 27 13 16
9 44 5 20
44 18 32 24
3 37 38 43
39 13 45 40
6 41 43 17
31 17 22 37
7 41 33 27
38 22 43 28
27 11 33 37
11 23 20 31
36 26 4 16
36 4 6 21
5 25 34 35
9 40 7 30
7 24 41 40
3 40 42 27
6 6 30 20
38 8 11 24
18 4 46 39
8 26 40 3
4 10 14 17
5 45 10 24
7 1 33 14
36 36 44 12
45 49 43 3
43 37 30 14
32 6 36 22
5 35 15 15
0 38 2 17
6 12 41 23
31 11 10 17
11 13 6 21
13 3 21 20
32 16 40 23
9 2 5 19
2 39 21 14
10 44 45 32
37 34 45 39
0 39 33 32
39 39 23 23
46 11 12 27
16 43 36 30
5 38 35 32
9 41 16 21
13 26 8 27
35 23 36 28
29 6 32 24
28 11 29 18
19 3 9 13
42 34 14 27
11 35 18 0
40 22 26 37
42 26 5 17
22 4 21 36
42 48 29 31
24 14 11 46
49 45 2 19
8 40 3 20
37 28 26 24
35 29 23 19
47 47 9 39
32 6 18 28
3 26 32 32
39 17 12 33
6 43 14 46
1 46 13 43
40 20 14 46
43 22 14 20
1 41 0 18
1 43 20 19
0 41 2 19
41 37 18 41
4 12 31 7
14 28 40 28
11 6 30 11
6 49 5 19
42 18 4 17
41 23 19 25
49 22 14 21
13 4 31 4
24 3 34 13
47 25 31 14
7 39 5 15
14 20 33 19
46 28 37 28
38 13 3 28
44 9 17 15
40 27 21 40
36 39 22 41
31 21 10 21
2 41 25 26
4 45 9 13
41 30 15 44
43 18 35 24
1 41 26 34
30 24 9 20
9 12 11 19
24 0 19 31
12 16 42 32
37 35 18 23
3 39 34 31
35 39 25 8
6 48 14 7
35 11 18 43
34 24 25 36
18 11 10 28
5 36 36 29
13 29 45 42
4 43 26 27
20 15 12 36
9 48 10 20
38 15 5 16
12 41 6 16
16 27 18 24
36 40 26 10
23 17 16 23
13 7 12 32
41 32 9 28
0 0 40 19
6 38 5 15
2 39 18 22
5 43 48 34
36 17 15 9
49 39 29 31
44 42 35 14
45 33 47 23
28 8 37 37
5 0 17 12
41 35 33 37
27 21 46 40
29 0 2 19
19 37 6 34
16 11 4 20
20 5 11 18
7 39 19 43
4 45 15 3
28 15 49 22
10 39 32 29
47 26 35 24
1 9 14 37
40 36 6 39
26 23 17 38
11 2 9 40
7 31 18 6
11 3 6 16
4 13 12 20
22 5 13 20
44 28 34 21
35 3 8 28
36 12 16 39
10 25 33 17
38 39 34 22
39 27 26 11
33 33 11 23
42 11 46 38
46 10 9 26
42 15 41 27
26 29 42 30
3 0 7 16
7 5 27 35
3 10 18 49
46 36 8 18
25 10 42 37
49 26 14 39
33 18 44 37
15 13 46 37
0 30 35 20
5 36 5 7
10 20 23 24
13 15 8 17
7 39 17 37
31 11 38 26
44 7 15 23
44 9 11 18
35 10 2 24
2 38 7 16
17 13 38 23
0 14 21 24
0 5 20 2
41 36 17 41
3 30 3 23
9 0 21 14
13 38 45 36
48 32 26 37
38 31 27 37
31 37 35 9
40 34 17 37
45 18 39 41
20 13 24 42
15 2 9 22
20 8 9 15
6 45 25 42
11 9 17 17
5 39 12 20
8 37 42 11
13 21 2 10
44 33 46 18
8 27 5 2
3 8 14 38
44 29 47 31
1 37 36 26
47 38 29 36
23 31 4 46
33 28 1 34
12 19 28 13
44 28 3 20
39 41 11 17
1 39 34 39
6 0 4 19
7 40 38 37
11 28 26 19
8 20 34 31
35 22 17 40
28 28 49 36
12 32 12 23
38 31 42 35
44 36 4 19
46 6 6 18
1 10 6 16
21 23 19 31
43 35 42 30
10 12 29 32
44 34 32 3
9 24 34 24
8 3 27 15
32 2 4 18
4 1 9 22
6 11 9 16
4 42 4 16
39 43 39 30
16 5 18 39
41 47 36 24
11 22 34 24
43 4 17 29
44 47 5 18
10 6 38 39
36 15 31 36
46 6 7 23
1 38 6 13
11 18 49 36
46 28 37 26
19 1 11 44
0 38 43 27
1 4 37 24
36 30 22 6
14 26 25 16
46 38 43 40
14 7 35 9
47 36 29 41
33 34 41 27
44 29 43 20
5 42 25 37
12 21 27 21
12 16 40 32
21 4 37 24
10 42 7 18
43 31 22 6
36 29 9 19
14 0 14 21
2 47 28 21
25 12 33 23
26 11 21 29
43 27 21 37
37 36 16 37
0 10 20 10
49 43 2 15
17 8 7 17
36 1 37 37
20 28 42 27
47 16 38 33
11 19 28 15
11 11 18 23
4 42 21 1
48 27 5 23
4 42 34 23
44 14 22 16
11 10 43 27
42 13 6 14
2 38 42 7
25 7 35 36
7 45 18 36
12 2 39 8
41 22 6 26
4 39 14 25
11 21 44 45
12 31 21 38
21 10 37 32
6 41 3 18
7 44 18 34
9 2 36 26
7 20 31 20
1 41 24 26
27 5 31 31
49 17 17 41
40 22 8 22
5 40 14 18
9 18 2 18
14 25 32 35
37 6 40 25
34 39 17 43
9 22 26 30
47 42 21 23
41 15 17 46
32 18 14 29
40 32 18 23
31 34 5 12
33 34 4 38
37 11 42 39
38 40 8 17
30 31 31 38
0 41 2 17
41 3 17 12
39 37 15 44
15 19 34 24
34 8 34 39
35 16 36 37
41 47 26 7
40 24 21 6
3 5 1 20
42 10 15 27
40 31 29 25
32 29 34 13
19 26 35 22
35 34 21 35
33 27 36 34
46 19 16 12
22 32 38 23
49 9 34 42
40 33 28 24
10 22 41 24
45 22 37 25
12 20 38 26
33 20 16 15
26 10 42 6
3 38 33 26
16 23 21 2
36 41 37 4
29 18 12 41
0 38 49 35
2 41 36 4
7 37 32 33
5 10 3 23
24 22 17 36
21 44 15 45
2 33 3 17
26 0 37 23
46 4 11 43
1 40 5 48
1 38 37 40
37 15 38 34
7 36 21 20
43 3 24 35
8 23 49 36
1 40 37 37
17 25 8 18
19 5 40 11
36 6 46 38
0 40 38 31
3 36 35 36
4 34 36 37
10 38 41 22
8 38 13 28
5 42 46 38
26 15 11 17
12 8 28 0
2 34 4 16
13 26 11 20
4 40 22 17
7 23 36 0
16 16 6 22
7 35 15 29
4 5 45 32
28 2 10 41
6 12 32 14
22 21 7 27
37 20 9 18
43 8 17 41
32 25 10 21
38 31 37 38
23 36 13 16
37 26 34 29
48 31 24 16
16 0 5 12
42 36 39 39
4 14 15 20
23 21 43 18
1 37 13 20
49 16 35 14
32 41 29 2
34 11 22 28
5 36 15 14
44 37 35 39
11 5 2 12
48 16 12 20
16 13 28 27
27 32 30 5
41 7 17 14
31 21 30 31
18 25 3 18
47 43 2 22
9 5 45 17
21 6 45 39
41 35 4 17
46 34 20 40
49 33 22 21
16 4 43 30
5 25 26 39
47 10 46 26
35 13 7 3
16 6 4 17
4 43 13 21
10 42 17 39
39 25 16 31
11 8 5 20
11 23 40 27
1 46 30 28
29 28 33 33
5 49 19 49
11 8 21 22
28 5 13 13
7 22 28 43
11 41 41 40
0 6 38 39
28 12 39 28
38 25 15 16
4 6 38 12
20 13 10 37
4 40 4 17
11 26 27 34
39 18 48 38
37 42 42 3
11 14 3 15
30 23 5 46
42 36 44 23
26 26 30 39
7 35 27 29
36 13 47 39
22 4 7 4
8 20 5 18
8 40 13 39
2 37 41 39
1 44 10 48
19 17 37 27
13 24 33 10
37 40 47 34
17 0 9 19
40 32 11 26
18 41 2 23
18 39 36 25
10 3 37 45
36 20 24 46
36 24 27 16
45 8 11 13
28 5 23 45
35 17 44 37
24 4 13 42
40 29 19 14
34 20 24 6
4 7 8 15
23 32 28 19
36 28 14 13
36 2 21 40
9 25 0 19
1 42 30 8
10 34 17 9
46 25 32 35
12 24 38 30
7 43 16 37
13 27 28 17
3 11 38 26
19 12 27 23
38 15 12 22
17 1 29 20
36 24 18 41
36 38 5 23
33 20 19 28
43 4 4 38
10 27 16 43
9 29 40 38
33 17 46 35
36 16 45 30
40 34 14 23
3 36 17 30
20 31 1 17
40 30 7 18
28 20 39 25
6 2 42 31
11 38 7 15
38 34 6 18
47 36 35 25
4 48 1 14
47 2 26 42
42 29 48 31
15 46 22 26
6 41 13 22
37 34 12 17
10 24 5 18
49 29 45 33
32 29 15 28
42 23 6 19
17 7 34 9
21 33 15 48
4 35 16 39
2 16 46 41
21 9 46 35
10 22 48 39
10 23 15 16
0 7 18 14
43 35 11 26
5 38 11 24
46 1 4 15
11 47 12 11
2 41 28 19
41 20 2 18
19 7 33 20
3 39 12 15
32 46 34 21
6 10 10 22
8 36 38 22
46 4 36 24
33 31 3 14
8 20 35 5
18 13 42 3
23 14 1 11
36 38 16 26
14 21 28 44
44 35 31 43
2 29 1 20
8 42 22 16
11 7 19 39
17 17 11 14
11 7 35 3
39 26 9 32
21 28 14 21
31 34 36 14
11 26 42 33
36 10 30 34
12 27 8 21
42 19 34 44
43 44 13 1
3 43 14 15
13 16 32 19
8 29 14 40
46 7 0 23
7 39 32 30
5 16 5 22
0 32 13 18
15 10 16 40
30 39 15 38
28 36 20 43
34 24 43 5
3 14 49 10
40 8 4 40
2 25 29 40
23 16 32 31
45 40 3 30
9 37 26 41
32 29 7 15
12 28 0 7
20 36 33 10
41 39 11 18
37 15 35 27
36 39 9 14
41 17 45 38
1 4 34 40
14 16 12 28
41 28 16 38
1 36 18 46
28 26 6 19
19 20 2 15
44 19 15 24
38 29 3 40
0 36 8 32
14 11 29 1
33 28 20 5
22 39 37 27
7 29 22 8
27 12 12 19
2 19 34 0
14 6 22 36
8 45 16 12
34 27 12 32
4 37 20 39
38 31 3 15
4 46 9 18
9 7 14 28
9 40 21 18
1 38 30 31
17 24 6 14
11 34 33 43
8 38 45 40
2 12 8 20
27 12 19 36
0 38 28 45
11 27 40 9
34 20 1 19
44 4 47 21
16 19 30 47
11 41 8 5
14 29 9 22
48 4 13 26
17 9 5 19
7 2 43 11
14 34 39 18
22 19 41 43
24 31 33 25
19 35 11 16
44 34 28 39
34 21 9 16
3 6 7 21
7 44 11 18
40 36 28 35
0 3 39 27
3 37 2 22
4 34 3 41
13 30 48 37
10 37 24 6
39 49 31 23
34 47 43 43
5 27 36 23
6 18 48 28
3 37 30 18
1 40 22 43
6 39 11 18
45 7 11 13
21 12 33 24
49 8 4 14
41 17 15 25
16 10 10 22
12 15 27 28
22 17 10 26
4 0 28 47
7 39 42 36
32 30 25 30
32 36 2 18
25 16 16 10
14 1 14 21
7 40 42 22
40 12 30 23
20 46 42 7
19 11 23 24
39 13 2 20
4 40 12 25
41 34 12 17
21 42 20 30
7 38 19 14
6 37 26 20
5 34 12 34
46 43 42 38
15 0 36 38
4 43 25 42
28 13 4 14
43 10 42 6
2 41 36 24
23 22 31 27
7 43 46 15
25 39 30 7
49 30 15 36
43 30 32 31
3 34 14 43
5 38 42 26
41 28 27 43
3 34 35 21
43 29 39 26
12 43 31 19
5 23 46 36
36 15 11 41
42 34 23 12
26 10 5 7
19 7 18 31
36 26 35 0
35 17 14 25
38 30 11 16
0 5 13 13
41 42 48 37
1 9 7 15
9 38 40 24
37 22 7 18
23 23 10 15
8 21 18 25
9 44 46 37
42 42 6 20
36 27 33 29
18 32 12 20
40 25 2 16
