50 239 15251 800
8 16 34 7
22 11 15 36
22 18 40 2
19 22 24 11
15 6 37 8
31 44 38 8
22 24 32 14
6 9 8 36
18 37 37 7
41 31 0 37
15 20 39 6
27 5 2 38
32 40 36 6
17 17 41 7
24 22 20 3
17 16 9 19
18 18 19 0
46 7 31 8
12 12 35 2
20 46 20 8
11 17 2 20
14 1 15 39
27 7 20 16
19 22 27 22
20 46 42 7
11 15 38 36
4 16 40 23
22 7 5 43
20 18 38 3
15 15 12 43
17 4 7 26
31 7 9 45
7 10 9 13
16 14 34 5
23 5 35 10
17 15 37 4
36 25 43 2
27 15 38 12
15 12 25 1
33 3 12 25
20 10 44 2
22 7 35 10
40 5 49 9
18 14 13 9
14 20 34 9
16 19 35 8
22 22 38 3
19 20 18 7
35 30 24 4
27 42 5 27
19 16 36 3
14 16 22 7
26 47 24 15
26 10 41 9
27 45 25 21
21 17 30 22
49 30 1 21
3 18 31 3
13 42 38 5
26 40 15 4
20 19 30 40
20 20 36 3
35 17 6 33
23 42 19 13
16 43 14 38
37 18 8 17
18 15 17 37
10 24 4 19
27 12 25 22
20 15 1 12
26 14 37 3
19 10 3 21
32 6 25 22
36 48 19 9
29 21 2 44
17 20 37 8
39 18 11 27
14 16 38 3
19 16 22 10
29 13 42 1
26 35 14 5
14 20 12 32
9 17 2 22
25 46 13 23
17 6 10 4
26 41 27 10
15 22 15 6
13 19 36 20
18 24 34 8
29 49 32 8
14 24 11 34
16 12 37 10
19 4 37 7
44 19 38 7
25 42 47 10
19 14 19 7
26 18 18 15
41 36 24 9
17 17 27 8
19 19 25 8
25 15 13 15
16 16 40 3
31 9 40 4
27 38 39 8
27 41 38 3
49 12 1 29
27 14 12 38
17 11 19 4
39 8 41 19
22 3 34 2
16 17 18 10
33 11 13 36
39 32 40 6
10 0 20 9
33 47 35 7
16 21 20 8
22 19 8 34
15 9 7 25
33 25 34 7
47 25 30 9
34 5 14 12
31 33 11 44
31 12 15 7
15 22 10 48
18 15 34 7
31 11 39 4
15 17 21 1
17 18 4 34
15 16 34 8
21 20 36 8
21 6 40 4
25 19 11 45
18 15 40 0
13 10 32 16
27 49 8 20
18 15 11 46
26 1 11 0
15 18 16 3
13 25 42 10
15 21 26 10
20 19 40 4
27 4 24 20
35 6 23 16
20 19 24 3
28 10 0 35
30 13 15 40
12 16 34 9
15 25 39 13
40 44 12 40
24 23 26 9
43 26 0 14
11 17 13 28
21 23 35 7
6 15 22 4
19 16 13 35
14 17 36 8
28 24 39 2
38 22 30 21
13 21 34 9
34 11 28 25
27 5 4 14
8 21 3 26
17 15 39 2
19 23 1 20
12 13 17 43
25 25 30 41
25 26 0 28
32 34 40 3
18 6 29 35
3 20 40 8
32 8 28 20
26 27 12 29
14 17 21 6
20 14 10 1
20 15 13 25
19 15 11 6
16 15 35 1
38 25 16 43
24 12 9 4
17 12 22 25
48 6 23 3
38 2 6 28
15 20 21 39
23 39 38 5
23 17 23 3
32 10 15 12
33 16 39 7
24 28 14 35
19 15 8 3
9 6 20 38
13 24 19 1
14 21 36 3
15 8 37 4
22 20 6 3
17 19 15 4
14 10 33 20
36 12 4 49
44 4 5 0
16 15 34 7
43 18 18 25
20 11 21 38
16 21 48 3
19 10 6 33
10 28 39 5
11 8 12 4
12 16 17 17
13 12 35 2
18 17 13 41
10 18 36 12
18 20 26 12
17 4 44 3
21 10 36 7
17 16 29 19
13 16 36 1
27 41 32 5
10 11 12 43
25 42 24 1
2 6 17 7
47 1 12 17
27 17 3 27
30 11 18 15
26 2 15 24
17 18 22 16
17 16 13 29
20 16 13 37
12 12 25 8
21 21 28 0
44 2 22 7
3 17 7 15
23 25 9 16
25 23 38 5
42 14 27 15
20 20 18 41
15 21 37 4
18 15 41 5
45 2 37 2
28 0 4 12
13 15 24 0
13 21 37 8
