50 199 11885 800
4 47 16 13
49 39 20 24
45 37 7 8
21 14 3 12
7 23 36 19
45 16 4 10
39 33 0 17
20 33 4 1
41 24 3 5
49 45 31 15
21 39 9 22
41 23 25 30
46 26 4 3
38 42 31 17
41 22 11 15
44 23 3 10
24 40 38 20
39 27 49 18
42 9 17 30
48 25 18 12
24 39 42 7
49 40 6 9
0 17 35 1
42 20 39 16
2 25 13 29
3 19 43 24
20 39 11 25
42 20 11 33
26 41 7 12
29 33 26 4
40 37 35 26
43 25 12 46
42 18 9 30
18 37 43 12
49 23 9 29
12 1 19 29
2 17 11 49
45 27 13 21
44 23 2 24
20 42 11 9
1 11 4 7
38 28 1 14
2 17 22 29
43 23 33 15
40 22 20 16
20 37 12 10
21 42 9 14
44 26 14 7
15 11 12 1
42 23 12 48
47 24 49 10
12 15 5 20
15 32 4 26
6 19 12 47
30 11 3 6
44 23 17 47
17 35 13 13
21 38 14 28
11 12 13 44
47 23 12 10
35 10 48 3
38 44 33 9
22 40 24 9
44 37 8 1
8 27 12 45
33 19 19 12
15 18 41 18
49 27 24 14
30 18 29 6
46 18 11 47
49 34 19 24
22 42 5 0
23 37 15 23
39 29 0 32
24 41 1 11
6 39 35 17
19 43 11 11
40 20 42 4
43 38 9 10
23 40 24 13
2 21 20 24
18 33 27 1
4 23 14 47
28 36 8 10
24 48 35 4
42 23 16 20
24 39 14 22
31 43 5 0
28 16 9 18
21 43 4 28
6 14 4 25
44 40 39 9
39 40 42 11
25 0 39 37
41 17 30 14
16 3 4 7
24 40 18 8
41 23 32 12
41 21 26 8
25 40 36 8
43 32 0 3
41 21 16 21
13 27 2 3
34 17 3 13
21 38 34 14
19 38 40 22
41 30 8 21
41 22 5 19
42 19 7 5
25 40 42 13
46 18 22 12
47 23 12 47
34 15 2 12
43 26 9 13
15 32 29 13
21 39 5 7
42 24 9 18
26 38 6 6
10 14 4 1
8 18 19 16
20 39 12 47
48 23 13 17
17 49 42 13
48 31 8 9
43 41 12 49
45 19 23 21
34 30 5 0
35 11 25 20
7 35 33 4
8 7 16 17
22 40 8 12
44 26 49 18
19 7 13 9
37 24 21 12
41 25 15 45
20 38 14 19
41 24 13 45
38 23 12 20
22 19 9 7
37 27 0 5
23 19 27 28
37 33 17 26
20 46 11 10
22 33 13 43
39 24 29 8
12 4 17 1
40 29 0 23
33 16 3 2
39 23 11 24
19 42 2 1
44 26 7 38
18 24 1 7
33 14 26 14
48 36 49 18
7 28 19 26
42 22 28 30
6 8 12 49
48 32 7 6
23 41 22 19
24 22 22 6
16 14 7 18
8 32 11 44
44 24 31 1
6 23 39 23
22 0 7 1
38 20 13 46
34 14 34 23
47 32 15 21
42 22 10 27
24 43 3 7
22 40 39 15
45 46 11 9
46 29 31 14
18 44 11 48
9 22 15 47
43 24 4 11
41 35 6 7
48 28 9 26
43 16 29 3
45 18 28 19
38 12 8 30
5 24 31 8
6 34 18 13
47 40 10 23
24 33 16 29
47 26 48 17
43 43 32 11
28 24 13 26
22 41 17 14
45 17 48 11
41 26 29 9
42 45 49 21
43 20 19 10
33 48 8 2
2 10 23 21
35 32 13 20
37 35 41 3
18 44 33 4
39 32 13 45
