50 155 13165 800
0 7 42 16
22 20 18 48
43 17 26 10
45 16 28 23
38 13 33 32
39 33 30 31
35 20 49 22
5 22 33 39
0 18 35 16
19 18 25 27
29 46 41 48
29 19 24 23
36 26 17 31
3 49 16 29
47 46 27 26
34 19 12 25
24 17 25 34
38 49 30 16
33 22 26 32
34 17 19 24
39 12 32 38
24 18 21 31
9 23 30 19
12 9 30 24
24 25 17 41
4 23 25 18
7 21 19 21
22 46 9 35
14 27 20 29
35 40 47 45
24 24 36 17
4 18 23 22
37 19 32 12
43 15 32 19
5 29 10 48
9 33 29 24
35 17 28 16
34 17 26 43
25 0 24 27
18 15 23 28
41 26 25 31
30 21 35 23
41 29 22 44
48 25 23 14
34 12 43 41
1 11 34 29
33 19 23 21
10 23 1 29
17 27 16 49
47 33 21 23
16 19 23 22
14 27 25 27
14 28 27 21
35 15 21 39
6 1 15 23
3 31 22 39
1 26 36 9
8 20 32 21
4 2 42 44
14 38 39 19
0 17 33 42
9 18 24 22
10 18 29 19
45 42 16 46
48 18 26 31
49 39 14 23
33 22 4 49
2 23 22 11
9 18 23 27
13 18 24 20
1 0 29 14
14 27 32 28
16 25 29 21
33 11 18 21
20 17 6 45
10 8 21 15
8 11 22 28
31 9 22 44
16 3 25 32
40 16 23 21
43 40 24 25
3 6 22 48
22 44 45 22
10 10 21 38
10 12 39 14
2 11 28 34
22 15 20 30
36 34 31 15
5 44 37 40
39 18 11 34
45 24 13 29
26 43 45 47
6 22 17 20
43 21 26 29
11 4 8 20
32 16 7 46
29 5 22 25
17 20 42 30
36 17 32 29
33 20 15 20
32 19 29 25
4 33 22 24
6 7 14 6
15 6 48 32
35 21 16 26
4 23 19 41
10 24 23 42
18 26 27 19
49 27 26 0
36 22 25 21
6 17 19 30
49 38 25 19
28 45 29 21
0 20 26 37
30 49 26 16
36 20 21 41
12 49 21 41
46 46 22 32
45 39 42 47
29 15 18 37
26 14 24 26
36 16 38 10
10 20 19 27
10 16 7 28
47 31 24 26
36 14 17 24
10 13 22 45
47 49 18 43
39 19 31 31
4 2 22 37
6 25 27 11
9 1 47 15
32 17 28 39
3 10 24 40
9 42 22 42
9 20 18 44
1 28 29 22
23 25 32 15
43 25 30 31
5 12 24 39
11 16 44 32
44 17 31 13
14 34 33 23
24 40 33 40
7 12 31 18
18 3 19 20
40 1 23 35
11 22 17 41
41 20 31 30
30 18 27 14
10 7 27 28
41 25 22 23
14 21 4 23
8 19 23 25
45 16 39 33
