50 263 12023 800
24 15 42 16
14 16 23 36
32 29 29 31
6 49 10 8
31 7 27 37
29 24 1 30
34 45 9 3
45 39 11 3
10 29 23 39
40 11 22 21
28 24 33 23
22 4 21 31
40 41 26 39
15 15 21 37
44 21 22 34
25 20 23 40
12 17 25 44
25 37 45 31
30 33 23 35
35 29 22 39
41 20 14 32
20 23 5 0
7 25 24 32
7 28 25 34
44 43 4 2
22 8 26 37
44 21 4 5
15 26 28 37
37 35 22 33
7 24 25 36
44 21 34 23
44 33 26 36
32 39 9 5
38 26 44 3
44 28 9 12
17 10 18 45
9 36 26 12
4 23 8 1
42 46 20 38
5 38 25 36
27 35 31 43
13 15 10 1
6 15 8 7
30 45 21 43
39 33 28 41
10 24 35 3
20 3 25 32
17 10 14 28
42 20 26 18
9 18 27 5
29 17 14 31
11 8 11 36
20 33 8 3
7 21 23 34
15 23 31 43
24 28 23 39
19 18 37 15
19 14 13 30
31 21 20 25
42 9 15 23
30 12 12 44
34 23 25 49
31 23 22 22
2 25 25 33
32 8 22 36
43 38 16 31
17 9 6 4
9 31 6 35
34 38 6 5
9 26 5 8
14 31 41 29
11 9 20 48
33 28 13 30
22 35 9 2
37 13 29 29
10 29 21 36
23 7 7 3
13 34 9 40
41 20 2 4
21 31 19 48
7 25 27 34
29 33 46 13
16 32 1 8
20 19 14 5
44 33 27 38
6 17 42 16
36 26 26 37
1 4 6 10
27 40 29 15
45 4 39 43
33 17 47 22
40 30 8 1
13 23 26 37
43 35 24 37
28 17 19 33
32 10 2 8
17 23 24 37
38 39 20 37
41 19 11 34
42 24 21 44
14 43 30 13
15 29 26 33
10 23 26 38
12 31 28 42
32 45 27 24
14 27 29 30
41 44 27 33
8 14 28 35
29 12 7 34
16 39 5 1
6 22 10 8
45 22 40 38
37 13 38 3
43 22 22 36
22 33 14 4
7 28 1 37
30 27 4 33
11 21 25 35
29 25 9 33
20 14 23 37
25 41 9 22
21 29 21 38
36 30 30 32
7 33 21 37
14 24 23 45
19 47 22 41
20 8 25 39
41 23 17 1
10 21 20 45
7 23 10 18
41 17 19 36
39 20 25 39
47 35 31 39
37 35 24 22
43 8 17 28
47 48 7 2
20 34 27 37
36 42 30 48
28 16 31 45
38 33 7 35
13 24 18 42
40 18 5 3
17 32 18 41
24 29 25 33
45 43 24 34
8 21 2 42
11 26 8 0
29 23 40 0
34 10 22 38
26 39 21 36
46 46 8 9
33 38 3 8
26 5 20 18
30 7 30 36
43 37 25 41
8 23 10 6
19 24 28 35
12 25 21 32
42 21 23 38
43 11 8 3
49 46 26 33
37 37 27 38
13 20 11 8
11 31 43 15
17 21 49 15
46 30 17 27
32 27 33 35
11 28 27 43
48 28 24 41
8 29 16 44
0 34 35 32
20 26 14 18
37 17 21 28
44 33 21 39
39 13 27 35
42 33 25 33
5 12 28 36
15 29 26 39
14 24 3 8
22 35 24 38
18 29 27 36
0 23 17 47
10 19 42 25
30 22 22 37
34 16 33 9
45 13 27 41
33 45 22 38
44 22 25 20
13 14 1 3
17 16 27 43
34 29 19 45
36 11 6 6
18 21 18 43
46 43 17 36
20 19 7 1
36 41 19 33
40 34 26 36
47 38 5 8
17 31 23 35
7 30 30 19
46 36 21 37
30 22 13 0
35 36 26 35
27 31 24 46
46 28 21 30
36 49 10 31
35 35 26 34
13 22 7 3
17 21 7 12
16 21 22 38
10 22 19 42
36 36 23 32
14 14 26 48
49 3 11 41
46 35 19 43
37 16 9 8
15 22 29 38
17 37 25 28
18 24 25 34
39 33 25 38
18 26 7 7
43 14 33 17
43 32 21 37
15 21 24 33
37 5 26 26
34 40 18 34
47 20 12 45
26 37 4 45
10 32 12 41
38 20 5 8
37 22 27 41
46 22 45 27
37 47 24 38
15 34 49 8
23 29 11 3
23 18 8 7
9 27 0 3
44 3 34 41
28 41 30 36
11 21 11 0
15 16 14 34
46 33 19 33
40 15 6 2
25 17 12 38
15 27 10 49
17 17 29 6
4 5 14 5
41 23 20 37
38 16 22 47
46 47 20 37
21 8 23 20
24 14 24 24
21 21 24 42
5 19 5 9
43 34 18 43
13 24 12 48
43 12 19 44
12 31 22 33
7 22 20 29
48 31 10 2
6 29 2 47
35 26 45 9
0 33 42 33
