50 338 18954 800
10 35 25 2
42 47 32 16
7 47 24 17
21 40 35 31
16 26 22 19
1 16 5 12
49 15 25 16
13 42 7 9
0 45 26 7
18 7 34 0
28 44 1 5
9 36 36 16
29 44 28 18
47 12 31 19
8 23 22 7
20 45 29 12
6 24 27 13
19 12 28 18
7 20 33 13
38 17 25 3
11 44 39 15
26 38 22 15
28 8 25 19
12 17 5 5
13 41 21 17
28 40 35 26
9 49 9 28
35 7 2 13
16 25 33 18
3 44 0 11
32 13 9 7
24 9 14 13
26 6 3 14
15 13 19 3
6 47 28 18
3 43 39 31
28 12 26 20
19 49 21 11
15 46 27 18
2 32 15 11
27 41 41 15
20 8 0 22
36 10 43 16
23 11 10 6
48 8 23 11
15 10 26 16
4 32 5 26
20 41 31 13
38 23 9 18
20 48 24 10
36 21 8 5
27 47 27 32
33 3 43 13
15 29 28 18
3 36 47 37
38 6 18 17
47 0 7 3
8 49 28 7
38 34 33 25
27 24 14 3
45 1 32 15
11 48 11 29
1 25 47 3
1 40 8 12
48 7 22 26
3 43 32 16
42 7 48 5
31 2 30 7
36 9 27 15
39 43 9 12
10 36 34 25
28 1 21 16
4 49 27 16
17 43 26 12
22 8 10 19
30 22 8 14
24 40 33 13
20 41 39 20
1 28 12 2
35 29 42 47
41 25 27 16
47 38 29 15
45 0 34 18
20 10 45 1
11 45 11 14
7 37 5 30
16 46 30 17
11 18 40 24
26 42 35 12
24 44 24 22
3 48 12 27
13 37 29 8
20 11 49 3
38 10 28 9
5 37 32 17
1 43 9 21
5 29 32 17
8 32 32 23
41 2 20 18
11 33 23 16
42 11 10 4
35 34 37 0
0 36 26 36
4 38 29 15
3 37 15 2
24 43 5 3
13 9 2 6
35 16 17 32
37 5 36 18
19 46 31 19
15 48 8 8
39 10 42 5
13 40 24 3
45 11 31 16
3 46 40 12
24 38 38 5
3 36 37 15
39 14 36 37
6 48 37 1
20 10 28 20
13 39 22 15
7 48 3 6
12 36 43 24
7 35 33 4
9 34 29 13
16 43 33 0
46 1 19 15
36 47 22 20
45 2 37 14
24 37 1 22
20 14 32 18
47 7 34 20
25 21 37 25
19 39 6 14
18 29 10 4
35 4 0 0
40 15 41 0
23 44 35 13
21 8 8 10
0 35 36 12
19 12 48 11
23 46 25 12
41 6 5 23
28 46 24 12
3 39 29 15
26 44 31 26
7 34 26 26
17 44 42 35
10 42 39 40
12 40 28 16
17 49 29 8
39 11 30 18
4 37 48 14
24 13 17 15
9 43 33 25
41 12 25 5
44 18 3 5
7 41 27 16
25 25 22 16
40 15 4 6
20 44 35 1
32 10 49 13
42 11 31 6
42 11 17 19
26 45 17 15
29 40 22 6
7 32 31 28
46 9 1 16
6 45 40 20
12 43 33 14
32 20 32 28
13 38 24 0
16 40 17 23
43 5 27 17
20 40 22 12
11 38 17 12
10 33 32 11
5 47 31 18
7 40 5 6
15 28 4 8
17 15 38 5
38 47 14 31
8 43 30 25
6 34 33 11
15 10 21 1
20 9 29 15
44 4 28 12
26 14 11 11
22 40 22 1
28 47 37 7
2 38 4 19
47 4 31 3
8 45 20 20
14 43 35 1
2 44 7 8
24 38 27 11
15 43 29 18
20 31 13 3
13 43 7 8
47 22 30 9
17 45 31 9
37 43 36 10
12 46 5 22
37 32 6 6
12 43 29 16
20 42 25 15
39 2 37 16
42 5 27 27
35 4 14 3
48 12 17 18
23 9 49 1
3 35 12 9
32 20 27 1
42 17 45 0
1 45 49 12
10 40 19 19
23 4 49 4
37 2 31 13
20 13 6 4
5 44 23 11
14 28 11 12
43 22 32 14
48 2 44 9
12 49 17 22
33 10 31 30
16 29 27 22
42 14 6 6
19 34 23 13
32 27 26 11
4 44 24 4
5 47 28 19
1 43 25 8
9 43 30 11
11 48 25 14
10 40 1 3
48 3 15 7
21 34 21 20
24 24 40 13
24 19 30 13
32 7 5 5
19 11 28 7
44 8 47 1
19 13 36 15
27 22 49 34
46 15 28 29
40 17 29 13
21 29 42 7
34 3 42 21
20 46 30 27
44 1 25 16
23 9 40 29
36 29 6 27
20 40 36 16
42 5 15 10
30 25 17 15
1 12 20 12
18 36 7 4
18 40 26 14
20 15 5 20
0 14 20 19
39 13 3 33
38 8 48 22
37 25 25 10
5 40 46 10
42 4 20 12
10 48 28 10
41 13 10 2
21 47 20 9
44 12 29 15
12 38 28 29
42 16 27 3
8 29 3 11
34 4 36 9
42 12 26 16
8 10 32 10
15 34 30 27
14 48 7 14
6 20 32 14
44 16 24 11
1 48 19 16
44 4 25 17
17 43 35 27
41 31 13 25
12 48 32 17
44 1 17 15
14 32 37 17
23 18 30 27
46 5 33 14
18 21 22 19
14 44 28 15
6 9 34 12
13 42 28 20
42 17 48 3
10 45 26 13
32 27 34 10
45 14 29 35
44 6 27 7
8 30 39 18
41 36 20 13
36 22 27 11
37 27 24 18
14 49 30 16
40 12 39 0
13 40 30 9
15 49 26 11
46 20 5 5
38 12 42 20
8 41 11 18
19 47 25 4
40 11 7 14
21 35 26 11
16 36 20 17
48 32 9 3
20 31 17 10
20 14 19 8
21 8 35 8
16 16 35 22
15 6 29 19
9 27 20 15
16 36 16 23
20 8 44 12
8 49 8 2
22 7 29 17
7 48 20 2
17 45 28 12
20 12 40 11
27 39 30 14
1 42 8 17
7 40 27 19
17 20 25 11
43 7 1 13
13 39 27 12
4 46 27 17
38 8 31 14
16 46 26 22
29 34 23 15
34 19 37 12
17 19 46 7
