50 368 11625 800
43 40 41 0
15 27 26 45
9 8 36 46
23 16 48 26
32 47 24 46
43 35 11 49
15 11 34 46
44 36 26 41
11 14 7 35
18 29 32 45
17 3 43 37
14 29 38 12
37 38 19 1
15 17 9 38
32 42 26 17
44 42 7 48
25 29 12 48
24 47 26 34
21 20 35 38
38 17 11 43
43 43 4 47
16 7 1 43
12 28 8 32
11 16 28 19
17 29 41 39
46 45 30 47
20 8 14 31
9 31 27 20
34 34 37 43
40 31 36 49
40 24 38 31
18 17 43 40
12 13 32 16
21 6 5 44
40 33 3 40
49 34 0 39
11 26 40 21
22 30 48 46
16 30 20 36
46 36 29 19
13 31 7 26
8 20 35 25
25 7 35 39
40 38 31 28
40 36 0 35
14 28 5 39
9 9 23 44
40 37 38 8
19 26 29 17
43 26 38 39
12 29 48 49
25 48 30 45
6 16 9 41
30 45 39 21
13 31 35 28
42 34 39 18
14 12 42 47
33 41 20 18
27 4 7 30
14 25 2 46
25 24 36 12
16 32 41 41
28 44 39 37
14 14 30 30
14 32 35 39
9 31 46 2
17 31 47 36
16 34 12 27
45 34 21 18
25 47 32 41
42 34 1 39
29 46 0 47
7 3 14 41
12 26 24 7
17 7 34 44
15 30 32 4
34 43 1 37
13 12 27 40
11 30 25 18
14 40 43 37
11 29 9 40
13 27 31 21
13 17 22 12
28 49 8 30
12 13 29 41
25 46 3 45
11 33 47 44
16 13 20 20
27 33 30 13
6 35 45 27
32 44 4 29
17 37 8 39
9 31 7 26
22 6 3 29
15 34 23 48
31 40 40 42
39 33 8 45
11 30 41 23
24 15 37 19
40 36 44 46
13 13 35 41
13 29 38 22
24 42 26 35
15 33 13 46
24 20 5 29
14 12 34 49
10 47 37 43
14 10 27 35
16 29 49 43
20 11 38 14
43 35 21 39
9 31 41 32
13 31 37 20
16 13 21 12
10 28 39 42
17 30 6 44
39 30 35 42
38 38 42 44
32 37 42 10
14 28 25 19
11 28 46 25
41 35 0 37
10 28 3 31
10 33 1 44
10 27 32 3
42 34 47 38
13 34 34 21
17 32 3 41
26 43 1 42
13 28 38 45
40 35 7 41
17 25 34 49
12 20 23 31
14 28 40 11
41 33 39 20
27 7 31 37
36 36 7 44
32 48 43 17
40 33 34 29
17 29 15 49
10 31 1 41
28 31 48 43
16 32 43 4
48 21 25 21
12 25 37 13
42 32 35 48
12 31 19 37
38 38 2 36
26 15 2 45
36 20 3 35
13 27 5 33
41 38 37 31
31 33 36 42
13 31 30 16
37 37 23 17
13 34 37 43
11 12 4 29
7 10 31 6
9 27 26 38
31 43 30 49
13 29 39 41
15 46 14 24
15 28 45 46
11 29 7 41
22 30 14 25
32 45 44 42
45 34 27 23
34 8 43 22
39 37 6 29
28 49 31 14
43 36 25 43
39 39 6 40
49 38 33 44
39 4 11 39
15 30 1 44
27 7 29 39
9 30 41 27
20 16 6 27
33 36 8 9
31 17 7 49
14 31 29 41
18 28 42 38
14 25 32 9
27 35 13 41
15 22 6 42
37 36 32 47
18 0 35 26
26 49 23 41
24 31 36 43
39 42 35 33
13 28 30 32
13 9 24 18
15 32 35 42
11 29 36 9
3 49 39 46
14 28 35 46
41 44 37 33
47 41 5 42
13 29 37 14
41 7 36 15
22 12 35 43
40 37 12 18
10 12 38 16
16 32 36 46
27 23 37 41
11 10 22 24
11 31 16 36
23 22 43 43
12 29 45 31
42 43 28 18
44 11 32 49
39 32 41 48
14 30 37 26
31 13 9 29
28 48 49 46
14 25 7 28
12 29 41 42
12 14 31 19
13 31 34 22
15 31 30 43
16 32 25 41
25 25 29 36
3 11 32 40
12 27 36 45
15 15 30 22
22 3 39 44
3 10 3 35
15 9 46 44
14 28 7 41
14 29 43 34
18 15 17 27
17 26 25 47
12 32 20 2
11 10 10 23
14 29 32 6
31 44 39 41
25 1 47 45
8 28 1 48
33 39 6 40
18 19 43 33
9 27 29 33
13 27 46 18
40 37 37 43
8 13 37 38
13 30 5 24
24 24 46 32
40 40 16 3
14 30 33 16
7 16 27 10
40 37 27 40
34 23 7 41
12 27 12 36
10 35 1 38
14 29 6 40
15 25 41 13
42 36 23 2
31 9 37 34
13 28 37 16
30 43 32 48
7 12 35 44
11 30 6 46
42 42 41 46
26 2 36 35
11 33 31 42
13 28 35 29
18 13 37 47
17 25 27 19
49 47 44 44
13 28 31 35
39 39 5 9
36 36 36 47
36 48 33 27
14 15 30 40
46 35 37 22
13 29 9 44
27 17 3 25
8 17 40 42
39 38 35 45
19 19 13 43
25 38 37 45
14 33 30 29
16 23 41 43
41 27 40 44
12 23 28 16
44 34 48 42
31 47 31 19
14 29 7 32
30 44 19 42
40 7 36 24
19 19 37 19
32 48 30 24
14 27 0 39
16 28 25 23
36 33 26 30
38 47 4 47
46 49 39 39
12 21 33 37
41 38 26 17
15 30 45 42
15 25 43 38
42 37 14 33
45 44 9 30
47 30 33 10
15 31 30 32
14 32 38 14
14 27 47 14
42 39 33 8
25 26 25 48
15 28 5 23
42 39 5 31
12 33 37 27
14 30 44 46
23 6 36 41
44 38 44 47
47 34 27 48
10 27 24 47
12 28 11 46
12 33 40 44
41 33 26 39
31 46 40 44
37 45 37 16
28 48 40 23
30 44 46 41
29 43 0 44
46 49 29 32
42 37 22 14
7 9 44 17
15 31 8 42
16 28 7 44
12 32 6 38
12 30 39 13
32 48 20 42
35 22 37 29
49 38 45 35
16 29 3 44
37 35 42 15
7 49 46 35
26 9 28 49
26 48 34 21
12 32 12 17
46 33 8 38
10 12 1 40
40 31 12 11
25 40 33 36
30 47 5 46
14 22 20 29
9 14 27 48
17 32 37 43
10 26 46 42
7 15 36 13
21 24 11 43
44 37 10 46
35 41 33 14
13 30 28 24
13 16 4 37
28 42 6 44
13 28 47 43
20 12 12 33
13 12 35 49
40 34 36 19
9 30 2 47
15 29 9 16
7 28 36 11
29 45 29 33
14 29 5 41
15 25 37 19
20 18 26 46
41 39 13 45
