50 60 11123 800
27 24 48 32
40 2 3 23
26 8 41 40
17 18 5 43
10 10 24 7
25 43 10 4
20 11 34 36
35 23 32 17
29 19 24 4
32 29 12 15
7 32 47 34
42 47 9 42
27 14 11 31
33 33 26 14
41 30 24 11
45 10 4 48
20 34 7 46
23 30 29 15
32 47 17 9
31 41 2 47
24 43 11 45
10 0 38 46
14 31 25 9
32 25 11 17
10 37 32 44
29 4 7 39
29 24 5 39
33 28 37 49
37 26 44 32
38 13 16 14
18 0 39 5
14 3 6 19
29 27 15 0
22 30 10 20
28 10 21 2
7 37 5 43
18 14 48 38
40 31 9 14
9 14 7 40
12 43 20 3
45 46 9 47
31 32 19 11
27 9 17 32
20 29 2 23
14 7 39 42
27 29 46 46
31 49 10 49
35 27 45 43
24 30 16 21
21 13 5 39
21 38 12 0
20 28 32 17
28 45 3 12
37 24 5 42
5 30 47 46
28 17 42 48
25 33 44 34
31 11 38 38
24 47 16 19
24 6 1 42
