50 1250 18282 800
43 2 47 34
17 21 37 10
9 12 29 12
33 31 16 18
8 16 34 18
39 2 36 25
39 2 46 4
42 8 14 7
49 1 20 42
42 7 38 4
16 32 35 29
32 27 19 19
29 37 17 18
42 3 11 42
47 13 47 24
20 32 45 33
40 8 22 38
24 33 32 3
47 48 23 5
20 37 7 49
39 22 16 17
3 14 8 14
38 29 13 12
38 28 5 19
18 33 22 30
11 38 38 44
33 25 37 32
18 36 40 0
9 28 25 8
43 18 5 46
14 13 3 39
17 3 33 41
23 1 35 45
33 25 37 18
16 28 20 45
12 14 41 8
33 24 35 21
39 38 12 37
9 8 16 28
17 35 19 23
34 22 19 2
36 25 26 7
2 24 45 17
42 2 20 43
38 3 29 2
48 45 39 36
19 32 44 25
9 24 6 13
7 19 17 30
46 6 44 24
36 22 32 11
4 29 34 20
46 13 48 10
45 3 11 49
22 34 6 10
47 7 12 4
39 2 10 39
41 14 46 16
43 1 49 9
43 3 20 35
45 3 14 29
33 43 24 11
20 31 46 4
22 3 45 29
4 13 8 48
47 4 48 14
34 24 16 16
17 10 41 36
38 3 28 8
40 15 29 6
18 30 18 10
46 22 18 41
45 14 29 16
21 26 40 48
22 29 39 14
35 25 24 23
19 29 46 34
42 28 14 40
3 17 14 36
26 27 19 8
9 17 10 25
36 11 39 1
43 49 0 12
34 29 10 17
13 34 29 9
45 3 38 31
7 27 42 19
49 5 20 48
19 25 19 45
18 5 9 28
43 8 39 47
4 25 10 43
20 34 4 26
43 10 43 23
17 34 13 28
6 7 41 23
44 12 15 12
8 14 30 22
36 16 46 39
46 6 36 20
19 34 40 14
17 16 0 30
32 17 7 27
15 16 13 49
14 32 44 6
44 14 15 4
19 45 11 43
19 20 27 22
10 19 8 45
16 23 33 18
45 1 37 3
21 36 32 5
46 16 3 31
31 8 5 39
18 31 36 25
42 2 28 13
33 11 43 33
2 22 30 11
11 12 7 46
41 41 31 19
47 45 45 33
38 15 9 36
36 27 20 33
13 28 32 16
36 24 8 35
46 10 20 17
44 2 26 11
8 28 36 21
33 22 5 38
8 21 21 25
1 19 5 47
18 28 21 24
18 27 25 20
28 39 26 47
15 34 22 38
16 21 17 28
24 28 27 15
33 18 17 37
10 35 32 21
46 3 13 46
43 18 16 34
20 30 14 22
26 35 3 49
22 30 18 29
33 27 30 1
18 28 6 48
34 22 15 6
48 1 35 47
42 5 15 43
21 30 41 1
36 34 20 20
18 31 39 46
4 19 17 24
37 28 46 22
37 18 2 42
24 29 43 8
11 20 48 8
0 7 29 23
42 16 5 1
37 25 48 31
12 4 30 6
22 39 35 14
21 32 18 48
16 30 24 28
16 18 35 36
19 34 45 29
23 12 20 4
3 25 14 41
17 37 28 26
26 33 33 32
5 5 21 22
46 5 14 44
42 28 5 32
1 7 36 33
11 8 39 13
19 40 36 40
46 4 14 29
24 13 5 33
49 8 17 30
18 44 28 14
15 18 44 2
3 14 41 15
37 22 20 28
47 43 14 11
20 34 10 19
31 23 32 16
2 13 48 21
43 0 25 15
38 26 12 4
45 5 29 12
28 36 39 42
36 1 29 9
37 29 29 13
47 5 43 6
40 41 24 25
10 26 33 17
13 12 48 40
48 18 29 21
7 30 40 36
20 10 7 20
40 19 25 44
10 0 40 45
36 26 41 26
33 25 36 23
34 25 29 15
27 6 42 47
9 2 46 28
42 38 8 26
48 18 9 8
49 43 5 47
25 38 25 6
36 24 16 45
42 10 22 10
48 4 40 39
40 23 2 5
13 30 13 49
31 31 11 49
44 22 26 14
36 21 6 18
16 32 4 18
40 0 30 44
46 25 3 47
17 31 29 32
15 34 49 29
11 35 24 19
36 20 30 43
42 3 5 27
48 1 25 11
18 35 40 17
24 27 15 15
18 39 32 28
42 17 28 10
25 30 43 8
31 28 25 21
2 22 19 10
14 35 9 47
36 26 24 8
21 34 21 9
8 39 21 1
3 9 5 45
34 23 42 16
45 49 30 27
6 33 39 40
10 3 6 46
16 38 27 16
4 19 41 14
35 3 45 21
48 8 19 20
17 39 6 39
38 37 27 11
28 5 31 17
38 27 13 0
16 33 35 11
16 39 39 20
43 28 6 45
25 31 14 13
40 39 13 27
42 1 12 49
44 10 32 40
35 24 47 21
48 4 40 23
35 24 3 11
34 24 28 34
46 17 18 18
36 2 13 13
2 24 33 8
36 29 31 7
32 0 10 40
21 40 15 16
2 13 2 18
21 37 42 45
26 12 5 38
17 34 42 8
34 26 48 4
38 0 39 19
32 21 27 24
34 24 25 6
45 3 42 29
9 13 13 22
16 30 21 12
19 30 30 18
24 12 7 3
40 5 19 49
18 39 41 29
4 4 14 12
29 22 47 29
42 2 14 17
44 48 21 17
26 31 46 22
33 23 28 15
46 2 9 31
48 16 15 41
19 32 49 14
37 19 16 42
23 32 45 21
48 45 4 38
45 3 35 24
38 22 46 49
5 13 8 2
43 7 46 1
26 33 1 20
12 35 6 7
26 37 22 48
34 21 1 16
38 17 40 32
41 20 12 21
33 23 36 18
11 37 37 8
46 13 25 14
41 42 26 19
26 29 4 45
36 21 22 11
0 13 44 12
49 43 14 26
34 5 39 18
42 21 5 45
33 25 39 23
6 20 22 44
45 22 28 44
48 6 11 36
15 35 28 8
39 17 24 10
31 13 20 13
45 0 4 41
42 0 33 47
27 14 16 21
37 8 45 35
38 28 32 35
16 15 14 48
37 24 30 45
24 21 42 2
10 13 16 27
48 9 20 20
39 3 20 5
2 23 41 33
10 21 9 49
34 24 31 14
21 37 36 48
39 22 47 11
24 38 8 12
6 23 43 45
20 31 27 48
12 32 8 5
4 21 38 9
38 34 42 7
43 49 12 33
35 31 6 30
32 1 21 1
39 25 32 7
46 45 31 16
48 8 15 42
9 30 38 42
38 8 21 11
36 23 18 14
16 44 28 10
2 30 13 2
43 5 40 7
22 27 2 44
33 27 23 1
29 19 21 17
38 28 31 38
19 25 22 29
37 27 39 9
41 16 45 47
16 33 30 35
43 4 21 21
7 13 12 15
32 25 17 47
22 33 18 8
43 5 23 14
33 21 38 3
35 21 27 46
2 16 24 14
46 47 27 19
47 12 41 1
45 23 47 40
41 3 26 39
11 36 24 15
24 36 24 17
34 26 4 46
37 4 22 6
12 18 39 11
20 35 36 25
16 26 39 47
11 16 32 5
6 23 37 10
27 35 10 49
6 11 12 47
15 29 44 39
46 31 9 49
35 24 12 48
39 30 13 27
30 28 38 12
34 27 35 15
6 16 38 48
38 26 34 49
11 21 44 7
40 22 41 33
18 27 38 11
27 0 23 38
44 10 2 3
37 24 33 12
10 5 27 16
38 22 37 43
23 31 0 12
27 6 20 0
40 3 7 18
6 33 3 48
7 18 26 5
16 17 23 20
45 7 49 6
3 25 48 10
6 18 48 9
32 26 20 33
6 2 40 18
37 25 33 13
23 39 27 29
41 1 34 39
8 16 10 37
38 1 40 15
43 30 5 30
3 14 31 22
32 8 40 1
44 3 41 45
48 42 36 13
16 36 46 33
31 8 24 2
36 23 32 47
43 49 37 37
32 14 26 8
7 35 24 16
8 22 20 19
41 48 14 11
16 5 5 33
25 32 4 44
9 12 34 9
24 27 16 19
45 32 31 10
40 1 24 32
20 39 19 10
21 44 9 42
35 22 22 9
4 25 23 10
2 18 42 37
0 27 17 28
1 26 26 14
26 22 12 35
14 29 7 48
34 26 43 24
9 18 4 41
14 34 47 25
20 20 30 11
44 5 24 7
10 9 25 21
40 25 30 3
14 17 34 33
12 11 22 31
3 11 29 25
38 14 17 29
15 34 12 10
25 11 17 14
21 27 28 49
25 28 43 6
44 22 31 4
37 0 34 39
21 26 26 34
6 5 11 12
39 1 23 22
0 11 13 1
22 41 44 43
21 41 21 11
47 40 34 10
37 22 45 11
34 28 47 3
29 16 20 47
40 7 17 26
48 24 15 21
10 33 0 16
17 31 17 8
47 45 10 26
6 19 28 28
19 35 29 17
17 34 16 7
0 21 15 10
10 28 20 9
30 25 28 22
17 38 23 34
21 37 3 30
20 38 11 49
26 33 25 24
35 26 42 14
35 6 18 1
12 32 29 20
0 10 31 18
35 27 40 31
21 44 3 42
21 20 34 5
16 35 35 2
6 24 18 23
4 9 19 18
36 26 24 33
31 24 29 13
44 3 41 13
42 18 11 14
38 36 46 7
16 15 34 28
41 2 26 29
33 25 6 27
45 15 41 16
40 4 16 43
31 25 13 5
24 22 35 9
42 9 37 24
34 26 36 29
33 36 0 46
31 27 43 25
46 38 40 5
42 41 20 4
3 11 15 40
38 8 21 38
46 44 40 28
43 45 6 19
22 29 13 17
5 28 48 20
4 13 3 44
20 27 25 19
42 47 24 40
27 27 23 36
39 1 23 16
36 21 19 25
6 33 44 19
35 22 30 17
2 23 43 34
41 48 36 14
4 20 39 4
16 31 46 21
17 38 32 20
31 27 14 17
14 41 45 26
13 22 49 2
29 22 14 29
44 17 45 34
47 43 35 31
2 16 28 16
45 40 32 17
45 47 26 26
19 40 42 11
48 1 41 26
7 11 10 34
39 22 25 3
40 22 36 31
3 24 35 31
42 5 39 20
34 22 14 10
21 32 0 15
13 18 22 18
34 24 26 11
20 42 26 27
5 18 9 11
33 22 4 27
12 30 0 26
8 18 34 16
47 16 27 41
37 25 10 29
16 30 41 3
41 24 14 47
23 34 28 9
40 24 49 2
42 28 16 9
38 27 25 48
4 23 21 15
26 14 34 29
35 25 19 29
36 4 31 42
14 33 29 3
17 31 40 16
11 22 41 4
17 38 4 47
15 37 33 16
39 22 40 5
23 30 29 15
48 12 32 41
11 13 8 46
32 23 10 44
20 41 27 30
8 1 36 19
46 12 14 33
42 3 10 26
7 15 8 6
42 24 8 3
16 40 5 33
13 31 13 49
40 0 37 16
44 15 23 9
21 36 44 23
28 33 30 21
33 38 26 32
37 8 27 25
17 33 36 10
39 22 40 1
22 34 11 34
35 23 31 42
15 17 16 31
9 19 31 27
24 29 41 22
32 46 36 44
13 37 27 18
32 27 23 29
20 35 26 46
37 42 20 42
39 9 6 42
19 23 7 12
26 29 13 44
40 2 43 4
4 9 39 37
41 33 30 27
34 23 20 32
11 12 12 43
41 4 27 20
37 23 15 15
45 3 20 8
47 1 17 1
34 47 2 29
44 43 28 6
28 44 49 15
36 22 24 47
27 6 47 2
23 36 47 22
20 33 29 14
21 34 26 21
31 25 23 26
12 32 28 23
12 38 42 36
27 8 20 47
4 11 20 18
5 25 16 48
4 22 35 11
4 7 42 22
44 11 19 46
1 20 44 11
13 1 5 41
23 36 20 20
47 39 44 26
6 11 19 25
8 4 33 35
4 11 45 4
13 9 44 39
17 35 41 7
45 22 41 13
20 31 36 7
5 20 47 24
8 24 28 40
15 24 32 24
3 14 22 42
33 21 7 14
25 34 23 9
13 13 18 46
9 17 40 28
8 18 15 47
14 6 8 48
49 44 32 2
16 29 34 24
46 48 44 44
42 1 39 49
26 39 10 13
44 9 11 43
46 22 5 49
26 37 13 36
0 7 28 42
43 45 29 22
13 34 34 9
39 22 17 8
34 22 48 27
38 18 11 45
36 24 5 24
13 31 44 12
20 19 42 38
12 31 49 7
29 3 23 16
17 26 22 49
23 37 40 42
2 35 35 41
32 27 33 0
16 14 2 7
40 4 34 0
45 9 9 49
4 5 16 19
48 16 22 13
19 26 44 28
40 2 35 34
32 26 19 28
19 31 11 30
23 28 38 46
37 11 4 14
34 22 23 6
35 21 30 42
34 23 43 14
22 28 44 17
10 15 24 4
24 26 38 27
13 37 40 20
32 25 41 49
49 22 11 29
6 13 5 42
46 46 42 19
13 34 46 33
7 18 17 22
9 25 9 46
35 23 42 17
16 36 5 26
0 28 49 39
27 23 27 36
45 41 34 33
36 19 27 12
42 1 8 43
32 26 13 29
35 22 43 8
1 19 16 14
34 26 22 13
43 22 20 8
1 9 37 26
2 8 30 5
19 32 49 1
36 37 42 28
33 24 37 16
45 2 42 21
11 16 40 8
27 33 26 5
34 25 19 29
38 25 42 2
2 4 0 39
26 12 22 18
12 30 36 10
45 5 44 21
10 11 49 17
21 42 27 19
1 22 28 27
36 24 7 29
2 30 49 17
1 7 25 42
37 30 47 15
6 26 25 11
6 26 12 18
4 24 29 41
43 39 29 14
40 3 13 42
10 2 17 11
49 4 21 24
38 25 45 13
27 25 37 9
46 16 11 47
7 20 37 21
2 13 15 27
17 15 1 4
42 1 30 37
9 24 35 14
43 45 26 12
30 2 36 37
49 1 47 24
45 0 21 37
6 20 29 15
34 23 48 0
10 13 47 1
16 42 45 24
35 23 17 19
36 25 17 9
19 34 44 41
47 39 11 44
47 26 37 39
3 19 23 20
49 20 7 38
15 3 17 14
21 34 34 34
49 5 6 28
42 39 10 49
5 36 22 8
15 31 32 39
35 25 44 22
9 8 25 4
47 6 10 48
35 26 20 20
33 21 20 38
27 21 4 27
43 41 31 10
7 12 25 10
28 27 11 41
19 40 45 37
2 42 36 27
2 28 24 22
18 22 33 18
1 20 16 16
7 16 45 23
14 34 16 10
15 33 44 35
24 46 18 6
2 30 6 12
45 32 32 10
43 1 2 9
39 14 16 24
14 13 30 7
36 25 28 14
35 16 16 8
9 20 9 11
20 19 28 6
21 36 6 31
49 33 27 20
41 5 45 28
1 26 18 15
20 33 44 14
41 30 48 1
11 30 29 29
48 16 21 16
38 3 28 1
5 20 14 45
18 29 25 33
39 24 13 36
41 3 31 12
38 26 5 6
9 17 7 45
21 38 25 45
9 7 21 3
6 20 48 47
42 7 30 10
45 4 32 42
13 28 40 31
18 41 28 7
21 29 49 19
10 25 20 1
20 32 39 24
6 10 32 22
44 45 33 17
26 1 6 31
13 10 31 13
26 36 0 43
21 35 35 24
20 39 3 20
20 35 23 14
40 7 36 22
13 37 20 17
18 30 35 21
34 1 33 30
14 28 48 36
38 26 16 21
12 31 35 13
23 4 25 18
6 8 19 43
35 0 28 10
22 35 41 31
45 22 4 34
29 36 44 40
19 38 38 21
6 18 38 33
16 35 30 18
10 18 25 31
6 16 34 5
28 19 14 8
18 35 6 49
20 33 9 19
17 30 32 19
47 6 32 15
22 30 27 36
30 24 36 37
42 4 27 35
44 2 35 18
25 36 13 30
5 20 26 30
34 22 12 40
19 24 11 6
19 30 27 20
38 2 25 43
38 1 42 11
36 14 40 5
38 4 43 45
5 10 29 8
9 25 26 36
34 23 21 27
46 26 18 33
35 16 44 33
24 27 42 34
20 29 42 5
21 31 12 37
47 4 10 10
46 47 37 27
34 48 4 49
44 22 21 37
12 32 39 19
12 15 21 15
20 38 4 13
20 39 24 14
19 37 20 13
13 9 37 13
34 22 22 31
11 4 25 20
49 4 25 19
18 41 49 37
17 3 9 44
9 20 23 11
34 9 43 14
42 3 46 19
9 33 14 36
22 32 30 5
3 15 48 14
7 26 23 19
17 38 8 33
22 35 8 2
49 19 34 1
30 25 21 29
29 26 2 48
22 5 10 7
24 15 47 8
7 8 47 16
46 17 8 24
45 1 45 15
7 13 38 9
42 8 10 17
40 5 0 28
7 22 7 27
25 26 24 7
12 0 45 37
26 36 38 32
49 25 1 6
36 24 22 20
3 7 14 21
45 17 18 9
4 14 21 1
6 18 24 3
45 21 32 7
32 22 33 0
15 32 1 12
37 14 26 11
45 3 25 36
18 36 4 12
48 45 26 20
45 11 29 15
48 45 13 42
32 36 38 47
41 3 12 11
46 46 11 15
18 32 35 19
41 0 32 11
19 30 28 15
47 16 22 29
4 4 27 18
15 26 46 37
22 31 7 46
43 5 14 21
39 41 30 7
46 3 25 1
47 42 20 16
37 3 31 10
16 21 31 31
34 35 36 21
15 33 26 42
1 33 43 25
18 32 23 16
7 8 32 5
44 21 8 23
41 21 21 29
4 18 5 2
43 3 30 25
3 23 30 21
31 19 6 6
39 14 42 46
24 37 42 9
46 2 33 8
8 28 40 2
6 14 40 21
47 0 3 45
24 6 21 32
16 31 42 49
27 7 10 46
24 21 32 22
15 14 41 45
39 25 32 45
32 23 4 12
25 31 15 21
17 24 19 9
43 0 32 11
19 15 48 41
48 43 32 12
33 26 37 48
17 36 25 20
0 15 45 3
47 42 30 24
20 38 39 18
8 20 5 31
10 25 12 35
11 25 45 49
13 21 33 42
47 47 7 11
34 45 12 24
29 24 13 18
46 28 24 9
29 9 13 30
40 18 36 30
11 25 37 6
39 3 18 41
37 0 26 43
17 11 1 45
2 26 39 41
2 27 4 30
45 17 39 41
1 20 7 49
37 31 41 14
46 41 43 24
35 23 20 18
21 31 12 23
14 20 46 14
19 40 32 28
26 34 29 17
24 34 6 23
33 22 24 35
6 29 8 22
35 21 7 48
47 28 26 10
7 18 13 11
30 25 1 48
48 44 34 42
49 46 9 24
17 32 29 20
32 22 16 14
18 28 23 16
24 38 18 22
16 31 29 15
38 1 47 29
10 24 34 9
22 12 49 35
19 34 47 43
36 32 19 12
33 26 17 47
2 19 43 22
28 8 16 7
22 31 47 4
0 20 4 14
12 33 29 21
41 31 20 32
9 14 18 31
36 26 47 11
36 5 46 34
22 32 46 18
41 1 30 1
11 31 21 11
49 33 21 9
16 32 5 33
12 33 32 33
14 30 49 44
16 40 43 31
34 24 43 8
34 25 16 26
1 14 38 37
19 23 10 6
44 45 40 6
19 18 42 19
33 25 38 5
16 32 39 14
17 27 31 43
42 24 4 18
41 4 6 30
1 11 28 28
39 1 35 28
14 33 26 15
44 42 15 22
46 12 18 23
20 37 38 21
39 4 27 4
7 21 16 16
25 5 9 42
32 28 38 46
11 8 18 49
11 9 14 43
47 31 11 45
46 0 10 48
47 0 21 35
15 44 12 48
47 1 22 37
43 5 9 14
22 32 38 20
37 0 20 19
21 26 18 15
23 27 15 25
20 33 38 25
33 25 33 4
9 14 40 6
18 32 3 41
47 26 39 21
20 36 5 45
8 23 34 24
32 26 9 42
6 18 15 36
2 25 26 24
39 8 12 3
15 35 25 14
43 22 25 10
13 5 27 39
37 30 33 27
46 14 18 36
28 44 8 48
0 17 12 37
18 35 13 42
38 26 16 29
33 24 20 13
46 15 45 9
13 39 30 12
34 28 38 27
14 4 16 25
17 39 41 1
2 7 31 26
21 29 2 42
45 15 35 49
3 20 17 32
41 23 25 10
46 18 27 22
21 29 28 18
42 35 37 12
35 21 28 48
25 32 37 12
21 32 27 23
41 26 12 48
38 22 16 16
9 33 12 18
24 25 34 23
40 0 9 20
24 35 24 17
35 20 15 35
38 23 1 11
10 13 45 2
34 1 27 1
14 25 19 41
41 8 21 8
13 30 2 49
10 26 21 19
12 7 45 0
44 21 48 25
16 37 14 49
13 28 15 18
7 21 13 33
44 44 15 31
40 5 7 10
39 20 19 15
40 2 16 15
11 24 8 49
14 35 30 36
41 3 21 20
5 17 13 10
47 6 45 10
19 27 15 14
48 39 4 5
44 44 45 30
22 31 34 18
16 37 17 18
10 27 46 3
41 40 10 40
37 24 24 22
35 29 10 47
5 20 38 4
39 9 18 29
2 21 29 46
36 22 42 8
4 14 40 24
11 38 19 32
28 3 18 1
47 24 23 15
9 22 31 12
49 48 30 13
35 22 47 17
2 21 35 19
40 1 36 16
6 8 11 48
35 38 12 47
19 30 6 43
36 21 35 15
47 6 4 47
13 21 16 30
3 31 20 29
25 32 22 16
41 15 37 29
47 1 7 2
8 17 5 33
18 8 24 13
30 21 31 26
42 3 41 7
0 23 49 48
35 25 7 2
21 24 32 25
0 12 48 24
31 22 26 17
2 26 10 43
46 45 18 40
40 27 47 26
45 10 16 18
36 20 31 29
1 25 13 12
33 24 12 30
18 38 23 36
40 21 36 19
44 44 28 27
12 7 25 27
34 27 3 44
47 4 6 46
22 33 11 34
17 27 5 49
8 31 27 2
34 25 26 26
12 29 19 13
18 28 14 10
35 25 39 17
6 16 1 33
20 34 15 43
40 27 33 17
33 24 26 20
24 2 24 21
49 17 44 12
49 9 35 32
49 37 34 15
42 1 27 35
41 49 40 41
35 26 30 18
18 16 29 24
42 39 21 19
42 0 6 13
30 44 29 8
32 20 9 48
16 39 16 33
28 32 38 14
19 29 17 5
5 25 30 5
39 15 8 38
7 17 46 48
25 2 42 20
40 9 11 22
46 38 33 0
25 34 26 14
45 41 30 29
41 21 22 11
34 0 27 23
36 14 16 4
41 2 8 47
8 6 41 33
42 34 6 46
15 18 4 41
0 18 14 45
4 16 18 38
45 20 46 34
31 27 17 20
49 0 13 43
34 28 47 31
20 31 43 35
31 21 43 13
12 30 18 29
9 29 15 9
