50 134 14836 800
34 14 4 0
30 10 36 45
8 21 42 43
3 23 39 7
25 26 36 42
38 10 41 8
37 8 46 48
27 31 14 24
13 24 19 28
47 40 38 8
5 37 10 19
12 45 9 48
4 30 21 13
20 21 44 39
36 14 45 44
41 9 36 10
31 32 10 42
45 11 24 24
14 27 30 38
38 11 25 37
30 15 47 40
30 5 4 8
29 32 37 10
30 8 32 34
13 26 38 11
23 31 47 46
38 9 32 7
40 18 38 10
9 25 30 27
31 19 10 35
34 12 35 6
43 42 11 30
7 48 16 30
8 41 10 34
16 35 41 46
14 49 25 23
41 31 27 4
32 15 34 12
36 11 39 8
21 36 44 45
31 5 1 4
31 5 6 48
36 42 37 14
31 31 42 15
20 27 28 43
4 48 31 8
38 0 2 13
37 5 7 13
28 28 37 47
34 14 18 47
13 33 3 11
13 26 38 3
42 35 24 9
12 22 36 46
30 28 11 9
32 6 25 41
43 4 4 5
12 13 35 45
8 36 42 23
2 29 37 47
23 35 36 6
39 6 23 23
22 32 20 9
26 5 33 7
26 31 44 41
33 33 38 47
35 4 33 49
34 38 39 10
36 46 2 6
22 32 35 7
12 46 18 39
34 23 39 42
15 28 34 6
23 12 49 48
36 10 27 47
12 22 41 43
6 19 19 39
35 7 36 12
49 23 18 37
33 27 46 29
12 31 3 45
39 11 0 11
43 6 35 12
23 21 4 12
40 35 6 13
34 10 13 39
42 43 38 47
42 9 48 39
12 40 38 47
36 9 3 37
35 4 37 7
16 17 37 48
32 13 31 9
26 6 29 8
5 31 33 6
33 10 42 11
36 16 16 32
2 20 41 8
24 34 37 11
25 29 34 49
40 10 35 5
13 37 40 2
28 13 32 3
27 34 31 6
37 10 44 38
13 29 42 48
18 8 36 6
33 8 26 9
37 7 25 9
46 22 14 20
35 23 38 8
35 43 37 46
31 8 34 10
43 2 35 35
11 25 40 5
26 25 44 9
43 3 4 2
12 45 41 45
24 21 39 43
5 35 34 43
31 38 18 20
34 6 6 9
39 11 36 8
28 12 41 1
36 8 28 7
16 33 34 30
15 39 44 5
22 11 46 15
26 33 45 7
5 28 47 36
2 15 10 43
27 27 35 6
10 32 7 3
31 21 40 10
