50 240 12908 800
20 40 2 11
33 28 37 2
41 35 17 4
36 35 19 13
29 3 18 6
16 18 3 7
16 30 7 19
44 49 46 43
39 34 45 39
22 26 23 21
32 48 4 46
8 29 38 1
41 33 34 2
30 35 27 17
29 32 19 7
24 19 30 40
40 36 30 5
12 32 33 21
11 24 13 4
25 24 36 38
21 33 37 0
31 38 4 21
23 6 6 38
38 38 3 6
39 24 14 27
39 38 20 1
36 36 2 6
20 14 38 38
18 32 30 10
9 23 26 9
40 36 26 19
20 30 29 10
28 42 39 24
12 39 29 5
35 24 25 3
12 45 24 4
38 31 25 41
40 34 2 18
19 43 1 14
24 35 29 6
37 32 27 37
22 42 25 48
19 33 23 28
30 22 30 10
6 16 36 11
27 19 35 3
28 28 39 8
8 42 11 35
24 35 18 2
32 17 0 34
31 26 35 11
22 17 33 11
27 25 45 13
25 30 40 16
34 39 23 37
12 44 4 31
17 32 5 10
24 20 31 9
19 20 32 9
13 22 22 22
40 36 5 2
38 38 8 39
14 16 28 28
32 11 4 12
34 27 25 13
39 33 19 5
4 34 26 43
8 23 45 29
20 45 49 44
21 23 24 43
19 32 33 40
20 42 18 26
37 42 46 46
26 39 37 5
21 31 36 36
10 14 18 4
45 43 34 33
39 40 43 21
42 28 33 7
10 7 9 44
32 32 1 9
30 22 34 8
23 38 39 7
37 23 26 25
12 17 33 42
41 29 39 10
41 30 3 15
14 19 19 24
33 26 27 40
23 22 20 9
22 20 31 44
10 13 32 1
40 33 19 48
41 33 43 19
24 33 5 7
9 40 26 25
20 26 5 25
39 29 6 46
39 34 34 4
15 25 27 14
38 33 12 13
49 27 4 35
36 49 10 29
22 29 46 37
26 30 27 10
40 35 23 43
0 21 21 1
40 32 33 11
16 38 25 34
18 34 15 28
37 37 14 21
24 37 22 8
19 37 26 38
35 34 23 5
15 29 30 13
14 37 21 21
7 14 18 3
19 34 33 3
48 42 4 17
46 32 21 2
35 36 9 13
24 18 34 9
8 36 29 9
20 9 15 14
15 22 33 12
10 39 40 8
24 26 36 6
19 29 25 27
21 32 17 6
22 22 22 2
17 14 11 18
28 27 25 2
27 25 24 6
25 24 30 17
7 30 8 7
1 27 29 7
27 38 13 26
21 17 19 6
19 17 38 42
20 17 22 3
34 26 33 9
27 26 3 18
21 29 11 19
10 27 39 27
17 28 6 27
29 28 37 7
45 21 20 1
30 30 33 16
40 35 43 13
31 25 14 22
21 31 31 7
20 26 30 8
38 37 0 44
25 16 21 6
10 33 14 14
35 17 15 19
39 29 20 3
43 34 8 18
13 12 11 6
36 21 24 15
24 28 35 3
15 43 32 2
35 31 39 4
24 23 17 0
28 29 24 20
14 28 33 5
6 16 41 34
0 29 16 16
30 13 26 12
17 42 6 25
25 11 39 27
40 33 27 12
13 3 35 10
11 27 19 19
21 41 17 22
13 11 31 12
30 10 11 8
19 21 33 24
21 31 15 6
19 27 35 17
48 36 27 13
11 27 25 8
14 38 13 20
32 32 47 26
25 24 12 14
21 6 25 11
21 36 45 26
2 7 14 26
13 24 36 10
3 8 6 22
27 46 36 19
13 13 5 45
24 17 12 13
41 43 6 45
18 14 38 9
37 14 27 20
24 26 47 36
39 30 2 39
6 29 23 9
19 14 19 21
37 36 35 24
34 16 5 11
13 28 8 20
44 33 34 34
33 32 41 23
40 13 18 11
41 35 40 16
29 26 11 12
21 31 23 7
22 17 40 30
19 16 39 1
46 40 0 20
3 19 25 17
33 29 34 2
30 49 19 5
13 21 39 7
29 37 4 34
15 28 17 17
25 21 23 15
9 42 7 18
26 38 11 11
44 31 27 18
30 30 21 8
24 30 12 40
8 22 28 18
39 35 4 26
39 20 25 6
37 34 28 2
33 28 30 3
34 49 12 15
16 29 39 36
25 23 17 1
37 45 49 48
42 36 48 38
27 5 37 10
26 20 12 2
20 34 36 3
42 36 30 40
28 19 10 16
11 20 30 6
