50 660 19344 800
16 45 36 24
37 46 29 46
19 31 26 48
45 23 30 33
42 10 35 38
15 20 39 48
15 33 25 35
34 47 39 17
47 10 39 46
44 44 34 28
27 37 44 21
39 41 42 37
17 37 42 19
35 44 27 35
37 27 16 23
36 43 27 3
33 42 38 22
42 18 31 34
14 48 38 28
26 0 40 34
37 24 39 27
40 31 37 38
44 24 33 3
22 35 16 10
17 28 30 41
33 47 37 27
38 23 35 37
32 39 46 45
29 40 32 44
35 21 37 24
32 29 39 49
37 14 29 16
37 5 13 32
18 11 34 28
40 49 45 31
7 25 26 39
17 25 27 4
41 24 18 35
45 45 22 8
21 30 22 0
18 20 17 26
38 18 19 5
10 27 43 43
47 27 27 31
18 21 42 44
5 18 28 25
29 28 26 49
33 24 26 26
26 35 41 31
20 24 40 22
14 15 31 20
16 42 42 29
31 37 36 16
47 49 40 39
31 43 41 38
48 32 39 39
48 26 33 42
5 23 14 30
47 25 28 39
34 20 17 24
37 42 37 23
5 49 41 44
41 43 28 48
14 32 24 45
15 28 35 28
39 33 28 29
22 41 44 24
20 27 49 49
21 33 42 18
38 26 3 16
18 35 25 48
14 19 38 22
22 34 37 35
27 49 44 28
40 24 26 21
24 35 5 23
26 16 31 25
42 21 40 43
29 28 18 30
8 15 41 47
15 41 37 43
11 24 49 34
35 34 21 47
26 40 17 48
45 26 32 1
34 19 38 44
33 16 29 24
42 19 38 38
21 21 28 31
10 28 29 45
40 16 44 21
11 9 25 33
27 47 40 49
35 42 36 48
35 26 27 31
20 25 35 24
12 25 40 42
4 41 17 23
23 13 39 43
30 41 23 21
30 40 43 27
48 5 30 29
47 29 26 14
17 36 10 36
23 36 40 42
38 25 34 43
10 32 33 9
19 27 32 25
44 24 40 46
32 13 25 43
3 19 20 30
35 44 23 42
49 12 45 46
41 37 49 26
34 11 19 26
14 28 26 37
45 33 10 27
48 20 29 15
12 9 26 9
40 29 20 35
33 43 35 35
39 41 36 23
17 35 41 45
42 36 44 44
38 12 39 26
43 14 29 44
41 48 46 46
21 30 48 37
35 44 30 40
35 44 41 16
30 49 38 30
42 37 34 24
13 16 40 19
34 44 37 28
7 30 38 22
22 4 40 40
49 23 26 40
47 23 26 33
32 35 45 20
20 25 36 9
1 19 38 19
30 45 26 10
30 38 19 44
21 33 35 49
18 38 22 10
25 23 26 6
24 48 45 45
14 47 38 15
20 47 17 16
28 31 13 21
43 28 8 17
11 20 34 22
17 35 29 45
20 34 38 46
20 29 40 47
11 33 37 25
30 44 38 46
16 24 25 39
13 27 9 31
25 5 35 44
38 43 46 27
30 38 18 37
30 28 43 41
2 22 42 45
12 30 16 38
35 48 33 42
41 40 37 46
39 19 48 44
5 12 13 10
24 48 35 36
41 25 38 43
12 28 27 40
23 39 43 25
43 21 35 22
27 11 31 47
3 24 39 47
29 28 36 18
25 26 38 24
31 36 21 12
41 46 45 45
14 27 29 40
33 39 28 43
26 32 34 46
17 33 40 25
14 31 42 6
29 31 24 9
30 23 32 44
46 5 34 10
41 24 24 24
23 42 32 21
34 35 48 28
46 31 41 26
32 41 42 21
16 25 40 45
19 35 24 13
11 43 23 29
29 46 44 41
45 34 3 11
38 42 37 26
10 12 30 25
34 43 34 22
26 23 24 35
15 31 16 14
21 27 31 6
33 23 39 22
45 20 32 37
36 18 8 23
18 6 45 25
29 39 31 24
42 15 18 10
35 34 17 15
36 8 15 49
41 33 37 29
10 31 40 46
39 43 44 29
14 0 27 36
35 44 25 22
48 25 12 21
37 19 35 41
38 41 30 43
19 43 36 6
39 30 38 24
42 44 28 26
45 11 26 8
38 2 32 26
31 25 43 22
43 13 28 36
33 43 40 46
15 40 26 7
48 2 33 46
16 26 38 30
28 26 32 43
48 21 49 49
49 17 13 45
20 23 37 45
33 21 35 38
17 32 23 42
42 47 31 19
36 43 39 10
40 28 22 32
48 23 26 33
25 9 38 45
37 28 41 45
24 10 12 39
24 11 39 4
39 13 32 48
39 26 6 36
47 41 14 35
30 47 30 4
31 1 40 21
29 45 18 35
35 29 11 33
37 37 20 6
42 38 23 39
9 48 20 34
35 37 38 45
42 33 36 46
32 41 30 45
34 3 25 24
35 49 42 31
33 45 49 30
16 37 39 25
31 48 43 38
4 34 40 45
18 28 40 21
13 43 28 12
18 28 31 46
42 45 40 21
3 36 16 23
31 46 15 32
13 33 18 44
20 24 31 7
25 27 21 39
24 46 43 30
25 37 37 44
20 30 35 45
47 31 34 45
18 29 37 31
32 36 40 27
35 40 22 34
30 39 43 41
19 38 33 44
32 25 33 11
43 22 36 19
10 11 35 15
26 8 43 5
13 30 35 27
46 39 40 44
42 38 22 23
34 23 24 39
40 23 35 33
44 25 28 16
41 16 29 16
6 48 37 45
49 1 15 24
28 0 39 35
13 34 20 8
36 46 39 44
24 27 23 40
41 47 36 39
42 49 24 10
15 44 39 25
22 12 37 44
1 21 24 23
34 42 28 44
37 42 40 28
43 7 35 47
21 26 29 16
28 22 43 41
33 45 28 18
48 7 42 44
20 31 40 36
49 17 37 21
25 20 27 0
44 34 37 30
48 11 23 16
39 42 17 16
21 38 37 30
35 45 39 41
40 43 39 47
36 41 26 6
27 21 38 22
1 20 39 24
33 27 45 31
45 16 10 16
19 39 35 23
17 37 43 48
44 6 38 29
41 22 24 0
22 24 42 48
35 45 47 43
17 26 25 9
35 4 45 47
11 37 36 25
33 43 34 28
37 26 40 37
28 4 22 38
38 42 11 36
21 14 25 15
21 8 14 30
25 0 40 15
5 19 14 38
42 24 29 20
26 23 33 26
28 31 43 30
13 36 32 22
12 17 31 27
26 14 45 48
38 17 47 29
35 5 48 39
28 21 27 3
14 31 35 44
6 29 45 30
33 43 29 17
32 12 42 48
35 42 38 22
31 41 35 28
32 42 28 24
40 31 25 9
16 27 40 27
33 22 29 36
40 24 26 28
22 28 37 5
48 19 41 41
42 16 48 40
36 33 36 38
27 7 7 49
16 33 28 17
45 12 37 18
14 20 7 40
42 26 32 18
12 10 46 48
28 6 17 42
20 34 31 3
22 2 33 41
13 29 30 28
35 44 47 42
28 24 20 34
42 13 40 25
40 40 27 22
46 23 34 47
36 49 36 21
35 38 23 46
42 20 26 10
39 14 35 34
35 40 37 27
31 42 43 44
45 16 45 24
34 4 25 37
37 45 34 24
37 46 5 26
40 46 34 48
3 22 47 15
45 16 40 39
28 14 42 44
47 44 22 47
19 41 28 45
34 33 26 24
31 15 17 22
8 17 12 28
32 22 27 39
4 2 20 35
20 32 29 31
32 40 44 25
40 47 13 8
1 43 23 28
2 36 32 35
41 23 35 44
32 43 15 22
18 28 35 31
25 19 40 24
24 34 27 26
35 48 35 40
16 21 11 5
15 29 28 28
39 42 28 8
23 39 29 36
41 13 26 31
27 38 41 31
9 3 38 42
45 41 35 25
11 1 40 24
7 27 42 49
10 24 38 22
16 31 36 28
27 45 44 32
26 5 33 15
24 31 44 38
39 47 36 39
25 37 28 1
31 43 48 22
23 27 2 40
49 24 24 1
14 37 37 43
4 35 29 46
18 29 35 28
41 28 21 2
30 25 40 28
42 49 12 8
19 31 37 22
31 24 27 31
21 29 20 13
38 29 41 45
21 28 11 48
47 34 42 31
16 37 16 16
2 31 35 33
12 31 25 10
37 19 34 26
8 32 26 7
33 43 37 42
40 6 2 15
38 20 49 15
26 42 41 49
14 36 26 36
2 12 37 7
47 17 26 28
44 17 43 22
18 16 20 26
7 38 36 23
38 18 38 29
2 22 26 49
33 29 31 9
48 43 20 32
15 40 35 6
32 34 43 47
38 38 12 27
37 21 24 24
28 32 36 8
14 26 14 31
49 16 35 22
13 13 34 17
44 10 44 39
43 38 28 35
46 23 44 45
26 34 32 10
34 2 41 18
38 12 39 47
35 45 37 20
3 35 26 25
43 21 49 33
38 45 38 25
36 49 36 20
15 27 26 6
31 12 43 27
11 36 45 24
33 47 39 27
19 31 27 49
46 20 22 6
37 47 16 21
32 47 32 26
48 10 36 45
38 28 12 33
33 45 24 7
25 34 37 22
42 37 23 38
33 22 27 22
39 49 27 36
12 18 36 38
40 23 35 20
16 29 41 26
49 17 37 31
34 22 32 40
47 2 34 45
30 45 44 46
32 42 27 16
38 24 36 39
16 33 42 45
38 49 30 30
42 23 30 49
48 20 34 4
38 41 32 33
14 3 11 48
5 43 12 9
46 11 37 42
49 35 44 47
47 19 48 28
46 27 20 43
33 0 39 22
36 42 42 46
14 29 40 43
22 31 39 22
10 20 45 17
18 39 25 48
29 17 22 0
33 42 30 21
45 20 40 17
36 32 25 38
1 21 33 37
25 43 27 49
39 3 40 33
25 16 35 27
20 29 41 27
34 22 45 46
31 36 39 48
31 43 13 23
39 36 16 43
33 49 12 36
9 24 35 24
13 24 39 45
41 27 39 38
44 3 38 49
42 33 1 19
40 21 31 43
35 1 42 21
3 29 15 39
17 34 49 23
48 40 42 26
33 38 25 25
49 43 29 37
21 21 17 29
22 28 19 16
45 19 17 30
30 49 43 35
36 33 33 48
34 32 47 25
20 32 19 39
20 5 38 20
27 36 38 48
40 6 32 44
27 29 29 2
46 12 21 27
20 49 41 25
8 30 38 47
45 29 37 42
35 0 40 26
26 26 34 20
34 46 31 22
41 6 35 18
40 2 44 24
10 21 16 15
37 30 26 13
13 39 43 39
18 23 14 35
35 18 33 37
10 24 22 48
33 31 28 2
10 23 44 24
13 40 34 22
44 14 38 21
47 18 43 23
45 14 10 28
6 29 39 44
18 42 22 25
41 43 32 3
20 44 37 38
3 28 38 41
38 45 35 49
2 43 35 4
20 28 36 46
6 36 48 48
16 37 30 37
8 16 39 11
21 41 35 27
1 5 34 42
21 42 24 1
9 21 23 24
16 31 30 48
18 37 23 29
23 35 37 23
35 12 35 32
3 35 23 38
28 35 38 39
40 33 38 24
20 33 36 27
33 48 28 45
48 23 35 23
24 26 17 33
26 42 25 30
22 28 15 47
22 29 45 33
36 43 39 29
13 27 3 22
36 45 38 41
10 41 39 42
41 13 38 17
1 27 16 46
24 25 31 35
38 17 42 26
4 23 9 20
46 10 42 14
24 23 13 29
42 8 27 21
24 11 22 31
22 31 36 36
45 43 32 11
23 34 26 16
12 33 35 23
36 45 42 41
41 1 28 21
37 49 14 19
23 27 38 48
40 34 19 38
44 30 19 1
48 20 41 18
1 21 39 17
38 38 48 33
38 39 20 24
39 27 19 35
38 45 43 22
37 48 17 27
13 28 32 47
44 43 31 16
20 12 35 45
41 45 11 22
46 27 34 39
34 12 48 43
34 47 42 32
29 38 31 21
32 42 23 17
23 39 30 40
22 25 43 39
29 37 32 28
42 30 44 38
20 36 21 24
25 3 48 19
36 39 16 43
22 5 36 40
19 24 39 31
43 36 46 25
