50 436 18789 800
32 8 38 49
3 0 27 37
10 34 48 39
36 39 17 35
20 29 6 11
40 33 11 17
42 40 20 3
44 29 11 46
32 6 20 9
12 8 3 44
5 22 47 43
35 19 23 12
6 40 8 30
38 41 21 39
13 21 42 41
46 47 7 5
18 21 14 15
2 1 20 15
31 13 7 28
46 44 24 42
26 43 9 38
26 11 16 10
45 40 4 48
34 14 46 47
37 19 30 30
42 47 22 39
45 47 29 39
47 8 20 9
5 2 25 37
43 48 23 34
41 48 20 26
45 45 18 30
39 12 19 29
9 22 17 32
46 45 23 4
40 40 45 48
32 16 6 13
5 34 42 47
5 3 14 21
31 15 37 35
21 24 48 49
42 43 8 45
44 3 10 32
3 3 46 48
25 33 17 20
3 5 24 32
44 37 5 39
31 11 14 16
30 0 37 48
37 14 17 35
3 29 31 46
2 4 45 45
25 20 9 8
28 22 42 40
4 5 6 18
28 38 27 34
35 2 28 29
23 21 20 42
46 38 47 43
8 39 21 36
47 32 34 34
27 35 13 14
33 4 8 6
46 45 31 35
0 2 30 29
31 43 45 46
45 35 30 34
31 14 16 11
31 36 31 27
24 24 26 43
39 11 48 43
3 6 13 16
0 0 16 18
5 19 27 37
41 45 18 13
41 46 14 18
4 6 17 10
38 38 47 46
27 25 15 39
30 31 13 15
30 2 16 20
28 25 11 20
38 44 36 49
42 42 16 24
18 14 5 42
38 32 15 8
33 19 38 15
44 46 25 39
13 25 2 41
31 9 7 9
41 41 13 9
39 42 46 48
41 37 16 6
34 10 10 46
35 33 25 38
15 31 5 17
36 8 13 36
35 23 19 31
23 11 16 13
17 18 29 36
35 35 20 15
3 24 20 25
46 24 4 47
1 3 15 8
2 3 29 27
41 20 41 30
42 40 10 7
23 9 26 49
29 20 28 10
4 1 27 33
34 0 26 27
22 38 29 39
40 31 23 38
43 44 29 37
32 31 12 11
6 6 19 12
42 42 36 43
6 6 48 47
48 45 18 19
3 4 17 12
4 37 11 12
45 48 30 28
2 38 9 16
38 26 41 48
11 26 12 8
5 3 19 30
31 13 42 44
34 33 7 33
45 44 47 48
5 3 29 33
44 46 21 14
44 49 16 15
1 1 20 31
5 27 20 30
42 42 29 38
28 22 39 42
11 15 23 32
30 19 46 49
42 44 15 15
36 40 8 41
2 23 43 45
1 0 27 35
1 2 6 16
41 41 11 13
5 5 20 25
40 43 10 35
38 6 22 23
37 14 9 13
45 47 24 14
29 27 8 15
3 3 23 29
30 24 24 32
37 46 20 9
37 37 9 17
12 17 26 36
30 18 10 13
37 43 12 12
28 20 21 38
35 30 11 14
44 48 28 30
25 29 6 10
39 1 23 25
21 12 40 48
32 41 36 23
1 3 7 23
1 3 25 7
34 35 15 8
1 2 31 16
1 4 11 19
2 3 9 15
46 11 18 33
2 4 49 43
25 19 43 35
36 15 49 40
37 28 14 9
18 42 14 3
0 7 0 13
3 3 22 32
37 5 13 18
11 35 18 16
32 14 23 32
32 32 18 10
37 30 45 48
25 41 49 42
4 7 31 37
40 41 3 11
2 2 34 44
3 5 29 36
34 44 19 16
32 3 19 33
24 37 28 30
33 28 25 27
29 27 45 36
44 40 29 30
44 41 8 31
24 41 48 49
3 6 32 35
2 3 29 48
30 18 29 36
34 31 20 15
33 30 20 9
37 38 23 28
43 37 27 37
34 47 16 6
27 36 14 31
31 29 46 43
4 5 18 10
1 3 27 40
43 1 19 3
24 28 19 25
29 37 29 46
44 46 22 12
30 15 6 47
3 2 21 17
38 41 23 18
41 41 42 46
38 49 31 25
2 1 14 8
42 1 26 21
44 1 18 20
6 5 37 49
42 46 4 5
28 19 22 15
4 3 10 39
29 12 14 11
16 37 2 38
5 5 20 19
3 16 43 48
25 24 27 13
19 47 5 13
40 34 42 46
26 29 37 25
23 29 43 41
30 3 21 37
25 20 46 42
30 29 23 6
34 45 28 31
36 40 13 4
2 2 9 22
4 3 21 13
34 18 32 32
45 42 9 15
34 40 9 22
43 26 19 5
30 44 23 31
38 44 4 16
2 3 20 17
34 46 19 24
10 48 47 39
42 39 32 43
45 41 21 39
41 45 22 6
0 1 21 32
32 27 19 5
1 0 45 47
40 41 30 19
44 49 19 2
32 30 11 43
39 43 17 5
35 13 20 7
34 28 13 19
46 9 26 8
45 5 25 31
34 27 18 26
12 39 26 38
1 42 15 21
43 12 3 10
6 2 12 17
0 0 43 39
4 22 8 8
24 24 34 21
42 47 31 40
32 29 37 49
49 44 21 18
39 10 18 39
35 9 12 16
11 19 25 20
37 19 9 14
25 40 17 17
6 16 17 32
44 41 14 28
40 9 10 9
43 7 45 42
6 6 35 25
7 30 33 29
41 48 23 34
33 21 24 44
46 49 13 15
30 33 46 47
40 22 19 14
24 9 18 17
30 6 18 14
40 37 28 35
27 13 24 20
42 45 11 14
34 40 42 45
17 23 14 21
2 6 14 11
1 0 10 16
32 16 17 27
41 49 46 46
2 4 24 31
46 42 39 42
40 17 7 9
48 30 48 39
38 46 11 33
32 26 2 46
40 39 24 34
22 26 9 45
35 20 32 38
26 29 11 10
40 38 25 32
32 21 19 23
41 46 16 21
41 49 23 23
41 29 7 9
0 2 27 30
22 31 28 32
35 36 21 34
37 26 22 11
39 17 32 9
34 33 20 35
2 5 29 35
0 5 12 9
45 46 27 29
33 23 18 27
28 49 15 24
43 42 14 3
32 17 25 39
38 48 15 6
37 38 27 31
42 46 16 14
41 42 18 15
31 14 23 31
7 5 17 31
35 42 41 41
29 13 24 31
9 37 18 13
29 30 25 19
40 43 28 26
22 24 31 44
24 22 23 29
40 34 18 26
26 21 16 17
6 5 8 17
38 46 4 30
34 21 9 14
44 16 24 27
34 30 15 11
31 11 30 30
39 39 10 12
36 21 20 25
5 3 19 35
2 5 47 48
33 37 26 38
46 9 28 33
7 2 16 16
4 2 34 47
3 23 16 10
33 5 49 42
43 48 27 35
39 38 13 20
38 42 21 12
38 24 23 35
33 35 35 39
20 9 5 9
42 42 9 17
43 4 28 36
37 34 19 24
39 9 30 40
37 18 21 25
27 46 23 6
43 42 12 21
46 8 18 20
33 27 16 19
44 13 19 18
5 4 40 39
44 42 7 30
48 14 13 19
49 42 22 17
41 13 29 44
34 12 11 18
38 48 29 18
24 21 32 21
37 43 26 38
41 24 26 16
40 35 14 21
44 32 15 5
40 45 16 15
37 29 24 36
10 19 19 13
33 34 30 30
45 40 11 38
35 32 10 4
21 28 28 25
46 44 14 37
38 45 17 49
6 3 14 12
38 20 41 42
39 48 25 34
6 22 21 28
42 43 6 49
29 32 13 13
6 5 39 35
2 2 31 43
33 30 9 21
48 35 10 39
41 31 2 10
43 14 44 42
31 42 9 13
2 6 32 27
31 48 5 10
38 12 44 48
44 44 9 13
21 24 18 36
48 42 19 37
8 22 22 36
37 15 14 15
4 4 46 49
23 20 25 29
37 27 26 27
42 17 13 18
31 17 27 30
35 45 39 38
25 23 24 13
27 22 24 31
41 25 16 18
39 10 13 28
1 18 30 11
45 46 39 32
6 1 13 42
30 17 33 37
0 5 5 13
30 47 5 11
14 35 36 45
33 17 25 28
