50 170 13734 800
19 45 40 26
29 15 16 11
31 26 18 5
27 11 40 28
17 23 2 42
16 29 42 34
26 16 1 26
33 23 2 21
44 19 16 10
21 6 18 8
31 29 5 26
48 17 15 6
22 39 3 17
40 24 32 18
7 44 32 15
23 38 9 13
8 14 18 12
46 3 41 31
35 3 31 15
40 16 38 6
18 38 15 7
41 21 16 30
12 18 26 4
19 44 13 8
22 36 4 24
29 23 31 18
6 3 42 13
21 21 5 22
42 19 1 22
34 15 32 0
17 36 41 31
22 27 14 35
26 29 1 4
35 20 16 8
22 36 9 10
34 19 28 24
5 6 9 15
37 15 35 38
49 17 42 23
49 13 43 6
4 7 23 20
3 19 39 30
28 5 40 18
21 42 1 18
3 25 7 22
24 39 32 18
23 1 4 22
1 22 40 30
37 11 9 19
5 20 7 23
13 25 47 26
37 22 13 13
17 29 13 7
20 7 25 15
40 12 17 10
25 20 30 6
23 30 18 6
43 27 14 3
49 3 42 23
20 43 4 30
30 35 44 5
39 23 35 12
39 19 9 7
3 28 38 25
27 22 40 19
9 2 41 25
27 17 45 42
40 19 13 16
24 40 35 19
29 33 15 11
4 24 23 25
45 15 37 25
18 16 0 9
0 12 21 19
8 13 1 28
25 44 13 19
17 27 48 27
36 7 36 24
16 41 35 12
26 44 32 23
8 1 24 0
43 18 41 30
35 18 12 14
37 2 22 12
11 26 14 15
5 13 32 18
20 37 14 8
0 16 11 15
43 18 3 6
25 46 7 12
47 18 6 12
29 12 15 4
12 32 18 10
39 9 12 8
6 10 42 35
2 44 16 7
19 29 19 5
21 42 11 7
24 28 2 20
13 21 19 9
40 16 15 7
33 23 41 26
24 42 8 16
18 26 10 17
27 48 43 8
25 42 17 8
1 8 10 14
40 20 15 10
33 22 17 8
33 18 43 26
22 45 9 14
24 45 13 13
46 16 8 19
23 35 12 17
4 30 18 8
2 36 35 4
31 22 11 13
19 30 46 30
20 15 24 6
32 4 10 4
2 22 44 40
24 42 18 7
35 28 16 8
32 20 34 36
21 19 2 2
18 28 1 25
18 28 39 27
28 42 10 11
25 17 17 8
42 34 12 5
38 16 39 23
34 22 32 12
16 20 38 22
35 20 6 0
10 25 25 44
40 15 21 3
16 8 32 8
23 41 14 6
29 13 41 21
41 12 4 19
24 28 38 32
35 22 40 14
10 26 16 8
30 13 8 15
43 1 10 15
41 19 34 35
19 38 31 36
27 9 41 29
26 7 43 24
25 38 0 21
17 24 6 21
24 16 5 13
13 26 32 10
17 26 5 25
22 42 25 13
5 35 11 27
30 22 1 24
20 43 5 21
9 34 12 10
26 30 25 3
24 41 14 8
22 32 24 13
23 28 7 14
38 18 0 6
45 2 29 15
4 14 48 19
43 15 7 14
42 16 1 38
32 16 0 32
29 21 5 15
