50 847 14117 800
26 32 24 14
23 4 23 26
42 22 35 10
8 5 31 49
21 10 8 35
25 0 39 17
3 36 0 19
27 21 14 32
26 11 20 38
28 45 33 5
40 15 27 29
38 12 32 20
3 1 9 44
30 5 29 17
24 0 12 26
37 19 1 26
35 12 7 17
18 17 42 16
29 17 22 20
27 14 30 30
23 35 16 15
37 30 47 12
19 3 10 23
9 26 29 11
30 1 11 25
13 1 1 33
33 10 4 40
21 15 1 46
46 30 40 9
30 13 1 13
18 14 22 27
24 19 22 9
33 23 3 20
32 22 49 14
8 10 49 15
29 13 16 0
15 13 27 6
9 15 4 15
9 9 3 40
18 11 8 30
2 0 4 13
26 23 3 16
11 4 27 26
16 10 11 44
13 7 9 27
3 5 6 9
15 1 12 28
22 4 4 44
34 24 20 12
13 9 1 13
30 26 11 19
35 24 9 32
7 4 3 20
33 20 42 8
17 10 14 34
7 1 39 28
30 23 8 44
1 13 29 46
16 6 23 33
25 17 26 9
12 18 28 16
27 12 49 18
12 10 26 8
11 10 5 43
49 33 2 19
42 8 7 13
31 19 21 13
44 15 21 19
16 5 30 0
38 21 17 34
34 11 0 26
3 12 15 29
14 1 48 11
6 8 34 35
46 1 46 14
24 23 42 13
10 11 49 16
26 4 19 18
21 8 3 31
36 4 10 10
45 13 20 3
35 20 24 8
33 16 21 27
13 1 35 4
37 15 0 34
24 10 44 15
34 8 33 28
22 5 37 32
31 26 45 19
35 22 31 32
3 6 8 46
29 20 46 33
6 9 8 31
26 10 23 40
11 5 47 15
35 16 30 31
24 12 0 6
15 5 6 8
36 8 5 36
7 6 5 22
44 6 46 9
17 2 45 10
26 8 0 12
16 10 3 29
14 6 45 10
39 22 29 14
12 1 18 30
40 28 27 12
38 17 38 47
31 10 46 15
38 24 7 21
24 20 49 16
23 27 8 32
27 7 10 43
6 27 9 46
11 0 7 39
24 18 14 34
34 20 34 12
8 18 19 12
38 12 7 29
24 1 16 14
41 10 25 5
11 30 14 18
34 24 28 20
1 6 45 11
37 1 41 35
12 12 46 19
48 30 10 18
13 12 24 37
35 16 2 21
33 8 32 15
32 15 8 14
44 6 1 14
31 11 26 9
44 3 3 12
12 17 26 22
28 7 43 17
49 23 11 40
19 19 16 47
13 6 26 46
4 4 12 17
34 0 46 15
36 16 6 29
35 25 6 14
6 10 25 24
35 11 37 19
45 20 28 10
23 7 6 23
38 10 45 6
39 27 2 24
36 20 40 14
41 22 5 18
20 3 38 9
44 34 9 49
48 22 23 8
17 11 15 0
30 3 16 49
37 23 4 24
44 15 38 24
21 13 37 18
23 19 25 15
31 11 2 12
13 2 39 6
13 1 4 42
43 20 42 3
35 28 31 16
10 0 13 44
16 6 15 26
28 16 15 23
14 13 1 47
13 6 31 33
17 0 38 20
46 10 41 10
33 22 37 2
7 10 25 5
8 11 48 14
21 3 3 43
8 2 12 40
41 9 23 34
12 11 3 19
10 9 1 36
33 40 8 9
30 25 27 8
27 11 48 13
41 39 4 12
35 13 4 16
5 9 35 36
36 39 13 1
49 13 23 15
27 9 33 14
46 17 20 33
11 3 47 11
35 20 8 3
28 27 3 42
12 13 6 44
29 47 17 9
29 13 27 1
9 15 21 38
12 15 48 8
30 15 46 11
39 15 44 15
13 10 2 42
34 20 5 25
31 21 5 27
29 1 27 9
29 20 30 44
2 8 23 14
34 8 5 49
31 18 40 3
49 28 25 17
17 10 9 18
16 5 28 8
18 13 4 4
22 7 49 5
16 7 35 22
32 17 47 19
26 24 48 13
49 21 1 13
7 19 1 44
32 22 15 5
29 13 2 45
38 5 19 1
49 14 14 22
34 16 8 45
9 0 27 26
39 26 18 8
32 14 32 33
27 14 11 45
40 19 3 42
30 0 5 15
32 19 46 15
16 5 3 5
14 12 27 25
30 10 26 15
43 40 29 12
15 2 24 6
49 16 6 19
24 30 24 40
24 13 29 21
28 17 9 14
47 6 14 1
36 10 4 40
31 23 6 39
24 4 49 21
33 10 25 25
10 11 42 9
23 0 1 13
35 20 38 7
21 13 19 20
35 22 18 1
35 29 18 0
47 34 48 9
23 21 26 14
3 18 30 25
38 4 0 18
19 14 8 34
33 28 29 19
14 21 36 15
39 2 30 29
39 24 14 13
25 18 1 13
18 8 30 9
5 6 26 25
15 4 24 16
44 19 10 24
38 24 8 26
27 5 44 1
29 28 10 21
9 2 5 8
38 0 33 15
32 22 9 15
40 37 20 18
35 35 25 8
23 17 4 18
33 7 3 44
21 13 7 45
19 6 19 15
34 10 8 29
10 27 6 17
16 18 17 5
9 15 31 28
30 40 8 41
39 20 46 14
12 19 16 35
35 36 19 16
2 4 26 42
35 15 16 25
13 9 1 25
1 12 19 26
42 11 34 44
28 19 6 39
48 21 13 45
15 6 27 24
23 26 10 36
30 15 4 20
1 18 23 21
13 11 11 47
32 38 7 14
30 18 48 14
33 17 17 12
37 20 26 10
43 5 25 24
27 12 21 17
24 15 41 2
33 2 30 18
27 8 26 19
34 14 1 36
28 14 49 12
39 2 21 20
31 18 5 28
41 13 11 28
38 27 42 9
16 8 15 23
9 2 35 34
33 21 28 19
36 11 28 28
24 15 22 11
9 14 26 16
22 7 11 41
6 10 13 11
33 16 1 38
33 27 48 13
7 10 45 7
24 21 6 46
25 3 38 12
17 5 37 42
36 20 33 5
13 9 4 15
29 6 29 38
18 11 11 48
12 10 47 17
15 3 4 23
18 2 22 12
43 4 34 35
39 33 46 11
38 19 23 46
8 1 29 45
21 22 8 49
31 10 3 34
19 0 12 28
16 19 7 19
30 1 32 37
12 19 48 19
13 8 7 32
22 3 1 25
28 26 29 21
34 26 6 45
28 10 22 16
21 8 10 22
33 18 30 14
15 21 48 12
22 9 27 11
49 8 8 22
34 20 3 27
49 0 3 16
26 7 0 45
23 0 19 41
15 4 37 5
30 20 37 21
32 0 10 22
19 1 47 14
34 19 19 22
5 4 37 3
36 21 40 20
11 11 13 39
14 12 27 12
14 3 5 16
21 3 35 15
34 11 7 25
49 30 44 1
27 9 19 18
30 13 26 22
41 18 8 3
18 11 24 39
13 16 8 35
3 7 0 27
47 40 18 22
12 12 29 12
45 31 9 36
38 36 8 29
27 0 22 24
20 8 5 18
39 10 25 12
37 13 23 15
4 1 10 46
35 18 18 20
12 16 5 49
26 27 49 21
25 0 7 34
17 4 24 10
8 13 34 6
10 6 32 45
18 1 7 4
34 21 28 24
22 6 1 9
5 8 12 23
32 14 27 14
31 20 15 35
42 19 3 8
34 12 47 15
43 13 15 29
29 12 20 23
35 27 22 11
12 2 16 25
13 2 41 21
30 21 20 13
10 7 32 12
13 17 34 12
33 39 12 37
12 13 16 28
45 10 26 44
17 12 25 10
29 21 38 6
16 2 48 44
18 41 31 16
7 8 8 26
35 20 4 16
33 23 11 22
29 17 46 9
17 3 16 14
12 17 7 3
23 1 24 29
14 12 24 12
48 39 10 3
20 3 27 37
43 2 34 47
44 14 7 20
40 18 6 7
5 10 36 5
33 47 44 17
16 4 35 30
24 14 13 19
12 14 48 17
41 11 37 25
27 17 23 35
26 7 10 28
4 7 21 22
30 13 36 14
34 16 30 17
4 7 6 36
25 16 33 28
16 7 8 12
22 20 16 11
10 11 4 36
30 7 49 13
11 2 31 36
18 16 3 28
36 17 24 38
9 16 29 20
29 11 0 13
19 12 23 14
43 10 18 21
30 21 11 36
42 21 27 10
20 34 49 24
16 7 26 19
31 18 10 20
23 5 27 21
20 7 30 11
15 2 35 22
27 22 26 29
12 11 33 30
26 13 1 6
32 14 39 2
37 6 25 4
40 9 47 17
39 5 13 42
24 8 29 6
24 16 33 18
26 29 10 28
35 17 20 13
36 12 3 21
49 0 45 16
12 19 44 12
11 7 49 14
8 10 27 43
33 21 31 15
12 0 1 8
38 5 42 4
33 5 7 14
20 4 1 25
20 18 23 5
37 22 3 8
10 14 49 11
37 8 45 11
34 21 26 28
39 13 40 34
33 11 23 4
24 6 29 7
48 18 11 9
42 35 16 13
38 23 8 45
39 21 4 13
40 15 8 17
48 13 9 11
38 23 49 12
10 16 3 13
22 24 9 31
13 14 19 16
25 8 47 16
34 4 11 36
25 5 2 15
19 10 23 28
29 20 38 3
38 24 5 8
17 9 15 43
49 32 5 3
18 1 9 17
32 23 6 17
48 5 27 20
14 8 7 22
35 22 21 15
22 5 6 49
41 19 17 25
13 31 26 36
18 13 24 15
27 3 5 10
40 25 8 13
21 13 16 24
10 14 43 9
35 24 10 33
38 25 2 13
39 13 47 7
13 1 18 0
39 23 7 44
37 15 24 15
17 13 45 23
32 16 27 30
8 11 1 20
26 11 29 25
20 14 25 47
17 7 29 16
32 30 3 15
18 6 10 48
20 11 18 28
22 9 27 11
12 8 24 23
20 11 10 45
26 9 46 1
8 15 18 11
7 7 10 38
23 27 47 19
5 5 16 22
29 27 6 36
21 3 10 32
40 11 3 18
42 28 18 39
23 10 44 13
20 18 12 44
38 17 23 33
36 7 28 28
37 13 1 43
31 39 31 18
26 1 31 2
28 8 10 41
40 14 4 7
25 21 44 13
10 24 12 3
36 5 5 14
24 17 7 44
13 11 5 20
9 0 22 11
31 36 19 44
37 2 8 40
30 14 3 17
29 17 13 28
17 16 18 5
41 4 34 23
33 14 19 19
38 15 42 43
18 7 7 24
18 13 5 16
23 6 9 45
32 11 48 7
42 4 39 9
27 19 16 30
4 3 14 13
38 30 24 15
14 7 18 17
27 0 5 7
29 13 2 29
38 9 17 32
12 5 49 16
28 6 27 19
36 4 30 15
29 17 23 8
10 11 16 48
39 24 49 11
12 15 6 20
35 17 27 14
15 14 20 25
21 7 17 18
25 24 21 39
7 14 34 46
5 36 0 7
28 7 8 33
39 12 13 38
6 7 22 11
40 26 17 19
23 6 1 29
12 4 26 9
28 22 17 17
23 21 29 9
20 9 6 20
20 16 4 8
11 16 49 12
15 25 16 35
32 17 1 10
22 18 16 12
35 12 46 19
40 8 41 19
18 1 14 14
17 12 12 25
17 30 3 16
44 5 15 6
27 18 20 16
41 22 16 17
33 5 8 40
23 2 24 13
8 15 45 14
36 17 20 44
1 0 35 5
27 41 8 14
8 9 1 31
7 7 4 35
34 12 25 28
26 17 7 19
19 14 15 47
27 38 42 11
27 13 5 12
9 1 37 27
34 20 3 15
41 40 25 24
41 13 6 17
2 8 14 16
39 17 8 11
23 5 7 34
4 11 1 22
43 3 8 15
21 12 18 46
29 13 3 22
20 8 19 37
35 17 27 30
33 33 32 24
8 11 20 13
20 8 16 39
43 12 9 13
10 12 40 0
13 22 25 13
21 25 10 42
18 10 21 49
34 11 37 30
17 8 19 21
6 11 40 18
25 5 9 13
11 12 2 27
37 7 22 10
40 20 3 31
14 4 29 46
32 12 22 41
43 26 16 47
38 12 7 24
32 24 13 17
32 9 0 26
44 42 12 37
33 19 4 12
47 7 44 17
24 27 7 18
39 14 17 17
33 23 30 15
36 14 17 43
35 13 18 42
11 6 8 37
20 7 13 18
15 6 10 14
23 18 5 19
31 8 32 25
45 38 12 45
15 4 1 19
40 26 13 8
21 6 25 30
14 2 32 32
10 2 36 14
42 2 9 18
48 33 29 15
39 15 40 10
38 20 6 12
32 6 20 48
15 6 30 19
16 12 48 9
19 5 8 7
4 14 29 29
36 19 3 38
11 3 33 23
36 3 25 19
21 5 44 24
41 2 45 15
10 15 46 14
36 23 8 6
16 15 19 45
16 9 24 18
3 6 41 24
29 11 24 43
16 25 46 11
46 14 42 1
12 8 49 9
27 12 44 12
41 27 12 26
35 21 17 37
37 17 32 21
22 7 14 15
24 7 23 15
47 22 4 13
20 9 24 11
37 3 9 25
29 20 34 6
35 20 19 8
6 3 4 6
26 8 21 8
4 14 40 12
30 21 6 17
6 4 24 13
18 12 7 21
40 39 28 19
47 5 14 33
48 31 12 6
10 7 43 22
16 5 46 10
35 36 23 17
24 27 22 32
44 1 12 48
14 22 22 14
9 19 19 21
31 14 36 40
34 20 8 6
28 10 11 47
12 1 35 29
16 6 45 12
31 14 18 2
20 23 4 22
24 13 11 40
32 6 10 5
16 9 2 14
38 28 24 12
47 36 24 13
17 18 49 5
16 7 7 24
39 18 29 14
39 21 5 14
32 11 13 39
7 15 15 39
25 12 44 10
7 5 8 33
29 20 17 10
40 11 6 38
26 13 26 36
22 15 6 25
8 3 14 21
21 16 8 11
34 24 46 12
35 15 44 12
40 29 18 7
20 3 36 10
41 39 21 4
29 13 49 7
36 20 27 11
36 0 19 48
25 18 4 36
14 11 22 12
42 16 3 49
20 18 46 10
30 26 0 26
2 9 14 25
21 7 31 15
17 12 5 15
40 6 1 9
26 15 49 10
29 13 18 4
17 14 44 16
14 6 49 8
16 13 26 18
12 13 29 10
31 9 48 11
11 18 3 26
40 12 26 27
25 18 7 27
5 4 29 6
37 18 4 3
27 18 17 45
32 28 10 22
19 18 8 20
49 43 22 46
32 23 29 16
12 9 35 6
33 17 12 32
11 5 25 41
28 10 33 12
36 14 9 17
13 5 33 48
22 9 47 15
44 28 35 19
8 3 37 13
41 28 24 15
19 20 48 6
22 4 28 18
34 3 36 33
33 25 27 17
15 1 29 14
22 6 12 23
22 11 48 10
31 20 28 32
31 28 27 13
15 3 2 24
22 16 49 11
25 22 10 23
35 11 29 12
37 28 19 28
30 3 26 16
35 32 1 46
37 9 47 16
26 18 25 11
8 26 12 3
6 20 27 4
30 4 29 21
15 4 18 41
25 11 4 14
33 18 44 17
27 24 17 38
32 22 15 34
25 3 16 17
24 14 17 9
40 26 0 38
34 24 6 21
39 11 36 26
16 16 43 0
16 10 38 25
11 14 2 28
0 12 30 14
22 13 10 37
29 14 15 29
7 19 44 10
27 8 10 31
35 41 45 18
13 19 26 22
32 16 31 21
12 3 24 25
39 17 28 24
