50 72 14269 800
40 35 17 5
44 2 12 16
19 23 31 36
1 23 24 39
26 16 15 49
23 36 27 33
8 26 18 48
10 32 26 34
9 24 20 47
2 36 42 0
18 21 28 25
28 19 20 47
19 29 25 14
19 26 35 17
8 34 35 8
22 20 24 25
17 24 20 2
29 27 19 23
26 21 17 49
4 28 29 45
0 22 32 6
14 27 11 44
27 23 43 3
45 33 43 16
30 48 31 4
43 6 34 40
9 29 5 12
30 13 21 5
11 27 16 15
20 26 12 4
20 26 13 19
38 30 21 10
15 13 15 1
11 34 21 21
4 19 21 37
32 43 22 38
31 38 12 48
7 25 21 45
32 2 13 12
43 18 19 12
47 10 31 17
33 38 41 30
49 17 25 41
6 13 21 42
14 29 16 9
3 24 48 8
8 28 33 18
2 42 21 12
15 10 25 13
48 22 21 6
5 28 23 37
29 23 36 23
17 25 6 18
7 3 29 38
30 23 11 20
7 28 25 6
5 25 22 40
0 31 13 13
22 28 47 22
43 21 18 46
11 16 6 7
10 18 26 42
44 0 33 20
24 32 39 33
27 18 13 45
28 17 35 3
1 26 14 46
31 44 26 32
2 35 20 8
37 4 31 6
7 20 41 8
25 28 21 46
