50 536 16685 800
45 27 39 0
26 27 25 13
19 20 41 4
30 40 6 33
33 33 30 38
22 14 36 12
26 17 45 7
30 11 17 37
41 16 44 20
43 10 48 12
44 10 9 31
46 12 9 13
44 15 37 13
28 16 5 18
20 29 11 8
40 24 13 37
10 40 31 28
39 14 44 7
35 11 37 16
31 12 34 4
31 8 35 5
17 17 32 2
26 18 19 31
23 17 3 21
15 13 32 15
5 20 13 31
10 21 13 18
20 10 6 7
28 21 1 46
26 15 30 5
47 35 10 26
21 18 45 38
33 18 37 15
15 9 30 47
32 1 28 19
35 3 21 27
44 21 23 26
14 15 21 36
19 10 30 20
39 1 41 40
33 10 25 22
29 14 44 16
21 14 39 25
20 14 40 17
29 17 8 35
35 12 6 48
13 20 5 11
28 14 34 0
18 13 14 2
19 14 35 15
20 16 11 32
46 12 0 14
21 13 5 41
28 15 35 45
38 12 28 21
15 16 11 11
34 24 3 45
21 24 19 41
30 0 10 2
6 38 8 14
26 41 24 17
20 19 18 48
18 46 48 29
46 37 4 39
29 17 32 2
39 37 34 10
33 10 41 27
21 18 19 1
33 22 4 43
37 24 46 23
32 13 44 38
21 28 1 0
26 13 42 11
35 18 7 41
24 18 9 16
40 14 33 14
13 18 18 4
24 24 11 40
24 13 36 19
21 17 16 30
24 24 34 11
27 11 16 39
17 17 48 14
30 34 40 10
28 27 6 16
40 36 39 19
28 11 35 5
31 24 9 30
17 16 10 20
42 37 47 33
48 7 39 48
48 26 28 18
30 20 35 35
42 6 47 4
31 4 4 26
34 24 35 7
33 33 8 33
27 11 4 42
19 14 38 22
23 6 5 27
39 34 9 21
20 19 15 4
25 25 35 6
18 19 14 0
18 18 15 29
15 6 26 16
28 13 33 10
43 30 12 38
21 11 48 16
30 15 35 11
39 5 5 44
11 35 40 2
15 16 38 14
20 1 38 24
23 14 43 28
38 30 36 25
12 20 30 7
37 22 24 41
32 22 1 46
23 21 37 8
21 13 27 2
23 9 36 10
34 13 39 5
35 16 19 37
16 18 41 18
14 7 38 17
37 18 48 37
27 31 9 39
36 37 28 19
41 21 21 37
22 43 11 44
13 16 41 47
9 37 37 11
23 19 33 5
24 21 3 45
10 16 36 22
27 11 30 32
41 9 12 33
19 15 28 43
24 19 7 33
43 5 3 32
26 13 12 41
30 7 35 8
46 24 9 28
21 8 37 20
23 11 6 11
21 29 33 11
37 13 41 49
45 22 17 1
31 7 43 49
38 47 4 40
4 13 38 15
22 16 43 12
11 18 38 47
26 18 6 35
18 17 31 30
8 36 49 16
33 29 22 14
35 16 27 14
36 32 31 25
45 35 46 45
16 8 34 4
12 30 10 48
23 5 12 7
27 27 5 31
20 17 8 43
44 8 11 22
44 13 25 34
47 32 29 22
36 14 31 3
41 48 26 6
16 18 38 4
39 18 35 9
22 18 14 46
37 22 38 12
37 18 34 9
22 16 24 40
30 10 38 9
39 39 47 34
42 12 29 19
22 24 34 4
13 32 42 8
45 18 46 30
36 15 8 44
29 17 42 46
42 16 13 30
20 22 3 31
23 20 1 0
26 12 26 22
36 21 34 37
32 11 11 6
25 16 34 8
44 23 37 8
18 7 5 13
31 17 34 7
38 9 5 37
47 20 36 12
43 23 44 45
34 19 47 14
21 16 34 8
2 7 36 7
27 26 32 6
16 9 36 10
46 1 8 38
32 22 39 12
31 40 38 14
23 25 12 10
35 39 38 26
44 16 0 44
36 10 31 28
41 28 33 10
29 17 24 47
29 8 4 39
27 4 34 9
8 46 32 7
48 37 31 42
37 44 43 15
31 37 42 30
38 15 33 4
35 13 32 36
33 22 47 26
32 17 39 19
29 20 16 2
36 47 2 38
37 19 20 27
48 36 44 29
43 19 26 42
43 2 4 42
20 18 32 7
34 18 24 7
47 31 44 7
31 35 23 28
19 3 42 10
27 31 41 38
16 29 0 2
19 16 11 28
19 19 48 12
26 33 19 33
11 19 5 17
47 29 10 31
26 18 6 6
47 25 6 36
24 12 26 21
28 18 8 31
32 23 38 9
33 15 38 18
38 18 48 34
34 16 35 25
7 34 30 7
34 8 41 16
17 14 43 14
36 27 12 6
47 48 20 10
49 22 38 8
27 11 37 9
17 12 42 26
47 12 15 30
19 16 30 30
26 17 35 14
40 37 16 26
39 11 45 3
18 15 42 36
37 22 27 45
14 17 36 8
46 37 42 9
25 16 6 45
5 41 35 8
40 21 41 5
42 32 30 17
17 15 27 33
29 14 28 32
43 33 26 19
17 19 37 4
25 23 31 13
37 46 11 46
21 14 9 18
27 16 13 42
33 19 12 47
17 22 39 7
21 8 13 8
18 24 20 1
37 7 1 43
26 5 33 31
28 38 7 35
35 15 11 16
40 32 0 12
45 13 1 8
10 7 47 35
32 9 33 16
16 13 16 25
36 34 11 10
37 17 8 41
32 11 19 3
19 11 9 38
47 45 21 21
34 15 31 37
34 7 29 22
37 6 19 35
17 21 4 10
16 15 13 26
21 8 49 13
23 34 32 5
18 15 14 19
48 29 10 33
17 19 37 20
49 34 36 7
35 35 39 19
23 39 32 11
21 18 36 3
21 30 35 9
32 14 15 42
18 14 31 6
38 23 33 32
44 24 7 31
46 18 30 7
42 48 8 32
18 16 43 5
29 11 35 26
25 14 29 31
35 10 35 1
42 42 27 6
17 13 32 13
37 11 5 22
42 8 19 32
21 18 39 46
29 9 8 36
8 20 17 11
9 45 12 42
26 15 10 30
36 25 9 0
34 11 27 2
25 16 34 36
23 19 29 0
16 18 2 12
40 28 30 37
31 26 39 16
29 19 25 22
28 25 15 36
28 17 7 39
26 36 24 40
26 3 35 8
17 16 34 1
23 3 23 21
11 16 37 11
40 6 44 5
31 42 38 5
16 13 7 3
31 27 7 9
27 25 14 32
46 35 3 24
27 37 16 6
47 32 12 27
32 15 39 12
47 16 24 2
34 15 16 27
33 13 20 44
22 14 38 1
36 22 13 28
23 14 37 12
44 19 39 19
23 24 14 28
39 9 8 40
17 19 0 29
21 3 41 24
18 7 42 41
20 15 11 10
38 13 32 8
31 9 39 13
34 3 34 9
16 16 28 0
42 29 40 11
27 13 1 39
33 20 16 6
9 15 39 14
44 48 16 18
39 30 4 26
41 41 37 18
21 14 2 36
39 22 34 36
31 25 13 40
20 37 20 46
21 19 38 9
31 18 41 31
18 21 37 18
20 19 12 27
24 12 37 14
30 9 9 40
14 33 9 33
16 15 4 44
45 14 34 7
33 17 15 20
43 9 15 18
46 17 4 12
47 21 33 26
19 16 1 48
44 18 33 4
49 36 2 14
39 10 7 42
23 5 8 31
40 32 34 9
17 20 34 12
23 32 27 34
27 4 25 12
19 17 49 28
38 6 26 41
18 12 49 21
39 42 1 24
18 17 30 6
22 17 44 21
35 14 43 18
34 16 18 44
31 15 3 3
32 9 27 7
41 43 7 39
49 15 30 33
19 21 36 3
13 15 27 27
18 3 39 8
18 24 7 39
36 10 31 18
44 30 28 35
32 20 38 7
29 24 3 49
49 32 32 12
5 14 29 20
26 22 31 32
20 10 32 8
43 21 8 42
40 30 28 9
30 38 7 48
42 6 43 19
34 49 34 8
41 15 45 18
11 18 36 9
29 17 38 18
38 19 19 23
36 22 25 37
29 15 39 7
36 33 39 10
35 20 41 4
30 15 44 13
15 16 19 19
32 18 0 48
33 10 26 11
29 23 42 40
26 13 48 10
41 41 19 40
29 43 7 33
41 27 4 31
5 27 44 11
29 45 41 25
28 18 5 12
22 13 21 3
42 6 29 1
15 18 7 45
20 16 33 10
41 44 14 31
17 17 4 44
33 32 8 32
33 25 4 4
37 16 38 37
32 11 33 26
27 14 10 34
19 17 6 48
20 14 29 17
32 10 6 46
28 26 39 46
22 25 9 1
18 17 32 20
18 10 18 34
23 18 39 6
19 18 9 12
23 9 32 25
24 32 31 36
0 18 43 11
37 4 42 5
23 21 6 26
18 18 39 10
19 15 29 8
31 12 38 24
30 20 38 7
22 17 29 33
39 3 46 5
20 15 49 19
37 16 8 45
43 12 34 8
18 12 4 25
41 20 34 25
34 25 36 7
30 25 8 21
42 20 36 6
22 16 4 46
36 10 19 28
43 12 11 31
33 27 3 45
38 26 40 9
19 19 0 39
34 26 29 4
31 14 34 5
8 24 3 47
40 18 34 33
18 16 6 44
0 5 28 32
29 12 22 24
28 2 11 16
41 19 35 7
39 16 9 45
31 17 18 25
25 14 8 38
37 12 18 49
34 9 9 29
42 26 34 1
30 22 21 0
27 23 21 45
15 8 17 40
12 14 8 34
26 22 18 37
38 18 49 8
46 24 0 45
16 17 41 19
25 15 35 10
21 15 13 32
22 16 22 30
48 33 30 14
21 13 39 11
11 32 37 33
39 21 12 10
27 12 28 0
23 40 45 11
39 11 45 47
33 25 37 18
28 49 35 11
31 30 40 14
38 33 38 4
33 2 23 15
14 5 2 12
