50 693 18985 800
38 31 19 3
39 26 37 19
41 13 31 2
6 4 35 27
6 3 34 2
37 9 37 22
7 4 37 18
6 3 9 8
8 5 33 10
29 21 40 19
38 14 31 26
9 6 22 2
37 26 1 13
7 5 21 9
39 32 22 44
40 17 11 13
37 31 23 4
44 35 32 5
48 32 6 9
40 24 27 0
42 6 12 49
10 3 31 26
49 30 19 4
47 33 6 47
48 8 26 1
45 26 36 24
30 32 2 7
49 31 9 4
40 33 32 3
40 30 13 24
39 27 26 2
19 14 19 0
36 22 39 19
28 6 13 49
5 5 26 3
41 16 18 20
6 0 39 21
7 3 15 40
46 34 34 23
5 6 39 18
30 24 21 4
45 29 8 10
33 34 6 25
34 12 43 19
44 9 36 19
4 1 36 13
7 1 31 9
24 9 29 2
47 21 35 20
48 33 11 10
45 16 35 20
48 32 10 13
4 3 29 3
37 9 12 28
32 26 16 5
47 19 34 19
35 19 24 1
38 8 36 25
9 3 21 8
46 27 25 23
48 25 5 9
32 24 17 1
44 26 38 22
44 7 20 37
43 19 37 28
39 23 25 8
42 25 37 25
8 5 24 44
43 10 4 39
30 34 36 22
45 25 41 24
43 4 46 20
46 35 5 11
41 17 30 3
33 19 19 10
45 9 28 1
44 35 1 10
29 0 29 5
41 29 5 2
4 5 36 0
46 10 36 19
44 17 3 18
48 10 6 2
37 10 34 0
30 8 28 5
9 2 34 25
6 5 1 34
47 30 24 8
35 18 2 13
5 7 23 9
5 3 40 24
49 18 26 10
41 26 38 30
45 34 35 31
41 30 24 10
37 33 14 36
37 22 21 6
48 22 1 13
38 29 4 6
5 1 8 42
45 24 27 4
8 4 16 29
38 13 7 5
33 25 38 21
16 12 33 24
39 23 26 36
6 1 43 23
48 15 23 2
46 9 33 21
4 1 8 35
45 39 12 5
48 9 29 0
44 27 8 36
47 8 4 15
42 35 28 5
11 9 0 11
6 2 9 12
8 6 24 9
24 25 34 12
49 25 24 4
24 14 20 8
6 6 9 47
49 5 37 20
43 20 36 25
36 22 31 6
30 12 3 36
43 35 12 20
42 33 37 25
44 29 36 24
9 3 39 19
38 17 8 26
44 23 10 8
4 4 36 21
36 17 27 9
46 36 34 26
49 20 25 8
6 6 20 8
45 23 28 6
45 26 40 20
46 33 39 19
42 33 28 2
29 6 5 42
46 28 12 4
7 1 7 38
5 3 23 9
33 13 6 21
44 8 10 8
40 30 11 43
40 28 38 22
39 33 6 4
40 42 16 8
45 34 38 21
37 33 37 20
41 11 24 3
6 7 36 24
10 5 27 6
49 34 26 6
44 10 33 18
6 5 28 6
38 33 37 22
41 27 28 5
47 31 20 4
2 1 22 3
46 37 35 39
38 33 38 21
48 26 35 22
42 35 28 12
45 8 39 19
27 3 18 1
29 20 32 3
35 41 28 14
41 29 35 22
8 3 27 3
9 6 40 20
46 5 4 2
36 20 34 25
32 13 15 8
8 0 24 1
11 4 3 32
42 30 6 12
33 12 27 2
11 3 3 6
37 28 34 6
3 2 24 0
34 33 37 22
10 22 8 48
29 43 9 36
39 34 41 20
36 18 8 13
6 3 25 6
9 4 29 2
42 12 28 15
44 25 24 9
5 2 38 25
7 6 31 6
21 13 16 12
33 35 21 42
48 31 2 12
48 38 27 5
47 29 34 21
49 33 24 4
38 22 12 1
45 32 4 6
36 19 5 31
33 9 16 8
35 29 40 30
35 30 37 21
36 31 5 1
5 5 9 46
7 3 40 21
6 2 26 0
48 20 43 24
48 13 20 48
47 22 15 11
7 3 16 11
9 7 24 8
38 28 29 1
9 2 26 6
36 23 3 13
43 32 30 7
47 35 39 18
6 1 15 7
10 4 7 10
44 7 6 48
33 10 32 22
47 36 20 7
45 25 32 24
19 19 23 5
6 5 1 40
8 6 5 45
23 19 3 0
42 30 24 3
43 29 3 6
5 3 12 7
7 4 16 4
7 2 29 2
41 35 38 18
37 27 3 17
49 1 1 29
37 14 36 23
42 24 31 18
11 5 9 1
48 23 24 3
46 26 34 26
42 17 18 5
48 7 29 6
34 11 38 25
37 10 29 1
48 9 1 42
4 4 3 8
7 3 3 47
4 4 31 26
33 17 20 0
21 5 14 8
32 20 30 11
45 23 8 47
6 1 38 17
24 15 29 3
37 17 33 25
48 10 36 26
32 17 5 1
47 33 40 29
48 27 17 33
42 27 36 19
45 4 35 16
43 14 8 14
48 25 24 1
29 20 30 7
46 24 4 8
41 26 4 44
43 28 39 21
45 33 24 8
40 6 37 19
44 32 25 2
43 32 27 3
32 24 5 3
35 8 32 25
48 35 33 28
28 12 8 5
36 14 30 0
7 4 30 21
46 4 30 6
12 0 10 3
4 4 12 17
3 3 21 6
44 38 21 0
5 1 14 14
10 5 4 10
39 9 44 17
45 26 10 7
46 39 24 2
46 27 26 4
35 16 16 22
42 17 2 7
37 9 32 16
10 33 38 20
5 3 16 11
42 33 22 23
40 31 3 46
41 12 14 0
41 8 8 24
36 34 31 8
9 0 30 0
44 34 26 6
48 31 26 9
27 25 28 2
7 3 33 19
30 24 9 5
30 0 26 9
29 15 30 4
7 3 24 0
41 9 33 22
42 11 11 8
49 26 37 23
46 22 32 6
35 24 35 19
46 24 42 19
46 29 12 1
7 9 21 3
41 21 30 21
49 35 4 38
6 3 6 40
48 30 22 2
35 27 35 20
35 4 29 5
48 22 38 21
39 24 11 26
48 8 12 18
43 34 21 1
48 33 4 41
41 30 34 21
40 21 35 20
46 40 38 22
18 13 28 11
46 8 38 25
37 18 34 24
42 27 37 20
41 20 37 23
39 33 17 38
35 33 30 23
47 30 33 3
39 11 23 0
20 14 39 20
49 30 26 21
46 5 18 12
36 38 18 2
46 16 7 23
43 23 31 24
33 9 40 25
46 29 28 1
45 18 12 5
20 23 9 3
41 16 25 1
49 27 31 2
34 19 36 27
8 4 33 25
7 4 9 43
41 24 23 8
47 32 37 20
2 5 0 35
33 22 2 12
49 33 20 0
48 26 31 22
42 26 28 4
37 19 26 1
46 8 28 7
38 23 3 35
35 29 7 5
44 35 17 17
44 9 30 22
49 31 14 15
35 28 40 24
44 18 33 28
8 6 33 23
39 30 27 5
31 19 10 31
43 8 22 33
30 24 28 2
7 4 38 24
37 22 25 0
46 33 36 22
31 16 40 21
33 18 6 9
48 25 27 3
49 30 25 7
43 30 10 0
3 5 10 3
35 37 32 20
43 15 26 7
47 32 16 11
39 10 31 8
7 4 17 20
42 16 32 21
44 8 22 4
45 7 36 22
35 24 23 49
10 2 25 0
34 26 25 3
40 21 30 2
41 26 39 15
6 3 33 20
24 21 26 1
43 20 11 48
41 19 4 17
32 26 20 3
42 33 40 18
5 0 45 27
11 1 20 9
49 37 21 6
48 25 32 7
3 2 36 16
37 15 23 3
30 3 3 4
10 5 36 21
6 3 21 2
48 31 35 20
46 19 40 23
37 21 4 8
45 30 9 1
9 2 12 14
30 15 37 19
39 33 29 2
47 4 35 21
45 15 17 48
39 38 8 10
36 29 23 7
45 30 15 5
40 6 38 21
39 14 38 19
5 3 30 10
4 3 30 23
30 18 27 2
40 35 37 20
38 29 26 6
42 40 7 23
45 10 40 18
38 27 22 4
41 31 30 3
5 6 35 27
43 8 37 26
42 20 3 1
49 29 37 15
6 2 35 19
44 34 1 9
36 7 1 0
46 29 38 23
41 13 3 16
40 13 10 7
8 7 29 6
5 4 33 1
6 3 24 9
11 5 40 17
48 30 29 2
43 22 32 20
3 2 12 16
45 27 38 15
45 31 2 6
8 2 42 26
40 31 13 15
40 11 2 30
10 0 27 6
44 16 34 24
47 26 28 2
20 13 8 47
40 34 5 46
11 8 40 20
9 3 20 3
5 1 24 0
44 32 9 35
9 1 44 23
44 25 35 21
4 5 34 18
48 24 6 10
5 5 24 1
46 40 2 27
46 25 38 27
9 3 8 19
7 0 7 47
5 2 39 20
44 38 34 18
37 1 41 17
32 14 30 4
37 24 6 11
43 10 34 25
42 30 34 18
40 26 34 18
48 30 29 6
41 4 30 1
35 25 30 6
46 33 26 7
40 26 33 21
38 36 41 20
46 27 27 8
36 23 22 5
48 34 31 28
38 33 4 3
46 4 4 33
36 33 37 16
6 5 20 5
44 36 28 22
3 3 27 3
7 2 34 17
39 14 0 44
34 16 36 23
36 16 26 3
22 11 24 5
40 35 32 0
36 12 38 16
35 38 12 48
32 11 11 21
8 1 43 15
45 12 10 15
42 28 26 0
6 3 11 33
20 18 37 23
4 2 27 5
42 6 28 0
9 4 39 23
6 4 37 22
35 13 23 1
32 17 29 4
41 8 34 22
5 0 34 9
44 13 6 44
45 29 7 6
5 17 30 5
8 5 23 1
31 18 32 1
37 22 30 21
6 4 25 3
9 5 24 2
7 6 22 6
39 28 15 12
48 23 22 0
49 13 23 5
37 28 30 10
44 30 1 2
41 22 3 43
43 34 36 24
6 7 42 24
48 19 27 2
9 4 10 48
5 7 34 0
46 28 38 25
32 28 31 22
47 30 18 1
7 5 29 0
43 28 8 15
35 26 6 8
5 5 27 1
6 7 18 4
28 12 38 19
43 5 26 8
47 14 22 5
44 31 27 4
1 2 32 3
39 13 36 19
38 26 26 7
9 2 24 12
43 19 14 36
47 36 35 6
5 2 8 0
5 2 34 26
24 23 41 19
28 22 30 46
37 34 29 7
49 22 20 0
12 5 26 5
7 5 39 18
39 14 37 26
43 35 36 21
5 0 23 3
42 39 37 26
5 3 6 49
49 22 25 6
37 30 29 3
30 21 35 21
35 11 27 4
32 20 9 2
37 32 35 6
39 17 32 24
38 12 27 0
42 10 8 6
33 30 29 18
38 22 11 9
38 29 32 4
7 0 2 1
42 13 37 23
46 28 39 25
41 36 36 23
6 2 23 2
8 3 21 7
47 12 9 1
42 39 34 19
47 34 31 4
42 32 2 33
46 33 36 24
45 35 28 10
46 28 5 9
47 23 0 16
6 4 25 5
42 17 0 5
27 20 24 38
40 1 36 23
28 21 39 23
36 19 27 4
40 40 24 2
46 36 23 4
44 29 28 2
45 26 37 25
42 0 12 44
39 30 26 0
44 27 30 21
43 11 32 25
36 28 28 24
41 19 28 19
35 8 9 16
44 35 33 24
43 20 29 1
44 18 5 10
45 31 38 27
47 5 9 9
48 16 35 26
18 45 28 1
41 27 37 26
6 5 35 21
30 19 21 9
41 15 34 22
35 13 13 49
32 15 24 8
45 19 10 25
9 6 33 26
45 15 21 20
42 31 11 49
39 37 37 16
40 27 24 7
32 2 27 4
49 24 34 8
6 1 22 3
39 14 31 6
42 19 3 17
35 16 31 19
42 21 21 7
33 13 40 21
33 11 24 6
43 26 21 9
42 17 34 21
47 30 32 3
7 6 27 3
7 2 26 0
7 3 35 24
42 25 15 10
49 28 22 5
49 23 33 22
7 2 28 0
41 10 42 23
44 35 24 10
37 20 32 17
39 8 7 18
7 5 6 18
40 18 39 30
37 22 7 18
29 18 15 32
42 6 28 25
46 31 3 33
8 2 35 18
6 5 0 15
7 3 10 11
5 3 20 5
43 23 6 46
42 19 28 7
6 5 7 30
29 18 28 1
41 29 3 49
37 16 35 23
6 7 13 16
6 1 24 1
34 36 42 22
7 1 19 49
44 29 20 30
6 44 28 5
9 0 1 7
7 1 37 24
42 21 40 26
48 10 28 8
46 19 8 41
34 14 32 26
43 25 3 32
31 15 42 21
44 32 36 23
42 28 21 8
42 41 6 1
43 37 40 20
