50 1480 18539 800
49 39 45 28
48 42 48 24
37 15 23 5
11 12 16 18
10 19 11 46
10 39 32 39
38 33 24 9
21 38 34 21
10 12 36 30
19 43 12 33
18 39 33 24
20 43 35 7
16 33 48 20
20 42 46 10
40 37 42 25
44 39 44 0
10 9 26 24
39 44 31 34
19 37 1 30
5 13 26 29
41 23 32 17
49 13 35 34
11 6 47 32
44 45 48 34
14 35 22 19
44 34 17 22
46 5 15 31
18 40 10 6
15 8 24 15
25 5 37 33
44 26 34 18
10 7 46 22
49 1 29 5
7 8 15 33
44 2 21 20
41 36 31 10
24 47 47 46
13 6 17 34
48 4 25 17
18 38 23 12
24 37 30 10
18 47 34 8
21 40 44 43
49 39 15 24
49 4 47 21
49 1 43 21
12 8 46 26
9 9 46 29
45 8 22 23
36 1 10 49
43 6 27 11
19 36 5 41
2 17 13 6
46 37 39 20
31 16 18 18
44 37 29 2
20 42 34 16
16 33 11 33
49 14 30 22
47 22 21 17
8 16 21 31
35 32 40 37
9 15 43 18
11 8 43 23
10 7 43 9
4 11 45 14
19 42 46 13
9 15 48 36
44 1 25 22
33 27 22 16
10 18 7 49
38 41 49 32
17 43 43 24
8 16 32 10
13 1 38 24
45 21 39 43
13 36 42 32
45 28 24 26
46 7 30 39
17 35 39 25
18 35 12 12
47 18 13 23
17 40 25 22
25 41 7 13
9 9 35 16
49 1 48 26
23 9 5 9
47 8 15 7
46 38 22 33
20 34 14 25
0 13 7 43
15 41 29 45
35 12 22 46
39 11 40 24
45 8 37 22
12 17 46 24
44 14 15 4
49 32 20 25
46 38 6 49
48 38 20 22
3 10 39 40
17 9 9 33
20 31 27 7
15 36 42 33
34 22 49 20
9 2 49 21
47 6 39 25
9 12 17 35
43 3 32 15
15 42 34 25
25 17 21 11
4 18 37 22
32 21 45 22
16 12 31 14
46 12 9 49
46 44 14 1
42 35 45 22
35 4 12 3
12 10 42 40
43 34 19 22
12 7 31 21
20 45 2 6
30 40 15 17
46 37 24 8
47 4 6 5
42 45 44 19
42 14 12 14
48 0 26 14
43 19 15 21
13 5 30 13
19 36 22 12
10 5 12 23
14 39 10 24
45 1 42 22
23 28 27 11
39 4 14 36
47 4 22 16
32 30 48 20
26 45 46 20
45 33 1 21
20 39 14 18
12 14 34 25
49 5 8 10
48 46 15 19
13 10 33 14
5 15 47 24
38 4 0 42
48 1 1 11
18 33 16 22
42 39 36 17
9 10 6 8
14 44 22 22
6 16 43 6
16 16 18 9
8 16 25 39
7 11 46 27
2 4 5 44
14 8 44 21
36 19 17 20
8 9 28 9
41 27 28 30
46 44 41 26
34 25 35 30
45 6 9 18
3 20 48 24
15 39 38 24
28 21 32 18
45 0 34 26
14 13 24 29
34 16 44 23
37 32 22 27
48 35 28 9
16 40 13 36
31 12 38 25
38 5 19 25
5 10 43 26
6 4 32 41
49 40 45 26
14 6 22 23
35 31 40 23
27 23 3 12
38 17 40 21
5 21 48 20
39 45 10 17
10 11 24 20
42 15 30 15
32 48 4 5
35 12 18 17
38 9 47 15
17 38 17 3
14 34 32 37
13 42 11 33
39 22 2 6
10 12 20 14
28 16 35 40
9 12 47 22
14 16 20 25
39 11 44 24
33 22 34 33
8 10 29 5
38 49 33 28
43 33 29 29
12 41 49 20
6 10 48 19
49 47 8 6
48 45 48 20
39 6 25 9
16 7 16 26
28 31 17 5
43 32 41 21
37 26 46 16
21 16 22 40
15 7 45 27
17 39 20 7
20 40 37 19
46 19 14 29
9 11 47 37
20 37 42 33
5 12 24 22
43 9 27 25
10 9 39 25
29 28 21 43
6 36 46 5
42 27 3 2
12 9 11 13
10 13 46 27
12 10 41 10
16 38 47 25
11 11 8 7
1 8 29 11
17 27 47 19
16 20 17 40
21 41 31 11
19 35 49 27
11 43 49 29
10 11 25 9
33 17 42 6
41 6 20 23
17 14 49 29
38 29 18 21
44 36 43 23
34 24 37 35
38 24 29 31
11 6 12 17
23 39 33 28
44 32 25 13
14 44 49 36
22 23 11 1
5 20 27 13
39 22 49 25
49 6 8 27
32 26 27 26
34 32 43 9
13 17 24 23
44 23 28 10
10 39 46 1
49 24 41 29
42 37 0 22
38 9 19 26
45 3 33 31
48 40 48 17
36 7 20 15
8 13 31 33
49 42 1 13
11 13 42 21
10 15 45 45
19 36 45 23
42 2 36 27
22 2 28 8
39 27 18 28
47 16 30 9
37 23 26 10
47 48 42 32
19 36 17 22
12 14 42 34
42 46 43 34
17 20 45 2
8 6 0 36
5 9 48 15
45 42 25 11
41 5 15 13
48 31 14 24
13 41 21 12
15 44 19 20
6 19 29 5
39 36 17 6
13 35 17 1
48 6 16 20
1 13 14 21
48 6 42 26
8 21 38 27
10 5 26 5
45 46 37 37
42 33 40 7
6 8 3 2
33 16 0 30
47 9 48 22
38 39 14 22
33 20 10 16
34 35 20 21
9 7 7 46
14 6 41 32
11 39 25 20
20 33 24 21
5 14 35 36
7 14 40 24
10 4 45 25
12 10 37 9
7 11 40 12
45 14 43 20
47 49 47 12
31 18 15 20
47 1 45 24
22 42 42 19
11 11 15 31
47 18 28 14
9 9 17 19
43 4 41 15
6 11 19 10
16 6 42 20
17 5 11 6
47 11 46 21
14 13 34 39
18 3 14 16
33 6 39 31
9 8 29 7
47 12 19 16
32 13 46 18
46 3 39 20
11 41 43 22
12 13 13 28
47 21 30 11
48 33 15 49
16 39 23 12
15 9 29 10
49 2 38 10
15 36 27 42
29 22 33 17
28 19 9 47
10 6 26 30
12 8 10 1
45 40 22 23
10 6 34 13
49 2 27 13
49 0 48 19
16 8 3 1
8 10 7 5
8 18 9 1
31 13 12 11
41 22 23 20
7 19 49 21
38 30 49 20
8 15 45 23
45 2 36 8
9 9 29 25
4 12 44 26
17 27 45 29
42 23 17 17
16 7 43 28
23 10 21 27
16 37 31 7
34 21 15 4
42 41 37 44
39 38 46 22
40 7 48 26
46 23 42 31
3 12 0 5
29 36 18 22
6 7 45 32
22 38 1 32
15 6 22 31
31 35 14 8
49 4 46 12
8 19 33 11
44 3 4 5
36 5 42 3
18 44 31 0
16 8 38 38
16 41 29 19
9 10 42 26
21 41 18 35
9 9 30 26
20 44 32 17
20 45 16 25
4 16 18 28
3 11 32 30
14 12 48 12
19 35 36 22
32 30 10 1
40 23 19 19
13 41 22 29
10 13 48 21
46 27 17 21
20 34 19 17
26 37 33 20
17 28 30 9
17 35 46 28
34 35 16 17
3 14 46 21
17 34 36 26
47 31 36 13
41 29 22 19
14 8 49 16
47 43 40 23
24 28 44 17
44 42 38 32
44 44 21 13
41 12 24 48
48 17 42 20
38 14 14 11
3 8 27 9
12 40 39 38
22 12 29 5
49 44 41 16
34 21 14 18
38 20 45 30
44 45 28 17
28 31 12 42
13 5 39 25
36 15 47 18
43 1 34 42
47 35 16 28
26 33 36 30
14 37 45 2
8 15 20 21
16 38 21 23
16 15 44 28
40 3 27 6
36 14 35 5
41 26 31 30
10 2 28 13
29 1 34 35
6 13 34 34
16 36 41 20
40 38 26 45
35 31 17 27
16 43 46 20
6 10 32 45
17 33 18 2
17 13 30 13
13 14 38 20
33 2 41 29
10 2 28 43
45 37 29 30
46 12 38 39
26 37 25 7
16 6 36 26
38 14 39 28
12 39 38 28
14 7 13 24
41 0 32 27
47 3 32 22
45 1 12 27
21 38 25 20
4 44 48 37
40 19 44 47
7 13 28 21
44 36 46 22
44 1 7 45
38 30 37 18
41 26 9 1
21 36 1 1
34 11 34 25
17 33 21 11
49 3 14 22
49 1 37 7
40 12 41 27
38 41 47 25
44 47 47 27
14 8 35 21
12 25 48 40
15 41 17 44
43 3 35 33
14 10 26 35
38 36 39 26
39 14 19 37
33 10 33 22
46 46 27 12
48 3 47 27
45 12 22 14
33 24 38 31
43 25 3 36
13 15 37 27
22 43 12 5
12 7 35 16
13 14 22 42
19 39 34 21
30 11 45 25
40 18 48 18
47 4 43 12
41 30 32 29
28 39 43 35
13 8 41 25
11 10 22 18
31 19 44 24
9 17 38 23
5 15 10 13
46 37 46 21
47 2 18 15
7 10 26 9
26 18 44 26
31 26 26 37
16 6 25 37
44 21 44 1
22 47 5 7
40 8 46 35
11 8 42 27
42 29 21 41
49 3 24 8
11 44 45 24
0 15 40 22
13 45 6 14
40 5 39 24
42 15 48 23
11 7 23 4
49 32 39 22
8 7 8 33
14 8 45 28
26 0 44 26
48 0 37 10
5 9 38 24
3 9 43 20
48 2 14 47
18 24 48 36
12 4 31 7
16 43 49 25
9 14 44 20
17 32 16 18
49 2 47 22
36 9 2 15
29 26 31 12
41 18 44 21
44 22 27 11
7 19 28 11
47 32 39 35
14 4 24 22
10 11 30 32
21 47 29 21
46 15 10 28
19 41 25 12
3 7 25 24
46 40 38 36
47 0 41 21
20 40 16 15
40 28 20 1
47 8 30 43
46 8 28 23
48 5 25 3
12 5 5 46
4 17 0 1
24 29 18 25
42 31 25 40
46 4 21 38
7 16 31 10
44 42 41 23
34 17 28 9
27 32 41 8
15 10 24 15
13 13 46 17
43 46 38 38
20 20 46 29
44 25 6 28
44 8 48 13
21 36 30 15
30 17 37 44
8 5 29 30
10 5 21 13
28 18 27 22
48 5 39 23
1 14 11 12
17 40 41 18
12 7 31 26
47 15 18 6
13 8 29 12
48 43 49 14
48 3 33 31
12 11 6 37
20 35 30 0
13 6 48 25
14 6 35 29
13 8 42 23
15 7 37 25
12 43 47 28
42 35 49 20
46 44 36 14
43 20 45 33
47 39 38 1
13 11 18 23
13 15 24 43
39 39 40 17
8 11 5 18
14 8 38 24
7 9 33 27
46 9 45 26
18 39 18 28
30 36 44 23
19 42 13 17
44 43 10 4
15 12 41 25
14 47 45 35
25 26 38 19
39 27 47 18
44 6 27 14
5 17 21 21
44 11 29 12
17 40 48 23
8 5 27 11
44 46 31 35
41 41 28 8
7 11 15 10
41 4 27 8
48 9 31 48
8 18 12 38
48 9 40 23
39 10 37 25
45 3 38 27
14 15 46 38
11 24 38 28
20 15 24 40
16 3 41 14
46 46 12 21
45 3 45 26
15 7 42 22
49 37 10 3
27 28 0 4
27 47 47 26
35 25 48 20
38 29 17 21
11 3 38 46
38 36 47 20
12 34 17 43
36 16 41 17
43 17 9 37
47 32 38 26
28 15 49 18
10 40 5 28
11 8 17 34
44 41 3 14
46 5 34 2
31 25 45 21
17 5 31 39
7 16 49 34
16 34 36 27
22 44 23 29
38 16 30 32
10 9 35 27
37 6 46 27
47 1 36 33
4 5 35 45
17 6 39 0
10 19 48 10
0 29 30 26
15 6 49 24
5 17 23 23
46 36 49 40
18 36 41 13
46 18 30 30
48 41 24 5
24 35 1 44
46 1 22 8
15 45 36 26
2 15 19 17
49 9 24 20
39 21 48 20
42 25 18 37
46 40 40 39
6 14 17 27
15 38 9 12
49 3 8 24
42 1 34 18
29 31 28 11
41 24 12 47
24 36 34 14
30 31 41 21
11 34 44 27
49 32 42 39
38 38 37 21
21 38 21 21
43 8 38 28
18 36 42 19
10 8 43 27
36 2 36 11
38 0 34 5
48 5 41 43
43 44 12 14
46 5 49 31
17 40 48 23
8 28 14 19
47 0 21 14
38 3 43 27
48 6 28 25
47 2 23 24
20 41 28 30
41 48 42 7
23 23 5 46
48 25 49 21
9 12 47 25
46 23 34 9
2 11 23 23
18 37 48 21
10 7 47 14
13 35 39 20
17 38 20 14
49 41 0 42
43 5 42 28
41 22 15 41
49 1 38 23
13 10 17 23
33 31 37 32
46 8 40 2
10 12 47 30
18 16 35 8
14 5 39 16
12 32 47 25
39 5 15 20
32 22 38 31
47 14 32 11
48 23 25 14
0 13 40 20
12 20 32 11
48 9 43 18
16 39 38 36
49 4 15 27
7 15 23 0
8 6 48 19
48 19 24 14
45 38 16 41
33 15 42 21
16 9 13 26
20 7 20 20
16 20 29 24
29 43 19 36
44 47 24 21
45 3 42 26
47 8 47 24
10 7 29 14
35 3 26 46
47 5 38 24
38 13 16 0
5 18 37 22
47 25 28 13
44 1 45 15
10 9 27 34
17 38 31 36
18 12 21 18
36 33 39 36
29 30 39 26
4 13 21 20
44 48 36 24
30 17 41 11
37 20 29 33
16 42 45 15
8 13 19 21
13 5 16 13
46 38 26 7
14 4 49 24
45 5 20 26
9 37 35 26
6 6 29 33
44 13 33 4
18 35 44 6
44 20 33 31
47 12 35 31
41 16 41 40
29 7 41 34
2 12 44 22
3 16 35 43
15 38 12 8
46 44 31 9
12 9 0 1
14 17 40 5
45 21 20 13
41 30 29 33
18 38 30 47
49 11 43 32
13 16 44 12
16 39 33 28
37 33 11 28
42 21 46 17
13 9 49 24
46 38 18 9
43 6 19 20
45 18 38 28
13 10 43 42
31 24 40 18
4 11 24 6
17 7 32 45
9 30 43 25
13 6 47 22
43 3 30 15
11 5 9 27
18 41 21 2
39 28 8 12
36 19 42 22
16 8 19 14
48 7 30 29
17 34 9 35
13 12 17 9
42 0 46 22
43 40 31 9
45 48 37 21
18 40 33 45
8 12 22 42
40 42 45 31
0 11 21 11
31 45 6 3
33 16 43 19
21 44 47 23
36 36 22 21
13 4 20 20
34 34 24 22
45 34 23 13
33 18 18 22
15 3 27 37
12 9 46 20
46 4 40 21
49 28 16 0
12 8 46 19
37 25 32 44
44 15 17 40
4 11 19 20
2 11 31 36
14 35 10 8
15 40 32 8
30 22 45 31
21 38 42 28
25 41 19 28
11 39 36 17
18 32 44 33
37 34 38 28
22 42 39 42
13 9 37 19
21 42 18 1
2 5 45 29
11 7 43 23
38 28 43 18
20 40 23 13
31 9 32 20
6 14 39 27
17 5 37 25
9 6 18 23
32 8 15 30
22 27 47 22
44 4 1 48
2 13 43 24
45 33 43 26
11 11 31 25
19 45 27 9
48 40 32 20
38 25 5 30
8 3 35 26
40 16 1 10
41 2 46 22
15 39 23 11
7 7 4 24
27 39 27 11
10 7 16 19
35 2 46 25
40 17 24 15
7 38 23 21
7 13 28 18
35 34 44 28
14 42 34 21
8 11 35 12
19 39 20 16
11 11 12 22
33 27 21 48
12 13 14 25
39 18 7 1
17 43 39 1
18 36 8 37
6 4 44 25
41 15 2 35
18 46 26 25
49 42 44 25
38 28 47 22
11 11 45 26
45 39 43 3
9 10 43 25
46 35 38 5
2 13 44 24
17 36 40 42
49 45 42 24
9 10 48 24
19 35 43 24
38 25 48 29
13 4 31 36
14 34 41 24
26 38 34 28
14 35 25 11
17 22 37 26
16 43 48 19
18 43 22 18
48 36 20 25
16 43 16 24
1 13 5 14
38 22 25 5
12 5 49 22
10 17 12 0
31 28 26 13
38 22 43 18
17 39 41 18
30 26 26 44
49 2 27 9
41 7 17 24
49 29 9 3
0 15 26 6
11 19 18 26
22 36 37 18
11 25 34 26
49 6 3 45
10 5 39 38
44 17 14 26
10 10 35 18
8 11 48 29
32 29 41 21
47 32 12 1
7 14 2 7
0 14 18 16
8 11 34 5
8 12 26 9
40 7 2 30
15 7 42 23
25 38 22 24
48 30 15 10
45 39 21 26
3 15 46 32
1 20 7 0
18 34 18 18
46 7 14 18
48 27 34 36
48 2 1 40
36 10 39 22
12 6 25 25
10 12 29 44
41 30 44 20
29 25 29 12
1 21 23 41
14 43 30 28
33 18 13 48
48 31 27 42
43 36 29 7
12 11 45 33
9 14 39 31
29 27 17 6
35 10 27 25
48 45 24 29
18 45 9 18
31 14 18 24
15 41 16 34
48 16 48 25
47 4 26 24
44 0 47 34
48 17 30 19
37 42 49 32
17 34 15 27
48 9 48 29
19 42 44 25
0 19 31 23
4 14 12 16
27 35 40 20
21 36 48 22
41 34 14 21
40 46 42 26
6 40 47 15
44 22 12 12
22 21 6 27
11 20 26 49
15 6 38 22
4 12 38 39
8 9 23 17
20 39 49 33
0 10 43 49
17 42 48 42
32 6 15 37
22 24 45 36
16 42 6 2
8 6 46 20
21 41 41 26
41 1 23 19
11 8 45 23
21 36 43 21
38 5 47 21
42 45 15 17
15 8 27 23
44 20 32 36
14 7 14 38
11 8 43 22
13 43 4 4
5 20 38 23
45 15 2 24
8 18 19 19
28 1 35 30
43 41 44 28
12 2 44 21
6 41 47 25
18 39 28 7
16 40 46 29
45 18 30 15
44 47 5 38
18 15 41 22
14 11 21 31
42 13 38 16
39 42 47 30
5 21 36 34
32 34 9 43
3 16 25 7
31 18 35 25
20 38 28 12
49 43 14 10
41 30 46 43
20 34 46 13
46 5 14 40
14 9 31 25
44 39 43 2
40 7 22 23
13 7 40 22
37 19 39 10
25 29 48 15
8 34 24 17
30 36 7 19
43 3 31 36
20 10 14 12
34 2 39 18
37 12 49 48
32 40 24 12
12 12 45 22
47 13 2 21
41 5 41 24
16 35 44 44
47 39 23 35
26 42 44 23
31 33 5 10
24 21 6 11
19 33 13 26
37 20 30 11
16 6 23 17
15 33 40 17
27 33 5 1
48 43 2 27
44 35 41 26
9 38 13 15
48 44 20 21
10 8 45 24
30 24 43 34
14 38 47 26
46 5 42 25
7 11 7 42
45 27 6 38
27 2 18 25
19 35 37 33
47 28 34 40
5 16 49 34
17 39 21 17
16 46 34 13
11 14 46 35
15 36 25 21
15 8 33 38
22 19 48 23
45 3 43 24
49 46 15 20
14 11 36 11
39 16 45 30
11 5 21 0
43 13 5 1
8 9 1 11
20 40 49 26
29 10 11 13
15 11 41 20
44 4 0 23
40 15 33 6
16 43 46 26
16 7 4 44
16 13 49 23
21 14 45 40
27 42 41 34
48 4 29 41
16 44 5 19
45 38 27 12
9 11 18 23
5 13 37 15
23 30 14 20
43 26 23 1
42 42 47 23
44 5 42 8
41 20 20 20
33 3 45 17
43 38 44 20
43 41 42 4
26 25 28 11
17 7 35 21
12 8 45 24
49 1 44 29
12 11 26 16
15 6 47 28
24 39 42 36
29 41 25 23
41 43 33 9
48 0 43 30
20 34 37 22
45 6 40 33
17 0 11 6
45 38 27 25
15 9 35 4
14 36 35 33
11 11 41 23
49 6 18 45
21 37 15 47
37 32 46 27
47 36 39 14
48 9 39 25
14 15 22 27
26 30 7 7
39 11 17 25
12 17 17 16
27 46 40 26
48 11 23 10
15 40 19 26
14 13 22 14
1 16 29 21
49 26 36 43
45 40 49 23
13 15 30 33
11 11 18 17
49 38 31 31
29 28 38 22
17 35 12 2
16 36 24 22
45 0 25 31
17 35 32 15
14 17 47 25
22 41 10 19
47 13 41 21
17 43 46 18
25 6 20 7
16 10 48 25
13 3 15 27
13 6 48 28
31 30 49 30
48 25 9 11
11 10 45 26
46 2 35 28
17 37 32 36
12 33 34 41
9 4 29 33
20 47 28 7
49 5 7 16
29 27 41 8
10 11 47 22
46 44 26 27
12 11 14 31
26 18 21 22
26 16 28 34
13 13 37 38
7 18 47 36
18 37 29 36
26 25 36 25
39 31 26 6
23 40 10 15
29 15 25 27
44 32 16 17
6 7 48 26
12 44 38 17
18 8 49 24
24 38 26 24
48 6 38 25
13 8 23 28
20 38 16 12
21 1 46 17
18 38 45 21
12 6 7 33
16 10 37 23
40 19 42 7
17 14 8 43
46 33 45 23
18 44 38 35
36 4 48 21
49 0 24 15
40 0 31 18
49 34 43 19
31 30 15 19
41 7 2 39
19 37 3 9
47 17 1 4
36 28 21 24
25 6 22 21
16 37 47 25
9 14 32 26
25 43 48 23
34 11 19 46
26 40 16 33
30 11 24 48
35 8 4 29
43 6 48 22
11 9 46 20
37 35 31 20
15 34 22 31
8 8 47 23
44 39 15 22
19 39 24 49
45 5 24 21
15 19 49 19
47 33 42 24
28 8 25 10
17 37 16 16
45 9 42 18
18 38 5 22
13 10 25 2
14 2 44 16
16 40 46 22
49 29 26 5
2 5 36 24
19 41 18 14
17 37 31 34
30 20 46 23
9 15 25 18
6 8 35 2
49 24 34 12
12 9 31 14
13 8 20 47
42 5 24 9
46 42 26 21
9 9 29 1
10 10 20 25
1 14 3 2
34 4 38 21
12 15 15 20
12 6 20 26
9 7 42 35
36 42 35 4
19 38 43 25
14 5 31 27
10 10 28 9
15 12 23 28
15 45 43 22
46 8 24 23
6 21 27 12
8 8 24 30
41 35 37 2
12 13 17 20
8 16 42 25
43 11 36 24
28 38 31 24
0 7 30 20
8 10 26 13
17 40 1 9
16 8 43 23
3 3 17 12
8 10 29 30
28 17 36 25
19 38 28 17
37 15 34 17
27 21 31 9
43 7 21 22
34 35 30 4
43 37 19 21
17 42 46 22
12 4 23 18
17 6 27 28
43 2 29 12
6 16 37 41
45 24 23 43
22 27 31 32
47 3 46 26
45 37 48 24
45 41 47 22
19 43 28 3
48 45 31 12
14 27 13 31
42 45 7 8
7 11 47 22
41 40 43 17
43 7 40 13
6 10 16 22
8 1 20 17
29 24 14 0
18 36 35 25
44 3 47 21
44 47 22 22
1 18 47 21
11 8 23 2
48 36 40 22
11 14 43 22
9 7 41 26
13 14 6 35
49 2 23 33
49 39 28 8
48 4 27 2
5 15 25 20
9 7 22 11
46 1 44 27
10 10 1 16
47 45 45 11
4 20 11 29
21 39 26 16
7 16 27 9
10 6 33 28
5 16 25 7
32 33 49 27
6 10 46 17
15 4 35 11
44 10 19 8
1 14 29 11
48 2 36 23
14 5 45 22
12 7 32 31
8 11 10 19
14 6 47 20
17 37 42 22
24 39 48 22
42 12 44 29
44 36 26 15
9 3 28 8
44 4 12 43
28 33 49 30
39 32 45 25
24 42 48 12
17 8 39 20
9 10 24 24
36 30 23 37
10 15 19 21
20 21 13 10
47 1 46 17
41 48 41 26
39 27 25 19
25 30 33 24
6 11 23 20
7 11 33 20
7 2 30 32
43 42 47 44
13 35 28 22
13 38 34 38
11 5 11 43
38 29 44 37
46 4 5 11
10 11 30 29
10 12 5 18
21 31 45 25
12 12 47 19
49 6 46 19
47 5 15 21
16 11 39 28
12 7 20 20
44 24 0 49
14 36 48 20
22 36 13 31
47 35 34 35
10 39 11 35
15 38 21 25
2 10 24 36
45 6 16 18
19 21 36 10
4 14 10 25
17 7 42 26
48 6 34 16
1 7 5 9
4 8 39 19
12 17 39 26
12 15 4 32
13 47 34 11
41 38 36 29
44 46 45 33
45 0 34 34
16 26 25 45
46 36 25 15
12 37 24 7
13 4 6 6
44 41 7 7
26 45 14 0
29 23 19 18
27 34 42 18
44 39 19 24
21 39 15 37
7 14 30 8
15 39 24 14
12 15 44 30
4 16 20 24
39 28 43 24
44 14 49 29
26 5 36 46
48 30 38 11
48 8 27 22
6 16 37 32
46 19 13 12
47 44 21 2
24 32 20 33
32 21 21 45
35 4 38 20
38 20 16 26
15 12 27 29
18 39 46 26
4 11 38 23
43 5 35 28
20 35 38 22
24 35 37 19
8 9 18 22
46 47 42 20
36 29 12 38
43 1 23 20
47 41 8 3
2 5 17 19
39 40 47 25
10 9 48 20
28 3 29 7
45 48 41 27
46 4 44 18
46 38 33 24
22 46 36 30
25 38 30 12
18 41 36 42
16 40 15 33
23 40 42 10
40 21 29 1
47 0 35 18
35 37 42 26
20 36 2 30
17 36 22 20
42 17 18 47
19 33 21 23
11 20 17 12
3 7 12 1
12 5 44 13
34 31 45 25
0 12 44 23
42 26 29 25
11 4 20 14
5 19 14 32
19 39 42 17
41 9 49 34
18 40 20 9
11 35 46 25
38 17 44 24
46 46 29 16
29 34 26 13
13 34 47 19
38 24 35 39
44 3 1 4
48 42 42 7
4 14 39 20
18 38 17 20
46 34 29 9
26 35 45 23
42 45 45 26
22 40 4 42
23 6 43 23
10 7 27 9
8 15 43 28
15 39 39 11
13 11 19 25
48 5 38 33
23 41 43 21
41 9 39 26
36 21 41 23
46 2 49 20
40 17 30 7
11 10 21 24
19 41 32 9
47 9 21 4
10 6 28 17
6 5 14 41
15 36 9 15
44 7 41 1
11 11 23 35
46 19 27 34
47 38 45 21
16 37 38 25
19 24 47 19
45 4 13 13
16 38 11 33
10 0 25 5
3 10 35 41
44 3 30 15
44 3 13 19
3 5 46 29
41 43 18 9
28 28 46 5
16 20 37 17
42 26 48 26
35 17 28 32
38 1 39 19
