50 198 19721 800
46 38 21 0
6 25 4 41
5 33 42 25
13 40 33 36
17 10 29 21
7 24 21 18
15 22 24 49
14 15 36 42
10 13 35 31
18 16 24 37
5 7 37 38
42 25 27 36
8 16 40 42
16 38 24 39
16 18 34 5
27 12 16 36
19 28 47 2
28 10 35 9
35 31 28 34
44 27 42 18
6 36 21 43
26 29 23 5
17 22 13 41
11 2 18 36
24 15 40 7
11 18 10 31
37 9 33 45
20 9 37 40
38 9 24 6
6 30 46 21
27 7 33 41
12 0 27 33
32 40 27 43
9 5 36 39
14 17 44 36
40 8 30 35
6 7 5 44
39 3 5 36
33 12 10 25
38 14 2 48
21 16 17 37
10 18 40 21
19 5 34 20
46 31 27 14
44 49 17 29
20 12 5 41
2 15 9 43
21 19 27 35
43 40 37 30
44 46 22 31
45 49 31 32
7 19 9 34
22 22 5 29
37 3 17 20
18 10 8 17
47 28 17 41
38 6 31 35
4 2 7 43
37 27 32 39
5 31 18 30
42 7 30 37
44 4 33 37
6 8 1 48
14 21 40 38
11 24 32 2
41 4 16 44
42 5 33 38
14 22 24 26
8 37 27 9
18 13 29 30
4 5 26 0
9 42 29 44
39 6 38 1
43 43 24 40
43 23 24 37
6 29 31 41
43 9 18 26
21 14 18 43
11 24 43 19
31 19 16 37
17 21 1 16
15 31 22 34
16 16 26 0
18 27 8 11
39 15 30 6
41 38 17 1
7 21 41 4
18 16 35 37
10 8 18 41
9 12 29 34
49 27 28 33
19 27 31 41
2 31 25 35
1 8 29 38
35 24 26 45
18 19 34 36
16 12 11 24
43 46 28 43
24 12 35 38
38 4 23 41
15 32 28 35
43 8 34 44
13 38 32 43
13 22 24 41
27 26 23 33
6 28 29 37
42 9 30 34
1 9 39 23
14 10 32 31
21 8 34 41
10 43 19 37
36 41 31 36
18 16 10 42
4 32 41 30
11 17 49 45
4 32 28 14
3 18 25 40
4 12 35 24
18 22 35 46
14 8 36 47
3 30 27 30
14 18 45 21
23 6 38 32
31 39 49 36
9 18 28 40
22 26 28 33
13 20 38 42
0 9 18 39
3 33 35 17
13 14 33 18
33 7 25 13
17 17 41 12
39 8 35 39
40 7 22 42
46 30 26 37
6 22 35 37
39 45 8 39
23 10 12 1
12 18 41 36
19 16 25 8
44 10 25 36
41 10 23 40
25 15 21 39
1 28 44 25
37 35 29 40
22 5 38 34
11 3 30 7
40 13 36 15
1 19 38 49
4 46 32 39
18 32 24 37
27 30 28 43
36 30 43 3
45 39 32 48
14 26 9 38
30 37 41 39
6 32 47 5
40 9 31 37
14 31 48 27
19 4 45 44
3 8 32 32
5 7 25 42
24 35 40 12
2 28 25 34
43 2 37 30
4 21 28 49
40 8 16 23
36 17 26 30
16 21 0 24
46 3 31 31
18 31 27 35
42 4 27 35
5 16 33 10
8 8 41 40
22 24 33 38
9 23 23 5
11 33 34 42
14 18 33 36
45 15 31 37
29 48 16 36
17 11 24 36
23 20 26 49
1 12 10 44
49 31 31 41
44 46 48 14
18 9 27 42
12 35 14 30
39 8 30 38
17 13 27 13
7 18 43 4
7 36 35 37
41 42 29 42
41 36 18 6
40 8 35 40
12 5 48 13
35 47 12 26
8 16 24 38
21 23 32 19
