50 574 18557 800
38 36 14 33
44 30 20 9
46 22 28 38
11 5 21 25
41 21 11 26
33 22 43 44
25 3 36 11
12 0 6 44
45 9 21 38
32 6 25 1
47 2 1 13
26 19 6 12
42 19 13 34
39 40 35 42
39 11 25 44
42 26 6 35
17 1 4 30
34 45 16 34
36 18 12 27
11 1 2 32
44 25 16 23
43 10 44 44
8 21 7 40
43 13 26 24
43 42 28 37
40 42 24 46
37 40 40 42
39 19 19 45
39 25 0 2
49 28 42 47
8 1 8 37
26 39 12 5
41 41 31 21
10 1 12 20
30 34 12 11
11 1 2 33
16 3 20 5
1 42 18 11
46 23 45 29
22 6 22 0
46 34 15 33
10 1 37 24
29 12 12 17
25 19 20 15
43 43 18 27
39 11 6 25
28 23 15 48
14 3 16 24
48 39 28 37
47 48 18 11
43 48 41 4
21 41 13 14
38 41 14 20
37 31 11 25
31 7 38 10
14 1 12 21
42 12 29 42
44 23 19 24
17 2 5 27
41 44 27 6
48 30 14 44
12 3 2 17
36 15 6 31
31 11 3 26
36 9 18 45
39 39 16 36
32 41 16 44
26 0 37 29
35 24 31 11
40 30 4 46
37 27 26 42
49 41 15 41
47 9 19 13
20 2 10 6
44 7 41 49
30 17 13 4
29 35 18 8
16 38 34 41
25 5 10 31
39 10 15 15
48 19 37 1
13 31 37 20
33 22 16 22
37 41 15 21
12 43 24 22
34 34 10 28
37 30 6 36
39 33 8 26
46 39 40 11
33 35 25 16
11 5 19 27
31 25 24 43
37 37 2 35
36 28 8 42
26 23 16 31
26 45 18 5
9 6 23 46
28 25 40 14
29 22 38 47
34 18 40 15
42 29 22 19
22 48 29 10
38 28 17 35
29 23 42 10
46 39 34 15
43 20 14 29
37 37 15 23
25 47 7 48
12 9 3 43
7 2 15 29
26 44 15 40
40 7 13 23
48 33 37 43
24 46 24 40
38 40 32 43
24 38 30 32
38 38 8 29
26 17 0 29
2 2 5 31
14 2 31 18
33 21 14 24
31 42 2 28
22 2 36 5
29 26 33 12
48 28 13 25
46 37 29 24
13 0 6 18
24 5 20 13
19 0 38 9
10 6 11 12
18 4 49 19
44 32 13 16
11 40 0 29
42 31 49 4
42 14 46 5
43 42 2 41
41 13 2 20
46 19 24 35
44 9 40 46
30 6 7 23
7 0 2 14
40 41 5 25
14 36 18 32
20 19 11 10
12 6 36 20
38 31 8 18
6 31 30 19
19 10 33 10
33 16 7 26
44 36 32 0
16 49 11 34
40 13 8 11
38 39 8 21
43 4 9 47
30 5 4 12
39 24 18 43
14 4 21 2
38 27 13 28
43 23 26 32
30 19 8 26
43 47 43 42
41 29 22 9
29 21 11 19
14 4 0 25
39 43 44 10
43 11 6 36
43 16 11 5
40 18 45 8
35 34 24 38
32 20 33 32
6 42 6 33
30 26 2 25
15 0 35 29
19 45 0 26
28 15 14 19
45 10 32 42
33 45 49 11
14 46 37 17
36 33 21 4
36 38 2 25
14 0 34 45
15 10 9 0
47 31 31 17
21 25 23 31
39 38 5 32
29 29 17 34
42 33 37 24
14 5 4 8
16 32 12 31
39 45 6 38
48 37 4 19
47 21 11 29
22 7 21 27
41 7 8 31
40 44 21 15
5 46 29 13
15 3 8 43
44 4 43 36
43 36 11 22
12 2 30 10
41 9 27 41
32 18 13 24
43 30 16 22
30 28 15 18
12 5 10 44
41 28 48 20
49 28 16 15
29 39 12 19
11 1 5 18
43 25 29 20
37 35 34 37
32 44 9 4
0 47 15 5
41 13 16 32
41 48 9 26
37 34 49 39
28 11 4 34
42 41 24 27
36 29 27 34
42 17 30 41
7 3 2 37
28 38 37 6
16 0 4 35
45 18 7 12
42 49 35 40
46 31 31 37
45 9 1 29
46 8 13 43
30 31 1 22
26 20 13 22
43 34 32 30
36 27 6 17
43 32 21 36
43 34 2 24
17 25 10 26
33 25 24 14
32 20 27 16
47 43 14 7
39 11 23 25
32 30 16 4
44 43 12 16
30 23 30 6
46 38 6 6
36 29 9 15
21 43 14 16
30 0 14 20
29 2 12 30
33 14 8 39
39 31 22 29
42 48 0 37
49 20 3 20
7 3 10 45
21 43 14 43
42 44 16 30
0 45 28 44
42 11 8 27
20 1 8 21
41 36 28 35
41 18 29 22
40 23 29 43
47 11 15 1
12 10 26 41
11 2 19 33
49 40 45 38
36 44 39 49
23 41 10 24
43 32 13 31
47 28 4 18
48 11 18 25
40 27 6 12
43 47 35 14
29 47 5 12
44 26 4 28
38 6 1 30
27 17 12 21
40 24 22 7
44 28 10 13
45 33 39 20
44 12 16 44
35 43 18 23
41 18 13 34
16 2 22 46
49 11 30 46
13 2 14 26
19 31 24 28
31 20 28 31
14 6 21 7
29 26 29 48
11 2 5 38
12 25 17 11
47 33 25 18
16 21 10 16
30 35 4 27
35 10 13 23
40 31 23 43
42 43 22 0
38 41 14 2
40 26 9 13
44 10 25 30
32 19 8 38
25 0 28 16
35 7 38 46
13 3 19 34
26 15 13 29
42 15 25 20
36 39 17 27
48 48 29 17
16 1 5 17
12 33 31 18
18 0 14 19
16 1 19 11
42 6 6 29
36 34 3 21
45 42 26 19
26 36 19 37
32 46 26 34
41 36 18 8
41 11 8 11
47 37 5 10
49 32 29 15
34 18 1 5
27 28 25 33
10 5 6 21
30 19 22 25
30 27 19 26
15 8 12 25
38 18 40 40
17 16 32 13
46 13 15 32
41 27 17 16
44 38 27 39
42 30 0 24
33 38 25 47
37 33 11 29
45 28 42 36
35 32 5 23
49 12 0 46
40 19 11 24
43 37 10 5
44 40 20 23
34 40 48 20
10 0 22 36
33 17 38 29
39 46 48 11
21 24 17 28
47 41 6 31
37 49 13 24
26 26 46 46
27 35 13 29
8 2 5 18
21 35 16 26
37 43 17 28
44 49 30 37
48 38 15 27
43 26 21 26
40 49 8 26
46 10 40 5
41 33 12 19
45 39 3 46
47 47 0 44
37 42 18 28
16 2 12 30
31 24 4 31
24 14 30 7
23 14 3 14
15 10 18 3
42 11 40 47
38 23 10 35
17 7 46 41
39 26 5 19
38 43 7 17
45 9 28 42
8 10 34 4
42 48 15 32
16 2 6 19
45 32 8 32
18 3 14 21
34 9 6 42
35 8 8 23
31 18 2 22
19 31 27 48
42 49 12 7
28 39 42 28
45 38 11 7
47 27 8 28
21 4 9 30
42 34 27 10
19 17 7 7
14 46 4 27
10 17 21 41
16 34 0 20
35 44 13 2
41 26 22 19
28 25 15 9
28 31 4 23
25 23 10 37
29 0 6 37
49 36 9 17
34 12 17 32
9 8 20 16
44 23 31 28
35 31 3 28
43 32 14 25
44 14 1 16
20 47 15 24
46 32 10 11
18 4 29 41
49 5 42 22
45 45 28 28
32 12 25 37
39 7 40 17
45 11 44 19
37 12 21 19
8 1 45 19
38 30 45 46
41 32 20 18
37 33 15 35
11 2 18 35
18 7 18 18
15 36 3 37
11 1 46 3
38 34 19 47
36 23 1 37
37 30 10 14
21 17 8 26
41 9 26 1
40 30 6 29
46 16 14 19
9 39 4 29
32 16 14 46
43 8 12 26
16 30 26 31
34 43 33 2
37 31 22 15
36 14 26 47
27 22 30 3
28 45 31 26
32 16 41 22
41 8 38 45
33 26 24 46
16 31 39 2
42 37 19 28
45 30 45 5
14 9 18 30
48 40 5 36
46 14 5 40
45 11 15 31
42 39 7 32
40 11 23 46
40 15 23 45
33 17 7 15
14 5 27 15
40 10 38 39
20 9 7 26
33 19 14 16
38 36 20 48
34 24 16 7
46 36 8 23
17 12 17 26
0 18 0 32
37 40 15 27
44 38 35 9
44 26 6 23
45 12 26 9
46 21 11 7
46 41 22 44
42 38 25 3
33 37 2 35
33 15 9 25
14 3 10 37
40 36 1 25
17 25 30 34
17 0 18 36
46 16 5 31
30 25 47 49
4 29 0 26
34 33 7 11
42 19 7 23
31 39 22 25
30 29 15 25
46 15 9 41
40 10 28 23
18 3 49 11
32 15 1 23
38 24 13 21
44 31 19 18
16 4 13 36
37 30 14 5
46 37 15 27
17 4 9 4
46 47 24 12
35 36 23 40
28 20 17 6
34 12 29 41
44 36 15 25
42 23 36 30
20 30 27 44
44 23 36 4
32 44 12 22
10 4 47 47
39 21 5 38
38 9 26 25
10 34 5 40
6 8 34 21
49 24 8 1
33 43 36 40
43 16 10 25
35 41 10 12
44 3 21 37
27 24 1 23
34 14 41 4
0 46 2 13
20 45 30 30
46 25 7 29
27 13 24 24
40 40 23 32
17 2 37 41
42 39 38 40
34 35 7 25
37 48 7 27
17 1 36 3
15 4 25 45
10 4 22 30
42 35 6 29
34 46 18 11
12 0 19 49
38 9 24 40
35 10 9 45
41 33 19 24
32 21 3 33
35 23 13 9
40 15 15 41
46 46 45 5
27 19 33 18
22 42 5 40
33 15 12 23
22 12 21 39
37 15 25 38
39 12 14 28
42 27 37 28
31 21 15 24
21 10 47 3
28 24 12 25
38 39 1 25
43 42 40 46
22 18 44 34
46 11 19 45
27 24 10 34
28 38 30 14
46 28 13 33
44 14 40 47
13 8 1 17
48 41 43 2
36 7 9 3
45 16 13 12
40 28 29 35
13 5 25 7
29 16 28 49
15 2 33 13
45 32 11 21
44 30 18 31
22 41 18 19
26 41 6 25
40 7 22 31
49 30 13 35
9 0 13 10
42 14 31 21
9 1 1 26
48 38 21 39
6 11 38 3
40 13 36 14
20 46 32 41
32 49 9 33
41 12 7 0
