50 99 12838 800
16 9 46 38
46 17 21 17
30 18 29 13
48 22 34 25
34 21 29 43
24 12 41 46
24 15 47 38
14 16 17 4
7 17 35 24
12 22 41 25
13 24 34 13
47 47 34 13
14 15 3 23
6 28 0 39
6 28 38 29
35 11 49 17
25 12 38 35
7 14 35 20
35 15 33 20
17 4 32 17
19 15 32 26
15 26 27 11
30 43 38 6
20 24 42 27
27 2 48 17
12 18 34 1
9 37 33 11
25 1 49 38
27 22 37 26
46 37 19 20
18 30 38 3
30 3 41 24
43 39 33 22
0 33 36 42
4 18 15 6
0 31 42 30
18 7 47 23
32 4 41 16
7 29 48 23
18 37 47 8
38 35 49 37
12 24 39 30
27 15 35 23
11 32 34 19
19 40 20 8
9 13 34 24
20 12 4 22
19 14 38 18
14 8 37 10
16 31 49 23
30 14 1 2
36 9 35 30
21 17 41 15
49 29 8 36
19 31 1 2
16 34 41 36
30 43 37 30
19 9 35 31
11 27 41 19
46 6 42 13
23 24 35 25
38 27 29 10
2 33 9 11
10 22 32 19
30 33 39 15
33 12 47 20
17 36 44 49
27 11 33 7
12 7 30 38
17 15 25 11
41 20 28 15
40 32 37 16
1 29 35 24
41 33 42 26
19 27 37 37
46 30 43 24
35 18 34 11
21 5 36 2
41 15 16 7
29 10 34 13
9 34 35 24
24 26 36 27
31 12 16 45
6 3 24 36
18 7 31 33
18 4 33 20
43 39 40 19
16 25 4 25
19 47 43 27
33 41 40 30
41 42 41 21
13 31 46 25
15 11 43 30
20 28 34 14
31 24 21 24
32 0 42 35
41 22 39 11
31 38 15 6
34 1 25 24
