50 254 12203 800
36 31 18 12
35 3 10 11
30 15 18 16
36 46 13 16
42 14 22 14
38 1 17 9
26 13 24 1
40 15 24 5
15 24 17 36
43 17 23 12
40 5 14 12
35 17 19 14
19 23 20 11
13 2 18 35
26 19 25 33
21 13 15 18
35 41 12 20
36 11 18 13
14 30 19 6
11 44 13 31
41 47 29 41
18 34 14 45
31 13 18 12
27 45 1 13
32 19 25 48
47 44 21 11
23 6 23 42
33 10 7 49
31 10 16 11
39 16 13 15
40 2 20 12
38 38 6 42
43 2 27 4
44 7 18 1
37 12 43 48
11 29 15 15
43 36 34 21
26 25 19 7
27 43 13 33
7 29 17 12
34 9 14 32
27 35 28 47
27 17 18 13
39 8 14 28
25 6 29 48
1 32 16 13
33 13 1 31
45 0 23 39
46 0 27 30
31 5 28 27
16 28 24 47
15 24 17 37
42 31 17 16
16 33 15 11
23 20 13 14
22 14 10 33
44 9 30 14
41 41 18 13
41 17 39 4
32 0 18 14
35 11 24 0
14 25 41 30
16 10 38 32
29 11 16 11
49 6 19 15
42 1 33 2
29 11 19 46
38 4 23 49
19 30 23 40
34 42 7 10
42 39 7 0
48 36 17 27
30 18 7 29
24 35 10 9
38 35 21 33
14 32 19 14
40 38 29 15
33 2 17 14
46 32 22 40
3 16 28 12
43 15 27 34
44 0 19 5
30 36 28 7
27 10 38 45
40 9 42 5
43 46 16 38
17 27 31 12
28 9 7 4
31 2 4 26
38 12 6 45
26 46 13 11
27 19 11 10
36 12 9 1
43 21 17 13
37 8 22 14
33 13 21 7
11 29 18 15
36 29 22 22
28 1 24 35
42 39 19 13
28 9 9 9
28 13 20 10
21 28 18 14
7 28 18 45
41 8 24 33
40 46 16 11
35 11 24 15
31 12 15 35
21 26 40 16
45 46 8 18
20 46 27 48
32 28 11 44
29 17 14 45
30 46 25 11
4 31 16 18
32 7 19 15
31 9 17 12
12 21 13 12
30 0 38 7
26 2 20 15
30 9 34 16
43 40 15 10
43 18 19 15
40 49 29 48
28 24 18 42
7 20 14 12
13 4 17 13
36 45 16 12
32 6 29 25
17 19 29 30
30 10 19 8
42 32 22 4
27 46 0 48
35 13 5 38
37 9 19 13
27 0 32 25
34 47 8 5
33 35 25 38
43 31 14 21
41 43 0 16
18 39 44 20
37 37 20 44
39 7 20 14
42 19 18 9
47 3 11 30
47 10 21 49
36 14 15 34
9 35 18 8
12 17 13 35
46 7 15 9
38 46 11 10
35 13 33 35
23 26 16 14
28 48 37 15
40 35 18 13
9 26 21 7
36 22 26 32
47 21 16 35
40 25 19 13
47 30 19 15
8 38 5 20
26 47 26 24
36 49 33 40
34 12 18 13
34 13 16 39
46 7 30 44
16 36 15 13
46 8 20 14
24 14 17 11
45 3 14 15
30 37 9 47
27 41 6 35
18 32 18 23
27 7 33 35
30 34 17 38
30 8 11 6
32 45 21 11
32 16 19 16
34 8 29 12
37 0 22 49
15 26 23 18
37 4 29 24
35 0 29 41
31 16 38 13
43 15 20 13
49 49 12 13
32 11 22 13
39 4 19 13
36 44 20 10
21 45 32 2
24 15 18 13
41 9 31 16
39 11 12 9
31 12 27 10
33 11 7 38
29 10 45 44
20 22 11 11
32 13 17 10
36 46 10 33
19 34 17 39
27 15 43 5
7 36 28 9
24 16 16 18
45 17 19 15
43 42 17 30
46 8 22 42
32 2 20 1
45 29 14 3
3 24 8 49
11 22 18 8
10 31 15 13
19 26 15 34
44 4 15 14
14 25 35 20
29 17 40 12
7 36 30 7
36 9 24 3
34 15 23 29
42 14 13 5
27 32 21 40
31 6 3 31
28 8 14 23
11 37 29 12
32 21 33 9
40 5 39 22
36 18 9 7
45 37 22 41
27 12 16 13
25 31 17 13
9 11 18 28
40 12 4 23
48 36 13 11
17 22 14 37
32 18 15 13
15 20 35 4
42 8 16 11
21 21 33 39
34 14 17 16
36 26 4 35
24 12 10 43
11 31 10 22
25 9 18 14
42 9 8 44
34 14 9 34
36 45 14 13
14 34 30 20
31 35 23 12
10 49 19 16
31 12 7 49
35 13 17 42
26 5 22 11
36 13 18 32
27 8 29 33
27 20 22 10
