50 194 14080 800
23 44 42 13
16 37 11 49
4 19 45 19
1 31 1 39
23 34 40 16
18 36 16 39
33 22 23 2
13 5 39 14
17 43 3 35
35 37 32 32
0 16 8 38
16 44 8 42
19 35 38 19
3 23 10 44
19 35 8 41
1 28 33 28
29 40 12 2
9 33 40 18
41 19 30 30
29 40 43 16
29 35 24 25
39 5 39 16
18 40 35 14
47 8 10 12
13 35 45 46
39 45 31 29
14 33 5 47
48 7 5 35
14 46 22 40
34 28 4 15
31 39 24 26
1 33 31 37
29 33 18 48
1 13 39 12
17 45 32 34
26 29 17 32
15 8 30 44
14 45 9 38
11 17 18 36
38 19 28 41
13 42 44 14
6 38 41 9
10 36 31 30
28 40 21 1
7 35 12 46
19 40 4 20
9 40 24 37
12 32 29 30
11 32 23 12
43 39 1 35
28 34 3 38
21 48 30 46
45 43 39 15
44 0 21 10
4 16 0 17
12 36 0 39
14 38 28 36
18 34 36 15
18 33 4 33
33 43 23 0
24 32 36 34
18 43 35 23
17 26 16 9
17 38 2 32
46 22 22 1
45 15 39 2
6 17 22 45
7 37 47 34
24 9 38 17
17 38 9 26
8 34 20 1
22 37 40 17
14 11 39 16
40 29 13 26
16 21 42 19
11 33 23 46
23 37 4 44
10 41 44 6
24 41 3 37
25 46 17 42
17 40 28 42
12 28 5 47
21 35 6 38
1 4 32 25
17 13 31 31
14 33 26 41
6 2 41 14
30 33 4 27
26 48 19 32
30 45 24 41
17 29 15 37
13 37 21 43
2 42 18 15
12 45 23 36
30 39 16 48
1 38 34 6
13 48 28 19
27 24 37 18
14 46 29 30
15 21 28 1
20 30 21 4
14 19 31 5
40 22 28 38
6 26 40 18
6 31 5 27
47 17 27 46
28 32 16 38
5 39 38 16
10 35 18 46
5 35 30 25
15 39 11 25
2 18 26 46
11 29 7 40
39 11 17 36
11 33 21 41
29 43 22 1
40 28 41 11
47 15 14 37
10 27 41 12
2 12 8 45
21 9 34 43
42 6 12 42
49 6 1 39
30 46 9 43
16 38 21 4
27 40 25 37
13 43 44 17
12 39 33 42
5 32 14 37
14 35 37 21
22 30 32 36
11 41 45 12
31 44 18 32
35 43 38 16
11 41 17 29
8 29 4 23
45 11 47 34
14 30 25 42
21 30 41 11
25 36 38 15
21 38 12 47
12 11 21 20
12 30 36 41
10 38 15 44
24 44 33 35
24 8 28 43
46 43 21 1
5 32 36 21
30 33 0 27
21 33 41 26
39 35 36 27
11 14 21 43
30 29 31 16
43 49 25 22
19 37 23 44
21 36 10 20
11 35 34 33
17 40 23 22
18 37 43 16
23 29 45 15
26 49 17 39
19 18 38 15
5 33 25 2
26 40 5 28
10 40 12 47
14 27 31 41
9 40 44 5
13 34 13 28
30 49 26 38
25 23 15 29
34 38 39 13
6 35 30 31
15 17 46 23
15 27 29 37
26 40 42 15
9 45 17 31
15 33 11 29
7 38 39 16
21 27 19 2
23 48 39 14
5 24 32 17
11 37 24 26
21 40 31 48
19 42 43 19
42 7 45 10
15 36 27 27
35 8 24 48
29 22 43 17
34 49 8 34
42 15 28 43
19 33 29 43
42 16 26 37
12 32 16 38
20 35 10 42
