50 1140 11615 800
7 15 2 10
9 1 46 6
0 14 37 25
11 13 12 3
9 12 23 43
5 21 41 32
8 8 41 23
9 12 41 44
15 14 33 22
17 41 4 18
31 26 45 45
41 34 26 15
13 12 36 25
23 35 38 31
29 16 15 28
12 15 19 42
29 42 37 46
12 4 13 22
15 10 32 26
10 1 26 31
23 33 18 5
44 39 21 1
15 27 8 25
11 16 15 14
9 46 29 36
11 33 43 47
27 20 8 43
1 0 11 48
15 24 25 32
6 6 29 23
23 47 41 28
34 41 2 7
13 14 15 48
4 4 2 41
29 42 40 23
10 1 24 40
42 39 13 44
19 35 35 36
12 41 46 27
20 36 41 25
8 12 36 49
21 41 49 27
19 4 25 7
34 32 36 40
23 20 9 46
12 13 17 48
20 17 34 47
24 8 36 43
12 13 30 36
30 8 46 6
11 9 17 27
10 10 34 31
12 11 29 9
6 47 45 22
15 13 26 39
12 8 21 3
8 18 18 18
11 14 39 30
30 2 19 3
11 15 6 14
10 16 37 17
7 13 27 23
1 3 42 49
15 11 13 35
15 10 25 13
10 7 46 34
47 35 43 3
9 8 12 36
12 9 17 7
6 12 8 44
5 49 44 28
38 22 5 4
11 4 23 20
46 26 40 16
10 13 16 20
13 9 38 49
38 40 26 42
18 25 27 25
10 11 42 12
14 19 24 4
11 4 14 7
11 14 19 46
12 16 14 30
5 2 23 15
4 4 35 32
14 15 14 48
39 26 16 31
43 29 39 15
6 5 27 10
2 4 29 49
7 11 14 35
31 30 15 37
17 18 42 47
37 0 24 9
9 13 41 31
49 22 16 44
15 17 11 4
20 35 4 5
43 34 17 43
10 22 34 12
28 25 37 22
3 10 15 34
15 5 40 29
7 0 20 5
42 38 18 6
21 16 33 48
34 8 28 15
21 10 18 3
7 19 4 17
2 48 40 31
9 10 31 32
14 15 28 36
17 15 16 26
33 11 2 37
3 5 46 48
19 43 0 35
14 18 24 16
11 0 9 11
16 7 22 27
37 44 23 45
7 15 21 35
5 15 15 22
17 14 45 49
9 10 9 26
16 13 24 30
5 0 38 41
7 12 27 31
31 19 14 39
4 20 37 41
8 46 2 33
11 10 11 47
25 2 38 44
14 15 22 5
44 2 36 23
29 18 22 12
9 45 44 40
14 12 15 27
11 27 16 9
26 1 34 34
6 11 16 37
18 19 23 7
1 0 13 9
10 8 25 31
43 28 20 8
43 39 22 4
0 3 12 49
14 5 17 12
39 41 21 12
40 25 23 42
16 19 25 46
11 37 15 14
12 12 14 32
7 23 31 32
10 14 36 6
15 16 30 15
3 9 19 29
6 9 17 33
30 0 27 39
11 15 9 44
1 2 35 47
8 11 35 31
37 41 16 16
7 17 19 18
7 9 32 35
15 28 2 21
7 14 11 8
16 19 14 47
24 14 9 6
43 15 34 23
6 22 24 11
5 13 16 49
23 15 21 6
16 23 14 30
11 12 23 16
4 12 44 45
6 24 30 17
49 33 10 7
9 13 32 18
14 9 14 3
8 15 15 18
28 3 21 10
14 26 36 45
10 11 32 41
17 6 38 24
4 10 19 13
13 3 25 4
0 32 41 26
24 38 11 28
9 17 42 24
5 17 46 42
25 5 14 28
10 12 9 45
3 7 44 45
25 11 37 49
9 13 15 17
5 31 28 37
43 36 14 45
6 14 20 48
8 15 29 8
10 11 18 13
40 36 15 15
10 16 42 49
9 14 31 4
1 23 11 27
4 23 45 1
21 37 24 28
20 4 43 34
44 47 39 24
4 33 39 34
26 23 47 0
4 7 34 20
10 15 13 26
10 12 43 21
16 17 48 46
16 14 15 44
12 14 29 14
28 47 15 19
21 43 37 24
16 15 7 49
41 49 4 37
8 17 30 17
2 14 12 46
32 33 13 13
10 11 24 21
40 41 19 36
3 36 38 22
10 15 20 6
1 2 5 15
14 14 36 7
10 17 35 33
6 25 27 4
6 16 33 47
9 15 18 47
9 17 37 48
12 13 23 20
31 11 37 32
7 17 40 43
12 14 35 11
9 15 40 42
8 6 5 0
4 2 49 13
38 36 24 9
4 15 42 22
24 48 36 38
31 27 13 21
6 0 16 25
11 16 3 27
14 23 16 46
29 20 23 13
11 5 41 31
17 42 47 23
18 27 6 8
21 13 41 31
14 14 38 10
15 44 26 30
12 15 6 28
13 22 39 25
26 11 32 44
11 1 16 13
14 39 30 34
12 15 29 31
22 26 19 35
32 23 45 48
6 35 25 22
14 46 36 25
12 13 29 9
14 10 47 46
32 28 32 47
6 7 27 16
8 12 12 28
11 11 43 19
4 9 17 7
22 33 5 33
28 47 12 33
4 41 19 42
44 31 46 41
10 10 38 33
8 16 39 26
12 14 3 14
6 19 29 11
49 43 31 11
12 12 20 15
40 23 10 28
34 33 19 1
13 20 36 35
13 11 27 7
22 5 33 34
9 14 32 11
12 15 22 15
16 35 27 1
16 19 15 28
36 44 31 24
29 15 16 28
7 10 47 8
8 13 19 34
11 16 5 23
12 15 22 46
9 12 45 23
6 15 22 29
11 2 17 35
12 9 38 20
13 13 21 38
23 6 22 12
1 22 32 40
44 46 20 10
29 16 42 46
36 36 21 19
49 43 42 21
44 10 19 14
14 15 21 11
6 42 31 3
14 12 21 12
42 33 24 39
9 12 45 8
9 15 7 8
10 23 27 10
20 17 6 38
11 11 25 9
41 45 13 11
33 4 38 13
33 5 29 43
48 37 8 6
11 13 38 1
29 2 49 48
8 16 19 17
33 31 43 41
24 11 38 40
46 34 40 42
8 15 46 30
45 39 30 6
33 4 32 42
4 15 41 21
12 14 33 43
18 9 49 5
28 7 38 18
4 2 21 7
20 30 45 39
17 0 38 48
10 10 17 13
9 16 2 35
7 11 25 15
48 27 17 9
27 13 15 44
8 36 14 43
23 32 8 11
12 10 14 5
2 21 20 17
6 4 10 40
5 17 19 11
18 2 26 22
6 16 18 35
13 14 23 20
38 46 41 31
41 13 17 26
31 11 11 30
4 2 42 47
15 11 45 33
7 13 27 6
1 0 12 49
23 25 6 46
16 11 1 20
13 13 18 6
13 9 12 22
7 12 6 41
4 17 30 3
12 16 19 46
9 13 23 13
3 25 43 28
14 15 34 45
10 18 12 30
13 12 43 36
5 13 31 18
23 35 8 34
12 15 37 49
29 9 21 8
8 15 38 25
7 36 25 2
9 12 37 2
0 9 35 45
9 13 21 16
26 27 15 29
5 20 32 7
44 6 46 31
20 12 8 32
0 14 47 14
11 12 35 13
24 13 37 32
10 14 47 21
4 29 44 46
15 22 3 21
5 18 33 34
2 2 29 21
38 31 27 34
5 31 41 46
7 18 46 49
11 15 39 15
43 42 49 46
10 10 20 41
14 5 36 45
48 14 12 34
6 8 8 4
39 38 20 8
17 16 45 49
9 13 45 31
10 6 28 27
13 0 43 47
12 14 27 10
11 10 11 15
11 12 28 27
7 15 42 5
6 10 21 9
35 34 19 5
33 11 28 42
40 3 13 12
9 16 10 34
18 18 23 22
33 21 37 19
13 13 45 18
4 12 17 39
24 49 45 47
12 18 17 20
2 1 28 15
11 15 42 46
10 15 14 33
20 17 21 33
9 29 28 2
26 13 37 46
11 18 42 5
20 36 25 16
6 18 39 14
8 17 43 48
13 12 29 10
0 13 17 13
7 15 39 26
49 35 46 32
9 18 20 6
7 15 29 49
10 13 34 17
2 40 39 48
2 32 33 24
10 14 38 40
14 32 19 23
48 28 41 35
9 18 43 47
30 10 15 3
16 4 46 40
11 18 44 44
7 44 32 5
7 6 29 26
41 15 21 39
46 42 43 32
13 18 38 34
31 2 17 26
25 0 26 10
16 48 9 45
5 14 22 8
1 0 42 29
30 43 46 43
11 16 20 12
15 17 40 36
9 17 34 42
10 0 21 6
12 16 49 10
8 9 31 38
6 12 18 20
10 14 24 6
5 2 34 11
9 10 4 12
2 41 28 16
10 15 28 48
10 8 37 34
4 4 13 3
10 11 27 29
14 38 44 39
10 14 32 36
44 49 21 29
14 17 33 36
4 24 19 43
33 27 12 5
33 17 18 28
26 1 15 44
10 15 34 15
12 24 39 36
4 35 36 24
6 18 13 13
36 39 38 48
14 10 14 16
31 9 36 46
9 13 41 46
11 11 20 6
39 28 42 43
21 16 39 24
23 10 40 34
17 10 25 8
10 13 20 8
8 16 15 19
13 13 29 6
17 17 32 9
7 3 17 44
49 34 21 8
6 2 11 26
13 36 7 12
7 21 36 23
22 36 27 6
5 24 47 31
7 15 30 42
41 45 11 5
5 9 3 24
13 16 21 37
5 15 24 47
12 17 32 40
28 29 43 49
23 6 13 48
2 13 35 40
29 2 36 21
9 11 9 38
12 13 9 27
13 31 36 30
8 18 25 1
19 7 37 32
11 9 39 25
32 36 45 22
15 4 40 46
22 21 22 43
28 37 5 4
21 15 22 5
46 33 27 44
29 6 39 22
20 11 35 34
8 25 7 8
47 30 32 36
12 14 44 49
1 6 20 16
44 43 12 11
6 14 26 13
26 6 45 43
4 13 13 17
6 12 38 30
7 8 9 4
8 12 16 22
35 35 2 25
17 27 20 46
10 13 46 28
7 16 26 11
5 22 22 20
21 0 32 4
29 41 14 43
10 15 39 13
30 35 31 10
12 14 43 44
3 34 28 27
8 39 36 43
42 38 14 40
6 13 25 2
31 26 44 48
5 16 24 25
1 33 37 27
10 14 17 20
15 44 20 8
13 14 40 17
9 35 17 6
7 7 6 25
8 12 15 21
35 27 33 24
13 13 41 44
14 7 20 42
7 11 9 27
5 10 2 19
21 14 43 23
6 5 18 39
36 23 42 49
6 11 30 27
5 13 19 41
38 43 49 15
12 3 41 18
7 17 36 30
7 5 23 16
7 12 15 48
6 5 35 3
14 34 34 12
15 1 44 48
48 45 31 39
10 3 23 28
15 13 35 25
3 12 40 48
10 17 48 23
12 14 22 49
36 1 23 35
16 44 21 6
0 25 6 15
7 12 32 10
9 11 3 4
9 7 15 36
45 22 43 42
20 2 36 25
11 14 32 11
7 18 19 10
47 35 1 5
9 16 12 28
34 22 10 17
1 37 30 30
3 43 46 46
11 11 12 39
12 10 16 49
45 38 16 24
0 14 30 37
10 14 4 19
26 27 28 45
23 1 34 30
12 14 40 44
9 15 24 6
24 13 27 6
12 11 6 38
7 5 27 7
13 14 9 42
8 12 45 22
11 15 19 28
6 40 28 46
46 41 19 9
1 15 19 45
15 45 31 43
14 13 27 42
27 13 42 41
26 26 30 30
9 12 39 9
8 13 30 29
11 16 5 39
5 14 21 4
35 30 39 1
10 12 49 49
25 37 9 29
11 44 17 36
40 26 5 42
8 12 12 20
8 13 6 38
28 4 39 24
9 13 23 26
23 29 7 12
47 39 26 7
2 7 13 40
9 15 4 43
19 29 9 19
35 40 37 29
13 0 26 47
46 1 27 47
9 42 44 35
12 17 26 30
40 34 22 7
12 27 15 18
27 6 20 10
24 12 13 28
6 38 43 25
10 43 7 5
9 15 37 33
14 12 14 31
7 16 13 7
26 20 6 25
36 15 32 42
33 43 12 45
17 27 1 33
6 8 24 12
23 6 17 38
11 10 33 4
14 5 31 39
17 21 8 49
8 7 18 33
9 16 45 23
1 44 42 29
7 2 44 15
8 21 26 26
5 20 15 4
6 18 43 28
14 13 33 19
22 37 12 32
9 7 35 41
15 14 45 20
18 27 31 10
12 4 36 37
14 8 31 7
8 30 25 12
11 33 15 49
8 10 31 6
7 7 36 45
1 1 18 35
10 42 25 37
2 14 19 10
10 10 24 8
9 16 36 30
24 38 17 24
30 28 19 14
5 15 19 27
18 2 16 7
8 16 22 4
12 8 24 9
32 3 38 40
5 36 34 37
11 13 3 7
11 13 42 45
10 11 46 7
14 16 43 39
26 18 2 24
46 32 37 32
2 10 17 30
2 10 16 44
3 14 27 14
1 21 6 43
13 15 35 43
15 8 4 15
21 22 20 34
21 9 29 30
21 42 41 22
11 17 29 40
11 14 45 33
15 1 35 45
2 24 39 24
11 14 31 20
9 17 4 35
3 10 25 15
3 28 46 7
9 14 42 21
21 5 40 49
24 45 29 40
9 8 31 38
10 24 13 33
15 14 10 30
35 9 3 9
2 46 30 14
33 9 3 26
22 18 21 5
8 3 34 34
9 18 20 32
9 15 37 14
22 38 18 14
9 14 8 36
9 9 25 10
21 10 45 25
6 11 34 39
4 9 38 16
13 0 13 43
12 12 32 44
16 7 43 25
11 15 24 6
11 12 44 47
8 3 46 30
5 44 8 27
0 12 23 10
29 43 38 45
37 48 39 26
3 27 22 16
32 18 20 32
13 11 36 31
7 4 26 16
20 1 34 15
29 3 34 27
1 2 45 45
13 14 21 34
11 21 41 24
29 21 25 19
41 43 10 49
20 10 40 30
0 10 42 30
41 4 30 12
10 15 19 39
2 33 23 4
19 22 43 26
43 31 27 47
1 4 23 19
28 48 30 9
7 14 31 44
28 30 39 13
28 10 12 37
27 15 16 36
1 11 36 28
16 15 15 39
12 14 33 27
5 11 39 22
8 11 20 15
3 36 12 2
22 0 33 41
12 13 19 11
29 32 11 48
8 10 35 38
6 15 41 23
9 15 44 43
18 38 4 7
10 16 6 37
6 5 36 29
11 16 16 16
6 14 25 27
9 12 39 43
10 13 27 26
5 15 38 23
13 12 32 22
45 20 14 40
34 30 20 10
14 18 22 19
6 14 31 43
16 19 40 24
2 15 46 38
31 4 37 43
8 12 14 14
18 29 22 48
10 14 39 12
9 12 45 44
13 11 14 45
32 22 25 10
5 2 41 31
3 11 45 31
28 24 20 29
10 4 28 22
33 41 15 28
6 11 28 13
10 9 34 15
9 12 28 6
23 30 46 4
33 32 38 6
25 11 17 9
4 8 13 21
26 32 21 11
7 15 34 42
9 3 25 16
24 33 24 3
11 11 21 42
40 2 35 40
33 42 28 26
38 36 49 48
7 27 34 49
19 9 21 27
18 37 42 17
1 36 28 0
9 8 6 40
10 12 31 33
10 23 23 4
18 32 0 10
5 7 22 41
8 14 39 46
31 44 22 24
19 20 8 5
8 12 41 27
27 46 35 34
34 2 45 47
6 35 16 30
10 27 17 37
11 10 19 19
11 13 21 13
38 33 23 4
18 32 3 22
3 3 4 35
29 2 32 33
21 11 12 20
37 23 24 12
13 23 46 36
27 32 22 30
14 13 5 2
10 44 36 36
12 12 30 35
4 13 41 30
23 46 21 34
6 36 14 31
24 5 32 10
28 22 20 11
12 15 27 10
21 13 23 4
24 17 40 23
29 10 19 16
12 0 29 28
3 0 22 7
19 22 29 20
10 13 21 21
8 13 13 39
11 14 40 48
4 5 45 43
25 12 41 19
3 8 10 37
10 14 15 47
30 25 36 9
15 14 40 25
1 4 43 31
10 31 26 12
12 16 11 41
8 11 13 17
5 14 30 25
21 5 25 0
9 12 36 32
12 43 31 29
11 13 12 26
47 19 30 27
9 10 21 3
10 11 28 13
7 19 32 49
17 49 32 9
6 14 0 14
23 15 18 8
19 31 36 42
20 8 13 30
20 32 48 32
7 12 17 18
10 14 41 41
7 11 46 46
23 9 18 12
38 31 40 48
21 3 27 20
25 7 49 45
0 10 20 15
14 12 43 47
12 14 25 13
8 17 15 28
5 10 9 49
12 24 44 47
10 10 36 15
4 40 36 20
15 29 40 27
20 20 45 9
3 12 36 27
10 15 28 20
4 7 33 5
12 13 12 39
32 23 5 18
20 27 13 24
14 3 39 49
2 13 32 21
37 17 37 45
9 1 43 48
11 13 45 27
3 26 27 31
14 10 42 25
9 15 28 17
10 15 21 10
11 13 40 47
39 12 48 20
8 14 26 2
14 3 43 19
8 15 15 6
6 16 25 2
19 44 40 12
8 13 1 31
21 2 49 2
10 14 49 29
12 11 46 5
42 37 15 44
2 10 19 11
4 19 31 9
17 4 12 29
43 36 33 9
42 6 36 39
25 15 25 37
12 15 10 10
10 14 25 5
21 5 42 10
31 31 17 2
10 13 37 25
7 0 44 19
8 10 41 27
13 9 40 35
0 4 38 23
3 41 41 32
0 18 41 49
5 16 39 18
47 30 34 44
18 31 7 17
23 35 11 17
5 13 31 37
18 10 3 6
5 19 39 11
10 13 36 37
14 19 8 37
0 10 43 8
2 40 10 10
5 15 24 36
38 42 45 13
4 29 37 37
31 28 12 42
19 4 31 39
8 4 37 4
6 9 5 24
14 17 27 44
7 9 30 44
11 14 2 44
11 13 19 14
20 15 9 45
0 4 49 16
44 17 47 8
12 13 45 30
11 11 24 1
19 38 28 3
1 12 11 12
44 12 18 14
9 12 44 23
11 14 31 21
32 41 46 45
38 26 36 22
12 4 17 32
5 32 10 36
10 38 30 24
9 12 18 40
16 13 42 0
12 16 23 35
9 12 12 28
11 9 12 13
8 15 21 36
12 5 44 19
22 0 10 1
3 19 23 9
30 12 19 11
9 14 41 24
8 0 17 44
33 40 21 32
32 7 9 27
13 9 25 3
34 17 37 30
15 33 41 27
6 18 33 27
2 39 23 0
8 13 22 30
7 1 31 49
6 2 23 43
11 17 46 44
10 13 30 40
45 47 29 5
9 17 36 47
6 34 22 49
21 44 19 23
7 13 35 27
6 19 34 24
38 25 25 6
31 11 41 9
16 36 34 1
44 13 21 37
31 46 40 32
13 22 17 49
32 12 37 44
10 19 5 24
26 2 29 5
11 45 40 40
37 27 13 47
14 5 37 5
1 4 36 35
24 36 25 2
22 19 17 16
7 17 21 49
9 16 23 20
6 0 19 46
14 11 12 19
7 16 44 49
9 17 21 5
9 19 47 19
16 28 43 47
38 22 15 42
11 3 42 46
25 4 35 20
9 29 36 4
17 8 35 48
30 11 31 44
1 41 40 37
13 14 39 0
28 38 18 17
21 35 28 31
0 21 20 10
12 13 6 26
10 16 38 20
15 14 27 6
4 12 34 14
24 23 30 36
14 31 39 36
19 19 26 41
9 12 48 46
27 41 29 6
4 17 11 21
10 15 19 0
30 21 41 8
13 13 43 48
33 9 40 44
7 12 27 32
1 2 18 23
16 31 5 7
11 13 39 49
3 47 4 18
8 2 34 20
0 0 37 38
46 24 44 35
4 17 36 0
10 3 46 44
34 12 38 37
11 13 3 49
27 31 8 40
6 16 35 24
43 24 26 23
17 2 24 19
10 15 28 39
7 10 47 46
10 9 41 24
37 42 9 11
23 22 44 43
14 14 15 31
48 41 49 47
13 11 8 30
7 9 27 37
48 45 19 27
24 9 9 23
10 6 40 10
3 24 25 43
2 15 21 26
28 38 40 1
10 16 48 34
5 33 26 42
33 17 27 17
22 14 37 7
10 14 31 11
7 16 40 0
44 33 15 8
42 38 26 29
2 34 6 48
0 14 32 7
5 13 28 35
13 9 43 11
20 19 20 13
45 33 6 25
12 6 32 12
15 15 23 5
9 8 19 7
44 28 40 0
48 44 39 25
11 16 31 39
43 20 27 49
11 15 37 46
4 4 32 14
40 20 23 21
10 14 26 23
7 10 22 9
16 10 43 18
25 2 18 48
25 49 45 49
6 30 35 34
18 38 13 44
28 8 17 2
40 49 26 26
26 45 29 25
25 29 34 24
46 37 40 33
2 10 48 26
