50 1079 16047 800
39 22 11 11
28 11 8 12
19 44 3 7
27 15 30 7
26 14 24 10
39 16 13 1
10 40 1 33
39 14 17 16
33 15 33 20
37 13 15 26
33 15 6 49
30 14 7 19
8 31 7 21
26 5 30 19
36 12 10 6
48 17 24 23
32 18 34 9
9 26 37 8
33 42 18 36
25 46 11 24
21 25 3 34
22 26 5 19
9 37 18 14
37 13 16 42
27 6 26 21
38 30 26 41
23 35 42 13
24 43 42 48
7 35 25 19
1 39 37 24
33 9 12 29
3 40 40 22
35 19 32 25
33 9 14 11
4 16 43 12
39 12 2 7
28 10 3 7
45 12 17 18
37 17 28 48
40 27 43 16
30 7 30 42
34 16 15 30
41 16 31 31
7 47 3 26
44 19 43 26
43 15 33 44
32 10 11 19
35 16 11 14
31 14 46 49
40 16 28 7
41 27 29 13
9 14 3 20
17 12 25 20
32 49 9 18
21 42 8 33
10 32 1 12
37 9 20 3
11 37 6 22
18 18 12 22
42 16 9 14
0 39 5 26
30 9 36 40
31 42 41 34
41 15 27 16
37 13 11 42
11 45 16 20
33 23 39 39
31 18 37 30
40 9 2 8
48 21 27 23
35 14 3 23
26 40 10 36
41 9 29 46
47 15 31 6
43 16 9 12
25 45 23 24
35 14 15 13
33 7 34 13
37 19 10 11
34 8 28 20
49 28 26 13
29 18 18 14
34 11 8 14
32 11 6 20
31 2 22 0
30 16 40 0
48 24 7 16
21 42 49 1
45 12 36 5
31 15 3 19
48 11 0 39
38 12 14 16
39 46 38 4
31 8 25 38
30 12 17 28
47 13 25 25
41 17 35 17
9 46 5 17
20 41 10 31
38 11 30 15
37 17 7 18
40 21 3 20
41 42 9 17
40 8 23 31
36 17 10 28
46 16 10 23
33 5 9 39
37 18 30 45
29 16 8 17
44 20 14 34
27 15 2 47
7 43 14 14
10 44 5 11
41 16 32 41
34 10 35 3
43 14 29 34
46 9 15 15
41 16 29 19
30 16 21 16
44 18 42 12
32 5 43 16
32 5 4 23
49 17 14 39
12 42 28 43
20 32 2 22
18 19 49 2
44 9 37 48
43 19 5 17
31 15 4 16
36 6 19 28
15 37 28 0
12 3 45 4
1 35 5 11
42 18 42 10
35 5 20 9
41 12 44 6
41 9 24 35
38 17 19 6
46 17 29 11
9 32 20 12
34 8 39 10
42 19 26 2
27 13 25 46
49 16 47 25
44 30 8 31
23 7 14 10
46 19 33 49
28 12 27 43
49 24 34 12
12 11 33 37
4 38 1 19
40 24 19 28
27 10 2 13
33 9 33 4
2 34 20 28
9 30 7 2
38 10 21 9
42 19 29 42
40 8 2 37
35 7 28 47
42 12 4 18
4 48 29 1
16 48 20 23
37 14 6 16
36 9 3 19
37 13 9 18
28 14 33 26
40 18 5 16
29 12 46 14
42 15 41 7
39 11 4 19
42 23 8 19
36 6 11 11
9 37 1 17
42 28 4 17
45 13 31 5
39 45 11 8
36 16 29 9
40 24 5 18
41 5 19 8
22 13 42 5
37 26 23 20
30 9 3 12
0 18 35 48
29 7 2 18
42 12 8 12
48 27 29 26
29 12 6 40
7 49 7 18
48 14 42 2
21 41 8 19
35 4 21 8
10 36 5 17
32 9 2 19
32 13 4 30
29 11 0 10
35 12 20 10
33 8 19 34
4 48 15 8
40 2 36 14
34 10 3 16
28 25 39 17
44 46 17 12
43 8 9 5
8 37 19 16
49 18 5 17
40 17 21 5
46 23 45 49
19 46 13 4
43 13 7 20
15 39 7 14
38 11 3 16
36 13 9 18
48 19 8 44
3 43 9 24
6 37 18 33
46 21 0 22
31 13 16 20
8 38 6 19
46 4 34 11
35 11 33 17
18 34 31 8
32 13 9 8
18 36 6 48
48 17 12 27
7 23 25 0
48 17 3 12
38 26 49 24
42 23 14 0
2 37 6 17
33 17 15 12
31 20 6 25
48 8 5 11
38 47 3 40
32 9 14 39
38 10 47 16
28 7 33 2
47 31 34 42
49 36 19 27
37 11 6 16
42 33 19 14
40 26 33 41
38 11 6 16
45 18 9 13
34 8 14 22
41 33 46 36
7 34 18 1
3 37 18 28
33 17 43 15
33 8 34 47
47 10 1 23
27 18 46 6
27 11 30 16
30 8 2 15
24 42 40 25
30 8 18 34
34 8 18 30
47 13 44 15
47 13 39 29
26 13 4 10
35 11 18 1
29 9 3 18
35 10 36 37
26 14 37 38
45 19 4 14
46 27 16 26
36 12 5 13
39 13 10 24
21 43 10 12
30 2 14 15
30 42 16 12
19 45 9 8
45 18 19 49
31 11 42 21
25 7 5 15
30 5 31 14
38 7 3 31
48 28 22 25
34 7 16 34
34 13 38 31
32 9 15 13
3 42 4 13
19 47 31 7
34 6 38 5
38 9 6 21
45 20 41 38
48 11 35 37
45 14 32 43
48 23 44 9
16 48 18 20
11 18 3 17
37 28 20 36
29 21 8 29
35 36 3 18
33 11 15 3
16 34 7 21
48 18 8 5
23 18 6 13
42 18 20 1
10 38 23 16
46 9 12 35
40 15 14 24
37 11 14 2
13 42 8 25
26 10 5 15
4 37 10 33
36 10 7 16
29 8 37 7
49 15 6 16
32 18 10 23
34 12 17 7
34 11 46 40
29 12 5 14
46 27 42 10
26 20 31 41
38 17 12 40
30 5 7 21
40 11 10 16
27 15 6 22
43 7 21 25
41 23 7 44
42 16 14 29
46 15 4 9
28 6 43 47
34 15 24 5
37 47 8 22
45 19 11 45
29 8 18 32
36 12 48 49
48 4 16 17
32 25 16 30
48 17 39 49
40 17 2 9
39 25 3 15
27 48 3 48
9 40 12 31
33 16 0 12
45 23 33 33
35 14 25 30
36 15 13 30
38 21 5 16
30 18 25 14
34 13 7 20
45 14 12 5
17 35 22 39
34 7 13 11
36 25 37 44
7 35 35 22
35 20 11 16
33 13 36 48
2 46 32 49
49 16 14 19
38 17 11 3
44 19 46 47
32 9 11 39
8 38 3 18
30 14 44 26
31 13 41 45
39 15 44 12
32 19 10 13
38 17 10 45
49 39 20 2
32 9 6 18
47 7 8 19
13 40 42 11
37 0 23 31
49 0 39 44
25 13 44 18
40 8 5 25
45 12 41 41
31 20 17 23
30 12 5 18
48 25 27 27
48 18 14 35
40 25 34 13
20 43 4 22
39 18 7 36
32 5 26 36
44 34 40 12
46 17 19 7
36 9 14 31
37 12 5 22
38 19 2 17
43 17 10 29
36 12 3 35
39 20 4 7
33 7 16 7
35 8 12 30
7 11 13 5
33 28 3 38
34 15 1 24
15 31 7 17
7 33 25 46
34 5 7 19
17 42 25 47
48 19 7 19
6 37 5 48
38 21 3 15
18 39 49 17
43 13 2 20
30 49 33 46
43 14 9 26
36 39 35 9
30 14 49 41
31 13 18 17
42 26 20 13
48 29 17 47
43 42 27 49
23 10 32 42
11 24 14 18
48 12 13 22
30 15 41 47
46 28 7 15
5 42 32 19
38 8 29 4
33 15 16 11
2 32 17 33
29 13 25 39
49 18 17 49
49 17 19 22
47 13 11 24
44 16 39 41
15 29 24 39
34 12 10 11
33 6 3 10
28 10 42 14
25 32 5 48
44 8 1 24
5 26 11 6
36 11 6 15
40 19 46 18
28 46 1 15
33 9 25 32
9 35 6 30
35 18 7 17
6 40 10 13
47 12 34 20
42 11 1 46
49 22 22 31
49 26 22 5
49 25 12 30
48 26 10 8
49 6 14 16
29 9 13 11
32 8 9 14
36 49 15 17
44 15 7 27
36 6 21 3
45 11 31 39
40 15 8 37
16 44 49 7
14 42 1 13
49 17 6 10
6 39 9 9
39 21 18 18
48 29 29 11
34 19 24 7
45 9 35 16
37 24 25 12
42 5 19 17
32 15 21 9
40 23 11 16
47 19 10 12
7 27 5 38
41 18 13 17
31 2 35 8
26 7 26 38
34 11 7 15
40 7 22 30
42 7 32 2
38 22 22 37
4 36 4 14
48 30 2 13
45 20 15 44
28 14 16 18
39 10 6 17
32 8 4 17
9 42 35 2
43 16 18 23
36 15 13 17
47 16 24 23
35 10 18 0
29 16 5 16
9 49 23 23
44 15 23 5
36 10 8 11
7 41 9 24
22 22 34 44
45 27 12 15
4 42 21 45
47 15 14 42
40 30 3 21
38 9 1 12
6 45 37 20
41 13 17 17
43 28 33 36
49 25 25 33
5 35 2 3
28 16 4 23
45 9 0 19
24 27 6 17
36 4 0 4
48 16 45 6
36 16 23 9
45 13 25 6
34 8 5 32
28 24 8 13
45 11 26 42
38 9 37 31
36 31 13 27
25 17 10 5
33 10 30 13
44 17 32 20
35 17 16 40
32 12 7 13
0 34 16 31
46 21 45 39
33 11 20 11
40 15 11 19
31 8 13 13
8 49 26 8
40 5 7 16
38 20 12 21
37 31 28 22
41 23 8 18
34 11 12 30
35 7 4 13
33 17 3 19
34 20 1 12
44 17 22 47
44 21 11 16
30 11 17 42
40 23 41 17
31 9 3 18
30 11 3 22
0 42 17 46
35 16 35 35
26 12 17 12
13 28 17 14
49 15 30 29
27 7 1 18
31 32 13 18
41 28 7 17
34 9 24 29
44 10 31 44
40 19 7 2
33 1 9 8
33 5 35 36
39 22 5 20
46 12 24 7
46 17 22 18
44 4 9 21
26 13 16 32
45 10 19 49
49 11 35 1
26 12 3 39
30 41 10 21
39 20 22 40
13 32 11 22
45 14 47 40
30 7 11 41
33 4 7 20
40 19 43 15
33 18 6 24
24 6 6 7
2 42 17 23
39 26 15 10
44 10 10 12
15 44 38 18
31 13 1 21
18 21 28 22
40 18 7 13
6 44 40 21
44 8 19 26
31 37 7 17
26 47 31 17
32 11 45 17
28 17 39 5
30 18 6 19
33 9 3 17
43 10 15 6
40 18 38 22
33 11 40 36
47 19 4 25
15 29 13 10
34 14 35 27
32 11 36 45
23 7 2 20
22 45 6 24
33 11 3 23
32 28 48 0
32 12 15 15
44 20 9 36
18 34 26 4
8 30 3 14
44 11 9 13
4 42 41 10
48 7 7 17
48 22 28 29
10 28 14 14
36 14 8 18
2 46 39 27
30 12 29 23
36 24 7 42
28 4 6 16
46 18 32 44
42 20 9 8
30 9 45 18
42 19 19 4
48 11 9 11
32 9 10 14
32 18 48 29
38 19 8 20
31 15 8 17
49 10 13 12
37 32 12 5
43 12 7 25
38 9 40 47
49 11 15 9
33 8 13 17
28 11 14 28
9 45 28 46
30 11 10 36
38 21 1 16
13 21 8 13
36 10 15 34
47 48 42 31
27 10 29 0
46 9 39 36
33 8 41 46
8 24 5 5
48 12 10 19
29 15 28 10
41 20 4 5
6 47 37 48
37 12 12 44
31 9 32 23
16 43 23 46
28 16 15 44
25 9 21 17
30 11 29 37
49 18 9 21
30 9 27 2
44 7 9 13
45 19 9 16
41 13 16 14
30 10 9 26
45 15 40 13
33 6 15 1
8 41 7 11
46 18 27 1
31 18 7 16
39 8 20 23
30 10 7 29
38 14 6 13
36 4 33 7
34 10 10 17
25 3 5 16
33 13 24 32
42 24 49 43
28 9 17 19
35 17 29 19
49 22 40 42
14 40 9 25
36 8 3 14
24 45 30 0
49 18 4 18
42 11 44 4
49 14 12 30
47 12 0 18
35 16 44 20
41 6 0 11
47 17 23 23
41 14 35 41
48 41 6 16
47 16 48 8
45 16 5 13
38 18 34 26
48 15 29 14
16 40 15 27
35 6 4 20
28 11 38 46
43 12 38 30
32 12 26 34
28 8 7 19
37 8 15 35
48 26 47 40
30 9 0 9
44 11 43 27
27 11 6 20
48 20 46 45
46 15 2 20
38 28 42 44
45 23 42 9
29 11 16 45
34 8 19 26
32 8 9 6
32 12 29 24
32 20 33 42
36 21 25 17
42 8 1 18
4 15 13 5
35 19 32 42
46 16 44 30
28 44 29 24
30 6 7 17
35 7 41 16
38 28 21 18
25 16 39 45
28 16 17 49
46 11 24 35
33 5 14 9
41 21 21 16
42 20 11 14
44 35 23 11
46 17 17 2
24 10 11 27
40 16 45 32
31 10 38 30
12 36 15 17
43 8 29 17
28 30 21 17
7 20 10 12
35 11 17 45
31 18 3 14
36 6 34 38
7 41 20 34
31 15 11 19
31 11 44 8
27 7 32 15
43 19 3 16
32 13 44 14
44 10 14 13
44 20 3 18
3 49 33 14
38 16 48 19
39 14 6 22
39 22 48 13
46 36 3 15
30 17 18 8
13 45 36 27
43 16 14 19
2 36 0 29
47 25 26 8
33 13 2 18
46 6 1 21
31 11 36 22
32 10 28 18
30 5 28 1
37 12 7 22
2 36 3 18
35 13 21 47
46 16 10 14
35 9 14 12
2 43 11 15
41 8 30 15
45 11 32 1
36 10 6 25
30 35 34 31
37 15 38 10
47 11 39 40
48 6 15 11
30 11 3 29
40 17 14 1
31 17 10 27
1 37 36 41
41 14 8 20
44 19 7 6
44 15 14 10
47 19 19 28
36 12 39 35
35 17 8 16
30 12 17 4
43 40 20 1
35 17 12 4
49 16 9 19
29 2 25 46
1 31 8 15
39 8 12 22
41 8 3 20
39 23 36 7
38 7 24 27
46 29 15 26
46 32 3 18
46 15 17 18
28 13 39 18
39 11 38 43
36 26 32 39
43 22 7 18
48 28 29 13
36 15 4 25
43 13 8 29
34 15 5 47
30 15 35 12
34 14 14 49
33 7 3 11
43 37 17 25
42 9 6 31
42 15 15 35
46 22 25 17
33 9 4 30
32 14 16 11
31 5 20 4
8 42 16 6
36 32 16 18
45 44 6 20
32 11 10 34
40 11 15 45
49 25 10 1
40 15 17 36
49 16 2 29
5 48 3 22
9 29 1 16
41 16 23 42
32 11 3 35
49 16 33 7
43 3 8 21
30 14 12 10
33 10 47 45
34 11 48 21
37 16 27 41
45 7 6 18
4 35 17 13
37 20 30 29
39 15 8 16
28 41 2 10
37 19 2 45
33 14 24 40
35 12 16 22
31 30 4 15
10 40 34 46
9 37 35 7
28 10 32 29
48 2 3 18
48 19 45 9
40 25 13 26
44 19 22 20
33 4 38 30
30 16 17 23
30 36 36 43
35 10 23 48
17 46 37 21
43 46 34 7
36 13 3 18
32 10 8 26
0 41 16 24
36 13 2 24
31 11 29 16
32 13 35 9
33 14 14 46
45 25 19 22
28 16 4 21
32 8 2 20
0 21 6 16
35 11 14 26
36 10 17 27
37 10 21 9
43 9 11 18
27 10 26 30
26 14 8 10
25 34 24 41
2 36 5 26
1 48 20 49
43 28 4 16
40 8 20 31
38 23 1 15
31 15 45 41
31 5 16 5
31 14 30 0
30 15 29 19
28 5 41 5
45 12 2 20
43 10 5 19
40 10 10 8
48 34 13 3
15 44 21 43
31 13 42 32
44 21 21 18
32 11 16 11
30 9 18 39
32 7 18 18
30 1 18 24
47 19 10 37
46 43 15 40
30 6 25 16
49 16 26 12
3 45 37 48
38 19 39 46
7 39 16 38
39 18 13 25
31 8 16 14
30 9 5 17
44 15 10 34
36 7 28 10
49 20 29 23
36 14 41 30
37 6 4 18
48 15 9 3
26 25 10 25
35 9 14 17
49 14 7 14
31 18 8 19
25 12 45 8
41 13 43 20
40 20 21 35
46 21 9 18
37 16 29 33
5 31 23 38
42 14 46 21
49 17 28 12
19 37 39 23
48 30 31 10
40 14 4 10
42 25 23 15
32 14 2 27
39 18 6 22
33 10 6 10
10 35 28 40
34 7 22 33
49 23 16 18
41 0 44 39
20 25 27 7
42 14 7 16
47 15 41 24
23 45 4 23
37 14 5 19
41 17 8 37
8 43 42 28
29 14 37 19
40 11 27 3
37 12 47 7
30 18 26 0
30 7 48 6
43 26 34 39
29 39 6 24
35 8 4 16
37 14 27 36
44 21 30 34
37 13 1 8
45 21 9 17
38 18 16 40
27 10 17 14
39 12 3 14
32 9 7 5
47 20 14 13
31 15 4 18
36 5 11 22
6 47 4 18
45 23 9 20
19 48 10 7
33 5 10 8
34 4 29 15
46 22 11 15
45 20 11 23
45 19 17 47
36 8 27 9
41 15 25 23
30 9 8 38
34 14 9 7
44 17 44 49
8 33 1 17
48 8 40 36
35 8 1 7
37 9 16 47
35 41 26 21
10 42 3 19
27 48 44 43
45 21 0 14
19 34 6 24
48 13 40 39
4 41 5 8
39 17 24 43
3 31 38 1
36 23 7 31
44 18 13 3
44 24 12 15
44 23 32 47
49 10 10 27
35 17 39 22
34 36 44 38
41 11 9 39
33 6 44 10
46 17 9 3
35 18 47 38
29 15 4 20
45 14 13 34
17 48 5 16
30 13 2 17
7 43 15 33
34 7 8 28
21 5 32 33
32 7 10 4
14 40 26 47
9 39 1 18
49 20 4 13
31 15 5 17
39 15 19 35
1 38 32 18
17 19 26 46
37 11 26 28
45 15 10 13
34 10 7 19
35 13 20 22
40 23 0 6
43 15 26 12
19 44 6 20
41 10 9 26
30 9 12 3
44 9 33 40
34 8 8 19
43 21 14 7
38 8 40 12
34 16 29 2
39 14 14 10
9 47 4 18
37 7 43 23
38 9 5 18
29 19 5 2
46 13 16 27
43 16 21 44
25 20 18 49
36 12 12 17
25 23 10 27
44 13 4 16
34 7 23 21
35 15 15 12
8 48 0 29
35 7 11 21
44 29 47 9
47 22 33 32
11 39 39 13
46 17 28 15
16 48 12 15
43 18 4 19
33 10 41 13
31 14 4 26
33 25 5 16
47 7 7 17
33 13 7 17
43 13 14 49
34 14 47 2
33 10 10 18
39 19 29 3
31 22 30 37
36 10 19 16
35 14 43 40
37 17 6 17
47 20 5 16
35 17 29 8
47 15 33 49
49 5 5 45
31 12 22 31
35 34 5 19
32 29 36 41
46 23 21 12
38 13 14 40
8 49 40 8
43 25 7 17
34 9 5 23
33 10 34 18
47 15 45 11
32 11 5 20
40 13 7 14
29 7 32 21
32 9 5 17
29 41 18 28
35 4 45 18
11 48 3 22
39 37 2 21
42 17 30 39
45 19 21 28
9 19 36 18
38 17 9 17
36 7 22 33
35 12 18 39
29 6 19 4
27 18 7 40
31 2 27 3
34 12 14 27
