50 228 15312 800
21 22 10 0
27 13 35 20
36 8 33 29
21 33 43 3
12 21 25 20
32 20 12 6
10 13 44 3
15 4 33 16
11 6 41 9
12 8 7 3
3 4 17 12
22 10 45 23
2 4 17 4
7 6 48 6
25 27 29 12
20 4 6 29
4 9 17 10
26 23 25 0
1 5 37 35
8 0 48 19
11 6 28 8
12 5 7 10
31 26 20 1
23 0 20 3
5 2 26 0
20 10 49 19
5 25 2 34
39 16 14 7
9 11 48 9
14 8 31 25
16 0 47 8
8 3 22 20
25 40 11 0
3 5 1 9
23 26 39 3
3 9 0 18
6 18 0 14
3 4 41 8
6 5 49 14
2 23 13 2
23 13 25 19
12 10 30 14
12 3 23 29
23 29 27 22
27 3 42 38
17 10 14 19
18 8 31 22
2 15 33 14
19 21 1 13
33 16 39 22
41 1 6 4
28 19 41 0
14 4 31 24
15 12 9 23
25 42 42 31
28 18 25 4
16 2 37 1
12 20 48 6
44 22 38 43
36 0 33 25
7 21 33 29
1 14 18 11
14 43 32 10
11 6 6 20
7 18 25 15
15 22 0 22
8 3 22 1
43 9 5 9
0 6 27 41
10 25 32 30
32 23 39 20
10 6 25 35
13 8 48 14
15 6 35 16
6 3 41 26
15 21 28 18
15 18 19 10
6 32 48 2
45 8 40 6
12 6 15 21
14 40 31 35
35 22 34 5
0 27 17 25
2 30 38 0
35 27 18 2
17 49 24 23
29 23 37 35
5 12 30 2
2 3 19 15
0 22 42 27
15 14 12 0
32 44 38 32
40 11 13 1
1 23 46 16
6 32 43 16
8 8 13 24
8 0 23 31
12 16 38 33
22 22 44 3
10 4 29 34
21 23 44 43
2 9 47 7
7 16 46 10
12 3 20 15
27 8 1 2
11 15 45 5
2 30 12 12
42 8 27 17
40 15 12 34
5 25 36 1
4 33 35 33
15 27 12 3
30 38 49 12
12 20 22 1
6 13 23 4
2 4 49 13
6 7 10 8
14 9 6 13
11 7 20 19
21 33 38 0
13 16 16 18
0 28 9 0
8 49 36 10
7 7 37 5
25 23 46 41
41 22 37 4
18 0 30 34
14 34 42 9
24 24 46 9
16 0 24 6
37 22 44 23
23 17 39 6
15 4 11 30
2 1 28 23
11 17 38 9
11 14 29 5
3 4 3 17
16 13 26 16
18 22 26 24
20 45 16 36
14 33 35 32
21 26 14 12
15 10 30 21
42 23 39 44
39 19 19 0
14 24 46 6
4 34 16 0
0 21 36 41
6 13 49 11
25 8 7 23
6 9 29 6
13 17 12 6
41 17 30 45
8 5 26 28
3 49 36 41
5 1 29 45
10 32 0 19
11 24 12 10
42 24 30 12
9 20 35 21
8 21 48 11
9 9 24 28
13 4 25 12
18 24 49 9
32 27 21 3
24 13 1 8
15 37 3 16
2 24 47 11
11 7 38 30
9 29 36 21
34 6 31 30
14 7 39 12
9 9 4 1
37 13 29 32
7 23 35 24
15 3 39 42
7 8 23 9
7 23 45 11
14 6 3 20
14 12 20 16
29 37 33 1
5 2 9 1
16 2 24 5
15 8 46 9
11 4 15 6
47 18 3 26
27 44 49 30
9 7 32 24
30 4 45 34
2 19 38 7
9 5 45 2
29 34 0 16
2 13 21 2
24 19 27 4
6 9 39 25
34 39 32 22
14 22 31 34
2 10 29 5
8 6 38 46
26 46 26 19
23 11 9 28
41 24 35 4
7 25 37 11
11 23 24 0
7 42 40 0
9 11 25 32
19 17 22 3
13 8 47 2
8 9 39 44
12 17 40 42
6 31 8 13
7 18 26 7
24 20 39 1
6 1 9 17
6 9 4 1
4 14 11 17
34 1 33 27
12 4 40 13
9 5 47 2
11 5 46 25
5 30 39 18
10 6 28 3
42 7 26 4
4 6 41 2
15 4 46 3
14 0 34 4
12 5 6 1
13 23 40 4
