50 150 19062 800
42 12 34 21
13 22 33 25
35 12 19 1
38 24 42 23
38 17 20 7
37 19 10 29
8 38 35 22
16 20 33 21
36 20 28 29
20 25 31 39
5 33 32 24
39 15 46 11
39 10 33 20
13 38 33 37
4 46 15 1
25 36 32 21
44 30 14 9
8 25 27 36
13 36 30 32
14 27 45 26
30 44 35 42
25 35 30 33
33 9 28 37
41 14 38 22
12 49 36 21
9 36 42 15
0 42 22 0
43 13 25 32
48 36 25 28
37 20 33 22
4 40 38 49
25 36 16 20
41 10 32 35
36 14 34 32
26 35 35 41
29 15 12 7
38 4 19 18
35 13 37 19
22 48 47 31
22 14 32 45
41 32 19 24
30 18 23 34
36 36 35 30
16 24 37 38
25 46 32 3
40 16 31 20
36 10 28 22
30 20 16 23
39 8 6 2
40 22 48 21
37 16 17 22
44 36 23 24
25 36 14 45
42 27 34 24
39 16 22 9
36 23 30 38
41 15 21 14
6 41 34 0
15 28 36 34
23 28 21 23
40 18 33 21
36 17 10 30
20 14 25 46
19 39 39 18
9 39 22 8
7 41 37 28
28 10 20 23
35 10 4 12
40 18 34 27
24 8 2 9
32 8 8 4
22 38 34 45
29 22 9 27
11 30 18 26
15 43 32 4
35 40 31 21
39 12 37 21
10 46 40 7
22 35 14 20
13 28 28 39
17 13 25 32
15 19 13 24
11 41 35 24
37 12 29 8
46 10 7 33
10 44 32 27
11 33 2 20
11 34 34 22
44 16 32 22
7 21 39 20
22 27 21 46
5 43 38 39
10 41 13 19
15 45 16 41
40 14 6 6
8 45 42 15
15 42 22 44
35 17 31 30
9 34 19 25
15 42 34 39
26 43 38 41
17 12 24 37
44 13 43 26
14 43 21 31
15 49 16 21
32 30 35 22
48 26 43 6
18 44 24 39
41 8 33 20
29 39 24 1
2 36 9 15
37 13 22 49
24 26 13 20
36 26 24 25
40 13 19 25
23 39 20 19
25 7 17 24
28 33 44 11
18 23 36 44
44 36 39 22
36 20 0 31
34 13 15 18
28 6 31 23
6 41 18 41
40 19 18 43
39 16 30 37
18 40 12 11
38 12 35 21
43 10 35 47
17 42 22 35
43 44 21 5
24 13 33 21
31 24 37 43
4 35 7 17
27 40 18 18
45 30 30 39
21 27 22 33
1 39 33 25
9 34 31 21
41 14 38 10
2 31 33 19
40 12 15 34
33 24 36 43
12 47 38 15
34 37 36 22
34 34 35 21
34 15 38 36
36 2 29 46
19 21 36 25
39 31 7 8
