50 806 17375 800
47 22 47 28
23 36 34 27
29 39 46 34
41 45 7 2
33 37 24 23
20 6 19 21
14 16 19 30
38 44 34 9
41 43 3 44
36 28 15 33
49 29 46 8
17 49 30 9
15 39 40 40
17 37 49 39
41 36 48 18
23 39 39 12
36 40 14 5
14 24 31 47
43 17 41 29
29 42 34 21
29 30 48 18
49 47 43 12
36 47 20 31
29 48 22 26
42 44 32 17
27 45 45 36
30 41 45 34
29 36 32 40
47 22 17 35
28 40 3 5
40 23 27 23
9 5 14 49
39 49 10 11
1 34 25 40
6 0 27 15
45 44 14 5
17 29 25 18
26 34 34 40
32 43 25 33
8 1 30 40
32 30 38 30
44 25 46 37
39 24 45 5
23 19 45 25
17 43 46 32
25 44 34 23
41 37 19 33
21 32 30 14
46 19 21 28
30 37 43 35
36 45 16 2
10 15 9 44
46 22 18 38
19 32 35 31
29 38 46 18
28 43 19 5
42 36 18 40
36 40 32 30
16 2 31 20
31 43 48 48
40 40 44 33
38 47 41 49
37 38 7 40
25 16 27 12
32 26 43 12
29 32 44 8
43 18 33 10
21 45 21 6
38 11 21 33
32 40 15 30
36 37 26 25
13 14 9 25
19 28 45 43
32 44 48 32
41 23 35 42
17 27 38 44
30 38 25 11
46 19 43 37
45 44 48 9
4 36 35 13
18 40 27 19
21 35 44 34
2 8 25 30
25 39 34 25
44 40 18 27
4 48 29 23
26 20 27 28
43 41 44 23
0 36 16 22
21 9 49 40
36 15 44 34
8 44 28 39
9 45 17 45
33 46 14 37
21 15 18 31
46 24 20 46
45 20 47 36
43 27 37 35
11 28 33 0
2 44 22 44
8 41 31 14
42 24 23 10
38 28 36 37
29 37 47 29
39 14 40 6
30 43 11 20
36 20 18 48
14 11 39 18
36 48 48 27
19 36 45 21
4 7 24 14
25 13 31 3
47 20 48 40
4 32 1 6
25 35 45 25
47 44 30 1
35 41 39 3
36 43 44 22
41 47 8 5
19 30 22 39
31 42 48 20
18 46 34 7
23 36 35 43
44 27 23 33
6 42 41 41
17 43 29 16
5 1 37 29
35 42 39 29
41 18 46 27
47 25 35 13
34 40 5 5
43 40 43 35
27 40 38 31
11 16 6 5
10 13 13 33
41 41 15 33
32 37 31 14
45 30 43 20
26 42 40 23
40 38 5 1
9 3 11 22
4 11 43 2
22 29 46 44
34 29 31 11
29 49 42 34
33 41 48 38
37 38 45 26
7 34 49 34
28 28 35 28
23 30 11 1
10 26 11 3
26 9 43 35
5 43 46 28
16 17 14 10
30 45 49 33
36 40 12 7
24 19 47 28
9 24 17 31
30 37 42 16
27 40 18 18
11 7 48 28
12 30 36 2
44 41 48 23
11 11 29 29
8 30 40 4
32 43 21 7
8 12 34 27
30 18 40 34
28 44 39 11
33 43 38 9
4 28 27 16
2 37 35 33
18 23 40 19
9 9 46 13
40 42 35 36
16 43 0 14
36 36 20 48
34 44 47 26
0 18 35 18
34 46 31 35
43 23 37 18
27 42 43 5
26 45 39 14
9 28 19 33
17 42 9 38
43 44 3 6
43 44 36 33
3 39 28 29
21 18 26 48
22 42 35 24
33 26 45 33
30 26 34 35
26 43 47 35
10 8 37 21
6 18 4 37
42 27 17 20
2 15 25 41
15 23 46 29
7 25 22 22
2 44 36 36
33 19 45 23
49 27 32 1
40 40 43 19
40 44 49 31
18 28 33 31
14 40 32 9
47 18 37 16
41 41 39 15
45 31 34 13
7 49 16 30
11 5 47 5
32 47 36 16
18 40 26 14
35 45 6 45
38 39 5 9
27 37 14 27
44 41 41 8
46 25 21 32
9 6 13 12
42 24 42 42
13 41 45 31
11 48 33 11
30 43 9 43
29 44 18 47
41 27 32 0
30 41 24 28
29 36 26 14
44 22 46 41
38 10 36 5
19 16 39 20
42 24 13 30
26 38 39 27
5 25 37 13
42 38 41 31
46 20 42 26
28 31 24 40
15 2 24 38
32 31 19 27
37 47 36 36
49 21 33 20
40 27 6 3
18 1 38 30
48 24 38 30
27 41 27 16
34 47 4 11
39 43 43 24
47 22 48 32
43 36 20 41
7 25 41 48
0 36 33 30
16 7 35 11
37 42 45 45
39 42 4 2
42 43 38 9
48 22 35 43
36 7 38 44
38 45 13 36
20 37 43 32
42 48 7 6
39 47 4 4
29 36 31 15
41 42 45 11
39 23 32 14
43 40 22 25
24 45 33 22
45 47 0 5
11 44 41 24
44 14 25 16
2 29 40 4
42 35 5 2
49 24 46 16
35 45 38 13
28 44 6 10
32 27 38 23
25 43 6 2
43 19 13 21
36 34 40 26
32 29 36 20
18 21 9 29
39 36 49 23
27 37 42 20
13 20 22 26
28 39 41 20
30 43 35 34
36 32 16 44
26 47 44 28
31 33 2 3
30 33 33 18
39 39 26 17
47 38 21 30
40 42 28 15
21 32 49 31
34 26 37 36
28 36 46 0
40 17 23 21
0 36 20 31
26 48 47 17
16 8 17 13
43 34 42 39
27 38 37 20
27 35 14 48
7 46 41 8
34 42 49 13
12 39 40 38
43 45 35 27
49 23 10 1
26 36 46 9
2 32 48 13
39 42 36 32
44 23 38 49
43 36 15 47
29 40 22 16
30 44 38 36
41 44 21 3
43 16 38 33
25 39 27 19
8 43 37 34
15 34 13 45
10 47 49 18
27 33 33 36
45 26 33 24
9 14 7 37
2 42 7 1
24 18 27 31
33 49 46 29
38 45 40 29
17 31 30 9
11 48 21 47
37 43 38 37
36 35 35 2
29 35 16 19
30 36 44 35
36 37 9 30
35 46 16 43
28 42 27 18
36 33 25 41
36 45 35 14
1 5 49 26
35 40 31 36
40 19 46 19
28 41 22 19
16 10 24 42
30 10 8 0
37 44 10 37
24 45 27 17
24 40 46 42
15 29 41 27
26 37 39 32
38 35 46 33
22 8 48 43
14 4 17 27
11 13 7 4
42 42 24 31
23 23 30 22
47 16 42 30
44 44 22 26
43 43 35 36
38 44 23 42
36 44 48 13
10 45 16 18
25 37 37 29
38 39 26 40
26 37 45 13
22 38 20 27
38 46 34 7
31 38 20 48
6 48 44 44
32 5 43 43
30 38 10 25
17 28 38 27
48 29 25 30
46 24 46 47
32 43 16 19
46 24 46 43
4 11 26 22
25 41 41 29
41 43 18 37
5 46 23 38
40 18 11 35
23 34 29 38
12 6 37 37
25 45 16 27
22 36 45 26
41 43 32 13
31 42 40 37
10 22 44 34
40 34 18 48
39 23 28 1
36 19 36 1
31 35 11 28
24 8 8 3
13 43 2 11
12 40 27 35
7 9 39 14
9 49 16 22
40 45 0 6
4 17 29 32
1 22 36 29
32 40 21 40
24 41 42 28
38 25 23 19
21 28 40 16
19 45 5 3
11 36 11 11
12 26 48 20
38 28 25 10
45 37 31 30
1 48 36 6
34 38 24 30
9 43 9 36
8 26 48 20
35 40 35 21
36 32 22 28
19 43 23 25
37 38 31 17
20 44 24 18
12 34 33 45
33 42 41 39
33 43 44 26
27 43 17 48
42 26 7 8
22 47 43 13
40 25 42 10
42 13 35 21
43 19 27 41
27 42 42 4
27 44 2 8
38 42 24 29
11 46 7 7
43 45 49 5
10 30 12 21
33 36 31 30
30 49 49 36
16 25 13 47
32 35 43 24
1 33 35 0
40 38 23 21
29 43 27 17
43 28 30 35
46 25 43 15
20 12 46 35
9 5 25 36
43 47 44 36
20 43 42 24
14 44 20 49
14 28 14 18
36 44 39 17
46 28 28 16
26 13 36 4
25 38 11 43
8 20 47 14
34 44 30 30
33 48 0 3
48 25 33 15
43 26 6 2
31 44 45 30
26 1 20 23
6 43 41 35
39 44 42 35
36 25 44 30
26 31 44 37
33 41 44 7
12 34 37 25
27 35 47 8
29 13 5 2
35 38 32 36
4 25 0 5
36 44 43 21
27 5 44 23
17 22 38 18
37 30 26 14
22 46 36 27
43 44 44 18
31 41 30 15
32 42 14 24
40 43 37 23
4 43 42 38
8 11 31 20
28 40 24 45
36 37 13 26
30 39 15 31
22 47 22 25
38 43 18 45
26 36 42 1
32 17 16 48
14 30 30 49
47 20 7 28
1 47 28 21
39 27 47 38
38 41 30 16
9 16 49 35
21 23 32 42
40 40 34 23
18 19 6 31
45 18 10 19
31 41 26 37
10 20 43 7
37 40 45 26
39 39 38 0
11 7 39 0
14 47 22 28
36 46 25 33
21 23 46 42
31 44 19 43
25 49 13 7
30 41 16 13
41 19 46 45
31 22 14 14
34 39 3 7
22 23 39 32
45 31 17 8
41 44 20 33
30 38 17 48
24 16 4 13
48 27 42 29
22 37 23 32
30 34 31 8
37 49 32 31
38 27 43 38
28 42 17 21
24 44 26 14
26 32 41 47
40 28 47 6
35 37 34 9
15 43 42 35
40 27 39 49
42 39 45 32
41 35 19 42
37 42 40 25
38 34 11 1
17 3 5 0
40 44 47 26
22 35 15 34
19 44 44 29
14 32 33 49
11 17 49 35
12 26 33 9
27 33 32 35
22 28 36 33
39 41 49 24
16 36 6 44
48 46 13 48
16 19 28 11
45 44 11 3
27 41 45 17
29 39 39 30
2 42 47 24
23 35 49 43
9 28 14 43
39 17 41 4
17 33 38 16
45 12 38 48
24 48 49 18
39 36 25 38
26 7 40 47
4 23 36 27
34 39 19 46
4 38 30 30
34 32 2 4
20 39 44 34
39 36 38 7
31 42 32 7
26 41 41 30
26 37 48 38
33 40 13 22
44 5 19 48
41 41 7 28
36 33 45 45
17 39 38 30
41 20 46 21
44 15 40 35
37 37 22 1
27 41 36 10
30 48 46 25
8 3 43 29
43 45 36 38
34 48 36 6
9 21 41 41
33 39 25 45
10 40 34 48
43 40 48 46
29 32 47 18
28 5 46 16
5 49 16 48
41 41 37 45
42 38 46 31
42 38 40 21
12 38 40 34
22 42 48 31
38 41 38 27
25 39 35 16
27 41 39 32
38 36 46 33
34 44 3 45
29 43 4 27
45 18 31 6
21 4 24 25
18 48 35 3
29 37 46 41
34 47 20 32
39 43 37 17
36 44 22 25
30 48 34 0
40 36 44 26
14 37 37 19
21 36 1 3
18 35 30 27
48 23 36 42
7 32 41 32
33 26 15 21
34 38 49 28
26 44 26 20
30 36 38 38
33 41 37 14
41 29 15 26
3 12 15 49
15 7 48 41
41 17 38 15
42 43 43 22
39 47 38 37
35 35 20 38
28 36 37 12
25 19 45 4
42 25 20 47
41 23 21 44
28 34 33 18
19 40 8 36
25 41 31 40
37 40 3 4
7 16 15 47
29 34 35 43
31 25 38 22
38 41 31 49
39 42 17 46
16 28 22 17
33 31 40 21
4 11 44 21
29 40 7 5
2 36 43 11
34 34 26 49
39 47 2 8
17 35 48 21
43 28 13 46
15 30 2 3
40 37 36 34
26 43 13 17
26 42 45 8
36 42 21 46
43 43 44 8
47 27 37 31
28 32 43 23
10 43 36 28
14 37 22 48
38 16 25 38
34 35 47 34
47 26 12 23
37 35 39 43
37 34 30 32
4 35 8 1
38 40 43 10
38 42 44 49
44 22 32 31
41 25 36 28
27 10 46 9
33 40 38 11
48 15 28 48
9 30 22 5
33 40 33 35
1 42 21 35
17 34 41 42
17 0 10 33
6 17 23 21
39 43 11 29
1 36 49 29
33 36 43 23
40 37 49 6
19 29 47 18
16 39 38 19
13 47 33 31
35 44 39 23
34 45 22 29
22 49 34 38
7 48 35 42
19 47 35 29
32 42 23 6
34 43 32 3
46 24 45 7
48 27 40 14
39 40 29 12
24 34 27 46
36 39 24 43
29 40 44 31
35 48 29 18
25 24 14 31
28 34 40 43
20 32 9 12
27 34 13 2
41 45 0 30
28 37 44 12
1 35 47 38
20 39 42 25
38 38 38 21
45 25 25 26
31 38 37 36
28 41 45 29
39 37 1 5
34 36 28 27
21 7 42 20
34 35 40 39
44 26 37 46
48 27 21 39
46 15 20 45
7 18 47 24
20 30 34 26
36 40 40 36
18 26 43 36
39 11 33 41
30 40 18 45
43 18 32 20
3 47 5 9
38 45 24 24
18 30 28 18
18 1 7 4
25 38 29 10
6 12 14 25
35 23 19 33
12 35 9 28
13 0 39 9
34 22 32 36
26 43 39 13
45 29 24 39
14 15 46 31
7 28 17 37
42 24 48 22
9 35 37 35
17 6 4 30
37 19 6 35
22 37 34 32
35 41 37 28
33 39 24 32
37 48 37 29
36 36 42 46
38 36 29 4
33 38 40 47
23 14 43 28
28 20 43 46
44 30 10 3
34 35 44 23
41 49 1 5
22 49 49 27
32 45 36 31
18 38 49 42
30 35 22 44
26 42 4 0
23 27 49 32
19 35 28 49
46 27 16 16
36 42 11 26
27 41 48 24
8 16 36 18
4 15 47 32
35 32 5 4
27 13 2 37
32 41 46 47
31 35 4 3
39 39 31 43
33 46 49 37
30 43 25 26
47 15 41 44
5 17 39 27
34 44 47 23
41 43 41 30
29 40 22 18
1 3 34 24
0 30 28 9
46 46 48 27
25 38 18 39
1 28 9 3
24 22 35 47
42 44 17 40
34 41 13 33
21 33 42 32
16 24 30 44
12 6 29 12
29 37 15 22
18 39 46 44
35 43 27 23
16 40 2 8
49 26 7 36
25 38 48 14
42 47 28 21
28 29 26 34
38 45 30 20
42 31 15 39
10 19 49 29
38 25 36 33
22 23 43 38
8 47 30 18
36 30 46 44
3 44 12 33
46 15 44 34
12 20 29 27
38 40 29 28
26 39 44 28
42 29 49 24
16 9 5 6
