50 54 11269 800
36 31 22 9
24 49 35 5
48 14 23 13
39 16 0 42
2 1 6 43
13 29 38 45
19 27 25 17
25 47 13 8
35 27 3 25
34 36 34 14
15 32 45 12
11 21 4 44
21 18 42 24
11 23 20 28
16 33 12 30
43 22 7 45
49 43 1 37
10 41 14 39
44 28 17 43
21 4 28 23
40 40 8 49
12 28 18 31
29 3 3 4
23 46 15 16
39 23 42 46
30 8 28 2
15 3 30 34
29 35 1 11
25 0 0 43
19 0 12 14
0 37 11 0
21 0 11 30
38 44 14 49
11 12 44 1
3 14 18 5
15 15 27 34
14 26 10 39
3 43 12 38
14 7 22 21
39 39 14 20
5 8 40 48
42 2 45 46
21 32 44 47
28 7 42 44
22 0 29 8
28 8 31 0
25 7 40 16
22 33 36 35
33 45 47 21
18 49 20 9
6 32 16 40
10 28 23 31
43 39 5 48
40 7 6 42
