50 142 14742 800
44 10 41 21
39 42 32 45
42 34 42 23
47 40 11 42
35 32 14 31
44 33 35 16
45 41 46 30
31 33 46 11
36 45 41 23
40 34 47 33
38 40 37 20
46 48 34 21
15 40 29 33
46 34 10 16
39 35 47 27
28 18 48 48
2 46 15 30
49 13 47 17
38 37 26 5
36 42 17 12
19 31 32 35
21 29 28 10
41 40 45 30
41 40 40 19
30 40 37 26
23 34 34 39
18 15 10 32
36 38 45 22
33 37 35 7
44 34 38 33
37 37 35 14
42 32 37 26
4 3 37 25
35 35 44 41
36 26 45 45
43 36 30 8
37 38 28 40
32 41 43 8
46 2 46 47
36 39 43 8
37 38 6 13
3 19 12 43
39 48 32 1
32 39 30 17
38 42 34 45
8 28 25 11
42 46 44 3
1 47 34 5
34 44 19 13
38 37 42 21
31 39 44 12
40 32 17 13
42 30 29 10
38 32 18 14
39 34 25 43
2 35 33 40
47 5 49 18
29 32 49 13
12 37 25 38
43 33 31 13
4 23 47 10
34 44 11 16
42 40 48 46
38 41 44 12
39 12 29 14
20 24 46 47
37 8 49 1
49 22 45 19
22 35 49 44
42 39 35 29
36 31 22 8
43 16 44 47
5 42 23 12
10 35 18 20
27 49 30 10
37 44 45 30
40 38 27 18
46 45 32 43
32 32 40 27
36 37 21 10
2 42 30 12
42 18 30 18
45 36 45 23
6 23 25 13
0 11 34 12
42 32 31 11
19 31 18 8
39 32 37 28
10 25 35 20
17 27 46 6
40 31 20 11
46 44 36 21
38 42 39 5
38 44 18 16
31 33 44 39
44 43 33 33
35 37 19 17
41 47 24 14
37 47 28 41
38 32 46 21
46 14 41 31
36 40 35 6
36 40 48 48
36 47 40 46
8 31 45 17
5 26 23 9
44 43 17 43
44 44 37 2
36 4 27 32
22 23 48 20
30 41 13 36
44 34 46 23
38 43 45 37
14 16 19 26
37 40 31 39
39 40 36 47
22 25 15 42
42 36 30 28
29 38 16 36
42 42 46 22
45 35 46 49
9 26 44 44
36 42 10 35
44 19 24 16
7 44 16 12
41 39 26 19
42 37 35 21
40 33 38 45
34 40 24 33
39 34 1 32
38 39 20 40
45 9 27 38
45 33 48 10
38 37 17 13
14 27 31 33
46 16 36 12
37 39 28 4
41 41 44 5
34 37 43 43
40 35 23 13
7 22 12 45
39 47 29 18
