50 700 15079 800
38 13 49 4
8 48 33 19
49 18 33 45
12 47 23 37
39 1 4 11
36 19 40 46
42 23 42 34
15 40 27 34
43 45 15 43
38 11 34 37
21 12 11 9
47 21 1 12
45 23 4 12
35 38 5 30
40 4 16 29
45 2 17 45
25 15 45 8
15 8 2 10
2 45 12 26
11 48 4 8
26 11 43 34
46 29 2 11
30 29 47 41
45 18 2 21
21 11 32 47
22 13 40 35
14 40 45 4
27 43 4 11
10 45 3 11
47 27 46 5
41 49 46 5
23 13 5 11
45 15 3 45
37 29 44 7
8 47 27 42
19 9 8 27
47 23 48 3
44 14 8 45
49 14 16 37
21 14 49 44
33 10 22 34
6 43 2 9
21 6 2 9
22 10 2 14
5 46 4 8
9 49 4 9
26 35 39 43
28 26 40 43
17 12 45 6
48 48 18 30
28 34 32 48
42 26 46 6
40 42 11 45
2 46 30 45
31 32 11 31
23 8 2 9
20 8 14 20
19 10 3 7
40 47 3 13
17 44 44 7
42 25 12 26
20 9 9 11
18 9 8 32
34 14 39 38
45 38 41 40
48 36 1 6
34 45 3 10
2 31 47 6
45 3 1 12
33 15 13 16
49 24 37 48
27 19 31 38
18 11 2 41
23 13 20 17
30 36 3 47
9 49 22 27
18 15 3 10
4 46 7 13
26 22 44 6
13 47 38 35
32 31 39 40
43 32 35 49
31 23 15 39
16 12 20 31
32 46 3 12
20 12 48 30
40 42 4 11
8 43 1 8
8 48 38 32
39 25 1 10
48 29 47 5
36 45 42 5
11 49 2 13
20 10 8 31
36 16 44 6
5 47 29 36
45 48 3 12
6 43 1 10
39 40 33 48
35 45 30 39
34 12 1 9
33 10 9 18
11 45 1 8
42 4 14 35
33 45 1 10
40 27 5 9
33 43 44 7
30 16 8 11
22 14 43 45
40 40 31 43
16 12 2 12
18 10 5 8
21 10 37 45
20 15 48 4
10 45 10 28
34 9 4 6
7 45 17 41
6 49 31 43
46 15 10 33
35 16 13 41
7 44 22 47
18 14 48 47
16 25 3 6
17 15 48 3
40 8 20 37
11 42 0 11
43 19 6 13
42 44 48 10
37 47 4 11
45 40 47 6
18 11 39 33
21 12 6 12
36 17 1 9
21 9 19 30
20 12 46 7
8 45 26 34
47 41 1 6
33 1 49 36
40 39 48 5
36 10 19 27
10 38 27 40
42 39 36 45
29 30 2 41
41 4 48 6
45 21 41 38
11 15 31 25
43 19 18 24
18 11 23 39
6 16 17 31
44 27 37 39
19 11 5 26
38 30 17 29
28 48 37 46
18 12 29 25
42 8 36 43
34 11 46 7
9 48 5 33
31 34 18 19
45 21 28 43
41 24 33 44
10 18 41 37
42 9 24 22
21 8 0 4
44 43 46 8
46 44 15 40
47 22 44 40
46 37 20 32
24 9 21 25
42 39 48 45
42 30 9 9
44 12 5 46
29 31 20 32
26 21 6 33
38 36 45 35
34 25 32 42
0 14 34 37
18 16 0 5
42 26 1 14
45 16 39 39
42 21 14 31
25 0 41 22
43 1 27 17
36 20 17 29
37 24 46 41
20 10 4 13
38 47 44 1
34 8 39 42
27 39 45 8
33 30 5 9
34 21 27 37
7 42 4 9
15 10 46 6
11 49 5 7
8 29 6 17
39 32 7 10
36 41 6 8
40 1 9 26
20 15 37 14
22 7 12 28
23 11 37 38
23 9 17 19
38 35 23 34
41 22 43 10
7 45 43 7
48 31 12 32
38 32 35 2
21 13 3 10
35 39 38 34
40 12 18 2
46 32 47 3
22 7 29 48
12 11 29 29
48 7 38 38
21 5 31 41
8 49 35 30
46 8 18 43
47 46 26 37
44 40 7 31
19 11 46 3
24 12 10 34
47 34 45 3
48 29 35 47
5 42 4 10
10 48 35 49
19 9 46 4
47 29 30 40
25 18 31 30
9 45 37 46
28 8 41 39
33 39 21 39
33 15 31 26
35 24 46 6
37 42 2 9
48 5 22 38
15 44 47 2
36 27 26 38
49 13 34 25
19 8 42 46
5 47 4 8
35 3 43 8
49 39 21 42
48 13 6 14
1 49 22 48
19 13 23 24
40 11 13 25
3 48 44 4
20 19 3 10
40 31 5 12
10 49 47 5
24 35 3 7
21 40 5 10
37 10 15 49
8 48 23 46
19 11 14 47
42 30 3 25
45 7 5 28
8 39 4 9
34 24 26 30
20 14 28 43
9 22 3 8
27 10 26 43
45 17 2 34
19 28 45 8
43 44 46 7
48 11 45 7
36 46 9 30
37 14 44 1
26 13 41 37
25 33 18 28
45 29 2 39
36 16 26 33
40 45 7 29
34 44 25 45
40 30 13 34
6 48 12 45
40 43 44 9
32 30 14 35
40 49 17 32
36 22 35 39
11 48 36 22
32 21 1 9
41 18 43 4
32 29 46 9
40 4 36 43
49 7 6 9
26 17 14 45
35 38 2 8
33 19 4 6
47 11 34 36
33 21 28 22
6 41 42 42
22 15 18 35
44 3 22 32
39 44 3 10
49 15 5 45
37 8 46 6
40 46 35 44
37 41 45 3
48 42 36 31
17 9 39 29
4 44 33 26
39 24 7 47
46 8 1 25
12 47 1 9
12 18 19 32
47 27 7 19
20 9 48 34
43 44 15 35
15 12 47 6
46 20 8 42
0 46 23 35
5 47 18 43
41 24 5 48
43 47 26 19
44 35 17 35
4 45 13 16
39 44 22 27
41 7 12 38
43 18 48 49
21 13 46 5
18 12 46 35
49 30 3 13
47 18 37 47
31 32 23 37
21 17 18 32
47 0 37 44
35 44 12 44
19 9 46 46
8 44 49 4
24 14 48 2
45 26 9 24
36 46 7 27
48 9 24 36
43 20 11 34
36 43 47 7
9 49 1 7
38 21 2 45
37 48 22 45
22 25 46 6
5 44 43 42
7 44 2 12
6 12 29 46
18 13 45 7
39 39 0 33
9 49 30 41
47 3 45 6
40 29 2 12
31 26 16 31
18 12 15 23
34 3 8 31
44 25 2 11
41 20 0 11
20 13 41 35
48 27 41 7
7 41 3 11
9 42 26 37
1 44 0 12
19 27 45 7
29 26 18 25
35 49 36 41
34 5 44 7
17 14 14 33
9 47 30 38
13 49 6 39
37 38 1 33
30 21 47 7
42 43 41 49
21 15 1 9
18 13 18 43
23 24 28 43
9 49 11 16
46 40 21 24
46 20 3 12
5 46 28 16
41 43 11 27
41 47 44 4
36 33 27 40
35 36 18 49
33 46 4 46
23 10 47 5
49 1 37 40
23 7 2 12
25 46 7 6
22 14 19 47
34 11 47 38
2 46 1 14
8 20 11 37
33 15 45 9
44 3 3 42
7 46 4 12
17 14 39 44
44 2 3 12
38 31 20 27
31 48 1 10
45 5 15 23
22 10 0 7
6 48 22 19
31 49 10 21
32 47 31 29
17 6 4 12
10 41 2 11
32 33 41 7
36 28 48 6
0 35 2 9
47 20 33 47
11 48 28 40
18 8 4 8
39 49 38 41
21 11 27 21
48 17 28 34
20 8 33 32
34 40 11 44
46 7 1 8
22 10 36 31
46 0 45 9
43 15 35 31
34 21 1 13
47 41 1 9
8 43 26 46
3 45 32 45
6 49 6 12
38 3 8 4
17 12 2 10
45 13 0 45
47 11 3 10
21 0 46 7
42 29 4 10
5 49 2 7
11 32 44 4
32 11 48 41
47 32 5 8
16 42 0 10
23 10 32 48
22 12 16 33
12 42 48 5
32 0 4 7
41 14 49 8
33 16 3 6
5 45 1 11
23 14 4 10
20 9 4 20
40 42 0 8
7 42 3 9
6 44 15 24
34 16 12 7
38 48 49 8
33 2 8 45
30 10 46 7
43 19 4 12
10 43 46 41
21 10 20 21
34 30 47 40
20 11 46 11
27 38 5 8
25 16 5 42
40 27 23 35
39 11 47 5
37 19 0 46
9 43 20 49
49 36 5 45
25 23 42 7
14 44 3 9
6 44 34 30
35 26 5 13
8 48 34 47
31 26 3 6
45 14 2 9
43 43 47 5
33 41 19 46
35 15 42 39
38 3 32 41
30 46 39 43
9 8 0 8
49 32 12 37
35 25 42 45
25 2 5 5
32 17 6 11
25 10 43 9
40 43 1 10
36 9 28 35
7 44 2 10
30 30 33 38
32 45 49 6
34 41 0 9
8 24 45 6
8 44 2 8
6 48 47 46
32 11 30 33
17 10 35 30
37 9 46 7
45 32 45 8
9 45 3 9
42 17 8 10
45 32 27 39
46 38 3 12
32 19 2 10
29 14 2 34
21 11 1 35
2 46 21 40
47 11 41 42
40 36 49 23
39 37 12 49
29 23 40 35
39 4 4 15
27 24 49 4
43 8 12 34
42 31 4 9
3 47 11 30
22 12 24 24
44 4 6 47
21 9 35 30
42 23 8 41
45 26 15 30
7 47 4 7
48 18 13 30
43 46 6 46
5 47 34 46
30 6 1 28
37 12 45 5
23 12 2 12
22 11 10 42
42 23 2 33
19 15 4 42
7 46 20 47
41 5 3 9
24 3 17 35
11 43 6 11
36 33 2 14
37 21 34 39
5 43 0 11
8 44 22 16
43 45 22 37
44 17 27 32
44 12 7 11
6 39 47 49
44 40 38 49
21 10 45 6
49 15 28 33
20 30 5 11
33 12 38 38
40 28 32 30
19 13 26 38
5 45 10 40
24 8 48 7
4 42 20 45
20 13 16 27
28 17 5 12
37 34 26 42
27 26 3 9
11 49 17 38
19 13 20 45
38 8 26 33
39 20 48 6
18 10 2 10
25 12 47 6
45 17 45 6
42 34 38 45
37 26 1 47
23 7 0 9
6 49 1 26
26 31 13 37
9 47 5 9
31 47 13 24
36 22 44 7
10 46 47 4
46 5 33 49
34 11 47 8
11 43 38 27
22 14 18 36
47 10 15 45
47 42 6 8
19 11 16 24
34 46 47 5
22 11 14 42
26 29 10 21
16 7 46 7
22 7 20 42
36 36 37 49
23 11 32 33
42 16 28 47
40 40 47 8
36 48 27 39
22 12 32 35
21 11 1 40
8 45 49 9
38 9 25 40
44 15 32 40
40 2 7 8
43 44 4 9
34 0 37 46
47 20 48 36
31 24 4 30
28 34 1 21
45 6 37 35
19 19 29 42
28 24 12 31
49 13 46 6
26 48 5 9
39 31 6 44
40 12 28 44
43 14 20 40
40 31 3 7
43 11 2 14
33 4 9 31
34 40 42 45
23 46 18 45
34 20 36 42
36 0 20 48
5 49 46 3
12 39 22 36
20 12 44 8
47 3 1 12
7 46 6 9
12 47 1 10
45 49 11 27
13 46 34 45
5 49 5 10
3 43 24 37
42 4 4 23
28 43 0 10
4 41 30 36
37 42 46 25
20 8 1 10
41 42 44 4
30 29 0 7
35 36 6 9
44 17 0 41
37 14 6 8
47 8 31 34
39 43 46 9
22 7 15 37
39 3 1 7
24 11 30 48
12 45 17 49
18 9 39 30
30 46 48 4
34 33 2 10
39 48 3 7
49 18 8 31
16 46 40 43
30 21 1 10
22 10 14 46
37 19 21 46
46 14 0 27
4 46 1 10
47 42 34 45
22 9 0 33
33 21 25 31
46 0 44 5
21 12 3 11
42 39 42 25
46 2 34 45
10 49 14 24
42 7 3 35
36 49 11 39
38 4 28 42
43 27 31 34
32 37 2 11
38 49 29 28
45 32 1 9
40 43 46 10
9 26 35 45
28 34 40 42
40 27 44 9
23 11 7 11
8 49 7 27
41 46 13 11
37 19 32 45
28 33 3 38
20 12 0 46
49 32 12 39
34 1 37 27
38 43 5 8
19 12 49 2
9 49 43 44
44 10 37 38
47 7 21 22
36 25 25 29
48 43 4 10
43 47 24 45
40 10 48 46
43 8 22 27
38 25 1 29
33 35 3 39
40 45 47 6
18 8 0 10
12 21 14 39
38 19 45 5
17 14 2 13
16 7 11 22
34 34 5 11
43 47 10 44
24 3 29 40
32 31 47 6
29 29 11 41
33 23 42 31
0 18 1 10
21 2 3 8
11 42 0 11
29 20 7 5
