50 79 19724 800
43 1 47 22
23 0 30 46
33 18 49 9
33 10 13 33
36 32 26 33
25 26 11 35
47 27 37 28
39 19 8 35
8 42 41 38
47 8 41 6
38 17 5 40
40 26 6 31
10 16 42 9
18 31 24 40
48 12 37 43
44 12 44 28
33 25 42 13
5 25 47 19
39 16 31 25
41 10 47 22
8 32 3 39
45 23 38 13
41 35 8 41
30 18 43 15
45 32 4 27
16 30 34 13
42 5 10 34
23 34 46 27
49 13 36 18
45 31 29 25
26 3 38 42
15 18 2 31
41 5 48 8
33 47 4 33
39 48 7 39
45 29 47 21
28 36 22 22
30 23 33 11
38 30 5 37
3 24 8 41
8 31 43 20
39 22 41 17
35 25 34 10
10 26 41 19
46 10 42 14
14 35 2 35
18 47 42 23
33 15 40 23
10 7 48 42
39 19 44 24
1 45 35 38
23 25 48 18
41 10 12 38
26 24 37 24
26 11 48 19
34 18 6 35
26 32 25 28
41 31 13 33
24 28 35 10
43 10 38 9
48 22 35 22
20 33 8 38
25 15 41 11
48 20 43 19
38 24 37 14
45 9 7 38
47 6 46 16
40 30 41 7
38 47 42 20
47 38 40 12
46 24 33 5
45 27 49 24
35 35 23 20
38 35 4 32
3 40 44 18
6 16 12 30
33 34 41 18
48 20 27 8
22 29 6 34
