50 591 15753 800
27 4 37 22
39 1 17 19
42 40 36 32
8 13 33 23
9 48 40 26
12 47 26 27
23 39 37 42
12 24 29 23
29 33 40 44
35 40 31 36
17 34 30 26
42 39 43 19
25 34 34 43
29 5 16 4
40 44 31 19
18 18 25 13
16 3 36 44
31 10 46 16
28 33 41 23
8 9 35 44
13 12 37 23
2 18 18 45
22 34 40 44
44 23 34 31
41 13 47 21
46 24 12 38
15 41 39 13
26 1 39 48
32 39 40 36
1 24 32 47
38 43 34 37
31 25 43 19
30 0 17 3
37 38 22 49
40 42 37 15
17 25 31 46
8 22 29 12
15 26 47 17
31 3 34 47
29 2 48 35
11 47 36 22
21 42 35 33
14 32 32 16
36 44 33 23
13 44 33 6
17 38 35 45
17 17 42 21
48 35 41 34
29 0 41 35
13 40 32 44
8 8 46 28
42 38 32 49
27 0 33 3
44 47 24 18
27 35 49 18
4 5 26 22
43 34 41 47
14 37 21 49
31 0 36 21
15 22 32 20
11 30 12 9
15 20 17 40
23 6 28 45
32 1 21 46
31 2 33 23
14 38 15 11
30 3 7 10
32 30 47 42
40 41 18 33
39 37 41 43
36 43 35 27
42 40 27 23
20 42 22 29
11 35 31 24
26 5 24 31
29 2 29 10
42 45 39 35
30 6 22 39
36 45 29 39
16 42 26 16
23 31 33 47
9 7 23 47
39 40 29 15
29 26 24 11
24 29 41 36
4 21 49 13
49 41 33 22
44 42 30 44
25 5 48 30
47 39 37 32
44 37 13 12
29 4 36 47
19 47 25 9
19 26 30 49
31 33 43 43
15 25 35 41
30 3 48 42
19 9 36 21
3 22 29 36
28 24 40 38
24 39 37 26
41 45 18 36
10 21 32 15
40 46 27 30
11 18 42 46
15 39 20 8
39 18 27 44
20 37 34 39
8 35 31 11
38 40 35 44
45 43 48 8
18 10 41 44
31 34 25 25
15 18 31 42
39 38 47 10
8 24 39 26
39 41 40 0
8 47 34 49
39 45 43 25
38 44 27 31
38 44 7 22
18 40 38 21
39 40 45 33
22 26 24 18
7 6 41 39
39 44 28 22
46 35 34 29
6 18 34 48
16 39 32 24
8 26 9 15
46 38 34 18
32 36 44 27
36 45 30 40
15 43 41 24
46 45 37 48
29 5 29 24
16 10 32 21
28 5 37 21
29 3 48 27
28 3 29 38
38 8 25 22
43 45 47 10
43 39 26 43
30 3 25 39
31 34 47 20
40 37 7 8
17 44 38 29
31 45 7 11
24 9 42 12
8 9 34 9
8 20 22 29
20 38 32 19
29 7 18 48
40 6 34 41
28 31 35 22
32 2 45 20
13 11 25 17
23 13 35 19
22 20 31 40
14 10 42 19
23 42 35 14
31 8 45 9
20 30 31 20
37 38 31 21
32 4 36 22
39 7 38 44
49 41 34 18
13 21 29 20
14 41 19 2
11 16 44 29
14 25 35 24
24 1 29 4
36 12 26 48
41 38 38 32
6 25 3 19
16 25 31 24
8 9 35 24
18 45 33 42
14 27 30 9
45 37 30 20
41 12 29 36
6 8 47 48
13 42 43 36
1 9 31 31
19 41 36 8
30 4 20 25
31 6 35 30
28 2 48 46
4 36 34 42
19 45 27 23
39 25 47 34
29 3 35 20
5 8 45 9
5 8 38 12
26 4 41 37
43 40 31 15
12 21 9 42
41 45 33 32
33 43 44 14
34 44 41 45
46 40 43 49
32 2 39 27
31 31 39 24
19 46 33 26
7 44 30 32
36 44 34 47
42 40 36 38
42 6 45 9
27 4 41 22
40 41 34 30
13 41 31 25
15 41 35 36
49 4 41 9
15 38 32 33
7 9 33 17
25 14 26 22
13 23 38 41
47 49 35 7
30 3 23 47
44 43 34 43
42 40 22 47
5 7 33 15
33 14 47 39
28 2 24 44
17 43 36 36
25 3 37 37
11 5 29 45
36 46 34 22
30 4 34 10
35 41 34 34
43 38 45 6
31 2 29 30
7 27 30 23
28 20 1 11
1 32 21 47
30 8 47 35
37 39 25 40
13 43 31 43
30 3 26 7
40 36 30 21
14 23 32 24
7 2 19 46
44 37 30 39
25 27 23 40
11 29 41 46
17 32 35 43
18 38 15 14
28 2 23 14
35 4 40 45
36 49 28 11
17 42 34 38
11 22 29 9
17 34 47 27
39 36 27 26
8 5 24 2
20 37 38 27
42 39 26 43
18 32 49 10
29 4 48 15
28 2 36 28
19 24 35 30
16 32 41 42
18 23 35 34
22 42 39 27
11 11 27 47
16 21 32 48
6 7 35 14
30 1 27 36
12 13 31 30
13 23 22 14
30 6 39 13
16 28 46 18
5 10 21 35
6 6 40 25
6 27 34 47
38 45 38 23
15 12 12 27
30 4 33 19
35 43 43 43
23 26 33 36
39 43 29 24
28 3 29 43
14 19 37 23
15 43 36 36
44 37 49 46
14 6 26 47
43 43 46 25
26 3 10 6
2 48 33 38
13 49 43 11
28 1 38 20
16 14 46 42
29 3 34 43
28 41 35 22
42 39 27 24
7 20 24 25
39 44 12 16
44 39 29 18
15 27 33 45
41 41 46 32
45 33 41 16
40 42 36 35
25 8 31 46
45 36 5 13
11 9 31 46
0 44 16 12
12 37 47 7
41 45 42 37
17 38 28 23
10 24 40 21
12 41 38 49
23 31 40 9
42 42 38 29
42 29 29 37
9 9 7 13
37 43 32 31
22 35 32 19
7 8 31 30
16 35 35 23
28 2 38 17
15 42 24 9
29 2 34 37
44 5 42 33
6 10 30 27
19 20 30 15
44 45 31 48
30 5 27 39
42 34 32 17
42 37 45 25
31 31 9 23
15 19 48 23
45 38 31 34
14 42 27 40
47 37 47 24
43 42 44 36
31 1 35 24
31 6 33 31
8 20 29 22
24 19 29 9
15 23 20 47
4 10 35 15
10 4 48 42
30 6 35 23
22 23 41 43
24 1 33 47
10 26 47 21
41 44 36 12
7 44 27 42
42 37 32 23
18 23 33 38
12 31 33 39
21 4 31 43
19 29 11 6
48 38 43 48
40 46 26 29
47 30 33 20
3 24 31 42
16 21 26 25
18 32 29 20
25 2 2 7
14 22 40 44
7 5 36 29
7 10 31 40
43 43 35 21
3 13 35 41
36 42 2 9
17 23 35 19
25 1 36 45
15 19 34 28
19 43 36 27
18 22 40 22
33 0 19 48
8 30 25 44
12 22 33 28
30 2 28 22
40 47 9 22
21 28 35 47
23 22 30 21
47 13 36 43
38 43 37 29
33 49 49 3
8 4 48 47
31 48 31 40
8 5 25 20
11 2 43 17
15 43 9 19
35 40 31 23
27 22 20 25
36 36 35 18
11 22 33 21
10 5 32 45
30 3 37 37
27 31 7 16
8 19 31 46
18 40 34 40
7 24 32 32
6 7 38 24
34 43 42 36
29 33 33 42
41 38 43 33
41 13 32 47
26 39 16 11
17 41 27 25
17 36 27 17
8 31 31 9
11 7 34 23
26 44 44 48
11 38 38 16
42 45 48 36
5 39 49 39
6 13 3 29
33 2 3 8
26 40 37 35
29 4 44 33
18 15 21 45
43 43 18 25
26 3 4 16
40 39 26 34
45 45 4 9
9 10 27 37
11 22 32 27
44 20 29 24
11 33 47 18
27 7 29 45
29 1 28 26
40 22 35 36
16 38 40 29
10 16 39 39
41 41 31 18
4 6 15 1
40 38 45 36
24 32 46 39
14 10 35 2
30 1 46 14
14 48 34 27
16 29 26 21
17 6 48 39
22 17 35 27
6 11 17 40
8 16 21 26
22 0 34 27
41 38 43 48
6 25 27 46
36 44 24 27
6 20 35 21
13 6 43 21
7 1 46 30
11 15 40 8
44 37 36 45
39 42 43 20
45 36 32 46
16 39 36 19
16 26 46 27
20 2 13 15
11 44 46 28
20 39 46 31
16 23 45 13
47 42 37 25
13 27 45 37
25 21 33 25
19 27 37 38
10 24 42 16
4 49 13 44
29 6 37 42
31 1 32 37
8 33 29 10
3 0 18 15
42 33 36 11
40 42 45 16
29 48 16 5
26 43 44 32
28 1 45 21
36 21 42 31
38 5 35 34
29 13 34 21
12 22 43 4
17 43 37 39
45 27 33 24
45 36 31 35
31 34 7 10
15 23 42 44
40 10 9 10
40 42 26 43
43 41 44 22
32 1 33 47
29 2 30 45
22 42 36 45
25 48 35 23
28 4 33 34
2 42 31 48
8 48 43 15
17 30 35 23
12 21 43 35
47 37 45 24
31 46 35 25
8 9 40 13
47 40 48 32
3 23 46 22
37 42 29 40
30 43 9 6
23 25 29 41
42 40 33 47
27 1 11 12
37 41 34 47
30 47 17 23
39 24 41 38
33 17 26 48
32 0 46 12
48 3 44 28
14 22 42 24
5 10 37 17
18 41 37 17
6 7 34 39
14 20 21 9
46 36 36 22
23 3 36 24
20 5 47 29
24 26 27 18
30 5 43 26
34 2 45 19
22 39 41 28
46 40 11 31
35 18 23 19
17 42 48 43
15 22 32 27
6 17 47 36
30 26 42 16
11 24 33 21
41 42 31 20
14 13 29 13
17 41 27 20
42 40 4 16
5 7 40 8
18 40 33 10
10 7 28 40
30 2 35 40
38 38 28 49
39 7 41 22
10 24 35 31
21 26 42 31
21 41 47 24
39 39 40 9
30 28 33 16
10 19 26 42
37 43 12 11
44 39 32 44
10 40 16 10
19 40 38 28
3 27 22 40
35 40 36 20
20 32 31 40
18 44 30 22
21 13 21 1
40 37 44 17
40 36 36 43
23 33 33 19
9 27 35 22
10 10 30 21
4 5 32 49
15 5 36 18
20 17 34 44
17 49 32 30
42 44 41 25
41 45 29 11
19 42 41 12
30 0 6 20
10 9 33 19
36 43 34 21
5 27 37 31
31 2 35 20
44 39 43 27
38 38 39 13
41 40 39 43
26 1 38 26
6 8 27 21
32 44 35 5
6 8 18 6
6 12 44 40
45 40 40 47
20 43 35 22
12 41 44 18
13 40 40 45
37 45 30 25
41 41 29 45
7 36 33 15
44 36 10 7
42 43 48 16
26 20 31 47
13 24 31 31
16 11 43 31
31 1 40 44
