50 197 16053 800
18 22 21 38
27 26 12 8
34 15 9 46
32 24 6 25
42 2 17 35
31 21 29 31
15 12 18 41
10 16 20 21
28 25 16 37
29 31 2 15
39 43 24 32
33 35 6 42
32 24 15 27
26 26 46 35
42 11 28 30
37 27 26 24
44 7 23 36
35 35 14 14
30 26 27 17
26 38 15 26
8 17 10 37
40 21 22 8
24 31 9 21
25 21 7 34
17 31 26 13
40 27 18 29
3 33 7 22
28 22 14 25
38 27 11 20
28 13 10 22
38 35 0 21
6 21 17 37
37 17 17 46
17 34 7 45
28 10 20 41
32 23 26 45
35 28 6 13
8 15 38 35
31 11 16 26
16 35 25 19
29 22 18 34
29 10 6 38
37 24 27 8
5 33 1 43
28 26 13 16
28 24 49 25
10 25 13 0
3 28 13 32
31 12 15 2
1 0 2 28
32 27 35 36
4 30 20 35
33 11 11 13
34 26 7 9
38 36 13 24
38 15 19 26
12 5 0 14
32 29 5 37
14 16 18 28
41 3 16 9
39 24 25 18
28 26 24 36
31 26 32 37
42 29 9 6
32 19 8 27
35 32 29 3
41 40 5 17
40 23 14 47
34 27 23 36
32 24 16 21
38 33 10 36
27 15 15 30
34 34 17 11
41 25 7 11
40 31 23 17
7 20 10 47
35 22 1 6
8 30 19 4
33 25 21 37
33 2 12 46
13 36 17 12
38 20 2 26
24 23 7 37
32 8 42 3
36 30 29 26
28 14 2 48
37 26 4 39
34 24 25 29
28 26 28 18
28 32 11 4
12 37 9 3
28 26 15 39
27 25 15 23
38 13 4 11
34 14 17 36
42 20 13 32
22 21 41 25
45 12 24 36
41 24 16 10
21 12 24 1
29 28 7 45
35 26 31 12
13 25 32 42
31 25 16 34
34 7 17 26
29 12 31 34
35 30 6 9
27 30 12 42
38 28 11 27
36 24 7 39
35 21 9 10
43 28 13 21
29 13 12 16
31 3 45 21
22 20 37 30
33 27 19 28
18 27 22 2
31 29 6 28
34 24 24 31
43 17 6 26
17 19 20 28
3 41 10 5
12 23 18 40
33 48 12 8
34 9 15 10
2 25 18 7
27 10 25 24
32 13 12 40
22 23 3 31
35 22 12 24
23 28 3 22
36 35 23 15
48 30 18 26
19 24 9 43
29 33 7 4
7 19 9 14
34 33 34 14
38 13 25 20
30 32 0 33
35 30 1 16
43 2 11 4
27 27 9 16
17 42 36 32
33 29 18 14
29 44 36 31
28 10 18 19
27 30 19 38
28 25 13 28
49 40 12 9
30 13 34 21
45 14 8 27
31 9 19 29
25 20 8 34
44 20 12 28
45 29 16 9
30 18 23 14
28 35 15 7
0 34 6 15
47 2 31 29
35 35 7 25
5 21 14 26
38 25 14 32
39 30 38 16
6 3 2 23
31 10 24 34
39 30 4 19
46 17 25 12
28 18 3 13
27 36 15 16
13 30 16 21
30 28 3 14
44 2 16 48
8 45 12 6
37 30 25 27
35 19 17 46
38 31 5 22
36 29 22 49
11 26 27 36
27 35 8 3
40 39 3 42
44 20 1 26
24 29 17 32
39 26 30 21
9 32 0 19
16 46 22 48
34 8 2 43
39 0 24 1
38 22 10 2
35 31 11 40
34 8 36 38
10 30 6 37
43 12 35 16
34 23 19 32
2 39 12 19
33 21 34 3
44 12 23 41
19 30 4 35
