50 600 13451 800
24 31 12 21
35 41 25 11
20 43 7 28
31 47 2 18
40 22 26 11
40 41 38 47
31 27 10 20
14 3 12 33
22 18 25 40
30 28 33 46
21 28 10 15
41 31 2 45
15 16 38 43
30 44 4 34
31 7 30 16
27 6 30 25
25 23 22 46
38 11 10 13
32 33 0 30
40 16 25 44
40 27 30 14
2 40 4 16
17 8 32 40
37 19 27 17
27 33 9 38
37 14 16 41
27 21 2 9
37 10 48 36
45 11 21 32
20 6 15 28
33 33 7 42
43 25 48 32
36 40 12 20
30 22 13 36
13 23 28 24
36 18 21 18
45 45 30 43
41 10 2 35
25 9 28 37
23 48 8 21
45 29 35 21
42 10 11 32
45 29 45 49
48 10 31 28
26 4 27 25
30 31 14 7
43 24 22 38
35 26 29 48
37 26 15 11
41 12 19 39
17 12 8 13
5 18 28 44
38 26 21 16
16 0 3 38
17 32 16 41
16 38 25 27
30 20 23 7
11 13 5 36
43 24 8 34
16 6 28 19
25 34 15 10
37 30 2 14
31 24 36 13
23 9 14 41
48 31 49 40
29 28 14 32
46 5 48 13
6 47 23 30
42 28 23 17
36 19 32 45
3 39 1 28
33 20 30 43
40 23 44 45
27 0 28 19
38 43 13 17
40 21 30 31
20 12 45 24
13 39 5 30
37 26 48 49
40 20 10 35
38 20 9 31
48 38 22 41
39 24 27 32
14 9 9 37
16 0 27 47
21 8 34 28
12 25 46 17
3 25 36 42
39 14 26 42
28 28 40 4
47 7 9 21
32 44 21 15
38 7 28 14
29 4 38 35
41 24 45 32
21 11 1 19
28 33 34 19
28 38 17 44
5 7 3 17
38 37 9 29
31 25 15 42
33 40 13 41
42 8 47 35
42 21 13 25
35 25 8 34
41 23 30 43
47 22 22 40
8 42 26 10
13 1 9 37
39 20 11 44
39 19 34 39
19 3 2 38
35 43 0 27
9 19 20 35
42 39 19 32
31 29 42 25
48 13 15 30
29 37 47 26
37 41 33 0
43 22 25 9
33 48 6 11
46 11 2 21
25 8 31 8
30 7 9 9
24 27 27 16
43 10 37 18
47 11 35 44
33 36 38 34
42 10 35 10
48 28 38 21
19 4 34 32
8 10 36 42
47 16 32 19
4 43 16 45
47 8 23 11
36 14 27 43
10 9 39 34
39 25 10 28
31 49 27 45
20 3 10 33
25 14 19 28
48 13 21 24
17 0 29 42
45 9 17 31
4 12 0 32
19 38 32 19
38 22 8 19
23 37 46 17
36 2 0 29
36 27 29 14
16 6 5 38
8 37 38 19
24 3 30 20
35 10 8 9
35 10 0 13
49 14 49 30
17 33 6 33
46 14 21 13
40 2 6 24
19 6 41 42
32 22 35 49
17 36 17 45
42 25 25 45
43 21 38 17
2 17 45 12
39 11 9 44
23 13 27 19
34 42 28 10
11 43 15 1
40 15 37 0
40 22 26 8
39 27 26 38
12 21 8 25
45 22 31 22
11 24 35 12
42 23 43 37
23 40 47 13
33 32 22 41
22 6 21 29
34 35 11 23
35 31 11 33
25 44 41 45
43 29 38 33
21 3 22 36
19 7 30 7
47 12 7 20
20 21 29 34
20 42 44 40
23 16 33 19
47 8 21 47
22 36 31 28
42 9 12 43
10 49 20 13
39 25 26 31
41 6 12 17
14 39 24 28
32 20 7 10
45 31 33 48
35 10 39 22
9 35 22 19
23 38 32 44
0 3 2 18
20 12 13 40
45 25 6 15
9 40 41 30
41 22 32 21
25 28 43 32
39 35 21 48
22 2 32 42
25 41 17 23
46 20 17 27
21 40 7 29
21 4 47 34
25 30 21 33
27 23 12 40
21 30 30 29
37 25 27 27
8 1 35 39
36 32 39 4
41 27 43 38
17 20 25 32
28 1 3 22
42 23 26 35
27 21 27 14
45 10 10 47
27 27 12 9
42 16 3 42
16 18 34 49
25 1 0 36
3 27 9 13
38 18 31 16
22 42 11 19
31 3 39 34
48 17 11 47
22 29 35 41
28 34 27 27
49 32 13 26
13 10 30 42
19 17 3 28
17 26 29 17
7 28 47 24
35 31 37 48
7 12 18 2
20 21 25 29
14 0 18 44
49 13 20 28
34 45 26 44
23 3 25 38
4 13 30 26
41 28 34 15
45 28 6 16
36 29 0 24
33 37 19 22
7 17 13 20
45 46 34 28
41 27 15 23
27 34 8 36
48 9 34 32
25 4 2 20
19 40 4 39
15 38 17 27
38 34 44 45
26 31 16 41
22 24 5 35
41 9 0 27
13 9 24 48
30 29 29 16
21 5 9 25
37 24 5 19
16 46 1 35
30 37 7 16
18 9 37 40
22 23 24 40
1 26 28 13
32 33 30 12
16 19 34 9
43 49 44 35
42 25 20 24
20 4 30 14
18 28 28 22
31 2 3 32
27 4 2 33
22 5 12 49
46 3 8 34
31 38 40 48
25 29 8 28
27 22 11 40
25 0 42 43
24 0 10 34
42 13 17 39
24 16 41 19
32 0 49 27
27 37 30 17
14 4 22 29
27 15 29 43
19 40 33 19
39 33 44 35
8 18 24 33
30 6 8 25
27 41 21 14
36 26 6 41
23 14 43 10
31 24 17 39
33 30 24 42
31 43 38 38
19 25 49 47
45 29 31 10
13 13 25 7
40 46 8 31
41 13 0 43
19 46 29 19
42 12 11 39
38 8 29 9
17 22 23 27
36 24 30 24
28 30 1 11
26 32 25 13
23 6 44 31
47 24 21 43
7 3 27 35
39 20 8 5
18 39 5 45
44 23 34 37
49 19 5 8
6 18 35 7
20 24 13 38
14 14 28 13
42 18 33 40
20 22 6 40
23 30 26 18
13 7 2 27
22 48 36 22
13 14 28 46
16 28 11 36
45 25 37 27
26 48 40 7
20 37 18 46
38 34 3 30
45 25 30 36
47 26 32 24
18 15 7 37
46 25 22 46
18 1 29 46
23 33 19 27
17 41 5 10
19 40 36 15
48 15 1 41
1 49 31 11
9 21 5 38
26 0 21 22
22 9 29 19
29 20 20 15
14 7 9 32
11 48 23 15
33 31 25 49
44 26 39 6
25 35 38 24
26 0 34 24
39 27 27 24
36 24 0 27
16 31 14 38
41 22 42 6
4 20 25 26
24 9 37 17
41 10 24 49
2 7 24 29
37 25 20 15
20 19 25 40
35 38 33 25
34 34 32 22
19 21 36 28
11 16 33 43
38 31 23 9
17 23 29 34
27 4 16 40
13 17 36 9
24 7 40 33
37 23 36 39
33 38 6 41
27 8 13 42
21 6 47 21
24 36 39 18
15 5 34 21
42 19 2 45
20 23 41 26
28 33 42 20
36 7 24 35
47 19 0 17
36 42 21 14
36 20 15 24
14 7 36 25
22 14 42 33
46 30 36 46
48 13 2 30
33 35 29 31
34 17 4 27
38 25 28 18
46 19 28 22
42 13 33 9
49 5 38 9
14 3 24 30
49 25 3 14
5 47 45 33
19 8 10 39
33 26 20 2
34 20 4 22
43 23 36 37
41 27 20 12
20 38 32 49
42 28 15 42
41 24 47 28
20 34 12 16
1 26 10 21
18 40 1 34
35 0 27 7
43 13 42 27
1 10 12 31
32 37 43 18
38 38 21 35
7 2 25 30
16 6 31 32
28 16 20 39
25 23 2 27
6 12 40 29
19 31 22 48
29 24 32 27
6 5 24 18
23 7 32 20
35 31 26 11
34 3 7 29
38 37 23 29
43 26 38 32
34 12 21 40
22 0 43 48
19 4 2 13
40 9 27 12
12 2 5 26
21 34 11 31
43 36 30 38
37 29 25 41
41 8 21 26
29 35 27 19
20 1 24 20
33 26 1 22
43 12 48 37
41 45 8 18
26 41 30 16
9 19 37 33
7 44 2 46
25 46 43 49
45 9 2 8
36 24 34 47
5 22 41 35
6 8 8 36
47 14 1 19
32 31 22 20
44 9 22 47
31 7 13 29
34 49 32 42
26 15 10 13
3 27 35 28
15 11 43 27
14 4 2 46
42 24 21 28
40 22 29 46
9 31 6 19
12 14 26 36
43 25 23 2
18 4 4 38
17 27 42 43
18 11 37 40
33 37 42 26
34 35 25 13
4 15 30 38
43 10 36 37
40 27 32 42
30 0 17 37
33 38 2 34
42 26 13 40
43 29 34 34
21 1 28 40
3 24 37 13
20 28 0 31
43 47 29 48
22 1 11 40
8 40 2 5
2 20 27 41
49 34 7 49
47 3 40 14
43 12 47 44
26 2 11 23
10 22 27 27
17 23 14 34
4 23 24 33
31 21 1 18
43 26 26 19
36 26 22 48
17 0 39 43
47 27 4 35
19 19 39 19
3 42 43 14
45 12 36 49
23 1 33 36
42 24 43 16
2 32 6 37
49 30 15 29
20 12 41 17
16 0 38 29
24 22 30 30
48 5 31 18
19 35 29 39
44 13 48 45
42 6 17 36
39 27 23 43
23 31 2 12
20 43 26 46
31 35 20 27
26 27 29 33
41 39 3 11
17 3 10 41
39 35 16 35
27 27 26 32
20 30 33 40
32 0 16 42
40 31 36 45
8 38 29 23
48 21 26 14
33 0 41 38
27 26 24 30
15 9 21 38
28 19 38 44
15 27 37 29
10 5 32 19
45 36 6 22
10 13 36 4
22 14 5 23
47 30 5 14
30 34 39 4
36 32 45 18
46 13 8 6
40 21 9 12
20 39 32 5
38 28 38 36
18 47 31 39
19 26 9 42
27 16 24 13
9 12 17 38
15 18 36 17
12 16 19 21
43 23 30 26
17 7 38 36
30 25 6 14
13 32 16 12
41 32 18 16
42 25 10 43
29 10 3 10
28 25 29 9
42 10 23 10
26 40 15 30
41 24 48 28
20 21 46 5
31 17 18 21
17 1 10 27
45 7 4 15
18 11 49 25
30 3 22 10
27 29 30 19
46 14 12 10
41 27 17 30
18 10 40 32
45 38 8 13
33 37 22 14
46 12 24 15
20 22 34 40
38 24 37 29
41 22 3 39
36 36 7 19
9 10 7 37
14 3 30 15
33 28 27 43
31 43 7 45
38 6 42 24
20 1 15 39
11 18 15 30
40 25 2 20
38 29 33 26
2 22 5 27
4 3 31 37
43 13 31 29
48 13 23 39
45 30 17 27
18 7 19 30
39 28 34 48
40 27 34 47
15 16 23 42
27 2 33 4
46 22 27 31
35 39 6 11
47 32 6 49
3 18 17 27
