50 450 19315 800
15 20 11 43
15 29 29 2
19 30 14 20
44 39 20 17
23 24 27 12
15 35 4 36
20 25 42 4
40 6 4 4
41 4 27 12
12 34 4 1
21 30 14 9
22 36 6 2
15 24 10 12
19 26 47 16
4 16 9 38
30 21 24 22
15 13 42 11
16 33 0 42
30 22 5 10
44 39 34 0
37 36 17 22
29 8 4 40
14 26 13 3
43 4 1 37
18 34 5 40
23 35 38 21
39 43 8 29
27 29 15 22
9 28 12 39
22 14 0 36
33 2 16 3
17 34 0 17
26 43 7 12
6 13 14 42
34 15 29 0
19 36 22 16
18 38 36 20
43 7 12 1
28 25 22 13
38 2 22 15
20 32 0 34
20 30 10 40
21 35 9 39
9 29 26 0
15 28 17 25
35 0 10 3
25 30 10 37
7 30 21 14
18 28 42 15
6 40 3 44
17 33 19 41
16 37 44 20
17 22 15 39
5 46 33 18
45 21 22 19
12 35 13 39
38 1 3 37
31 0 11 45
17 41 6 12
22 21 0 38
21 30 3 43
40 12 21 13
42 2 4 39
27 39 0 21
25 27 23 35
48 29 0 37
18 36 12 39
15 38 11 5
31 44 18 8
20 30 33 27
5 0 6 42
18 34 12 40
35 37 25 10
25 0 4 42
9 34 2 41
25 47 0 19
24 30 20 12
14 23 25 7
21 32 2 37
16 35 1 38
27 4 1 43
46 4 3 35
40 4 2 42
32 0 9 7
13 48 1 42
20 26 16 34
13 23 49 19
23 33 17 39
26 3 20 4
21 39 8 7
26 24 19 2
23 39 12 39
28 19 21 9
27 0 2 17
34 44 13 6
16 32 1 9
10 28 13 41
28 17 7 41
6 25 27 0
30 6 13 46
0 18 2 5
16 24 14 39
35 4 17 0
41 6 25 5
10 25 7 9
31 21 45 19
1 23 2 36
9 20 9 4
23 26 3 38
17 33 5 30
10 21 32 8
30 0 1 7
24 0 13 41
7 28 41 25
24 37 3 19
18 30 2 38
16 43 4 18
36 33 11 39
6 31 11 39
37 7 14 43
8 31 16 33
10 22 6 39
46 5 12 1
2 41 21 9
41 1 2 38
36 16 1 38
21 35 6 17
22 22 14 8
33 32 44 8
19 4 3 34
27 22 29 25
25 27 4 12
16 30 4 36
27 36 1 38
28 0 6 38
38 34 32 5
14 23 4 34
3 29 12 39
2 36 26 11
15 23 15 41
20 45 13 42
24 34 22 17
27 3 5 43
34 5 6 39
33 32 7 3
17 40 31 4
17 38 0 14
4 36 13 12
24 33 14 2
33 34 0 22
32 40 39 24
29 1 13 45
16 19 9 39
38 0 17 4
16 28 3 36
24 32 14 26
18 9 24 18
25 20 11 18
43 1 33 15
16 46 17 16
20 34 3 36
19 21 5 1
12 9 43 14
21 33 5 38
13 36 14 11
16 24 2 37
40 8 0 37
42 9 13 21
29 3 31 18
35 0 6 6
42 40 8 46
24 21 5 38
33 31 3 12
4 12 3 39
38 14 2 34
9 48 15 10
33 8 16 40
32 36 2 2
27 49 7 4
16 35 6 21
13 12 14 40
6 35 16 44
22 23 22 11
15 29 17 15
28 3 13 40
46 7 36 20
32 18 4 26
30 10 15 7
26 20 24 41
15 47 10 11
19 32 11 4
22 29 11 0
3 6 15 1
17 41 4 14
19 29 35 26
11 36 10 41
44 4 37 33
15 19 13 9
0 26 7 36
34 0 6 28
1 32 7 37
25 19 26 4
28 7 32 9
13 1 2 38
29 1 34 9
24 37 6 39
17 20 5 12
32 18 21 12
9 35 10 29
23 28 21 14
2 35 3 11
41 5 6 13
0 40 13 42
26 21 5 45
23 37 33 24
21 30 17 1
24 20 41 26
21 41 16 1
21 36 24 14
29 38 27 16
34 44 4 40
28 19 35 25
38 8 10 40
4 24 3 39
24 17 29 0
22 17 31 19
18 17 15 8
26 30 3 44
36 36 40 1
25 45 11 8
21 16 14 9
20 43 25 11
13 16 1 17
26 33 9 39
30 32 25 7
5 33 24 16
25 29 10 6
40 4 11 39
14 33 8 42
23 24 29 3
14 28 6 19
3 38 27 5
2 36 7 5
23 23 2 1
15 25 7 33
21 31 24 0
34 11 3 15
28 17 1 4
26 12 2 41
0 23 11 37
19 25 17 6
9 31 15 43
5 40 1 42
11 38 9 41
20 35 5 20
4 20 2 39
20 32 14 14
32 38 14 41
27 30 17 1
22 21 9 48
42 6 31 1
30 41 2 40
11 18 16 39
20 30 11 29
25 36 22 11
13 42 1 37
27 14 10 39
8 33 18 40
12 28 5 9
16 8 19 23
30 7 25 13
20 27 3 37
33 1 1 30
47 5 6 35
32 28 1 37
45 9 23 20
3 49 13 43
12 28 18 41
16 47 12 30
31 32 13 5
7 29 49 5
7 46 16 41
27 44 9 42
42 12 6 37
21 34 13 5
15 24 32 2
40 6 11 36
37 8 11 42
27 31 12 36
17 28 2 44
18 33 0 38
16 43 12 42
14 45 7 36
48 4 16 40
20 29 12 5
15 34 2 40
12 29 13 5
32 23 18 2
17 26 13 9
8 36 1 41
17 15 28 2
38 22 14 44
39 6 18 23
19 15 7 39
26 49 3 38
39 3 13 2
10 25 10 37
26 10 3 44
19 36 19 25
31 23 45 13
18 25 0 38
24 38 17 46
24 24 7 3
34 48 32 20
15 28 3 34
29 32 1 38
22 30 2 9
42 29 5 7
9 41 11 30
18 7 30 3
33 14 8 9
16 37 0 40
40 32 0 38
33 13 11 37
4 37 28 15
17 34 1 18
4 45 29 6
22 28 18 9
29 27 5 33
28 21 11 40
7 39 10 37
27 6 12 13
30 5 2 42
28 1 39 16
25 15 8 15
38 5 23 4
24 44 14 3
8 18 1 33
19 39 37 19
19 31 9 17
9 30 10 41
13 42 4 17
24 40 4 28
28 33 4 6
26 27 3 37
39 3 5 39
36 19 10 42
18 33 13 44
24 32 15 42
16 49 2 38
27 2 12 41
16 41 2 3
7 28 12 2
18 30 36 3
19 40 2 38
27 14 12 41
6 28 9 41
22 21 25 13
7 31 9 39
18 28 12 20
16 28 4 16
12 28 3 40
36 0 4 41
43 43 4 5
11 16 41 29
18 32 24 6
34 6 3 17
23 22 20 12
17 34 1 40
12 41 31 18
20 34 2 41
13 15 15 3
13 40 44 3
9 44 12 0
13 20 47 12
20 48 11 21
21 33 11 40
19 11 23 5
2 26 4 39
38 7 7 37
11 26 26 9
8 30 14 7
25 38 13 9
11 2 40 39
38 10 7 6
9 37 0 38
24 33 23 4
19 21 29 12
11 31 15 5
18 31 6 34
25 22 2 39
17 28 6 36
31 31 33 27
40 28 8 44
3 18 17 22
19 22 22 16
11 41 15 38
8 26 36 3
30 21 13 47
25 24 28 6
35 24 13 0
27 30 12 39
3 32 2 39
8 24 4 37
25 30 2 38
17 32 22 16
26 3 14 42
15 28 16 44
39 10 19 13
19 21 11 6
7 26 15 40
16 36 7 35
0 40 15 23
13 29 18 7
13 38 28 8
42 2 28 4
1 9 14 13
34 0 6 42
28 34 6 8
49 21 43 19
29 42 40 17
21 36 14 39
18 44 21 0
4 39 5 43
13 36 30 38
11 31 49 28
20 28 10 21
1 36 34 21
15 28 15 13
17 47 32 17
2 34 34 2
22 23 4 41
23 33 7 36
17 25 32 10
25 28 7 40
35 1 13 39
12 25 10 7
23 29 16 10
31 36 35 21
30 4 16 40
22 33 16 41
34 7 29 17
46 4 9 44
8 20 2 43
41 2 9 13
36 8 3 39
5 28 11 39
40 5 12 45
29 23 2 39
12 19 13 43
