50 77 14715 800
20 8 40 21
42 8 41 33
48 28 28 17
32 45 16 49
40 3 21 48
14 26 27 0
26 33 29 8
13 37 35 14
15 20 13 48
20 15 45 1
10 17 44 20
26 14 3 43
12 10 31 10
36 19 36 0
43 5 26 15
30 35 18 45
32 8 49 6
19 9 23 18
24 43 38 24
18 28 26 29
25 28 12 49
34 33 22 6
28 9 35 1
27 15 33 9
21 23 17 17
22 18 6 36
32 10 27 12
32 22 41 18
11 16 35 14
26 36 46 27
8 8 31 15
30 37 23 13
37 4 36 17
30 17 14 28
29 43 49 6
11 15 35 21
18 3 20 15
28 42 20 11
35 36 27 26
5 31 12 45
18 13 37 20
22 36 15 49
25 9 18 40
25 6 17 34
27 24 31 21
22 21 32 11
37 49 42 3
47 10 18 44
14 14 20 7
24 5 31 1
33 0 27 30
32 31 23 23
26 8 34 33
28 45 44 6
8 21 23 1
22 33 29 2
31 10 23 23
18 19 37 12
17 0 41 12
36 15 35 7
24 22 24 37
28 39 25 47
25 16 14 46
18 31 39 16
41 7 32 39
43 41 15 28
24 7 31 13
35 34 27 39
26 23 36 33
32 9 25 43
43 1 41 24
26 49 31 17
34 37 38 36
38 15 5 35
23 30 32 16
26 43 34 18
47 1 12 46
