50 64 16237 800
9 3 41 39
40 24 41 40
25 37 48 46
26 3 35 42
45 32 28 19
13 26 5 12
25 7 33 6
16 21 46 36
23 9 23 29
19 20 15 49
16 6 19 21
44 22 35 20
31 20 23 42
8 16 38 36
32 31 19 45
30 25 47 39
20 29 43 36
41 28 12 31
18 22 33 38
7 0 13 27
5 30 31 25
35 25 18 29
34 20 45 38
22 24 20 14
7 17 39 23
12 19 16 39
18 9 39 30
23 9 46 47
17 16 25 24
18 5 27 31
36 23 49 36
20 18 19 30
13 16 29 30
46 19 48 30
44 22 44 36
11 9 34 27
45 21 39 30
25 15 18 19
28 35 41 19
33 34 18 21
28 11 37 44
21 19 3 19
19 43 26 35
30 19 43 28
8 11 26 37
44 31 31 37
18 39 40 29
21 4 48 41
25 7 43 38
25 34 27 47
27 30 18 42
18 31 46 30
20 17 45 19
14 24 43 35
3 12 23 28
21 28 18 40
0 30 41 47
23 2 15 46
20 34 44 49
22 22 38 44
8 10 28 40
26 24 37 28
33 25 41 41
24 10 14 18
