50 545 11907 800
32 12 31 4
27 37 44 49
31 37 22 2
9 22 22 4
27 10 20 24
48 32 37 18
32 41 47 12
37 31 24 2
31 36 26 13
17 9 7 5
44 17 37 13
48 26 44 40
34 36 46 26
38 10 16 35
21 17 37 8
28 33 27 5
28 12 46 37
28 12 44 21
13 3 30 17
16 9 26 18
8 12 36 29
49 29 30 25
24 10 25 18
38 41 37 28
28 2 43 8
37 26 30 33
38 16 27 21
17 5 12 7
20 23 27 38
3 7 28 6
12 6 31 33
30 44 29 6
13 14 23 11
22 33 25 9
46 32 32 9
3 10 17 13
41 10 32 29
12 13 20 12
14 17 28 11
21 5 18 23
9 8 30 36
39 34 11 21
9 5 20 14
17 11 26 16
44 30 30 39
13 0 20 23
32 30 40 5
16 7 31 18
29 4 22 2
21 34 28 19
16 9 26 16
12 10 32 21
14 7 36 28
20 43 33 22
15 8 28 10
27 19 39 40
48 25 31 31
6 18 28 8
29 46 33 28
29 0 19 7
16 12 27 17
46 28 32 36
39 45 13 45
11 6 43 31
44 41 44 46
44 28 1 3
12 6 16 13
31 18 21 23
23 7 36 26
1 4 26 14
15 1 39 19
17 18 26 22
29 14 28 4
20 11 39 41
44 13 29 19
32 33 45 44
35 3 46 34
30 33 35 17
36 12 34 28
44 34 33 5
36 14 23 2
46 29 26 12
30 4 28 30
47 35 38 9
16 1 20 12
42 27 47 45
22 13 31 18
24 22 20 16
26 25 30 5
16 9 34 34
21 10 34 8
27 10 30 21
10 18 12 21
17 29 24 14
28 18 43 44
11 36 36 26
7 12 33 35
17 11 35 32
18 7 20 17
37 17 33 33
10 3 25 6
16 9 26 7
13 14 38 26
20 20 16 25
34 26 36 30
47 30 34 13
46 33 45 24
44 28 14 13
21 11 31 8
41 26 43 2
38 11 14 35
45 30 27 16
24 9 33 32
26 30 33 11
29 28 44 17
27 21 20 12
14 15 28 18
16 10 14 25
21 11 15 17
26 13 15 10
31 18 43 21
26 33 37 12
12 2 30 25
16 13 35 26
41 12 29 15
42 28 33 33
28 38 36 36
13 4 18 1
48 42 22 39
11 38 36 33
19 23 26 13
38 47 27 13
22 8 30 10
11 29 37 31
48 34 24 12
44 31 25 29
46 31 41 25
47 33 41 25
26 18 38 28
48 27 24 11
43 33 34 19
24 18 48 40
19 4 35 8
34 14 24 9
26 17 36 29
48 29 25 8
47 28 25 39
32 14 36 31
17 12 29 3
23 7 21 3
43 30 36 21
8 10 30 32
3 5 35 36
15 17 31 21
24 1 22 7
19 2 6 3
13 12 30 45
16 10 44 18
25 9 18 12
21 5 26 14
24 33 33 6
5 4 15 19
6 6 18 13
13 45 34 36
38 27 18 7
35 21 12 6
43 33 23 7
22 41 18 22
47 29 35 32
42 29 25 32
46 30 40 21
17 18 25 16
16 0 49 7
15 17 22 14
20 14 31 34
47 28 40 7
25 33 48 41
19 29 42 42
32 3 33 32
40 25 35 33
21 13 40 34
42 9 41 29
26 25 25 12
20 4 35 4
15 49 41 33
15 9 35 37
23 3 20 16
8 4 37 36
44 34 35 37
22 18 20 28
25 42 19 20
24 38 33 2
19 42 9 31
9 9 35 29
22 12 47 32
11 24 28 9
46 29 20 18
46 32 31 29
46 34 39 27
14 24 29 7
42 38 36 35
27 9 22 5
42 35 25 3
29 38 11 21
27 26 34 32
19 3 3 5
21 9 49 0
19 30 17 16
49 39 29 15
45 28 31 22
47 32 16 8
10 1 31 5
16 2 36 31
15 0 36 29
24 18 37 46
13 13 26 12
22 37 32 30
49 24 38 28
46 11 30 11
44 29 30 27
41 29 2 4
17 28 20 20
5 0 49 39
8 18 32 43
18 12 26 14
19 11 28 36
46 31 29 30
40 37 12 20
14 4 25 41
16 23 27 18
47 26 18 1
0 6 49 45
46 27 41 31
16 6 35 35
41 19 31 5
10 9 25 30
46 27 31 22
12 4 19 4
14 13 20 5
44 28 43 8
42 30 23 9
35 8 45 29
34 36 33 14
19 23 35 2
27 0 39 32
17 4 40 14
47 17 32 16
13 25 29 12
12 4 38 39
19 0 18 23
21 1 21 18
34 4 37 24
47 45 41 34
12 1 8 36
47 37 19 17
31 28 5 8
20 21 37 33
25 11 13 6
47 32 44 49
47 29 26 14
23 18 28 25
23 16 36 33
43 25 24 22
45 30 43 41
30 48 2 16
49 35 37 35
22 44 37 29
48 22 28 24
11 40 29 16
44 49 32 40
48 33 24 34
14 7 2 22
15 32 32 33
18 13 21 27
42 8 15 15
29 43 27 32
27 9 32 40
44 33 36 43
14 8 27 16
15 46 21 9
2 4 31 27
27 16 29 32
44 27 41 16
10 4 28 5
33 39 30 19
15 5 39 6
27 34 7 26
30 0 38 15
11 14 30 32
23 10 34 35
34 21 27 47
0 15 44 5
48 34 16 3
10 11 32 24
19 43 29 36
32 33 19 22
31 43 28 7
48 25 39 36
28 30 38 1
12 5 32 11
3 4 49 45
25 13 36 10
32 36 46 28
42 2 39 33
43 23 35 36
45 29 14 24
39 21 35 7
18 20 28 33
30 24 35 20
9 25 15 24
28 34 26 24
49 28 32 34
16 12 31 38
32 42 31 10
28 6 36 31
19 15 28 6
30 40 40 35
45 31 28 2
10 37 44 20
19 9 22 12
46 31 32 22
11 32 25 18
17 13 32 34
26 6 33 25
19 7 42 38
47 27 34 33
46 32 26 40
27 25 36 30
43 10 27 11
25 35 22 13
49 17 32 15
39 25 46 34
24 7 40 20
13 35 40 40
23 15 30 13
28 17 20 18
45 41 31 17
33 16 17 25
23 14 20 17
21 20 32 35
45 46 29 34
25 27 37 13
12 12 31 33
24 10 41 25
24 20 41 29
27 19 37 33
21 21 25 9
19 5 31 16
42 13 31 17
36 3 33 37
19 21 11 27
19 49 37 27
44 35 30 5
11 0 37 36
5 16 18 7
41 25 45 45
44 32 40 24
30 27 24 28
22 47 24 11
7 16 11 0
47 27 13 30
47 29 43 26
17 22 39 6
45 28 45 38
15 14 23 13
33 38 36 29
10 15 17 18
27 32 39 29
44 32 39 42
45 31 28 2
40 30 31 18
6 3 43 46
45 32 21 7
48 29 27 19
38 6 18 8
6 16 29 10
33 41 21 7
23 9 21 1
28 14 29 8
2 5 25 23
46 27 29 10
48 13 26 28
31 47 15 9
27 23 13 3
14 37 33 30
41 15 25 38
47 31 31 18
31 5 32 28
28 2 40 32
48 33 30 9
27 43 39 18
49 32 24 10
28 21 33 35
44 10 30 22
36 34 25 6
5 4 28 27
35 6 42 39
42 15 46 42
31 11 33 15
43 8 24 4
34 35 18 27
39 31 30 47
16 12 29 3
23 35 33 14
7 20 20 18
36 22 32 33
20 14 22 24
3 6 33 14
22 20 35 6
45 6 16 3
47 25 15 11
49 31 21 11
18 13 1 28
5 6 17 16
21 20 24 11
46 26 47 48
20 7 35 33
34 24 25 14
47 32 41 37
46 39 35 32
41 27 32 11
22 10 37 41
27 43 38 34
14 11 30 35
41 37 23 13
30 34 11 18
19 11 32 14
41 30 26 20
48 31 24 7
33 30 28 33
16 2 16 7
16 15 25 31
49 32 16 14
36 44 37 28
43 29 29 15
28 35 39 20
6 7 39 27
18 7 21 2
9 4 35 31
16 35 25 11
5 8 25 12
22 12 39 32
17 5 25 3
17 1 26 35
49 30 32 19
43 25 34 8
42 6 41 32
29 2 27 5
31 42 39 28
36 35 17 29
38 25 47 30
8 12 33 48
23 22 19 19
43 29 30 29
42 31 37 19
18 0 33 32
25 9 20 19
46 29 20 15
37 31 31 3
22 40 30 20
21 22 43 42
7 26 21 9
42 31 42 41
21 8 28 15
46 23 37 30
43 36 33 23
22 5 33 33
24 4 42 33
19 6 30 27
27 13 23 20
5 8 37 11
19 22 35 34
28 28 33 31
35 41 24 17
43 28 39 37
17 11 46 45
42 41 29 36
24 1 45 30
34 11 23 8
16 10 36 21
45 34 29 30
39 32 13 18
47 28 26 12
26 17 37 32
17 10 23 39
45 31 22 10
20 5 33 29
10 2 22 6
44 29 3 30
27 9 33 20
44 31 23 2
18 5 28 15
33 22 40 31
35 27 25 8
14 4 46 45
46 31 31 23
35 23 23 12
8 9 37 32
49 38 34 25
31 44 38 38
45 41 32 33
43 28 30 13
30 7 49 22
27 8 30 26
47 34 27 3
29 14 17 12
49 14 15 21
20 40 14 8
21 0 22 6
32 32 32 38
16 20 32 37
39 34 4 42
1 5 48 33
1 15 27 6
46 25 16 5
23 46 24 16
29 18 33 31
16 14 31 34
17 13 28 18
35 45 31 18
34 4 46 36
9 6 25 14
9 16 25 15
44 31 41 33
23 39 25 4
24 21 28 35
27 11 48 23
41 5 34 45
7 14 23 21
24 5 29 12
12 13 35 36
44 38 37 34
18 11 26 17
45 28 19 26
5 5 40 13
44 27 29 34
4 7 15 13
24 4 20 20
49 30 27 26
45 26 35 33
43 28 33 39
49 27 32 33
32 43 36 34
21 33 22 12
19 46 37 47
