50 281 18412 800
39 26 43 19
22 30 48 36
37 46 18 43
24 0 6 42
15 25 39 39
9 11 8 5
49 6 11 29
26 35 8 38
11 7 6 33
7 20 22 26
3 38 39 36
30 16 46 38
14 22 14 39
5 42 27 35
34 27 2 18
26 45 10 23
19 42 48 36
31 22 8 39
22 20 49 41
39 34 37 38
12 44 19 9
21 38 35 5
6 46 18 41
11 39 20 46
34 44 21 49
35 46 40 40
23 2 44 37
20 25 47 5
25 26 41 5
3 15 49 35
21 19 9 41
30 32 48 32
7 25 27 16
18 45 12 21
20 48 46 24
32 48 41 39
10 43 25 31
24 33 8 36
11 41 10 18
5 49 17 22
21 14 13 30
31 21 4 15
23 47 24 28
7 30 7 24
14 12 19 44
12 32 37 38
2 8 38 32
33 29 46 30
13 22 13 34
20 26 31 26
20 17 42 34
14 31 12 47
31 10 11 10
21 17 20 11
20 39 43 20
14 32 32 13
1 42 6 41
29 40 28 8
22 19 16 31
6 43 29 49
38 2 32 40
9 39 49 39
13 0 16 37
42 40 2 8
8 24 44 38
26 16 12 41
35 29 28 46
9 19 37 37
22 20 22 37
9 26 39 36
36 35 5 38
3 45 10 35
1 47 29 29
2 16 38 10
29 45 36 0
41 14 19 36
26 26 14 14
34 42 25 25
9 17 37 21
24 38 35 16
26 45 37 40
3 38 15 31
9 46 32 30
30 24 31 14
33 39 2 35
33 42 14 36
8 24 20 27
30 46 4 22
28 26 17 41
36 32 24 20
10 42 6 33
26 28 17 49
19 19 31 44
40 15 7 36
23 35 43 9
16 46 26 28
24 40 26 33
28 43 9 34
18 4 27 47
42 0 11 34
24 28 39 3
20 37 6 21
7 33 36 43
34 14 1 42
31 14 18 37
26 24 46 28
25 15 48 7
35 35 45 45
28 32 16 42
7 44 12 37
35 28 14 34
29 25 16 10
25 24 19 47
18 27 40 41
37 4 35 10
2 43 15 5
29 49 4 35
33 32 27 32
31 34 48 31
42 5 5 37
19 33 14 45
33 45 35 24
49 4 8 14
7 33 22 43
19 14 37 46
33 45 11 14
5 28 31 31
24 29 48 37
47 16 19 36
46 9 33 33
22 21 44 3
16 37 20 32
9 9 13 17
24 34 8 46
20 39 32 5
20 16 28 35
27 36 32 5
13 3 13 46
39 0 48 33
12 5 11 32
39 29 45 34
12 31 26 35
1 41 10 32
40 44 45 38
36 4 43 44
27 27 28 13
34 21 39 37
40 19 29 49
15 48 1 22
48 17 19 39
35 34 49 19
15 45 42 24
24 33 42 28
17 35 49 45
21 24 37 36
9 35 12 43
17 20 31 1
30 26 39 40
33 26 9 46
41 40 20 31
23 44 48 38
31 16 11 22
13 41 13 19
24 32 19 44
3 0 5 44
21 3 3 31
30 33 19 39
30 33 31 37
11 0 16 30
1 33 47 29
15 24 0 15
13 36 27 37
19 35 23 26
30 3 12 6
4 21 42 0
24 35 38 19
29 24 13 20
16 12 44 32
19 45 16 40
21 17 41 31
43 6 1 36
36 33 22 9
6 30 42 45
44 1 44 40
29 27 43 33
37 24 39 33
1 9 14 29
30 20 19 40
27 31 21 30
22 14 19 10
22 17 43 16
27 35 7 42
17 26 26 22
41 19 36 45
23 40 26 38
13 46 1 40
22 48 3 25
42 35 5 43
45 0 18 45
43 26 17 28
22 28 24 17
40 7 4 32
26 31 18 41
31 46 46 34
20 30 12 38
21 10 5 31
28 31 13 37
16 26 29 9
7 13 39 35
2 8 35 21
32 33 36 36
37 1 45 36
18 27 40 35
24 24 41 6
30 38 6 33
32 42 8 21
26 38 34 4
33 48 42 35
43 2 17 15
19 22 39 13
28 45 40 38
36 29 47 13
32 37 36 18
20 45 36 45
18 30 6 38
48 4 41 33
7 44 44 33
27 29 36 3
25 49 2 45
21 22 45 31
15 46 22 17
9 34 46 30
21 38 0 44
27 44 1 26
42 43 18 30
34 2 14 17
40 41 24 3
17 48 13 39
9 4 42 34
27 44 18 49
13 40 4 27
11 34 4 37
4 41 13 25
8 35 24 9
30 24 28 38
21 41 25 44
8 6 46 31
38 33 46 36
20 4 41 30
21 22 8 9
18 16 9 14
13 40 12 28
5 17 37 17
22 29 12 7
6 32 19 5
29 34 23 42
37 45 10 9
18 14 4 24
19 47 20 36
17 27 5 26
7 17 37 15
12 32 40 25
22 32 27 39
23 38 10 33
5 37 1 43
35 38 6 34
18 42 25 40
39 26 27 29
27 22 18 42
28 31 21 37
6 35 37 39
42 28 22 18
20 31 9 30
21 13 18 15
13 18 33 2
38 19 6 26
18 22 2 0
4 47 49 9
33 39 49 32
45 26 18 39
12 27 8 24
