50 60 11552 800
29 6 16 11
18 44 3 19
29 13 13 41
29 4 19 23
12 33 43 30
25 43 8 17
14 29 11 27
27 1 19 28
41 17 12 12
38 17 29 27
30 22 19 3
23 6 24 20
36 15 25 39
40 37 7 26
26 20 1 37
18 20 29 6
30 24 5 16
32 17 32 9
37 38 17 28
13 14 38 46
39 12 45 30
8 29 45 27
10 28 18 28
13 31 8 41
6 32 40 14
18 9 11 12
0 47 40 9
13 40 13 12
28 14 4 30
26 9 42 27
34 48 33 29
4 30 32 12
48 46 17 41
44 32 5 29
29 10 23 34
11 30 19 37
28 43 12 37
24 11 48 21
10 33 1 32
33 23 22 30
41 7 13 26
7 28 10 40
10 29 18 13
43 21 4 41
35 16 35 34
44 36 19 23
32 2 0 13
7 49 17 33
34 32 32 27
24 6 15 29
12 30 41 26
3 19 23 28
2 41 32 25
46 8 4 22
34 16 41 10
23 41 41 40
29 35 14 5
9 28 5 31
23 22 1 30
1 47 12 27
