50 51 14810 800
14 28 34 14
10 5 2 34
26 7 22 39
22 11 19 8
24 9 39 3
28 3 15 44
37 43 21 28
22 11 8 21
17 9 38 5
11 39 49 15
25 4 25 43
8 39 45 11
21 40 21 24
27 9 4 35
32 27 0 41
23 0 47 1
35 5 45 6
13 46 11 16
29 2 37 42
1 35 49 29
19 2 45 3
31 5 39 41
8 2 47 34
24 44 15 36
31 30 15 21
20 3 44 5
35 33 33 10
10 43 39 15
18 47 41 10
6 1 44 31
16 1 39 21
3 4 47 31
27 35 6 12
7 33 15 22
29 2 16 25
19 4 3 34
24 5 22 15
9 34 38 9
7 26 41 11
12 7 31 9
20 8 17 46
22 1 3 29
19 3 38 12
25 5 2 49
24 9 13 37
27 3 4 22
20 29 3 20
37 31 39 41
9 10 7 22
43 41 2 0
31 44 46 1
