50 878 19215 800
9 41 25 29
41 38 31 25
31 39 22 8
10 36 24 24
48 42 46 25
34 48 35 0
35 48 26 27
46 7 48 23
29 39 34 31
47 43 22 19
49 41 36 33
7 39 40 9
37 5 31 35
21 3 42 46
49 44 34 36
33 45 7 7
24 9 41 35
47 14 25 17
43 0 45 26
29 47 49 20
46 35 33 21
1 42 49 34
42 34 13 22
41 39 2 16
33 12 38 46
24 28 12 47
13 38 29 29
33 44 22 43
10 40 41 7
35 45 49 31
11 39 39 37
35 48 36 44
12 6 42 46
34 37 31 27
32 47 41 45
10 41 37 20
43 13 44 45
38 40 8 4
44 48 36 32
20 32 38 8
37 12 39 45
44 8 40 0
9 36 32 39
31 11 38 31
41 15 49 15
41 8 13 40
15 39 29 20
25 11 27 31
30 43 42 44
33 3 42 4
11 41 1 18
45 2 27 33
45 44 32 48
11 41 31 9
40 44 9 26
45 4 32 36
30 41 28 23
29 6 40 15
41 40 20 8
41 42 30 36
24 48 26 12
37 35 43 19
47 31 43 28
41 10 41 45
10 42 33 34
30 28 36 27
26 44 33 25
42 45 21 31
37 43 25 28
10 39 42 23
24 3 18 27
38 39 31 37
21 45 39 16
37 38 37 49
9 37 35 9
33 46 48 22
31 46 40 48
28 15 40 29
42 12 37 35
33 6 36 31
33 44 48 21
46 0 33 35
28 30 42 24
8 39 30 32
41 9 44 37
10 43 28 11
42 39 31 32
44 31 43 45
40 3 49 34
29 43 44 25
2 39 45 29
9 40 40 46
49 23 40 1
29 3 43 47
28 6 19 35
5 42 40 21
11 41 49 18
11 42 34 34
33 33 19 11
34 47 37 25
49 46 12 16
14 40 30 30
34 48 48 42
16 48 39 32
30 4 31 18
38 40 28 31
2 40 35 23
9 38 0 17
31 3 11 27
4 19 18 10
36 37 27 4
38 14 19 14
11 36 34 33
40 43 40 49
30 12 43 26
40 27 28 37
2 41 30 27
30 45 33 33
44 42 32 33
31 4 24 27
4 18 43 8
37 30 24 28
24 1 22 27
10 42 33 17
44 41 41 44
42 37 11 45
31 5 37 43
36 48 36 21
38 24 38 35
16 38 39 48
9 41 35 31
8 38 26 3
49 2 41 16
44 26 21 22
36 20 23 21
36 43 39 46
6 37 38 34
25 20 39 45
41 42 39 27
38 41 17 14
32 8 48 21
10 39 37 9
30 24 25 12
49 48 37 28
23 29 38 44
31 4 33 23
43 5 44 30
46 40 33 24
10 37 30 45
11 39 34 41
28 6 32 41
28 6 14 22
8 42 41 28
29 42 26 39
5 48 44 23
41 41 27 28
44 5 23 27
32 5 41 29
42 1 35 35
35 39 40 8
43 35 46 27
32 9 30 32
27 6 40 29
30 3 25 20
28 8 47 46
10 40 45 19
43 45 31 24
46 43 38 22
19 49 35 34
27 13 41 48
46 43 39 35
33 43 10 14
9 38 37 19
40 45 42 19
46 44 16 36
42 39 40 45
10 41 40 41
45 48 32 13
38 38 49 27
22 19 27 36
29 4 43 43
38 43 6 8
47 33 25 28
31 44 47 25
27 7 31 31
6 40 16 27
12 36 43 41
34 6 23 24
43 28 15 8
9 43 18 8
9 40 6 15
28 35 23 23
29 6 28 20
36 43 36 29
26 12 46 47
36 13 20 14
41 36 36 44
9 38 42 16
49 38 43 21
9 43 42 42
34 39 41 39
35 48 27 37
39 15 41 42
31 8 32 24
46 2 42 44
8 38 30 6
43 48 40 26
47 35 38 47
9 40 45 45
45 46 44 30
38 47 43 3
33 20 16 28
38 32 33 6
32 8 38 26
48 39 28 32
5 41 34 33
9 40 37 26
33 13 40 44
8 35 17 21
18 4 42 20
28 14 38 17
45 0 40 7
11 42 38 34
48 44 42 45
27 7 22 24
12 5 49 11
29 38 42 33
24 44 44 17
40 39 12 33
43 14 15 33
23 3 43 19
7 36 40 42
35 6 31 14
44 27 21 27
32 28 44 29
10 38 35 12
8 42 41 48
46 41 37 20
8 36 38 45
39 7 28 24
46 41 33 34
32 23 34 31
40 39 39 5
38 7 17 33
28 3 40 26
9 39 31 28
14 38 32 32
10 42 38 44
31 7 38 43
30 3 20 38
16 46 35 29
40 7 48 29
25 31 21 36
40 9 24 3
40 6 31 25
35 46 16 10
32 2 46 24
43 36 44 23
24 45 37 32
8 40 37 47
39 7 27 26
45 31 43 43
12 40 32 19
49 46 13 9
36 43 32 32
34 46 44 21
29 6 46 30
32 34 31 20
9 43 41 48
36 38 41 46
3 15 27 35
32 36 43 46
10 37 24 15
12 35 42 45
33 13 39 13
9 40 40 15
41 32 34 34
36 3 41 45
9 26 22 28
38 38 19 8
11 41 39 40
7 41 16 9
28 26 28 5
40 42 42 22
40 49 41 44
9 40 9 28
10 37 40 19
43 27 24 28
20 48 30 38
49 28 44 25
45 43 38 3
32 3 37 48
28 45 41 36
44 45 12 19
37 31 46 38
33 43 15 9
26 10 42 46
3 8 27 30
36 7 32 43
33 25 40 44
9 38 20 35
42 4 26 1
10 40 35 8
49 47 38 45
9 39 45 25
8 40 39 26
34 49 30 30
11 40 41 28
11 43 18 14
32 5 40 2
8 41 30 34
45 36 38 47
7 38 36 30
20 47 38 32
9 39 45 33
14 44 47 33
36 39 43 44
6 42 20 5
49 41 33 35
22 46 35 36
14 26 43 21
37 8 37 46
12 37 18 11
30 29 38 15
44 28 44 5
49 9 10 16
6 43 32 34
30 11 33 13
45 42 41 14
5 42 35 17
14 40 7 25
7 36 30 18
12 13 43 33
46 1 10 29
20 30 23 10
29 6 34 23
42 43 39 46
13 40 34 37
35 23 40 16
11 42 41 7
12 42 30 29
34 39 33 31
27 30 16 25
9 39 6 26
2 48 19 5
42 42 37 30
27 8 43 45
11 39 44 21
43 45 35 31
42 35 40 40
7 43 34 31
35 42 33 3
45 44 14 27
9 47 30 25
47 30 33 30
44 6 19 2
8 40 24 35
27 2 39 48
45 42 43 21
30 13 48 3
43 46 29 37
30 4 36 14
10 41 33 29
39 36 35 25
8 39 46 24
44 9 39 10
48 6 16 35
34 3 34 16
31 6 42 9
48 32 40 46
9 41 29 30
32 2 45 30
4 40 41 20
8 40 27 10
11 1 32 36
46 2 28 33
36 42 18 35
48 30 36 14
7 41 49 6
10 45 34 29
48 29 41 47
23 6 35 29
38 44 42 42
33 38 16 30
36 43 27 39
12 41 8 1
23 44 20 1
12 41 33 8
31 41 46 8
29 6 1 9
45 46 26 44
30 42 42 32
41 45 40 23
35 26 41 7
43 39 38 43
34 45 39 47
0 29 21 28
6 41 25 32
43 44 27 36
6 39 34 30
29 9 40 47
25 30 43 25
29 42 48 9
44 7 17 27
23 22 29 32
29 33 48 23
23 34 41 29
49 9 32 27
8 39 14 24
35 22 10 22
21 48 34 0
37 36 22 16
10 36 38 1
13 40 32 6
38 46 19 15
46 27 41 44
35 43 27 32
39 19 22 17
28 41 26 4
15 37 27 32
43 7 38 48
8 37 35 33
47 40 27 7
10 39 42 46
12 40 36 23
38 45 34 30
13 40 13 31
43 1 39 22
40 31 30 34
35 47 15 38
30 10 39 30
49 28 27 6
28 37 39 40
29 7 37 44
38 15 39 22
29 5 17 6
11 42 40 42
35 42 18 18
28 38 33 10
9 41 46 3
49 39 40 15
40 41 20 18
9 42 34 29
26 45 18 11
13 41 49 36
11 37 27 21
28 10 23 18
32 6 41 46
6 31 41 43
33 36 10 14
34 46 34 32
34 41 39 46
44 33 43 2
35 40 3 18
8 42 18 32
7 39 42 46
43 37 39 44
19 46 37 7
44 47 32 23
30 47 43 47
31 49 15 25
9 38 14 26
25 9 48 8
17 25 46 6
42 32 41 40
8 38 3 36
37 49 46 10
48 9 28 27
29 4 22 15
36 35 32 36
9 39 49 29
32 45 44 21
28 46 28 22
8 42 8 4
45 1 40 34
9 45 40 45
41 6 35 30
26 6 23 0
37 43 22 13
15 30 18 11
40 39 36 36
7 38 20 25
41 46 27 23
9 37 40 45
37 43 44 46
11 39 40 45
7 43 31 32
18 36 45 19
35 10 37 35
36 44 37 7
38 1 49 29
31 19 46 32
16 42 41 29
24 47 39 24
31 41 26 35
12 41 11 12
42 43 18 18
9 39 34 29
13 43 41 28
29 6 42 28
7 40 33 32
9 31 34 19
43 38 27 28
38 1 38 46
40 27 6 17
7 40 22 11
13 45 16 36
28 6 24 9
27 31 35 34
28 1 42 47
25 24 37 45
49 42 16 7
40 47 33 21
41 45 7 22
11 45 33 27
25 9 33 24
27 12 34 26
40 2 15 19
9 3 19 22
34 45 47 35
13 40 37 32
23 10 36 46
10 41 42 32
28 2 32 33
29 26 47 33
44 36 40 23
9 41 30 28
39 39 41 34
8 41 32 30
41 42 45 31
11 44 24 32
46 8 29 15
18 33 37 34
32 44 14 48
49 13 23 27
10 44 30 39
37 38 35 17
43 44 33 22
43 34 41 17
7 46 14 2
8 41 35 21
8 41 40 39
8 40 34 24
9 41 49 21
28 10 43 13
38 36 31 28
16 34 41 43
32 3 2 15
32 49 33 36
10 39 32 32
14 48 38 41
37 3 25 15
7 39 45 29
47 45 25 26
24 6 40 22
34 39 46 20
10 39 32 25
5 38 38 21
13 39 40 45
18 47 28 22
34 21 44 46
11 39 34 36
33 35 42 43
21 46 44 21
37 35 41 16
8 40 32 41
12 41 18 0
43 33 42 9
27 46 43 47
12 44 27 20
39 45 33 29
26 46 36 35
23 20 49 25
46 27 41 31
37 42 14 0
43 15 6 15
30 6 44 32
47 39 39 39
7 41 28 35
31 4 32 27
31 7 43 44
43 45 47 23
45 46 35 9
43 39 29 31
27 5 18 23
39 28 27 17
18 39 35 28
30 46 3 13
43 32 10 7
35 7 38 35
36 38 40 24
8 46 40 44
37 37 3 14
28 15 24 0
37 44 35 33
25 46 16 19
46 13 29 31
41 46 38 28
27 5 31 1
30 25 8 34
31 43 13 14
34 49 33 33
38 20 44 26
15 46 31 31
18 44 35 33
39 5 34 15
28 7 42 17
40 38 40 47
40 40 43 42
47 33 32 32
47 29 26 40
40 3 22 13
36 48 37 23
37 31 36 7
36 19 33 33
40 38 1 10
29 11 41 47
27 42 40 41
29 0 21 17
41 8 40 25
47 34 35 22
8 42 45 3
20 38 41 46
38 38 24 33
30 9 34 8
28 28 36 38
49 12 29 23
11 38 40 42
29 41 32 17
16 39 29 17
43 43 40 46
28 5 2 26
37 28 6 25
4 39 31 34
31 3 27 43
41 44 31 3
17 0 31 27
32 1 39 13
28 8 45 30
10 44 40 45
26 12 37 23
30 24 47 25
32 43 43 32
34 34 44 42
0 29 28 37
9 38 49 18
32 45 14 18
48 41 35 35
41 40 43 46
41 40 14 18
33 43 40 34
9 38 28 16
29 12 37 26
47 4 33 27
28 47 42 43
40 44 46 23
27 10 40 44
35 46 44 33
29 21 8 22
27 8 47 0
10 39 29 35
14 32 32 24
30 2 38 9
31 6 48 23
9 44 39 11
48 0 42 27
31 6 26 32
43 14 42 10
32 6 39 46
20 3 48 21
48 37 34 29
29 6 38 36
27 47 36 36
44 7 35 39
10 42 41 44
1 35 21 30
36 31 41 44
34 30 49 27
39 43 40 20
8 42 37 31
27 1 27 36
29 42 29 34
8 39 29 32
7 38 42 43
9 37 49 21
11 36 36 27
47 38 43 44
39 47 35 17
9 42 33 30
10 38 12 14
45 6 27 35
38 45 26 29
27 35 41 47
16 5 14 22
23 42 30 13
31 45 26 16
24 42 43 29
26 10 36 47
10 42 40 45
22 48 27 21
11 37 34 9
48 44 45 28
38 40 34 37
11 36 9 20
40 7 27 21
43 32 49 29
11 39 28 26
42 46 28 46
46 35 33 41
29 9 26 7
11 38 43 5
10 40 25 40
45 34 32 21
49 33 45 24
39 13 41 26
45 41 38 46
8 38 38 47
25 32 36 24
26 16 35 30
10 37 21 20
46 5 17 35
11 40 37 20
9 39 36 39
43 45 43 34
46 42 42 45
8 42 44 25
33 19 39 44
32 7 32 37
8 39 31 40
29 5 37 46
5 47 40 45
32 48 43 45
46 30 36 9
48 44 31 18
37 30 49 21
36 20 32 39
28 8 46 27
43 1 30 3
12 39 15 18
45 4 31 5
21 39 39 48
31 4 35 1
12 38 39 47
27 36 40 21
28 48 36 34
10 39 36 7
48 9 41 35
23 39 27 9
47 7 42 44
35 40 21 22
9 38 26 35
21 40 10 12
49 3 32 33
40 13 46 31
31 35 28 32
47 43 37 44
39 8 47 25
31 9 31 31
5 30 40 27
6 39 39 40
46 5 30 27
35 43 4 26
40 36 40 45
27 6 43 44
26 44 30 34
37 41 2 13
13 39 37 7
11 42 12 13
34 36 40 28
31 2 23 7
8 40 29 2
42 45 26 19
30 7 26 17
7 37 42 43
3 12 36 11
43 46 28 15
37 9 43 33
40 6 43 17
9 37 39 47
35 44 25 20
39 15 35 34
8 38 3 40
36 5 24 32
25 49 41 45
47 33 35 33
44 8 20 21
43 4 38 43
45 42 19 7
27 42 41 47
38 46 25 28
44 43 10 30
33 7 17 0
29 6 41 14
16 23 26 27
41 47 38 29
43 43 16 18
8 41 45 36
44 11 46 23
9 40 46 14
36 45 35 30
8 40 45 5
37 32 35 29
30 7 42 3
45 44 28 21
47 7 37 31
7 39 37 4
40 32 25 14
27 34 0 22
43 44 45 33
30 32 40 30
48 2 9 14
10 41 25 25
49 26 13 8
8 42 9 26
14 38 28 34
17 39 33 40
42 3 46 21
9 39 44 43
33 11 29 39
37 36 41 48
7 38 8 33
41 44 35 22
27 43 48 14
13 39 31 5
13 42 37 47
25 10 43 46
38 43 31 32
43 2 33 31
0 48 31 25
40 49 20 8
48 34 44 30
31 21 30 12
26 33 34 32
32 44 38 23
36 39 34 5
44 46 29 34
33 46 32 26
6 42 48 32
32 41 37 10
38 41 29 31
31 38 24 28
7 41 45 27
29 8 36 38
29 17 31 24
48 44 29 29
45 2 43 37
31 22 38 44
34 5 16 10
14 39 46 24
11 42 43 39
32 24 21 15
25 10 29 35
29 37 39 2
39 9 45 37
29 4 34 32
47 49 33 39
19 37 28 23
46 6 24 36
34 3 39 44
45 47 35 23
4 33 42 47
28 8 17 9
36 39 36 47
11 39 35 24
33 42 18 30
37 36 37 25
12 39 40 30
28 43 37 14
44 43 36 41
15 17 36 48
36 44 34 26
41 7 35 20
32 17 32 31
30 7 42 47
32 7 29 18
44 12 25 27
14 38 49 31
47 3 42 47
