50 157 14937 800
1 37 36 36
20 3 27 41
16 30 36 42
4 0 41 19
16 23 34 47
16 29 24 7
1 36 27 9
10 23 21 48
16 28 27 41
16 19 28 19
25 40 38 22
32 36 37 46
17 18 28 38
11 19 26 2
31 36 36 36
28 19 14 15
21 20 34 32
13 36 43 41
8 7 38 25
23 12 33 22
5 43 28 13
27 29 47 45
8 2 9 12
30 40 31 31
9 31 39 35
16 27 16 37
11 44 42 12
31 31 35 34
6 24 38 4
29 42 35 21
23 8 16 43
27 37 26 47
13 26 39 40
21 8 25 29
22 19 15 33
3 1 15 31
10 3 43 48
26 16 32 36
22 35 24 44
16 4 39 15
24 10 24 35
5 5 40 37
16 40 35 49
16 24 36 40
16 23 46 18
16 21 23 41
18 34 33 49
1 30 32 36
5 11 27 32
22 10 39 49
18 31 46 41
6 0 26 45
14 8 27 47
27 32 40 40
15 3 31 42
17 49 18 31
12 21 26 49
14 5 18 18
1 44 40 23
15 23 25 30
24 34 38 46
4 14 14 32
16 38 27 46
24 17 23 44
15 43 35 20
19 4 49 27
11 27 32 2
23 37 36 10
11 23 23 36
1 22 39 46
15 29 29 20
12 1 15 39
19 7 40 27
9 20 36 45
16 37 23 31
32 19 1 27
12 29 17 27
14 3 37 40
2 8 32 35
7 20 13 38
18 7 28 22
24 17 39 26
26 35 38 28
16 21 30 36
18 30 24 30
10 18 32 40
12 24 25 11
14 40 21 37
2 5 23 25
12 20 26 39
11 25 38 42
6 40 49 23
10 1 46 47
16 19 38 43
21 26 43 9
27 22 41 27
8 5 40 41
23 22 39 46
22 8 30 39
26 43 36 24
11 10 41 29
15 7 32 36
14 2 37 3
9 7 37 32
19 42 13 9
30 34 43 45
24 43 26 9
21 22 19 41
30 36 28 45
23 24 27 35
16 17 10 14
21 39 34 39
24 22 18 14
11 23 25 33
28 38 28 31
16 23 42 26
9 49 44 35
20 35 43 42
5 21 20 41
23 18 30 45
28 32 42 40
20 42 25 33
34 27 27 35
21 27 24 42
3 29 25 38
19 2 19 26
28 36 25 28
5 6 8 11
25 42 46 9
21 37 18 16
12 5 23 36
8 10 20 39
4 33 44 46
32 42 43 40
7 2 28 43
17 23 44 6
1 23 33 0
15 6 32 26
9 3 19 39
27 43 7 16
21 23 28 33
6 27 34 31
11 0 21 41
12 28 35 6
16 18 21 38
10 17 40 15
20 35 28 25
24 18 34 36
15 27 32 36
33 34 45 22
10 22 21 14
17 17 31 37
23 13 25 39
12 5 33 49
33 34 34 29
30 13 38 27
23 49 48 29
