50 271 16643 800
13 30 12 14
27 25 16 24
19 47 17 5
39 39 32 12
19 47 38 6
25 27 40 48
6 19 13 26
29 33 19 28
15 28 43 16
0 46 37 11
5 45 17 6
20 32 49 10
19 48 33 10
37 47 29 25
23 48 19 39
10 44 15 23
11 41 39 2
12 29 36 10
28 43 36 0
38 37 17 24
1 37 40 10
7 36 17 13
4 49 42 17
2 28 33 30
11 18 39 26
5 38 23 42
0 43 0 27
46 43 7 12
10 39 49 35
19 23 38 5
2 33 0 22
36 48 13 23
25 48 23 0
9 42 26 13
2 48 22 24
5 48 18 28
24 36 14 16
17 23 46 30
17 42 45 24
5 35 16 9
43 45 36 0
5 39 34 21
20 27 32 14
38 46 8 34
4 34 15 8
34 47 24 29
43 40 47 8
9 40 17 0
10 47 9 43
10 35 33 15
45 48 37 18
16 24 24 32
17 32 14 20
12 34 41 41
6 16 39 3
22 33 18 1
17 35 3 19
19 35 27 9
2 26 47 34
28 28 48 20
26 37 16 20
3 31 42 19
1 44 38 19
11 10 42 38
14 42 3 21
14 41 37 26
9 43 24 6
19 46 32 13
9 31 36 43
1 36 29 6
12 38 19 19
9 49 43 14
9 43 46 32
12 34 26 24
38 45 39 7
6 43 39 18
31 31 21 32
11 30 41 6
41 40 23 20
34 30 35 3
12 40 31 7
2 36 26 1
13 42 3 8
6 15 41 8
31 33 37 26
4 46 16 20
19 13 18 34
40 39 32 12
7 29 13 49
26 19 24 28
25 39 49 39
26 44 1 31
14 22 32 29
5 40 35 38
16 45 2 13
9 45 28 24
33 26 45 8
33 42 46 24
13 38 24 4
23 34 40 23
3 47 29 22
10 37 33 16
30 5 17 27
0 30 36 38
15 32 21 44
13 39 2 8
12 31 41 27
0 40 16 4
11 37 37 31
11 31 38 9
13 26 5 9
12 38 16 29
1 49 23 33
19 48 28 24
17 42 26 26
12 30 15 21
20 25 27 28
11 35 20 25
18 37 38 31
28 29 10 23
12 3 39 12
11 45 15 23
35 49 11 10
25 35 32 22
10 43 11 24
3 36 24 14
24 36 14 28
0 20 20 10
7 28 37 33
13 35 44 13
11 8 21 36
24 40 21 20
18 13 38 22
6 16 15 23
9 42 24 10
10 30 36 27
4 44 11 18
26 41 5 11
1 38 43 0
40 41 28 23
32 35 31 4
9 12 24 45
24 49 39 18
15 38 35 13
4 23 48 7
0 25 8 13
33 26 16 48
32 46 29 24
7 41 14 12
31 15 33 12
9 22 34 21
24 33 31 41
6 28 20 10
10 34 1 7
8 34 48 14
8 38 25 32
8 44 31 3
10 34 42 24
12 19 40 8
6 6 49 8
2 23 2 48
34 34 37 26
17 20 12 22
9 31 8 17
17 31 15 8
15 31 23 15
3 23 47 15
30 37 43 45
15 31 34 11
20 16 18 4
1 39 9 12
21 47 18 21
26 13 10 26
8 45 29 42
16 34 15 15
16 35 36 9
15 43 37 27
40 25 31 1
15 17 10 33
1 23 45 17
9 32 4 15
6 39 25 38
30 19 31 40
7 41 36 37
14 27 38 24
32 40 14 3
25 24 30 15
7 36 10 26
3 24 31 11
5 35 33 39
8 31 18 15
15 13 45 21
38 47 14 8
16 28 12 35
1 20 45 12
29 37 33 15
1 25 33 7
36 43 5 37
2 39 4 3
7 44 44 40
29 25 19 4
35 24 35 15
34 34 7 11
23 16 17 9
8 47 27 33
17 40 10 27
25 40 47 18
20 24 40 6
5 38 3 4
22 37 7 11
8 40 23 25
15 20 36 17
41 28 35 8
8 46 2 38
20 23 28 35
19 29 49 16
40 36 28 23
8 44 3 7
10 41 4 14
19 41 23 30
22 32 44 10
8 10 48 0
13 36 46 14
14 28 17 33
15 39 27 44
33 25 21 17
2 39 25 28
16 46 21 26
10 46 44 18
17 42 11 23
32 39 13 9
6 30 17 0
24 39 27 23
31 33 26 38
20 22 10 38
28 46 42 33
8 20 22 37
19 39 21 5
12 44 13 23
23 41 30 29
5 31 28 21
16 28 36 14
38 45 47 23
8 29 43 18
31 37 26 23
14 47 39 12
12 34 42 15
18 48 13 13
19 30 42 41
7 18 31 46
9 47 30 21
15 30 9 9
24 41 11 24
9 38 45 15
28 27 46 3
9 30 20 27
7 34 23 23
0 10 8 30
8 16 20 45
23 28 14 29
24 47 32 24
33 29 49 30
11 26 11 31
3 32 17 22
41 28 2 23
20 27 11 9
2 20 6 16
45 11 16 18
4 47 45 8
17 37 31 31
15 40 23 37
