50 271 11798 800
2 39 43 10
13 27 38 46
10 43 43 9
26 30 22 31
13 44 37 0
45 29 47 9
26 11 47 15
25 21 25 28
25 18 24 27
34 11 0 30
40 43 3 13
34 37 12 13
14 17 34 14
27 28 46 1
32 23 10 25
9 26 18 9
21 3 33 18
42 45 10 30
36 45 32 40
48 28 41 8
27 34 44 2
9 30 40 12
5 25 24 26
32 39 39 7
45 33 40 8
27 15 29 24
30 8 21 21
14 28 22 31
32 43 19 6
26 32 20 4
31 22 15 14
28 9 28 23
23 5 15 3
18 19 6 1
45 30 8 14
40 33 42 12
17 32 36 4
24 20 35 1
23 44 30 1
48 27 7 2
49 22 16 7
16 13 23 28
24 1 20 4
27 12 0 30
35 1 19 20
38 40 40 11
33 43 37 35
16 24 15 48
19 3 40 6
41 6 16 14
21 15 16 6
18 34 42 4
27 28 43 49
19 34 20 30
28 3 7 21
47 30 9 33
29 6 27 49
25 12 40 19
23 45 25 35
33 37 19 7
45 25 40 8
9 22 43 2
18 26 46 11
38 39 25 29
10 29 12 33
30 21 16 30
10 20 24 25
46 46 42 12
37 29 36 0
29 31 26 26
15 41 26 11
45 5 21 25
28 19 12 5
11 41 7 4
47 29 25 39
5 37 16 16
12 11 15 8
29 14 49 47
38 43 41 3
30 18 12 7
9 46 22 21
41 30 36 5
48 10 40 5
32 32 24 12
11 28 48 6
11 44 35 8
21 38 20 6
34 24 6 5
28 29 22 3
47 43 29 13
15 11 17 36
44 44 8 5
32 38 24 3
41 38 44 9
14 23 38 4
20 17 25 32
27 12 25 30
34 7 10 15
30 26 46 5
24 3 24 26
29 48 45 4
35 17 32 14
46 1 46 9
48 45 31 18
41 47 26 30
4 45 33 12
34 22 20 17
26 27 47 7
22 9 46 4
30 32 35 14
20 46 43 9
25 27 16 12
47 25 35 3
27 33 25 25
46 36 35 9
16 16 1 8
34 24 14 4
39 39 9 10
39 21 13 28
28 28 24 8
10 31 46 13
33 1 3 38
21 6 22 15
27 47 10 40
21 25 2 30
33 16 4 27
44 37 46 5
43 25 13 16
46 42 14 8
27 36 11 1
33 26 18 7
39 43 23 10
5 34 25 27
20 28 40 14
38 24 25 14
13 22 28 9
6 29 31 27
9 38 1 37
7 18 23 29
39 40 44 11
34 34 22 29
18 16 40 2
17 17 8 7
16 29 42 22
31 6 40 49
8 23 33 15
28 41 15 10
19 39 47 23
1 38 22 15
10 24 25 24
48 30 29 40
22 39 35 20
42 21 41 13
33 41 34 46
5 40 23 28
28 7 15 4
26 33 49 25
32 48 23 37
29 23 26 13
30 27 38 48
40 35 47 6
23 13 13 3
40 13 36 39
36 5 24 31
41 27 2 25
19 31 12 6
28 9 48 2
42 9 37 4
38 12 8 7
29 2 20 1
26 41 37 1
42 0 42 12
46 36 22 32
46 37 42 48
29 23 49 44
9 19 31 4
38 37 43 3
28 24 27 10
12 39 38 12
35 42 27 21
4 44 33 1
23 23 26 9
16 21 17 27
38 9 4 6
6 38 22 41
25 24 21 28
11 29 16 0
45 33 22 27
49 21 23 30
21 29 0 32
14 33 33 15
27 17 9 12
22 28 34 1
38 28 22 33
45 46 15 4
21 16 23 4
22 12 23 29
45 47 26 40
11 31 22 25
15 31 13 21
17 22 26 32
42 44 21 31
37 18 6 16
32 23 45 0
28 33 37 11
6 20 27 34
26 3 14 0
44 44 25 23
49 36 22 28
20 23 9 2
15 1 46 19
40 19 24 27
7 36 17 13
37 13 33 8
38 8 42 5
3 23 25 19
48 36 16 49
20 35 43 8
3 48 9 10
21 11 17 6
12 20 16 16
15 38 41 16
49 40 32 15
30 7 34 0
6 21 42 0
17 20 34 42
4 34 27 32
16 31 20 44
48 41 31 9
9 32 35 47
45 34 23 25
17 17 34 5
17 26 19 12
27 11 13 22
38 11 42 10
46 36 23 44
31 26 43 15
7 41 44 8
27 16 20 25
31 3 44 24
15 21 6 26
41 49 21 29
6 38 10 26
39 29 10 5
31 6 47 49
48 35 15 13
46 47 13 18
32 19 37 15
15 25 39 5
23 19 14 6
14 20 8 2
39 32 9 4
0 41 24 20
49 45 45 13
12 39 49 9
35 13 23 25
22 29 34 3
11 14 36 13
9 14 7 39
13 43 49 10
46 46 24 40
37 47 24 43
49 4 40 13
29 22 25 31
30 32 30 20
16 34 41 24
19 25 5 1
47 44 41 3
38 36 37 8
48 40 21 30
14 27 12 0
