50 59 13082 800
19 14 26 9
4 19 49 30
7 9 24 17
19 41 13 39
7 18 32 49
7 23 10 33
43 10 35 8
29 5 30 24
41 5 36 16
26 9 28 5
41 4 31 17
2 19 12 46
11 13 0 41
8 11 11 40
4 17 21 12
14 24 12 4
35 4 44 11
40 7 32 32
27 9 18 20
14 42 18 40
18 27 46 16
14 46 45 12
9 15 1 38
33 12 34 18
4 9 42 33
40 7 32 10
38 5 13 8
26 32 40 25
34 46 49 3
26 4 33 20
30 28 47 23
25 8 47 31
34 6 35 11
15 18 10 44
47 2 32 28
1 30 8 32
37 6 23 16
11 2 41 18
20 43 35 17
8 19 22 13
17 8 49 20
37 7 47 9
6 13 15 14
28 20 38 32
21 12 41 24
35 4 32 26
5 9 28 22
32 9 0 33
10 16 29 18
5 15 3 44
14 9 32 15
33 15 27 19
14 40 29 18
8 10 22 14
14 7 22 19
14 41 43 5
37 6 32 4
7 8 22 13
34 23 37 13
