50 134 15988 800
24 0 11 24
25 41 16 46
20 16 30 38
27 16 26 20
10 27 17 24
28 23 33 2
22 11 30 18
8 23 17 24
8 26 22 49
23 23 19 41
13 30 42 42
10 28 5 11
43 47 13 31
40 45 27 22
16 15 7 10
43 11 18 23
16 28 38 41
11 21 30 45
5 35 6 4
9 28 48 25
19 11 21 25
46 43 16 1
11 29 40 32
8 2 28 10
19 21 27 38
5 26 25 17
15 17 27 47
10 27 5 30
17 5 3 30
43 26 23 13
32 9 26 14
19 23 17 5
47 46 14 4
10 25 32 0
11 33 49 6
35 36 44 24
11 27 36 31
44 19 45 2
33 7 46 7
25 20 47 33
20 10 2 43
44 14 22 19
16 22 36 28
16 30 41 31
16 12 24 35
11 25 25 15
49 47 46 19
23 6 34 34
9 24 3 46
11 24 16 8
12 26 26 39
10 28 29 38
12 25 8 8
42 30 24 11
13 27 14 10
24 12 28 34
13 29 2 44
12 27 25 39
6 46 27 16
39 39 40 3
22 31 25 27
13 27 10 35
20 17 30 13
29 12 14 34
7 18 6 14
13 30 20 36
15 27 20 16
38 26 3 41
17 26 4 9
49 21 24 13
18 32 22 40
15 40 22 19
38 5 26 42
16 29 25 42
22 32 19 23
14 28 24 13
42 31 26 13
25 26 32 13
12 26 23 16
12 38 20 45
11 30 38 0
49 31 22 14
36 18 26 13
12 31 28 9
19 16 48 32
13 31 36 19
41 47 24 18
37 9 18 29
12 28 24 45
10 28 0 49
14 23 21 18
30 40 24 13
14 5 22 43
32 28 16 45
13 16 21 15
10 25 13 43
30 12 27 15
26 14 24 5
19 10 33 0
12 29 25 14
41 33 22 16
13 29 34 18
22 21 4 33
14 15 32 4
40 34 23 4
20 5 33 10
45 43 34 13
26 38 29 1
14 30 40 2
11 25 21 16
18 39 40 33
12 28 11 9
11 29 25 38
41 48 21 36
18 26 17 22
17 34 6 28
16 5 29 20
14 26 36 16
19 31 27 38
16 34 26 44
25 16 48 8
27 9 3 26
13 29 24 40
16 26 0 47
22 9 35 3
44 25 2 23
13 40 23 16
11 31 26 41
13 20 4 43
17 29 23 36
14 9 27 42
34 33 13 27
21 15 13 21
16 28 1 13
