50 148 15414 800
11 0 38 40
42 16 20 19
37 40 18 40
28 19 3 11
45 35 30 22
2 49 23 20
39 26 36 5
11 9 35 8
14 24 25 9
34 40 39 45
39 42 4 12
31 35 26 30
13 6 5 10
43 27 20 24
33 41 27 28
48 20 16 13
42 17 18 33
6 41 32 20
34 42 35 24
29 26 8 11
25 11 10 14
41 27 29 38
14 28 7 12
36 17 4 14
9 16 20 18
19 28 22 45
13 14 31 25
28 45 28 23
37 33 6 11
40 28 6 12
14 29 32 22
42 38 3 11
43 27 24 27
22 2 18 31
47 29 31 30
20 34 2 10
34 36 6 10
48 21 26 29
40 25 46 4
43 32 4 13
31 41 5 13
20 25 21 49
28 20 37 4
42 29 1 14
48 30 5 12
43 35 8 11
38 34 4 12
22 46 32 20
28 13 27 23
32 43 8 12
35 39 7 13
43 38 5 15
4 17 36 9
32 3 39 33
35 44 23 22
47 37 5 13
41 48 27 40
40 34 44 35
36 19 22 20
38 25 29 8
19 47 17 20
12 11 29 31
10 29 5 8
49 34 46 27
12 33 22 36
43 40 7 11
48 23 26 39
5 14 39 17
42 26 2 12
5 24 7 7
47 33 32 1
42 33 28 25
43 27 7 13
3 33 25 19
33 38 22 30
48 24 38 25
7 23 16 23
21 21 20 30
32 43 6 15
43 28 43 22
29 38 7 10
44 39 19 21
42 25 47 18
32 42 35 13
33 42 26 28
32 15 5 12
40 33 39 27
28 43 39 17
49 45 26 23
40 18 44 29
19 39 29 27
34 40 9 13
37 9 22 19
35 39 7 13
34 41 6 18
42 31 26 20
36 39 20 18
34 43 22 19
6 21 43 2
15 22 43 46
44 40 40 2
47 27 20 23
3 32 16 26
44 29 20 22
38 27 21 24
2 27 29 30
30 41 7 8
42 26 36 10
45 29 6 9
41 33 4 14
1 36 42 8
36 37 45 44
12 35 48 17
46 44 8 14
38 42 48 36
48 32 26 26
26 36 11 32
45 20 6 13
26 28 7 10
49 24 24 19
42 29 5 13
44 32 5 13
37 25 42 27
36 28 43 21
3 22 23 21
36 30 15 26
12 35 11 31
11 21 44 3
7 11 36 0
44 30 24 21
3 21 40 12
12 25 49 17
44 36 2 6
34 41 6 11
29 41 40 30
45 19 13 20
30 39 32 7
45 33 10 12
49 37 44 29
37 33 29 28
2 21 34 26
11 6 46 5
49 43 26 15
11 34 29 23
46 34 7 12
35 40 35 27
19 37 5 12
44 30 16 31
