50 208 18557 800
32 43 20 18
28 27 23 29
33 28 36 23
28 16 34 11
41 8 10 14
24 8 18 36
32 17 27 1
40 10 27 3
29 29 22 19
42 24 18 22
36 26 41 47
39 11 30 6
21 16 13 6
18 26 30 20
41 28 30 22
35 16 24 27
33 9 9 25
7 22 27 41
9 34 27 11
32 26 21 15
23 31 9 48
42 12 21 35
12 27 37 20
28 17 41 9
1 24 43 22
44 7 9 23
47 18 38 28
36 14 40 24
34 3 41 43
11 20 46 35
32 5 17 33
24 21 28 26
45 42 37 39
48 28 20 2
27 9 29 25
26 8 28 19
26 4 13 23
38 6 16 11
10 6 17 41
34 13 35 31
19 5 47 3
37 2 20 42
42 5 34 11
30 14 3 31
35 10 34 3
30 41 7 42
41 19 1 24
39 17 45 34
28 17 20 28
17 0 21 21
39 11 16 19
39 3 31 28
45 4 25 11
23 5 17 33
31 10 31 22
39 12 23 21
34 11 35 29
28 3 40 1
33 10 28 3
44 25 0 40
35 7 27 19
29 17 25 5
31 11 35 34
39 0 24 24
24 14 32 12
19 21 15 15
31 6 26 14
38 16 14 12
29 34 12 25
26 3 25 21
26 36 38 27
27 3 38 8
25 7 32 32
40 19 19 9
7 39 44 38
42 8 18 12
3 24 21 16
37 8 18 15
1 40 40 7
34 11 30 29
39 30 9 24
31 17 27 35
20 8 35 21
22 7 24 16
36 19 8 11
30 24 9 5
17 5 35 0
17 13 39 28
28 16 21 36
21 13 18 19
35 24 37 1
40 34 27 37
23 5 17 13
26 6 28 19
25 17 10 24
28 25 34 7
31 18 44 7
8 4 23 8
32 28 32 23
34 8 19 9
5 20 13 47
29 6 20 9
33 18 22 27
36 0 35 20
4 35 26 21
27 8 12 42
7 43 31 16
38 14 48 39
31 11 30 4
34 23 21 6
20 34 21 0
32 15 20 9
27 20 15 41
41 20 41 47
37 9 40 1
34 15 36 18
38 1 31 13
46 23 18 12
42 20 26 21
29 14 12 43
7 27 20 38
22 7 42 2
43 26 36 1
28 6 26 27
37 22 22 38
36 3 28 27
35 6 38 15
11 48 43 1
3 42 37 28
4 31 18 22
32 10 44 43
21 15 28 10
42 6 34 16
3 7 20 42
45 21 49 47
13 42 23 23
35 10 37 1
37 28 25 6
45 27 25 1
19 25 31 42
4 14 27 22
31 12 33 18
23 33 16 35
33 19 13 38
41 16 22 2
21 25 18 30
15 9 44 22
28 15 25 31
47 43 27 31
6 42 33 7
42 5 29 22
31 10 22 2
36 7 42 34
10 22 49 34
6 35 45 38
32 10 15 46
17 16 34 19
39 14 34 2
12 26 27 16
27 23 18 11
22 41 26 13
29 9 41 4
26 1 26 21
25 23 29 32
32 27 31 6
29 10 42 14
36 10 26 1
23 26 39 11
43 27 10 47
48 18 19 15
24 5 3 24
31 37 6 44
17 7 38 13
17 17 26 46
19 1 14 24
25 19 31 2
15 20 41 35
33 18 24 32
19 22 17 15
44 43 31 23
35 22 5 25
32 25 21 17
43 8 9 31
42 3 36 24
28 10 4 22
35 18 35 3
13 33 43 46
44 23 40 5
17 5 43 43
46 0 26 9
40 16 5 7
40 25 37 8
27 15 31 17
17 20 25 18
35 8 42 14
32 26 23 11
26 22 15 26
30 15 24 19
31 29 31 13
31 12 12 9
35 24 23 17
35 19 21 23
19 8 25 17
11 44 16 43
41 12 37 32
33 11 13 15
7 40 5 30
38 27 47 3
