50 858 11282 800
36 8 27 27
42 11 31 43
31 13 9 15
22 12 30 26
15 1 24 17
17 48 12 26
31 10 9 9
17 24 15 35
44 16 8 16
32 12 34 46
21 37 24 13
41 15 21 34
43 1 33 12
20 32 38 31
28 36 37 7
30 31 12 28
39 5 32 34
12 34 19 30
20 20 32 36
35 20 35 35
39 4 11 15
27 25 18 38
17 28 15 43
43 6 21 30
36 37 35 46
18 15 20 36
18 29 22 37
38 0 22 30
45 4 15 16
1 39 28 33
41 22 10 13
42 2 16 16
23 2 5 4
16 27 15 13
40 20 15 22
21 46 2 19
28 1 36 49
35 2 24 36
20 20 3 13
22 21 29 47
3 23 28 30
30 12 25 11
5 47 15 29
30 22 13 20
49 3 10 30
19 23 12 16
33 4 30 35
21 6 24 23
30 9 17 21
1 25 27 34
33 36 20 46
30 10 16 24
30 20 6 20
10 25 3 10
44 10 46 22
21 33 2 27
29 4 7 10
29 39 5 16
42 1 33 29
34 10 34 20
21 29 30 26
13 44 31 48
48 6 19 36
25 18 8 35
28 30 24 40
43 3 29 34
37 22 0 22
26 36 5 9
20 40 46 7
17 27 10 7
45 3 12 16
45 13 28 33
38 8 23 28
19 13 26 46
45 4 20 26
45 3 11 5
23 35 29 39
26 35 16 21
19 30 30 39
29 39 35 16
35 1 7 13
39 24 21 45
42 16 16 19
13 16 14 24
28 15 21 35
24 21 44 24
46 23 12 21
38 3 24 33
21 2 5 17
20 31 26 29
45 4 29 42
33 16 15 20
35 9 14 15
2 14 34 29
19 14 8 27
35 11 21 1
49 12 2 43
43 8 5 10
29 3 11 22
32 2 38 36
15 26 3 15
39 3 12 21
43 6 14 32
18 7 29 24
25 27 9 22
19 29 18 14
23 25 14 13
31 36 32 28
49 4 1 23
42 5 2 34
49 25 13 21
15 31 16 42
32 16 5 16
12 37 22 28
7 44 3 34
40 3 25 23
44 14 28 28
46 9 6 17
34 7 8 12
43 3 29 34
36 3 19 27
33 20 34 47
39 20 33 28
10 25 24 31
25 12 28 33
24 19 28 47
49 21 2 8
30 21 24 29
39 8 11 13
27 16 13 35
34 18 12 18
30 8 7 48
36 4 26 30
11 20 8 14
21 18 20 41
17 37 29 19
35 5 26 30
40 21 6 10
13 17 26 33
21 43 5 13
19 33 29 32
36 7 27 37
31 32 16 22
26 41 21 18
41 5 16 32
18 17 18 22
48 30 10 39
40 20 11 13
47 14 15 38
37 2 27 13
31 32 15 18
38 4 16 9
31 2 6 18
45 30 7 31
40 6 9 11
27 20 23 27
16 35 9 27
17 40 36 30
47 16 13 29
0 18 10 14
4 29 27 30
24 43 28 33
34 0 20 31
35 35 21 33
17 32 9 33
22 40 24 26
27 40 22 35
49 18 1 30
36 2 15 18
45 16 11 10
9 26 8 19
49 20 9 7
40 23 15 35
12 32 32 21
42 15 2 20
35 11 14 24
19 26 35 38
30 4 8 16
22 32 34 27
46 15 25 31
31 16 25 31
39 5 2 12
43 18 31 32
35 25 24 38
42 5 5 22
44 13 27 37
24 36 11 13
35 5 10 15
21 40 0 0
22 49 9 23
34 14 14 20
16 15 0 15
14 28 8 13
20 26 24 34
21 35 8 19
38 15 22 35
24 21 19 18
14 23 34 25
16 19 28 39
19 28 48 14
20 37 17 15
46 13 31 37
19 33 27 26
37 10 29 31
28 39 11 15
23 10 7 13
49 20 19 26
17 31 27 23
11 31 29 25
42 3 8 37
23 29 13 16
46 3 28 29
37 5 27 32
26 13 8 16
14 45 19 20
37 33 27 45
27 3 9 11
43 24 10 23
13 29 14 22
40 23 18 11
2 20 9 17
19 31 8 32
11 14 26 29
49 32 4 20
21 15 5 38
27 24 26 48
27 37 21 28
12 23 8 14
19 16 31 24
25 22 35 46
45 49 12 19
39 29 45 7
17 43 5 14
39 16 28 15
24 2 29 32
24 21 5 16
34 16 31 12
34 22 23 35
17 36 2 5
45 0 20 24
20 29 26 29
27 15 8 9
40 1 10 16
33 29 11 12
28 32 3 16
38 17 30 33
31 36 14 19
15 31 36 35
17 35 14 25
46 32 6 12
42 8 8 16
18 37 5 38
38 12 10 30
30 29 9 9
7 22 14 31
34 10 11 13
38 32 8 36
17 33 28 44
11 22 27 31
36 2 42 14
24 49 13 26
11 33 38 19
9 28 27 34
15 25 24 38
29 36 21 37
35 43 7 13
46 4 16 18
22 31 7 19
18 27 7 15
39 5 6 17
49 25 33 26
38 48 30 41
35 1 5 19
47 13 29 47
30 22 48 40
15 14 20 26
34 13 26 33
37 16 0 28
39 2 12 21
19 19 25 36
40 1 9 19
16 23 6 17
44 4 7 14
42 0 24 36
39 33 16 43
9 34 8 13
38 16 36 5
48 6 16 17
33 15 17 30
37 5 16 9
40 5 20 48
29 35 0 19
25 27 9 11
37 7 2 17
33 7 10 13
34 16 29 28
13 21 30 24
32 26 0 42
40 9 15 14
21 41 21 28
24 22 26 36
19 25 36 37
22 15 28 46
39 29 9 13
16 17 18 5
15 5 29 36
15 22 32 34
19 29 39 11
39 8 9 10
34 14 7 13
42 15 46 45
23 19 21 28
19 15 14 10
22 29 17 23
27 9 0 48
22 30 23 21
30 23 18 48
28 32 27 44
36 7 8 14
35 41 9 11
27 36 10 44
42 14 37 31
35 8 22 31
44 7 29 34
37 11 29 32
40 9 23 30
33 22 13 26
19 23 32 41
35 7 9 29
15 9 4 11
49 11 16 33
43 8 20 13
4 30 9 13
12 9 26 36
43 20 7 13
25 21 5 43
33 23 10 14
35 14 24 31
41 7 11 7
23 36 23 8
12 31 22 40
0 22 34 22
49 7 38 40
22 34 25 28
34 9 3 17
36 0 20 23
20 4 45 24
39 14 20 18
32 27 39 26
48 19 18 17
26 14 1 19
44 23 26 48
19 19 25 35
49 3 11 18
20 42 10 17
24 10 9 21
33 8 11 19
34 17 22 28
46 2 23 27
39 15 10 14
17 30 11 30
40 2 15 26
39 8 29 39
30 4 9 14
31 8 26 29
44 37 22 37
11 33 10 9
20 42 29 30
19 36 41 45
36 11 9 21
40 30 24 37
19 33 28 45
18 15 36 33
23 32 4 10
14 21 9 16
30 38 0 2
30 11 17 21
35 14 23 34
29 9 17 39
48 13 24 49
48 25 27 49
24 36 12 16
23 19 6 19
43 29 7 18
13 28 25 30
40 6 8 24
14 32 6 24
47 6 3 13
27 10 11 12
29 21 10 21
18 23 35 28
18 38 6 22
24 41 12 9
45 0 29 44
29 17 32 20
19 43 27 36
46 26 29 32
41 37 33 32
20 20 24 27
37 9 1 15
8 36 13 21
34 21 7 33
43 28 13 19
24 48 18 27
1 38 21 34
29 4 4 18
24 31 18 47
34 13 32 29
23 20 33 27
47 8 11 21
40 0 33 26
26 25 28 34
39 8 26 32
5 0 10 9
29 36 19 47
29 13 28 35
43 8 20 32
33 14 11 26
29 26 30 46
49 35 32 33
20 41 9 17
10 44 24 27
38 26 44 29
38 0 4 24
32 2 31 47
12 31 29 33
38 2 7 18
37 7 43 37
16 49 26 33
32 45 23 16
14 27 13 17
28 10 28 38
20 31 3 14
19 11 40 43
35 44 20 47
18 11 29 34
19 28 9 13
16 12 19 40
45 8 29 32
40 5 29 44
27 34 10 15
20 13 31 27
23 32 19 40
35 13 27 36
21 29 29 32
38 7 1 15
33 6 44 6
26 41 8 12
39 3 35 34
41 0 32 16
21 37 6 12
14 34 27 33
42 6 28 34
11 49 26 42
38 3 2 19
22 43 23 34
46 0 11 22
46 24 14 16
20 29 26 35
39 5 19 33
44 10 29 18
35 0 31 26
28 29 2 30
42 12 9 15
49 6 10 15
48 19 40 47
15 21 25 37
46 21 8 15
16 40 8 23
18 28 31 46
2 23 25 27
40 12 26 36
35 22 28 35
47 25 23 36
43 4 18 11
42 23 23 21
19 35 2 33
42 7 11 47
45 35 31 45
25 32 8 35
15 28 15 23
38 25 30 37
46 23 24 28
47 3 18 33
28 40 14 21
47 9 6 13
31 20 2 21
35 21 26 29
41 1 26 34
42 7 18 18
35 13 37 9
9 28 1 10
38 21 18 33
21 20 14 8
5 22 19 28
28 43 31 22
42 27 13 19
10 36 7 30
39 9 38 35
37 0 25 37
8 4 34 44
36 15 7 18
48 12 29 40
28 19 6 2
18 35 7 23
40 41 27 34
24 14 22 38
47 4 27 15
45 10 19 36
32 2 35 34
43 13 14 18
19 30 2 20
8 30 6 18
32 8 26 30
18 14 7 42
44 11 7 19
19 7 33 31
49 10 29 30
16 25 27 31
14 45 9 17
40 11 18 21
35 5 26 27
34 13 11 47
42 5 25 49
43 17 32 29
26 24 14 20
43 13 21 30
40 24 16 45
34 7 26 26
43 4 14 15
34 9 29 45
33 18 23 27
35 17 35 30
30 20 0 28
38 15 11 11
28 31 14 21
47 3 24 37
23 17 1 34
13 35 10 16
10 18 7 13
32 6 21 27
47 2 10 9
40 29 26 28
17 9 13 21
22 42 25 26
13 26 32 39
33 9 11 21
7 28 27 33
21 30 0 26
38 6 11 41
21 26 5 40
18 20 10 14
45 13 5 32
9 29 26 33
34 33 0 16
21 26 29 34
24 31 19 33
42 6 5 29
16 23 25 22
33 21 23 44
28 29 20 23
33 15 11 14
44 23 24 23
35 38 7 8
28 22 10 15
35 26 11 22
40 49 4 19
20 49 26 25
40 10 5 25
29 27 1 20
37 22 13 33
4 28 28 45
45 36 12 20
23 20 10 5
12 10 26 29
48 14 30 27
29 34 26 37
44 17 7 41
33 21 9 20
34 17 35 24
35 5 4 12
48 17 10 20
8 35 25 36
26 17 37 18
37 47 23 18
25 33 19 17
49 13 27 39
25 39 20 40
46 22 14 19
31 26 8 15
39 35 8 21
40 8 29 25
38 20 24 28
39 0 8 30
29 43 23 2
31 2 17 42
12 32 14 29
28 39 8 26
42 16 41 5
19 28 2 8
48 38 16 24
26 9 2 28
17 26 30 34
44 4 5 18
36 27 13 15
27 24 24 28
13 27 7 8
15 35 28 29
22 10 23 33
24 7 7 15
35 21 9 20
33 21 20 40
17 31 10 13
20 34 37 29
21 29 9 17
19 14 27 46
43 15 35 31
48 17 28 32
34 14 28 29
45 19 11 20
46 1 28 34
42 13 33 45
37 5 30 36
22 9 23 29
38 19 46 2
22 27 27 35
36 25 13 25
46 6 23 32
36 19 31 33
24 22 13 33
49 10 10 15
31 21 6 18
38 17 29 31
25 40 34 31
36 4 10 13
38 9 5 17
35 6 8 15
10 23 32 27
30 18 21 21
20 22 24 40
49 8 21 34
33 11 10 21
17 27 37 27
43 4 6 28
34 5 22 30
13 33 14 39
19 9 29 20
23 27 38 12
15 27 17 19
41 11 7 34
17 25 30 47
17 37 12 14
29 13 23 36
30 24 2 11
27 20 33 36
32 24 26 34
15 28 2 18
36 12 3 11
21 26 31 18
10 22 11 18
45 13 28 31
37 10 29 18
36 1 13 20
40 4 11 13
28 33 1 30
36 20 14 24
6 29 8 40
36 1 2 19
38 27 23 39
42 5 24 24
30 32 7 18
40 10 3 29
44 5 8 16
23 17 27 32
40 2 15 21
43 0 21 31
24 16 5 13
34 23 29 12
12 21 32 36
40 5 27 32
41 11 33 30
34 12 16 21
14 48 11 11
43 18 22 42
39 45 11 48
24 36 9 12
32 8 19 41
9 37 4 16
25 17 14 38
27 21 12 26
3 24 38 0
46 11 8 14
31 39 12 25
21 2 27 33
42 3 24 47
26 32 15 21
29 8 18 16
47 19 8 20
14 3 7 17
42 1 12 19
29 19 31 47
39 4 31 21
49 24 20 13
5 34 8 27
11 40 25 30
47 11 7 19
22 34 24 30
49 12 43 36
42 5 33 38
13 36 13 19
38 29 13 16
17 33 6 25
29 3 29 31
32 6 30 47
38 22 13 16
25 10 4 20
28 11 10 13
43 28 9 13
37 17 8 37
16 30 4 22
9 33 12 48
32 6 37 20
38 20 9 13
12 36 30 10
30 30 23 33
10 28 21 23
32 26 20 34
20 12 5 4
49 5 24 35
12 16 9 38
24 30 16 17
49 7 26 29
30 37 8 16
4 23 8 19
46 1 8 16
19 37 10 16
10 33 7 36
21 5 26 30
24 24 9 13
34 18 20 9
44 3 31 28
35 29 24 25
48 14 14 21
14 0 1 25
32 25 23 32
22 12 34 31
48 10 6 9
33 8 15 23
25 9 24 46
42 36 9 12
22 11 1 31
35 8 24 30
13 26 8 18
47 32 10 18
12 34 46 14
45 30 15 23
22 1 21 32
26 25 7 33
22 16 20 41
27 30 36 46
35 18 33 29
31 25 2 39
36 28 24 32
44 8 27 28
42 30 17 38
42 7 9 13
34 26 26 33
13 26 27 29
37 6 9 23
42 20 17 24
45 6 25 32
18 39 30 25
24 32 20 37
21 35 29 30
42 12 23 36
6 47 10 19
48 13 28 32
21 26 32 25
25 1 23 27
36 2 8 18
34 6 27 47
28 41 5 14
31 28 26 33
21 28 30 24
28 17 7 25
38 3 21 41
42 4 11 41
49 22 1 13
27 14 34 31
40 7 11 12
39 10 10 10
33 5 25 25
48 19 9 20
42 2 26 23
16 41 1 26
39 23 14 9
35 5 23 37
36 3 26 24
21 30 1 32
21 31 49 37
33 22 17 38
33 34 26 32
10 29 7 18
37 19 29 28
19 31 16 14
24 11 8 32
32 3 15 16
10 35 13 12
49 17 22 40
29 24 14 20
24 3 24 33
41 2 6 13
36 2 35 38
34 5 15 6
41 5 32 19
26 37 11 19
23 7 28 32
38 37 12 19
37 28 0 15
38 5 28 34
37 11 33 38
35 30 24 33
28 1 11 17
39 20 22 35
39 22 26 48
39 10 17 14
20 15 11 11
36 25 35 29
48 29 4 17
25 22 13 21
39 14 35 23
44 4 11 17
29 28 27 37
46 3 4 15
16 29 11 17
39 6 3 29
43 4 15 24
38 3 29 6
38 5 14 15
28 8 30 18
25 31 13 11
45 0 9 17
32 44 28 21
24 34 6 11
32 3 12 15
10 47 30 32
43 11 19 48
27 6 9 11
22 35 7 18
44 38 30 16
29 13 11 13
38 21 13 15
47 16 7 41
28 24 1 35
45 10 6 21
26 45 12 15
23 38 28 48
28 18 14 32
