50 556 13226 800
24 27 11 42
5 42 16 26
12 25 4 22
28 16 44 26
10 24 7 28
32 3 6 39
16 29 44 26
26 30 48 32
10 34 47 28
38 25 11 14
32 8 36 25
30 11 14 23
46 26 42 41
33 22 3 38
16 26 44 21
2 21 25 21
33 14 36 49
22 27 46 31
41 23 6 45
40 24 9 46
30 24 24 29
34 23 12 15
36 33 1 34
25 37 18 37
42 29 2 33
39 46 0 38
43 22 24 30
5 22 28 12
0 39 9 49
36 12 48 34
29 43 43 31
27 10 48 12
30 0 45 26
11 46 2 38
18 6 36 19
26 4 14 46
39 24 37 29
32 3 15 44
41 22 0 43
15 4 11 42
46 23 22 5
37 6 10 30
44 22 38 33
9 5 4 16
44 24 6 20
35 22 38 30
29 3 23 5
37 13 38 23
25 1 49 31
34 33 21 17
38 8 9 44
15 31 2 33
41 29 33 8
32 47 43 33
20 18 47 25
22 13 49 23
23 13 12 20
48 21 33 33
46 31 27 21
21 11 45 29
40 20 25 38
26 2 21 20
38 25 30 31
2 0 14 29
3 13 33 12
45 10 30 22
3 17 46 21
35 26 2 37
25 15 15 14
32 7 41 32
25 3 34 22
44 40 49 27
17 19 9 48
41 25 12 26
3 23 46 7
19 7 45 34
23 8 8 42
32 37 47 40
32 13 32 8
36 14 41 32
18 4 44 30
43 24 8 21
34 18 41 19
25 4 29 8
38 21 4 38
3 12 48 29
41 23 44 27
41 24 47 36
44 28 39 19
40 20 0 27
28 2 44 25
30 0 15 20
31 11 24 18
37 23 15 33
40 19 23 34
9 11 45 18
43 45 10 26
11 17 25 18
37 27 46 34
44 24 43 15
29 6 1 8
40 24 19 15
31 4 16 30
30 30 3 16
48 15 38 18
23 19 44 31
47 26 36 39
10 46 23 34
46 37 42 33
39 46 41 2
41 32 4 22
41 23 2 24
30 43 43 25
6 31 39 12
43 39 11 27
41 27 39 35
43 4 38 30
40 3 41 23
41 23 44 32
35 8 48 37
38 24 23 2
25 8 15 14
26 4 48 22
34 0 2 34
28 2 36 33
44 17 27 15
25 45 47 29
47 28 4 40
27 0 4 6
5 19 6 15
39 5 40 37
46 24 3 34
25 15 27 19
10 25 47 25
0 7 3 41
2 27 15 27
43 22 31 22
29 11 7 44
40 40 22 14
29 8 25 7
41 30 4 44
37 13 47 25
37 35 32 33
30 3 12 20
22 39 15 22
34 37 49 26
7 40 16 9
26 1 31 6
43 21 43 33
43 24 23 21
40 24 13 10
35 35 49 39
27 1 36 41
33 13 1 13
30 13 36 17
42 26 48 27
46 44 46 28
16 19 8 22
18 44 12 22
34 2 40 29
44 24 28 15
48 37 35 5
39 17 4 40
31 39 4 37
18 1 19 44
24 8 37 4
0 31 29 33
41 24 19 21
10 2 45 26
27 5 14 19
25 16 41 29
26 23 15 47
42 25 37 18
48 17 36 15
25 30 49 25
45 25 43 28
37 20 13 25
22 12 3 34
28 7 7 19
37 34 20 15
7 47 11 29
23 3 16 27
40 41 48 37
46 21 49 36
45 29 28 19
30 3 44 35
11 25 49 34
28 17 8 49
11 7 35 19
29 39 16 27
41 26 16 16
29 40 31 22
41 16 19 26
38 25 40 29
39 24 0 28
40 7 47 31
9 33 39 15
33 38 18 27
0 24 31 12
27 23 17 23
46 45 26 25
40 2 7 30
48 46 39 34
42 25 21 14
12 16 36 17
38 24 12 11
28 22 38 26
44 22 44 6
24 14 17 5
30 5 45 32
35 46 39 18
37 31 0 39
42 27 25 27
29 3 18 40
42 9 19 38
10 7 37 40
27 9 33 26
38 39 46 26
17 31 38 21
42 24 15 30
32 34 41 22
43 22 24 13
15 16 45 27
27 14 10 42
12 22 11 15
35 17 3 44
46 30 13 23
32 4 45 36
40 24 40 43
20 18 12 19
44 24 16 7
42 27 10 11
42 27 39 35
30 14 1 30
28 3 2 36
45 23 2 38
14 12 3 5
24 2 12 20
29 29 48 25
32 41 48 28
40 24 29 27
20 16 44 40
48 44 3 35
42 28 47 39
41 23 3 40
33 5 45 24
49 9 34 9
42 26 25 32
34 34 24 35
26 14 44 32
30 18 9 25
35 14 37 25
29 10 30 14
33 21 6 7
31 11 9 46
37 19 1 36
40 18 31 23
21 18 42 2
30 40 4 41
46 0 35 36
40 25 26 15
46 27 2 46
34 9 10 17
48 31 18 20
11 20 3 48
29 1 45 24
15 32 44 32
40 22 43 27
27 19 10 36
21 34 42 16
40 29 14 27
25 2 42 27
4 27 9 36
34 15 20 41
2 24 7 31
40 15 15 20
24 15 9 11
47 42 15 30
26 9 19 24
35 19 2 47
38 4 10 24
23 13 40 25
39 20 11 7
43 23 29 22
34 3 41 27
42 21 42 11
26 9 37 28
21 17 47 27
43 26 3 16
41 19 27 13
8 31 11 18
4 37 33 16
26 33 13 17
40 17 42 23
25 10 6 18
15 27 3 11
41 24 36 10
27 18 39 31
30 29 46 33
49 45 44 34
42 25 18 27
28 8 33 22
12 16 40 33
21 14 34 23
22 4 6 17
33 11 49 28
26 4 20 17
44 23 28 21
38 30 34 7
27 27 49 27
42 25 10 34
41 36 7 21
28 2 14 44
48 49 44 24
7 10 8 24
41 24 27 19
43 22 16 1
26 12 2 35
37 4 44 32
43 25 20 28
44 21 13 10
25 0 49 30
22 8 35 26
44 4 17 21
28 0 8 16
43 33 3 21
41 23 27 25
2 48 3 30
41 38 15 32
43 24 16 6
13 32 11 40
34 17 13 15
28 13 39 36
38 22 9 35
40 27 15 13
36 16 1 32
31 9 48 29
30 14 4 45
30 7 47 2
41 23 19 26
49 43 46 23
45 24 16 33
36 24 6 17
39 24 8 42
20 14 48 32
3 24 32 15
11 21 40 43
37 28 24 8
33 16 7 21
4 28 15 22
24 28 47 28
42 26 43 21
25 8 16 24
22 41 47 26
9 26 10 37
40 27 35 29
23 43 13 34
40 27 44 25
39 47 46 34
44 39 16 16
26 23 46 28
37 30 48 31
9 34 34 18
7 14 43 31
44 23 43 30
36 43 22 31
12 14 26 10
28 23 6 39
3 21 15 10
24 9 49 31
29 5 43 30
45 26 19 26
34 7 8 36
13 26 15 16
28 42 2 26
30 2 4 39
43 38 5 27
31 18 42 33
26 28 12 16
14 30 47 29
47 10 44 28
25 18 37 18
36 27 48 32
7 48 12 27
40 24 45 33
42 25 2 45
27 3 17 18
33 7 36 19
26 4 14 17
28 1 20 37
40 26 2 48
31 3 21 16
25 11 17 38
41 26 49 1
27 45 46 37
42 25 49 33
26 3 49 35
21 10 0 32
16 12 47 31
41 19 38 14
35 22 9 30
43 4 43 32
35 13 22 21
39 24 34 26
22 21 6 45
18 12 4 46
46 16 44 30
40 24 15 20
43 26 48 44
25 2 32 28
40 25 2 43
28 20 22 32
34 16 3 13
3 26 5 41
40 8 45 36
25 13 48 34
26 18 16 26
6 38 20 19
22 8 49 38
26 38 28 8
41 20 17 19
47 26 20 23
5 46 48 27
28 15 3 19
32 26 0 38
7 24 24 12
41 21 48 31
44 11 30 22
30 11 1 28
43 44 0 45
43 21 3 36
27 0 49 32
34 9 10 23
27 11 40 38
42 28 28 15
40 25 44 40
16 29 25 43
40 22 21 18
40 16 43 30
31 31 4 43
31 10 7 35
25 0 37 21
43 14 2 6
39 24 40 35
31 2 47 30
34 16 5 43
29 22 16 7
28 10 39 13
27 2 44 25
14 22 34 20
32 22 1 28
42 27 13 23
45 48 31 35
19 45 49 19
41 24 12 16
38 23 21 40
41 25 38 11
33 46 31 21
39 31 47 35
32 47 7 46
29 13 49 19
38 9 2 37
41 26 9 19
20 0 42 25
3 22 14 22
39 22 5 39
29 1 22 22
30 9 22 36
16 19 34 27
49 28 34 26
34 44 8 12
7 40 44 27
24 16 1 42
8 23 48 26
36 9 5 23
25 11 7 47
39 39 2 47
41 23 1 19
25 15 37 30
26 0 46 20
28 0 45 21
26 7 39 23
30 13 18 33
27 21 3 43
27 20 42 33
31 4 23 15
41 22 5 26
18 14 6 24
32 18 8 29
43 29 5 43
8 25 41 37
27 3 27 17
38 15 45 26
32 18 13 24
8 32 19 27
22 4 49 33
30 16 14 29
41 23 30 29
43 28 20 22
1 32 9 18
41 7 17 15
12 28 36 20
31 16 38 16
9 44 17 5
40 27 2 47
40 7 31 28
33 42 14 21
35 39 2 43
31 36 12 13
38 10 4 0
34 21 43 31
9 31 45 29
25 30 17 18
3 3 48 39
43 16 3 46
34 6 46 31
27 17 17 26
29 38 0 43
45 17 7 16
19 28 8 26
14 47 37 20
26 38 33 43
25 11 41 23
29 3 18 11
25 1 3 49
49 21 5 39
44 24 9 18
44 28 5 16
32 7 0 42
47 22 12 10
40 20 43 3
29 9 43 28
17 29 4 29
30 48 48 30
42 23 15 13
27 3 46 27
19 12 40 34
25 6 47 31
41 28 49 27
23 21 10 47
30 28 18 31
41 29 49 23
26 16 48 18
33 12 49 32
42 28 22 20
41 26 11 49
44 16 42 38
1 31 5 19
23 14 3 11
33 22 7 38
43 22 47 28
11 45 24 36
38 22 44 31
30 16 15 13
36 7 39 22
43 22 41 18
