50 155 15270 800
7 39 39 44
45 9 22 0
45 32 19 19
36 8 2 12
44 38 33 43
39 8 19 8
15 39 31 38
21 6 3 26
19 40 8 19
14 48 8 20
45 4 46 46
48 33 38 16
42 34 13 8
16 36 3 12
3 22 44 44
17 37 11 16
9 33 13 36
12 14 7 38
7 35 48 37
10 34 20 40
11 31 11 42
8 11 40 44
41 10 39 41
1 11 6 11
43 30 23 39
28 9 30 39
10 10 22 49
4 36 25 15
30 43 40 43
48 43 23 3
47 35 5 46
47 27 22 36
43 39 8 43
47 30 39 45
10 9 11 45
45 29 2 14
45 28 15 46
33 47 19 43
23 36 44 37
13 25 14 21
48 33 46 37
48 12 41 46
45 31 4 45
43 31 26 35
49 30 16 48
46 30 23 3
44 30 4 10
20 42 0 11
18 27 35 14
42 43 32 25
43 31 5 6
47 11 3 31
4 42 28 5
12 28 10 1
27 1 49 47
11 30 5 47
27 9 11 6
41 9 22 44
28 40 39 40
43 34 43 39
13 10 1 10
46 35 22 17
4 47 13 43
47 33 0 12
39 11 9 41
24 16 13 0
15 11 18 27
43 40 15 48
49 32 14 31
47 31 0 9
34 6 14 2
16 28 0 47
15 15 5 45
45 32 21 9
42 43 24 5
8 34 30 20
16 41 32 15
34 7 33 40
26 10 11 29
19 30 7 20
15 24 3 46
3 30 44 43
41 5 40 40
17 6 14 21
20 33 18 38
17 28 21 40
45 29 15 32
12 33 26 33
15 3 22 9
42 32 13 1
47 32 16 19
40 34 6 32
9 17 41 39
25 49 4 34
46 32 21 36
23 14 24 5
20 7 2 15
39 45 12 14
43 36 43 6
8 24 15 47
18 47 43 11
45 28 49 42
46 31 9 0
25 13 41 38
16 24 28 7
5 32 36 36
43 33 4 4
43 39 16 28
47 29 43 40
44 35 20 33
19 38 36 48
45 37 13 44
44 29 17 42
5 37 0 7
22 22 1 42
8 40 39 34
18 28 6 48
48 33 43 43
39 35 2 8
45 9 19 36
45 29 9 17
5 38 17 38
9 3 41 47
48 31 30 9
36 21 1 13
15 35 13 39
23 8 21 49
23 12 29 34
26 15 28 42
45 31 47 28
7 33 16 10
16 32 26 33
40 36 28 13
46 30 21 5
48 38 48 16
43 39 5 33
17 12 3 6
45 7 44 40
13 30 5 30
43 29 16 12
41 9 16 5
42 6 41 47
47 43 48 8
17 33 41 44
6 25 7 32
8 34 5 20
43 30 11 21
47 30 14 38
26 9 24 44
45 31 45 39
10 33 12 27
46 11 15 39
38 10 33 39
42 37 9 0
23 12 21 21
