50 1029 19915 800
16 5 40 13
41 35 31 5
13 36 40 27
32 5 35 40
3 31 36 14
48 33 19 1
40 13 26 30
12 30 35 35
25 16 36 28
41 12 17 33
8 3 32 7
9 34 36 1
28 25 16 11
26 29 46 4
9 9 45 47
45 37 40 32
11 15 43 36
2 3 44 9
30 19 49 8
13 38 41 17
38 8 49 35
9 28 30 16
10 37 47 41
9 32 29 24
34 35 33 16
26 3 22 9
7 4 25 16
20 18 36 26
8 35 25 30
35 8 48 40
45 36 17 35
21 6 39 9
39 19 49 38
8 5 20 9
39 8 41 35
7 32 25 24
13 36 38 10
47 37 36 42
29 38 19 40
27 3 29 7
16 16 39 25
38 40 48 26
5 34 40 42
33 35 26 5
8 37 31 25
21 17 46 4
29 21 42 41
47 33 35 10
11 5 39 12
47 31 30 15
34 19 28 41
29 10 40 5
9 30 34 42
7 32 31 44
26 17 28 21
28 21 14 22
32 19 41 35
8 31 34 31
41 15 35 1
32 9 37 43
19 14 45 38
36 14 12 5
10 33 46 45
13 7 28 38
6 30 21 26
49 35 23 18
9 34 25 45
2 5 26 33
24 23 19 46
31 7 15 38
47 37 16 37
22 20 24 41
45 37 16 9
10 10 46 47
49 35 36 40
29 24 41 45
27 21 41 20
36 20 24 35
12 38 35 4
29 16 24 48
12 34 34 42
47 39 49 24
24 0 29 33
34 27 2 21
7 32 34 11
30 30 32 22
11 30 28 11
35 37 41 1
11 5 45 43
20 7 12 37
28 23 49 14
34 5 8 38
5 38 36 4
47 35 46 15
19 7 45 8
10 17 35 26
8 30 48 17
4 1 36 15
29 9 8 19
10 32 29 7
24 23 9 44
44 33 38 40
15 44 36 43
8 31 27 37
24 37 38 46
12 30 33 15
5 20 8 45
48 36 21 23
36 15 34 28
48 36 39 11
40 27 46 24
9 0 34 40
46 1 39 13
0 34 26 31
27 22 38 39
29 12 41 40
48 38 33 39
45 37 22 38
4 32 23 38
38 16 28 40
26 33 36 29
8 0 32 11
46 32 1 46
17 41 49 49
39 1 35 29
8 0 28 48
16 3 44 16
24 24 17 29
46 35 39 9
11 21 28 8
11 29 29 35
34 35 36 17
33 12 37 6
10 34 7 42
41 40 41 3
31 10 44 32
23 26 41 29
48 37 35 49
32 22 36 28
23 3 38 30
40 13 31 49
31 24 22 39
44 33 43 24
27 10 30 30
5 7 18 18
21 22 41 5
29 25 42 39
14 38 10 26
49 36 32 2
30 21 28 17
6 2 32 33
27 7 40 16
48 36 44 41
49 32 38 40
42 22 10 35
49 39 31 27
33 25 36 22
49 36 34 40
45 36 21 43
9 8 19 46
26 8 11 13
25 23 39 16
47 37 46 33
38 32 27 11
32 9 26 38
10 0 6 46
49 33 34 45
49 36 48 31
18 23 17 9
20 5 25 45
47 1 18 24
12 35 10 32
16 17 40 21
14 8 10 42
14 0 20 43
24 3 21 28
29 21 8 44
31 25 39 24
8 1 5 21
32 6 3 37
24 24 34 26
23 13 42 42
11 35 1 49
40 21 19 7
44 35 47 29
8 36 32 9
47 35 35 6
9 35 33 40
11 34 25 42
33 23 2 43
12 39 40 33
11 38 41 38
28 6 44 42
36 8 23 35
46 35 42 47
33 38 39 5
49 37 44 15
45 8 42 48
19 13 36 43
48 35 9 4
26 18 26 48
6 1 25 18
10 32 37 20
46 34 49 28
24 17 31 43
27 24 37 31
46 32 46 41
44 37 47 46
8 41 23 8
10 18 37 29
11 3 47 37
8 36 33 2
7 2 16 7
29 22 47 10
48 38 8 24
12 28 24 39
27 26 24 36
28 23 26 49
49 33 45 38
13 2 33 38
38 1 40 44
23 17 31 12
46 34 32 5
48 37 42 26
20 18 16 39
28 25 29 45
48 34 19 46
48 42 39 40
27 22 48 47
27 24 26 36
16 17 2 21
45 39 33 48
27 24 23 0
13 29 9 49
29 38 37 33
32 9 22 3
15 11 47 21
7 40 47 35
34 11 17 48
49 36 31 41
26 34 34 27
4 6 38 10
48 39 46 26
15 15 5 29
13 33 37 41
14 16 42 2
47 32 41 44
9 0 42 0
28 30 47 16
22 14 40 23
33 18 29 37
25 10 30 35
16 15 26 0
28 20 42 25
28 22 32 0
27 6 48 21
27 5 29 17
38 13 24 49
45 39 33 23
40 4 37 25
23 4 44 33
21 19 36 31
25 21 38 39
35 7 34 14
11 29 27 6
29 21 36 9
28 21 29 10
47 32 26 39
33 24 15 19
17 17 38 32
2 5 42 23
40 23 35 26
14 42 45 43
43 38 47 19
7 0 28 41
28 10 34 40
48 38 38 22
6 23 26 1
9 13 40 44
4 6 29 4
23 6 29 23
35 16 30 28
26 23 40 27
27 21 45 31
13 26 37 18
24 7 33 8
30 24 28 44
5 2 42 35
34 28 38 42
22 7 45 23
17 4 12 37
32 26 31 15
15 8 37 39
22 22 40 43
25 15 31 22
45 39 22 7
28 20 24 21
17 12 16 43
33 22 35 11
46 37 22 45
42 2 39 36
14 33 43 44
45 36 36 4
21 32 48 14
48 35 45 17
33 12 8 4
29 12 24 5
31 1 45 6
8 34 36 49
48 35 39 30
29 20 16 37
31 20 26 11
7 1 35 43
11 16 28 17
18 12 39 40
17 13 39 23
2 6 37 43
10 32 46 22
25 22 28 5
49 31 34 29
45 37 42 11
39 9 13 23
33 6 36 37
42 29 29 11
30 15 30 40
45 6 36 20
7 10 40 36
45 34 32 5
4 35 49 34
8 30 36 18
5 4 35 34
15 1 27 28
34 25 40 31
47 35 41 20
37 6 23 40
17 5 39 40
36 23 27 12
48 39 35 28
27 23 24 1
36 23 25 35
26 25 44 8
43 35 24 49
25 30 27 24
48 35 33 22
41 39 15 42
35 41 26 47
30 37 35 32
29 18 48 7
11 17 45 5
32 9 27 4
2 7 31 5
34 11 8 26
32 20 14 17
12 35 16 38
49 36 29 6
26 9 10 48
16 11 18 26
20 8 46 38
4 13 33 13
15 12 24 42
47 35 27 24
9 39 37 35
47 35 34 34
3 33 16 15
21 19 39 24
15 13 47 35
8 34 33 10
18 12 24 44
34 23 30 2
47 38 37 45
23 3 49 21
39 8 42 31
29 29 44 25
25 24 18 25
44 16 44 33
20 24 47 27
13 42 46 26
7 32 31 8
15 29 11 38
7 28 45 20
29 22 24 17
20 9 44 35
48 38 43 17
49 35 19 22
9 5 31 5
49 37 41 22
34 12 22 19
45 35 18 46
21 22 34 22
31 26 37 35
25 0 20 46
40 30 39 5
14 34 25 9
11 35 16 24
44 40 35 32
31 13 32 42
29 3 31 42
3 1 41 39
35 17 23 47
24 18 42 48
1 1 40 13
46 37 31 13
31 18 47 13
49 39 31 22
16 38 44 34
31 1 39 10
17 8 28 39
33 17 7 37
25 13 28 41
7 35 25 8
20 36 36 16
49 37 38 44
47 33 30 38
12 30 33 35
23 19 40 38
39 28 34 38
23 9 10 47
36 0 21 1
9 1 37 12
21 30 40 43
29 5 46 37
40 38 38 30
28 17 36 13
36 14 44 15
23 14 18 41
4 32 30 13
21 15 17 43
45 35 18 29
49 37 38 41
45 38 17 18
31 13 49 39
16 17 46 15
29 11 16 34
10 8 34 10
14 34 21 41
25 21 47 32
25 19 29 38
28 22 37 33
26 8 49 1
4 7 29 4
3 3 39 36
9 11 25 26
11 32 42 46
24 0 42 45
7 37 46 33
28 7 37 13
15 45 21 45
16 34 36 40
6 1 17 29
48 35 26 31
32 15 4 48
17 31 41 47
34 12 41 4
25 22 19 44
47 34 10 38
27 19 42 2
30 12 39 40
27 22 15 29
32 10 39 7
37 3 39 37
16 14 49 25
8 32 42 38
34 6 12 21
32 16 44 46
8 35 14 46
17 23 13 36
33 23 34 8
14 17 29 25
32 14 41 12
5 1 28 44
24 21 39 37
6 40 36 42
28 49 43 5
30 22 23 23
28 20 34 32
14 18 47 28
29 20 31 24
21 4 30 23
34 6 41 2
47 36 25 33
32 17 25 5
19 23 30 6
13 33 12 46
25 9 34 4
37 29 18 45
18 29 42 4
21 6 40 32
16 28 1 24
12 28 26 40
7 34 21 11
47 37 49 20
47 33 48 3
38 27 38 13
16 1 41 24
23 26 11 48
31 19 27 37
27 30 22 0
45 38 37 13
12 30 32 29
47 35 29 12
26 12 42 33
7 6 21 11
31 22 46 30
8 6 42 28
26 1 48 43
5 4 45 42
19 43 43 18
19 24 36 34
29 28 24 8
29 16 45 49
46 11 39 14
7 5 38 20
43 7 48 47
6 20 38 46
31 24 38 39
8 2 37 21
12 14 17 22
49 34 39 21
13 9 21 30
32 12 49 5
29 18 18 9
17 17 27 42
28 0 41 1
32 31 25 41
2 3 16 14
29 21 46 45
31 21 35 32
33 43 32 21
34 8 31 35
17 3 12 43
46 37 35 47
31 21 38 11
11 36 29 24
41 27 42 34
13 2 15 48
2 5 47 16
2 8 32 16
11 14 21 48
19 12 2 41
7 7 34 38
23 17 36 32
9 2 28 15
10 31 29 30
23 15 38 41
24 19 0 22
17 8 49 32
46 19 9 31
13 10 35 24
12 26 28 11
44 35 38 4
31 28 46 18
30 15 31 5
22 10 18 44
29 26 33 34
15 15 32 35
14 13 25 11
32 23 23 18
11 4 31 25
9 35 49 27
18 12 39 36
49 30 35 13
36 24 10 7
22 3 36 15
28 12 35 34
21 16 27 2
14 11 31 42
6 34 25 6
6 48 29 29
31 6 43 42
21 2 13 35
14 31 34 34
45 48 29 25
28 27 24 12
11 34 43 46
11 36 46 1
48 34 18 23
0 27 31 15
35 26 31 7
15 2 47 46
9 33 32 17
44 32 26 6
2 3 38 39
45 36 20 9
34 12 49 6
9 32 48 11
3 38 20 46
26 24 7 41
14 4 32 21
36 14 26 6
26 29 31 17
14 19 18 24
43 3 40 9
13 26 2 38
13 11 3 40
14 30 14 46
31 11 40 22
24 22 40 24
25 21 45 45
29 19 5 36
10 37 10 47
20 13 16 22
40 24 19 20
30 11 40 24
16 15 5 18
23 27 18 43
21 16 22 41
47 36 44 14
9 6 38 10
46 30 33 16
23 0 31 18
42 2 44 10
12 31 30 4
42 37 22 43
29 16 14 36
33 21 15 7
29 26 9 27
40 40 20 48
31 19 40 41
8 34 12 41
0 32 41 41
38 23 14 39
5 31 39 19
48 35 30 41
5 2 35 37
13 21 32 34
10 32 47 40
32 7 49 42
10 34 28 37
9 38 40 3
9 39 25 13
13 12 42 10
33 20 48 27
19 26 26 44
23 8 44 42
34 22 16 40
13 36 26 8
15 4 39 6
30 24 35 7
4 2 37 24
42 28 48 30
13 0 33 22
0 1 34 32
10 4 14 22
35 4 31 30
28 22 36 35
20 9 23 7
29 17 48 8
31 22 18 0
46 22 27 32
23 13 24 3
34 10 37 8
11 29 47 39
38 16 31 21
12 38 23 5
28 27 32 38
40 36 30 38
18 24 41 25
19 7 24 48
8 17 30 0
24 9 39 7
10 6 37 16
12 1 37 29
3 32 45 35
30 8 49 15
1 9 44 47
23 19 43 48
13 35 18 47
49 37 39 7
30 12 36 14
19 9 34 4
24 36 42 39
49 33 23 4
6 34 32 16
40 16 33 18
43 5 47 39
14 1 10 39
32 13 47 42
6 36 14 45
9 32 37 31
11 9 39 24
46 38 33 1
48 38 49 7
5 26 17 3
13 24 48 49
41 24 20 25
25 22 34 43
17 36 44 4
36 9 42 45
13 34 43 33
18 15 24 32
10 34 35 10
21 24 39 20
28 15 26 11
9 18 28 29
47 13 39 39
35 3 38 33
5 5 24 40
28 11 18 42
24 13 48 39
17 11 36 12
5 22 46 45
4 5 40 7
9 25 3 4
6 39 41 35
13 24 42 33
44 19 32 17
44 18 39 11
20 39 47 41
32 15 38 45
38 12 46 36
28 20 40 39
48 31 41 28
1 27 32 45
14 25 30 16
30 8 31 31
47 48 43 39
38 6 42 12
49 36 34 33
24 19 27 45
32 10 29 46
31 0 41 41
25 15 29 1
16 5 32 33
40 11 25 34
31 21 32 12
14 36 19 23
12 8 47 4
49 35 34 22
11 30 32 48
9 1 19 3
25 36 36 12
44 32 29 39
13 3 41 41
31 35 21 15
28 24 28 30
30 9 30 34
23 20 30 7
7 8 42 21
21 36 27 19
48 34 42 39
23 13 37 19
9 32 32 28
45 18 5 46
25 31 40 49
4 5 25 38
12 27 38 40
19 3 24 32
16 18 48 2
11 33 21 18
8 34 5 44
35 27 42 14
8 14 37 35
45 35 41 39
28 16 30 28
45 8 39 41
36 7 30 22
32 32 40 10
47 36 41 19
49 34 30 12
18 24 16 40
2 0 35 12
32 10 31 49
14 28 48 47
47 35 23 3
47 38 40 25
34 6 40 19
12 18 30 49
13 32 25 44
34 28 40 10
27 21 22 7
46 37 24 49
7 2 30 22
20 2 42 35
31 13 32 49
13 33 44 5
45 33 35 35
15 31 48 4
9 33 39 47
13 5 26 15
45 38 44 5
47 29 1 2
11 10 47 13
16 8 26 42
26 30 24 37
39 1 33 22
28 5 39 2
4 36 6 32
33 18 40 38
16 14 24 42
19 3 15 35
29 16 24 4
15 22 35 42
42 9 49 30
8 2 45 47
20 23 26 48
26 20 45 11
21 15 49 22
13 35 38 34
10 34 24 40
30 22 42 24
49 37 44 22
4 25 25 17
8 34 45 44
15 4 39 20
26 23 38 30
26 22 41 37
25 4 22 15
33 26 45 47
5 34 14 39
49 35 14 43
40 4 33 12
47 34 21 40
4 38 28 45
48 35 15 47
31 0 42 48
24 4 30 45
26 35 42 49
6 7 38 19
20 21 28 29
13 20 34 32
28 24 34 14
4 14 40 7
28 22 47 27
9 9 33 12
11 19 35 9
37 9 41 33
43 1 46 27
30 15 5 38
14 35 32 30
17 28 36 31
6 0 4 10
16 8 30 8
12 36 49 47
31 19 38 33
7 31 19 16
32 9 40 37
32 10 43 37
12 0 32 7
48 33 32 15
13 17 32 3
45 16 6 42
30 18 5 36
19 25 30 16
42 38 2 31
27 3 29 9
37 7 31 17
23 8 19 10
22 8 48 13
5 35 2 6
4 5 36 10
34 14 31 44
3 20 14 27
8 35 34 14
32 20 28 49
49 39 43 0
19 1 34 7
28 7 24 32
27 9 38 2
32 23 43 27
20 20 46 36
16 18 37 36
10 12 46 37
14 5 30 41
9 3 29 20
22 1 20 15
12 37 18 12
36 28 13 8
25 19 36 4
13 33 38 16
34 25 29 3
42 9 46 28
39 26 29 45
37 10 46 36
25 13 33 31
47 29 31 39
12 2 29 33
32 27 26 11
19 9 17 42
30 20 18 48
7 37 24 44
44 48 27 21
45 33 34 12
24 0 17 38
12 15 26 45
49 36 35 22
35 18 21 12
35 26 30 15
2 37 14 34
15 18 34 32
23 15 42 32
35 23 18 36
5 40 31 11
46 24 20 33
26 14 32 45
20 13 47 35
19 10 31 12
28 23 3 33
41 19 28 41
39 36 49 13
29 5 45 35
17 19 48 24
12 26 42 35
25 20 9 32
33 17 34 21
19 38 45 19
9 32 34 27
17 7 22 27
8 38 38 17
22 24 40 47
31 22 36 13
20 10 38 15
49 33 14 46
8 37 22 25
13 34 32 6
29 25 12 26
30 24 32 9
0 6 25 18
25 0 37 7
14 22 32 6
4 31 20 13
0 13 32 6
47 38 20 19
6 31 47 12
32 8 35 27
10 40 32 11
16 14 35 2
10 31 21 45
3 11 35 2
44 32 35 49
3 34 10 33
8 33 38 41
23 5 23 18
32 20 36 44
14 11 20 47
23 7 43 9
15 29 7 13
13 15 40 13
47 36 16 14
45 36 32 30
31 30 29 20
32 11 15 46
19 12 30 4
33 16 33 26
49 16 41 11
4 39 27 6
11 5 34 38
44 38 41 34
5 18 32 17
15 37 25 44
44 37 33 9
21 24 27 3
46 35 34 41
17 10 41 27
23 21 34 24
29 22 37 44
4 12 37 23
31 27 46 30
45 35 32 48
31 26 36 37
27 21 36 14
49 35 30 16
11 37 29 29
12 36 36 37
29 32 33 12
14 15 25 43
12 31 25 46
33 19 7 38
47 38 5 21
14 20 32 41
29 23 45 32
15 4 41 35
32 6 15 40
47 36 40 40
30 22 25 8
28 22 42 12
27 28 33 36
19 25 27 39
26 27 14 33
40 24 31 14
6 34 34 23
10 25 32 26
4 1 46 43
46 38 43 31
49 33 7 39
4 37 35 21
19 5 42 22
32 23 47 44
30 21 35 23
24 31 34 0
47 35 46 31
35 12 24 47
25 14 6 34
31 30 29 36
26 31 39 36
16 9 45 34
6 6 48 32
31 26 17 35
5 28 38 4
19 3 14 5
29 5 22 28
46 33 27 8
14 31 49 48
13 38 34 21
26 19 29 12
36 10 41 2
35 10 30 7
40 24 25 33
47 36 44 21
29 20 44 1
32 18 36 12
13 32 24 48
48 39 37 4
32 24 45 35
31 8 27 7
49 37 48 23
49 40 37 0
29 36 48 17
47 36 35 41
32 21 44 26
29 18 41 32
7 3 7 47
7 0 49 16
2 37 41 36
22 9 33 10
31 15 40 34
46 31 21 37
16 17 11 24
31 30 23 36
5 35 44 48
