50 291 19049 800
11 14 44 16
5 7 1 26
40 48 1 18
6 21 23 11
48 21 21 20
3 10 24 29
25 16 34 41
8 47 16 38
10 23 38 34
41 22 34 38
5 41 4 15
35 22 17 39
30 20 14 28
32 15 13 36
5 6 15 22
9 11 20 49
14 5 25 48
33 39 18 35
36 23 25 16
31 33 0 20
43 34 6 15
3 4 26 32
1 4 6 18
3 10 3 20
9 13 11 38
11 18 23 47
3 4 31 16
13 47 25 49
48 42 9 24
17 38 22 48
13 24 24 46
9 20 7 17
9 49 3 27
10 21 3 16
37 23 23 27
20 24 3 12
3 21 15 14
29 37 10 19
25 30 4 13
2 11 34 38
38 19 41 39
1 7 5 18
5 17 30 33
6 20 24 39
33 23 20 43
46 17 7 43
22 23 2 18
0 49 7 15
9 19 8 25
20 14 12 13
23 28 11 17
3 8 24 41
16 17 3 18
0 8 14 34
9 45 37 47
43 14 15 22
8 5 11 17
35 36 27 38
6 16 19 21
39 44 49 9
3 8 23 25
30 22 3 18
1 26 46 29
17 15 40 39
17 30 29 42
5 13 9 16
41 21 10 23
11 11 31 29
43 42 22 46
18 24 44 47
39 41 19 42
35 23 37 37
1 42 18 45
5 13 9 15
36 48 1 16
36 23 10 45
32 18 44 10
34 18 31 2
41 34 7 17
0 8 26 15
13 30 33 42
7 23 11 15
5 16 6 23
46 46 34 40
7 32 9 21
13 14 47 39
3 7 41 47
41 42 44 28
25 23 23 39
17 22 38 42
31 46 6 23
33 41 1 22
38 49 10 19
1 30 24 38
35 20 46 13
26 16 40 47
5 5 46 45
47 36 20 34
2 6 14 38
33 49 17 44
0 9 16 18
37 47 32 36
1 18 25 39
32 34 13 31
34 15 8 23
10 27 22 45
45 37 13 18
44 20 8 20
2 25 1 20
32 16 24 26
4 46 20 37
2 13 14 41
5 8 11 16
6 22 48 5
38 17 21 48
27 28 27 46
9 14 11 20
10 23 45 44
2 9 19 35
9 40 40 37
45 33 7 25
15 49 12 14
1 17 48 45
35 28 8 12
3 9 37 8
36 23 6 16
34 19 29 32
5 6 5 14
4 15 26 47
44 14 21 37
43 41 0 13
18 45 24 48
30 24 12 12
40 37 15 17
31 19 25 47
7 9 6 17
16 17 43 33
5 12 41 34
33 23 4 14
34 36 33 43
37 24 11 18
45 45 43 0
4 5 1 17
20 18 5 19
12 23 25 45
8 39 10 21
4 49 28 12
47 45 28 40
4 3 13 18
38 39 8 17
41 47 27 43
34 24 38 27
34 23 14 44
13 5 7 17
36 29 38 38
37 42 41 33
4 22 7 17
26 18 6 18
38 49 11 21
9 16 4 20
0 20 33 44
36 25 29 35
43 38 33 46
8 18 39 19
45 41 29 44
10 25 36 45
11 5 1 17
11 32 11 19
37 20 27 48
25 16 0 20
45 19 7 23
24 30 0 18
2 44 41 41
5 6 15 31
17 18 26 45
2 12 12 13
10 15 29 14
7 16 17 40
19 48 48 39
24 26 13 19
8 10 35 42
43 29 33 47
40 33 24 46
4 47 35 24
39 22 40 14
3 13 13 18
4 7 12 21
5 15 29 30
38 26 6 13
42 33 13 48
0 6 0 14
13 48 9 20
7 14 31 28
36 36 24 12
27 29 36 48
30 35 6 24
38 25 14 16
0 14 27 43
41 44 29 44
24 18 23 29
47 45 1 18
4 5 20 28
47 38 29 43
35 30 20 42
34 40 2 21
3 16 6 24
8 21 10 16
3 11 8 34
35 25 22 43
10 17 39 44
31 36 28 29
11 12 16 37
11 49 26 46
2 21 35 49
12 13 5 25
47 46 8 18
12 10 14 20
0 7 30 11
19 27 34 48
3 11 17 19
21 48 2 36
39 18 40 27
4 12 4 20
10 7 6 20
39 21 37 34
27 27 27 44
6 7 41 18
4 14 25 24
44 37 29 45
43 34 21 42
9 4 23 46
1 9 12 21
1 11 31 31
5 9 4 19
4 3 24 40
2 12 11 38
3 20 38 35
20 22 23 43
37 29 13 19
34 25 2 38
12 48 19 17
9 12 44 45
12 6 12 41
18 49 31 46
6 10 26 47
35 16 42 46
43 44 9 23
1 2 7 11
4 24 12 13
36 38 37 26
3 47 19 11
2 46 5 18
34 21 38 45
7 45 10 10
36 18 34 46
4 17 32 22
6 7 11 19
13 23 5 16
10 20 26 42
14 29 24 30
30 12 8 40
11 24 40 38
49 47 35 44
7 20 24 38
35 20 5 13
2 9 15 46
27 20 1 26
22 36 16 11
6 47 8 21
36 17 39 24
1 13 8 19
27 20 22 40
12 12 7 11
6 23 16 46
6 14 15 17
25 34 35 45
45 37 12 21
3 6 6 19
5 41 41 48
47 39 8 37
5 4 3 12
43 14 38 48
23 38 18 40
6 31 13 37
15 28 9 17
38 13 20 4
14 16 18 38
31 17 0 18
32 16 11 25
17 27 12 40
12 27 1 25
