50 72 17804 800
13 15 25 17
20 18 38 22
27 26 46 8
4 4 35 33
47 44 4 16
0 4 38 2
41 9 26 8
39 6 4 33
5 2 22 42
8 3 6 37
35 8 19 14
39 37 14 41
32 40 15 41
6 21 15 17
22 29 32 14
28 16 6 25
7 7 9 21
34 11 13 21
22 6 8 5
5 4 23 22
13 2 46 42
2 1 3 15
45 4 5 10
45 7 13 37
2 1 3 24
40 9 10 14
23 14 39 23
29 9 21 25
39 2 1 15
0 2 6 11
35 10 13 16
46 9 3 14
36 7 1 12
14 31 19 17
25 22 7 25
33 34 40 3
46 26 18 14
35 7 29 34
17 49 46 5
30 48 37 28
10 25 21 49
22 19 7 18
4 3 2 33
2 5 4 36
42 12 3 7
43 10 6 6
40 11 18 17
26 39 0 34
36 5 33 10
25 41 13 41
39 11 2 8
33 29 12 8
40 32 31 43
40 7 2 16
9 32 10 21
33 15 29 10
45 7 20 21
35 8 4 9
29 3 37 32
45 9 7 10
7 5 42 15
1 0 4 5
1 4 26 16
40 38 8 5
38 2 19 6
28 47 29 10
41 9 16 26
17 22 0 27
28 39 34 4
5 5 1 6
6 7 0 10
2 1 1 6
