50 94 12643 800
41 27 46 43
40 6 29 20
34 24 36 20
18 32 21 29
19 37 47 2
35 37 9 30
39 39 26 44
41 36 8 27
16 22 26 41
38 47 15 32
24 37 39 34
44 35 9 26
45 26 14 37
37 40 35 15
35 18 43 28
25 15 24 40
36 34 9 29
31 43 5 43
26 34 1 41
39 20 42 18
9 39 6 27
26 36 6 27
25 33 32 15
20 46 39 7
27 36 5 24
37 24 47 34
42 31 6 29
28 25 6 25
31 49 3 26
21 31 47 3
24 47 4 29
35 40 37 22
43 22 13 48
42 39 7 29
23 40 42 28
18 39 18 49
19 45 40 35
37 37 32 25
41 36 11 28
40 28 38 23
22 28 42 28
1 18 44 29
32 41 37 15
28 25 45 31
24 47 8 28
39 39 9 24
35 40 38 16
40 32 0 21
41 34 9 23
11 0 42 31
34 37 21 39
32 43 22 35
26 20 15 27
12 2 15 31
36 38 9 24
26 28 44 25
17 45 7 27
37 36 44 35
7 20 31 32
35 36 11 18
23 43 9 30
36 31 15 32
38 31 6 24
3 23 35 38
43 35 11 26
31 40 5 31
20 40 13 42
30 23 6 28
37 35 8 26
21 40 10 18
37 26 9 29
25 41 6 25
36 46 1 38
37 36 7 28
49 19 8 28
38 30 9 29
34 38 12 29
43 47 44 1
16 48 45 22
8 0 42 20
2 1 40 18
30 33 6 27
45 38 11 25
33 28 6 25
11 18 46 32
45 36 7 24
40 33 5 29
36 36 40 29
10 2 41 18
47 27 38 18
23 38 42 21
29 43 48 25
39 41 6 27
45 15 40 23
