50 296 16928 800
17 24 24 38
9 24 44 17
12 33 20 16
30 25 45 15
46 16 37 35
24 20 24 45
20 0 31 39
21 31 21 9
11 38 6 46
11 33 28 41
43 41 34 1
10 30 35 18
13 40 23 21
22 10 28 6
44 9 32 30
32 35 9 49
7 20 10 47
18 35 17 43
30 43 41 15
16 38 8 45
20 35 28 45
7 38 21 35
32 31 3 44
45 36 22 1
44 35 3 22
12 32 2 17
18 28 23 5
15 36 33 30
2 10 47 18
31 29 3 47
30 43 21 38
9 35 22 9
8 17 24 46
14 35 27 18
12 14 33 4
20 29 26 12
22 47 10 24
14 31 9 45
17 28 28 14
36 48 4 49
18 34 34 14
46 24 6 19
31 23 6 48
18 38 19 6
38 14 9 22
13 35 40 2
11 11 21 8
25 42 40 48
14 15 2 18
19 34 21 7
43 41 22 20
17 33 23 36
39 7 42 16
23 12 31 12
18 32 28 49
3 10 17 7
15 38 4 20
12 21 11 31
8 35 17 12
15 34 22 18
17 32 13 17
11 32 27 6
18 35 23 13
14 37 19 10
20 18 22 23
13 33 28 36
17 35 36 10
11 34 7 21
20 31 41 0
11 30 26 48
18 32 23 24
20 33 23 6
13 38 23 49
26 29 4 45
15 30 39 20
11 36 25 48
33 25 12 41
20 36 21 9
17 28 34 35
13 29 39 10
7 37 20 9
9 39 30 40
12 34 28 30
11 42 12 24
16 35 32 3
13 32 22 9
8 13 36 29
15 4 29 6
34 34 17 11
22 9 22 15
32 22 24 6
15 35 31 47
10 24 22 18
22 6 27 41
13 35 8 44
2 22 28 36
10 14 37 10
25 34 19 17
20 15 8 34
14 28 7 20
9 30 27 37
12 36 23 8
35 45 23 47
10 35 15 36
20 40 39 28
12 23 46 19
9 36 20 9
42 42 6 18
14 33 19 22
7 29 17 41
18 22 7 17
28 14 47 16
26 45 27 2
7 36 22 24
9 30 3 25
24 12 21 8
14 36 4 20
15 32 43 20
16 37 12 48
9 32 7 45
44 11 41 16
14 36 45 25
12 28 23 42
13 28 43 18
15 32 7 36
15 31 37 13
38 41 23 48
41 44 21 6
15 25 38 6
35 40 1 19
14 13 49 13
35 38 21 36
13 28 6 48
27 28 29 21
2 3 7 47
44 6 3 19
38 18 3 19
13 33 10 18
9 17 27 48
22 27 22 14
24 13 23 32
36 38 37 10
11 30 3 17
17 39 36 49
13 32 28 49
28 25 20 43
9 32 29 33
18 38 37 27
13 11 26 42
13 32 19 11
37 43 33 47
31 30 20 24
10 24 26 10
12 30 24 32
8 29 14 49
8 37 18 17
8 15 49 17
12 15 23 25
14 32 23 20
20 28 22 7
13 34 1 16
34 36 3 18
0 31 26 0
17 34 19 10
13 40 18 38
15 15 23 7
22 22 27 20
8 0 24 10
13 34 31 29
9 30 36 48
17 0 28 13
16 32 27 28
14 32 39 16
13 13 31 49
13 30 24 43
18 33 21 48
19 33 7 16
15 36 35 47
26 43 11 36
21 33 8 25
15 21 43 20
9 36 22 6
24 2 39 39
35 12 11 46
7 0 46 16
17 33 28 33
0 33 37 24
17 22 8 32
17 30 34 45
24 27 6 25
36 4 31 48
13 36 23 19
20 13 32 30
9 27 23 9
30 6 40 18
43 12 36 25
35 36 19 20
39 22 29 15
37 25 19 20
40 37 6 46
9 11 0 17
16 36 4 20
9 35 4 18
19 3 19 10
6 5 22 9
1 6 45 11
16 5 21 7
18 30 3 19
10 33 23 35
13 34 3 49
5 18 1 20
13 30 19 14
14 30 34 49
21 37 24 5
8 29 10 22
43 38 16 35
13 29 24 16
14 33 22 8
12 38 41 43
24 3 33 48
44 24 22 35
36 44 21 12
18 37 30 6
16 30 38 23
11 35 1 22
11 27 42 9
7 22 4 16
18 46 25 17
28 24 23 35
14 39 4 24
11 10 5 18
40 40 23 20
15 36 18 15
13 25 27 33
39 49 4 18
15 37 4 15
11 26 15 49
2 25 39 12
12 14 22 19
17 34 44 17
10 11 33 48
13 40 22 20
4 16 38 37
15 36 29 42
39 42 16 46
17 29 24 16
13 9 12 33
16 30 45 22
18 32 37 30
10 39 4 19
44 19 5 16
17 38 26 12
30 40 5 19
19 35 12 18
18 37 48 18
17 33 36 16
15 33 43 17
11 37 45 22
13 14 41 18
28 21 25 17
6 32 29 36
35 47 27 35
35 16 4 16
12 24 5 47
20 25 5 45
29 28 10 44
14 36 16 22
39 24 35 43
6 12 30 32
25 36 28 21
19 36 9 14
20 37 24 1
10 12 12 47
15 32 22 32
15 12 2 20
25 23 26 0
16 22 26 48
5 20 24 6
17 34 10 16
13 36 25 8
44 18 28 42
15 37 38 18
34 48 24 16
22 40 4 26
29 40 25 31
19 13 41 18
4 26 32 43
19 30 10 30
40 22 22 7
12 32 31 40
19 44 25 4
7 29 21 40
9 39 30 37
22 40 27 21
36 21 25 2
23 34 27 19
