50 112 18152 800
27 2 5 5
29 33 35 9
31 30 25 7
43 24 47 29
32 3 49 34
11 16 46 25
33 11 44 31
37 0 47 33
19 34 15 25
8 34 42 27
33 27 49 19
8 13 14 29
3 40 47 42
14 16 32 40
37 46 45 9
5 14 12 23
26 28 36 34
15 15 31 27
47 17 40 24
28 23 40 42
32 12 8 20
11 34 48 34
37 0 9 34
43 49 26 8
42 44 43 28
27 8 22 29
48 46 26 27
22 28 49 38
3 47 16 34
46 12 15 19
47 12 24 10
47 3 37 10
22 14 45 10
44 49 45 35
39 9 18 33
17 29 35 6
24 10 49 37
48 11 17 4
37 2 46 32
39 7 38 31
24 15 41 18
14 29 30 26
31 0 8 16
46 9 39 31
42 43 9 21
4 16 34 13
1 19 33 14
7 20 48 16
47 12 48 22
39 18 33 12
35 1 8 18
18 41 24 19
1 44 19 27
3 49 48 16
2 46 23 28
17 10 39 10
39 31 44 37
6 16 14 18
32 8 41 37
38 45 44 33
44 11 41 32
40 4 44 32
7 31 31 33
10 14 41 20
15 20 41 42
3 41 42 40
37 32 5 30
40 22 27 4
42 45 20 29
20 36 19 49
49 3 15 12
35 3 46 37
11 15 46 43
47 37 43 39
17 29 48 29
25 18 48 6
33 29 12 9
28 21 19 22
4 21 41 26
47 36 39 3
20 17 45 36
35 0 22 20
45 20 49 35
25 13 19 14
30 25 8 31
12 22 41 29
37 15 45 25
0 20 43 20
43 6 37 18
25 33 42 14
45 24 43 10
18 36 3 31
45 8 21 26
7 11 32 0
2 21 34 39
49 17 48 25
3 28 11 16
7 21 39 31
42 29 44 40
2 48 43 36
44 4 43 15
44 48 44 32
49 1 6 27
31 27 20 27
42 48 33 44
33 5 36 30
48 2 35 4
42 43 42 17
41 7 44 36
26 26 5 25
33 45 2 32
10 18 22 27
