50 145 16488 800
43 3 43 22
19 2 24 2
32 33 41 18
8 32 49 9
4 24 23 3
31 18 31 12
48 22 41 2
36 36 40 15
45 18 24 15
31 41 38 47
9 32 18 18
46 24 18 41
3 26 11 12
7 25 39 9
38 17 13 0
18 24 22 33
2 42 18 45
9 29 47 20
18 16 19 27
14 11 37 30
29 12 46 22
9 13 25 24
20 14 38 23
6 31 10 18
43 35 28 45
6 8 46 14
42 28 41 13
10 16 47 24
12 34 19 27
27 9 38 49
13 21 32 2
40 20 30 9
36 48 21 38
14 29 16 42
9 5 43 1
46 25 40 17
41 8 40 32
30 24 38 15
7 22 29 16
16 4 15 26
45 24 36 37
17 6 40 35
19 27 21 23
19 33 23 3
18 26 38 30
10 21 42 18
48 27 36 28
33 19 17 8
25 0 1 41
30 18 38 8
43 27 4 13
0 21 0 2
29 2 18 23
6 25 34 26
5 22 19 19
15 40 21 24
24 24 40 15
0 22 22 27
16 22 34 5
46 32 42 31
26 3 43 26
46 40 17 19
35 12 14 22
11 31 13 24
12 18 40 16
7 30 23 47
42 28 19 12
27 4 24 8
9 32 19 26
2 21 8 25
45 18 15 20
44 23 15 42
35 19 36 0
13 37 10 29
18 17 20 14
19 8 43 13
33 36 16 41
49 24 12 25
7 15 36 7
19 0 42 19
43 22 10 21
42 36 25 1
14 13 26 3
10 35 41 36
29 16 28 33
3 39 32 15
28 27 24 15
12 31 35 19
1 9 19 3
9 11 17 20
14 14 30 32
35 32 16 5
29 22 14 20
10 11 5 22
35 1 44 21
19 1 35 20
31 24 17 33
27 18 37 15
46 1 22 33
46 35 12 5
1 17 35 21
16 20 45 14
23 16 32 18
43 6 17 5
42 27 39 12
16 47 45 15
0 43 44 18
36 15 13 2
3 30 6 17
28 20 36 32
21 6 31 7
23 30 18 4
39 30 19 39
39 22 20 12
14 33 22 6
2 45 15 3
11 25 22 41
28 38 38 34
48 39 38 14
15 25 41 34
37 27 46 33
41 10 31 40
4 3 37 5
40 13 36 0
17 34 20 26
20 41 31 44
32 1 39 17
18 13 38 19
48 14 27 44
7 22 42 41
41 26 34 44
16 24 29 11
43 28 45 20
35 9 11 29
7 27 18 22
14 38 39 11
19 15 6 23
20 40 6 15
34 42 20 36
1 19 35 21
13 17 28 5
4 27 24 11
45 35 10 11
44 36 18 18
20 28 21 18
