50 967 11149 800
25 6 8 38
29 21 33 27
7 26 22 24
37 14 36 33
22 43 12 11
21 19 26 15
11 47 30 19
4 25 22 19
2 37 32 16
20 23 41 5
33 31 41 29
30 20 29 26
16 26 18 17
7 20 43 33
15 19 26 37
34 22 26 20
47 49 47 27
12 14 9 39
45 42 21 35
5 1 19 4
13 42 44 15
16 39 23 37
24 45 12 10
16 19 17 4
45 28 35 11
8 30 29 0
47 39 35 41
34 17 18 31
15 14 32 33
14 23 4 11
15 31 18 36
11 17 24 39
11 27 2 22
5 33 46 33
21 6 19 43
42 6 1 35
6 20 28 38
11 9 8 15
13 18 12 31
42 10 26 25
9 45 31 12
29 21 18 41
11 37 43 33
40 23 19 33
43 17 30 6
4 21 31 18
28 21 18 20
34 12 36 26
36 15 46 13
14 45 7 28
20 19 23 17
20 42 40 27
11 11 36 23
38 17 42 23
13 2 30 14
27 18 19 45
16 32 35 2
5 42 44 21
12 40 28 1
28 39 1 25
34 17 15 12
23 10 9 37
31 33 37 26
35 28 20 14
20 12 17 7
21 27 14 0
7 12 27 29
37 39 11 18
39 12 26 35
18 27 39 32
20 28 12 25
48 25 21 13
39 28 42 2
9 11 31 32
6 42 25 2
37 12 34 6
15 36 38 41
24 14 47 6
46 26 17 4
42 15 24 43
28 5 9 16
13 36 3 27
5 33 39 3
17 42 45 21
14 1 20 33
31 40 30 32
30 36 49 11
5 20 28 2
4 22 23 25
42 20 38 6
25 19 38 21
21 30 14 9
34 33 34 23
26 28 33 45
27 49 26 13
34 41 5 28
4 22 6 5
20 10 36 31
8 12 26 4
6 33 23 27
6 7 38 38
6 15 35 25
28 13 21 6
46 1 35 30
39 34 25 4
1 47 35 28
35 22 21 14
25 11 4 20
16 18 29 26
15 37 28 46
29 18 21 39
31 13 27 20
23 13 21 16
37 26 19 41
31 42 37 6
6 5 42 1
26 15 21 11
29 32 35 26
9 12 10 6
16 29 47 6
36 28 28 1
6 15 37 12
13 45 40 31
36 22 41 26
19 40 9 36
7 7 15 26
8 12 8 36
19 30 33 27
18 49 37 20
7 34 20 16
20 14 33 3
2 19 24 17
41 1 26 18
12 41 6 20
14 29 35 12
30 32 26 12
49 21 5 40
9 39 37 21
7 20 21 37
37 30 20 15
49 27 37 35
31 29 27 39
13 34 4 26
2 0 29 10
16 40 10 32
14 18 39 9
35 18 19 4
11 21 3 40
25 21 28 45
9 32 26 8
47 30 3 12
5 34 18 48
36 7 10 12
8 10 34 17
35 18 29 5
12 38 16 28
17 21 29 4
7 38 27 31
40 31 15 12
38 41 17 27
14 45 45 11
36 46 49 17
6 30 35 12
2 48 28 16
27 32 31 28
10 33 37 17
34 11 8 44
2 13 25 25
29 42 36 39
35 24 2 21
11 30 38 2
40 36 17 23
7 16 41 35
44 7 20 22
38 31 26 38
22 15 19 10
11 1 13 13
32 36 27 43
14 44 36 7
39 17 36 20
3 16 40 2
23 39 31 44
3 36 27 4
40 21 44 34
12 25 24 13
30 11 30 31
26 45 32 14
33 43 23 15
23 46 2 17
33 22 30 4
10 30 32 13
15 4 11 19
24 9 37 0
25 14 7 7
15 4 44 20
3 17 3 12
30 17 24 31
16 3 12 32
7 19 13 18
9 23 34 36
17 46 37 32
37 27 36 13
14 15 32 6
4 17 28 23
24 23 13 0
27 20 28 6
31 45 31 27
26 15 6 36
14 2 30 2
27 17 37 26
21 42 30 10
38 23 35 26
39 24 38 0
42 14 49 24
10 46 32 44
6 13 34 6
43 46 33 2
29 26 28 18
14 34 20 15
36 11 37 4
29 26 37 5
31 18 45 31
38 45 37 20
0 38 2 1
1 8 12 11
31 32 30 19
3 45 42 44
32 18 30 33
24 45 36 34
14 36 1 46
39 45 29 46
46 24 23 35
26 20 24 36
42 3 23 47
30 33 3 23
8 41 49 22
27 9 43 37
15 7 26 5
15 36 29 22
22 39 7 37
0 23 2 9
12 36 43 31
6 25 22 33
31 36 33 28
21 12 45 33
27 49 29 14
11 16 10 30
10 35 49 23
13 20 12 12
16 9 27 32
12 0 6 6
6 8 13 9
37 30 41 36
29 45 29 30
46 45 28 27
23 17 37 9
20 43 32 37
21 38 9 32
36 28 32 14
38 37 7 43
47 19 8 24
32 31 23 43
43 40 45 34
29 35 46 12
29 6 11 8
42 48 25 3
5 21 17 13
8 9 8 20
33 43 19 28
29 18 11 17
29 28 37 19
19 43 1 28
20 40 35 2
19 39 36 1
14 34 4 2
10 13 8 34
7 11 34 28
5 11 33 18
33 9 40 25
30 23 3 46
28 40 17 15
29 20 16 38
3 27 45 4
2 28 48 5
9 32 32 1
28 18 27 7
44 5 16 37
23 41 6 30
18 34 23 25
11 5 25 3
36 39 3 18
11 29 44 5
30 19 43 16
3 7 40 36
39 18 37 39
13 34 40 27
32 42 10 18
35 13 41 30
40 45 22 29
14 23 11 31
40 38 23 35
49 31 30 12
25 12 37 48
36 41 42 30
7 45 47 11
46 15 23 44
14 18 43 2
15 43 28 31
33 2 23 15
33 34 48 24
4 48 24 32
26 36 28 25
22 17 34 14
12 33 21 19
4 0 41 28
13 14 23 9
25 47 31 21
6 14 1 2
14 43 4 14
27 30 39 8
39 20 17 0
2 27 37 35
35 15 44 21
33 39 18 17
18 47 49 8
24 45 1 45
45 17 36 32
16 13 16 4
36 35 16 43
4 27 28 4
34 17 43 38
38 43 43 29
38 40 37 14
9 25 34 35
11 18 10 27
49 42 14 11
9 9 40 8
33 3 13 40
29 30 39 0
2 1 13 34
9 16 19 21
21 47 40 30
0 47 39 7
9 7 38 44
47 5 27 34
14 28 0 23
0 16 42 11
1 36 5 41
19 19 38 32
6 48 26 38
12 31 10 13
23 21 10 33
8 8 17 49
18 16 36 3
40 12 37 6
5 0 14 42
31 45 11 35
28 37 39 38
23 21 42 2
5 1 36 24
5 27 41 32
8 32 28 44
16 36 15 15
31 4 36 32
29 17 38 21
28 26 30 8
13 1 40 24
16 9 42 45
7 17 15 34
10 0 25 9
31 23 13 25
27 18 40 36
16 26 15 15
12 32 37 10
8 25 36 9
29 22 29 10
13 15 49 13
33 8 38 5
7 5 37 9
8 10 28 37
18 39 20 18
37 20 34 2
39 11 7 7
10 23 2 26
42 44 35 2
8 24 16 18
22 7 38 39
30 36 18 27
14 48 33 37
31 23 26 6
36 13 38 32
41 17 30 48
3 41 25 32
41 44 27 12
2 34 25 9
43 31 30 49
36 24 31 24
44 3 38 43
22 13 36 8
26 29 37 31
39 44 5 25
10 0 23 49
11 48 11 8
39 23 1 42
3 34 45 27
42 49 31 13
18 41 37 14
49 35 15 29
37 37 35 32
37 12 13 22
22 15 29 35
10 21 32 5
39 10 10 4
30 18 38 41
8 28 1 17
14 47 29 0
25 40 13 31
8 38 33 22
16 12 9 6
25 12 29 31
30 12 19 31
25 48 35 17
31 48 26 30
29 27 37 11
32 20 29 10
6 19 46 48
25 5 1 34
13 27 37 31
20 34 33 10
35 19 26 28
29 16 37 20
24 39 17 4
1 29 24 20
38 22 43 39
1 29 40 26
6 42 22 25
16 21 41 26
15 20 41 17
12 4 40 36
6 22 38 6
21 20 29 32
39 32 39 19
21 27 15 2
13 11 38 8
3 28 12 7
22 10 10 41
38 22 43 39
2 41 23 15
9 23 19 40
25 19 9 16
39 10 27 19
19 11 27 11
25 47 20 3
43 13 23 39
17 42 14 17
5 39 38 6
34 49 34 18
31 11 12 13
23 44 28 43
21 13 27 12
28 31 9 26
42 13 14 30
25 6 4 41
8 38 35 26
48 35 49 0
15 32 12 16
11 37 38 43
11 44 15 10
22 16 21 31
27 17 44 1
28 18 41 40
14 44 11 9
32 13 3 32
6 48 30 33
11 44 27 9
38 25 30 5
25 26 10 8
6 38 18 26
4 15 31 46
24 8 42 3
49 42 11 16
7 48 39 7
32 19 10 13
14 21 36 16
32 8 2 20
37 20 4 46
15 34 13 9
41 30 6 15
23 43 29 3
37 25 6 40
0 28 9 29
9 30 32 27
16 0 27 7
26 9 35 3
41 29 29 27
39 22 7 12
38 47 42 26
12 18 32 27
24 13 28 9
12 39 26 25
46 19 20 32
32 39 43 16
28 12 31 44
34 9 32 49
4 11 18 16
41 22 44 18
45 25 47 28
7 26 9 45
9 0 26 25
39 24 28 3
32 9 39 20
30 14 37 32
18 1 32 36
25 17 0 48
38 11 22 29
24 31 34 13
13 27 40 13
41 21 48 7
21 41 39 11
1 6 14 42
5 11 49 7
30 18 23 38
7 17 17 7
23 43 39 41
0 20 0 15
10 23 25 38
1 4 33 34
32 43 47 11
30 24 40 1
33 27 40 24
24 24 42 33
37 42 28 25
28 26 29 32
13 5 34 21
26 41 20 24
25 12 17 45
43 40 13 8
13 6 17 20
19 19 45 28
31 47 26 12
2 44 14 17
29 41 22 18
30 39 43 11
24 22 11 32
33 21 23 21
18 24 36 27
42 36 45 47
37 12 42 24
11 45 35 44
15 26 36 28
35 22 12 7
9 2 6 31
30 16 41 23
24 31 10 28
44 16 34 36
0 5 13 43
27 8 41 24
22 23 21 28
13 20 31 29
23 40 26 18
15 38 12 14
33 41 21 26
28 18 30 12
46 12 16 40
20 31 31 34
10 17 33 16
16 10 12 47
38 0 38 7
24 42 41 23
25 49 16 44
12 26 18 4
31 14 44 42
34 19 29 40
13 39 8 15
34 42 26 13
39 4 3 17
37 12 31 43
48 37 41 2
3 26 34 21
35 20 48 39
26 38 31 12
17 39 39 5
9 10 44 0
17 43 28 14
39 30 41 23
7 20 11 12
31 32 37 14
7 42 34 13
10 36 4 9
35 24 26 36
32 18 45 15
39 17 21 25
27 39 44 20
30 27 43 30
23 16 25 36
5 9 32 0
34 39 25 3
40 17 33 32
40 2 3 10
24 42 30 31
14 9 31 13
12 23 45 21
16 20 35 40
38 45 32 44
32 21 2 13
28 19 33 44
45 49 42 5
24 31 5 30
13 36 37 23
46 46 37 31
12 49 28 14
22 37 28 13
35 21 3 39
25 28 34 15
19 34 33 31
29 17 45 40
18 16 34 32
22 15 35 38
16 44 38 35
13 35 47 14
17 7 21 36
11 15 26 8
17 29 29 21
38 13 40 38
30 23 6 25
13 33 42 34
39 18 21 9
32 32 40 47
20 23 34 37
25 22 21 34
35 7 23 31
24 47 33 12
31 28 43 32
3 38 41 37
22 17 38 33
22 26 39 41
11 37 22 36
41 11 31 38
39 18 37 34
18 38 29 2
37 48 39 42
10 48 38 20
30 23 26 6
42 10 12 9
20 25 37 25
19 32 8 21
0 33 7 2
13 41 4 4
24 13 48 1
7 18 14 36
2 35 30 4
4 29 20 8
7 3 32 6
5 2 23 2
14 33 32 6
9 28 1 26
8 38 32 5
17 30 41 15
31 34 33 44
26 48 37 26
40 37 48 17
27 45 41 30
31 45 29 31
0 28 23 39
10 35 38 24
25 34 16 13
2 44 24 6
14 0 5 8
17 35 43 39
41 32 37 24
8 22 3 34
21 19 16 20
36 9 11 35
11 24 35 8
33 30 5 7
6 6 31 26
26 0 15 24
12 18 14 12
5 16 41 16
12 41 40 18
0 21 47 46
37 47 43 19
0 36 41 27
37 18 34 41
17 34 28 41
8 14 29 22
34 21 13 31
32 11 33 4
41 23 48 43
23 22 40 19
4 34 10 17
15 38 33 29
10 0 34 24
20 43 15 49
38 39 48 37
26 47 33 15
42 21 17 14
13 44 16 28
9 40 44 41
33 12 22 5
42 24 16 15
18 47 38 46
24 33 38 30
4 30 20 14
12 19 0 9
16 6 10 30
20 3 15 44
41 20 42 7
4 0 30 6
22 15 12 13
14 20 24 34
29 42 31 14
26 43 38 24
18 28 43 38
21 10 17 38
11 42 11 25
39 13 26 16
12 30 16 17
13 48 13 7
27 18 44 29
1 38 30 0
41 18 38 33
10 41 8 27
30 18 24 4
37 31 23 1
5 41 10 31
0 29 4 7
25 4 10 29
36 12 23 37
35 21 26 4
30 42 20 1
20 23 38 36
11 23 37 0
11 33 1 6
23 39 22 45
43 18 26 8
20 14 30 3
5 31 43 5
9 43 30 18
26 20 35 8
12 16 16 43
38 22 32 5
25 11 16 42
41 40 32 40
17 13 39 26
30 46 13 46
34 13 16 5
39 22 16 33
20 40 31 8
8 21 14 13
23 38 34 31
14 24 24 20
26 19 9 43
12 16 41 33
18 36 33 5
19 28 49 44
28 6 25 34
22 45 39 13
27 11 32 17
35 47 38 33
36 45 1 34
18 39 30 9
28 42 7 36
47 36 26 24
9 28 6 0
1 19 45 23
7 24 29 33
36 26 23 24
13 14 7 49
16 34 14 20
2 29 26 44
8 27 10 49
3 42 35 15
28 16 35 8
32 11 28 14
9 32 15 46
9 11 9 33
6 33 10 31
5 34 32 18
28 32 39 13
3 16 29 1
1 25 44 24
12 24 45 45
11 37 36 27
36 30 31 46
0 35 30 28
10 44 11 15
20 2 24 47
43 36 26 0
31 10 14 15
4 42 2 17
34 40 44 20
7 42 1 27
5 19 35 16
22 21 36 5
41 42 44 16
37 24 26 26
31 20 46 32
9 0 8 26
8 16 44 18
39 32 23 7
41 13 29 34
33 15 21 22
9 45 32 4
13 25 43 40
2 13 38 23
7 21 5 17
9 42 35 31
7 22 30 49
38 48 4 9
19 43 32 38
38 18 44 16
28 22 6 21
19 22 25 43
29 17 36 2
12 1 3 30
45 41 20 9
16 41 29 36
20 19 30 37
26 25 15 30
39 13 36 31
8 4 29 19
9 28 37 3
36 17 8 23
32 8 46 48
14 38 40 11
35 10 37 3
3 37 34 28
12 36 6 30
25 19 36 22
14 18 24 32
32 23 41 24
17 29 40 31
29 22 44 38
15 30 25 2
2 48 37 10
37 9 18 33
10 43 11 10
11 16 39 12
43 29 13 19
29 44 28 30
11 15 40 37
35 31 30 29
29 36 33 14
24 0 32 26
10 32 30 15
22 48 14 10
10 34 36 4
8 30 41 36
32 46 33 14
6 36 18 12
15 14 25 2
38 18 13 34
28 29 34 12
22 31 33 10
13 12 30 4
41 14 28 47
38 19 22 30
20 22 48 21
38 22 43 2
4 20 36 1
16 16 31 35
2 25 47 23
44 29 27 27
34 41 41 25
31 28 39 3
27 29 31 26
10 31 32 14
41 46 32 38
7 11 36 2
48 39 35 26
30 9 12 27
32 26 30 34
9 39 38 46
17 46 10 30
17 23 4 33
3 0 12 21
2 26 32 31
37 13 2 38
5 44 41 30
14 17 20 12
17 8 11 26
5 23 17 17
2 21 27 36
18 12 3 3
28 19 31 24
27 3 22 5
14 2 32 31
18 14 28 11
14 43 29 15
35 14 19 38
44 31 34 23
11 8 31 10
30 45 21 40
28 6 43 20
5 20 33 17
6 48 8 32
37 26 46 0
39 33 46 35
30 13 24 4
41 31 29 18
31 42 29 34
21 43 47 29
23 10 16 21
28 12 25 9
28 28 34 38
1 15 20 31
43 12 13 19
46 16 26 7
2 44 36 7
32 28 13 46
36 35 39 14
36 40 24 22
17 0 4 35
31 35 38 33
35 24 43 33
29 44 15 15
30 42 41 34
48 28 34 22
10 46 15 19
19 12 8 32
12 24 29 42
33 30 7 41
15 41 28 37
2 22 23 11
13 2 21 18
20 13 8 28
31 15 41 0
44 20 41 46
2 38 0 22
38 28 28 24
9 41 9 1
16 27 26 21
31 1 28 33
24 49 33 48
7 21 1 16
9 25 34 4
28 16 43 46
0 35 36 21
25 6 20 30
17 6 11 27
35 21 21 32
8 22 7 32
20 15 35 38
19 27 35 3
8 13 47 3
13 36 42 7
6 24 32 25
19 5 28 13
11 16 5 6
8 25 11 16
13 40 23 18
7 11 27 5
21 42 33 10
29 20 45 3
33 9 39 25
36 23 23 45
45 42 15 44
4 16 31 8
2 2 11 36
28 45 13 32
28 27 30 23
24 48 26 5
16 6 28 11
3 20 44 48
27 21 17 29
10 9 40 24
