50 1438 12337 800
30 14 16 6
39 16 21 25
4 39 19 4
15 29 43 2
22 5 19 44
48 27 4 2
40 14 39 22
18 3 1 8
19 31 49 0
35 36 22 32
23 4 28 38
24 17 8 30
29 14 6 3
7 49 36 3
12 34 15 20
10 31 21 8
9 19 19 14
25 12 8 18
6 24 8 48
27 35 36 30
15 15 18 36
24 40 1 25
32 33 45 5
48 11 10 10
34 2 24 16
28 36 20 15
29 18 4 3
22 30 48 11
28 34 30 9
15 12 14 23
27 5 42 14
29 6 36 22
1 16 15 26
15 47 6 8
16 38 16 11
20 10 40 5
5 29 48 13
48 16 18 5
35 9 12 12
31 43 13 21
23 13 14 13
12 11 15 18
1 43 44 19
44 27 33 2
16 32 13 1
18 35 22 5
32 16 5 2
22 30 10 2
31 30 28 16
32 31 25 20
27 30 7 15
25 32 23 10
19 30 41 19
33 30 2 29
31 32 39 20
17 5 35 5
27 35 6 12
28 6 7 36
17 38 14 14
22 46 33 24
27 8 7 19
26 41 10 37
40 14 11 33
14 18 0 25
20 39 44 3
25 10 7 4
20 30 1 41
34 18 7 45
45 3 10 23
17 32 45 27
33 34 31 23
4 10 23 3
28 25 34 23
15 6 21 10
20 42 32 9
35 30 17 12
41 2 2 47
37 35 42 6
40 20 25 1
11 39 22 8
3 27 10 33
28 34 33 11
12 35 47 5
3 15 12 19
8 39 40 2
2 31 24 28
12 34 4 28
16 12 4 6
0 40 12 32
21 9 7 13
25 9 20 28
24 14 9 40
7 21 13 1
15 27 10 27
31 20 13 0
24 27 8 25
36 2 9 24
27 36 45 7
2 32 46 22
19 27 0 45
14 28 20 2
13 16 35 18
39 44 33 24
6 33 3 6
9 35 7 31
7 31 18 28
40 18 15 33
7 31 27 18
14 28 10 39
29 38 48 9
28 3 36 17
40 14 14 2
44 26 12 4
29 37 43 9
27 5 21 27
32 16 22 25
21 0 46 1
32 2 15 37
13 32 44 18
31 31 10 34
27 11 20 9
16 30 3 14
12 32 6 7
30 38 1 6
20 33 19 8
18 46 17 1
23 9 2 26
49 26 37 4
8 33 26 0
12 30 26 16
28 35 25 31
14 38 11 5
6 43 11 42
22 29 25 1
30 43 6 43
36 17 49 4
18 26 11 10
34 36 7 32
20 39 42 5
27 34 46 7
39 10 28 6
33 14 14 38
22 44 10 10
11 47 8 14
23 9 28 6
22 29 11 20
28 35 30 28
15 25 4 13
7 17 3 9
27 35 22 28
33 12 2 14
8 13 29 45
40 6 23 4
7 29 49 2
16 26 28 11
31 31 31 19
3 30 26 31
14 27 15 9
36 13 29 40
25 32 38 6
22 10 38 18
32 33 20 24
8 40 12 4
41 21 7 36
23 29 43 15
7 43 20 14
4 31 10 17
19 12 32 42
29 3 5 15
19 32 26 26
11 30 26 18
20 34 42 12
31 2 22 33
4 21 7 13
35 33 2 18
22 37 3 30
33 40 1 38
20 42 1 41
12 26 4 42
16 3 28 30
11 12 5 45
12 8 44 1
38 5 10 8
14 14 42 8
46 9 11 11
7 28 1 16
45 6 19 14
22 25 12 39
24 35 14 27
12 35 13 47
32 27 6 4
12 33 13 8
37 0 10 32
34 30 28 8
32 0 0 35
5 6 2 42
30 33 21 23
31 32 22 32
36 4 45 3
28 15 4 17
13 24 15 8
41 14 15 21
31 32 0 31
43 4 8 41
30 32 46 5
15 29 11 31
29 32 31 36
27 33 17 3
40 0 9 27
22 6 11 13
19 7 20 18
16 10 3 12
42 12 2 41
9 17 35 4
35 1 37 28
16 21 21 20
14 36 17 18
11 34 7 0
26 10 15 21
46 22 15 26
7 19 8 2
1 33 2 13
35 33 40 20
1 23 21 15
18 35 17 24
9 24 29 11
8 49 12 28
30 38 31 22
10 34 11 20
34 32 17 13
15 16 17 20
10 24 33 4
28 37 24 9
32 10 10 26
36 13 17 16
11 20 28 24
23 28 38 13
47 14 40 14
19 46 17 1
30 49 2 38
36 35 14 18
20 16 29 29
2 21 40 13
35 6 17 22
48 16 13 35
21 12 6 5
31 34 37 4
17 45 10 7
9 31 5 30
29 30 28 25
15 42 11 29
48 41 13 11
22 10 3 22
4 33 17 29
25 11 21 17
2 26 6 25
26 15 15 12
12 35 46 0
26 26 20 4
39 22 42 24
10 47 46 1
34 11 5 33
16 30 31 45
4 48 1 5
31 48 32 12
30 14 9 1
27 36 22 40
48 6 20 31
19 31 4 45
42 28 10 40
7 3 2 30
36 8 39 3
38 14 14 7
42 23 0 5
32 33 12 28
41 20 6 20
28 34 5 1
27 15 40 7
48 18 43 15
5 33 13 27
36 2 41 3
43 10 43 23
4 28 17 4
32 38 18 3
1 26 3 40
33 2 6 6
2 35 7 42
12 7 21 6
14 31 24 16
30 34 36 7
30 39 9 8
5 23 18 7
33 31 10 8
7 27 13 10
29 28 25 41
10 11 19 4
48 3 1 10
1 24 17 13
29 0 24 2
8 2 1 10
27 30 4 4
19 41 23 19
11 41 21 20
32 30 0 49
21 47 30 19
27 11 17 17
8 7 33 28
44 19 27 7
34 8 2 6
25 3 6 6
18 32 26 47
15 22 42 10
45 23 18 28
12 9 30 32
28 9 7 28
3 30 1 11
32 23 33 46
26 42 16 4
31 9 8 11
45 9 3 47
3 48 17 20
35 31 11 37
43 21 4 6
1 31 17 19
14 36 16 8
29 31 5 11
16 28 47 6
33 12 8 31
44 8 19 24
17 41 19 3
16 31 6 20
34 39 26 40
15 36 10 22
7 39 49 5
12 26 17 11
42 23 34 32
26 8 38 19
22 4 20 11
27 25 13 31
15 27 8 5
9 43 10 16
32 16 20 23
13 35 8 2
29 25 8 0
38 4 25 6
10 24 2 46
11 25 16 1
11 6 7 12
26 49 26 41
30 30 6 47
13 29 18 3
12 46 42 0
32 30 33 13
41 29 26 36
14 31 27 18
2 44 9 22
15 42 16 11
11 7 7 5
31 31 10 29
10 35 25 15
13 40 21 27
42 6 1 29
29 36 42 23
39 20 11 1
26 35 0 16
18 47 20 17
26 0 21 25
12 37 31 10
0 28 32 39
33 30 15 43
46 16 49 11
32 30 9 21
2 10 18 24
23 46 13 0
6 23 1 21
18 25 35 0
45 20 12 17
26 30 3 12
6 15 0 18
19 16 15 20
29 6 8 23
47 17 16 27
5 17 45 19
8 41 44 15
19 36 2 19
8 7 42 27
11 3 4 11
35 9 32 21
29 35 48 23
26 9 37 48
17 9 7 29
17 29 8 23
19 5 35 21
10 26 23 31
10 35 3 45
25 30 18 45
44 24 10 30
49 15 33 14
5 34 5 21
14 31 2 43
32 17 6 46
9 27 12 15
23 6 15 4
6 18 37 3
3 9 15 36
16 4 17 31
3 30 8 35
31 31 45 2
25 10 19 6
16 18 14 46
12 32 5 25
22 45 14 5
3 24 18 26
31 32 7 33
31 3 20 11
22 15 2 37
14 29 12 23
42 24 15 14
47 17 18 1
42 24 26 6
29 32 15 12
15 27 16 20
16 30 19 24
2 28 13 6
23 6 18 30
22 14 1 41
30 2 40 30
30 5 45 9
16 11 31 8
21 48 41 1
15 11 34 10
17 46 18 35
19 35 1 43
3 47 41 5
17 31 33 16
26 15 37 8
24 5 7 23
27 14 1 39
19 27 42 1
18 30 36 19
32 32 12 30
38 10 1 43
17 10 19 7
17 27 45 14
18 22 45 23
27 6 14 19
28 30 14 26
22 36 28 19
19 38 5 27
29 47 10 16
38 16 15 13
10 40 25 6
36 19 34 4
12 38 31 31
27 35 19 7
22 11 15 18
1 33 3 14
4 2 13 4
43 28 19 25
34 34 45 19
38 22 25 15
28 21 0 44
33 34 36 26
11 33 43 12
22 12 2 1
24 32 40 2
32 34 25 14
35 32 12 38
22 40 25 9
29 32 10 27
8 12 3 23
24 31 36 32
32 33 0 17
26 31 19 0
34 36 22 46
32 26 8 7
10 26 16 19
4 30 12 39
11 15 8 5
37 25 38 16
6 11 8 38
49 2 20 1
17 32 2 15
11 36 11 3
45 20 30 18
3 29 22 2
24 4 34 11
40 3 2 12
8 49 12 1
3 10 22 25
21 14 24 1
12 26 19 24
46 32 19 27
8 27 18 25
13 3 47 10
16 23 11 0
10 31 26 48
12 44 33 16
26 39 16 3
30 15 33 2
13 30 9 21
45 20 47 11
33 38 39 7
17 47 18 5
32 15 10 7
29 0 33 2
31 30 5 47
41 3 24 41
36 21 44 8
1 11 27 29
27 32 22 30
29 30 23 1
6 9 12 24
35 11 15 24
24 33 16 11
16 26 35 32
27 39 11 29
13 29 2 28
13 26 3 32
23 14 0 36
4 29 3 3
33 10 16 19
32 35 49 9
5 17 21 29
4 4 44 6
8 13 44 11
46 34 14 1
25 31 5 22
17 26 6 17
27 36 4 40
31 32 10 0
7 35 21 7
32 40 0 46
10 31 49 6
4 29 12 24
22 34 45 13
2 44 9 1
37 5 2 36
12 35 15 2
27 30 18 7
35 31 8 4
12 32 12 8
29 32 21 2
28 9 6 7
11 31 1 1
33 6 16 31
46 20 9 3
22 10 7 9
31 9 38 10
29 7 19 14
27 32 15 27
27 36 27 3
11 12 22 35
11 46 9 4
9 26 42 9
3 10 18 11
41 25 36 34
2 24 20 20
29 2 7 29
41 23 23 36
24 9 17 34
30 34 28 40
27 26 3 4
20 16 16 28
16 41 34 16
19 35 0 45
11 42 14 38
16 14 27 33
1 23 35 27
34 29 34 16
27 29 33 24
11 21 21 0
45 1 34 26
16 17 22 45
7 41 40 4
33 30 2 41
26 33 36 3
18 10 35 14
11 8 37 11
42 11 16 3
33 32 35 10
36 12 9 47
40 34 11 20
18 35 40 8
9 39 10 1
11 20 48 6
16 35 2 22
5 41 47 11
41 2 5 25
38 23 12 5
27 49 5 18
13 31 8 11
28 33 23 7
39 16 19 13
13 25 36 23
14 34 6 21
14 37 4 14
20 24 30 8
10 48 4 3
11 31 47 21
35 33 1 18
34 31 7 15
23 4 31 7
27 36 14 24
0 41 7 10
14 35 6 40
29 5 11 5
7 27 0 33
19 49 12 26
22 26 6 25
16 30 11 12
48 31 3 16
10 48 13 12
27 38 25 10
7 37 33 37
15 46 0 3
45 16 27 29
12 32 3 1
6 22 19 45
8 34 3 36
41 20 21 35
23 9 37 11
26 15 14 10
14 32 21 34
33 33 12 0
48 16 15 12
31 3 46 15
33 32 11 16
47 10 29 25
35 37 16 41
37 20 7 0
26 33 37 11
3 14 34 4
19 39 20 25
23 48 49 15
17 30 35 34
7 19 42 12
10 28 47 19
17 30 5 14
30 29 21 19
30 30 11 4
37 24 1 4
10 9 19 37
15 27 42 7
20 14 30 47
48 31 22 23
28 13 2 14
28 14 16 23
39 1 5 7
29 22 29 10
41 19 0 44
21 40 16 27
20 31 20 4
7 12 49 16
43 32 10 22
18 36 4 12
27 42 9 11
2 34 31 14
15 27 5 40
11 32 47 10
5 40 5 32
21 36 2 43
43 14 16 32
36 25 40 28
36 20 14 31
34 3 3 5
26 34 28 22
29 29 7 25
27 4 35 18
36 32 2 36
4 25 48 18
6 8 25 19
2 39 5 26
14 40 17 17
38 6 14 22
17 27 7 23
17 26 22 1
48 11 3 36
26 28 26 45
30 38 25 11
3 29 12 19
20 33 27 12
9 23 35 19
31 49 18 14
28 32 17 15
17 1 18 10
8 23 9 3
30 25 5 39
35 5 41 9
16 24 37 7
2 31 15 8
2 30 36 39
32 11 44 18
25 10 41 3
44 19 36 8
21 2 34 7
8 35 17 42
28 8 10 10
30 27 1 29
17 49 45 4
7 46 22 27
31 31 29 27
22 15 26 5
18 6 19 10
6 9 2 45
15 23 3 12
13 26 8 24
13 26 15 15
38 17 10 3
4 39 32 28
36 32 8 11
31 39 23 34
11 39 39 6
15 23 11 13
29 9 41 10
22 36 1 49
19 37 5 3
20 43 10 4
9 27 21 34
9 24 16 12
16 30 3 39
7 9 24 24
19 3 8 30
13 29 5 31
10 46 9 15
14 41 18 13
8 48 9 12
12 5 37 33
33 33 34 14
19 29 40 10
7 28 4 9
19 30 20 22
18 47 49 1
40 10 38 13
7 27 37 2
25 35 19 1
44 17 1 6
31 2 3 5
8 44 38 2
47 39 25 31
25 25 45 16
14 38 13 18
5 10 1 15
11 38 25 38
40 37 39 20
47 1 9 27
9 22 27 7
31 13 32 0
7 34 37 9
23 31 23 3
12 10 26 21
14 39 4 37
12 47 35 28
15 39 12 7
16 30 12 27
37 36 16 35
13 8 1 16
41 7 4 20
39 7 10 7
34 35 20 8
9 33 21 40
17 12 5 9
31 38 6 6
21 6 4 20
17 27 47 9
37 17 26 11
27 7 31 13
37 35 23 22
0 35 16 0
16 21 7 28
28 11 2 48
15 26 9 15
12 36 30 48
11 39 47 11
10 29 41 22
24 10 22 46
30 20 18 6
45 5 26 21
15 20 45 11
29 15 4 3
7 39 3 46
31 16 24 46
35 25 28 9
10 9 8 24
30 37 26 5
13 39 13 0
14 33 19 28
15 31 40 8
8 27 18 36
11 5 12 14
10 29 18 21
21 37 7 6
33 37 12 13
28 9 47 10
26 12 7 18
28 28 9 12
4 5 2 19
5 44 2 7
10 15 24 10
35 25 44 2
9 6 39 10
39 3 21 38
26 6 46 9
46 11 17 32
28 40 8 17
23 9 21 26
16 30 40 11
33 7 25 31
5 30 10 17
39 2 6 12
28 7 47 3
13 20 41 31
15 33 29 16
6 20 0 13
22 22 11 18
46 15 41 0
15 31 12 36
39 11 32 9
15 33 0 9
36 34 14 14
47 6 35 3
6 47 12 3
21 30 6 19
47 13 15 13
26 29 15 25
13 28 9 12
32 34 18 37
25 20 4 23
46 24 47 19
24 31 42 2
19 35 42 5
26 49 9 4
14 31 36 7
30 6 39 6
24 25 22 3
21 29 8 36
48 1 17 40
7 5 9 15
10 32 0 48
44 30 21 15
26 17 8 13
30 33 36 13
38 15 35 27
14 20 3 13
35 3 7 26
34 33 7 15
23 38 43 8
27 34 15 20
40 4 8 1
30 36 41 11
16 10 49 5
27 13 15 14
9 37 16 21
30 33 3 9
28 31 5 42
6 6 25 30
32 11 3 6
16 14 12 37
16 36 26 37
41 5 41 25
32 33 3 14
48 2 19 16
30 31 6 6
47 3 20 32
16 28 27 23
15 45 34 4
11 14 35 36
44 17 13 33
5 23 1 3
33 30 18 5
34 32 25 23
2 34 23 26
16 41 10 17
20 13 37 27
26 39 16 5
10 22 1 10
17 27 31 30
12 38 18 9
46 16 3 11
33 34 3 22
14 30 21 4
23 45 2 41
26 7 33 33
10 38 13 7
8 7 4 24
6 38 49 3
36 3 11 28
15 30 14 23
25 10 35 23
33 33 36 3
18 32 21 13
31 35 1 8
1 23 12 29
10 26 12 17
16 3 45 8
32 46 42 4
14 26 15 30
17 32 12 4
27 10 38 30
7 30 16 10
49 4 39 21
17 19 25 21
19 26 33 23
4 9 15 16
43 19 44 2
32 31 19 8
4 33 15 7
36 31 2 41
25 10 17 25
5 36 6 27
15 7 14 29
30 25 7 42
0 44 21 19
37 10 0 24
0 35 1 44
12 12 15 28
22 17 4 38
2 12 10 8
22 11 2 3
43 7 7 15
48 16 12 22
13 49 4 7
26 35 6 14
16 33 4 5
19 7 17 4
29 37 14 20
29 32 18 31
32 14 23 46
35 29 26 2
26 27 14 21
12 33 36 6
14 15 44 29
25 47 5 17
9 36 13 15
34 26 6 8
42 12 28 44
30 38 12 17
14 12 8 23
35 9 23 47
17 30 17 23
5 26 29 27
11 42 36 9
8 23 46 15
25 4 42 8
17 13 24 27
11 4 1 3
39 13 14 14
22 36 27 21
6 29 6 23
35 3 35 30
32 8 8 19
45 8 25 25
13 44 2 41
12 32 20 16
23 5 2 46
31 30 30 11
0 17 21 25
16 46 16 21
7 4 2 24
29 36 2 43
34 35 34 26
29 34 42 17
33 36 40 15
23 42 1 40
33 31 22 35
23 46 8 5
36 7 6 23
29 37 25 11
35 40 38 3
13 28 20 17
42 10 0 25
48 1 6 6
36 38 15 11
33 29 2 48
37 36 6 15
12 31 14 0
42 1 2 39
9 26 17 14
48 24 28 2
23 6 44 13
15 33 19 14
7 20 12 1
42 24 11 25
29 4 2 22
19 39 26 31
13 40 24 14
30 12 15 28
2 32 19 31
30 14 43 10
13 43 6 16
9 4 31 12
28 29 35 10
4 42 4 13
14 42 35 30
48 12 18 25
40 5 21 8
4 29 12 23
46 14 6 38
12 6 29 1
45 22 46 11
39 44 42 15
27 9 47 10
29 10 37 37
42 3 12 20
30 33 42 5
33 28 5 28
43 14 24 14
46 1 32 32
13 30 30 2
13 0 15 34
27 12 15 7
23 36 44 1
29 30 36 2
32 5 23 12
13 28 17 20
13 28 7 8
6 25 8 8
10 33 14 10
14 34 17 40
1 21 6 2
1 49 18 18
20 28 3 33
13 36 33 12
18 34 41 12
11 34 41 2
29 32 30 4
35 18 3 28
45 39 22 8
46 0 7 34
32 34 17 22
25 6 31 13
18 48 4 16
41 7 20 41
13 41 20 10
4 32 17 32
29 32 26 12
46 0 31 15
22 4 39 15
27 2 23 15
47 27 16 40
7 28 30 6
30 34 21 34
9 31 34 14
6 16 36 13
38 11 24 34
12 46 1 29
3 46 22 16
14 33 10 27
14 30 18 11
10 12 8 19
16 28 6 6
42 0 8 14
29 31 13 36
28 27 34 25
32 1 38 1
30 29 22 14
38 35 31 32
21 49 17 29
14 6 41 10
43 13 21 43
7 43 24 24
26 33 9 5
28 8 49 0
9 12 26 5
15 29 23 23
2 9 26 11
25 31 9 7
4 18 5 31
15 33 13 38
25 23 31 6
31 4 25 8
26 24 7 16
13 44 30 26
28 37 4 5
6 45 31 14
9 23 2 25
4 23 0 47
23 21 4 43
29 25 2 19
10 18 14 5
26 30 19 9
3 24 11 36
20 15 46 5
3 42 13 21
19 30 46 9
21 32 24 12
29 37 4 44
31 32 2 27
12 30 30 38
12 47 33 14
19 8 45 5
2 41 32 33
18 5 13 41
27 31 28 8
6 28 33 17
27 26 42 40
24 40 29 24
1 35 11 37
12 21 42 13
9 12 47 4
43 9 0 30
36 15 4 10
28 29 5 13
31 7 4 4
0 27 12 28
0 40 14 22
29 33 48 4
5 26 22 17
15 40 8 44
17 10 15 36
13 33 4 24
24 11 11 7
2 13 20 18
18 32 1 34
15 17 1 4
26 35 21 20
2 31 12 18
13 43 39 3
25 15 1 24
32 32 45 14
14 45 10 33
24 33 9 22
9 7 1 24
36 11 1 1
7 32 2 13
15 18 20 3
32 10 23 28
16 39 10 31
17 43 23 36
4 32 48 5
17 29 7 2
32 45 32 0
27 16 11 3
49 27 10 29
31 9 46 6
16 37 1 41
41 4 4 46
13 30 47 16
3 38 23 9
25 27 12 0
28 32 28 41
31 29 3 37
17 48 5 20
9 8 14 9
16 16 24 6
29 9 11 17
17 36 20 18
41 11 19 25
13 29 17 14
4 14 5 8
25 30 25 14
29 4 13 17
36 32 24 17
10 4 33 7
24 45 38 16
1 38 7 35
10 33 27 18
18 33 4 33
29 33 23 9
44 4 13 14
13 32 6 33
36 3 11 15
25 49 13 40
26 44 34 30
31 43 14 28
5 39 2 36
36 14 22 18
34 4 35 14
1 8 33 9
30 24 23 35
6 6 38 21
7 37 1 7
13 15 12 5
7 38 0 25
18 33 6 0
6 29 12 13
32 26 7 3
15 27 2 6
27 10 12 12
48 0 22 36
32 3 8 17
3 7 18 43
10 26 46 17
38 5 7 20
38 30 35 18
39 1 30 3
30 33 5 13
25 15 27 7
25 18 14 5
28 36 19 9
20 31 13 9
3 26 46 10
4 19 43 0
4 38 18 21
35 17 38 30
24 10 42 2
22 5 40 13
27 30 15 1
18 4 12 34
45 2 11 2
10 22 33 10
9 24 12 38
27 36 22 29
22 11 0 11
29 29 32 22
18 13 49 8
12 15 6 5
26 33 14 2
13 38 31 34
26 2 45 4
46 26 5 42
30 28 48 18
31 33 15 1
19 43 31 5
6 6 17 34
6 14 7 23
28 6 21 21
16 7 6 40
28 31 6 38
49 6 2 40
29 31 49 12
25 32 40 1
49 8 9 14
32 16 22 4
34 32 9 19
21 4 9 36
3 26 45 15
1 17 26 6
29 16 3 19
3 20 15 3
14 39 28 2
17 30 0 43
33 35 2 30
29 18 16 17
44 2 26 13
31 32 38 31
30 1 1 37
24 32 36 0
31 32 11 19
8 48 7 13
15 46 40 37
15 32 10 40
25 37 41 10
3 32 5 14
25 32 2 26
23 11 8 34
16 44 6 4
31 0 1 3
34 14 6 9
9 21 12 13
26 46 8 17
14 3 38 3
41 22 41 12
22 18 30 26
16 35 13 22
30 33 39 19
11 26 36 31
19 28 23 32
29 7 17 21
34 8 31 18
18 49 46 0
13 29 4 21
31 33 12 4
8 24 3 18
26 3 14 28
0 4 24 9
31 35 23 7
8 11 0 37
13 27 2 10
27 16 48 7
24 2 13 20
14 6 17 17
5 27 21 20
4 24 9 49
16 34 5 34
31 34 21 20
18 37 27 45
17 29 30 29
25 9 5 19
23 8 17 0
16 32 9 11
35 3 39 34
8 32 14 20
20 33 14 9
3 6 35 21
25 37 19 2
14 8 1 7
41 12 25 18
21 1 20 28
38 26 24 35
33 24 12 37
29 27 9 4
37 15 34 4
27 12 12 5
14 49 20 23
1 43 18 0
17 11 23 10
26 0 18 27
15 33 10 8
13 20 2 41
27 35 5 1
40 16 7 11
4 30 15 13
37 32 24 3
36 3 16 37
31 7 38 1
21 47 31 20
33 10 23 41
5 34 40 9
19 32 14 24
10 27 24 38
34 34 7 0
7 26 12 16
28 10 19 4
7 29 16 16
34 2 46 9
31 5 46 4
31 4 49 2
31 39 16 10
19 48 12 4
23 26 24 2
3 30 19 25
25 18 5 28
31 40 11 17
23 7 38 20
27 33 13 39
31 33 2 16
18 34 8 0
35 30 32 9
11 32 22 35
27 19 8 9
3 18 48 8
28 34 40 11
19 41 9 22
35 11 42 17
44 23 23 22
16 33 27 23
21 40 5 9
26 13 31 19
27 6 24 1
6 48 25 19
24 47 48 11
20 28 9 1
34 34 10 9
29 4 19 10
19 38 19 6
21 12 29 10
18 13 32 31
48 48 48 0
24 3 5 10
27 34 26 40
23 27 23 9
33 38 13 11
25 35 28 18
8 5 11 41
22 34 34 14
22 20 10 23
5 21 27 2
31 24 11 19
9 45 44 12
17 33 0 7
17 30 7 26
12 19 19 21
29 6 12 10
15 4 23 40
18 24 38 12
45 39 23 24
23 2 12 23
29 42 7 28
15 37 45 39
15 28 7 10
37 28 31 12
28 32 16 29
30 9 5 11
18 24 23 27
12 44 45 5
7 29 0 34
40 7 11 4
14 27 10 2
28 20 14 38
29 32 5 29
12 27 38 25
36 10 3 14
33 34 17 21
18 38 38 7
16 31 5 24
16 33 47 2
46 16 5 26
15 32 25 12
42 12 18 19
6 24 44 7
32 37 9 3
33 9 2 24
32 36 0 28
28 49 22 48
8 21 18 4
49 6 32 44
30 5 8 11
13 34 30 20
34 35 11 27
30 20 22 5
15 33 25 36
11 32 39 15
35 28 39 13
21 6 1 13
6 41 26 30
25 9 44 14
36 36 7 43
24 15 19 22
6 27 8 17
5 2 0 34
32 32 2 26
0 30 18 24
33 32 6 3
27 36 11 15
7 39 16 9
2 28 43 3
11 13 2 22
10 10 21 24
30 35 8 22
19 42 9 11
9 27 22 33
30 29 36 6
35 27 13 17
27 33 12 12
5 39 12 12
31 34 24 21
3 34 18 29
20 17 42 5
7 38 41 26
4 31 3 17
33 28 9 15
17 28 23 26
29 34 14 18
18 38 31 29
45 41 2 48
25 2 3 12
35 28 7 8
