50 326 17678 800
1 34 10 27
38 15 36 32
8 29 23 7
20 35 26 18
49 41 45 26
18 38 12 19
9 48 12 22
20 18 42 27
39 31 9 22
21 19 29 21
43 25 24 24
6 1 47 19
19 29 15 24
46 22 41 8
27 17 2 29
31 37 17 18
1 20 19 8
11 45 19 9
17 15 20 26
26 18 17 22
4 32 5 9
21 43 20 22
28 17 5 39
11 32 45 45
49 13 23 17
17 32 2 38
28 34 34 17
23 16 15 39
25 44 37 33
13 11 18 0
31 33 16 34
19 20 7 4
18 37 10 44
6 44 23 16
14 18 46 12
45 36 16 21
4 45 29 6
9 22 22 22
0 31 26 33
35 22 22 21
12 1 42 25
18 7 33 23
25 20 5 34
20 17 44 26
34 35 3 19
26 16 31 19
0 4 31 23
17 38 8 24
25 15 5 11
40 19 26 34
19 16 3 22
20 38 0 18
20 19 4 19
22 17 14 24
22 17 41 9
4 10 1 35
27 17 37 34
13 20 23 38
45 17 20 43
24 13 34 23
28 30 8 14
5 28 33 13
15 7 13 17
22 20 19 22
23 18 24 26
49 12 45 41
24 16 10 3
26 34 7 17
6 18 8 24
6 20 13 32
25 18 15 28
14 22 20 24
24 35 28 4
11 42 20 22
19 15 45 43
37 30 20 38
2 26 33 36
16 25 37 6
21 27 6 30
33 15 11 30
3 25 20 8
40 27 22 3
2 37 23 49
34 30 23 22
25 15 31 13
25 35 5 27
24 16 9 18
13 5 28 37
11 14 16 9
26 19 26 26
26 18 20 16
7 25 15 14
21 45 7 25
12 6 18 0
5 16 25 23
25 26 48 16
24 9 4 34
10 22 4 16
25 20 31 49
7 15 32 27
32 22 28 23
6 40 25 7
17 29 14 16
31 30 3 19
37 24 4 48
48 14 41 24
25 31 7 23
8 25 37 35
22 19 1 41
20 22 10 25
41 13 26 5
25 33 11 46
21 26 7 36
28 31 3 18
5 17 19 2
36 12 35 6
26 10 22 16
19 13 42 12
18 6 32 27
25 17 43 31
43 6 16 35
35 37 19 3
7 48 23 17
19 25 28 20
44 27 32 26
48 16 21 40
24 39 23 25
20 30 2 29
8 25 32 19
16 21 49 23
3 31 17 26
42 19 35 26
5 33 20 16
11 28 39 16
28 38 41 28
23 20 3 24
9 26 31 8
9 22 20 23
47 11 45 47
22 18 3 24
44 43 22 6
0 35 6 19
6 33 8 19
45 9 30 8
19 32 28 13
9 27 4 24
22 41 45 17
7 15 2 38
26 39 27 25
20 13 14 40
21 15 12 17
2 46 33 17
23 14 6 41
30 34 17 15
5 12 15 35
18 30 19 12
20 33 33 21
33 38 13 13
28 29 19 28
19 44 25 15
15 10 22 1
25 17 4 45
33 19 3 24
21 4 2 17
23 16 26 21
24 20 2 15
27 18 11 40
11 49 36 41
24 36 13 9
9 10 11 27
20 29 17 9
30 30 14 26
45 23 22 11
31 15 22 25
21 14 17 13
19 24 46 32
14 40 4 25
23 17 33 11
10 6 25 33
8 43 46 5
11 34 44 15
1 18 44 47
31 30 11 6
28 14 41 47
28 34 21 24
28 40 9 35
24 23 11 10
16 21 23 12
22 26 11 21
43 16 46 30
17 13 19 28
33 26 48 23
26 18 0 22
25 21 18 5
24 23 8 23
46 29 40 14
14 9 32 14
13 35 31 26
19 19 14 34
19 30 7 34
0 15 34 37
33 33 31 15
41 30 4 6
26 10 29 21
14 28 45 27
17 14 1 14
12 2 9 22
25 31 12 7
23 17 15 2
25 29 6 45
23 14 25 32
30 31 18 28
25 33 9 18
29 36 32 25
12 14 17 28
42 28 25 27
29 36 22 12
11 31 33 20
42 27 23 41
15 22 31 26
24 10 15 31
29 31 13 30
22 33 21 3
16 47 11 7
11 36 37 29
26 11 3 46
5 5 26 9
37 12 44 6
24 19 12 10
30 39 23 20
40 30 5 25
34 47 11 10
2 6 27 31
7 9 23 21
22 19 35 18
45 28 2 7
11 8 17 35
25 16 9 40
1 8 26 3
17 16 9 27
28 20 13 45
18 23 43 6
2 5 6 16
46 31 18 29
20 26 6 22
24 22 43 28
45 30 13 10
30 36 7 46
9 24 23 41
40 15 42 18
30 36 21 8
31 31 16 22
40 27 17 18
30 37 2 18
6 30 25 19
27 34 22 22
4 13 12 28
4 45 11 29
24 20 37 21
22 18 11 8
45 9 31 7
47 49 40 8
39 34 20 1
40 36 26 9
24 15 12 23
14 28 39 24
3 7 12 4
27 37 5 22
0 24 32 29
36 17 24 20
28 30 5 17
10 42 32 37
16 29 43 38
29 23 11 33
24 17 7 36
19 22 29 28
26 32 17 32
25 17 2 10
15 29 30 14
2 19 11 25
22 41 1 32
15 42 21 14
4 26 11 33
27 15 5 41
19 15 6 36
13 10 4 35
3 39 23 18
22 15 38 6
10 17 16 27
9 1 19 17
10 18 24 30
31 22 13 25
8 19 1 23
10 47 49 19
22 25 11 25
24 19 42 35
42 8 11 18
41 23 18 15
27 35 30 3
4 16 28 22
47 33 15 35
48 8 13 1
48 4 49 36
11 44 7 27
18 24 1 19
32 35 25 24
39 47 34 13
13 19 5 15
8 18 38 24
24 30 16 23
20 13 43 49
24 26 20 30
14 9 42 30
21 28 10 10
35 49 29 18
23 17 25 7
22 20 10 3
19 22 10 23
12 14 37 14
6 27 4 17
43 23 10 16
22 14 10 22
26 36 17 22
36 46 40 14
38 18 1 35
18 19 30 14
