50 651 14818 800
21 6 30 46
13 15 27 14
17 19 29 15
44 0 10 0
42 38 31 42
29 4 8 41
24 13 6 34
41 3 48 10
1 34 40 10
26 11 6 31
30 19 22 14
43 21 42 27
32 5 13 47
10 26 5 42
31 1 9 35
42 13 25 46
27 11 2 12
4 40 32 42
45 13 11 43
2 45 17 39
40 42 21 48
15 10 22 39
32 5 26 10
20 21 31 13
3 30 8 33
25 10 22 31
8 27 45 20
17 15 6 27
27 17 25 38
0 8 12 38
4 39 27 23
13 41 31 16
7 45 23 29
27 7 3 5
32 17 35 25
8 3 7 25
33 20 44 2
10 31 12 18
42 34 46 14
39 9 21 22
24 21 37 12
40 13 9 23
42 32 23 18
23 18 9 41
46 19 27 1
47 12 30 12
17 18 12 36
3 19 30 49
28 25 2 25
6 39 23 8
21 13 22 40
36 14 12 40
23 14 38 21
29 3 44 18
34 15 6 37
42 14 1 38
2 43 24 18
1 4 45 46
3 5 4 42
24 37 32 10
34 12 21 21
6 39 31 2
27 34 3 46
20 24 16 13
10 33 26 2
5 15 35 9
4 46 34 30
8 43 43 12
10 17 23 44
9 6 22 27
4 45 43 19
29 25 32 49
32 16 3 31
34 34 39 4
25 6 24 16
42 35 0 32
43 16 3 36
38 12 35 35
31 17 35 37
44 19 15 40
27 36 23 42
37 29 4 35
40 1 4 42
38 27 13 7
24 1 31 40
2 47 13 20
37 7 8 23
1 15 42 42
32 27 26 36
36 21 24 2
37 39 43 19
37 26 12 31
49 15 40 34
36 20 19 24
48 25 6 29
42 0 18 23
31 9 24 28
29 3 4 35
29 14 45 5
47 41 35 33
7 31 35 29
5 23 42 15
33 13 13 34
34 26 8 36
1 0 13 23
38 4 5 3
41 6 38 14
5 24 5 36
39 12 14 45
38 5 21 42
32 5 8 19
10 46 41 27
22 49 25 4
32 19 26 11
18 9 1 48
7 17 32 15
42 34 40 17
3 17 7 42
8 9 7 43
6 43 47 3
11 45 20 25
35 15 10 37
25 24 25 17
27 26 37 1
31 12 31 0
21 25 24 42
33 48 38 6
33 20 47 41
39 28 31 13
36 5 23 22
34 7 13 38
23 28 9 22
3 47 37 14
14 3 2 23
44 10 34 23
36 14 17 21
10 36 10 29
34 18 18 26
46 22 16 23
27 17 37 49
42 13 5 41
24 42 13 26
43 19 0 39
33 40 32 44
36 16 20 47
46 9 38 39
5 49 22 4
38 23 24 22
39 13 46 22
9 39 28 36
21 3 13 42
40 0 34 39
34 9 9 14
48 20 17 27
45 5 15 30
5 12 7 38
29 17 38 31
48 15 3 22
14 11 6 25
15 11 8 43
21 25 39 10
7 37 27 6
5 13 22 17
40 38 27 41
0 22 8 35
3 25 47 31
19 16 26 20
19 12 26 5
9 23 48 9
21 32 11 38
36 30 37 23
30 6 37 48
27 47 15 21
11 6 24 37
33 2 23 40
28 8 4 41
8 12 29 36
28 11 20 18
30 14 31 4
13 5 8 43
3 14 28 46
29 1 30 40
26 9 27 24
1 11 32 2
47 14 33 8
47 12 31 14
27 16 7 38
6 1 33 37
39 25 29 42
31 12 46 11
35 12 15 27
5 49 11 32
28 36 3 46
39 17 36 45
45 4 9 34
10 21 26 45
31 0 44 28
27 11 16 35
42 10 38 3
34 27 13 26
16 20 42 13
30 12 7 25
27 18 4 46
42 34 34 10
43 20 17 29
0 35 10 17
28 32 18 5
43 16 37 12
36 16 41 15
27 30 5 30
42 30 43 12
0 48 48 23
8 1 26 39
46 45 39 41
7 13 27 46
11 13 38 8
7 14 18 48
10 45 34 30
12 18 19 18
21 6 1 48
45 20 21 24
42 7 22 46
47 11 28 9
32 12 33 47
35 20 29 27
10 16 16 33
42 7 37 20
35 44 31 3
2 45 29 42
48 3 17 5
12 42 38 12
22 2 46 18
9 5 6 35
39 20 39 5
23 45 38 10
46 7 7 19
1 28 46 12
28 7 42 24
36 18 13 23
29 18 15 37
21 14 11 45
38 26 43 38
6 6 21 22
1 14 49 20
44 30 7 32
31 40 35 9
10 24 38 8
13 11 9 38
3 31 37 5
6 45 25 7
37 29 11 46
25 19 36 16
12 23 34 2
42 2 4 16
20 10 15 44
40 18 10 11
18 10 19 42
38 4 35 38
19 18 23 44
34 12 17 18
0 44 17 32
6 44 1 45
45 19 32 39
41 17 49 7
48 13 9 47
45 34 33 36
39 39 19 40
42 39 34 11
30 11 5 39
28 5 44 12
11 1 6 44
32 34 26 2
31 20 43 27
23 17 40 15
37 11 13 39
43 21 22 47
29 26 20 16
35 7 34 2
39 20 29 18
44 12 18 23
4 19 25 10
40 15 2 42
42 8 14 26
38 10 12 30
17 18 35 10
7 21 30 39
34 9 21 19
35 16 27 18
29 11 21 45
19 10 28 20
48 25 42 7
32 16 11 40
34 17 23 21
37 19 46 0
25 20 19 41
3 42 2 30
11 15 27 42
40 15 32 48
18 30 25 43
39 24 42 4
3 28 28 44
1 37 26 31
8 30 38 11
48 37 31 13
39 19 26 41
22 17 9 38
30 11 5 31
49 24 35 43
30 19 2 34
49 33 31 45
21 14 43 16
0 41 35 8
0 0 6 22
40 31 6 26
44 31 39 44
18 6 0 37
4 30 10 7
35 38 27 17
30 7 29 21
35 5 32 39
6 37 24 27
24 11 21 14
37 7 21 16
19 23 28 13
13 35 21 28
28 16 1 44
4 18 9 38
47 14 44 39
39 5 33 42
36 1 38 5
2 29 26 2
3 43 21 18
0 16 18 17
40 8 10 27
6 28 26 41
4 12 23 46
26 25 0 43
31 12 4 36
31 8 18 48
44 20 5 13
37 47 37 39
1 35 27 21
46 30 19 19
31 20 17 25
32 18 39 41
24 25 9 35
35 36 18 24
19 15 27 40
22 10 32 8
33 4 9 45
36 30 19 25
7 43 1 37
22 11 23 15
38 8 7 40
8 4 5 43
45 11 34 12
37 38 2 45
32 8 33 39
29 20 0 43
19 9 2 48
11 17 45 9
27 9 9 42
47 17 9 23
29 27 24 20
7 46 26 49
32 14 22 17
6 40 24 22
40 28 6 36
26 12 21 11
41 37 33 43
4 14 38 43
32 15 23 19
5 40 3 20
8 46 3 35
48 35 33 47
0 49 25 35
8 45 8 13
8 47 29 23
35 8 20 21
28 30 16 30
31 10 38 17
35 38 13 41
13 40 10 38
33 8 18 48
29 14 15 25
9 29 11 38
17 24 18 16
37 12 45 17
35 43 16 16
1 19 7 42
49 23 29 15
5 28 45 6
32 13 9 41
22 25 35 18
26 13 21 31
26 14 18 47
26 17 6 29
29 34 37 18
29 13 11 33
26 21 10 37
43 14 31 14
37 8 17 15
45 4 20 43
44 8 47 37
36 20 41 18
34 23 11 29
14 36 22 39
38 11 44 18
5 23 15 41
12 24 6 37
28 14 8 10
41 14 44 47
6 8 40 12
32 18 21 5
39 38 18 14
48 3 3 25
35 15 24 23
45 8 28 47
26 23 11 38
17 6 45 44
41 8 18 20
47 2 28 45
3 10 2 45
42 18 9 0
14 5 4 37
29 5 40 31
46 8 23 27
34 11 5 37
31 32 27 44
6 32 17 16
40 33 5 31
42 25 19 29
13 42 7 32
0 11 26 4
0 35 3 45
19 31 7 44
27 5 22 26
32 42 30 27
15 7 3 21
22 43 47 15
42 20 16 30
43 0 37 41
14 32 35 37
45 16 13 40
4 18 7 25
6 23 37 13
3 12 26 22
44 3 27 44
2 8 5 33
11 15 24 5
37 17 13 42
16 16 10 7
7 13 3 42
38 36 13 34
32 10 29 30
3 15 15 20
37 3 11 26
31 20 5 39
26 25 23 27
37 15 46 10
38 22 25 44
38 20 27 27
33 20 4 44
27 8 40 19
7 48 9 45
14 20 19 22
32 12 11 11
41 21 32 41
4 3 28 0
39 7 27 19
12 14 45 10
31 36 36 38
41 18 43 3
27 11 23 41
29 9 13 40
37 17 29 37
39 20 35 37
27 2 15 36
7 38 35 22
32 23 13 34
41 32 31 36
37 12 26 9
29 31 21 23
12 29 43 11
32 0 28 21
26 2 42 37
33 31 35 46
1 18 27 28
25 5 0 22
9 26 24 17
36 14 28 48
31 12 10 28
4 42 46 0
46 7 29 45
14 28 43 9
3 13 14 22
0 48 17 45
37 14 18 22
18 23 24 26
6 27 12 39
21 19 15 5
30 2 36 31
9 37 38 15
37 38 46 7
34 25 8 36
38 44 34 7
33 12 15 29
0 5 21 39
0 48 47 31
28 9 20 35
32 11 5 38
27 5 22 24
29 13 6 25
22 8 35 9
34 33 22 12
46 11 28 46
44 19 31 42
34 14 40 45
26 8 10 36
32 44 26 24
45 18 23 23
24 15 28 35
37 6 20 47
6 49 24 43
35 32 26 31
23 8 23 16
33 7 9 43
8 24 17 23
40 0 18 47
40 21 28 24
39 39 25 13
0 36 31 19
36 5 4 41
27 22 14 26
34 37 33 12
22 21 9 5
34 26 37 32
39 11 25 28
10 41 21 23
34 41 25 46
5 6 21 23
11 23 33 41
41 13 29 15
31 10 45 16
33 14 20 18
3 47 3 37
45 7 5 34
10 10 9 15
41 4 29 44
31 10 6 46
8 19 11 46
35 14 29 38
36 11 18 9
12 48 23 16
20 39 46 6
5 12 10 40
7 4 28 47
2 49 16 33
13 9 23 49
38 23 34 21
22 11 4 34
5 28 1 21
44 1 7 41
21 22 42 15
1 44 30 3
43 10 21 22
37 9 21 36
43 3 1 11
28 19 20 18
25 10 12 48
28 12 23 21
11 23 9 41
13 24 41 2
40 13 11 33
41 28 45 40
2 34 46 12
34 9 35 43
27 8 20 28
41 38 28 37
32 13 40 48
3 14 7 17
1 40 33 34
20 3 2 47
36 7 25 21
3 34 1 39
17 14 21 19
35 6 2 42
42 27 42 8
25 46 7 34
0 30 9 26
9 47 32 14
23 1 8 39
43 35 48 26
4 46 19 49
20 20 29 33
33 8 41 47
32 8 22 10
46 15 20 44
13 16 33 47
5 49 28 16
41 14 10 23
18 13 20 19
31 12 13 9
19 4 12 27
25 15 4 37
3 38 25 46
42 16 9 41
4 13 40 5
3 42 14 42
9 8 12 32
42 6 28 49
2 49 18 19
44 28 39 40
39 35 41 14
13 30 21 2
34 18 10 17
6 14 14 9
20 14 36 23
30 7 16 8
36 16 41 43
36 12 26 42
47 5 20 44
30 11 34 5
2 29 11 32
34 38 46 20
34 3 48 32
39 6 32 29
15 18 3 17
34 28 36 25
32 39 48 42
30 9 43 9
35 16 2 22
14 30 10 39
6 23 22 39
44 17 25 3
1 47 4 33
33 15 41 3
35 13 36 23
38 43 9 40
31 11 37 46
32 19 12 36
30 23 41 47
28 41 43 49
17 10 41 22
47 20 22 39
33 11 40 1
36 23 14 35
26 11 39 4
28 46 26 42
42 32 29 36
38 7 6 43
