50 1335 14029 800
1 29 46 12
25 30 29 27
6 9 45 26
19 16 34 29
44 44 15 20
28 10 1 40
36 6 18 18
9 11 5 47
39 45 11 36
38 44 24 12
35 6 34 26
3 26 8 43
12 0 20 19
43 28 8 48
37 11 8 47
44 44 31 17
46 41 30 26
31 46 16 31
27 37 11 2
29 5 27 35
49 37 10 48
4 18 37 49
25 20 17 6
7 21 19 35
38 48 27 30
31 19 6 24
33 25 15 16
28 8 33 19
15 25 6 46
2 21 6 46
17 13 20 20
8 40 14 33
16 37 6 46
31 21 28 28
11 25 28 16
1 23 43 28
43 40 9 48
47 0 38 47
35 48 7 41
32 14 21 36
22 29 0 33
42 42 13 8
25 11 4 46
29 39 10 45
48 45 30 19
40 46 11 49
38 45 31 23
16 28 43 38
3 23 48 24
2 13 8 48
14 18 45 20
44 7 16 43
44 45 4 49
23 19 34 18
34 1 24 30
11 15 14 9
1 30 34 46
23 16 10 14
40 48 36 22
26 33 31 48
45 2 4 48
35 47 24 7
45 17 19 9
31 3 44 15
28 32 20 6
38 46 12 46
41 45 28 24
31 8 36 18
38 22 8 47
29 16 39 22
36 14 44 13
31 36 5 8
39 7 29 24
0 4 44 20
41 46 43 35
23 25 46 1
36 46 14 23
17 30 27 18
47 38 5 44
42 42 44 24
15 13 12 9
21 19 22 41
12 26 5 41
1 16 7 8
24 25 10 18
0 6 39 2
38 48 34 24
20 24 29 21
23 14 7 45
28 42 20 33
6 33 32 8
30 41 15 43
41 38 8 46
28 9 10 46
38 46 5 41
42 37 7 43
42 15 14 34
42 42 9 6
25 17 32 16
44 41 19 30
6 29 11 44
24 22 22 9
14 21 12 46
38 42 30 46
17 1 23 30
39 43 17 21
37 43 37 6
45 36 6 24
3 26 5 2
42 32 36 15
34 12 7 48
15 34 36 41
48 7 23 8
12 31 6 46
38 45 18 23
21 32 33 33
31 13 25 15
3 12 17 32
24 13 22 21
35 44 22 27
20 24 35 11
44 42 46 13
24 25 35 26
40 36 30 2
6 22 22 44
22 10 4 19
1 27 12 47
23 27 28 26
24 18 1 32
7 11 11 40
40 39 28 19
6 21 25 24
30 6 22 34
39 43 9 44
21 29 42 20
41 49 7 47
27 12 48 34
38 43 19 1
5 12 10 44
35 6 8 46
9 13 41 39
40 33 9 30
26 24 6 46
15 18 15 25
42 32 34 9
40 48 27 31
37 43 32 16
9 16 24 41
41 48 25 13
26 31 8 46
7 13 17 16
22 23 46 25
4 26 2 34
25 25 9 32
12 24 8 26
7 18 37 25
34 16 47 22
44 47 2 0
43 49 36 19
24 30 32 14
42 45 26 25
45 33 40 26
14 10 17 16
39 45 36 27
34 49 39 31
16 21 12 46
48 32 18 18
31 20 14 33
38 7 49 17
31 43 26 2
31 10 28 38
26 16 7 49
41 46 38 20
37 18 24 27
27 20 24 4
32 12 6 32
41 37 37 19
12 3 5 41
33 12 37 32
30 13 29 19
46 36 34 17
33 40 8 17
27 45 32 20
13 35 26 7
20 21 25 8
4 13 41 21
15 19 20 5
38 3 28 32
43 47 42 9
33 46 19 23
40 45 27 27
22 24 20 34
45 49 37 24
5 22 40 39
18 9 41 34
43 48 37 24
31 3 31 49
11 20 39 17
33 49 43 17
47 33 12 15
8 11 6 45
37 34 23 21
31 7 34 26
47 45 27 42
0 25 8 45
28 26 25 28
6 26 41 26
19 11 22 40
39 48 25 20
1 1 38 24
39 48 35 11
19 25 16 43
6 36 35 13
46 18 20 26
20 1 7 31
8 27 20 10
29 11 37 38
33 10 11 46
3 16 31 13
43 43 21 21
42 48 6 43
41 45 16 19
41 40 12 25
42 19 35 30
13 8 21 19
38 13 11 6
23 25 4 43
42 34 12 26
48 13 19 10
46 31 14 6
32 17 8 47
26 34 9 47
37 7 19 22
39 43 17 3
36 6 27 16
32 39 43 10
10 31 43 37
7 20 6 46
4 13 26 25
8 25 17 36
14 32 39 16
22 17 43 10
25 20 41 33
20 18 29 24
3 35 32 27
12 18 5 47
30 23 7 33
28 25 17 10
43 34 4 38
1 6 43 24
27 23 5 46
32 8 42 39
2 21 8 42
29 23 31 0
8 39 33 39
32 43 22 38
41 33 46 19
39 46 26 36
25 36 27 45
47 40 21 17
33 38 36 15
24 18 6 43
38 46 11 49
36 8 4 43
24 15 30 27
33 11 24 32
9 27 6 42
24 19 19 16
33 6 9 47
38 43 11 2
14 7 27 25
20 10 4 46
12 3 38 5
23 24 19 22
2 32 8 43
0 22 6 46
17 10 28 44
36 46 28 5
33 14 15 26
13 17 28 33
31 3 9 43
31 18 23 9
4 27 5 47
11 1 22 27
26 21 6 41
40 48 39 17
39 47 9 45
40 41 13 0
18 5 22 22
30 48 18 7
34 7 22 7
20 12 8 44
38 46 11 19
19 32 6 45
19 21 17 3
49 35 15 40
19 15 42 18
16 12 10 43
13 28 31 13
5 30 32 1
8 5 13 28
49 39 23 28
13 14 2 46
8 26 26 31
6 16 24 26
24 20 33 14
42 4 7 38
13 1 7 41
5 24 19 26
21 1 42 26
44 45 5 39
3 4 21 26
32 34 16 33
25 13 33 20
19 15 8 43
23 30 24 4
40 43 42 14
28 5 30 28
35 40 26 39
13 21 6 47
41 47 7 43
47 32 9 46
8 29 10 45
36 35 20 32
25 38 44 29
43 33 13 17
16 22 36 20
24 22 48 14
37 43 9 20
10 18 14 26
19 12 42 5
14 24 34 15
1 11 33 34
16 21 37 21
21 23 15 13
6 12 28 9
36 49 27 20
24 14 32 29
20 23 27 34
20 2 12 11
41 46 35 20
47 43 28 8
26 20 12 15
23 15 7 45
12 14 27 30
19 21 7 12
34 1 10 49
12 16 26 23
1 1 21 3
36 49 49 18
45 43 42 38
20 23 9 48
11 24 19 29
35 12 32 33
9 38 38 19
3 21 13 19
27 16 7 45
26 9 13 33
2 17 32 36
39 43 31 12
24 16 9 25
45 43 39 24
9 5 49 22
1 13 33 14
18 14 31 31
48 32 13 21
43 41 41 9
33 7 13 14
34 33 16 30
26 1 39 41
12 31 38 28
10 12 26 40
36 4 39 17
7 25 8 4
34 10 7 42
42 48 8 43
28 13 15 33
22 43 3 43
9 30 12 9
45 37 6 43
26 37 37 17
48 39 38 24
39 10 20 46
13 13 7 46
39 43 32 26
14 3 27 10
12 17 23 17
42 35 37 32
41 39 40 22
46 45 9 48
8 18 5 39
35 8 11 25
6 17 26 42
49 38 23 36
15 17 47 21
24 20 7 23
47 39 25 7
43 22 12 43
19 14 6 49
4 34 39 29
37 7 11 11
34 45 17 35
8 13 41 23
29 9 12 32
42 35 7 44
30 8 15 19
14 14 6 31
12 8 31 7
8 27 36 8
30 13 7 44
30 3 7 46
26 22 37 24
14 25 15 30
49 21 18 9
38 19 28 8
49 40 32 31
33 13 12 26
38 42 12 47
37 47 9 48
27 26 35 13
5 22 26 19
10 16 35 22
37 7 5 5
38 43 48 26
30 6 8 47
10 11 30 49
46 38 15 22
44 48 34 12
12 0 3 11
35 9 22 25
48 39 10 43
47 40 1 44
19 15 24 48
19 29 9 46
28 5 28 17
33 22 26 27
29 5 20 42
27 31 42 11
8 8 33 4
14 20 46 32
31 4 47 33
31 35 33 26
43 36 40 17
27 2 31 36
18 23 4 47
13 23 26 26
15 24 9 8
15 32 33 14
37 45 33 33
28 22 38 7
25 8 13 6
44 32 22 39
45 32 34 22
30 11 8 24
41 41 21 18
34 1 10 48
19 22 24 29
19 23 22 16
14 22 8 48
20 9 13 17
1 14 22 45
33 8 0 17
6 33 44 26
41 41 21 34
32 16 0 22
31 13 15 13
45 43 22 6
16 26 30 34
28 23 43 10
40 47 34 23
37 45 6 48
45 47 21 45
13 44 15 16
21 34 20 18
48 36 45 16
33 15 34 33
26 13 32 14
11 41 28 34
48 31 31 20
24 40 38 9
43 2 9 31
5 2 47 16
47 20 18 32
44 44 36 14
4 21 30 9
28 26 44 26
31 6 31 28
43 44 33 14
25 16 19 13
11 26 8 43
23 17 41 32
41 43 49 26
37 42 27 20
4 17 7 37
38 1 32 28
30 5 40 34
31 2 21 10
35 45 43 37
34 9 8 44
20 13 16 4
26 31 18 31
42 38 48 31
20 29 32 16
27 8 20 11
37 31 31 24
40 34 7 42
44 30 26 7
28 17 4 43
26 17 37 16
18 15 7 47
42 41 3 2
28 11 7 49
9 17 13 22
38 44 47 16
33 9 7 45
17 9 9 46
32 8 26 31
43 49 40 29
11 22 3 6
44 38 21 24
7 15 37 42
36 15 45 10
25 1 26 49
6 8 15 25
33 20 25 37
7 14 19 36
48 10 24 37
14 21 32 19
2 19 10 39
46 48 7 30
13 20 7 31
2 26 2 39
24 43 10 34
26 13 30 11
40 47 44 13
25 6 27 37
40 46 9 45
22 28 26 27
44 43 3 48
30 19 40 21
47 40 28 23
28 15 4 44
18 23 11 45
14 18 11 41
41 20 40 32
41 12 8 45
43 42 7 45
39 33 26 18
21 1 17 27
22 13 1 11
23 17 5 40
45 45 12 26
36 3 5 47
32 7 29 33
47 47 25 39
38 23 22 39
12 7 26 40
36 4 46 28
7 17 18 16
7 30 21 15
42 47 5 21
43 46 39 25
48 40 41 32
11 25 32 31
2 14 21 18
38 43 32 48
42 45 38 2
37 36 40 17
28 25 14 32
25 11 46 8
6 18 28 35
17 21 21 3
40 46 25 24
16 16 28 19
38 44 25 14
29 25 5 45
2 11 6 47
21 43 38 32
30 15 39 46
13 25 9 12
20 11 16 46
6 21 18 24
3 29 10 49
21 15 48 19
39 47 3 43
10 36 13 16
41 45 31 35
12 12 8 13
29 44 36 46
15 16 16 32
11 15 45 14
15 15 37 29
26 27 38 24
31 12 45 11
22 22 13 13
34 7 22 38
38 39 14 7
17 4 5 38
29 13 6 46
49 44 16 23
30 25 36 27
39 5 29 26
41 45 12 31
6 10 21 7
45 43 7 46
11 15 18 28
41 46 6 7
13 29 37 9
42 40 8 47
21 17 33 24
36 16 31 28
14 9 32 21
39 45 7 45
24 3 8 10
7 31 36 23
39 42 49 18
33 10 7 12
19 13 18 32
40 6 32 39
24 28 17 14
22 8 6 23
1 13 13 28
28 29 3 32
39 48 25 29
17 36 34 14
37 30 8 43
0 17 27 3
23 8 48 21
45 38 32 27
31 22 33 27
26 3 48 37
10 39 16 40
39 46 8 48
17 20 46 17
25 19 33 31
47 34 31 34
39 44 30 25
39 4 6 47
31 2 7 17
27 26 38 38
19 35 6 45
42 42 26 25
7 10 40 15
33 35 14 12
44 33 42 37
20 14 39 36
13 19 3 47
24 15 24 21
22 31 30 46
41 44 6 46
18 26 6 45
17 29 34 46
22 15 34 26
28 18 14 47
48 32 16 37
31 17 4 45
5 14 5 49
37 44 24 26
15 15 6 43
39 47 7 46
15 49 20 36
49 32 29 34
39 21 16 28
29 19 25 41
21 17 23 33
33 5 24 26
28 4 9 44
18 14 23 30
37 42 32 33
36 48 32 22
9 7 10 49
46 0 47 8
16 11 22 7
40 44 21 44
25 37 18 11
16 16 19 31
19 26 19 16
30 32 31 47
45 46 6 45
14 15 30 5
46 39 35 10
17 21 32 20
20 29 5 49
26 29 20 10
42 32 6 14
21 17 10 46
13 28 24 10
12 32 10 44
7 9 45 29
16 12 19 28
33 8 6 45
34 5 17 24
41 35 26 17
43 38 24 11
40 47 8 45
36 43 6 30
24 14 8 44
7 31 31 24
37 10 21 20
26 33 32 32
39 47 3 46
20 27 7 45
7 19 5 46
25 17 31 35
38 3 20 28
13 14 25 25
20 22 22 38
44 33 14 4
17 8 36 14
5 12 8 43
24 12 38 23
23 21 4 49
1 2 42 8
39 39 15 40
42 26 24 34
33 46 42 7
15 21 30 27
8 20 5 30
7 2 39 38
27 16 39 38
20 41 21 4
29 31 46 15
41 44 30 15
35 10 39 20
23 12 11 27
11 20 13 34
36 7 18 15
23 0 45 35
7 20 42 32
1 2 6 47
29 21 10 46
29 28 4 45
36 8 30 39
38 47 20 21
19 28 39 28
31 11 27 26
31 4 18 5
15 24 20 31
8 9 5 49
25 5 26 34
30 15 35 20
46 48 42 17
18 0 18 38
9 8 5 43
26 13 6 41
36 45 10 17
22 18 14 7
20 10 42 12
6 15 20 39
15 39 6 1
5 20 36 39
47 41 8 45
17 16 9 1
4 12 27 8
38 5 21 3
19 31 36 23
36 11 47 29
23 26 5 47
48 44 16 13
35 42 44 14
43 42 34 49
18 23 8 44
32 2 6 11
11 34 35 22
16 18 29 14
46 44 20 10
11 15 12 4
36 43 23 26
40 46 21 26
28 11 10 46
41 34 20 23
19 20 20 38
25 15 7 43
32 2 13 28
41 45 24 13
15 24 34 47
40 45 7 45
24 34 21 26
21 20 18 48
44 32 6 33
34 5 32 8
14 10 15 28
27 27 13 37
22 21 29 39
18 14 3 34
23 24 26 41
15 8 31 21
40 34 5 44
14 21 12 48
41 44 21 30
15 11 39 18
22 28 24 41
37 20 27 34
30 15 4 44
16 17 31 7
34 0 24 1
9 15 14 19
23 19 6 44
15 30 9 20
38 43 32 25
16 27 29 20
15 24 6 45
47 39 16 3
18 19 39 31
30 18 24 11
10 31 25 18
32 39 8 46
33 9 21 33
7 14 8 26
15 18 30 29
38 39 8 46
15 7 9 40
9 8 18 5
42 7 2 29
4 18 44 46
0 26 34 14
30 40 9 45
31 17 4 48
39 28 18 19
34 24 28 26
10 22 8 11
36 44 36 11
14 12 47 19
14 5 25 46
46 30 33 16
12 13 4 45
19 36 15 11
37 7 35 25
14 14 32 16
42 46 41 21
46 32 27 9
7 29 28 36
23 11 48 24
26 31 20 32
26 17 6 45
21 27 41 48
12 14 19 18
36 24 16 4
18 17 31 38
44 40 29 43
14 31 18 26
22 25 49 35
44 44 34 12
11 28 32 27
7 22 24 6
11 26 23 41
20 19 13 3
40 48 3 45
38 36 5 31
29 8 21 32
44 43 31 20
3 16 34 26
40 1 8 12
23 16 47 17
18 17 18 30
13 22 18 32
29 18 16 48
39 47 28 14
28 8 4 49
39 45 22 25
45 42 3 47
23 34 44 14
40 46 32 43
19 4 23 46
16 6 30 20
16 20 13 48
16 49 33 26
6 12 31 20
6 13 11 38
5 39 36 27
29 15 21 4
0 15 32 24
30 37 7 45
11 21 34 29
18 7 33 16
37 43 7 45
47 36 27 16
12 13 12 19
39 45 7 46
42 45 10 21
29 15 6 48
3 35 27 19
16 22 21 14
0 17 39 48
22 7 21 12
30 4 37 9
41 40 23 18
1 19 5 4
19 16 19 42
43 39 26 26
21 16 5 18
27 7 37 20
3 41 10 29
33 11 7 47
28 28 12 30
43 33 18 17
32 2 9 45
31 36 44 22
43 35 13 17
36 46 1 33
8 2 23 4
4 13 9 46
7 21 41 6
26 11 42 15
19 17 37 37
39 46 8 46
25 7 13 41
6 12 6 36
30 0 26 15
18 13 23 27
48 44 32 46
36 7 25 18
37 41 33 44
18 7 14 10
11 11 9 24
16 2 35 35
41 19 16 13
12 21 14 11
33 3 11 11
40 41 49 49
17 18 27 19
30 20 30 8
32 32 33 45
29 30 21 1
12 8 42 37
44 10 30 40
40 45 8 42
15 23 42 19
43 46 34 33
25 16 43 24
2 14 22 29
37 44 10 48
11 23 34 1
27 17 9 25
8 24 38 8
27 20 16 10
31 1 27 14
39 40 12 46
39 45 34 43
38 49 35 18
44 39 8 37
39 27 16 37
29 24 13 28
33 13 28 13
22 11 38 24
30 46 34 8
40 43 25 31
25 27 17 9
28 7 9 48
49 46 19 45
28 13 3 45
42 40 9 48
49 34 19 28
24 46 34 15
13 16 5 46
40 42 23 17
10 20 30 44
33 9 12 6
40 49 22 20
41 34 6 48
29 15 20 7
18 30 7 48
48 41 37 18
18 28 24 29
28 39 34 31
10 14 20 36
29 5 8 5
23 20 23 14
15 5 34 28
5 31 23 43
9 16 37 26
5 19 8 43
23 23 18 30
42 38 26 23
27 18 33 8
2 18 15 1
40 39 15 4
30 37 29 16
40 47 32 19
16 6 8 17
31 35 24 33
32 1 31 47
20 23 5 49
47 39 34 19
31 4 9 45
7 23 40 5
6 12 46 31
36 9 32 14
7 13 34 18
22 16 16 25
16 34 13 47
8 16 12 43
9 21 43 10
35 12 18 13
30 5 38 42
16 25 47 35
20 8 26 19
31 47 7 47
6 30 42 26
39 39 30 47
33 14 5 45
8 22 10 46
30 15 13 22
39 41 29 22
47 49 12 44
18 25 21 40
48 48 25 15
37 43 32 29
29 8 4 48
48 37 13 30
18 25 16 6
22 16 39 25
13 5 24 29
38 45 22 24
35 28 10 22
35 19 7 45
6 39 10 25
22 28 32 11
27 0 14 31
23 17 32 16
15 13 9 8
12 11 29 39
26 25 35 21
25 29 23 26
6 8 31 17
10 28 35 30
2 2 36 13
7 9 10 47
19 19 37 8
0 23 22 10
45 40 31 14
48 32 5 45
29 24 7 43
45 45 0 49
34 34 28 14
24 22 12 3
35 0 8 43
16 7 18 30
28 19 30 29
15 3 34 7
19 8 18 18
42 33 48 10
47 12 33 17
34 4 48 26
7 24 12 9
17 20 6 47
1 25 34 46
11 11 18 12
29 11 33 48
24 34 10 46
9 27 29 23
24 39 33 42
0 5 36 19
32 37 28 43
40 46 32 2
14 15 39 26
24 15 11 47
29 25 13 15
48 33 12 38
31 32 2 11
19 10 11 33
14 19 44 38
42 43 38 13
27 20 46 23
34 6 44 19
8 14 26 30
49 34 41 24
46 32 34 14
28 34 30 19
0 36 20 7
19 13 22 2
44 5 40 12
11 9 13 49
13 5 8 11
25 49 22 0
40 11 15 38
22 3 35 22
44 44 17 30
28 17 39 0
46 10 30 32
36 13 1 44
17 24 10 7
45 44 7 21
12 12 33 26
40 49 30 38
42 28 35 24
28 9 43 1
40 44 2 47
13 16 34 34
20 37 20 22
7 19 27 13
5 12 16 44
41 28 37 31
45 34 32 13
27 16 39 7
43 3 40 41
33 33 6 49
16 8 40 41
35 10 3 45
34 3 9 19
20 13 19 31
42 39 10 17
33 45 34 37
36 14 29 36
10 17 36 23
6 21 29 30
18 13 31 47
3 36 12 6
21 27 31 21
44 49 31 29
20 20 23 40
16 16 7 29
18 11 8 47
26 0 20 38
0 21 41 24
13 26 23 35
23 17 44 0
17 12 18 34
14 38 7 18
10 11 5 15
3 17 39 11
27 17 26 43
32 20 2 20
21 17 17 27
34 26 38 40
26 30 41 44
20 4 35 38
25 23 28 30
8 6 7 46
44 37 27 33
22 16 15 15
40 45 22 31
39 31 5 44
40 43 25 30
8 10 3 46
35 2 18 18
2 10 12 42
17 7 22 19
10 0 46 8
32 28 5 46
16 33 9 47
29 19 42 29
49 34 29 34
39 39 21 15
19 4 44 27
49 33 17 29
23 22 16 23
39 17 25 44
16 13 3 30
48 8 29 28
19 8 40 28
29 32 39 20
42 41 34 24
16 36 36 20
40 45 11 44
42 44 38 33
13 32 27 8
34 39 27 30
22 14 20 1
27 34 7 47
35 24 27 30
20 16 27 29
0 23 11 30
21 15 7 45
30 25 9 30
18 14 6 45
14 5 17 14
38 38 6 46
41 43 33 11
17 26 37 3
36 47 9 42
20 30 11 47
38 32 23 39
27 21 12 31
33 10 20 13
29 28 25 19
5 13 16 43
44 48 18 6
35 44 25 12
4 23 0 32
15 11 31 40
33 19 19 5
31 29 9 13
32 4 16 16
12 31 14 6
5 9 7 45
33 3 26 29
33 17 38 28
28 24 16 36
44 47 24 25
41 48 16 45
21 23 14 15
41 41 26 29
32 7 11 31
2 9 10 43
25 15 40 39
39 19 12 22
23 19 10 49
47 30 47 15
16 5 28 15
30 1 49 12
49 42 8 44
35 37 16 21
14 23 6 26
22 5 8 47
9 22 34 16
39 36 11 42
31 33 19 7
14 25 38 18
35 9 36 48
16 15 43 9
15 9 9 49
27 22 40 17
13 16 48 12
31 9 16 7
8 34 9 43
38 1 21 27
17 17 32 24
18 16 5 31
12 16 5 44
26 13 37 41
0 1 9 47
35 19 5 12
14 28 23 20
22 17 20 26
37 36 42 25
23 17 9 45
44 46 12 6
18 17 30 16
18 20 14 41
21 18 47 10
40 43 16 33
37 39 44 41
12 10 4 49
41 45 9 45
11 3 22 5
16 21 6 46
32 44 47 19
12 30 24 16
21 20 34 21
0 11 8 48
17 15 5 43
38 44 11 19
22 13 26 46
23 8 40 14
8 24 10 47
32 6 10 5
39 38 27 36
39 42 35 24
46 46 21 26
6 23 27 13
26 11 8 20
29 16 43 30
14 39 14 29
43 42 17 37
8 15 49 17
35 9 24 15
42 8 31 6
14 5 19 9
39 48 40 36
31 3 24 48
45 1 8 49
32 12 23 7
41 44 3 25
10 28 8 47
40 47 44 22
18 7 35 3
35 6 15 30
44 39 37 16
5 30 13 45
27 18 35 25
37 0 31 18
13 11 31 35
35 47 4 47
18 18 6 47
15 23 15 1
35 23 42 4
45 34 10 15
17 19 25 12
36 14 23 15
6 16 49 21
38 47 35 20
29 10 34 49
2 19 9 45
19 43 21 11
40 40 17 13
0 26 27 46
33 46 5 44
26 1 25 20
24 5 12 40
34 28 13 47
47 36 3 48
23 12 42 38
41 42 25 16
42 17 33 39
32 6 5 30
41 29 35 35
26 10 6 48
40 45 30 24
33 16 14 29
25 21 45 21
4 37 10 15
45 43 22 31
8 25 7 46
5 17 16 41
2 10 12 25
43 48 15 0
46 46 7 47
38 46 24 25
1 27 5 45
15 14 45 20
35 44 4 43
35 42 39 29
33 11 20 4
0 16 30 21
41 45 24 20
0 42 31 27
26 12 6 44
34 46 40 23
23 38 21 43
21 0 31 48
18 30 19 44
17 21 14 10
49 41 8 46
18 10 20 5
41 47 37 33
11 24 25 22
42 46 31 16
38 12 35 28
41 46 28 15
7 22 19 21
11 29 29 11
7 16 39 18
13 12 27 15
35 47 26 34
