50 1292 17093 800
22 9 12 31
25 7 47 35
24 41 40 26
26 9 38 44
7 5 42 33
6 30 44 45
16 39 17 31
18 37 11 0
23 48 22 26
21 11 5 4
19 30 7 23
22 38 34 41
25 11 29 44
8 7 34 19
24 43 39 44
17 37 40 1
12 41 33 36
29 0 24 28
7 6 39 30
17 42 31 25
30 41 40 45
24 8 39 34
46 24 5 49
5 37 9 34
5 38 38 26
13 11 34 43
3 17 5 20
21 12 10 25
10 9 41 39
5 4 30 41
12 27 42 45
15 44 30 19
22 38 26 1
11 4 35 44
17 32 36 20
23 42 35 18
6 17 46 23
25 1 49 23
5 9 49 36
20 45 0 32
12 43 42 19
22 40 43 31
21 4 48 30
19 6 7 23
23 48 17 47
20 14 46 18
16 37 12 13
21 2 3 45
44 28 45 48
33 15 5 23
11 10 11 41
22 44 44 28
31 0 33 16
15 49 47 5
25 44 29 29
34 19 14 36
20 12 19 26
19 34 14 30
20 33 37 30
13 4 40 47
17 46 32 32
16 36 13 2
20 33 29 48
25 37 34 16
8 4 40 35
4 7 38 29
21 5 26 2
13 30 35 30
22 1 31 26
12 32 3 17
18 11 38 43
9 13 30 41
25 36 42 23
15 37 30 30
22 4 37 5
17 11 35 32
25 10 44 49
21 5 15 0
17 39 12 25
16 33 31 28
4 9 36 39
13 45 9 21
20 40 36 33
26 15 26 45
10 10 38 40
16 6 27 8
26 44 0 19
16 38 47 38
23 33 49 37
21 8 12 18
2 35 33 5
25 6 49 18
26 35 42 7
30 1 25 33
22 5 42 34
25 3 15 18
18 45 40 31
23 40 43 0
22 34 28 48
15 19 38 6
5 9 18 2
23 33 26 41
15 34 0 48
15 12 3 34
19 5 36 34
29 7 42 36
22 2 44 27
30 46 39 46
27 31 45 24
10 45 15 8
15 24 19 40
13 20 14 26
6 41 36 26
11 38 47 28
5 19 1 32
20 12 7 28
23 49 37 36
23 46 41 39
3 5 31 28
14 8 26 43
23 2 9 19
14 30 27 25
6 4 3 22
18 9 36 38
12 43 15 2
5 8 44 24
5 2 47 4
19 3 26 35
21 10 37 24
26 22 41 30
17 43 38 41
26 20 41 21
4 7 43 45
19 40 26 16
8 44 18 4
17 39 49 46
21 33 26 43
17 21 44 24
3 5 5 28
20 35 34 31
21 8 33 28
22 40 24 35
19 36 2 31
22 32 24 48
7 8 30 17
19 35 10 17
42 11 19 37
2 6 40 37
23 8 45 19
23 38 36 42
19 8 34 40
21 48 27 4
19 45 45 3
8 43 13 16
19 9 45 38
5 6 40 29
15 17 36 29
9 35 35 26
15 10 36 29
40 49 33 2
21 35 19 49
30 5 5 18
15 7 42 21
18 32 10 48
9 5 47 34
22 33 2 33
18 3 35 32
25 38 20 33
19 34 38 45
20 47 30 5
15 41 7 3
19 1 44 37
3 4 30 21
21 11 27 40
0 32 44 23
30 39 41 46
20 13 45 12
13 6 9 21
18 7 40 19
11 13 19 42
8 12 14 36
28 2 33 43
22 41 39 30
21 29 30 32
7 33 45 37
13 15 8 27
29 9 14 31
13 41 8 0
18 46 29 21
13 7 19 16
2 3 23 48
18 35 21 2
22 11 39 17
23 1 46 26
19 36 36 35
22 18 31 49
29 8 18 22
8 20 15 20
6 29 4 10
3 15 8 3
17 39 33 19
21 6 25 31
22 33 14 12
23 37 34 21
36 27 34 39
11 37 0 26
21 37 0 21
23 9 9 1
15 14 32 4
29 26 15 18
21 3 5 2
12 9 43 20
16 10 13 0
21 35 35 31
6 46 24 27
17 10 36 26
23 37 42 21
18 35 28 40
7 15 13 6
33 3 24 48
15 10 34 33
8 0 16 11
23 30 29 40
11 6 36 15
26 2 32 30
18 45 49 32
14 37 8 20
13 4 26 43
30 31 15 7
15 37 29 2
42 37 29 33
19 46 34 34
20 5 29 42
7 2 40 26
16 9 47 31
31 3 47 49
28 4 22 42
23 47 35 40
18 6 48 44
31 39 14 34
18 15 32 35
19 35 18 2
18 6 19 19
22 40 1 22
11 8 28 8
25 17 39 20
20 7 46 32
21 10 19 28
19 37 7 5
11 3 0 1
20 40 45 2
0 11 33 35
14 26 37 17
13 39 14 48
15 13 45 29
17 45 29 37
28 5 43 45
22 5 42 26
25 6 36 40
20 35 6 0
23 4 36 47
9 2 30 27
25 20 28 44
10 7 30 42
17 7 15 11
17 37 1 37
15 39 5 49
16 46 13 0
8 11 48 33
25 38 33 20
7 7 14 41
6 3 27 3
6 6 2 33
4 48 39 27
24 3 41 28
7 14 40 39
1 47 25 46
17 47 5 19
23 39 46 36
23 1 35 31
16 48 42 31
19 49 7 8
31 2 19 27
20 33 35 38
7 46 37 35
20 38 28 30
8 7 29 25
8 6 41 5
9 10 38 39
10 9 42 22
19 1 20 19
21 5 34 0
23 41 12 1
27 2 11 12
22 10 34 43
17 29 29 29
25 4 6 8
10 39 39 29
20 13 38 23
18 40 1 9
19 7 1 15
24 8 21 39
21 9 11 41
18 40 45 28
17 40 43 19
8 7 14 3
14 34 18 4
16 42 39 33
28 3 6 44
17 29 46 38
23 5 37 30
18 41 43 14
31 11 1 13
24 20 36 49
26 36 15 5
22 42 39 0
18 0 40 29
22 40 39 40
24 27 39 38
19 37 6 31
12 12 46 19
16 38 45 31
23 30 1 1
9 12 47 14
25 31 45 39
17 34 1 2
11 37 46 46
33 36 11 2
15 45 41 34
20 27 48 27
26 2 4 44
26 34 33 30
15 48 5 21
4 7 42 32
30 7 30 25
9 31 9 9
16 8 39 35
20 2 32 38
27 3 45 1
22 2 29 42
9 5 2 23
9 7 49 40
17 44 46 42
14 48 16 17
19 8 22 11
37 10 31 35
0 28 45 39
28 6 10 11
18 8 37 37
25 15 29 12
18 10 21 25
40 49 39 2
23 33 29 21
19 35 36 23
22 6 12 3
24 4 46 24
23 45 34 25
28 39 42 22
31 0 45 29
20 27 42 26
19 35 40 19
1 10 15 25
11 5 26 41
18 12 11 15
16 37 10 20
21 37 36 30
24 37 23 6
23 21 44 31
24 2 7 20
23 0 25 49
0 10 17 39
14 37 39 34
19 0 11 14
18 10 25 48
32 25 43 4
2 38 41 13
8 13 39 40
9 6 8 18
7 13 35 9
16 43 38 27
16 13 9 38
24 20 46 32
20 29 33 43
27 0 17 16
11 13 1 36
17 49 47 19
2 48 23 1
16 38 10 47
21 5 4 27
5 29 44 29
21 40 10 6
27 19 32 44
13 21 2 46
10 9 1 22
24 12 30 0
27 37 26 33
7 4 0 39
20 35 46 22
22 32 32 28
14 46 32 8
23 27 41 21
21 12 32 35
27 0 23 3
16 42 34 30
21 42 1 29
25 36 32 40
7 6 35 32
23 37 43 31
10 3 44 32
2 46 29 21
37 48 40 17
12 8 48 39
16 22 0 13
17 8 47 33
8 10 41 33
28 7 35 20
30 39 29 24
6 10 38 21
20 1 42 29
4 38 38 26
20 8 31 38
21 32 28 41
26 11 2 13
21 39 33 23
18 39 39 26
26 8 29 38
19 39 39 27
19 4 19 43
20 7 34 35
19 34 33 39
27 2 22 39
18 4 8 29
24 40 49 34
14 38 36 33
15 39 43 23
44 28 32 20
7 14 14 15
13 29 9 5
11 41 38 27
19 31 27 18
11 38 36 37
19 20 39 22
24 9 38 20
19 36 1 25
21 6 39 6
25 39 15 13
30 43 14 7
19 36 3 25
23 37 31 4
15 28 32 31
33 37 20 42
23 20 37 24
32 34 8 10
20 27 45 29
3 9 43 30
5 8 33 31
0 45 36 24
3 26 29 35
16 34 15 44
29 17 35 10
23 42 45 35
20 34 8 3
17 6 41 23
25 45 25 9
7 13 9 43
18 38 40 34
22 48 45 4
14 37 38 5
27 40 46 21
14 44 43 10
27 3 20 9
11 40 37 30
23 6 9 15
19 36 47 29
17 34 43 34
1 7 19 28
14 31 10 27
6 39 42 32
25 35 41 42
21 33 13 43
10 11 19 21
17 10 11 19
6 5 8 17
24 42 41 33
16 8 33 22
12 39 41 35
18 4 26 5
25 35 48 30
19 39 29 31
23 46 15 30
23 6 26 24
5 47 10 29
14 5 48 29
6 11 42 13
14 12 19 39
12 38 32 40
15 22 40 29
20 34 8 28
5 5 35 36
8 7 31 33
18 29 39 45
28 0 9 35
27 4 29 31
29 2 32 21
7 15 3 48
17 11 44 4
24 3 36 27
37 10 38 16
25 21 9 1
22 35 7 27
20 39 46 40
12 37 39 2
1 3 49 33
19 9 13 8
14 37 40 33
13 41 12 8
29 6 32 31
19 8 20 19
8 10 49 35
22 30 6 1
27 25 49 27
23 7 46 23
9 9 38 16
23 10 48 36
25 41 37 38
24 38 3 22
32 0 31 27
21 15 15 39
20 7 7 38
4 5 28 38
19 1 31 31
6 12 31 9
15 11 37 34
6 11 41 43
20 36 22 32
12 48 35 40
7 3 21 45
19 36 11 2
26 2 34 38
22 48 24 28
7 5 39 38
18 3 47 26
27 39 15 25
7 6 19 11
9 7 44 13
19 34 17 26
25 38 38 23
25 39 43 24
9 45 23 43
19 12 36 28
6 7 36 2
30 24 27 32
0 47 21 7
9 11 38 19
28 47 39 22
5 34 39 19
8 8 31 14
10 37 0 38
18 36 34 45
24 42 39 43
15 22 32 33
19 12 32 44
7 11 34 36
21 35 18 3
2 30 43 29
17 37 42 30
21 39 1 26
22 10 20 22
24 33 27 43
21 8 21 49
24 20 41 35
24 3 35 26
20 36 22 27
22 48 12 9
10 39 0 13
17 48 49 26
27 2 7 38
8 12 14 23
3 5 36 3
23 2 24 7
16 30 23 28
26 19 29 12
12 3 16 1
5 6 20 2
15 39 25 31
22 23 35 35
10 37 23 34
18 11 29 46
14 34 16 0
18 8 42 23
17 43 4 15
16 49 35 31
18 36 38 30
4 42 12 27
11 10 29 28
25 7 32 3
44 36 14 23
25 6 27 40
16 38 23 8
18 30 6 4
21 0 25 45
17 9 17 48
13 23 45 35
18 36 1 18
27 2 46 48
30 5 13 0
24 5 32 30
11 28 40 22
25 6 44 46
13 11 31 42
3 46 41 25
14 10 29 5
28 8 27 47
7 47 1 19
25 7 35 28
20 9 5 18
17 43 25 23
12 11 45 35
32 4 32 27
12 5 45 35
18 2 11 2
29 3 45 36
21 48 17 19
27 38 15 21
14 13 28 34
30 21 16 33
3 41 42 17
28 9 35 29
4 7 19 36
6 13 33 25
13 44 37 14
22 12 42 33
22 0 28 14
3 11 34 15
19 34 42 6
12 43 6 19
23 41 43 15
20 37 27 47
18 36 32 21
22 6 2 18
19 19 41 22
28 3 23 5
22 4 46 20
34 35 45 17
10 11 3 1
20 4 2 34
22 36 3 44
13 5 0 18
22 41 34 29
19 9 39 22
13 35 47 19
18 10 42 1
24 44 47 0
10 10 40 0
23 9 47 2
23 6 6 8
28 43 12 27
27 3 16 47
30 3 6 3
16 6 2 34
20 36 35 37
6 6 44 19
23 49 41 30
22 21 7 23
13 14 37 22
18 36 26 1
13 45 6 22
22 2 33 49
20 13 42 32
28 6 40 37
28 46 10 22
5 8 13 38
27 2 3 25
17 8 42 26
20 30 36 25
30 26 41 1
16 29 19 22
5 7 7 2
25 43 35 22
19 41 4 28
16 37 32 40
4 48 1 14
21 0 36 36
12 6 33 28
5 7 36 27
12 12 37 34
24 29 13 16
23 10 7 19
16 44 8 36
21 12 42 33
14 40 29 44
2 6 48 45
11 47 29 45
0 37 10 9
16 37 9 18
16 7 35 11
14 21 41 25
19 37 36 48
10 19 45 40
20 33 32 40
17 11 0 24
31 6 30 36
27 23 32 31
1 10 9 28
9 9 49 35
24 2 48 3
6 3 2 40
20 39 17 15
20 39 43 1
1 31 3 46
27 13 6 27
6 11 33 26
6 8 45 32
26 3 24 29
18 7 34 38
7 3 37 32
11 4 40 22
7 7 3 12
18 21 44 37
21 49 34 43
23 7 40 28
4 13 0 30
23 47 49 32
6 10 9 12
28 42 47 43
27 1 39 36
35 9 48 3
13 1 14 25
16 10 7 28
22 33 42 34
24 2 18 18
26 2 40 48
10 13 42 41
6 44 20 39
39 49 32 21
27 1 38 30
22 0 2 22
20 39 45 22
20 46 29 48
18 7 39 26
24 3 9 15
16 43 38 47
6 49 38 49
32 13 36 40
17 29 14 23
20 6 22 35
24 45 37 33
20 30 45 24
7 7 39 28
26 7 25 0
12 5 43 1
13 5 24 14
31 4 30 29
13 45 32 38
21 39 39 22
1 28 46 31
25 0 27 8
16 18 35 22
8 15 32 47
5 13 16 49
27 4 8 6
20 29 10 10
17 40 8 34
21 9 24 34
6 4 16 39
4 7 30 21
4 7 40 26
24 5 49 39
22 25 44 40
8 12 12 48
23 37 43 26
14 35 9 5
17 39 12 18
27 2 18 46
20 34 34 37
5 13 14 11
14 11 36 30
20 42 49 27
6 13 37 33
15 11 38 21
22 6 15 24
16 44 43 16
9 6 8 10
5 15 42 13
12 3 40 29
16 5 36 29
10 45 28 23
19 35 40 0
15 38 44 32
8 37 41 28
6 7 19 41
15 6 14 35
14 4 39 26
3 8 13 33
14 37 46 8
16 43 40 24
4 5 47 47
20 13 37 26
28 2 3 9
2 6 37 45
5 7 24 2
27 2 38 4
22 11 16 30
8 7 2 17
5 7 33 36
24 4 43 41
5 10 38 20
22 5 43 42
16 43 25 19
18 8 44 30
19 40 40 43
6 7 38 33
17 25 33 36
3 13 38 37
29 41 34 34
0 27 49 36
23 37 26 25
5 25 36 24
16 6 46 45
17 14 25 41
39 18 23 26
21 4 38 41
17 38 49 22
7 4 26 7
15 40 1 3
16 11 34 34
19 7 38 29
34 2 19 33
15 40 36 46
23 46 37 38
22 28 39 31
15 6 6 9
24 3 33 18
13 46 23 38
18 33 35 21
23 33 40 41
2 10 33 27
9 10 15 22
19 4 25 5
16 33 6 0
20 29 44 36
16 45 7 13
14 8 12 27
16 32 35 32
8 34 40 32
13 7 32 33
28 1 42 47
29 38 8 0
7 35 35 29
18 10 42 40
30 7 13 2
9 4 30 15
8 3 25 45
22 4 36 35
7 4 24 30
25 43 31 15
15 21 41 25
22 5 1 18
25 31 7 8
10 18 37 33
23 4 30 35
13 37 34 32
20 0 34 26
28 42 3 13
25 27 44 21
3 5 39 23
21 1 42 43
8 15 41 49
20 16 12 8
18 39 35 24
4 8 38 23
10 13 43 39
21 9 30 35
23 3 46 32
24 39 41 37
12 47 20 25
25 35 38 30
5 10 45 8
18 9 5 31
16 41 40 43
17 32 11 39
23 44 36 42
22 36 26 20
25 2 20 35
31 3 33 28
28 9 17 1
18 8 33 39
20 41 29 27
24 1 40 8
27 14 30 7
47 3 34 37
12 40 38 39
27 42 37 35
9 37 29 21
16 14 29 18
2 3 21 22
18 7 24 48
15 40 20 4
25 4 10 28
28 11 14 18
25 0 45 39
25 44 35 45
23 4 38 30
14 14 33 32
25 33 17 0
8 7 41 32
21 34 32 46
4 46 43 38
6 4 17 30
22 4 28 18
20 38 38 24
31 35 18 0
7 25 38 23
11 39 42 38
25 46 34 7
7 6 12 5
13 32 2 24
30 15 22 36
16 35 48 40
14 44 13 35
24 39 1 46
25 2 16 15
24 4 41 31
9 9 36 37
20 32 31 6
16 38 26 41
24 7 41 37
9 47 33 32
23 6 24 33
36 5 30 39
15 41 48 31
14 38 7 6
24 40 35 27
6 3 3 30
19 40 25 11
22 33 31 12
8 41 46 36
7 2 38 41
19 22 43 45
17 14 46 29
14 37 35 22
33 16 31 25
4 7 38 43
28 24 27 20
7 3 46 23
5 3 38 8
16 5 30 45
10 11 25 47
13 47 4 41
7 40 10 46
7 36 33 35
21 20 32 24
25 4 30 3
9 10 14 24
23 10 38 32
20 9 29 46
18 35 4 46
19 40 29 46
6 6 32 21
17 44 44 25
28 31 35 32
17 44 30 34
13 11 34 31
27 16 42 24
15 4 42 22
25 46 15 43
16 43 37 28
18 38 28 42
16 11 45 10
23 2 6 14
28 2 35 34
2 14 28 26
20 46 5 43
6 7 19 37
24 36 3 11
24 13 7 3
6 10 8 49
19 44 28 32
23 35 47 32
25 22 48 6
24 4 34 30
19 11 38 34
4 19 4 1
3 36 37 20
23 6 35 39
18 44 22 15
21 34 42 5
5 13 28 33
23 35 42 39
30 6 35 23
17 12 1 8
22 8 46 0
16 9 3 34
24 11 9 8
22 5 3 34
25 41 19 39
26 44 24 32
12 41 46 25
22 41 47 5
31 6 22 22
24 29 34 38
21 12 10 18
37 35 30 31
28 40 33 21
24 5 25 41
11 6 4 27
6 5 22 37
20 10 25 32
19 2 5 42
10 36 44 5
5 6 49 0
17 7 11 11
18 40 3 28
21 8 1 46
31 32 42 0
5 14 21 39
12 10 33 26
20 10 41 16
9 7 24 0
20 7 8 45
7 15 41 33
35 22 10 9
26 0 37 40
12 5 36 11
1 37 41 18
19 6 0 15
22 8 28 46
31 18 6 5
8 8 19 38
15 38 43 37
10 10 38 32
28 37 38 43
23 2 1 20
16 35 2 28
17 31 14 26
21 23 40 17
7 7 34 38
14 10 5 6
15 34 37 20
20 13 11 7
30 21 29 25
1 48 7 16
8 4 26 20
24 7 40 26
10 10 30 42
18 38 37 35
15 43 19 41
23 7 33 26
24 42 29 33
12 42 22 38
10 35 34 4
22 1 4 17
20 15 40 26
12 38 0 9
20 28 36 34
3 7 32 34
20 29 34 16
27 36 21 26
27 1 46 27
20 35 24 25
23 1 0 39
5 7 26 14
20 1 13 0
22 28 31 26
18 35 9 18
17 41 4 22
27 39 34 25
16 34 2 27
28 5 39 22
15 46 45 20
15 43 42 22
19 10 37 17
27 2 35 36
25 4 32 26
17 35 4 13
15 44 41 19
25 24 19 2
18 32 4 40
15 45 12 20
23 48 38 27
25 43 38 33
22 3 42 41
21 0 38 34
19 0 21 23
17 42 18 31
25 40 37 42
21 9 28 34
25 39 1 27
7 34 41 36
28 41 46 23
22 42 27 6
49 42 39 31
20 49 28 38
25 7 28 43
20 38 30 34
5 8 40 30
19 35 29 34
19 42 46 33
8 5 38 36
18 10 6 16
28 8 31 47
23 32 37 15
13 12 39 28
10 49 16 22
20 32 46 47
7 6 3 17
18 5 29 42
22 41 36 41
20 35 29 31
14 16 35 23
29 6 28 48
20 19 47 27
15 37 4 11
20 7 37 38
26 3 38 43
8 37 26 42
16 46 42 23
15 30 28 38
21 49 42 33
15 36 0 2
21 42 24 44
10 42 47 36
3 23 33 20
10 33 30 38
28 14 26 42
16 40 32 24
19 47 47 2
7 12 1 18
2 12 27 27
3 4 11 36
19 31 20 11
9 8 0 11
20 35 35 24
17 39 47 3
5 5 44 20
18 32 27 40
19 14 33 24
22 39 10 3
28 5 34 38
6 10 17 19
8 11 0 35
6 3 36 25
4 3 0 27
26 45 45 24
18 11 39 30
16 42 6 25
28 31 7 24
1 38 29 4
20 2 48 31
8 8 11 36
7 6 27 34
15 42 32 28
27 40 6 34
4 8 44 16
7 20 13 30
17 37 21 39
27 37 38 21
14 42 0 26
10 19 38 46
23 8 45 36
24 10 33 28
17 33 17 6
3 41 31 42
10 35 41 38
26 31 11 8
25 10 27 24
20 12 38 39
24 3 24 39
21 5 27 23
24 1 30 17
23 0 46 30
0 32 39 35
7 2 36 31
25 1 41 22
19 35 10 39
18 44 39 30
11 39 26 5
8 43 43 49
12 13 20 36
7 7 21 3
9 1 34 37
25 37 48 4
18 13 10 8
19 42 31 37
28 5 15 10
23 40 15 34
13 38 28 43
22 42 9 22
23 2 42 3
38 10 13 44
23 28 38 44
14 4 46 49
16 44 9 28
29 35 38 35
14 29 4 12
23 45 8 46
21 8 35 16
10 26 32 26
22 8 34 49
28 39 42 15
23 32 0 7
10 31 10 25
7 12 28 24
24 4 31 34
16 30 5 23
21 41 42 33
12 7 24 34
20 23 23 37
14 38 10 29
20 24 24 3
12 3 6 41
23 2 29 2
13 44 38 24
9 10 4 28
19 22 39 35
11 10 12 33
23 11 0 22
27 27 31 7
17 47 30 36
30 41 24 2
25 13 34 37
7 46 26 15
25 29 7 24
14 32 42 30
22 30 31 8
22 42 39 24
26 11 39 38
24 1 24 12
24 4 6 0
13 49 45 46
6 34 37 37
5 7 28 28
15 37 25 49
15 46 44 21
32 27 4 24
11 11 24 48
21 13 42 32
24 3 37 45
0 45 24 29
11 47 31 47
9 40 24 44
13 10 26 47
18 7 41 29
10 12 36 42
27 9 35 32
4 6 33 35
7 22 0 40
26 7 41 39
19 11 41 38
28 0 43 28
21 8 40 22
4 32 19 29
19 34 9 45
11 12 13 18
26 1 32 32
10 28 19 20
7 43 26 12
22 7 34 25
25 29 37 2
33 41 10 29
18 37 8 32
24 18 46 1
5 35 40 42
24 6 11 36
15 6 32 39
20 39 38 41
20 3 49 0
21 38 0 19
14 39 6 37
24 9 36 17
21 3 40 36
23 38 35 30
21 4 1 13
6 5 48 36
29 4 13 17
5 9 31 37
17 31 19 14
16 35 2 9
25 11 24 26
20 14 0 12
22 39 31 31
0 12 3 44
40 21 11 11
19 43 48 42
19 39 35 26
18 40 24 16
18 36 33 26
14 36 6 14
20 40 32 37
23 42 45 22
22 37 2 18
35 39 30 22
