50 1122 15942 800
21 31 8 17
44 43 28 22
43 25 10 10
6 4 12 36
3 42 12 33
45 19 33 6
37 8 15 34
30 33 45 49
49 20 15 20
47 21 6 34
43 44 27 44
37 31 25 41
28 15 16 15
49 43 13 24
47 49 6 28
41 38 13 8
24 3 13 26
48 19 13 11
36 28 0 28
2 24 11 9
36 15 12 19
24 3 2 32
32 39 0 24
39 25 10 27
13 24 10 39
38 27 19 47
43 30 5 34
25 34 7 34
35 46 13 17
34 49 46 35
44 37 11 11
40 33 5 30
43 49 13 36
30 42 35 1
40 42 29 19
29 19 8 30
40 23 13 10
37 12 7 31
36 22 17 42
19 35 29 43
42 29 13 40
46 49 10 18
43 28 17 7
49 27 8 7
14 41 10 20
45 38 16 27
11 27 28 21
29 24 27 36
31 33 29 30
42 49 7 5
34 24 18 20
47 24 33 38
37 37 18 21
45 23 15 36
26 13 26 41
38 48 32 4
29 38 1 26
11 43 47 22
34 13 10 16
39 40 14 24
46 33 38 26
9 38 14 7
34 48 11 11
41 21 34 20
28 43 8 24
32 38 23 45
36 16 25 13
34 42 0 26
45 39 13 11
41 42 32 2
34 37 46 20
40 23 18 13
35 41 11 11
36 24 14 9
34 47 7 10
30 22 27 6
24 38 9 17
37 38 7 22
38 44 14 10
38 38 30 42
34 37 9 32
49 33 17 47
40 17 7 27
46 48 39 25
15 6 40 13
49 34 14 40
35 45 11 27
30 37 15 33
1 27 12 19
41 45 29 7
41 18 13 13
38 7 8 39
21 37 15 22
1 41 31 11
43 43 16 41
19 2 25 30
49 27 40 2
23 30 10 18
31 18 33 40
32 32 14 23
40 22 30 46
30 24 12 39
43 27 40 16
6 45 4 33
40 35 42 45
41 16 6 34
35 35 23 29
42 25 38 23
1 17 14 6
32 32 14 33
12 33 22 8
46 20 1 11
27 35 12 13
36 20 12 30
34 39 17 43
40 33 12 35
25 42 28 48
46 39 20 48
46 27 6 30
46 36 45 15
36 43 17 10
45 23 1 1
34 38 11 10
1 37 11 5
27 24 48 29
39 22 17 39
6 40 33 46
35 20 1 33
43 14 42 2
43 22 3 24
33 40 34 20
43 34 14 29
34 39 25 47
10 25 11 46
39 28 10 18
46 21 10 25
11 47 15 35
0 48 26 6
31 24 9 34
17 12 45 4
28 28 16 27
40 42 31 41
49 7 5 40
36 43 11 9
47 39 17 40
4 41 9 23
13 45 1 30
31 3 42 25
35 15 1 15
47 19 2 16
20 10 14 13
1 19 7 29
42 42 15 38
44 21 15 37
31 29 46 8
26 39 25 25
38 48 6 10
43 32 29 41
29 34 29 45
32 26 32 33
19 33 14 28
23 46 11 16
48 19 13 17
22 39 43 41
18 30 46 21
36 34 17 12
48 23 33 45
36 20 5 38
37 16 43 2
33 20 14 9
29 45 30 16
36 6 19 14
44 19 8 19
15 29 20 37
0 30 12 10
47 32 17 21
36 32 10 27
11 19 5 21
2 34 12 34
46 43 10 7
42 41 12 16
41 41 13 33
38 21 12 8
12 33 20 40
39 27 44 18
38 40 11 44
39 22 17 19
41 35 17 20
38 20 35 47
39 38 0 14
11 5 17 26
36 28 43 6
44 15 19 13
49 39 34 29
43 47 3 24
7 34 13 10
34 43 40 45
2 42 27 48
40 49 10 10
34 35 44 0
12 1 33 41
1 24 15 39
45 5 14 8
10 29 30 42
40 33 19 41
18 30 25 35
19 41 15 35
41 48 34 47
41 26 18 12
48 33 34 49
19 12 13 12
5 29 18 23
26 2 11 20
42 48 36 19
42 40 6 32
46 45 10 21
39 30 17 33
25 5 9 19
37 16 9 43
38 33 41 9
34 45 18 38
43 14 7 31
42 13 36 25
33 43 30 46
38 17 14 35
43 22 32 40
38 43 35 13
13 8 16 25
49 31 12 10
38 47 36 19
48 46 18 40
35 30 3 29
42 18 14 35
47 13 48 21
14 25 9 20
39 35 30 47
44 45 5 27
36 45 40 11
21 3 42 20
38 43 9 39
35 37 8 10
38 46 11 8
49 24 9 0
25 19 9 12
46 36 14 37
35 42 19 43
29 17 18 43
40 32 1 28
46 32 8 33
28 30 14 25
37 11 35 45
29 37 16 0
48 19 30 41
35 26 25 42
17 40 8 23
34 12 2 24
10 32 8 12
17 5 39 12
39 42 11 38
9 20 3 25
42 48 16 27
38 30 4 17
25 42 12 35
6 35 27 16
23 25 16 13
10 25 41 40
28 35 12 41
26 42 48 7
31 21 26 46
16 0 33 43
32 21 8 32
37 47 7 21
43 23 12 7
31 24 33 1
35 25 9 41
47 31 39 24
39 41 27 33
36 31 26 47
41 26 17 39
48 32 10 31
36 35 7 41
48 21 41 7
46 32 42 36
21 42 17 35
17 44 11 28
21 1 25 14
33 38 45 10
24 35 13 18
39 41 12 13
12 1 12 12
48 22 45 1
45 30 12 19
42 48 26 45
25 29 12 19
35 32 11 13
26 43 8 23
37 37 7 24
27 44 9 36
40 42 12 10
42 28 8 27
43 48 17 17
40 24 7 34
7 24 32 43
35 43 29 28
9 30 23 25
34 46 1 40
13 23 20 44
39 30 14 11
42 48 9 15
47 23 11 32
28 49 18 41
49 43 13 13
47 39 9 20
32 38 2 29
25 20 34 27
32 28 21 29
5 25 14 11
28 30 9 23
36 48 14 38
43 17 43 6
36 39 28 28
41 30 19 41
49 17 13 10
28 36 9 22
22 46 43 2
37 49 13 10
37 26 12 36
39 20 14 34
17 10 13 35
49 18 17 43
38 23 10 25
43 26 26 12
28 37 14 37
41 30 17 36
40 29 23 45
38 43 20 41
37 14 13 9
3 26 27 47
39 0 32 43
47 21 12 42
42 37 29 28
36 17 14 20
39 32 35 12
27 30 24 43
24 49 28 25
14 45 13 12
33 37 12 33
39 32 15 30
42 21 13 36
48 31 14 27
37 19 25 44
43 24 22 10
31 27 19 40
47 26 21 40
27 43 13 32
41 27 8 34
32 42 11 33
45 28 1 39
34 45 11 9
38 24 3 26
24 9 17 21
1 33 16 7
33 45 19 14
35 48 9 26
42 47 12 9
32 37 8 44
44 49 16 43
42 20 13 46
43 19 31 42
48 16 4 43
34 29 20 43
17 24 12 44
33 46 16 14
37 25 9 32
20 45 33 41
35 27 12 24
32 45 10 14
42 24 15 18
25 47 32 47
40 42 11 40
42 45 1 41
30 47 16 15
45 26 41 39
26 11 27 49
42 22 13 10
35 29 13 11
39 14 18 49
37 43 14 27
46 41 28 23
40 41 23 44
33 45 32 26
28 26 26 42
36 40 43 11
21 49 26 14
34 39 10 9
36 29 16 42
40 17 9 26
45 34 28 43
32 19 14 36
23 38 13 11
48 21 29 5
35 47 6 29
4 31 39 15
26 37 38 19
35 26 10 37
49 24 8 27
36 33 12 12
37 46 8 22
39 43 9 30
11 15 31 46
45 24 26 42
37 20 12 7
5 26 11 36
32 16 6 33
23 26 39 5
34 41 18 18
38 23 12 10
39 39 25 44
48 44 22 38
33 24 13 40
36 33 17 38
39 17 26 43
36 44 5 24
6 4 42 15
32 28 10 16
36 40 16 20
32 47 15 17
28 13 8 12
45 26 33 11
43 30 36 30
32 32 38 34
22 23 9 25
30 27 22 34
28 33 19 8
40 28 28 18
45 22 12 31
43 19 7 26
44 48 12 9
40 20 28 39
41 44 33 42
11 20 7 30
45 47 16 40
12 28 10 40
48 29 7 31
8 33 4 35
5 40 35 13
14 49 9 16
33 40 26 39
21 42 20 30
49 30 10 9
45 24 14 36
46 44 5 8
27 46 22 4
36 48 14 20
6 9 11 9
40 33 13 20
45 26 14 17
7 10 15 32
36 38 15 40
46 16 9 36
29 49 17 33
31 31 36 16
35 17 12 9
43 49 24 16
27 38 1 21
46 30 20 44
29 25 35 11
10 38 13 30
38 33 31 42
46 29 11 36
28 22 34 2
39 41 28 44
49 17 5 30
37 43 30 13
25 4 5 32
32 42 14 16
44 15 13 35
39 29 13 43
18 2 15 17
36 36 10 40
20 38 2 30
42 47 11 18
42 24 16 48
24 39 14 10
31 44 36 4
32 11 29 43
44 46 40 8
41 23 13 38
39 43 29 43
44 37 33 42
11 19 28 43
33 44 14 9
12 48 15 6
34 29 10 12
9 30 5 41
45 34 38 10
36 31 10 38
40 14 13 46
9 21 28 45
38 39 15 32
33 43 27 48
13 35 5 3
30 47 7 43
41 28 12 19
31 40 11 25
38 33 21 49
40 12 13 28
49 22 2 36
42 21 21 38
34 46 14 20
49 41 38 7
44 14 24 12
23 16 39 13
28 23 28 48
47 25 9 32
10 47 42 32
45 45 12 37
43 38 41 17
14 12 10 16
46 23 16 12
2 46 17 36
36 28 12 15
34 40 9 31
44 15 4 30
33 29 11 17
44 27 29 44
38 41 39 48
47 34 16 31
6 27 19 32
3 42 13 28
40 42 40 12
41 48 31 43
43 39 13 20
31 35 35 48
30 41 10 12
40 23 14 45
26 33 13 43
7 11 43 7
26 9 30 47
47 29 10 12
37 36 11 32
29 28 48 28
37 42 24 8
46 26 19 36
37 46 15 30
30 15 47 17
33 38 3 21
21 48 45 48
8 26 15 33
20 21 8 37
42 49 14 26
24 24 7 26
1 43 28 45
32 20 22 15
48 12 28 4
15 24 7 28
39 24 24 45
11 24 17 26
36 35 37 41
37 44 31 40
41 32 30 43
30 49 13 36
32 9 37 10
39 28 11 44
18 21 3 30
41 4 12 9
37 33 42 3
37 23 8 40
24 47 9 30
30 46 28 39
38 8 22 7
42 40 19 32
40 47 11 35
45 12 8 26
47 13 14 30
41 48 30 45
47 32 13 20
48 29 33 13
45 22 5 23
13 24 10 12
42 20 22 39
45 49 17 34
43 6 2 20
40 37 13 30
45 21 23 6
26 41 5 29
47 37 27 39
36 44 7 8
46 31 12 28
29 41 8 18
7 22 9 28
47 30 31 45
40 19 11 15
30 38 13 9
43 15 29 14
43 32 30 42
33 44 28 31
39 49 10 10
23 34 48 0
33 42 36 24
46 41 26 11
46 17 17 37
37 23 17 9
26 35 40 16
44 46 13 38
23 28 25 46
26 48 2 28
33 32 18 45
21 45 38 15
9 35 34 45
45 39 35 43
0 29 7 38
42 24 30 43
5 37 33 44
23 2 23 12
30 23 11 16
38 39 15 19
42 23 41 9
30 41 40 31
42 29 25 43
23 15 20 22
38 35 33 13
21 22 30 41
28 34 1 24
36 38 29 17
27 31 10 18
34 41 18 25
1 36 11 36
37 49 11 12
26 32 1 24
36 33 16 20
42 40 13 13
45 34 8 30
42 43 12 34
45 42 36 9
42 17 27 41
38 23 9 9
47 36 13 24
47 37 28 7
35 45 11 31
26 44 26 14
41 16 13 32
38 25 15 38
11 34 10 40
7 36 40 24
31 43 12 35
41 21 37 13
37 46 28 25
26 45 6 35
37 27 8 42
48 39 41 3
16 7 13 10
36 26 18 11
17 1 5 25
44 27 28 40
45 28 9 10
44 40 2 23
12 24 31 7
34 39 14 20
33 44 11 35
46 16 47 4
42 31 14 19
25 46 14 9
42 34 7 21
12 9 15 29
49 43 38 15
42 22 40 4
12 14 20 33
20 48 6 26
43 31 41 9
46 20 16 41
39 44 17 39
46 37 12 16
45 28 28 44
43 38 3 18
43 23 41 11
21 28 4 35
48 37 1 26
45 34 45 2
0 31 42 31
30 30 11 35
47 34 1 27
41 23 12 13
43 47 28 24
36 36 14 36
38 38 16 37
39 15 14 10
45 29 13 12
42 31 10 33
43 23 30 43
37 46 38 4
37 35 41 2
37 35 32 46
42 38 14 36
24 32 34 42
34 48 7 5
40 40 18 42
3 25 10 38
23 36 25 45
33 45 16 18
2 15 8 37
43 39 8 33
43 37 29 45
41 30 5 38
32 36 10 36
43 40 13 16
9 31 10 37
34 31 14 15
28 24 47 16
12 47 7 19
39 40 33 39
33 22 30 12
26 44 11 20
24 40 18 44
42 31 28 36
38 39 9 16
42 34 6 30
21 8 11 41
30 45 5 19
43 34 10 8
25 4 11 39
38 31 13 37
2 4 30 42
26 43 8 34
31 29 9 11
29 25 22 6
30 33 10 32
44 40 9 31
40 21 10 26
41 27 31 42
49 43 43 36
43 30 33 22
1 30 29 44
30 36 1 30
14 0 44 13
35 43 36 9
26 25 28 35
40 48 19 35
39 18 32 43
48 23 14 12
16 34 3 15
37 39 6 29
35 44 11 22
48 48 15 12
45 38 8 33
34 42 6 29
39 49 8 32
1 31 40 18
39 14 13 28
48 34 18 46
44 40 48 10
36 44 43 11
46 29 3 14
30 42 12 13
45 35 14 8
39 39 30 47
12 42 45 18
48 33 16 13
26 10 4 14
24 44 13 18
31 16 35 17
27 20 41 1
42 30 4 25
19 1 11 37
44 48 3 22
7 30 22 48
39 45 12 45
39 41 47 13
49 11 13 37
45 41 9 34
43 42 2 28
38 47 14 37
37 45 16 32
47 37 38 24
29 47 5 14
39 28 33 41
44 40 40 18
42 45 30 21
27 35 13 4
36 45 36 24
45 24 1 29
45 25 12 18
48 42 10 45
31 45 10 38
39 45 16 17
16 41 12 35
32 46 47 5
47 24 40 31
0 30 2 26
32 29 16 32
47 19 23 28
32 48 12 11
21 0 3 36
39 19 12 9
37 12 17 37
33 38 18 5
33 18 22 22
40 17 21 35
40 39 41 15
2 45 45 34
33 26 3 25
6 33 12 17
43 25 16 0
33 44 13 38
38 21 15 20
38 33 15 36
47 48 12 32
39 39 3 0
30 47 35 7
42 24 13 22
35 38 28 41
28 17 8 46
45 45 15 4
34 37 36 2
39 33 5 32
48 12 21 43
40 46 6 22
9 19 32 24
34 41 16 36
7 9 28 21
42 37 27 46
36 23 15 40
45 40 46 8
36 41 13 15
46 28 12 42
33 47 3 20
36 46 28 45
28 49 12 35
45 31 24 39
34 42 1 33
38 34 27 12
48 19 21 24
39 28 28 49
15 45 12 10
40 24 13 10
27 8 12 37
48 45 0 34
40 34 12 10
13 21 14 37
42 41 8 24
25 16 20 34
32 45 10 17
31 28 32 3
30 6 9 23
38 38 13 37
44 18 32 23
49 36 33 20
48 26 6 34
41 45 10 28
31 28 12 8
37 40 47 13
33 40 43 45
34 29 17 20
29 39 3 11
27 43 12 22
45 12 27 40
28 12 27 42
23 6 12 22
25 18 24 23
26 12 16 40
27 34 31 43
39 33 25 46
40 45 45 28
37 37 45 4
45 42 8 37
40 39 14 30
36 27 26 4
37 25 29 12
44 11 30 48
39 26 27 13
48 22 9 17
7 33 43 1
46 40 44 4
49 31 36 23
42 46 27 4
21 26 11 3
49 46 1 21
46 21 19 25
44 23 9 33
28 45 12 20
44 48 12 10
34 26 2 14
37 42 14 35
43 38 15 38
41 32 9 9
49 24 6 39
31 44 21 44
41 42 13 40
34 10 14 40
47 25 32 12
48 31 20 21
24 8 12 15
41 20 17 15
41 23 28 23
46 13 13 37
35 21 8 25
47 44 47 11
20 19 25 41
38 24 15 30
38 26 44 7
39 25 35 8
40 32 10 20
38 43 6 40
27 47 30 7
31 40 16 3
21 33 0 23
36 44 31 24
33 24 7 41
47 45 13 16
27 25 14 10
4 38 38 9
38 35 28 18
42 36 45 11
49 2 10 38
47 19 32 19
33 37 12 20
26 40 1 23
39 34 15 33
22 9 39 21
33 46 36 37
31 23 12 13
46 30 10 13
49 12 31 44
33 18 23 36
10 3 12 36
43 28 26 46
4 40 11 15
44 17 16 39
46 21 12 9
29 22 18 41
44 41 13 17
37 1 10 19
42 43 10 12
39 28 9 44
45 37 9 29
28 42 2 22
32 30 43 19
48 44 6 35
36 9 4 37
45 39 13 13
44 21 28 43
34 31 11 15
1 33 11 36
41 16 10 9
1 40 7 22
39 27 38 37
21 3 8 8
35 47 15 12
44 25 18 37
44 22 35 40
11 27 23 5
22 46 12 38
41 23 21 44
38 23 31 43
42 40 8 16
30 2 30 14
43 29 31 42
26 10 16 22
38 39 13 8
42 24 29 38
14 41 3 22
0 34 17 40
26 34 39 35
37 40 5 37
42 12 8 8
37 16 1 22
34 38 29 39
47 41 7 24
40 21 17 47
45 21 25 45
35 46 24 27
38 42 28 27
33 23 9 27
45 27 20 35
38 14 17 38
10 45 34 42
18 3 3 24
41 25 34 39
24 31 6 39
40 45 26 33
38 34 27 11
41 45 1 15
43 44 34 23
24 13 7 27
45 41 31 39
41 22 13 11
10 24 6 29
33 38 15 12
14 30 10 22
33 38 5 32
26 17 45 12
31 48 12 34
34 46 11 20
35 37 28 16
39 17 8 12
42 32 15 24
25 31 12 41
27 40 15 11
42 22 47 5
29 14 25 43
34 20 11 22
41 44 37 10
24 22 11 12
31 44 33 24
35 49 16 28
34 31 10 19
45 43 14 35
26 38 14 28
37 36 28 44
43 26 25 41
37 35 31 19
8 4 39 16
24 1 41 3
43 28 38 24
44 22 17 17
10 25 6 12
3 15 24 35
17 31 29 21
40 37 7 30
31 15 0 46
44 33 28 45
36 20 12 37
14 37 23 42
42 43 3 28
45 46 31 41
33 44 9 40
27 1 8 36
40 42 38 4
42 21 7 21
37 18 6 41
36 30 5 26
40 19 42 9
43 23 25 45
46 29 14 11
32 43 10 35
38 30 26 42
44 10 15 15
36 43 33 8
9 46 48 8
44 38 12 7
39 45 8 11
13 5 48 4
40 29 31 7
39 13 20 2
11 4 9 31
41 16 9 10
38 43 10 27
48 24 29 31
38 28 3 32
47 46 15 6
45 24 8 30
34 27 13 42
40 19 2 27
44 36 16 37
15 29 12 15
37 20 10 35
43 36 2 32
35 37 8 34
24 34 10 40
43 41 8 28
19 23 5 31
34 39 2 36
42 39 13 5
36 38 9 36
16 31 7 36
6 39 13 29
36 24 28 45
42 35 17 35
29 2 1 40
34 40 8 38
45 23 20 49
45 46 20 16
40 42 45 41
41 33 11 10
34 47 45 41
40 39 43 11
12 24 31 45
1 6 38 19
34 38 30 41
27 35 5 20
43 15 34 19
13 37 7 29
34 32 14 11
24 16 23 41
32 41 9 32
33 46 23 49
1 37 0 22
25 37 6 39
29 21 4 34
37 38 13 40
36 35 10 41
40 29 7 35
21 20 15 11
29 3 32 31
34 24 14 21
46 29 15 31
43 38 29 46
29 24 37 3
48 23 13 42
23 4 35 19
37 40 5 34
35 21 17 45
46 39 13 35
48 26 39 20
37 41 11 22
6 16 13 22
30 42 9 11
39 48 14 20
43 14 9 23
34 44 15 15
40 11 5 28
17 23 21 41
23 40 11 14
37 46 27 14
32 23 32 41
3 2 12 25
16 11 30 47
34 27 35 41
29 28 5 28
40 28 16 11
40 10 42 40
8 20 4 39
