50 182 19192 800
27 47 4 22
30 44 41 29
26 47 2 23
27 2 22 13
26 42 44 22
10 7 9 19
26 42 34 29
29 10 23 4
20 39 38 20
32 8 37 24
30 34 49 32
22 42 42 19
19 13 15 7
14 7 39 11
28 43 48 34
14 34 43 22
32 31 35 27
30 26 19 10
35 42 36 29
10 27 30 21
35 30 38 3
17 49 18 33
11 40 14 17
26 38 8 41
28 35 2 27
26 46 46 33
11 34 28 10
39 3 39 39
27 38 38 22
34 49 37 23
22 24 34 26
43 5 33 1
12 7 47 27
21 37 24 15
17 32 36 9
22 0 46 38
30 22 33 29
25 41 6 5
7 15 35 19
10 15 44 32
23 39 44 12
23 42 22 31
42 17 24 34
31 5 14 35
30 38 44 38
25 10 36 31
29 42 37 31
7 23 32 6
29 43 39 27
25 49 42 27
26 44 34 21
22 38 40 22
38 40 8 16
24 45 18 14
27 48 44 28
25 16 37 11
37 5 22 22
45 42 23 22
24 40 44 4
31 47 44 19
19 5 18 40
25 24 27 19
41 9 49 38
10 27 39 28
17 12 41 38
26 47 41 11
9 36 16 36
15 48 39 33
15 26 36 22
39 49 39 19
12 8 46 19
30 12 43 28
40 43 29 36
9 22 46 10
25 20 40 13
16 25 47 28
28 6 1 9
29 36 46 20
27 36 41 32
34 32 20 13
35 32 46 33
14 28 1 21
29 42 40 25
7 23 37 38
35 6 29 34
6 23 18 19
28 43 29 22
29 40 30 14
29 49 45 24
44 24 43 19
19 47 37 44
23 36 16 24
19 49 25 1
28 46 26 2
26 37 39 29
24 42 36 12
15 34 46 18
40 0 42 29
20 39 41 16
32 32 1 33
41 2 19 14
27 12 41 37
21 37 17 17
23 12 11 9
18 30 38 6
12 12 14 23
46 19 47 24
24 39 24 10
13 10 24 33
34 45 42 33
24 26 28 20
32 38 43 34
29 38 43 25
34 0 38 26
30 37 30 20
29 44 32 27
28 42 33 9
20 42 5 18
18 40 15 19
21 41 29 14
25 7 47 37
48 11 14 21
16 9 41 9
40 27 30 8
33 48 46 12
24 35 48 28
28 46 41 28
22 37 28 24
32 40 21 29
17 12 26 11
11 47 31 32
23 41 30 15
19 33 30 27
25 36 12 24
5 33 41 27
23 38 4 24
36 30 47 15
22 46 44 31
27 41 18 27
17 14 39 28
24 44 14 26
30 34 16 24
13 23 9 7
31 2 40 21
27 43 8 21
23 43 36 20
8 18 36 39
15 41 27 17
26 47 42 24
15 21 32 42
8 25 37 33
19 45 35 10
26 31 32 20
31 20 36 19
21 33 28 10
37 42 19 26
18 42 47 30
30 37 26 18
45 36 45 29
32 11 28 14
23 42 39 37
35 37 43 38
24 44 32 1
16 34 32 26
29 41 35 27
8 24 6 18
25 24 47 33
45 2 44 24
43 2 26 25
15 46 33 25
3 0 36 36
26 21 24 14
26 0 25 9
21 42 34 3
27 45 27 18
22 12 39 32
19 37 32 44
29 38 20 11
23 19 28 3
17 39 35 26
19 49 37 36
22 38 24 10
