50 1597 19865 800
43 36 49 49
42 7 17 37
9 45 3 17
47 9 34 36
30 25 8 10
30 16 3 7
30 16 7 31
38 25 5 23
2 45 8 36
33 10 28 44
20 40 3 29
43 34 2 20
33 2 5 21
43 39 1 12
41 32 15 21
48 10 18 46
33 43 20 14
49 28 38 3
26 37 2 11
35 18 6 18
25 28 14 46
33 28 18 41
28 48 6 17
15 23 7 47
34 25 2 8
48 17 10 33
44 17 21 42
35 9 0 45
24 12 9 11
35 29 4 19
34 42 14 44
40 34 1 9
38 34 7 19
46 36 21 35
35 16 8 34
41 18 37 43
49 49 17 28
21 24 5 23
45 35 9 16
31 44 9 26
25 21 4 15
41 30 35 5
45 47 5 21
33 8 7 32
35 12 1 17
42 21 35 13
36 42 43 25
14 29 11 41
34 30 34 39
33 12 19 44
12 11 24 16
37 33 5 8
33 35 2 15
40 47 34 9
40 23 17 45
33 19 6 19
41 41 3 15
44 31 0 13
48 36 9 15
35 22 13 48
38 43 15 24
13 43 32 36
32 48 16 15
43 44 14 47
41 27 22 24
48 25 26 43
8 40 4 28
24 26 15 44
47 19 17 41
33 21 38 21
38 48 27 2
49 46 8 38
38 32 48 18
45 0 10 33
26 22 13 41
46 20 9 10
40 16 39 31
35 31 1 19
40 31 22 40
37 31 20 46
27 5 39 46
21 14 2 19
44 48 14 47
39 47 21 48
22 20 15 49
11 45 8 42
44 45 11 23
29 30 9 18
49 40 17 42
16 18 5 23
39 42 18 49
48 5 20 45
21 29 4 20
38 46 14 43
39 43 35 15
35 23 4 23
41 43 3 11
32 26 23 23
27 39 42 23
44 34 22 48
47 34 29 44
45 30 15 44
33 13 15 47
32 47 9 34
12 17 4 28
30 46 27 18
28 46 11 31
29 15 14 21
26 31 28 48
27 30 34 27
34 14 9 20
39 13 14 10
11 37 16 48
34 17 6 18
42 30 30 49
28 21 22 38
5 48 8 12
47 45 32 39
45 36 13 38
26 38 3 13
37 20 29 3
18 47 2 14
12 32 0 27
37 15 5 14
38 30 3 9
41 19 22 43
41 40 33 40
31 37 45 1
27 22 3 23
16 33 6 22
6 36 10 23
45 39 3 16
20 13 33 14
37 30 7 25
0 22 14 22
32 42 1 15
49 20 1 10
27 8 3 13
16 43 29 22
47 45 15 27
2 30 13 32
16 23 4 24
48 24 2 12
49 32 18 49
44 26 16 42
43 0 27 47
43 40 33 24
16 36 46 18
24 24 26 43
34 24 16 41
48 31 2 11
14 39 0 27
38 15 12 16
40 30 10 8
9 21 6 28
39 29 24 41
32 29 9 33
0 38 8 20
25 39 16 46
39 35 25 29
11 36 0 8
17 35 21 45
41 21 5 14
41 23 6 19
18 24 23 33
1 33 29 28
49 45 2 10
48 30 15 44
43 22 5 20
38 14 12 13
42 35 4 35
41 27 35 22
41 30 14 39
1 27 12 45
49 39 28 23
48 37 23 44
39 46 13 49
33 43 18 43
20 11 42 0
32 32 9 29
38 43 0 24
47 10 8 16
23 40 0 36
41 47 13 24
41 34 1 8
8 35 11 27
45 27 23 43
39 5 5 18
42 23 3 32
33 32 41 29
27 18 45 8
1 27 0 19
19 49 2 42
0 39 25 42
47 22 6 8
37 32 39 3
12 30 3 12
27 32 4 39
41 42 42 36
38 24 18 44
22 25 1 13
32 22 13 36
44 49 2 6
36 3 4 19
45 44 3 13
26 32 7 23
39 10 3 13
27 25 18 49
44 33 2 12
34 19 12 34
42 24 0 23
29 46 8 24
26 23 23 45
38 20 12 18
33 47 46 37
5 37 15 45
25 43 9 18
0 39 12 23
43 29 4 16
29 31 13 41
39 34 23 31
18 41 5 16
11 20 1 10
49 37 5 36
31 32 27 34
36 41 20 42
34 40 3 29
39 45 7 22
45 5 3 21
32 26 15 36
8 33 3 18
6 20 19 37
33 31 17 39
39 30 4 11
44 25 4 15
27 11 0 10
40 36 10 24
1 40 44 14
39 4 36 28
49 19 11 25
9 26 7 13
27 19 32 48
36 20 24 19
0 19 13 17
12 31 12 9
48 38 9 20
49 35 8 15
41 33 3 18
30 28 10 17
47 25 1 10
38 0 14 46
31 16 1 16
33 25 8 35
16 35 14 32
26 21 3 18
27 35 2 42
14 12 4 32
39 10 22 37
4 47 19 49
16 28 0 20
38 31 4 26
32 11 25 45
40 49 10 18
38 44 25 47
48 19 8 13
37 48 41 28
43 16 35 48
14 42 21 47
3 27 4 10
47 39 26 35
1 34 6 10
47 19 12 38
9 32 11 22
31 0 2 15
33 37 5 26
40 43 20 40
29 33 17 41
46 40 1 29
38 17 8 28
32 10 2 20
25 45 0 35
33 18 0 20
48 45 1 22
23 25 20 44
37 29 9 25
16 18 4 11
32 11 13 28
33 11 36 38
49 19 5 34
22 39 6 25
44 42 4 16
43 18 28 20
27 14 0 26
46 29 2 12
38 20 22 45
21 39 1 28
38 11 8 17
42 17 15 43
31 46 19 34
25 28 18 43
32 25 6 21
12 28 8 30
45 39 25 20
1 23 30 6
9 42 0 24
31 32 3 25
39 33 2 15
39 5 10 5
44 41 10 40
35 24 5 9
20 30 10 34
39 34 47 17
35 48 1 14
43 32 1 15
1 40 4 15
48 18 8 27
48 21 1 33
39 21 0 29
38 30 24 48
30 3 11 14
29 17 20 44
49 4 2 33
27 22 22 45
30 49 5 34
35 47 6 9
23 38 1 20
29 5 18 25
45 3 10 17
27 23 32 16
49 13 21 27
6 21 27 45
34 48 19 47
48 34 2 14
18 24 26 48
47 48 1 9
14 32 12 29
30 19 0 12
40 31 2 17
33 15 0 15
19 33 14 21
45 28 5 40
40 38 22 20
24 33 26 16
25 22 41 28
42 10 30 34
35 30 18 42
46 20 20 46
31 35 3 25
33 46 9 40
41 17 37 37
35 26 36 15
41 8 3 11
47 23 45 16
49 20 9 17
41 12 5 39
38 5 19 47
15 47 4 33
25 30 4 41
28 14 3 31
33 11 3 8
14 49 13 29
40 49 0 15
30 7 33 43
38 14 0 18
27 14 5 18
35 44 17 26
44 21 30 46
31 7 3 7
0 40 1 7
27 45 24 47
21 48 19 21
44 27 4 8
4 39 4 33
5 32 33 23
49 38 5 23
2 37 8 18
37 42 4 17
19 33 33 28
36 40 4 18
30 20 42 10
46 22 28 17
12 21 44 14
20 13 13 29
15 43 23 36
31 33 15 29
12 40 1 13
5 34 17 44
36 45 26 15
33 19 0 32
48 41 18 40
0 29 18 44
36 9 10 13
38 40 4 32
37 6 3 39
14 45 3 9
48 19 18 37
39 45 7 33
44 30 8 41
29 40 18 47
14 30 4 17
35 26 5 14
19 8 25 49
49 18 19 34
32 26 12 34
38 40 1 24
4 46 4 21
44 41 21 38
43 30 1 7
38 29 8 13
35 21 6 15
37 14 2 30
42 38 22 41
37 11 4 25
40 23 19 47
25 29 0 36
40 28 36 44
47 11 21 38
43 28 8 19
32 10 8 38
16 34 1 13
38 9 24 38
2 17 9 18
33 20 21 43
32 45 1 8
40 30 0 14
46 37 0 14
38 35 20 47
14 22 0 16
26 30 3 7
46 31 4 18
40 4 6 19
43 26 1 26
31 12 7 27
8 21 0 20
49 33 11 36
34 9 2 20
45 21 12 36
25 30 11 23
38 34 17 12
29 16 3 27
49 32 7 21
18 38 12 37
30 35 16 47
13 24 0 13
32 3 3 28
32 28 15 38
40 27 1 24
4 31 32 26
19 17 5 21
29 24 3 42
43 14 8 38
17 32 9 23
49 43 49 29
40 42 15 46
41 29 8 41
16 39 34 27
34 15 41 30
24 40 18 40
16 40 2 10
47 14 3 6
40 33 5 16
44 7 7 18
30 10 1 9
19 42 2 9
32 38 5 20
49 21 0 23
44 9 24 49
35 43 1 15
22 0 42 48
40 40 3 24
18 35 1 8
44 38 21 38
48 31 11 36
49 33 10 26
48 15 18 48
41 36 0 11
23 8 34 24
15 34 2 7
5 49 7 35
29 29 27 16
40 0 17 48
39 25 3 46
31 42 39 35
5 36 16 41
41 9 17 47
48 3 10 45
26 7 19 21
35 48 1 19
5 33 5 25
36 22 20 43
46 25 31 38
35 19 43 37
36 9 27 0
15 28 0 11
38 12 18 45
28 35 4 24
39 36 17 43
34 23 45 47
5 34 30 20
47 18 43 21
43 12 9 17
47 36 18 29
18 44 5 17
36 31 40 34
39 6 6 14
48 25 21 44
39 23 25 28
36 42 6 9
32 17 17 41
39 44 19 49
16 46 2 37
35 11 2 34
19 44 3 21
30 22 1 9
17 45 0 17
40 29 1 30
43 3 12 25
36 9 9 49
36 15 2 33
48 29 8 22
7 38 6 20
43 13 5 37
43 49 16 29
32 11 26 19
35 20 20 47
25 28 15 40
29 11 5 31
39 31 3 9
43 25 13 42
42 14 7 32
6 39 10 47
46 42 1 17
29 34 46 25
43 44 2 18
42 26 22 45
41 42 9 26
29 24 18 21
44 27 25 4
23 18 6 42
40 2 42 8
38 14 8 41
12 49 42 3
34 37 28 35
31 38 44 10
38 7 16 28
28 28 26 39
22 28 8 18
47 25 25 46
5 27 4 16
40 19 4 27
16 23 3 35
41 30 28 12
17 33 19 46
40 33 20 35
35 45 2 26
47 49 35 16
42 30 9 32
33 20 12 45
15 42 46 3
33 48 1 16
41 17 0 28
2 35 0 26
28 22 22 38
38 43 4 15
38 35 4 18
9 35 6 8
15 30 14 47
30 11 13 40
35 33 2 10
41 18 8 33
41 40 19 40
31 33 15 45
8 41 12 29
9 26 28 41
20 35 0 30
46 45 7 34
31 26 3 19
38 37 21 20
31 27 19 45
25 28 1 24
45 14 4 12
2 20 34 35
33 48 20 45
45 29 16 46
1 40 19 46
47 30 2 11
39 42 22 42
31 25 0 34
40 14 6 35
25 25 5 20
7 27 17 45
47 27 2 12
48 22 7 15
12 27 19 43
43 26 21 43
33 42 6 7
44 36 2 18
10 19 19 45
41 19 6 15
19 20 9 16
1 29 4 13
8 40 13 22
26 42 15 42
48 38 3 28
36 17 35 38
34 26 18 46
33 35 3 14
29 23 8 11
16 31 14 21
18 18 44 12
47 25 1 9
38 35 12 31
8 49 2 17
13 6 12 48
18 43 19 19
44 48 5 20
39 9 22 33
39 6 12 40
49 23 1 17
7 32 21 44
49 5 3 25
46 32 24 29
23 38 6 14
11 28 22 41
20 26 8 19
27 22 17 48
47 23 17 32
46 16 41 10
44 35 23 39
26 42 16 46
14 35 7 26
28 47 35 10
48 23 14 18
49 22 15 44
39 9 34 3
45 44 19 42
24 20 34 41
6 48 46 21
7 33 2 24
16 24 10 24
37 23 11 31
31 48 18 45
47 4 13 44
25 14 13 27
24 3 15 16
25 24 29 20
44 22 4 28
19 19 22 32
48 15 22 48
43 47 1 11
45 22 5 42
36 10 21 43
34 30 2 11
48 13 1 16
45 7 20 28
27 11 2 14
19 24 32 31
9 20 5 14
38 14 8 22
37 23 2 11
31 22 18 49
39 40 45 37
45 27 2 12
25 16 5 18
18 33 10 29
16 46 1 15
41 34 5 5
18 7 13 30
37 36 43 25
30 37 20 46
36 36 21 33
37 30 15 47
29 18 40 25
34 36 11 14
45 31 9 41
22 27 8 12
27 17 3 10
34 7 0 33
37 18 16 47
37 45 24 46
37 22 6 10
37 34 17 49
46 27 3 16
48 36 2 9
0 6 0 19
32 24 20 44
31 32 39 32
26 47 3 19
29 37 32 9
23 42 23 26
45 16 17 44
40 26 29 39
49 30 0 8
25 4 9 38
34 38 5 14
33 20 30 32
41 49 3 16
33 21 4 14
38 33 16 20
44 34 15 41
5 31 0 12
43 20 15 38
43 48 2 13
39 21 3 16
41 23 24 42
30 12 29 17
49 19 8 26
16 31 20 47
47 40 2 7
37 0 1 41
44 48 10 31
36 49 6 20
35 17 8 13
21 25 10 41
17 38 9 11
27 24 22 25
29 43 3 37
27 39 5 41
28 26 1 15
23 28 16 43
0 30 7 10
33 16 1 31
0 11 4 16
34 22 21 43
42 8 14 43
48 40 21 46
36 47 43 7
20 26 5 20
49 37 18 43
36 17 14 46
4 33 37 22
28 33 9 7
34 36 32 48
1 26 5 24
22 39 1 10
45 18 5 22
26 18 3 14
42 1 25 27
36 19 10 10
31 37 26 44
31 10 8 46
34 21 30 2
30 21 0 3
10 12 4 8
34 39 8 33
44 32 14 46
21 16 17 44
44 43 20 48
34 25 3 18
38 22 13 32
45 19 24 23
30 44 36 19
32 36 15 43
43 16 32 30
0 12 11 36
18 48 10 10
29 26 2 13
24 8 10 25
36 31 1 7
42 23 6 13
32 41 3 17
3 19 21 36
38 1 5 7
39 31 5 12
48 30 1 11
39 27 10 19
30 20 4 18
17 10 2 11
41 23 2 48
18 26 6 14
26 19 1 9
36 43 13 5
48 43 2 11
42 26 45 23
45 17 6 38
33 25 1 24
21 40 17 44
29 19 15 49
38 6 4 9
11 32 14 36
41 36 20 11
28 37 8 18
44 28 44 10
24 41 21 48
46 30 0 15
43 42 21 46
45 34 32 28
34 10 17 45
47 19 3 8
46 21 5 14
38 18 15 42
34 12 14 46
43 16 8 30
37 35 18 45
34 31 11 48
38 13 3 9
40 44 7 18
19 24 21 41
45 44 31 46
9 34 16 44
38 14 21 49
30 12 8 30
32 33 26 31
39 45 7 12
38 1 21 17
23 41 16 45
32 46 3 10
48 11 23 43
30 39 11 39
32 3 15 23
36 15 31 30
41 44 2 19
34 13 8 18
41 18 7 41
37 33 12 44
42 43 39 19
40 28 11 14
8 40 22 45
22 21 8 19
37 37 4 14
48 21 4 22
3 22 11 42
36 23 3 15
46 13 19 49
26 36 4 33
39 39 2 17
19 37 3 31
10 35 2 13
41 17 2 10
21 20 10 22
17 37 20 47
2 18 22 39
41 17 3 6
1 32 32 2
30 29 7 17
24 31 45 22
45 24 26 11
41 25 32 4
1 7 2 11
47 47 11 31
41 28 10 40
21 23 29 40
27 43 13 43
10 37 25 9
49 36 47 46
19 22 35 16
34 15 13 40
32 8 2 37
27 19 9 27
39 26 21 25
37 2 12 30
27 42 7 10
44 12 7 39
42 26 15 17
26 17 12 3
15 48 2 33
35 38 9 27
29 18 38 25
3 23 6 13
40 27 15 32
44 6 12 40
25 33 19 36
34 19 18 23
42 19 1 11
22 25 2 25
24 16 6 36
16 31 33 38
43 5 20 37
11 26 29 48
17 48 4 17
42 30 11 5
49 28 9 23
13 27 5 30
21 29 12 19
32 47 5 30
39 4 33 15
20 37 1 12
19 24 8 15
39 7 2 11
45 41 1 7
42 25 1 21
42 47 1 23
45 45 36 20
45 38 1 49
30 37 24 42
24 24 6 32
40 49 23 19
37 36 36 19
24 44 3 15
4 42 44 46
39 20 39 26
29 32 8 19
42 27 42 4
19 27 21 38
11 21 20 46
22 22 36 1
27 18 26 22
28 32 16 30
34 30 0 23
15 36 16 28
30 18 22 45
13 32 13 27
35 23 4 19
37 24 14 12
43 13 10 28
27 31 29 12
22 20 10 43
12 48 28 39
49 28 24 6
43 34 32 40
46 39 1 19
8 40 17 28
24 38 9 17
5 27 1 8
36 22 24 39
39 20 16 11
37 26 28 34
23 4 22 46
27 32 20 37
44 46 0 14
34 44 23 42
38 23 5 32
7 39 15 49
43 14 22 23
40 40 7 31
14 18 46 47
49 35 4 19
39 46 12 29
15 26 5 35
29 24 6 8
43 16 6 14
46 48 17 43
39 33 10 14
35 40 11 48
26 30 38 43
43 6 23 18
45 30 9 16
41 29 10 38
42 27 45 9
44 35 2 9
40 41 5 16
26 12 1 14
40 40 24 39
46 25 31 45
37 41 47 7
35 19 7 35
46 18 0 9
41 21 8 21
33 32 28 39
18 49 20 43
43 48 36 44
19 15 28 37
43 11 2 13
37 23 9 11
4 28 32 15
31 22 23 43
46 26 26 37
31 23 4 21
47 47 1 23
34 28 23 33
26 14 7 11
47 22 8 13
32 22 16 49
19 45 35 39
38 13 26 39
28 41 0 36
29 29 2 15
34 30 45 46
39 7 2 22
36 41 5 16
46 27 1 11
48 25 21 40
44 42 21 46
25 44 1 28
48 44 23 43
27 31 8 22
49 1 12 26
4 35 14 40
33 1 3 19
24 31 19 47
42 17 35 7
35 23 1 13
8 28 39 21
32 23 3 30
40 14 10 22
42 36 20 29
17 39 33 40
27 12 21 46
47 11 22 1
19 18 16 27
44 48 4 23
14 43 4 18
44 33 10 40
29 24 0 29
44 20 17 45
47 14 16 13
31 41 14 43
19 42 17 21
29 10 5 19
41 26 4 11
45 28 3 16
35 28 5 8
45 24 40 45
36 28 18 48
2 33 9 10
11 27 3 8
10 28 23 34
9 43 11 29
46 42 10 23
23 1 9 27
48 28 3 31
10 42 10 30
17 22 28 4
41 27 44 18
46 24 15 44
20 19 23 25
12 45 5 12
44 15 5 17
39 16 6 37
45 29 11 7
42 11 14 17
7 22 48 34
44 25 41 1
22 23 5 15
31 30 18 43
46 40 3 18
44 16 16 48
32 21 13 33
45 21 35 29
34 22 1 28
8 27 19 10
34 32 37 40
29 31 0 28
22 23 24 39
46 40 13 23
43 27 16 43
4 33 6 14
46 34 22 49
20 25 0 28
19 27 2 6
38 9 30 23
37 12 9 4
35 32 1 5
48 17 36 39
25 27 0 17
42 25 23 29
47 14 47 39
45 39 14 28
46 7 7 11
48 21 26 27
29 3 8 33
39 39 21 45
24 18 4 36
40 27 4 23
29 46 23 44
32 20 36 11
29 47 45 33
37 33 9 28
19 29 18 19
32 29 1 27
42 26 6 33
40 14 3 13
47 35 18 27
25 43 22 40
32 38 19 45
30 42 31 32
36 17 6 14
37 49 12 29
21 12 5 16
36 8 4 7
42 36 8 21
43 9 23 45
31 25 28 34
40 9 18 41
36 33 19 44
22 38 41 42
9 44 1 9
31 44 19 24
46 43 4 17
15 21 43 26
39 20 29 36
2 25 36 46
23 23 2 22
16 24 16 35
34 27 5 16
38 23 12 33
49 32 3 30
45 19 5 29
43 17 48 6
31 16 2 15
18 11 6 9
39 21 11 39
47 40 1 15
42 32 16 47
13 34 14 18
47 43 5 12
9 25 9 45
13 34 23 45
38 26 4 21
3 21 40 31
47 17 39 41
44 26 15 29
49 36 17 43
23 27 13 48
39 16 19 47
33 37 1 38
27 37 5 19
43 21 14 45
30 40 43 19
29 20 2 14
20 30 9 23
39 27 25 19
38 12 37 49
27 15 35 32
23 20 6 11
31 16 1 45
38 39 29 44
48 18 39 12
18 33 17 16
37 2 6 23
25 33 11 20
32 6 9 32
35 16 5 20
1 40 6 25
37 18 6 18
37 46 36 18
44 48 5 17
5 43 11 29
40 36 2 9
39 37 17 24
10 40 45 20
43 25 5 23
12 19 12 11
12 27 18 39
35 42 45 31
49 26 21 44
23 19 2 10
4 45 15 44
21 36 2 18
24 14 1 41
8 18 33 29
19 33 19 26
42 32 4 34
42 40 3 31
2 15 2 25
47 17 5 24
33 29 5 30
14 11 28 2
26 7 2 22
27 42 22 46
26 46 10 22
46 24 7 26
25 18 31 42
34 27 5 35
36 35 16 47
36 13 5 18
42 18 6 14
44 19 3 18
28 48 37 4
49 26 36 33
44 15 13 41
36 48 9 22
0 45 8 21
4 48 3 30
45 33 19 16
38 20 22 46
45 33 27 31
47 30 21 48
46 29 18 36
9 45 2 34
28 7 22 23
38 24 23 39
26 14 11 34
6 23 0 32
22 21 2 29
37 22 37 38
49 35 8 27
42 48 28 43
9 35 5 20
43 37 3 21
34 15 37 13
29 26 20 42
7 31 3 29
28 34 19 30
31 39 0 11
47 28 2 11
44 42 7 21
46 27 5 17
45 33 33 47
44 32 8 21
37 16 18 44
4 36 25 37
48 35 25 49
35 37 4 15
32 20 6 19
31 24 12 24
36 23 49 22
42 28 4 44
31 12 2 8
2 34 24 8
47 28 4 36
40 26 30 9
44 11 5 22
44 31 0 12
49 46 11 37
35 3 2 9
43 36 14 18
5 36 12 9
47 20 14 31
45 41 19 47
1 37 18 46
38 35 21 47
49 23 30 47
25 46 16 43
39 48 23 44
48 10 11 32
7 29 19 45
14 23 3 21
46 40 5 15
26 45 6 16
36 17 2 18
37 8 2 37
35 28 9 29
49 2 8 16
46 25 38 33
42 39 1 9
30 15 17 47
40 36 1 25
35 21 13 44
17 40 22 45
40 24 26 28
28 21 4 43
27 8 12 16
39 44 9 24
11 47 18 44
45 22 23 37
46 29 0 12
36 13 8 20
25 16 15 28
23 42 18 46
48 25 5 42
42 35 16 33
34 4 2 13
39 20 22 22
43 39 31 44
41 23 10 23
44 33 49 15
6 31 27 10
41 32 10 23
43 18 17 25
46 44 44 17
36 39 4 38
32 12 25 19
46 5 0 12
41 48 10 17
2 32 32 7
11 15 6 5
40 2 41 41
10 41 34 35
40 22 9 18
40 26 30 45
39 6 5 30
14 27 20 45
30 21 11 19
33 11 25 38
38 41 3 22
49 15 14 41
36 47 14 33
30 24 7 15
1 31 18 49
45 36 10 49
46 42 29 6
13 48 1 32
49 38 16 23
40 18 23 33
25 16 1 40
5 18 1 23
2 46 4 12
38 39 11 24
43 38 7 18
39 25 15 25
46 46 17 20
43 27 14 40
33 30 17 45
40 28 33 42
40 26 19 41
44 19 8 29
24 41 3 16
26 36 7 43
45 29 4 38
44 12 13 46
42 25 30 46
9 34 0 4
43 44 5 14
25 39 42 43
35 29 8 23
48 46 26 35
30 28 3 8
24 14 16 14
39 34 18 49
37 0 11 25
21 24 4 22
39 38 10 10
23 32 8 41
27 29 11 12
30 34 18 47
13 29 9 35
3 19 13 34
48 39 7 19
46 20 4 17
38 24 4 32
39 17 23 22
38 39 42 28
4 29 22 47
17 23 5 33
23 22 9 24
35 41 10 18
44 26 12 31
21 33 19 44
17 24 21 18
26 13 3 24
30 15 3 11
47 35 30 25
49 5 25 40
23 48 23 41
46 27 13 25
38 39 18 43
49 36 10 15
49 49 12 21
36 28 4 17
40 17 20 46
4 25 10 17
30 25 15 13
4 33 12 24
0 41 21 43
13 37 3 12
45 26 8 41
43 18 39 46
2 24 23 43
46 10 14 22
28 22 3 9
44 37 8 12
29 22 8 33
18 32 14 47
34 35 25 49
44 33 23 41
44 33 2 12
3 26 22 41
4 35 4 17
11 31 15 40
10 7 1 20
40 45 44 29
43 8 15 29
42 48 22 29
32 12 1 37
33 24 18 44
47 8 28 37
24 19 26 33
46 22 13 41
37 29 17 47
36 21 26 48
21 17 7 28
19 43 4 9
5 46 24 39
30 8 16 44
45 22 2 14
38 4 19 18
30 9 6 34
44 34 27 19
10 24 3 46
46 14 23 49
37 37 34 23
4 37 9 21
28 28 7 20
49 35 4 21
36 26 5 12
49 17 17 42
27 35 5 16
22 9 4 27
32 36 36 15
41 37 48 26
48 29 25 48
22 33 20 48
43 14 3 25
44 42 6 13
1 22 16 46
39 12 3 16
37 28 5 18
36 24 23 30
33 33 20 33
15 27 24 38
43 21 12 10
22 26 28 6
24 41 20 43
33 33 15 27
33 43 37 8
1 46 44 33
29 8 4 23
15 38 27 18
22 28 10 25
48 15 24 29
33 49 22 44
35 32 37 9
42 12 6 30
44 29 40 18
25 35 5 18
35 19 4 47
36 37 5 18
13 30 19 45
37 28 8 20
23 25 27 31
45 13 9 27
49 23 12 12
26 30 3 13
39 25 7 10
38 13 13 40
36 39 8 33
49 42 18 35
43 18 31 13
16 25 19 47
32 7 7 5
36 39 6 23
35 27 1 31
39 46 10 35
43 39 7 16
49 34 15 25
40 28 4 18
47 22 19 37
14 49 9 19
13 26 10 31
32 42 39 27
11 29 18 30
46 22 10 42
36 27 5 29
41 19 24 30
45 16 30 28
33 49 14 24
34 4 39 27
22 33 7 14
28 24 9 33
32 28 11 44
27 46 13 39
27 18 10 28
34 3 6 11
43 11 2 14
10 47 37 15
35 31 30 45
12 49 17 24
48 9 26 37
22 27 16 44
34 35 21 45
49 9 19 43
19 31 0 37
8 42 20 36
49 30 16 48
43 14 7 14
33 14 4 35
38 34 12 32
33 33 2 12
23 40 9 30
40 31 49 22
43 12 5 13
37 20 29 42
43 36 8 17
29 33 19 5
7 37 3 4
42 19 12 35
2 37 3 18
47 34 4 12
38 49 7 42
37 25 10 23
28 3 13 44
42 39 3 46
38 19 16 42
42 25 2 7
48 28 2 22
21 19 0 7
45 32 9 14
23 42 4 30
31 41 34 4
42 48 8 17
34 38 0 30
2 27 43 48
40 25 2 26
18 23 0 22
42 19 19 43
18 36 44 30
21 23 0 10
43 39 4 14
7 31 0 18
35 31 6 14
38 29 8 13
23 42 2 20
40 22 18 23
17 7 9 44
38 37 34 39
35 17 35 12
45 16 1 8
44 17 9 35
9 22 13 33
33 23 37 27
48 14 13 34
20 42 5 29
34 39 2 13
37 24 7 25
25 41 4 36
36 24 16 47
41 15 41 27
38 32 45 11
23 42 12 29
20 24 4 20
26 9 0 13
40 28 11 24
9 41 4 14
1 23 9 31
40 45 8 42
12 27 17 15
23 17 4 43
39 23 18 48
38 22 17 47
30 42 43 20
35 9 19 46
22 45 0 12
38 31 2 16
39 0 2 21
32 15 47 41
38 41 6 32
48 44 18 46
36 25 6 21
47 42 8 12
35 26 40 20
38 36 25 33
22 20 2 12
8 25 4 31
16 48 37 19
41 30 49 33
23 25 2 17
6 36 2 10
49 1 10 20
31 12 18 31
49 26 1 9
29 32 4 10
15 48 40 38
42 43 18 46
49 32 15 48
46 26 13 47
47 25 14 11
48 37 12 10
32 10 16 28
45 35 22 38
38 36 39 25
42 13 7 17
43 49 6 17
27 0 40 39
44 43 19 40
29 30 0 8
35 17 3 29
36 29 0 12
44 13 18 18
49 45 10 27
44 27 2 11
28 29 5 20
12 30 27 14
21 30 9 20
0 25 1 9
29 44 19 0
36 28 30 8
40 18 23 43
45 39 32 34
19 46 3 4
18 23 22 43
40 20 14 32
24 2 22 38
31 33 5 6
41 34 17 48
31 36 19 44
39 43 15 39
33 47 13 41
47 33 8 34
26 49 22 46
40 10 1 11
11 24 15 47
22 35 4 28
45 15 10 19
35 46 40 9
36 33 3 13
28 27 3 42
49 15 13 8
25 12 16 25
2 36 18 46
40 29 13 23
24 39 6 17
25 37 11 36
46 20 2 7
21 27 49 18
48 14 4 26
46 36 19 48
