50 669 14639 800
1 45 20 4
12 46 15 36
17 39 29 25
7 6 17 16
22 25 36 37
27 26 34 4
33 22 37 30
18 20 17 25
17 39 14 17
16 27 37 33
28 47 14 38
15 8 38 26
37 18 44 20
33 2 18 18
0 43 27 31
3 9 5 37
12 7 43 38
35 8 13 32
25 15 34 21
4 12 31 22
38 20 43 23
39 31 12 34
1 4 37 29
49 27 34 31
41 35 25 27
15 18 15 30
7 39 9 35
18 26 28 26
46 26 15 23
17 42 22 32
24 27 8 29
19 36 44 30
42 23 14 18
31 39 44 34
32 13 20 34
33 11 28 35
15 37 40 48
1 46 28 18
45 23 37 21
19 36 40 34
17 4 31 23
30 23 36 29
8 5 32 25
31 11 29 33
30 30 9 40
8 6 17 35
2 44 13 11
32 40 42 1
40 44 40 23
4 3 37 32
26 9 26 1
0 2 24 15
21 17 28 31
36 26 12 40
8 19 31 17
16 27 18 20
38 21 9 30
28 21 18 34
28 12 34 21
47 43 36 43
37 27 37 35
3 12 23 33
18 24 10 0
19 23 10 4
4 13 44 18
39 3 45 33
24 29 40 28
34 36 33 27
36 22 18 5
33 44 32 31
22 42 7 29
4 45 13 33
40 34 44 16
7 32 35 20
16 35 39 27
38 6 13 34
29 17 20 9
43 22 49 22
9 42 17 22
7 34 7 28
32 11 14 6
19 31 44 28
22 3 9 35
35 22 40 29
7 4 2 3
34 38 39 37
30 35 14 34
39 20 14 8
19 39 33 27
41 13 28 11
33 2 12 11
35 11 4 12
37 24 9 35
28 24 17 40
14 11 4 30
33 5 10 38
16 45 42 26
6 27 28 25
29 24 7 36
19 26 18 44
43 26 15 12
41 22 40 28
25 44 21 30
33 11 43 36
34 22 40 30
38 23 15 1
32 26 9 32
7 1 12 34
16 30 47 36
10 41 40 22
17 42 30 19
25 42 35 18
27 18 39 14
4 14 36 20
14 48 38 24
28 37 43 48
40 18 13 29
6 36 45 21
43 17 6 25
29 28 35 7
49 30 35 21
18 36 24 15
35 22 39 26
39 31 41 22
35 22 18 5
12 36 35 27
42 23 22 36
6 39 44 8
29 34 32 15
18 22 42 28
12 36 14 10
32 7 18 2
39 35 24 16
20 47 18 13
47 40 15 32
20 43 33 16
33 16 24 15
15 40 38 29
30 25 7 31
40 17 29 21
33 12 43 37
33 9 13 13
23 29 40 22
26 36 41 31
5 4 14 28
19 33 37 38
0 43 7 27
48 24 19 19
7 10 30 34
36 23 31 3
6 8 11 30
37 35 10 29
37 18 38 29
19 45 13 14
46 17 9 26
24 13 38 36
37 33 44 38
17 31 11 41
29 35 29 27
37 47 9 15
34 22 8 28
25 31 33 35
32 42 44 36
37 20 17 36
38 29 27 33
16 45 17 0
21 22 6 8
37 4 30 20
10 40 42 23
23 5 5 45
43 21 15 37
1 6 8 33
27 17 48 29
26 4 38 36
1 4 27 23
16 17 11 31
46 20 27 4
24 35 30 17
26 29 37 28
18 34 30 28
40 22 49 32
3 11 12 10
31 9 30 25
37 18 32 14
14 25 16 8
14 42 20 22
49 24 32 23
17 24 34 30
15 35 40 42
33 10 36 35
10 37 23 27
25 31 18 24
34 2 47 24
6 44 22 0
25 34 22 27
17 41 11 33
15 40 28 29
21 39 38 35
43 21 29 30
27 19 41 30
47 13 6 28
21 36 17 5
29 27 36 19
17 28 42 18
16 35 27 34
30 8 46 26
46 38 30 35
23 26 45 33
13 6 39 29
6 38 20 9
7 45 13 31
16 39 34 36
10 3 47 25
24 42 29 28
40 29 14 13
20 33 13 36
32 31 23 26
28 29 14 17
41 33 19 30
46 34 22 30
36 19 49 12
35 11 48 26
24 39 19 13
4 1 24 24
32 6 7 30
43 12 15 34
42 20 36 44
49 25 8 2
19 39 13 24
35 18 14 1
6 43 21 15
0 39 37 36
21 19 37 33
38 20 9 37
3 13 35 22
34 25 39 33
6 36 40 18
17 47 14 26
22 28 27 12
13 39 12 33
27 40 33 15
2 14 31 9
31 31 43 21
40 20 16 33
10 48 29 24
34 11 9 9
15 25 13 30
38 33 16 8
9 47 46 26
47 42 35 28
35 6 21 7
9 36 16 25
36 42 49 31
9 46 30 3
34 22 29 33
37 17 42 34
22 25 15 3
25 11 46 31
23 26 44 31
39 38 42 29
23 39 9 25
36 23 24 20
46 37 45 31
34 33 40 33
5 46 35 14
36 22 18 35
32 24 8 10
26 29 30 24
31 9 11 7
37 6 11 26
36 12 21 9
40 42 7 30
19 33 33 30
18 38 38 18
18 32 33 37
10 10 29 15
32 9 38 31
2 7 38 40
41 33 36 15
4 6 19 24
15 39 49 23
30 6 40 21
20 39 35 19
43 7 18 13
36 6 40 34
26 15 10 32
36 20 32 29
5 5 44 24
7 13 37 22
15 42 18 14
24 21 35 28
38 24 41 34
20 12 46 23
26 9 9 42
23 30 9 27
30 35 46 24
47 39 7 32
9 46 35 24
16 22 47 41
14 39 45 21
20 24 11 15
22 8 33 14
15 40 43 31
11 5 19 35
39 28 41 6
36 5 2 36
49 33 36 13
13 43 30 28
38 9 42 32
37 31 21 36
26 18 31 28
20 38 24 17
22 39 31 33
29 36 33 24
44 15 18 11
29 29 20 8
2 4 8 37
33 34 39 43
16 33 28 24
16 45 45 37
11 5 30 36
10 11 45 28
1 21 31 31
42 34 29 25
9 14 23 27
35 24 20 15
34 20 15 36
47 16 17 36
8 10 29 24
45 21 5 30
20 37 11 16
9 0 48 37
44 27 3 3
47 41 14 8
22 10 9 36
34 31 35 23
13 9 32 31
35 0 30 31
19 16 14 0
18 41 15 33
3 41 39 26
33 31 27 43
31 27 14 12
38 29 49 31
45 45 25 5
21 27 46 33
9 44 32 28
17 9 32 21
29 9 9 31
30 25 47 40
12 43 24 0
10 11 43 35
28 4 11 31
5 43 10 30
31 32 16 39
31 46 36 18
24 27 12 35
7 5 28 29
0 13 22 6
4 0 29 16
17 34 18 19
34 22 18 6
33 28 47 39
30 12 37 36
20 31 14 25
6 2 9 29
8 47 30 30
47 24 46 33
31 35 8 27
37 26 46 30
16 47 14 0
1 6 24 24
10 47 34 22
20 37 18 9
28 19 34 31
20 9 30 26
44 20 34 37
12 0 43 23
8 11 37 11
10 12 41 24
39 20 37 29
36 27 32 25
39 37 41 11
3 37 43 29
16 38 8 30
34 8 11 11
39 24 32 26
30 11 23 30
34 18 28 2
33 12 3 10
31 38 17 3
36 8 3 32
12 4 19 4
37 5 32 18
36 21 48 40
27 28 11 21
28 48 42 34
41 20 30 45
14 42 18 18
34 6 12 30
21 24 40 29
10 40 10 13
23 33 35 29
16 37 31 34
27 27 6 30
37 20 21 9
45 19 17 22
23 39 24 29
7 29 22 4
29 34 24 31
13 38 44 1
8 43 1 4
34 4 38 19
21 35 16 38
40 19 38 36
10 18 46 42
17 37 22 16
33 5 49 31
22 23 41 28
37 5 4 32
14 21 41 32
2 37 32 30
39 26 45 39
18 24 31 22
32 14 34 8
22 26 27 22
3 5 48 25
17 39 29 36
13 38 31 19
7 13 38 20
36 34 15 27
10 5 27 27
20 33 32 15
19 23 47 48
17 12 29 19
3 43 40 19
39 27 32 18
21 34 33 18
43 25 22 30
2 2 30 29
34 24 47 28
4 23 18 10
32 9 34 27
36 9 25 15
3 7 29 34
28 8 44 22
9 36 42 25
37 20 34 25
20 37 31 16
40 41 37 29
9 40 38 25
5 15 28 9
17 27 26 22
16 42 20 8
5 40 15 12
35 3 36 36
3 8 16 30
18 21 28 25
37 3 29 29
39 22 20 14
25 28 31 31
32 4 27 26
20 30 14 37
31 42 33 26
22 28 27 26
39 23 40 39
5 44 47 29
5 8 9 24
24 25 19 30
20 17 41 25
49 38 31 19
21 10 7 36
17 36 11 42
19 24 45 26
39 16 46 20
14 36 31 13
20 28 27 30
39 44 22 18
23 21 41 19
30 16 11 9
42 33 27 27
19 44 45 36
9 22 18 0
21 29 29 3
11 5 39 41
4 23 9 32
38 23 48 34
21 11 11 32
35 17 29 21
42 17 9 28
20 26 45 29
42 30 15 32
42 26 11 31
11 21 24 23
5 15 17 34
31 8 45 29
27 45 19 6
26 31 40 31
34 33 43 35
22 23 37 26
24 29 10 42
19 21 32 29
10 33 9 39
28 28 16 30
20 26 25 31
42 10 27 25
8 10 34 21
36 29 30 20
22 21 28 21
8 8 13 6
20 23 47 39
8 3 45 36
14 44 43 30
21 24 28 13
35 19 15 33
35 17 35 0
16 24 45 21
42 14 18 3
17 34 35 30
16 10 40 33
3 36 30 39
38 17 26 17
40 21 28 32
20 44 22 34
36 43 16 26
22 40 39 0
17 15 32 12
34 9 39 16
20 32 37 36
9 43 29 22
20 42 42 19
34 21 48 31
39 16 25 23
35 23 43 48
13 48 7 40
9 20 41 29
2 11 47 23
20 27 20 5
5 5 7 36
8 3 39 34
32 9 34 23
19 28 44 35
3 15 37 30
33 6 29 31
5 40 7 23
3 43 42 17
43 45 36 20
14 17 18 15
29 4 14 36
39 22 0 29
6 8 30 23
35 12 19 8
15 42 41 31
31 46 6 29
2 23 35 18
29 18 48 30
33 7 32 33
5 0 21 20
36 7 36 26
33 7 40 23
6 20 11 35
4 42 5 5
26 41 20 33
38 19 18 34
41 44 17 1
6 40 22 23
36 16 41 30
39 29 49 31
30 25 17 40
22 37 35 15
24 26 35 37
17 40 32 24
48 20 39 26
39 20 26 26
37 15 26 5
28 32 42 31
13 43 24 24
3 47 21 25
27 24 12 43
5 44 13 7
26 12 44 28
41 31 46 39
21 22 8 27
19 34 12 36
22 23 12 35
34 22 38 26
11 42 12 35
24 33 8 26
38 31 46 34
39 33 19 6
41 19 19 29
16 34 15 9
14 12 22 36
5 44 48 39
4 4 28 8
35 37 26 5
8 47 15 10
28 25 41 34
11 29 44 31
21 11 35 23
9 41 29 41
24 24 46 25
20 28 37 34
10 44 45 18
10 13 28 14
21 42 20 24
21 26 40 34
7 3 30 27
16 8 28 36
19 37 34 26
3 48 11 21
48 26 45 24
40 21 17 33
8 4 49 36
28 33 32 21
28 40 26 17
2 37 16 12
7 5 42 24
32 23 15 12
36 48 33 31
35 25 19 7
36 20 3 38
35 3 8 32
0 20 38 24
48 34 31 32
20 26 26 28
5 43 28 35
31 24 9 17
33 10 30 19
11 39 30 25
45 26 27 8
18 47 27 34
18 32 4 9
10 5 14 7
48 36 32 24
34 15 22 37
14 46 32 43
39 24 46 21
27 24 15 11
33 8 30 16
7 1 39 31
1 14 7 0
31 6 37 16
37 22 40 2
20 24 6 17
6 3 27 24
29 7 44 32
42 14 45 32
39 25 13 39
21 35 19 13
35 14 14 13
10 18 38 25
40 36 11 35
39 8 28 18
37 23 40 36
29 25 42 19
42 19 12 27
45 40 32 27
18 25 13 30
32 8 12 31
31 10 22 28
25 3 43 22
5 26 21 31
25 31 27 24
4 32 31 8
26 23 2 31
34 10 43 24
25 22 17 20
8 3 45 24
