50 76 13057 800
33 37 26 39
28 10 38 39
37 26 26 33
43 25 22 37
39 27 48 46
42 24 19 42
17 38 39 46
26 6 0 30
36 11 27 40
15 39 21 43
21 1 4 39
43 48 41 45
46 16 18 46
34 12 10 9
39 24 9 33
45 43 8 45
41 39 38 1
37 24 25 43
44 22 41 44
6 49 2 44
31 24 5 46
0 49 45 27
39 25 25 34
25 21 15 43
24 47 29 44
9 41 26 43
44 30 17 34
17 44 47 43
41 28 17 0
42 26 9 42
37 20 47 45
38 30 13 44
14 5 25 40
42 33 11 48
37 14 14 39
38 4 22 45
44 49 27 28
25 27 0 37
29 8 19 35
28 22 11 9
18 25 35 35
33 23 25 43
48 18 37 47
45 22 8 39
35 34 36 45
38 30 14 37
45 39 2 44
11 34 23 43
19 23 49 28
21 16 5 4
18 47 6 44
37 28 21 46
49 16 16 18
2 15 17 36
35 26 28 14
41 25 24 44
43 25 23 3
22 26 19 35
42 30 5 22
29 26 21 31
48 48 17 46
39 6 24 44
0 40 22 49
39 28 21 37
48 10 10 42
38 24 48 41
16 31 21 38
46 25 46 39
44 10 11 41
17 34 22 37
43 24 37 48
27 40 9 16
31 34 21 14
25 3 44 45
18 12 31 17
46 43 2 42
