50 821 13894 800
15 24 42 46
23 31 44 38
25 35 43 42
22 28 41 47
25 25 31 5
28 24 34 47
35 35 28 19
23 28 44 32
23 29 33 45
15 48 24 27
21 28 31 45
22 13 21 37
2 32 34 22
20 28 17 46
25 27 30 40
24 27 36 2
25 32 38 20
28 36 49 40
22 29 35 25
24 25 27 21
25 28 36 4
31 42 19 37
19 29 24 37
36 27 48 31
24 47 46 23
22 24 43 28
12 39 31 41
30 49 32 18
0 36 23 33
30 29 26 4
7 44 23 42
15 19 35 47
1 35 34 37
24 26 28 23
20 46 27 28
20 35 33 47
37 16 26 39
3 39 40 32
28 27 23 36
18 40 36 41
28 29 47 33
20 47 36 24
20 12 35 35
10 14 26 6
20 49 40 46
42 32 40 23
25 32 34 43
15 37 33 45
6 32 40 40
25 25 26 9
32 27 49 10
20 40 31 5
19 29 35 46
33 39 40 5
19 26 20 33
33 36 24 29
28 40 37 41
6 38 30 32
19 32 31 42
25 30 36 38
27 24 44 20
23 28 41 23
22 20 34 44
24 30 34 11
28 28 39 12
11 36 30 28
39 34 21 47
24 24 36 38
20 44 23 30
25 27 28 31
19 26 18 16
26 32 29 23
18 46 25 1
25 29 46 29
36 35 35 42
14 43 35 12
26 24 29 47
22 32 45 32
18 39 33 34
41 34 27 25
4 23 37 45
20 28 29 11
22 27 37 14
6 41 42 34
26 40 30 28
22 41 12 26
32 20 43 39
28 49 29 34
22 33 37 40
19 28 40 37
19 29 13 7
25 26 36 39
35 15 33 34
33 24 42 15
27 26 25 36
23 28 37 34
21 43 26 45
18 45 48 25
29 32 8 18
13 43 25 43
28 24 29 39
42 30 27 19
18 35 35 25
25 26 39 24
24 27 36 25
16 27 27 34
23 23 27 40
28 44 31 0
24 26 32 14
32 19 47 0
12 34 31 26
10 30 25 16
24 27 31 48
25 48 34 48
16 44 39 37
25 38 41 9
30 47 43 26
7 25 47 31
29 26 41 38
16 40 42 24
23 43 42 5
24 30 34 10
15 19 30 19
27 28 41 11
18 17 41 16
23 25 42 16
24 25 38 34
26 30 16 24
22 30 27 17
26 29 49 2
5 28 36 26
26 24 8 10
19 34 21 38
17 34 47 3
14 44 38 45
15 22 48 32
21 28 48 12
31 38 43 4
24 31 31 44
25 27 23 36
25 28 34 22
24 32 37 39
26 32 13 4
25 25 30 32
23 29 2 12
25 28 38 37
30 16 44 40
14 36 32 35
24 25 37 41
36 33 36 3
25 30 26 9
27 36 21 7
26 26 35 31
34 11 32 46
27 24 10 16
12 39 38 40
19 24 41 10
15 40 31 9
15 24 49 0
16 22 39 39
24 30 37 35
25 30 32 31
34 27 19 43
25 28 31 46
33 29 38 40
23 28 36 19
33 47 35 38
20 36 40 38
27 37 43 13
32 30 25 45
27 26 40 23
25 38 40 5
22 41 38 44
26 34 24 7
36 30 27 35
15 43 30 11
21 30 35 37
29 22 40 33
19 36 37 48
24 26 46 31
12 34 45 18
9 32 35 17
21 48 21 7
14 41 16 2
24 28 37 35
37 42 26 19
24 46 35 16
23 24 30 35
5 33 31 19
28 28 39 32
41 36 48 18
26 23 28 43
21 34 23 30
27 22 39 15
1 39 33 40
17 45 34 46
30 44 43 8
28 28 43 17
11 49 31 36
18 43 36 36
24 29 46 10
24 29 45 30
7 49 40 36
24 29 42 40
25 28 35 4
18 39 42 35
24 31 14 16
24 29 28 43
23 24 34 42
17 49 42 16
23 31 31 3
20 25 46 11
38 40 16 11
18 24 21 41
28 27 30 44
23 27 22 32
17 36 31 15
27 28 30 42
24 28 49 34
4 25 23 18
26 31 34 6
32 46 16 23
27 26 30 38
46 31 28 39
20 25 27 8
39 30 27 42
8 26 38 39
30 24 34 40
21 29 42 42
34 36 28 7
25 25 21 30
8 49 24 35
35 32 47 49
24 28 25 3
21 27 44 44
24 27 31 37
22 30 39 11
25 30 28 48
26 43 27 30
21 29 29 43
19 32 28 43
39 26 38 49
17 31 43 2
25 34 29 22
22 28 47 22
19 36 41 47
38 13 39 9
25 25 35 46
17 33 32 8
21 26 41 10
21 27 33 34
25 31 43 37
15 38 24 47
26 31 26 20
21 26 38 29
23 40 37 2
19 28 29 2
26 29 37 28
25 29 34 12
24 28 16 39
23 47 35 12
21 26 40 11
26 46 41 17
26 26 30 11
26 37 31 37
19 35 48 8
2 43 49 33
26 25 24 29
38 34 29 6
18 29 44 2
26 42 41 30
6 41 41 14
25 25 29 24
25 26 31 5
6 43 17 35
17 30 33 33
21 28 10 15
24 32 34 42
10 35 28 34
23 25 49 21
26 27 40 37
44 34 40 33
22 26 25 37
24 27 48 34
24 41 25 10
28 27 41 4
30 27 15 17
24 28 40 39
43 32 28 32
7 29 20 8
25 27 24 41
23 30 14 14
26 26 40 21
22 26 39 38
26 30 42 43
24 29 29 36
31 28 28 31
26 33 29 23
23 28 25 20
30 28 26 42
24 45 33 44
23 31 46 3
8 32 31 40
22 28 37 9
24 29 16 9
20 27 26 31
24 27 35 19
28 27 49 37
25 27 26 35
3 42 40 20
23 25 25 38
24 32 29 37
26 30 41 35
14 37 37 34
22 31 36 44
9 42 38 32
35 18 28 36
25 33 49 31
4 44 42 38
23 27 32 47
24 29 45 17
29 39 42 25
25 45 25 35
31 25 20 38
22 27 42 3
26 41 20 34
21 38 43 35
33 31 19 17
4 31 43 30
27 28 38 31
6 33 34 0
22 31 48 23
31 44 41 30
27 46 42 33
22 24 27 29
22 28 44 24
20 27 34 36
22 36 49 8
26 28 22 0
25 27 46 15
36 39 36 18
23 31 41 1
43 29 39 41
38 41 26 38
30 31 35 32
23 28 44 7
23 29 41 25
19 24 16 21
20 23 49 11
38 34 43 34
23 28 36 24
24 26 33 42
23 26 36 38
26 34 38 13
4 40 44 35
21 28 29 47
24 23 29 10
24 25 35 49
12 46 34 37
26 24 30 34
25 29 48 15
20 47 22 14
24 29 39 21
25 28 28 23
27 29 26 33
23 34 47 18
26 27 31 17
27 17 39 9
19 41 47 8
14 32 41 14
21 30 33 46
35 35 29 25
24 25 19 19
0 33 46 41
22 29 34 44
18 43 34 41
25 25 21 42
24 27 35 7
27 35 15 39
22 43 38 41
13 34 31 18
25 27 34 25
0 35 42 42
22 26 10 42
24 32 35 26
27 29 35 13
25 38 44 28
18 29 43 48
20 32 19 39
27 25 32 6
27 29 36 20
20 29 37 39
15 37 43 36
25 45 32 39
23 34 22 28
25 30 32 38
22 27 28 44
17 30 48 27
24 27 27 14
37 42 32 40
24 27 28 35
22 25 31 27
24 30 23 21
20 26 36 45
20 31 28 48
26 46 47 3
31 36 24 46
24 28 29 26
27 27 34 34
26 26 10 5
27 23 28 46
15 26 29 36
22 22 35 19
23 26 30 36
23 26 27 39
16 47 30 48
24 27 27 18
25 27 46 33
26 30 19 35
17 20 36 46
28 27 40 24
30 37 29 44
22 19 40 18
14 14 36 48
22 28 25 22
28 40 23 48
29 27 43 25
23 29 47 9
12 32 22 32
22 26 23 19
23 31 45 28
24 28 33 44
29 34 39 38
14 47 41 22
24 30 24 19
23 25 31 36
15 43 31 3
3 48 49 21
22 23 44 45
17 36 29 35
23 32 42 13
18 29 44 37
20 29 47 23
24 31 36 30
18 33 28 19
24 24 21 32
24 32 32 49
22 30 19 49
30 24 44 30
25 29 46 27
27 40 45 27
20 24 41 19
27 46 20 27
24 28 48 13
23 27 29 24
23 28 47 3
24 29 43 28
22 9 24 40
30 17 48 40
41 49 23 49
26 27 40 13
24 26 22 44
25 27 19 36
28 45 30 41
26 30 33 22
32 36 26 40
13 48 33 41
11 26 33 32
23 28 26 44
20 33 44 33
30 36 40 35
21 25 26 23
20 26 41 4
40 33 35 30
37 43 22 37
27 26 22 37
22 37 38 43
24 26 27 35
24 30 41 12
26 23 29 46
37 22 35 9
23 29 36 23
17 37 45 36
28 46 44 25
24 24 33 39
7 29 35 35
18 44 45 27
23 29 26 22
6 41 21 20
22 28 37 34
10 49 23 36
26 29 31 43
25 25 28 28
24 30 32 35
27 28 29 41
26 29 36 30
14 38 29 32
28 28 31 9
12 38 30 41
25 28 34 39
27 26 20 18
3 30 39 13
4 36 38 26
22 28 27 40
28 36 28 14
9 43 35 37
14 39 28 10
23 23 25 38
21 49 30 29
44 39 27 37
25 23 43 25
25 29 34 44
23 33 45 34
28 25 38 26
15 32 44 9
26 26 46 30
25 29 44 7
8 49 39 29
29 25 31 30
26 25 27 39
23 27 25 5
40 33 30 44
42 16 49 36
17 34 38 31
19 30 27 24
33 45 35 3
22 25 17 11
27 30 34 21
22 24 22 2
24 28 30 29
24 25 46 28
29 30 40 4
26 27 47 5
14 31 33 44
18 28 37 39
26 31 22 10
24 26 32 33
21 25 36 18
22 30 33 17
7 43 40 16
25 26 49 42
26 29 36 10
27 30 32 6
24 28 45 37
26 21 48 35
25 27 42 17
28 30 32 39
37 28 35 18
25 26 23 18
22 29 46 24
19 43 17 19
8 48 33 1
27 27 42 34
26 29 37 44
24 30 29 43
16 42 30 31
24 45 29 23
27 31 35 42
24 25 24 9
22 26 46 5
17 41 31 13
23 27 42 19
24 27 43 37
31 26 30 42
24 31 12 34
37 48 49 48
37 32 26 25
6 32 30 43
20 28 38 24
13 35 46 0
24 26 42 18
24 31 31 47
22 22 43 12
25 29 14 32
48 16 35 47
16 47 28 35
23 30 38 17
26 28 14 7
25 26 18 38
8 41 18 25
24 27 31 33
26 27 32 39
24 28 32 40
32 30 32 24
25 25 46 46
25 33 33 35
13 32 45 1
27 25 29 18
20 36 8 43
24 23 24 18
19 40 29 12
27 30 45 28
35 48 38 5
16 49 26 35
20 30 29 35
31 24 36 12
16 48 29 40
27 29 49 22
27 29 41 30
22 24 25 32
39 41 47 15
43 23 20 33
10 23 32 29
22 29 31 29
2 35 44 2
35 13 45 0
24 25 42 29
19 37 19 13
21 28 19 17
27 28 42 38
17 37 47 43
26 33 22 16
23 30 33 22
17 30 41 36
24 26 23 21
23 27 32 49
48 22 36 17
26 27 22 25
12 42 28 30
24 25 34 34
22 31 38 4
20 11 46 48
23 27 49 6
26 27 45 12
22 27 43 21
28 40 35 13
32 45 37 35
25 27 35 30
26 29 32 37
21 27 41 8
22 27 33 25
9 44 38 20
10 35 39 30
10 37 28 17
21 30 48 24
24 31 47 35
25 31 27 34
28 35 31 7
23 28 37 27
27 28 47 27
27 28 38 15
27 29 48 32
4 37 28 38
24 28 32 39
22 29 44 36
18 31 35 14
23 26 31 7
27 29 46 15
21 25 31 4
26 26 40 41
31 49 19 13
45 32 39 28
28 28 43 17
27 25 41 35
11 34 24 24
21 46 29 42
14 11 39 22
28 26 32 39
24 28 24 45
27 28 45 14
24 26 21 37
1 28 40 33
26 49 32 33
0 47 34 44
13 36 25 48
25 27 44 29
38 18 35 24
14 20 44 3
22 26 33 40
20 28 34 45
27 27 39 13
6 46 34 29
23 27 49 8
23 25 22 48
24 25 49 17
21 26 26 0
44 23 27 30
24 31 43 31
25 28 44 19
24 25 33 19
24 26 33 47
19 28 44 37
9 33 22 36
27 25 26 37
7 44 32 37
5 5 43 7
23 28 28 43
19 27 33 46
34 39 30 18
24 28 40 18
22 26 23 36
25 28 29 36
23 25 35 3
10 30 34 33
39 40 26 11
19 31 48 12
26 30 48 48
29 24 18 39
23 24 34 40
10 33 37 20
5 41 36 38
24 36 25 12
24 28 23 17
19 26 22 36
16 42 43 27
22 28 28 7
9 46 23 45
20 31 31 34
18 40 43 24
23 31 22 8
29 26 36 27
24 28 19 48
26 26 15 30
27 39 16 10
26 42 29 36
23 28 27 15
21 28 19 7
20 32 32 29
27 27 45 21
15 40 38 5
7 31 29 47
23 39 48 41
24 29 30 38
24 34 38 25
42 17 38 16
31 30 37 34
31 38 39 29
22 27 19 14
19 33 29 27
23 23 33 39
21 28 29 29
30 30 16 43
24 25 34 38
24 29 32 17
26 27 33 36
17 41 33 8
24 30 27 43
13 32 28 34
26 30 33 42
9 47 31 13
27 25 41 14
33 34 48 39
5 38 48 7
28 28 30 13
20 48 22 41
26 25 47 13
11 46 36 44
23 29 26 5
13 41 49 10
19 27 34 27
4 37 47 5
25 23 25 18
10 45 13 32
22 29 29 44
21 24 36 6
26 25 28 36
26 31 44 28
27 28 27 35
24 23 44 20
29 32 29 6
7 17 32 27
27 36 41 2
25 26 27 43
27 32 28 2
23 28 32 39
20 31 45 25
21 29 29 14
27 34 40 20
23 41 28 13
22 25 35 31
25 30 36 49
21 43 28 26
42 22 48 38
27 33 42 15
24 25 41 6
21 25 32 36
25 25 45 6
27 28 15 38
23 34 19 18
23 28 26 32
32 45 39 45
32 27 35 47
25 28 31 34
25 28 36 32
21 28 27 49
28 38 40 21
14 43 42 46
9 41 23 40
24 25 41 18
19 31 19 24
22 23 24 49
37 38 31 18
41 40 34 46
23 39 21 45
21 27 25 42
33 34 39 35
27 29 48 36
15 48 27 11
13 37 24 31
16 45 29 40
12 48 38 40
19 28 42 29
20 27 42 7
13 25 29 38
12 41 41 47
23 30 45 6
28 39 28 26
22 39 42 42
34 38 26 28
42 27 23 47
22 28 42 8
23 24 13 41
8 44 40 38
23 29 42 36
20 25 35 39
26 27 28 49
27 29 34 10
24 30 33 31
40 25 31 31
27 35 30 30
14 34 23 35
