50 326 13417 800
40 12 8 11
11 20 25 38
32 49 35 30
21 1 42 32
47 11 1 14
39 33 18 19
46 41 43 10
31 12 29 43
41 33 34 47
36 1 28 7
48 40 21 33
40 13 26 39
49 39 16 44
31 29 21 23
35 30 11 8
10 21 32 38
16 13 26 35
27 5 34 1
23 13 45 23
41 35 34 7
36 10 20 48
25 23 0 7
47 28 30 1
32 41 7 18
49 17 40 15
46 38 48 26
48 38 37 23
33 15 44 39
41 21 1 5
21 12 28 0
31 40 1 0
37 9 23 18
30 46 43 43
4 19 34 37
48 11 22 15
24 24 25 2
44 14 1 18
36 39 45 0
21 41 28 24
38 12 31 10
44 34 19 4
37 15 30 5
35 38 27 4
47 16 32 2
48 20 41 5
21 34 47 23
44 36 32 38
44 20 31 37
35 42 26 13
27 24 12 16
31 10 9 1
45 39 15 35
34 43 36 0
24 26 6 43
39 17 28 23
30 44 35 42
30 48 31 7
45 37 27 14
26 21 44 6
29 2 32 6
32 15 11 8
42 41 17 1
42 41 26 2
34 24 0 19
37 7 6 27
46 24 9 11
13 31 11 7
15 25 16 3
16 27 29 2
31 42 17 47
27 22 28 5
29 45 25 4
31 10 13 39
41 28 24 45
40 8 16 2
34 24 39 4
48 0 3 35
45 47 16 10
13 14 22 39
25 5 23 0
34 38 19 20
33 18 25 6
40 28 16 11
41 9 4 0
16 17 29 45
30 20 2 35
24 21 35 0
46 40 23 31
35 7 28 5
38 42 8 46
35 41 31 28
26 0 29 5
34 38 32 4
48 34 32 10
17 22 0 20
13 16 48 43
39 39 36 37
35 43 23 13
47 12 31 41
35 39 23 38
38 43 30 7
9 13 41 46
27 8 28 42
47 44 4 0
41 43 7 16
38 38 20 42
32 13 24 42
32 20 15 48
34 39 0 28
29 9 32 20
48 38 46 29
34 44 26 42
16 10 24 31
22 5 27 46
41 25 18 44
33 13 19 2
25 15 41 19
28 35 49 35
39 46 34 4
47 30 44 36
41 26 34 41
36 5 44 47
37 40 9 31
20 28 36 5
31 47 36 32
20 31 29 1
42 26 16 6
20 26 14 7
31 35 24 31
35 36 20 20
48 12 27 35
38 38 34 10
47 42 16 41
28 22 16 11
37 44 27 5
37 40 7 49
48 43 21 38
33 46 25 45
13 21 39 2
31 3 22 22
42 18 27 1
37 45 36 34
17 21 19 4
43 16 9 49
29 10 7 9
22 9 5 3
31 14 16 9
11 21 3 8
13 8 26 6
35 39 30 13
29 2 15 49
39 41 25 1
29 48 37 1
20 6 20 21
39 44 4 16
32 43 28 48
44 33 16 43
44 36 21 19
31 8 5 7
31 41 15 5
22 5 29 39
36 42 12 29
43 39 41 20
31 20 24 1
7 9 36 1
36 45 25 23
40 10 30 0
37 35 42 34
36 44 2 20
36 20 6 2
30 0 10 14
30 5 15 46
34 8 41 3
41 40 28 6
39 47 30 36
37 9 1 20
35 45 35 6
39 12 28 25
20 4 1 7
39 21 15 6
33 45 38 3
20 1 20 38
21 13 11 19
30 19 36 33
47 12 17 8
28 16 32 29
33 8 22 39
24 17 26 4
40 37 10 17
35 8 27 26
46 39 5 10
40 42 33 0
41 46 25 5
25 22 30 39
48 26 25 39
16 29 41 18
35 44 38 9
24 16 28 38
20 7 30 35
25 2 34 0
30 21 23 19
36 43 28 34
24 6 1 36
17 21 32 37
22 20 25 41
25 32 22 19
25 20 34 2
48 5 36 8
33 28 18 21
45 6 22 38
41 38 33 0
31 40 36 1
40 15 34 11
14 31 1 6
34 15 1 0
2 2 27 38
36 38 30 42
40 40 29 9
48 28 26 11
32 8 26 47
20 30 38 10
38 7 26 43
43 40 39 49
28 29 35 39
42 42 39 16
39 39 14 5
39 11 40 32
31 12 31 6
37 21 30 37
32 45 38 7
48 15 9 33
47 13 34 35
41 42 17 8
33 37 34 30
31 11 23 48
42 43 25 4
40 48 27 40
35 40 46 12
28 13 42 3
38 15 31 1
22 11 21 7
34 41 27 21
26 18 29 6
0 18 40 10
32 40 24 24
47 0 22 5
44 30 38 44
37 45 21 7
36 39 28 41
41 37 11 8
42 48 20 42
42 11 1 12
47 26 32 3
48 4 28 44
28 11 26 15
20 6 32 8
40 10 38 1
45 47 35 43
11 7 24 1
24 17 20 47
24 20 8 41
47 8 22 41
42 40 23 8
32 12 27 2
31 40 9 31
11 9 37 2
36 26 21 42
34 25 28 38
32 41 42 17
22 23 26 26
35 33 11 40
28 41 26 38
15 34 24 42
43 48 45 28
49 18 30 0
35 42 14 34
19 12 14 10
42 28 11 33
37 20 21 9
20 34 24 41
40 43 32 43
26 16 21 24
47 24 30 44
37 40 33 33
36 43 21 20
46 22 40 4
36 44 24 9
20 5 27 2
17 11 13 3
40 12 11 11
21 24 7 43
36 45 35 13
29 39 20 23
7 17 38 14
27 1 34 7
30 9 34 2
24 22 42 2
25 11 32 41
12 14 4 45
41 7 12 26
28 29 41 2
18 16 32 6
40 23 7 5
17 20 20 41
49 18 40 2
28 7 25 30
39 38 46 20
23 10 26 18
34 44 21 38
21 11 28 6
31 41 34 4
38 37 26 13
19 14 45 3
44 38 22 2
31 2 31 32
36 44 33 16
40 11 31 40
47 23 32 41
29 14 17 48
42 24 20 38
42 35 2 16
49 42 47 33
23 19 34 6
48 44 4 12
19 13 49 34
36 38 1 3
