50 977 16603 800
27 18 25 23
8 49 11 10
41 3 36 40
10 43 28 3
9 40 30 5
6 14 41 19
33 0 29 39
36 28 47 18
5 42 44 40
33 10 26 18
4 43 43 14
9 47 30 37
0 14 33 29
2 14 3 6
7 11 44 19
25 8 25 30
4 12 42 43
9 48 43 27
7 14 23 21
5 42 15 7
33 12 15 8
18 37 20 18
38 10 10 26
6 11 22 15
14 41 5 12
9 26 0 11
41 28 34 32
4 11 34 36
6 11 14 18
19 37 34 25
14 40 37 28
38 13 26 19
4 45 35 12
42 6 19 19
4 35 23 15
9 13 37 30
21 31 40 30
7 12 43 33
14 38 30 11
46 43 39 17
3 12 46 40
6 11 21 17
4 16 19 21
35 20 23 13
41 3 42 40
13 41 15 11
10 42 10 10
6 6 49 28
43 0 8 30
34 34 13 18
18 41 36 27
15 46 25 19
22 37 33 33
5 46 44 33
13 36 8 6
26 31 12 9
41 2 11 2
16 39 35 5
16 17 34 28
3 13 0 33
17 34 39 30
8 48 34 24
9 14 15 15
48 42 47 27
44 28 25 14
37 41 35 36
29 15 37 30
24 16 41 27
4 46 31 26
24 11 21 18
32 19 15 22
4 13 41 10
35 1 23 18
20 22 18 11
2 9 44 13
48 33 6 35
17 43 43 22
2 46 18 8
43 42 35 23
36 42 9 9
37 7 41 45
10 42 22 44
46 33 32 27
28 13 7 8
23 7 46 31
9 47 4 19
17 38 22 32
6 44 42 34
4 11 33 45
15 20 31 15
38 26 21 7
30 9 0 26
6 47 21 21
10 43 47 36
7 12 4 2
13 27 1 14
37 8 2 27
1 11 28 18
10 23 21 19
2 17 48 49
48 33 38 12
39 40 25 30
30 5 47 22
8 45 1 28
11 41 1 29
36 22 37 37
25 18 32 43
6 8 20 16
31 1 28 22
4 47 36 34
34 3 29 7
31 16 48 27
31 19 35 28
5 12 49 22
22 14 29 4
23 21 33 29
27 27 7 28
40 11 35 28
28 2 31 19
23 28 23 16
3 16 20 23
7 40 35 13
27 14 1 2
38 48 31 31
10 24 32 20
43 27 0 20
6 48 38 30
32 14 30 37
3 11 23 16
0 16 31 28
12 42 7 3
2 14 32 34
2 17 20 2
30 16 24 14
5 15 26 30
4 13 26 19
21 0 38 32
12 47 33 20
32 7 2 8
3 13 23 15
0 16 41 31
32 3 19 13
38 14 5 34
30 12 41 30
10 41 22 7
7 1 38 36
9 49 47 33
3 12 37 15
49 29 43 15
47 43 20 13
39 44 21 22
3 6 24 16
16 11 20 22
8 42 22 19
37 14 14 20
15 26 6 4
15 5 24 22
7 49 43 18
0 15 21 15
31 14 21 4
11 37 38 30
1 38 6 28
35 42 32 26
3 15 28 35
2 15 40 33
28 31 44 7
33 3 17 18
43 6 21 18
25 8 7 39
5 12 34 5
16 35 43 16
10 9 15 4
9 46 45 20
22 1 33 18
35 10 31 22
31 1 25 10
31 14 28 18
30 3 24 13
18 38 28 7
35 7 5 11
14 33 6 35
24 12 35 21
1 45 42 22
3 22 6 11
4 14 18 26
24 43 35 30
40 39 47 25
2 10 22 6
23 10 12 5
28 10 45 36
15 38 26 32
6 14 21 17
10 11 33 20
4 44 17 19
28 43 48 21
19 36 44 41
5 17 22 29
1 14 12 2
8 46 3 39
12 42 48 42
30 9 4 0
38 1 7 23
5 12 22 32
9 45 47 39
11 19 48 30
14 34 32 39
26 5 27 36
45 3 8 21
35 16 20 22
0 12 15 16
4 40 18 27
16 41 47 33
32 10 7 4
13 45 27 40
27 16 34 18
43 0 35 41
4 16 18 23
27 6 9 27
15 41 26 25
29 6 12 34
29 3 29 10
43 12 23 21
27 10 26 18
8 49 42 30
37 6 31 38
35 42 15 16
37 13 25 17
18 20 42 34
30 15 21 19
35 8 41 35
23 6 12 12
5 19 23 21
3 9 20 3
18 37 46 24
16 1 29 17
3 38 14 18
8 49 10 16
5 13 13 26
1 15 49 18
18 7 43 21
17 9 33 26
0 14 17 10
44 37 12 0
15 45 30 7
0 44 21 14
14 39 44 29
13 39 21 14
1 11 16 5
23 33 22 20
9 46 29 1
41 14 24 13
8 48 47 19
26 6 41 31
45 34 22 20
39 0 23 44
4 38 36 32
30 13 45 38
37 13 38 27
14 35 35 11
41 43 37 36
45 3 49 27
38 19 39 9
5 14 46 26
43 10 22 16
39 2 17 16
32 8 44 31
48 4 46 20
7 3 33 22
2 13 21 22
22 14 19 19
14 39 35 24
27 8 7 47
2 14 20 20
27 8 26 46
5 49 2 16
11 46 5 22
6 8 35 18
20 40 16 15
22 20 17 13
16 38 13 34
15 42 1 10
44 33 47 27
13 42 49 36
11 44 31 25
16 13 12 26
44 37 10 13
18 39 24 17
6 18 40 29
17 10 46 30
4 8 29 21
16 16 31 41
42 24 42 37
40 44 22 23
25 24 44 43
19 22 1 31
19 40 33 30
39 33 27 14
0 49 46 36
35 2 28 11
9 45 33 35
4 7 12 6
10 46 47 48
31 17 49 39
6 9 19 17
41 4 0 14
37 8 39 15
48 40 44 13
20 9 48 38
12 1 18 29
39 14 2 35
16 35 19 46
14 36 22 20
9 46 32 34
16 39 23 34
15 46 18 14
48 2 5 25
6 10 42 35
12 43 47 17
8 14 1 2
5 8 13 15
16 1 26 14
18 24 42 36
33 5 35 27
18 42 49 17
40 30 21 15
34 7 47 16
5 47 21 11
45 0 1 33
32 24 28 19
9 44 43 43
37 10 45 37
13 44 20 35
35 49 21 16
4 22 24 20
3 45 37 35
6 13 48 8
27 30 38 41
15 44 17 12
6 10 20 17
3 12 15 20
32 35 5 39
6 13 19 16
21 19 11 35
29 17 42 34
48 45 43 41
6 9 40 22
10 43 44 20
2 15 1 39
3 11 20 24
14 10 37 25
31 15 11 5
1 13 16 15
19 35 46 11
16 45 20 17
25 17 16 13
4 32 34 27
1 14 17 4
1 34 21 21
22 48 41 32
17 28 25 10
7 37 23 26
24 12 14 4
10 44 23 17
22 32 42 34
30 4 32 25
34 45 15 16
19 4 25 24
35 9 41 29
17 24 32 41
22 11 0 28
17 34 40 46
1 11 17 48
19 35 32 44
5 43 5 23
4 45 43 46
35 10 19 10
2 27 30 18
27 40 21 14
31 45 38 41
8 13 5 1
28 12 20 15
8 49 15 8
10 44 18 20
40 3 1 32
6 42 20 12
10 45 25 15
3 8 39 33
33 18 39 34
31 5 46 35
31 16 20 22
4 14 13 20
17 41 48 41
41 0 49 28
16 41 45 47
16 43 45 28
11 39 40 21
7 49 22 15
41 4 19 20
32 41 43 40
17 17 37 20
23 1 29 21
22 7 43 45
5 11 42 22
40 42 18 15
3 48 40 39
10 35 49 29
29 9 21 17
15 37 29 24
44 4 33 20
29 15 35 4
40 38 38 25
2 23 23 17
14 43 27 8
15 26 31 18
49 13 29 27
29 0 6 6
42 39 38 15
40 5 29 29
2 11 32 14
12 49 8 22
10 48 16 19
2 44 21 44
47 27 4 4
36 25 47 24
30 12 41 25
32 23 19 14
32 2 14 19
10 13 27 17
36 21 39 19
2 14 41 32
3 8 42 40
46 33 46 28
36 3 29 8
34 33 20 19
6 16 26 15
0 15 2 39
28 12 17 11
30 6 18 14
8 14 20 13
24 28 15 15
6 42 24 19
11 41 31 35
7 49 29 21
30 6 37 9
8 21 21 16
12 48 41 26
32 13 13 8
27 2 18 11
47 38 19 2
6 10 48 15
5 11 48 43
8 11 31 22
43 3 34 35
0 12 33 11
5 12 19 15
5 15 40 38
11 40 44 20
31 19 27 12
5 46 18 15
6 10 12 9
2 12 9 16
40 12 42 35
7 45 46 37
23 9 22 24
9 12 30 16
42 43 17 17
47 9 18 17
4 15 20 16
6 9 35 38
9 14 43 39
2 13 0 41
46 4 32 18
42 46 24 24
3 10 23 13
35 33 32 39
9 36 9 1
27 19 10 25
30 4 18 19
0 24 7 0
6 12 13 2
15 13 5 9
16 37 46 18
41 8 41 36
9 44 19 19
3 12 47 7
13 4 13 13
5 16 0 39
26 16 40 27
16 19 7 33
34 5 48 33
1 13 26 30
2 13 18 17
44 4 16 16
0 13 22 16
26 20 38 25
36 9 49 15
22 8 43 21
8 11 25 8
6 4 6 13
8 47 12 34
40 48 43 33
4 47 45 39
49 2 4 26
31 2 22 23
0 15 5 38
11 38 43 33
39 13 22 17
36 0 34 39
39 4 31 38
43 49 44 37
8 9 11 6
17 38 45 37
17 35 5 31
3 17 19 19
24 44 39 43
8 41 35 32
36 22 18 17
39 1 5 7
16 39 30 33
39 11 23 16
11 27 37 37
25 2 39 18
44 6 2 9
30 7 5 5
11 46 18 14
14 48 47 11
23 3 30 40
9 42 17 25
30 12 26 14
25 8 23 31
13 48 27 18
17 40 11 8
38 32 2 29
2 10 42 36
33 2 19 17
12 8 31 42
5 43 41 41
30 40 17 20
2 15 41 34
16 38 41 22
35 9 40 21
15 34 10 11
27 1 20 21
10 22 36 42
13 35 29 42
38 28 6 10
12 38 8 23
9 15 46 28
28 9 4 38
3 12 42 41
10 44 43 26
8 47 8 6
16 37 9 45
6 47 26 25
15 41 44 29
25 32 32 43
7 12 47 28
17 16 43 21
42 45 18 13
1 15 3 36
28 16 34 6
9 30 22 20
32 9 47 23
6 17 33 32
17 38 18 8
18 37 34 47
18 25 27 13
18 32 20 16
3 14 14 18
13 48 41 28
2 10 16 17
29 0 33 38
38 17 38 31
25 10 12 36
38 35 31 13
10 6 49 48
3 13 24 33
6 12 10 34
41 44 49 31
34 7 9 33
33 15 34 8
41 12 37 37
22 40 16 18
25 14 38 22
24 19 5 33
45 49 23 19
4 47 37 32
33 15 20 20
36 8 46 25
33 48 44 32
41 28 28 21
37 7 28 11
12 40 30 7
6 47 2 25
8 47 49 21
24 17 20 21
23 5 11 4
7 45 47 39
12 40 29 22
29 15 38 31
5 8 23 29
10 41 40 32
42 4 19 16
34 9 40 7
28 26 46 43
33 41 46 24
26 5 21 20
45 0 23 20
45 41 0 6
2 7 36 26
15 36 34 3
3 48 25 16
2 5 27 34
18 13 46 45
0 14 40 8
6 44 6 32
28 9 11 7
41 0 9 12
11 44 49 20
18 31 45 27
4 14 36 41
12 22 3 32
28 14 18 14
4 13 38 13
16 11 41 38
1 28 16 21
28 8 31 11
3 11 19 14
4 11 20 31
1 6 3 1
24 7 15 18
20 2 29 19
7 7 45 30
2 37 32 27
9 11 47 34
2 9 2 18
33 34 20 7
37 6 33 29
36 15 24 18
29 17 11 39
14 36 27 15
28 7 12 0
13 39 33 38
31 15 22 8
10 47 37 2
8 6 25 15
29 9 18 15
11 47 19 18
8 13 18 17
38 48 34 27
43 0 24 17
18 39 20 16
48 4 42 38
1 13 41 21
18 6 49 42
40 22 10 12
1 15 27 17
43 10 19 19
19 36 20 14
12 31 17 17
14 26 13 18
1 14 31 30
27 0 26 12
29 11 14 3
47 0 3 17
3 9 45 33
39 38 49 34
32 14 16 13
42 6 44 40
9 45 34 27
35 8 29 28
9 45 44 19
8 46 13 9
23 13 18 17
6 11 26 14
7 9 44 42
37 1 4 19
22 18 46 24
5 13 22 18
15 5 25 23
5 46 45 40
24 39 4 10
19 42 5 37
7 28 46 31
8 49 29 29
24 8 14 11
42 38 44 45
1 19 6 5
17 32 49 34
3 9 28 34
0 12 33 23
22 4 43 23
19 39 43 22
35 16 46 46
15 49 41 38
41 6 43 26
19 17 28 9
27 8 38 34
8 48 20 20
30 8 21 19
24 14 37 30
13 38 18 24
33 7 43 1
40 23 47 22
47 0 48 37
8 35 17 14
8 12 22 14
12 45 37 26
14 35 43 47
19 5 36 28
1 15 29 16
3 12 22 11
12 9 27 20
36 28 37 24
40 48 42 36
5 9 47 25
6 3 18 14
8 44 30 27
30 8 21 14
26 37 33 18
30 43 21 20
5 11 24 16
38 47 24 19
10 48 45 31
3 41 37 37
49 34 19 15
37 17 44 45
3 10 22 19
22 8 48 33
2 17 18 19
15 35 2 40
15 41 23 10
20 5 39 6
10 44 30 1
6 13 17 14
41 2 20 15
38 1 16 19
1 9 26 19
4 18 23 17
34 10 39 47
2 9 38 43
23 14 21 19
3 45 18 22
46 34 39 31
40 17 33 17
1 7 21 21
34 4 46 31
32 0 19 16
5 48 35 35
34 47 5 8
37 1 43 25
3 17 21 16
6 41 24 21
37 16 23 0
6 17 18 18
43 9 29 20
18 43 49 33
37 4 17 17
13 30 22 23
3 37 37 11
33 1 44 11
9 31 24 34
16 34 37 34
44 31 45 24
10 1 15 12
35 7 22 19
37 3 24 15
47 28 26 21
5 28 33 39
13 48 42 31
0 24 43 3
17 17 25 15
13 32 43 41
14 45 45 22
7 30 37 17
16 36 38 32
35 4 48 23
9 45 18 14
13 27 36 28
7 21 3 8
26 9 19 17
28 6 12 18
15 30 8 37
21 31 23 17
24 2 17 14
1 17 19 17
23 21 34 39
5 14 20 13
15 37 3 30
17 39 16 47
37 7 19 23
4 39 0 1
12 45 41 27
49 6 1 37
38 13 38 39
25 11 29 21
24 28 29 35
25 2 22 13
32 8 6 41
35 49 41 28
3 11 19 18
23 9 11 4
31 6 29 45
4 12 29 34
30 22 26 13
26 12 8 9
20 35 44 32
28 11 19 7
36 8 1 36
2 16 20 18
20 28 2 29
9 3 30 20
23 12 49 19
12 34 6 6
21 35 44 19
3 12 16 10
26 7 17 7
11 47 41 38
22 13 40 43
30 46 31 25
13 44 31 22
14 24 21 16
11 42 25 10
3 10 42 11
0 8 31 47
16 38 34 42
5 22 6 7
22 12 16 15
28 9 48 38
29 8 44 29
7 11 45 41
21 14 16 38
7 43 25 19
30 12 49 33
34 2 27 35
1 14 23 17
6 7 2 36
19 17 18 11
47 30 9 2
7 48 1 12
18 43 20 26
3 12 35 38
36 1 23 21
3 46 14 16
23 18 7 30
0 13 44 15
15 38 13 16
13 1 15 18
28 34 16 32
20 10 21 17
6 11 33 37
42 34 21 13
43 4 2 15
5 11 22 15
10 10 19 17
5 48 47 44
20 22 6 10
34 16 36 13
28 13 45 26
3 43 34 34
11 44 41 19
48 4 39 30
7 47 11 7
13 44 21 22
39 17 2 5
41 39 41 17
7 38 49 13
4 14 37 34
40 7 21 13
10 3 43 26
6 8 21 7
4 16 40 32
4 47 0 28
12 15 10 19
16 23 5 33
29 15 17 7
1 12 39 39
7 13 21 16
9 41 39 32
34 14 20 16
9 42 19 11
37 9 36 30
16 43 7 42
6 13 32 41
11 8 8 28
29 12 41 23
14 48 45 6
23 9 31 2
28 9 41 33
7 10 21 29
23 20 47 41
32 8 15 5
2 18 32 18
38 12 13 13
36 4 13 20
34 5 38 44
24 20 38 12
30 25 40 26
5 4 17 12
9 12 43 17
42 23 23 17
35 25 21 28
35 12 27 19
28 10 42 19
18 22 30 38
10 39 23 19
12 46 21 13
17 25 21 18
4 11 18 25
6 7 38 25
13 37 36 39
3 13 47 12
38 38 22 21
10 12 42 35
19 38 6 7
3 47 22 18
37 28 18 20
36 23 40 21
3 46 13 0
9 43 39 37
6 46 38 25
15 40 18 15
7 46 8 32
10 48 45 23
4 12 19 30
2 14 18 14
8 46 25 15
40 2 18 17
21 16 18 35
16 7 41 48
28 21 32 35
24 14 49 43
35 14 3 33
5 7 21 23
48 1 42 23
7 10 19 17
17 38 23 18
18 29 20 20
48 3 44 25
24 19 8 11
25 20 21 21
20 32 17 28
1 10 20 18
18 43 37 19
16 38 41 20
25 8 44 40
41 12 26 19
33 11 36 30
1 15 33 23
32 11 6 24
11 40 34 17
37 49 47 33
21 34 2 7
18 41 9 35
39 16 3 11
14 41 14 23
37 9 11 31
10 47 26 32
41 10 20 21
20 42 26 15
47 21 23 9
5 14 29 6
29 6 14 21
25 12 32 28
35 14 1 30
1 11 2 32
0 14 49 17
0 12 44 38
14 41 4 26
3 11 0 0
10 12 19 16
29 16 46 11
17 43 17 20
27 36 1 28
2 16 20 18
39 33 14 41
34 2 43 25
