50 1371 16118 800
38 11 43 38
19 23 46 22
25 45 40 23
29 16 19 5
11 2 40 18
7 2 26 41
45 18 34 32
26 40 30 20
20 29 45 20
8 43 42 26
43 32 39 16
49 46 32 21
26 13 31 28
46 27 33 19
31 23 23 7
27 19 46 34
9 20 47 29
3 31 39 35
32 35 42 20
6 22 45 17
0 44 39 21
29 42 26 28
23 45 44 32
0 45 41 19
39 17 9 27
38 25 40 16
8 20 12 19
35 20 28 32
9 30 2 37
5 18 31 6
12 36 30 38
24 42 43 21
16 37 22 7
15 13 32 29
24 8 46 23
16 20 30 23
2 30 37 18
22 35 42 19
27 14 10 18
48 5 11 20
26 43 30 36
37 42 31 21
14 43 18 8
9 4 48 21
19 39 34 32
3 21 28 37
12 32 37 25
3 20 39 20
43 8 28 45
42 13 29 37
7 27 32 17
45 22 36 24
18 38 38 26
7 37 44 34
8 12 7 29
14 22 39 12
16 40 44 20
25 22 35 17
15 40 27 33
31 21 36 11
34 32 26 34
13 27 38 12
19 45 25 23
40 2 6 14
17 8 44 18
13 25 13 30
35 30 35 42
20 19 34 9
24 16 1 22
20 19 38 36
43 14 32 23
45 12 29 42
21 29 15 21
29 38 41 21
45 3 32 31
38 22 32 27
16 44 17 22
5 43 26 27
13 8 34 24
21 22 47 16
1 1 33 20
46 9 34 14
12 36 45 1
22 22 43 7
1 26 41 25
10 32 1 12
17 33 6 18
46 49 48 1
23 40 19 24
32 32 35 29
39 14 0 8
29 46 32 25
0 37 18 27
6 7 42 19
14 6 41 11
22 32 27 25
23 24 28 8
10 30 28 28
30 36 48 29
23 44 30 12
5 13 7 21
30 15 31 30
49 37 34 32
15 34 35 16
2 47 44 9
22 19 7 0
31 8 46 2
13 26 47 22
10 29 21 27
4 9 33 25
41 12 29 31
31 39 35 0
22 32 49 19
23 43 38 29
18 45 28 23
21 41 28 26
17 45 20 13
7 25 38 25
41 39 33 32
25 48 39 28
25 48 48 22
13 34 47 22
18 2 13 39
24 4 37 32
31 31 42 22
23 41 29 30
25 13 28 43
6 2 39 30
34 19 43 16
38 5 10 31
16 43 21 24
9 27 23 38
31 8 3 46
27 35 20 27
43 12 37 28
27 42 23 19
42 15 34 35
12 22 42 22
28 48 40 36
25 41 17 24
18 35 48 21
14 33 47 21
49 16 37 25
40 41 30 21
24 15 38 28
29 49 39 37
34 43 16 4
37 25 13 1
13 4 45 19
29 40 21 35
17 9 24 30
33 36 22 11
25 45 17 28
29 6 26 45
1 1 33 31
8 35 29 26
49 35 36 21
18 38 33 24
42 26 49 15
12 17 47 13
3 17 40 18
41 17 5 9
36 18 40 10
12 32 25 4
12 15 30 23
17 44 21 1
17 14 16 29
7 30 5 3
36 49 1 5
44 39 41 29
13 21 32 39
15 8 24 36
29 8 39 25
26 22 16 1
22 27 37 27
29 17 14 21
13 10 27 35
14 31 33 23
17 48 28 28
14 0 12 20
34 42 20 25
33 19 26 32
37 9 36 24
24 25 39 37
6 15 42 17
26 34 40 20
16 33 42 24
42 31 49 23
8 15 20 30
20 43 47 16
33 46 17 0
6 23 27 20
25 13 41 25
18 27 17 8
33 35 37 24
17 43 26 33
40 23 18 30
26 42 37 16
33 28 16 15
27 22 35 35
34 37 43 1
30 26 29 12
20 46 30 22
0 41 41 15
44 18 25 21
28 41 7 31
16 35 28 46
26 18 36 33
47 13 40 21
30 7 7 43
13 10 37 36
29 29 44 6
26 43 47 23
2 47 44 42
44 45 41 6
14 29 39 12
21 24 36 20
21 40 33 28
32 48 44 19
3 8 37 27
23 45 12 14
34 5 29 31
22 35 47 22
26 45 33 26
22 15 46 17
0 42 22 28
32 16 34 33
30 12 23 40
35 47 35 32
26 7 36 33
12 33 41 24
19 35 31 8
35 4 41 4
40 40 23 31
0 20 26 4
12 49 38 20
29 36 7 32
14 13 32 32
20 35 44 24
23 15 43 19
24 19 37 38
38 32 11 17
22 38 12 12
28 37 12 18
23 41 8 15
28 48 35 24
22 45 31 32
37 22 48 12
34 46 26 37
40 33 25 17
12 35 37 29
20 47 44 16
7 12 31 10
10 3 19 36
20 41 20 18
10 12 4 10
12 28 27 23
4 25 23 19
31 6 11 15
15 40 12 19
42 23 45 21
34 28 40 27
23 48 34 32
23 47 44 26
29 18 47 16
28 43 37 27
43 9 45 12
29 45 46 18
22 19 46 6
24 48 27 16
35 41 37 3
15 47 42 25
9 35 30 1
19 18 37 21
19 14 28 24
15 43 41 20
25 12 36 28
23 3 18 31
1 40 28 18
28 39 32 31
34 40 45 27
46 29 38 25
3 37 24 23
23 39 44 12
46 28 42 0
18 24 49 1
39 39 31 22
28 10 37 26
5 40 28 39
25 8 40 32
9 2 43 25
25 24 35 36
29 2 29 45
32 24 28 36
28 40 24 10
38 42 33 29
29 34 48 10
48 30 35 24
46 25 44 28
24 28 41 22
14 2 11 11
9 37 44 9
21 43 47 8
17 0 47 26
5 38 41 18
32 26 34 33
8 8 31 32
23 11 35 34
19 35 37 38
32 32 31 20
21 17 43 18
2 17 38 22
47 5 37 1
44 22 28 40
41 21 35 29
23 5 4 25
26 0 1 15
18 36 49 19
27 15 41 6
46 17 48 14
8 34 33 14
20 39 29 30
28 48 17 8
28 13 43 30
23 48 12 10
10 13 44 18
22 42 42 4
27 32 45 2
45 33 17 3
23 11 30 29
12 49 42 21
41 6 43 15
1 5 25 29
20 40 43 24
35 22 3 22
24 9 15 18
31 38 35 33
27 43 45 20
4 30 36 21
37 17 41 18
46 29 34 15
18 42 39 24
38 27 42 9
24 37 33 27
5 4 16 5
26 35 42 13
19 23 16 41
37 39 13 19
33 16 44 23
17 35 43 18
24 44 26 12
34 39 17 12
10 17 29 9
31 41 41 31
34 42 35 25
7 44 32 8
25 10 37 25
2 20 12 6
24 46 46 11
19 39 46 33
18 44 2 6
3 35 31 10
32 32 37 16
39 41 37 24
0 19 18 32
27 44 39 24
10 1 29 20
23 45 27 32
19 40 33 24
30 38 31 27
10 5 30 28
24 34 28 23
2 28 31 35
28 42 42 20
21 32 49 22
20 44 4 14
14 36 43 26
37 47 46 34
49 18 45 8
35 46 25 38
28 41 2 5
26 44 29 31
2 8 29 30
40 30 40 18
16 42 33 11
16 41 40 27
47 27 35 21
20 40 42 17
19 12 14 38
12 30 23 27
18 22 21 25
49 24 45 18
8 13 41 22
35 39 30 26
40 33 22 14
9 41 0 7
46 23 11 7
23 43 38 10
23 31 32 12
16 14 26 16
23 14 32 18
1 22 15 39
4 28 36 26
23 45 31 25
30 46 48 9
22 35 44 14
38 5 24 45
31 0 31 31
22 33 47 12
43 17 34 28
27 48 30 32
16 22 25 11
30 20 48 28
15 15 37 22
2 25 13 26
43 40 43 7
31 47 38 17
12 30 23 31
27 42 33 27
23 26 48 15
32 12 41 15
37 18 9 19
13 43 0 42
18 35 46 29
21 33 22 43
21 40 34 8
17 40 32 25
19 48 7 16
32 29 34 23
32 20 38 19
25 48 27 42
43 38 26 43
31 35 27 34
45 23 16 36
3 36 46 21
15 31 35 36
9 35 36 33
14 41 24 23
28 4 37 36
6 23 42 25
40 27 13 41
33 28 45 20
26 27 41 15
30 49 22 32
24 40 45 4
12 9 40 25
47 4 42 3
21 38 2 36
37 16 38 7
2 28 46 19
32 32 36 18
43 17 33 19
20 44 15 28
0 34 44 37
37 49 41 22
21 27 37 26
25 41 27 32
22 42 29 15
29 3 47 19
31 34 29 26
19 21 15 42
32 29 38 10
38 30 40 22
1 23 38 31
14 42 46 17
6 10 39 24
2 4 41 19
9 32 26 14
28 44 12 5
4 26 46 21
41 21 20 21
34 42 33 17
44 4 35 27
37 22 46 18
47 28 42 19
15 8 6 13
15 45 23 42
20 31 35 25
34 11 22 37
40 33 11 18
21 43 33 24
46 27 38 26
34 5 43 24
29 10 38 30
23 34 48 17
27 2 46 24
43 44 49 18
46 37 26 23
12 7 24 35
13 28 45 19
0 30 30 31
14 5 40 23
24 46 42 20
31 28 32 49
6 30 39 4
21 9 39 30
28 40 43 20
29 26 43 19
21 43 38 13
5 35 42 23
9 11 36 17
42 4 24 18
0 41 26 26
29 33 42 24
43 22 45 4
40 24 46 14
37 19 17 35
24 34 22 10
36 34 41 14
21 8 6 41
20 30 37 26
24 46 16 6
23 19 7 16
43 32 33 28
35 0 46 23
43 20 43 27
9 21 46 14
2 48 35 27
14 36 24 40
35 17 39 10
33 1 12 22
21 0 42 16
15 31 48 20
0 5 19 15
18 42 38 31
32 13 16 42
24 38 20 37
28 29 26 23
24 43 10 39
24 41 30 36
32 29 49 11
46 34 49 15
16 30 39 22
41 40 10 12
9 19 11 15
43 12 37 21
32 26 17 19
24 35 36 38
0 21 27 27
46 15 31 24
26 47 46 7
21 40 36 36
18 47 46 9
22 40 40 27
23 40 40 28
30 25 30 32
26 35 36 23
47 21 37 15
19 35 29 20
15 38 42 22
6 14 44 20
23 3 39 23
13 35 18 1
18 13 33 24
17 26 9 35
3 38 39 32
28 19 1 39
8 30 25 33
8 23 31 26
20 36 18 29
31 47 30 36
27 14 22 23
11 39 43 36
5 34 20 1
12 7 35 25
26 21 41 24
39 0 42 23
2 31 34 18
24 9 16 18
24 39 37 35
16 38 30 32
12 27 32 25
15 11 47 9
24 40 43 47
7 35 35 10
23 1 9 6
26 46 38 16
2 22 49 29
5 41 39 14
24 35 19 37
8 16 24 39
24 9 39 30
2 36 47 16
8 4 27 13
15 36 28 28
13 29 40 26
19 11 26 31
44 37 18 31
22 41 20 33
46 10 38 19
40 22 29 41
10 5 45 19
4 12 44 18
30 44 45 22
40 14 34 24
15 37 43 4
45 11 42 24
28 25 29 42
30 48 47 9
32 49 36 32
27 39 39 33
36 27 3 9
11 35 33 28
28 42 39 24
30 41 49 18
14 5 8 15
29 43 41 30
22 41 40 15
13 28 35 28
48 18 24 23
24 40 42 10
2 22 14 7
37 25 7 8
49 45 40 16
32 5 32 12
40 34 32 26
4 1 35 33
44 40 23 19
14 41 29 25
24 47 38 23
13 22 45 29
30 31 33 38
23 17 29 2
0 19 35 30
6 34 11 30
42 20 42 25
4 39 35 6
33 19 39 27
8 17 32 26
13 17 20 37
49 20 32 24
24 36 46 24
18 8 44 8
39 17 39 33
33 4 39 1
23 38 21 26
37 41 49 21
16 3 45 24
5 26 21 7
39 9 33 40
1 18 6 3
32 7 44 21
9 15 40 11
14 33 16 9
22 39 40 23
26 44 48 20
7 46 30 35
8 29 43 22
41 40 17 30
34 5 39 32
30 42 41 33
26 38 40 20
33 2 31 20
16 39 42 20
25 6 39 18
44 3 36 13
11 17 35 20
23 39 42 20
29 19 35 30
25 24 32 4
38 22 43 19
21 37 40 21
8 15 35 28
38 39 28 25
4 26 27 10
3 15 7 3
0 34 36 34
15 42 37 19
28 29 32 27
44 12 37 7
25 43 40 32
13 18 27 38
1 30 41 31
47 17 49 6
31 38 48 12
24 49 46 16
18 25 44 25
3 21 38 23
22 36 42 5
27 44 45 19
38 36 10 7
43 14 28 21
7 29 41 21
47 23 45 18
15 19 10 7
23 33 40 29
26 34 41 16
10 44 22 33
27 34 45 17
6 30 33 23
19 37 31 28
19 32 16 17
17 38 32 27
46 27 30 30
29 29 16 15
20 42 44 24
17 10 24 34
13 15 6 1
23 42 22 23
18 40 44 2
5 28 33 3
2 7 28 29
45 46 1 16
21 42 9 12
27 45 15 3
24 46 19 18
45 27 47 21
12 37 16 27
21 38 39 23
19 23 31 22
19 35 39 19
38 12 38 18
29 22 40 19
4 43 3 13
5 23 24 24
34 4 39 33
8 7 45 20
4 33 36 45
22 16 25 24
14 36 36 24
15 42 41 22
10 34 43 31
19 15 31 27
12 32 39 21
22 35 44 20
5 13 26 21
12 15 36 29
31 39 40 27
16 33 17 42
45 14 8 0
27 43 22 43
27 28 29 8
17 23 32 34
15 24 43 17
29 47 46 29
33 9 40 24
22 45 32 34
24 21 38 17
1 38 39 21
24 44 26 33
28 41 35 6
11 33 40 21
37 12 36 27
45 6 34 21
37 19 48 16
21 35 39 30
44 32 41 26
1 42 43 16
30 32 14 20
2 34 32 19
38 37 36 27
21 35 33 16
15 16 38 32
22 37 37 26
22 7 23 30
35 11 44 24
35 36 31 21
31 14 42 9
15 26 32 21
19 36 44 17
14 46 40 24
3 1 10 16
12 22 35 4
17 18 13 11
30 26 49 25
13 37 45 10
36 8 29 32
1 8 48 9
31 15 44 23
23 49 28 23
20 45 9 7
15 33 25 8
17 27 32 33
6 26 13 9
12 34 15 22
22 46 27 19
21 45 47 17
27 38 18 17
15 31 15 10
20 11 35 9
46 19 42 33
25 46 47 21
35 8 21 38
34 36 28 23
4 4 29 33
20 42 33 19
21 42 40 33
41 30 32 19
12 7 41 1
12 28 47 20
43 43 36 28
27 40 48 9
44 17 29 24
40 25 22 12
20 41 22 31
19 43 34 6
22 39 13 36
21 0 28 11
28 36 2 2
17 41 39 24
3 44 40 12
4 17 46 4
40 42 19 30
13 10 47 21
14 16 36 29
1 39 8 1
29 25 41 14
19 13 37 6
21 2 14 16
17 12 42 41
36 16 29 39
39 41 39 8
48 25 46 20
19 30 7 1
13 23 45 20
39 15 49 15
38 0 36 38
27 18 46 1
17 22 34 25
8 32 39 42
6 4 41 3
30 37 47 17
35 13 35 24
32 2 32 18
40 47 41 27
42 28 48 18
29 4 1 15
22 49 32 35
27 35 42 20
46 27 35 10
22 43 21 3
12 9 21 44
30 41 46 23
34 38 31 25
17 32 30 24
34 18 26 26
9 29 14 47
33 22 47 6
2 32 12 39
27 38 9 36
23 46 13 6
1 31 28 26
21 6 18 17
33 42 23 5
28 28 32 38
24 13 30 28
11 42 46 21
7 14 35 19
22 43 11 7
31 46 1 11
9 8 22 7
26 36 45 17
32 26 28 8
22 43 44 15
25 48 11 3
24 1 35 23
14 38 39 38
6 20 44 20
3 7 46 16
11 28 43 22
27 26 39 25
38 23 15 21
31 38 6 12
30 7 48 0
38 14 45 20
9 40 44 20
5 1 49 28
3 35 46 13
15 41 36 26
9 13 32 22
18 22 41 25
5 38 42 28
23 43 39 10
25 40 32 32
26 31 19 36
26 45 38 8
22 6 37 29
15 36 35 26
20 13 21 20
43 32 35 23
36 24 21 32
27 9 40 22
38 28 9 18
13 28 12 34
24 35 46 22
48 47 30 29
19 20 13 20
45 25 38 21
24 45 43 6
37 12 4 6
35 41 30 24
9 1 46 19
23 37 17 43
42 22 15 28
36 1 31 11
8 43 40 22
15 37 35 14
18 42 45 31
35 26 17 14
2 11 15 48
16 41 45 4
41 16 29 28
37 5 20 5
47 4 10 12
29 38 16 37
30 45 25 5
16 40 42 18
9 2 27 35
18 45 36 26
13 46 26 26
18 35 30 27
33 11 33 21
18 37 33 19
21 42 45 18
43 12 39 25
19 11 37 12
20 49 44 17
4 25 27 45
25 44 33 31
15 25 46 15
10 10 34 22
37 21 40 24
6 37 42 29
8 25 41 23
25 31 33 29
2 32 16 7
6 17 10 25
6 39 47 19
21 29 46 22
38 36 43 28
20 31 38 18
15 24 1 41
47 16 25 24
7 18 17 26
11 31 33 27
48 4 15 42
16 34 46 19
22 37 13 13
10 32 17 27
22 13 36 16
39 6 41 3
19 46 41 31
35 32 19 27
29 39 8 11
0 10 30 24
49 13 38 13
42 32 44 2
18 46 39 16
13 31 16 2
33 11 36 27
21 41 40 46
35 8 38 37
2 31 42 9
21 40 41 25
26 28 48 28
17 17 26 28
20 46 32 24
13 10 21 11
18 44 34 7
6 48 37 24
18 38 31 2
19 6 34 23
8 5 45 26
34 16 25 23
20 36 5 20
23 45 41 21
19 9 47 19
13 25 45 11
9 43 43 22
14 7 47 9
25 28 15 32
24 45 42 11
27 9 9 22
21 18 39 22
42 20 17 14
24 44 36 24
20 49 44 22
31 30 12 24
46 12 12 42
10 10 47 17
9 42 35 1
2 4 44 34
13 30 28 26
3 43 46 21
24 35 27 13
1 31 43 6
30 37 30 28
18 33 43 29
47 46 15 34
48 19 12 31
21 2 35 17
48 7 42 8
1 22 37 32
33 33 33 28
49 42 16 20
23 41 33 30
13 9 36 24
28 27 7 7
7 21 39 1
46 4 35 12
33 37 38 38
24 21 15 16
25 42 23 21
6 28 42 13
31 37 31 26
35 15 39 30
1 4 49 12
21 18 49 30
39 25 44 13
8 27 32 27
6 0 38 31
5 0 14 48
4 48 34 31
25 38 40 17
12 10 40 18
11 43 44 29
10 24 13 31
16 35 42 30
23 25 40 10
13 18 41 16
7 33 43 18
29 37 46 14
35 15 40 27
32 8 2 1
6 29 32 23
3 24 47 23
25 49 28 46
14 39 38 23
16 34 44 22
21 2 0 5
6 17 41 10
12 35 27 41
19 40 46 19
18 24 27 23
0 42 30 26
31 8 34 49
29 16 15 9
8 46 47 25
30 36 42 1
36 4 48 24
19 33 26 33
17 42 45 11
14 43 34 37
49 27 9 22
23 32 33 33
22 27 24 19
8 38 43 21
19 41 41 23
20 40 35 20
40 36 28 13
11 17 48 23
35 9 12 41
16 28 44 22
37 23 44 22
27 41 33 17
26 39 41 21
18 7 45 13
8 21 30 23
43 9 3 11
37 43 45 15
20 47 39 15
16 45 38 29
10 12 40 10
39 29 1 39
12 27 30 42
12 17 45 29
19 35 35 31
18 31 42 26
22 4 19 35
4 0 46 12
13 42 43 22
33 8 37 18
18 43 38 20
39 6 25 24
9 39 16 23
45 6 30 16
4 38 45 25
33 40 42 21
37 30 34 22
25 44 34 31
42 29 47 17
20 40 48 11
40 22 49 5
49 18 18 42
38 20 19 48
47 13 33 28
9 30 32 21
34 39 12 10
23 45 47 18
28 32 17 12
25 43 21 26
25 1 47 17
6 26 35 15
35 24 17 22
1 30 17 29
1 29 48 7
27 35 47 26
32 44 46 26
4 30 41 24
43 21 49 13
23 10 44 26
24 43 38 29
33 41 23 25
24 4 43 25
26 47 37 1
5 47 0 18
30 39 31 20
4 17 44 20
26 32 41 19
19 38 36 25
6 27 36 40
32 2 28 17
21 45 19 10
31 0 42 15
30 45 46 12
10 0 44 19
29 17 30 12
8 45 47 10
37 28 40 36
17 11 12 21
19 38 36 33
25 27 10 17
18 39 36 17
32 19 46 26
9 10 40 26
33 40 44 21
14 0 33 26
11 5 48 15
11 29 47 16
39 30 40 16
30 42 40 21
22 43 15 29
13 28 37 19
32 20 36 4
22 14 36 18
29 45 40 15
34 21 43 19
30 43 43 26
21 23 7 9
27 19 44 6
28 28 37 18
18 6 36 12
23 45 32 28
42 23 46 19
5 25 36 13
2 28 47 21
17 14 33 27
19 49 42 22
39 20 49 18
22 38 30 22
10 28 46 31
41 4 31 24
15 25 38 26
26 33 30 32
0 35 21 13
36 39 36 22
31 40 38 18
18 47 15 32
41 14 38 29
27 33 40 4
17 4 11 19
23 35 43 22
5 35 46 8
35 38 31 22
21 40 29 41
40 38 40 16
13 40 16 25
27 46 39 22
3 37 42 17
11 29 21 36
41 46 48 14
6 42 18 8
28 45 15 16
9 14 33 31
24 18 18 16
35 28 45 19
5 42 26 24
11 17 7 12
13 14 45 20
13 18 6 7
15 27 34 25
7 7 40 25
15 40 20 21
43 13 49 23
39 14 48 26
29 30 10 36
34 9 30 33
1 23 38 25
37 18 21 37
45 34 46 18
39 1 34 29
20 34 37 16
6 21 46 9
15 18 27 33
31 4 35 24
19 20 34 17
20 38 42 0
4 36 46 37
40 26 25 35
36 18 36 25
18 28 40 14
30 5 15 19
8 8 14 11
42 13 38 46
34 40 41 35
31 14 42 32
2 11 38 32
3 6 45 19
16 34 44 26
19 42 43 25
38 21 48 17
40 29 18 49
5 14 42 17
38 7 16 17
13 45 32 20
34 12 42 22
31 34 26 7
6 29 37 27
23 42 33 26
6 5 43 22
15 21 40 12
31 41 17 12
18 47 14 15
41 46 24 17
35 7 32 24
28 29 36 26
16 48 44 19
5 9 13 16
14 40 46 20
26 38 37 25
33 4 41 7
30 36 34 4
41 10 27 24
30 18 37 30
4 16 32 28
31 21 45 16
22 43 28 32
22 6 29 39
21 21 43 7
1 4 30 10
4 13 38 19
3 34 41 29
22 38 45 11
4 6 3 33
23 12 44 10
34 38 37 28
45 20 38 22
16 47 13 18
25 37 33 19
16 33 35 46
38 14 24 11
13 33 43 14
19 46 43 23
20 36 43 29
20 23 47 10
30 39 35 30
23 32 46 25
15 16 38 16
18 46 39 32
22 49 42 38
36 3 38 18
6 20 29 12
24 34 32 9
41 16 46 15
14 28 0 23
39 0 44 19
10 40 46 17
4 31 46 17
25 35 29 23
9 24 37 15
4 46 6 38
24 9 28 37
43 23 37 15
9 16 14 2
28 41 17 26
24 40 32 21
23 11 37 48
1 28 25 36
33 29 39 16
3 40 34 25
19 17 43 15
43 11 34 23
32 19 30 35
36 37 10 10
26 19 25 30
19 41 43 22
15 18 34 20
20 8 41 19
10 16 37 29
5 2 36 16
48 6 39 22
22 18 26 13
35 4 15 45
27 15 44 33
13 14 41 25
20 40 40 13
47 25 48 20
38 27 45 20
31 41 34 23
0 30 49 25
18 27 20 14
23 24 37 21
31 21 44 29
7 20 41 25
42 7 44 16
30 39 29 17
11 30 47 28
36 39 46 15
6 43 41 18
26 32 44 19
14 42 39 24
7 13 38 29
31 25 21 22
27 43 49 8
26 4 35 21
19 34 43 22
11 41 21 32
28 19 39 31
25 25 20 23
6 36 33 0
17 43 32 5
24 40 4 10
41 33 40 27
45 42 25 15
19 34 22 36
11 16 23 32
19 43 48 4
38 26 46 13
23 28 45 10
12 34 21 29
21 28 36 20
28 26 25 32
12 32 33 29
8 29 21 34
17 14 33 34
0 22 48 11
20 24 49 35
37 3 43 32
17 42 39 27
26 42 42 25
28 26 45 20
8 8 35 8
42 17 47 25
13 30 33 22
43 12 45 7
38 17 45 15
20 2 22 6
19 18 40 22
33 29 29 34
41 19 24 14
33 10 11 43
2 18 33 28
3 2 35 23
39 37 12 8
26 30 37 23
20 20 41 23
31 5 44 22
26 1 39 17
21 39 37 16
10 30 40 27
7 35 46 27
22 27 38 12
16 28 43 6
9 11 46 19
19 36 8 24
28 2 46 9
35 27 45 23
5 28 37 23
22 11 4 19
41 40 20 35
22 41 3 2
