50 207 17122 800
27 13 30 29
14 34 27 23
22 37 24 10
0 39 46 0
16 39 12 8
10 47 18 8
7 35 34 26
22 46 26 9
9 43 16 3
32 24 46 6
10 46 25 38
28 32 31 49
39 12 15 22
35 9 48 1
45 12 3 20
16 30 40 33
5 48 14 5
12 38 45 0
21 48 32 16
28 13 21 25
3 38 5 34
29 38 13 26
25 11 24 38
16 6 27 25
2 34 42 3
31 6 43 14
3 46 5 9
26 24 12 8
7 49 38 2
21 4 33 9
4 38 38 4
14 47 5 21
33 7 15 2
42 10 27 25
36 19 11 16
4 36 41 11
38 17 25 29
7 47 27 22
39 21 45 18
4 39 28 27
39 17 13 39
20 17 19 5
16 40 33 37
34 22 25 18
3 43 15 14
20 31 24 24
1 35 36 29
4 40 15 9
14 36 26 26
19 22 29 14
42 7 43 1
14 49 39 11
12 9 30 7
31 39 44 2
4 43 24 18
0 42 22 15
3 49 40 11
40 25 14 1
17 21 37 6
26 36 37 1
18 38 41 0
36 15 39 7
8 37 2 2
31 38 12 5
6 39 24 3
25 12 10 29
30 29 4 38
33 8 2 41
0 39 21 44
12 32 6 20
30 25 18 7
19 37 31 44
32 5 46 1
3 38 31 14
46 12 28 42
26 30 33 15
23 25 48 1
15 35 7 6
17 23 22 32
34 23 23 2
8 41 44 3
4 39 5 3
24 48 21 45
2 40 39 29
15 35 25 9
7 36 42 4
16 32 48 46
5 0 31 16
25 43 48 0
7 37 46 4
18 49 39 15
44 23 45 2
6 38 45 0
2 40 9 49
40 22 28 5
23 42 45 0
18 29 16 24
1 36 38 12
22 25 8 27
28 24 8 27
6 5 17 20
45 11 43 3
40 17 45 1
33 20 16 1
22 43 33 14
8 39 13 9
3 37 37 8
20 35 32 13
3 38 44 2
10 29 32 12
23 39 41 4
23 33 39 2
29 14 15 26
15 39 44 3
42 11 32 12
10 45 3 38
4 44 29 5
23 33 41 10
10 36 16 43
7 33 22 44
42 19 17 11
1 37 29 30
1 35 31 33
4 42 43 3
22 25 28 1
19 42 41 15
16 37 32 46
22 36 44 10
13 42 44 12
23 10 47 4
25 39 26 0
12 28 46 11
2 38 28 37
11 49 48 0
20 28 16 13
2 38 29 10
8 36 23 11
6 48 49 15
41 21 14 20
30 24 40 1
26 36 25 32
20 17 41 3
31 19 36 25
35 5 29 4
2 39 15 21
42 13 27 27
23 36 25 13
17 27 3 47
19 21 14 11
10 40 4 24
4 38 34 29
5 38 45 3
30 30 42 17
8 39 38 24
16 31 17 18
3 36 47 4
22 35 47 0
27 5 29 16
24 33 40 4
12 44 15 25
35 20 45 3
7 36 46 2
40 17 34 14
3 43 27 13
30 29 25 10
39 13 41 23
21 33 15 48
5 37 47 0
2 40 26 6
16 39 30 30
17 2 31 38
28 7 9 17
19 41 45 24
2 37 43 0
13 38 48 41
3 39 27 17
8 39 29 22
19 38 28 38
13 32 45 0
37 22 45 1
37 14 29 41
13 48 9 0
11 30 44 0
2 37 36 33
3 42 42 1
11 35 42 21
4 27 27 5
18 30 10 42
1 37 47 11
24 20 7 0
0 40 25 6
38 0 34 3
10 46 17 38
17 30 42 4
14 36 27 46
1 39 26 46
23 35 44 1
2 36 42 2
19 28 24 9
14 36 37 47
7 40 5 5
16 19 23 35
39 18 1 35
3 42 22 17
7 49 26 22
6 35 36 2
32 17 14 1
