50 100 11725 800
20 19 10 13
18 43 41 49
42 33 2 18
45 32 36 45
35 12 3 11
2 22 43 28
49 33 26 35
42 33 41 11
23 27 6 25
42 34 35 15
45 35 49 4
33 12 31 24
43 4 7 15
39 3 8 20
38 21 5 14
17 26 45 36
16 38 8 15
44 29 33 24
6 15 49 5
27 11 42 5
16 18 5 27
39 7 47 5
32 15 36 22
43 33 38 20
48 36 10 23
14 26 33 24
15 46 35 20
41 5 33 23
42 35 5 17
8 23 38 24
45 33 48 13
24 40 37 21
14 39 41 44
19 13 3 28
46 33 38 19
4 21 1 14
10 16 8 11
1 36 7 14
13 36 42 1
15 26 44 7
42 33 10 31
17 18 21 43
46 35 44 8
31 1 47 7
28 9 34 34
46 34 32 26
20 14 37 27
19 40 47 5
15 35 23 28
42 32 8 32
3 18 33 16
10 14 42 6
4 38 7 30
18 29 39 27
44 37 41 29
37 23 27 27
34 32 42 3
42 33 15 26
14 41 35 38
13 43 39 6
4 21 4 14
28 42 1 39
3 8 47 12
45 32 6 42
9 45 40 22
44 36 1 23
4 34 2 27
44 2 16 25
41 12 18 2
44 33 13 28
42 21 23 38
12 21 28 39
11 18 32 26
44 30 40 25
41 35 5 17
46 35 47 3
28 31 38 10
20 46 6 13
46 11 46 38
45 34 3 2
43 29 26 38
38 10 48 16
46 33 8 12
46 30 19 27
4 15 46 2
21 34 16 20
9 10 41 5
42 36 5 11
47 36 12 37
11 13 5 35
11 22 30 8
13 29 1 36
24 5 7 38
41 30 12 8
13 27 9 28
31 22 7 17
31 9 15 22
14 17 46 0
18 18 29 44
44 36 17 26
