50 1084 14854 800
15 48 30 14
22 37 31 19
30 34 13 21
43 8 29 5
10 13 37 13
3 9 28 23
4 8 24 5
8 11 41 36
3 6 40 17
24 44 23 6
2 14 16 4
7 20 12 15
32 44 28 10
38 8 23 11
10 20 18 3
14 7 44 19
3 1 37 15
7 17 35 18
39 17 32 6
49 38 28 3
21 42 8 36
8 27 43 2
9 21 31 5
16 36 30 36
1 26 37 18
45 22 21 4
12 17 24 27
12 4 34 10
20 45 31 36
26 36 16 9
22 44 29 20
7 19 20 5
16 34 34 24
16 46 40 14
3 12 32 4
24 6 36 19
1 8 40 7
22 41 23 14
35 36 37 4
9 11 13 21
12 21 23 40
27 29 18 26
26 9 36 24
24 34 6 29
13 41 23 26
2 39 16 5
33 49 29 22
20 37 23 5
37 27 21 13
12 9 43 19
5 22 31 22
5 43 28 47
43 12 45 21
40 27 19 16
46 36 32 21
19 40 1 11
13 44 21 5
15 33 38 12
25 32 18 26
5 25 34 22
42 32 27 42
47 28 12 34
42 38 40 3
10 7 33 21
43 17 39 3
11 20 39 4
2 2 45 4
12 32 17 3
6 21 34 33
10 13 21 5
33 30 29 13
47 16 25 15
20 31 36 30
24 8 48 17
5 12 39 11
8 7 36 0
13 14 47 25
16 20 41 25
8 12 17 12
45 43 41 19
10 38 23 8
20 9 9 17
23 19 26 5
20 18 22 9
34 46 35 25
12 42 9 38
16 6 35 13
0 10 19 8
3 15 32 21
15 12 30 24
16 2 36 25
18 47 20 23
27 5 4 8
18 4 32 17
47 30 19 3
8 16 24 1
9 21 37 19
23 45 15 20
19 49 28 29
5 15 21 29
8 10 35 10
11 8 38 21
7 21 13 26
8 22 26 18
26 6 25 30
6 9 25 19
44 36 31 17
22 13 29 3
45 28 16 14
2 13 39 30
33 30 7 0
36 37 45 0
8 15 37 9
18 49 29 4
22 4 36 3
39 46 33 17
15 5 36 13
10 14 37 21
15 3 19 12
5 6 4 33
17 0 30 2
6 17 40 4
36 41 38 13
11 31 22 14
32 41 5 17
29 20 17 2
36 35 23 27
7 38 24 33
47 38 12 31
40 31 25 20
15 19 21 18
3 5 30 31
45 36 41 28
49 39 8 22
6 13 13 12
5 10 2 4
29 41 30 24
2 14 28 6
40 46 47 7
17 43 18 11
25 49 30 19
11 40 18 9
4 12 19 40
8 14 32 5
42 30 35 23
44 11 21 9
6 49 39 22
17 3 34 11
41 29 5 33
22 48 40 15
17 49 16 21
18 32 43 24
33 43 41 21
17 26 30 42
26 37 10 38
14 21 32 21
46 36 42 10
30 18 20 21
36 12 0 21
9 6 16 8
5 38 23 23
6 12 42 14
7 9 15 19
8 40 35 43
9 1 42 1
42 32 39 27
4 8 32 12
9 47 21 19
18 16 21 18
6 9 13 2
36 31 8 42
8 12 30 20
9 17 34 18
1 8 21 15
7 17 38 28
48 15 22 16
17 1 22 24
25 30 33 25
11 3 12 32
12 13 21 40
29 22 37 19
1 20 33 20
11 45 16 31
0 6 32 24
17 13 28 45
14 18 20 4
7 27 9 6
44 16 32 6
4 39 17 10
3 14 7 16
20 49 26 20
11 18 17 9
4 16 34 23
11 8 42 3
30 4 22 24
20 16 29 12
10 18 11 44
15 28 19 7
48 25 46 5
3 1 16 25
43 30 35 24
19 45 25 14
10 0 9 24
14 46 42 21
9 0 35 24
41 31 47 3
6 6 47 13
44 36 35 20
37 37 29 24
45 32 38 4
6 17 29 14
17 30 9 6
29 11 46 20
49 23 36 19
11 47 24 17
10 48 23 13
37 19 2 19
47 4 22 26
45 32 26 22
1 31 29 23
35 11 35 22
26 33 18 18
8 15 45 38
4 8 44 13
9 6 33 5
30 24 16 2
6 35 41 12
48 27 17 21
16 49 29 12
6 15 2 19
31 22 42 35
49 25 44 19
20 43 39 17
2 15 8 18
7 17 24 36
21 35 31 13
32 37 10 28
15 48 38 17
11 10 30 29
17 18 31 16
12 0 33 8
39 25 36 32
8 15 26 12
18 1 24 45
46 2 30 35
1 25 15 42
15 14 16 4
36 42 6 22
7 15 40 9
4 9 22 14
1 5 25 23
45 35 35 22
48 13 34 24
48 25 25 34
37 26 30 5
16 22 20 7
5 43 16 4
18 2 39 13
8 20 21 25
3 1 22 5
14 17 29 18
44 40 21 9
16 16 37 7
31 28 13 15
9 32 24 4
8 16 42 19
8 16 17 34
5 13 29 24
8 13 29 19
11 28 7 33
21 34 39 16
46 32 31 3
4 0 27 6
42 34 47 8
45 43 40 6
1 16 24 6
20 31 39 21
39 28 37 3
2 49 45 9
6 26 22 30
25 40 14 43
16 11 24 22
4 2 29 22
22 49 8 17
13 0 15 25
17 21 42 6
3 4 43 1
0 46 17 7
25 46 34 14
16 39 45 7
19 1 15 17
27 20 20 21
6 17 38 31
10 47 29 13
16 22 35 12
2 23 32 4
46 15 17 5
46 19 38 26
42 31 29 3
43 28 16 12
40 30 46 20
31 6 41 0
1 10 42 32
27 32 13 3
28 32 35 23
48 6 47 23
37 37 27 27
11 15 31 5
4 38 32 31
0 49 28 19
7 10 42 16
17 13 14 7
7 48 39 20
43 23 39 2
26 42 21 18
11 22 21 30
3 12 22 18
7 13 17 0
34 38 32 30
3 10 34 28
49 28 36 20
4 16 41 28
25 43 19 28
42 34 39 20
48 39 30 5
13 12 27 13
12 9 43 8
41 34 12 25
18 26 24 37
20 31 42 7
16 4 43 21
19 18 36 16
15 5 22 35
43 37 47 28
0 16 21 1
4 18 34 10
21 5 8 21
27 19 43 0
11 9 23 27
13 20 37 1
3 28 34 16
1 8 27 8
31 8 39 12
6 15 44 25
48 31 31 24
18 31 9 19
42 29 28 15
6 17 24 9
37 36 17 25
34 33 32 19
3 38 48 17
12 8 42 16
6 8 38 9
8 6 32 19
16 17 31 1
21 8 36 1
12 2 25 21
8 15 49 2
4 42 41 22
1 19 22 29
9 0 44 3
28 27 16 10
6 14 36 16
10 48 33 24
49 43 17 39
31 6 28 14
30 21 36 13
3 11 20 42
34 31 29 19
48 33 18 9
34 15 32 8
33 35 17 5
39 35 33 10
30 45 26 19
42 23 26 20
41 40 48 7
1 13 39 17
20 38 40 2
36 28 29 13
4 4 30 20
29 2 43 23
9 19 26 18
5 19 18 6
28 21 39 15
28 19 39 2
5 11 39 19
26 3 23 8
44 42 27 37
45 21 29 40
20 43 44 13
8 14 35 17
20 37 24 17
3 17 41 8
36 9 27 24
11 18 34 24
30 28 23 20
48 20 1 46
11 23 29 21
12 16 8 9
31 15 24 0
15 43 22 41
26 44 19 7
47 30 24 38
21 8 12 15
42 1 46 3
16 24 19 11
22 44 34 23
13 5 45 17
4 9 17 5
1 22 27 9
20 39 31 19
11 14 34 6
3 2 19 0
8 16 18 31
10 4 37 21
2 6 44 6
5 3 22 1
33 31 33 20
21 10 20 6
8 17 29 10
5 4 32 3
32 16 15 2
23 11 42 4
36 32 13 21
18 31 18 2
19 16 37 17
12 11 10 38
30 21 23 10
4 6 18 8
15 12 38 22
17 2 26 21
22 40 39 22
5 12 17 38
24 48 32 16
18 20 16 2
43 28 21 8
28 34 46 30
5 0 12 6
25 10 36 20
10 43 36 25
18 38 24 0
3 26 21 13
38 38 38 26
8 4 7 19
6 18 39 21
19 0 10 28
20 29 34 40
14 41 15 12
41 28 16 1
47 42 44 17
16 19 26 19
21 30 12 27
18 5 18 36
40 9 45 7
19 48 13 21
14 15 48 21
14 14 27 38
9 26 33 21
9 21 31 2
3 17 45 13
10 14 36 16
6 14 21 15
21 2 9 16
5 2 15 6
22 17 33 22
3 9 15 6
32 25 36 2
30 33 34 20
5 10 38 15
9 43 1 7
12 15 40 7
6 0 19 20
43 28 29 0
4 25 10 15
6 15 33 16
1 13 34 20
15 16 21 12
18 20 32 37
35 35 42 2
25 11 33 22
12 47 23 3
26 42 24 21
33 44 20 19
8 9 30 22
5 10 24 14
43 28 15 33
2 4 14 2
47 21 23 17
17 0 41 2
9 15 33 37
12 2 39 37
26 19 16 12
18 43 21 9
5 13 12 44
6 46 39 4
17 39 34 11
9 17 46 11
47 30 32 7
8 1 19 3
1 11 33 23
42 28 30 11
4 1 34 24
8 22 41 5
32 31 21 5
11 5 19 28
41 13 32 4
5 16 27 14
41 46 39 18
48 45 29 14
48 32 41 17
1 13 35 20
14 38 22 18
46 41 28 12
13 19 21 27
21 20 25 9
29 30 32 5
38 17 42 2
0 17 13 8
12 43 17 7
7 15 39 19
44 22 29 5
34 47 24 0
13 46 17 25
11 29 37 21
45 36 36 5
35 42 16 11
13 7 38 12
25 32 42 21
33 48 28 9
43 33 29 0
3 2 6 20
7 7 33 33
11 0 43 30
9 2 30 44
5 22 47 12
25 13 21 8
20 2 38 36
15 34 22 2
9 13 27 7
7 8 40 20
7 20 25 44
1 21 32 6
33 39 42 23
45 23 18 37
1 21 40 5
32 28 31 24
43 45 30 1
10 37 21 4
7 15 17 18
4 1 23 15
9 43 41 25
44 36 37 20
7 43 43 31
38 10 31 32
36 48 32 17
41 25 37 18
13 18 31 4
12 19 36 19
6 1 36 28
1 19 24 7
9 44 37 22
9 6 40 33
24 1 40 8
26 21 28 32
2 12 34 43
21 33 37 8
22 10 40 20
17 1 43 20
12 2 24 5
15 13 38 6
2 45 8 22
3 3 18 33
47 42 33 23
48 44 14 6
43 14 18 3
38 4 39 20
13 42 36 16
31 20 38 7
7 40 30 21
6 20 23 20
15 4 20 23
24 14 7 9
14 6 18 28
1 18 48 15
22 42 27 11
10 7 25 4
33 12 11 16
6 21 38 17
19 10 21 37
38 22 20 13
8 19 15 13
1 7 29 24
47 2 15 22
24 41 18 5
35 43 12 21
21 46 10 34
28 29 21 16
32 7 20 7
22 26 39 26
14 22 10 17
37 21 14 8
2 8 21 10
11 41 24 10
44 15 5 18
2 26 20 26
44 9 28 12
12 4 40 19
24 48 36 20
29 7 30 37
4 45 47 3
46 45 29 7
29 22 25 23
6 22 40 14
0 12 38 6
10 12 24 7
15 41 2 4
7 18 37 9
14 22 36 12
27 27 32 20
14 17 22 2
15 8 43 6
9 18 33 23
19 11 29 23
9 14 18 30
21 40 36 31
22 11 15 20
21 1 34 23
13 10 35 19
8 23 34 6
24 29 40 21
23 41 25 21
3 13 27 19
45 46 31 30
46 47 17 4
18 1 28 4
21 31 34 7
4 49 27 35
45 17 26 23
9 14 35 17
21 31 21 23
39 23 2 33
16 37 33 1
34 7 37 20
43 44 38 21
39 40 15 7
12 41 38 24
40 31 25 31
22 9 25 12
48 41 39 20
44 26 3 35
45 34 46 24
15 39 22 14
38 30 18 31
9 49 17 4
19 43 27 19
13 31 9 16
9 7 36 19
15 48 29 43
6 19 34 16
40 40 40 24
11 18 21 1
21 36 27 1
34 3 40 0
6 19 33 24
5 15 32 8
36 35 30 7
8 16 36 18
28 33 29 17
18 0 18 5
14 10 39 41
31 15 47 11
10 18 39 5
2 11 28 16
1 12 17 3
4 20 43 15
18 11 17 2
48 39 29 12
18 37 28 33
9 1 10 39
13 8 26 1
0 11 29 8
12 14 5 38
4 12 29 15
14 17 19 5
16 14 23 26
6 35 37 24
4 38 32 22
43 41 27 14
6 46 1 18
5 12 43 42
2 11 34 3
38 39 23 27
1 48 37 17
46 33 18 22
7 33 21 30
13 2 27 24
19 12 23 3
24 47 23 4
15 20 34 19
8 10 19 29
21 49 13 14
14 6 38 27
7 14 35 8
15 22 0 24
6 21 16 28
6 48 20 42
19 4 32 8
23 47 33 16
14 4 38 16
13 19 46 38
22 41 40 23
10 8 43 16
23 42 42 8
12 21 41 25
8 3 24 5
37 27 19 10
45 19 24 6
14 43 37 13
14 10 31 7
4 41 44 16
48 46 17 20
11 13 23 8
20 27 38 19
12 9 23 30
37 10 18 3
10 24 30 16
8 5 22 9
5 21 18 17
20 34 34 20
20 45 34 17
29 36 46 33
27 2 23 22
22 25 24 8
49 35 40 19
36 34 22 2
46 28 19 1
17 5 28 3
42 47 31 11
19 13 35 4
2 20 27 21
47 32 31 12
14 13 10 41
3 41 19 8
16 14 33 2
36 33 17 13
9 2 21 13
33 12 13 5
24 33 9 23
24 27 33 22
42 23 24 24
23 38 46 14
10 31 21 2
2 42 25 14
40 39 13 38
16 11 34 20
1 44 34 31
18 10 47 5
17 11 28 47
1 4 37 2
10 15 21 4
42 5 28 16
15 7 20 10
3 47 19 17
29 46 35 15
16 4 24 6
15 15 16 2
0 16 11 24
19 13 10 42
47 30 29 4
2 43 16 6
4 48 19 2
32 13 38 9
8 2 0 14
38 41 19 12
41 32 25 0
34 21 33 14
3 38 48 5
45 25 30 17
48 42 43 17
8 3 36 0
21 16 24 7
8 16 35 22
29 39 26 13
13 19 42 4
32 2 38 28
14 16 43 14
37 37 31 14
46 45 21 37
6 20 5 35
31 28 22 26
36 32 43 21
11 42 13 30
33 1 23 36
4 5 34 18
40 33 31 18
28 48 33 28
17 2 30 37
11 49 49 10
14 37 12 16
30 13 38 25
34 37 34 27
21 43 25 9
8 18 47 9
9 12 10 17
31 30 39 4
7 37 40 20
44 14 35 21
15 38 37 34
13 10 31 30
4 7 33 4
30 41 32 21
33 39 25 23
39 26 32 19
40 36 38 20
20 35 28 19
27 18 14 11
20 41 40 20
10 3 46 6
12 9 31 24
4 39 23 7
21 39 16 7
30 33 39 26
18 35 30 3
42 41 36 22
7 11 0 13
38 19 19 24
12 3 19 7
39 37 15 9
25 4 49 21
38 5 31 18
41 28 12 26
12 41 11 19
8 1 14 0
14 4 3 18
1 48 34 16
4 15 16 22
42 45 17 11
16 14 7 33
40 37 27 23
32 36 36 10
28 2 34 19
0 33 37 23
42 27 18 10
1 17 46 29
9 37 29 13
8 21 21 14
13 0 32 35
46 32 35 29
2 16 33 18
9 10 48 22
10 16 33 11
20 8 9 5
5 13 43 25
42 40 24 8
12 16 28 20
20 43 5 9
2 3 4 34
45 38 15 5
8 17 22 1
22 42 9 2
10 27 25 17
6 18 38 14
16 24 12 48
31 32 20 0
2 2 24 16
25 38 36 18
16 41 33 22
4 14 40 2
6 23 25 8
49 40 25 8
1 13 47 0
6 47 29 39
8 13 27 11
18 22 32 13
24 32 39 24
7 16 12 18
14 18 19 24
7 15 43 17
31 24 40 7
5 14 37 26
13 13 38 14
16 12 14 33
35 33 22 43
22 12 29 34
15 23 15 30
0 47 46 2
17 44 23 32
1 2 36 31
38 35 24 22
28 39 34 14
22 11 1 13
37 43 37 12
9 19 45 13
3 15 20 8
10 46 23 8
49 21 33 12
7 2 23 6
21 44 16 38
49 34 25 4
9 13 32 15
16 47 15 31
43 19 21 1
10 47 39 21
3 5 28 17
11 6 20 9
45 28 18 29
2 39 19 14
41 22 23 30
44 48 45 21
6 10 39 18
3 14 44 29
19 6 38 32
19 42 24 6
26 40 33 6
11 1 20 6
36 0 34 13
38 28 20 23
18 32 31 20
40 19 17 3
38 20 19 4
47 38 44 26
22 15 40 18
37 34 34 16
4 12 28 26
9 2 36 27
4 22 21 11
37 32 17 14
37 48 35 10
41 36 14 39
13 19 38 20
22 15 38 2
14 12 30 33
31 9 7 45
43 23 32 28
21 43 30 6
3 15 21 5
33 19 22 33
6 18 31 12
2 12 43 2
9 10 35 26
37 38 38 3
2 0 33 25
37 20 27 7
35 43 31 16
47 25 2 25
11 49 13 33
19 8 16 5
44 44 42 15
13 28 31 6
43 40 2 39
39 21 28 2
42 19 30 0
26 49 17 26
9 14 22 20
31 44 35 24
39 34 9 26
9 14 25 14
10 6 17 7
49 15 12 23
10 19 23 28
9 15 42 18
5 18 25 9
12 5 46 8
3 47 25 4
10 16 39 18
34 13 11 16
21 37 22 22
27 9 12 11
38 39 22 16
40 18 45 16
42 32 22 10
40 37 29 4
27 30 12 20
7 14 25 9
12 4 30 2
8 21 14 13
45 32 33 15
13 13 35 15
15 45 33 18
0 18 24 32
9 49 32 16
49 41 18 7
12 21 14 6
7 39 25 40
17 11 16 24
45 39 3 6
7 12 33 17
49 27 29 0
9 37 31 14
30 34 43 37
45 47 18 5
10 9 44 18
28 1 32 3
12 8 7 21
9 36 32 8
28 22 38 20
27 28 16 4
4 41 40 32
16 16 12 6
24 20 48 17
38 30 35 23
10 41 8 27
3 19 45 13
36 46 20 21
9 2 47 11
40 29 40 4
41 37 17 34
3 5 36 23
16 31 41 14
35 39 11 18
14 26 38 5
27 46 41 2
13 31 40 17
11 11 42 31
37 35 27 21
9 47 19 5
9 6 26 47
26 32 37 20
22 45 42 10
5 4 12 23
12 14 37 5
9 44 34 1
38 41 41 23
11 0 39 26
44 14 30 10
3 31 38 14
4 22 29 1
5 25 24 2
2 17 32 0
43 22 5 1
2 11 48 28
12 12 35 15
8 4 42 25
4 14 30 0
46 29 40 12
43 18 16 6
46 22 22 3
24 39 21 23
8 5 40 24
4 3 26 5
40 20 34 17
7 20 49 4
3 5 18 10
9 30 30 24
3 33 31 21
8 22 32 15
7 43 40 23
33 24 44 23
8 16 14 7
44 41 37 20
38 19 40 25
9 26 20 17
42 49 36 24
6 9 21 29
19 44 27 12
7 0 44 22
8 10 32 16
28 28 36 33
22 47 41 13
48 21 40 24
46 40 42 30
34 27 11 26
41 13 25 6
37 10 39 1
8 19 36 22
2 9 42 1
4 20 26 12
15 15 22 8
27 41 31 12
37 49 25 41
4 10 26 27
12 26 8 2
34 22 23 23
23 12 42 14
10 25 26 39
33 32 23 31
9 46 6 0
37 46 33 3
15 27 28 22
13 15 13 25
14 20 38 12
15 20 23 18
22 48 30 14
1 6 5 16
