50 60 12206 800
40 24 4 34
46 30 20 36
40 2 13 18
32 28 6 2
45 44 8 5
38 7 18 32
49 43 21 45
43 46 39 31
22 19 41 24
48 0 6 1
43 26 3 2
46 42 37 41
44 40 28 28
40 4 46 21
35 2 48 10
7 31 5 37
1 30 6 14
39 18 28 26
41 49 29 3
47 41 35 3
27 15 7 4
44 39 26 34
35 20 41 24
28 0 7 34
47 41 42 18
37 9 23 44
25 17 15 13
28 19 41 15
35 15 37 37
47 43 45 24
33 2 31 41
46 6 11 12
22 0 1 2
45 2 40 5
46 10 7 45
44 43 40 35
43 42 49 28
27 1 42 3
36 41 30 30
48 42 4 42
14 16 21 29
1 14 22 46
49 43 6 5
36 0 23 3
37 3 29 36
32 2 29 12
47 6 41 27
33 7 4 31
44 43 28 39
44 41 32 28
11 0 14 42
41 40 41 19
39 20 32 30
42 11 37 11
45 18 45 38
47 40 21 5
24 33 5 9
14 22 21 42
47 46 19 8
46 40 44 24
