50 234 12465 800
3 2 45 36
37 16 38 44
41 19 39 29
40 10 23 34
1 41 24 44
25 31 16 33
27 31 14 34
20 4 15 32
24 27 6 8
22 32 19 39
42 19 15 49
20 47 20 4
9 13 36 34
23 5 7 34
22 29 33 31
5 38 21 34
38 15 24 36
42 19 38 24
22 36 21 32
25 33 23 38
29 1 36 23
21 34 38 33
14 46 8 14
22 34 39 14
3 48 11 30
19 28 15 36
46 5 24 31
25 32 37 49
43 2 25 35
40 7 16 32
24 31 24 8
39 9 39 18
27 35 38 43
44 2 9 22
30 32 43 48
47 8 13 41
26 36 35 18
5 0 39 15
13 17 36 9
48 6 19 15
8 21 32 30
43 15 23 26
7 3 44 26
45 0 35 26
14 22 12 34
26 32 24 40
43 8 40 15
25 31 31 26
24 31 19 20
39 4 9 33
16 4 48 42
26 30 42 49
26 47 25 8
28 29 28 38
44 11 16 37
4 37 36 25
34 8 26 13
49 2 18 35
4 43 47 28
35 5 36 12
23 30 26 41
41 6 36 42
4 47 44 38
22 32 22 9
38 5 14 42
45 2 8 9
41 6 49 35
14 36 14 23
18 5 15 39
43 0 38 26
38 5 11 6
31 3 9 41
17 21 24 31
21 49 1 30
24 11 33 45
25 27 25 8
22 29 6 40
2 15 12 33
47 1 11 27
17 24 19 35
49 10 47 23
3 46 8 10
15 3 15 33
43 7 25 12
45 10 35 46
42 7 26 40
24 32 9 40
42 1 22 14
45 8 40 26
45 5 28 37
37 15 7 35
14 14 33 36
41 11 34 32
27 31 0 32
29 22 35 29
21 25 23 18
24 30 25 21
21 43 47 36
44 7 9 39
36 18 43 38
40 4 12 23
22 29 18 38
15 1 17 44
8 11 42 24
22 31 31 37
23 30 23 36
30 12 18 38
41 6 20 34
25 36 21 39
18 9 13 10
20 46 34 29
30 13 25 2
23 25 34 34
39 21 24 19
27 27 11 12
14 6 39 47
47 6 16 37
46 9 28 22
44 2 23 15
8 48 19 7
7 47 28 26
39 25 6 24
38 7 44 37
14 20 1 35
39 21 33 14
24 27 21 31
20 5 36 26
39 18 31 47
23 27 19 1
49 2 13 22
49 7 28 6
0 16 29 17
48 4 14 28
31 4 33 27
17 22 47 41
1 24 30 48
36 5 43 40
39 23 39 43
24 30 30 28
46 5 36 32
39 5 11 34
25 15 36 29
20 47 31 24
46 3 6 20
27 2 38 25
41 6 43 43
20 15 37 23
24 32 17 11
24 28 8 8
41 15 9 2
22 28 26 43
49 0 43 43
6 36 6 17
20 31 4 28
36 3 17 37
5 13 45 49
20 6 41 29
47 3 47 30
26 26 22 5
23 44 31 34
45 1 49 35
9 14 37 39
13 3 10 8
44 14 45 43
36 10 33 23
26 31 33 27
5 5 45 24
48 0 31 14
44 6 31 33
25 28 41 29
33 2 0 31
37 3 10 26
46 4 39 48
27 30 14 26
22 29 33 12
35 4 25 12
48 20 27 15
47 17 39 19
16 37 35 45
23 28 15 34
27 28 36 37
21 10 44 28
10 45 45 45
25 28 38 22
3 40 39 44
7 49 17 37
26 27 38 31
26 28 44 26
37 5 16 12
7 48 17 26
45 4 30 37
41 16 6 39
39 1 33 19
24 29 16 44
10 18 9 2
45 4 36 32
46 11 23 27
48 5 20 39
47 41 8 31
22 31 33 35
14 45 41 42
13 43 20 14
30 19 49 41
9 41 13 48
4 2 43 35
48 25 39 47
36 0 15 30
40 15 43 40
27 31 19 16
44 7 11 39
16 7 25 19
42 0 47 21
41 4 22 49
44 19 29 42
47 4 36 37
41 13 39 30
12 49 43 34
36 2 14 43
24 32 12 32
17 36 46 46
33 12 25 49
21 30 16 11
41 11 16 48
2 37 2 30
25 45 20 28
3 20 14 36
9 46 44 24
48 3 12 8
39 7 16 24
22 33 10 33
26 30 25 37
43 1 37 40
45 5 12 35
24 29 28 49
