50 96 19460 800
3 12 3 39
34 43 12 25
46 45 12 48
29 14 7 25
39 28 48 8
36 2 31 7
47 40 9 40
24 37 10 7
45 35 4 2
39 3 48 33
18 17 2 40
33 3 10 47
2 15 0 42
38 1 41 19
28 40 20 23
35 37 28 6
36 32 6 41
30 23 33 31
32 37 10 8
39 42 39 24
24 28 33 10
33 39 45 39
30 24 24 12
30 3 9 36
23 32 29 45
6 13 42 35
5 7 42 5
4 10 42 21
38 34 17 1
22 41 33 8
30 31 39 36
7 11 6 44
26 45 43 31
48 39 39 32
26 19 14 46
34 45 9 47
29 14 9 44
27 5 1 19
27 36 15 28
14 26 47 49
47 9 18 16
7 14 32 24
39 2 42 16
29 42 31 32
7 11 1 32
7 13 4 46
40 39 43 7
27 23 22 37
25 33 48 42
31 40 16 19
21 15 6 7
21 16 2 40
36 6 6 44
44 45 14 10
46 40 46 30
2 13 48 3
1 8 4 41
22 8 13 46
44 1 42 30
7 14 1 36
36 0 44 8
23 11 9 29
30 21 4 36
25 33 12 48
39 46 42 16
26 31 28 2
37 29 39 33
19 16 21 40
49 31 45 20
24 18 10 28
15 18 37 13
20 27 43 4
38 4 40 13
22 39 34 31
29 21 15 47
2 14 31 0
35 1 18 30
39 32 44 31
32 32 12 41
48 46 26 0
11 19 15 39
32 29 12 29
9 12 49 33
19 7 17 46
29 17 19 44
43 29 41 24
20 19 2 19
30 37 41 16
41 3 19 7
16 22 17 5
31 15 20 46
43 40 28 10
23 28 10 40
44 33 39 25
9 20 14 22
5 11 45 14
