50 130 15986 800
35 4 24 42
40 10 22 12
31 3 41 5
39 10 39 33
10 9 39 10
15 4 27 14
47 17 32 6
36 5 35 21
37 6 18 10
36 13 1 38
5 1 37 39
39 7 28 20
24 16 29 20
43 4 32 48
1 42 17 8
39 5 28 30
48 13 36 13
31 23 29 28
30 10 38 15
42 11 31 43
28 6 18 24
0 33 26 6
33 19 21 32
3 1 45 25
16 4 44 14
9 2 21 14
9 8 19 20
20 13 34 33
39 5 39 19
38 10 32 6
31 10 40 15
24 30 31 8
44 30 16 12
34 12 3 26
21 2 40 17
39 4 36 22
41 2 23 29
17 23 47 32
36 2 33 29
32 16 3 21
29 7 14 37
5 3 15 40
37 24 13 38
49 0 29 25
10 4 14 40
6 9 40 23
1 6 38 11
40 1 31 10
38 13 12 29
48 12 42 44
35 9 37 30
25 3 16 19
42 8 18 40
1 12 41 22
46 24 15 14
41 22 34 28
29 7 35 28
40 1 19 19
18 14 37 15
38 7 44 2
18 0 47 16
27 17 49 4
43 6 11 19
36 5 20 10
5 15 15 14
35 4 42 39
31 5 24 22
38 8 16 0
35 15 22 31
17 0 12 12
37 5 32 4
10 6 25 0
27 4 24 14
30 8 23 21
14 11 44 11
37 6 42 19
15 5 3 35
38 0 49 26
14 12 35 9
7 29 14 28
29 17 41 2
20 13 27 18
11 4 22 34
1 5 35 46
3 12 25 46
35 5 46 47
25 3 38 37
36 8 8 41
29 22 44 4
41 13 41 49
34 0 25 25
36 1 32 30
21 32 20 19
27 11 19 45
1 10 38 34
18 0 13 36
23 26 43 2
48 7 24 10
5 15 48 9
9 12 9 18
27 6 37 1
7 2 18 22
22 16 41 10
2 30 14 22
1 14 42 24
23 22 37 12
34 1 40 10
33 13 29 19
27 14 8 11
22 12 39 12
41 13 10 17
23 17 19 28
35 17 33 14
26 11 7 30
10 3 45 10
3 9 31 24
12 11 21 20
37 9 13 14
35 8 36 38
47 13 28 15
1 11 28 45
35 7 44 13
21 2 35 23
16 12 11 23
12 5 18 30
37 2 45 0
46 17 23 22
8 18 19 44
46 10 34 8
30 6 38 46
