50 133 15597 800
26 42 2 39
34 33 34 40
27 20 24 26
31 18 27 27
38 12 29 37
24 10 12 5
12 27 10 9
12 21 27 27
32 16 12 29
25 25 9 30
44 48 15 11
41 38 17 32
31 41 28 29
44 32 41 4
42 16 8 23
36 21 3 8
38 7 22 32
40 11 9 9
16 9 15 35
11 15 8 17
15 8 26 31
41 39 29 46
33 14 41 41
20 28 18 15
40 7 18 21
46 24 19 22
47 22 1 21
14 31 26 26
27 9 31 43
46 9 26 10
42 11 26 23
40 46 12 12
8 6 23 17
32 25 23 1
16 3 11 32
30 12 1 9
25 11 13 15
29 35 30 22
26 38 24 25
43 13 9 18
31 16 24 28
44 34 21 20
29 24 24 14
39 13 19 35
39 15 12 11
34 19 28 35
8 7 3 1
34 28 17 17
29 32 22 21
30 38 14 0
16 3 21 25
37 42 35 23
32 49 38 12
41 18 32 9
45 30 4 21
35 4 19 18
43 12 32 27
23 11 41 23
15 2 37 7
24 15 14 33
33 37 18 19
23 12 19 18
37 15 10 30
8 9 22 47
18 23 4 38
35 8 39 13
35 39 44 18
26 44 13 34
24 10 28 31
3 19 24 20
28 42 10 17
27 21 22 19
36 20 32 10
34 17 21 28
40 25 11 20
5 11 23 19
14 6 18 21
38 21 28 25
40 8 26 28
32 13 15 34
14 10 27 20
26 22 27 15
26 28 36 14
29 46 17 32
17 33 43 36
31 28 15 14
27 11 9 7
25 27 30 37
26 3 23 21
18 8 31 28
33 10 17 14
18 36 34 12
37 20 28 17
29 38 23 17
30 22 17 8
37 10 8 18
19 19 13 13
34 43 29 45
37 49 28 27
43 19 30 27
19 38 8 28
35 19 19 42
27 27 8 0
33 9 22 43
35 15 18 23
49 43 9 31
22 13 23 25
30 7 19 32
29 37 31 19
38 0 19 31
18 10 25 11
34 14 18 26
24 16 7 19
28 19 39 29
26 33 22 17
33 47 46 46
32 18 14 38
28 28 17 19
32 12 28 20
41 42 16 11
20 23 16 5
26 31 32 32
36 25 22 32
28 34 27 30
34 21 5 40
14 21 38 8
35 35 4 23
34 22 22 30
36 25 16 28
29 30 12 15
20 9 28 35
16 16 28 20
43 14 38 15
