50 1554 15699 800
27 23 33 15
25 29 9 28
13 23 31 25
23 31 19 35
37 24 29 29
16 23 26 29
27 16 48 17
37 30 13 47
39 43 16 39
40 27 6 32
18 22 27 22
38 24 6 30
21 25 22 35
11 21 28 38
47 14 25 21
11 16 34 29
31 3 25 21
21 17 12 35
28 6 8 37
21 18 34 35
41 46 4 28
49 27 14 18
42 25 10 36
19 6 24 37
10 31 2 28
16 20 10 26
40 43 30 37
32 36 17 25
26 15 4 31
39 29 3 35
15 7 28 36
47 44 12 41
18 37 44 45
24 43 4 18
24 17 4 38
44 37 29 8
28 41 6 41
33 45 38 25
40 36 36 5
31 41 36 11
23 15 40 15
18 22 6 48
24 42 24 28
12 24 44 26
49 8 37 29
49 39 25 12
16 34 0 15
8 32 13 32
6 15 48 30
9 20 29 37
24 19 5 46
26 30 19 49
32 48 5 33
27 23 32 33
28 17 36 18
44 23 41 28
46 34 34 25
18 21 21 45
21 9 1 20
25 10 10 26
22 14 37 33
49 34 17 13
47 23 12 3
16 26 44 32
21 35 46 17
26 15 37 13
37 40 12 33
24 36 30 17
38 41 1 32
48 21 13 41
45 31 34 23
33 42 40 21
28 37 22 28
27 28 28 21
33 16 9 35
46 32 5 21
33 11 32 26
37 46 23 41
12 17 4 28
36 41 18 24
37 40 25 19
31 29 44 20
37 47 18 35
16 21 26 18
30 28 37 41
42 43 5 40
47 13 39 18
12 21 9 35
35 33 1 43
18 28 28 32
8 23 29 27
30 11 47 20
32 48 2 33
32 24 30 18
43 45 5 24
17 20 26 23
18 15 8 35
41 40 49 8
23 16 8 27
26 26 11 44
18 22 5 34
15 15 39 42
30 38 25 21
36 46 28 42
5 31 42 16
28 25 10 46
13 19 39 20
11 22 43 12
22 45 5 27
4 23 24 20
41 47 37 15
25 20 41 19
10 19 5 13
38 42 42 4
40 22 14 34
36 43 9 15
40 17 24 40
24 26 24 41
1 27 44 21
9 21 33 30
27 47 10 25
29 36 18 34
37 13 35 24
21 15 2 27
19 16 12 39
39 42 40 37
15 19 19 35
41 31 39 16
47 43 13 38
39 26 23 27
18 16 22 26
30 24 26 49
14 21 13 35
39 28 19 35
15 28 39 29
40 33 16 49
37 19 29 26
36 46 43 28
46 46 19 24
12 15 41 20
26 10 29 22
35 18 39 11
46 26 0 34
7 7 19 24
47 44 1 15
32 18 40 19
16 12 3 23
16 38 16 32
13 9 40 15
18 24 23 41
23 12 7 31
32 43 1 19
16 42 25 25
10 16 18 35
25 28 39 14
43 42 4 30
2 20 11 45
37 39 36 26
48 49 5 18
22 6 11 29
46 41 25 44
28 23 30 20
27 35 14 19
20 8 34 9
39 31 7 39
16 20 33 44
36 37 37 9
32 28 23 38
14 33 27 28
9 18 14 44
32 8 9 44
49 28 16 44
21 12 33 26
44 32 20 27
34 39 29 28
39 24 13 27
35 30 29 42
15 18 31 7
39 11 31 13
27 11 15 23
35 36 34 32
18 10 30 21
18 32 13 31
44 33 17 24
37 35 22 40
33 25 20 34
27 12 43 13
35 34 43 12
42 33 15 34
37 41 32 39
13 21 15 18
14 24 7 21
41 49 10 29
32 38 14 16
4 21 39 23
13 32 37 10
26 27 23 44
17 28 42 49
15 12 41 18
17 23 24 22
13 25 28 42
15 34 39 14
4 7 37 27
26 33 7 23
46 13 11 22
17 35 39 25
24 22 11 16
35 42 8 32
24 35 4 28
44 35 5 25
40 43 30 36
29 24 31 32
18 26 0 27
20 4 16 35
20 13 25 14
21 39 44 25
26 26 43 15
17 19 4 44
22 25 22 45
37 41 13 21
16 22 10 40
14 21 15 33
5 19 31 24
27 40 11 24
24 12 25 26
43 32 38 19
4 21 46 8
8 10 41 24
24 25 33 16
38 47 28 33
19 24 15 29
36 22 47 26
28 21 22 26
28 23 17 22
20 11 33 29
2 29 40 16
48 40 18 19
18 25 32 25
19 21 7 39
17 31 25 27
32 28 42 20
30 19 9 39
25 15 38 21
23 19 6 45
27 28 39 18
29 37 36 28
17 13 15 31
12 26 20 37
16 26 39 20
12 45 38 31
13 19 24 14
24 34 14 29
12 17 5 41
13 23 16 14
29 41 24 25
49 22 42 48
23 12 5 45
27 27 27 17
43 44 34 23
18 18 28 29
9 27 39 14
14 21 29 45
47 10 15 32
28 48 18 27
18 15 14 24
10 27 28 25
14 9 14 37
36 44 3 17
11 27 19 26
47 21 32 26
33 32 25 38
5 12 35 24
16 19 22 31
21 5 30 31
26 18 25 37
23 16 40 15
42 38 28 43
36 45 9 27
41 44 41 11
30 36 29 25
37 26 8 38
24 14 33 26
17 8 25 46
17 25 19 39
33 44 6 21
9 29 35 38
26 23 0 34
13 27 17 16
38 45 36 12
16 21 4 23
16 21 15 17
25 19 28 32
30 11 29 16
30 29 7 17
34 24 37 46
10 4 38 21
3 9 17 45
21 15 1 28
14 23 23 4
21 17 16 35
28 12 26 17
32 38 36 21
13 8 41 21
12 17 29 28
27 31 11 44
34 35 6 38
35 29 20 29
12 34 18 24
13 25 44 16
24 7 4 36
40 40 4 36
20 47 41 12
1 25 11 38
3 34 16 39
4 35 21 35
48 31 19 12
21 29 36 28
30 40 42 27
41 35 6 31
12 17 42 4
44 32 27 35
32 36 42 31
23 28 38 36
42 29 8 24
25 5 33 16
40 23 28 19
19 20 25 22
41 26 22 25
43 49 28 32
13 42 46 21
22 30 40 7
38 26 22 34
30 18 0 46
36 19 38 10
7 17 25 41
38 37 15 43
22 26 18 48
17 49 39 30
36 23 24 33
36 40 18 29
29 39 2 32
24 27 17 45
32 30 30 7
34 33 10 24
21 16 16 36
24 36 32 31
6 27 32 43
14 8 13 33
43 39 19 17
14 19 2 30
46 26 27 2
16 25 31 7
12 23 31 11
15 13 44 30
23 10 37 39
21 11 39 21
4 19 40 25
37 24 34 12
5 29 43 34
48 37 35 18
29 36 42 10
47 29 14 31
36 36 31 42
18 0 37 25
13 31 38 25
5 18 31 35
16 22 18 29
14 15 18 35
35 16 31 15
44 30 22 39
19 23 2 39
30 34 17 43
15 25 11 8
37 34 22 47
39 35 9 24
44 42 40 30
36 42 41 36
48 23 6 42
19 14 14 47
1 24 6 15
15 17 23 28
2 23 10 45
35 12 11 22
6 15 20 24
18 20 28 19
17 22 13 48
23 25 6 21
19 37 17 40
2 17 11 16
25 31 24 42
29 19 7 26
33 27 30 12
10 7 9 36
41 36 0 40
46 21 41 26
41 13 46 25
12 29 9 27
23 45 8 42
48 43 18 28
15 35 42 30
27 37 6 23
27 16 42 21
36 30 22 21
20 12 35 32
36 19 23 37
10 22 12 31
35 49 4 41
20 17 15 14
47 45 8 45
23 25 33 23
21 31 26 37
23 9 10 13
16 4 24 45
15 39 47 16
45 17 27 18
13 25 10 35
23 12 35 35
7 25 18 39
7 14 35 40
27 40 35 41
33 22 3 38
22 21 30 20
27 5 20 30
21 5 38 40
49 25 40 17
3 20 19 41
11 20 14 14
14 27 17 19
10 26 25 22
33 12 33 34
19 24 21 32
18 21 25 47
20 44 22 35
28 45 32 15
46 33 7 23
46 18 15 19
28 46 39 16
9 13 32 17
16 12 17 41
44 21 30 20
27 43 19 40
17 23 33 3
19 17 18 45
19 12 21 42
13 20 46 21
41 31 22 21
47 12 27 28
3 4 17 24
43 47 35 38
43 0 34 31
27 20 32 17
7 15 21 47
48 47 47 23
27 31 30 34
27 24 27 9
13 18 20 30
35 35 10 44
4 17 36 29
36 26 34 37
19 25 17 40
33 44 27 20
27 12 28 44
45 41 30 26
17 23 27 36
12 18 38 14
28 9 14 45
17 9 31 29
30 12 15 31
38 17 41 25
37 27 37 15
16 25 33 29
47 21 44 0
44 42 41 21
17 24 2 25
1 23 16 23
13 21 28 18
2 21 24 22
42 6 3 28
42 28 1 23
13 33 9 31
20 13 33 18
16 16 36 28
16 25 6 41
15 35 43 37
31 35 38 14
42 49 37 33
20 19 3 46
19 25 32 22
25 20 10 15
30 38 22 16
18 26 42 21
42 23 30 29
38 26 19 39
39 36 16 35
24 6 15 33
12 9 26 49
47 1 29 25
32 36 24 39
13 25 22 23
17 12 25 14
39 38 29 14
40 24 7 31
12 16 26 22
20 26 13 42
48 39 43 24
26 6 2 12
26 28 15 33
43 21 45 25
36 14 28 49
23 12 3 31
31 27 45 28
13 21 23 36
12 14 26 27
17 24 24 17
48 45 4 37
18 12 18 46
16 21 10 31
2 21 15 28
30 45 8 33
30 1 6 13
17 18 9 37
40 41 46 19
14 16 37 26
16 13 11 16
47 14 42 29
19 20 29 25
23 39 33 45
3 23 10 43
15 23 19 19
34 38 20 21
5 26 6 18
42 42 26 38
44 30 12 15
35 27 24 44
48 29 35 29
16 21 0 39
36 29 38 21
35 28 8 37
18 36 8 44
4 26 32 25
19 22 6 24
42 38 1 43
49 37 34 12
14 6 12 29
20 32 28 18
16 22 2 35
10 27 18 49
32 48 43 10
16 13 34 21
47 29 40 48
34 30 4 20
21 35 18 23
25 12 28 31
45 47 28 14
18 15 35 23
47 33 31 21
38 41 33 32
23 24 11 37
10 22 6 35
20 10 20 25
37 38 25 34
16 21 7 14
24 40 19 14
20 21 42 16
17 28 46 9
39 28 40 34
31 7 32 32
48 45 3 30
33 14 29 15
13 28 13 18
41 21 24 35
26 41 15 39
48 30 11 33
34 27 19 25
25 16 28 14
47 45 26 29
46 37 5 20
33 38 14 27
5 25 49 15
19 11 24 18
27 10 36 39
16 19 25 9
41 46 18 29
15 23 19 44
18 21 34 48
11 14 11 8
24 26 25 34
22 15 13 38
12 25 16 3
20 16 49 20
6 15 26 27
40 17 5 23
23 6 26 33
14 20 16 36
23 4 13 27
16 22 47 34
43 23 41 16
38 32 32 33
37 33 16 30
14 19 20 20
30 25 22 12
33 45 4 33
38 25 33 18
22 12 32 20
12 23 21 29
38 27 3 37
23 21 12 37
19 9 27 31
18 21 33 15
14 20 20 47
33 35 18 39
16 2 11 25
26 36 23 11
47 38 27 43
17 24 28 36
32 28 30 18
34 0 33 43
36 34 26 23
22 31 27 38
14 12 45 15
18 22 7 46
11 8 7 15
48 47 1 36
22 11 5 19
23 21 39 13
38 32 14 22
25 6 31 20
23 33 5 39
5 26 18 27
39 41 32 21
24 29 28 26
42 40 3 21
23 23 38 15
16 24 15 12
20 31 38 18
40 31 22 33
36 38 17 30
26 32 44 20
12 26 23 14
44 36 37 14
45 6 38 18
15 25 24 33
49 42 2 17
37 38 8 32
40 13 33 16
14 28 8 37
5 30 13 26
31 28 49 35
28 19 3 25
21 45 42 36
16 19 32 24
44 33 2 26
16 9 19 19
43 29 11 26
2 24 28 24
44 23 21 35
41 40 33 32
37 36 26 39
13 18 43 16
7 22 20 8
18 17 3 3
13 16 19 47
15 24 14 30
12 44 26 30
20 29 13 34
44 41 6 48
42 18 34 18
12 23 32 19
10 13 21 28
36 32 41 37
28 14 49 12
22 11 4 25
17 17 18 26
41 29 33 36
12 19 23 22
35 10 37 36
12 16 25 20
14 21 24 37
43 42 17 23
18 11 35 19
24 19 26 22
27 9 35 30
47 43 49 5
16 18 18 47
18 0 22 30
14 44 29 22
3 4 46 27
38 20 4 28
47 2 21 15
42 31 6 46
34 38 11 37
12 16 0 34
36 14 32 34
22 8 7 39
31 31 35 15
41 33 42 23
20 12 34 21
38 41 1 20
44 31 30 10
26 16 44 29
33 32 21 15
29 2 4 46
16 23 33 39
27 19 23 31
45 18 27 30
48 22 19 23
44 42 34 22
38 30 8 30
16 12 15 46
15 4 6 22
39 49 7 31
5 22 36 21
22 19 15 46
31 27 20 30
46 28 12 24
23 6 43 21
38 42 49 17
23 24 29 32
16 21 40 14
33 7 44 21
1 6 6 19
17 23 36 8
11 16 12 24
17 20 17 45
13 18 20 42
20 15 9 27
35 36 41 29
8 18 22 30
30 28 32 32
18 8 46 32
11 9 41 25
21 14 25 22
10 25 45 19
46 20 0 31
23 38 17 48
10 15 29 21
42 42 39 27
21 16 14 42
45 22 12 41
28 21 36 27
41 25 35 26
21 26 15 34
23 24 15 27
38 31 46 29
40 34 32 29
12 27 49 4
12 22 8 16
18 3 19 27
27 36 36 18
25 9 40 23
1 20 44 24
42 35 11 21
4 17 33 23
24 29 37 29
40 40 14 38
21 16 29 31
24 36 34 20
20 23 39 11
17 24 18 41
25 6 33 16
45 11 2 34
15 16 26 20
22 40 30 16
35 24 32 33
14 4 5 4
17 21 9 30
12 21 36 23
9 25 25 24
30 33 38 33
6 21 25 29
17 18 38 26
14 27 14 45
29 46 42 27
25 24 41 25
43 49 37 23
14 24 3 19
13 19 46 21
32 41 36 34
44 33 26 43
13 9 3 27
20 35 6 28
19 9 40 29
28 18 20 43
18 17 41 31
34 11 21 27
33 47 43 18
34 40 20 38
16 20 9 41
38 29 25 38
43 44 26 39
15 24 29 20
13 16 6 24
14 30 11 34
4 28 35 15
34 26 39 18
12 17 15 40
7 12 11 15
35 17 8 17
4 26 9 17
5 26 34 9
34 33 25 35
24 32 2 25
28 27 48 32
41 41 35 25
19 17 13 33
38 40 30 22
44 37 6 17
16 7 35 10
30 43 1 41
31 41 4 24
27 48 34 19
30 23 27 34
42 15 32 18
30 39 36 19
30 6 0 35
10 33 14 27
17 21 26 29
44 33 15 22
27 33 10 43
36 45 6 12
40 45 15 48
34 14 43 28
18 8 32 28
16 21 39 35
25 11 46 45
25 28 48 15
11 21 13 38
14 28 15 38
17 7 26 29
27 15 0 39
21 42 20 25
30 23 34 25
35 3 5 7
32 24 31 35
21 22 49 37
42 45 38 30
45 33 16 27
23 34 15 32
20 30 16 27
24 26 29 30
12 8 38 36
14 23 41 29
30 23 26 33
48 48 33 35
33 31 29 20
22 16 16 23
39 23 35 21
33 25 21 38
25 34 23 14
26 3 26 23
35 8 25 40
17 26 23 23
25 16 37 22
19 25 35 14
13 27 31 25
26 13 2 45
32 20 22 28
22 15 45 14
9 20 12 11
36 45 39 23
38 23 29 45
42 49 17 18
34 35 34 15
33 30 15 38
13 13 17 35
16 12 40 23
14 20 43 25
32 23 21 37
23 19 21 16
13 14 27 28
38 23 8 19
17 20 11 23
29 34 4 28
11 32 0 35
34 30 19 16
27 28 33 36
11 17 22 44
14 25 12 46
32 28 28 20
7 24 14 29
17 22 21 43
32 24 16 19
21 12 42 39
46 26 1 24
18 16 3 25
7 23 27 34
22 3 40 27
27 7 9 30
4 25 8 43
31 19 3 48
33 19 4 28
22 33 2 38
25 13 26 22
12 38 26 43
19 11 24 33
40 44 38 21
3 28 7 44
29 49 17 19
11 30 3 37
24 13 32 28
27 7 2 13
19 47 41 22
43 25 9 23
15 20 33 15
44 26 19 49
28 17 44 31
7 19 37 24
5 2 35 23
30 9 30 28
45 37 15 49
6 22 33 22
15 22 12 32
46 33 37 20
46 28 27 33
13 16 44 32
41 47 40 36
37 37 32 21
38 41 33 40
26 7 12 38
38 43 7 30
36 46 19 27
45 32 38 26
18 23 35 31
19 15 0 32
16 7 34 40
45 44 38 12
12 19 25 22
8 29 24 24
41 49 14 43
39 32 34 8
16 23 19 37
25 9 42 18
9 27 14 43
31 48 8 30
8 20 14 29
40 40 19 26
5 26 42 21
8 27 39 14
31 13 2 30
34 38 47 26
15 25 10 44
29 8 23 23
16 18 38 22
19 13 2 34
30 25 48 22
43 21 5 38
36 41 19 46
47 43 18 26
26 6 3 37
6 20 10 15
37 22 2 42
33 29 35 13
18 33 31 27
39 13 27 30
29 24 31 31
28 28 46 28
20 2 33 22
13 20 6 46
13 18 15 23
27 21 0 32
18 3 28 34
24 12 18 38
44 34 13 17
27 34 36 17
28 16 33 15
8 34 26 5
37 38 11 42
27 27 8 13
35 29 28 17
31 37 27 16
13 20 0 38
28 13 28 19
38 44 41 34
42 49 38 31
21 43 13 48
15 24 36 21
10 21 25 41
3 15 17 45
13 27 18 36
30 32 17 16
11 13 39 36
30 17 8 23
13 27 28 22
39 44 44 14
30 26 37 24
24 6 42 41
9 21 29 25
26 32 2 31
25 26 40 20
32 47 44 16
40 28 45 22
24 4 3 48
12 14 3 21
17 15 38 34
21 25 33 39
44 33 22 16
18 48 5 13
36 23 9 22
19 18 26 26
40 39 24 3
18 19 33 23
47 45 27 24
12 15 11 45
21 17 25 26
46 34 46 17
45 27 14 42
34 14 19 36
17 17 5 45
27 10 19 33
6 19 11 38
19 19 12 23
26 16 2 34
33 29 18 36
12 25 47 25
19 10 17 41
39 46 34 21
23 21 30 29
35 9 20 13
16 34 40 23
24 20 19 43
15 27 17 33
25 21 33 14
22 15 17 18
9 24 25 22
17 16 48 12
13 24 35 20
20 26 38 11
36 18 18 34
33 29 1 39
42 39 5 34
35 26 13 12
14 22 41 15
13 23 15 16
23 8 32 31
6 18 15 16
20 8 1 38
4 24 27 11
16 18 41 20
43 44 31 25
16 5 16 46
44 45 5 22
4 22 46 26
45 41 4 27
23 34 42 18
31 30 21 17
41 34 21 28
39 30 38 25
26 28 5 38
45 39 32 33
13 17 11 35
6 12 47 29
49 35 12 46
19 2 40 22
16 32 31 18
14 22 32 11
46 26 30 21
34 36 7 26
18 10 15 15
45 37 12 23
38 10 37 21
10 18 35 21
10 25 16 30
40 49 42 24
29 25 39 24
26 38 22 35
30 26 8 40
11 21 23 30
21 40 40 31
46 19 13 21
45 26 25 32
33 46 22 32
11 23 32 30
16 16 11 12
29 17 26 24
24 3 27 36
33 47 30 19
49 35 2 44
7 19 18 18
40 10 18 16
23 11 5 41
43 32 49 21
42 32 41 48
2 4 21 11
27 48 14 48
20 23 40 28
30 36 0 49
19 8 39 24
38 18 10 37
43 37 4 40
32 31 1 26
18 25 12 20
16 20 41 23
14 35 37 13
19 8 10 23
13 18 44 16
15 25 3 41
6 40 24 20
17 24 49 18
30 31 25 16
28 10 12 38
24 33 38 23
36 40 13 15
26 42 39 48
37 35 43 32
38 36 32 20
12 33 24 4
48 45 2 43
44 43 31 16
46 34 23 29
18 15 15 32
16 22 37 26
16 19 22 38
20 26 31 20
40 45 32 34
20 14 42 25
37 46 4 32
4 18 1 33
17 47 17 28
39 33 5 49
49 30 19 21
7 27 22 19
49 44 8 35
49 42 4 25
18 23 19 40
22 28 6 30
11 11 36 37
31 14 28 45
15 43 29 37
19 4 40 33
25 26 12 34
21 42 32 21
40 43 34 39
5 14 35 32
23 3 7 28
41 32 5 42
19 37 23 35
34 44 39 18
13 24 32 38
26 13 29 41
8 25 10 19
21 20 0 32
18 15 5 4
41 42 24 42
36 28 12 18
14 13 33 18
16 26 26 49
15 18 8 30
42 42 30 35
0 10 4 33
15 22 27 25
45 47 24 17
33 25 12 44
14 13 33 7
17 27 9 38
43 32 4 26
19 26 12 14
3 15 27 25
28 37 7 33
24 31 30 25
9 16 19 7
23 13 35 33
7 27 10 42
30 35 27 49
36 40 22 31
17 21 8 36
10 40 30 27
22 5 33 16
2 23 1 46
29 38 27 32
0 21 30 10
19 16 1 26
44 33 33 29
27 37 9 38
20 15 37 28
39 47 30 33
10 24 31 30
7 23 18 43
5 16 1 42
20 21 0 48
24 15 30 27
39 24 8 32
34 34 20 27
22 1 38 11
6 13 45 25
29 15 42 9
26 22 35 24
39 31 34 10
31 13 23 38
31 40 37 29
22 10 21 30
39 37 35 27
32 30 33 16
20 10 16 30
19 22 2 35
44 31 22 28
18 7 34 31
16 20 19 15
9 1 30 44
5 28 24 36
10 27 24 14
28 13 5 21
2 26 11 32
42 22 49 26
4 24 6 47
15 20 27 35
48 28 24 40
19 19 40 28
41 30 12 39
15 20 37 32
23 28 28 26
13 11 20 21
8 14 1 36
37 49 9 37
45 33 37 7
26 16 14 30
26 22 15 39
37 40 47 21
38 34 48 28
25 34 19 30
37 26 35 33
24 10 35 21
46 39 2 40
44 24 44 17
13 8 26 29
43 31 27 30
9 44 35 28
49 45 35 30
38 25 15 44
23 14 26 6
41 33 30 34
20 5 16 16
19 16 4 28
11 18 19 30
28 22 5 17
42 47 32 27
16 33 32 15
46 32 30 31
31 9 32 27
29 37 4 23
26 27 22 19
18 23 8 10
15 20 20 25
40 24 11 28
41 41 15 40
29 28 12 35
21 25 13 35
16 23 40 15
6 19 13 25
12 11 38 12
17 23 35 3
43 35 35 11
24 29 23 21
49 27 14 19
41 19 19 23
44 27 23 29
24 40 9 37
15 24 14 20
22 18 21 23
4 13 5 49
8 27 12 34
39 26 42 23
37 28 37 12
19 25 32 37
10 25 4 11
13 25 24 42
38 31 46 29
43 44 41 16
31 14 7 25
42 44 10 38
18 5 29 21
20 26 1 19
25 23 14 22
12 25 6 26
28 11 35 31
15 31 2 23
23 37 1 42
5 18 15 17
22 13 14 20
48 35 6 36
9 21 41 24
31 26 13 18
21 13 39 38
11 22 26 30
19 20 7 45
26 27 27 49
17 39 14 29
45 43 29 13
19 37 1 12
22 15 38 39
42 9 37 20
48 32 6 12
40 33 5 19
13 14 40 22
44 18 3 28
41 37 17 0
17 31 9 34
45 30 39 31
41 28 33 25
33 14 8 30
16 19 18 38
26 37 35 32
34 36 27 24
30 8 25 25
21 28 7 40
26 20 29 29
22 10 49 11
5 26 23 16
18 11 11 39
17 23 33 45
18 22 13 29
22 0 5 34
17 8 24 48
46 23 12 33
25 31 34 27
23 43 24 31
15 14 34 31
43 37 13 35
17 24 28 26
49 44 34 24
38 34 20 10
27 22 16 44
38 37 46 19
29 13 24 34
36 18 47 28
12 28 30 25
25 46 31 30
43 40 30 21
23 30 27 32
11 28 27 25
33 5 35 33
31 46 18 25
26 34 41 28
14 5 31 39
23 28 24 32
34 4 31 23
45 48 18 35
29 21 28 29
6 21 36 16
12 23 17 30
17 18 1 39
11 17 14 19
40 42 23 37
43 29 16 33
4 30 43 30
37 10 11 30
22 15 43 42
28 16 42 18
35 32 47 30
28 39 26 24
15 19 41 11
43 45 0 20
45 27 5 17
42 44 10 15
15 22 18 46
17 21 12 37
20 46 19 17
30 27 11 32
36 38 0 31
15 19 12 43
14 15 2 37
40 36 35 17
43 32 37 24
21 19 34 15
29 11 28 44
19 19 20 42
13 18 17 19
20 13 25 8
19 18 37 41
20 7 2 16
7 13 21 41
7 25 2 29
40 39 3 35
26 32 42 10
20 33 43 21
41 43 25 36
49 37 28 35
19 10 3 27
34 42 47 14
29 27 38 24
28 42 0 28
6 20 18 40
5 28 39 22
22 32 0 46
13 19 37 26
24 20 40 20
24 20 14 29
6 25 14 22
23 6 43 27
6 27 8 30
37 47 29 24
33 9 27 19
11 21 28 23
40 44 14 34
41 16 11 38
14 25 39 17
33 34 7 25
46 28 30 40
25 7 15 37
18 11 41 28
14 11 33 25
11 10 39 21
49 49 19 30
13 22 29 33
21 31 38 26
41 34 22 38
23 43 28 13
30 27 29 23
39 43 8 12
16 26 36 12
12 23 37 34
23 31 31 36
23 19 37 33
17 7 7 16
25 34 42 19
26 32 29 22
21 13 45 39
26 18 24 47
11 16 22 34
37 44 15 27
37 30 13 23
9 3 28 21
37 18 39 8
25 5 37 30
44 48 16 27
44 37 2 28
26 22 48 31
42 32 43 5
19 45 3 26
22 26 24 36
14 9 12 40
8 27 33 27
36 27 37 9
25 19 21 33
31 44 5 29
10 12 32 34
23 13 24 28
14 19 32 16
27 25 23 21
45 19 9 41
13 17 40 40
12 7 37 17
23 15 40 12
47 8 5 45
18 9 31 40
16 18 33 26
16 23 21 33
12 24 37 35
31 12 0 31
22 20 45 27
27 15 46 30
21 10 33 28
41 25 16 35
14 20 15 26
45 42 22 34
36 4 32 17
28 18 4 21
22 10 32 39
36 25 2 42
15 27 1 23
20 42 37 38
49 41 18 1
29 14 8 32
10 14 27 16
44 32 35 24
42 37 16 27
27 31 17 34
41 19 9 39
47 23 6 20
36 10 39 21
9 19 7 13
43 30 16 31
15 23 12 49
18 14 11 9
34 21 4 36
5 22 9 39
37 33 42 33
48 12 35 34
1 24 34 31
11 20 35 41
22 19 44 22
19 27 31 23
29 7 9 35
33 21 38 31
30 26 24 28
13 23 16 48
36 24 28 23
37 38 36 11
26 29 40 22
13 3 29 40
29 12 24 28
20 19 38 41
45 13 24 26
46 41 41 18
7 13 35 27
15 13 18 29
9 13 25 48
24 38 16 41
21 26 29 35
37 6 13 33
28 27 34 32
46 42 10 41
40 36 14 34
46 37 4 31
33 28 1 39
12 19 6 19
9 13 8 21
31 28 21 18
16 20 3 31
42 21 37 29
43 12 13 31
15 22 18 39
18 22 20 14
35 49 6 48
27 23 19 39
29 22 6 23
33 6 12 40
37 14 44 8
26 38 28 47
14 17 36 25
23 5 38 20
14 23 33 24
47 4 13 31
33 4 29 15
27 23 34 18
15 23 45 25
48 45 33 22
40 37 21 30
35 48 43 33
14 24 7 31
35 10 24 19
18 8 36 38
27 42 2 40
35 47 22 38
14 30 11 12
38 20 19 12
23 17 11 26
16 23 33 25
15 11 11 40
23 8 6 10
27 32 38 34
37 30 3 40
41 22 21 22
19 5 33 16
30 14 44 15
27 3 2 17
21 27 19 11
5 24 32 24
3 21 9 3
34 25 34 43
34 41 19 31
19 29 2 17
11 19 38 10
26 12 26 49
40 24 10 25
