50 51 17920 800
19 38 34 3
48 11 31 25
39 41 29 41
20 37 19 30
29 25 30 36
17 40 16 18
10 44 41 36
41 44 34 8
13 0 38 38
44 8 33 42
18 26 36 30
39 11 32 43
15 11 34 24
10 48 32 42
34 11 38 9
16 47 36 2
35 34 7 34
8 43 26 45
32 8 19 15
16 14 17 37
11 47 31 29
2 7 31 6
18 38 34 35
7 6 47 27
36 34 39 31
37 2 4 10
9 46 38 39
10 29 15 27
9 46 38 1
17 28 10 23
21 3 41 2
49 36 33 42
38 3 33 29
43 38 5 34
32 22 6 14
41 44 15 35
12 49 27 35
22 27 47 19
12 46 34 45
13 26 48 4
11 0 34 37
10 48 47 28
46 41 35 43
7 28 43 20
10 47 40 14
46 36 30 46
41 18 34 41
42 9 39 4
44 4 21 39
19 39 20 34
16 27 1 33
