50 650 12219 800
16 38 34 34
13 37 32 21
12 26 25 40
14 26 8 48
11 24 46 49
32 30 8 8
49 45 34 31
37 31 46 45
4 10 7 36
20 12 31 34
27 31 34 24
25 38 34 41
26 46 4 46
35 39 33 34
28 38 26 46
31 33 25 15
41 4 33 35
15 21 36 14
37 2 15 21
2 25 38 35
49 15 33 25
33 6 38 43
10 20 28 29
19 12 36 47
18 46 0 41
22 16 39 0
18 28 25 37
42 9 43 2
20 35 26 45
48 43 35 43
15 23 20 46
41 3 32 35
40 0 6 6
11 28 40 43
48 8 30 25
49 3 30 31
22 16 31 25
9 23 32 37
44 2 23 26
47 8 5 20
15 29 4 48
41 7 29 44
24 2 25 22
24 20 45 35
49 4 30 29
15 33 45 10
8 6 30 22
21 39 35 49
20 43 35 45
7 21 30 30
24 40 47 14
44 9 47 6
46 44 31 41
22 21 33 20
31 43 36 34
1 7 32 44
22 41 39 49
24 40 37 28
7 12 35 29
10 28 10 46
16 8 45 22
29 37 28 28
37 35 25 19
13 29 5 43
26 20 31 38
6 13 26 44
30 35 43 46
19 33 24 36
16 42 49 12
42 23 37 21
16 41 33 46
11 23 32 37
29 40 43 47
28 34 34 25
17 42 45 25
18 8 27 27
15 19 32 33
31 39 24 42
30 31 32 34
31 42 42 8
35 25 3 41
30 39 32 33
5 39 20 31
26 46 24 40
9 22 5 39
32 21 49 46
21 41 30 42
7 36 31 31
24 14 33 37
30 25 28 29
9 19 29 48
38 3 34 41
27 43 30 39
39 3 32 43
15 13 34 20
1 4 20 23
22 40 22 11
24 18 33 49
34 12 34 28
32 34 34 46
32 42 28 43
14 21 32 47
43 1 31 49
40 4 38 32
36 33 32 44
30 35 14 44
18 30 38 33
44 16 33 43
30 43 49 42
34 14 1 45
24 40 35 32
18 22 23 42
17 41 31 40
14 23 36 38
44 6 24 37
29 30 31 34
15 18 28 29
19 17 32 31
31 34 30 42
44 11 26 28
12 23 35 41
15 39 33 35
32 39 1 32
41 21 36 24
38 43 32 34
23 22 29 25
23 41 35 25
18 30 35 19
23 27 37 38
16 14 29 32
26 21 46 41
29 44 31 30
19 35 32 24
20 19 29 14
34 4 32 43
43 28 33 31
15 25 33 33
22 26 49 5
18 19 26 48
21 19 35 34
27 47 28 38
36 15 23 43
4 17 28 16
22 39 32 26
22 37 41 26
31 39 25 18
3 23 48 46
26 39 29 32
38 27 33 34
18 27 28 25
5 12 28 22
9 35 33 29
21 19 29 24
47 0 34 47
8 25 11 44
4 16 31 26
47 5 29 29
18 30 27 45
29 35 19 46
30 44 32 18
45 1 29 26
13 19 27 48
40 34 38 30
0 18 38 11
8 27 29 31
5 23 36 32
25 39 25 22
24 47 39 29
22 24 47 23
43 22 19 17
7 13 39 12
10 3 35 22
20 23 32 36
31 33 7 40
26 16 13 42
34 44 48 47
44 14 33 24
37 15 42 38
32 48 36 35
49 12 35 47
40 24 34 41
26 22 6 46
24 46 33 31
12 25 28 20
9 27 15 49
24 41 34 26
34 41 21 13
19 37 46 48
26 45 26 22
21 29 41 20
23 37 34 23
36 6 22 31
41 17 9 40
24 38 32 36
13 47 9 36
22 22 35 29
13 31 30 32
24 19 31 46
4 46 0 42
14 38 6 46
5 37 24 36
3 22 41 46
13 23 25 10
15 1 42 22
7 26 29 28
26 46 35 49
31 46 36 45
14 15 30 44
2 13 33 46
33 39 29 45
23 14 23 3
43 41 21 11
27 20 32 42
27 23 11 40
7 5 23 40
42 27 34 28
19 44 44 17
15 19 8 0
2 16 17 28
14 30 25 27
28 42 21 33
43 1 30 40
21 24 14 11
30 31 1 37
10 30 30 45
11 13 46 43
33 12 28 23
41 10 28 24
19 20 26 44
24 1 34 45
24 16 39 43
28 43 34 35
8 25 26 24
33 6 7 29
25 47 26 40
8 19 32 24
36 28 41 25
28 43 27 28
14 17 29 45
4 10 41 44
21 10 32 32
14 45 28 20
6 18 36 39
11 27 39 14
28 32 25 44
38 8 11 33
16 24 23 41
10 23 30 16
45 43 27 29
20 46 23 43
37 2 42 49
5 49 41 35
10 31 12 37
40 38 48 18
9 25 38 20
27 25 31 32
35 34 38 23
37 4 30 41
42 2 26 34
28 43 48 45
19 43 26 21
21 10 35 40
36 42 43 47
10 18 34 35
25 37 14 5
23 19 16 49
32 35 34 24
33 39 32 25
4 13 27 21
26 47 27 22
32 45 32 24
16 27 44 34
11 23 28 49
27 5 24 38
37 47 41 45
34 28 42 8
29 43 31 37
4 22 32 29
12 21 37 44
37 36 36 32
14 34 38 48
16 0 33 16
11 15 45 46
20 28 45 22
3 21 38 29
31 39 43 38
32 36 31 32
6 5 16 45
21 46 45 12
11 27 31 49
16 36 29 49
41 7 23 43
20 40 32 27
12 12 44 26
1 17 32 27
41 0 4 45
20 40 31 47
30 38 23 37
31 17 30 42
35 8 33 21
5 29 28 35
28 31 34 4
31 41 49 45
12 22 14 8
17 38 44 6
14 19 35 45
20 36 21 46
23 33 37 33
22 26 41 47
21 40 23 23
34 27 30 30
33 39 34 30
31 37 45 49
18 18 34 22
22 33 30 29
18 28 32 42
39 5 32 16
13 30 15 46
25 40 42 10
19 27 32 23
32 40 42 46
13 23 36 28
49 8 31 45
25 16 38 36
24 32 34 31
9 23 33 26
30 38 17 47
30 9 31 34
27 34 36 48
10 21 30 33
9 20 0 4
16 17 38 36
31 45 35 35
5 7 28 21
29 38 36 46
15 21 31 27
25 17 41 26
39 40 9 28
26 33 31 32
10 19 36 34
19 40 31 33
26 31 32 32
40 14 39 6
36 44 31 36
31 45 41 35
35 28 28 23
22 15 36 48
32 41 35 23
19 20 12 48
24 42 29 18
29 36 30 43
27 34 26 44
37 38 25 22
13 42 44 6
29 15 31 32
20 32 45 16
16 25 30 41
7 47 25 49
18 20 33 32
18 27 33 48
25 33 36 27
37 38 7 25
11 30 39 44
28 35 19 37
34 5 3 29
6 4 18 49
21 28 33 38
40 3 32 40
42 41 26 49
20 36 37 42
17 43 35 13
27 38 13 8
18 43 24 47
46 30 33 47
18 22 32 44
36 31 29 25
39 6 36 32
15 16 46 23
28 32 33 23
1 35 20 5
13 36 28 28
21 31 23 47
7 11 34 42
23 40 34 33
33 34 37 48
4 17 33 32
42 9 25 42
47 28 26 44
35 45 37 32
9 9 34 34
20 29 29 33
33 28 37 31
43 43 44 26
34 44 15 38
26 44 0 35
15 18 20 49
34 12 27 44
34 43 32 20
6 22 18 20
22 23 36 34
15 43 34 45
40 26 10 41
29 38 33 41
49 8 32 33
13 26 37 31
15 24 39 34
23 29 42 28
46 10 38 28
14 38 3 46
17 40 29 26
30 40 33 29
48 39 49 5
32 22 33 33
5 25 28 41
12 21 30 35
4 6 20 43
28 21 39 41
32 38 34 31
23 30 31 27
0 17 24 16
0 23 31 44
15 33 29 31
22 47 6 49
37 48 29 34
39 6 30 23
25 37 46 39
39 15 49 13
36 7 31 33
18 34 32 33
39 44 22 26
31 36 35 33
27 26 35 35
42 7 31 33
9 8 35 44
34 28 22 41
17 36 30 44
19 16 42 44
29 12 31 28
20 41 13 14
32 35 39 46
34 35 33 22
40 43 34 33
36 8 40 34
23 37 32 31
23 30 43 44
29 36 16 47
40 7 33 44
4 12 41 47
37 4 23 46
23 42 19 24
17 26 33 45
5 11 36 25
11 8 38 39
21 12 30 48
37 41 28 25
33 36 3 43
14 45 34 18
9 14 37 22
27 19 11 45
17 26 25 31
23 18 33 40
15 28 34 36
36 14 34 31
11 35 20 46
37 8 27 41
22 24 11 42
18 20 34 45
18 18 48 12
33 34 30 43
27 37 28 43
18 35 38 45
41 40 48 45
26 17 36 39
31 32 23 42
4 16 24 25
19 45 28 29
26 19 40 43
13 23 21 27
2 8 4 48
47 14 32 23
18 25 33 49
18 35 21 42
38 17 33 19
14 36 34 32
41 48 35 25
33 29 33 48
41 13 32 28
43 7 34 28
29 37 41 23
45 7 30 32
30 40 32 35
13 10 42 9
22 22 41 47
21 31 40 30
40 22 20 39
14 33 29 41
45 32 31 20
12 35 11 48
11 33 32 46
23 38 28 33
20 35 23 45
8 12 36 23
34 49 34 44
3 5 32 30
42 44 28 24
44 13 42 46
38 48 46 49
37 19 10 44
21 36 31 16
11 39 35 36
17 36 28 43
5 19 26 49
22 14 31 42
28 38 26 47
43 15 31 27
23 23 29 46
46 30 36 31
13 24 42 34
27 35 31 29
25 17 3 46
27 28 31 34
19 29 0 49
40 42 21 47
15 20 16 15
1 32 34 31
32 37 1 46
10 15 9 42
41 8 32 29
29 35 39 49
6 40 11 45
13 20 34 44
33 32 43 43
32 32 40 38
35 46 0 44
30 41 28 32
24 37 43 30
32 39 20 0
9 18 29 31
32 40 30 31
24 22 32 31
17 21 31 31
13 26 11 49
28 20 25 45
33 18 33 30
40 5 25 38
25 39 32 34
22 18 36 7
15 20 19 37
27 47 9 39
3 13 7 45
41 5 22 46
36 43 39 12
44 2 35 34
14 26 35 33
25 32 34 48
49 19 40 13
20 43 30 46
31 40 4 44
25 18 32 33
42 5 32 28
31 35 41 30
20 21 28 17
36 36 28 37
27 25 30 33
4 21 24 24
42 8 46 5
34 40 33 30
40 37 7 44
24 44 29 33
30 7 32 34
22 18 40 27
7 7 0 49
21 39 33 31
41 9 30 34
19 19 39 30
9 9 44 49
14 47 20 34
16 29 30 33
15 36 28 27
31 18 29 29
25 34 30 39
22 29 37 34
22 17 35 36
13 29 14 5
47 35 33 49
11 14 32 44
23 17 28 36
21 39 33 46
36 39 33 43
6 10 30 24
35 8 27 32
27 41 14 14
34 12 31 32
35 18 33 29
30 34 29 44
27 40 31 33
30 47 22 37
13 5 23 34
18 28 37 42
9 19 32 44
24 13 8 49
18 45 29 48
29 33 40 26
30 43 33 48
17 35 49 15
28 18 38 28
41 9 25 25
34 44 25 49
5 20 38 47
26 37 39 41
5 20 26 44
46 29 33 35
45 15 19 45
20 18 31 27
24 32 29 24
24 18 31 18
25 44 30 33
31 20 45 46
43 18 30 31
17 16 33 42
23 13 36 30
17 13 11 49
2 3 48 46
47 3 48 49
14 27 33 47
35 27 47 5
25 40 32 36
15 33 33 33
38 4 32 32
14 9 26 14
20 40 28 26
25 41 14 11
26 33 17 44
19 22 27 33
3 4 39 31
15 28 38 26
27 4 41 10
23 45 38 24
23 36 34 20
25 43 38 48
28 39 33 45
11 37 29 19
22 21 17 9
27 34 35 38
9 23 33 20
16 39 46 5
46 13 43 40
29 36 7 47
40 39 28 33
34 26 39 19
