50 235 11304 800
41 7 39 24
6 30 25 6
2 41 4 20
25 34 11 20
45 6 10 9
38 6 5 14
14 31 12 14
43 4 42 23
39 29 12 32
42 3 4 8
7 35 19 17
26 36 19 24
16 11 23 31
28 32 12 19
40 5 4 27
25 32 0 21
41 4 17 18
42 5 17 25
15 39 20 12
25 34 11 3
38 4 5 22
5 1 11 42
33 35 4 3
28 32 24 8
38 39 4 8
6 43 39 27
4 24 20 23
34 31 19 31
33 30 18 6
32 33 4 23
2 40 34 31
33 26 46 39
39 8 16 29
32 32 18 9
26 38 7 44
26 32 26 18
15 34 14 14
8 20 3 14
21 49 29 42
28 36 14 20
30 37 4 28
39 6 40 46
32 31 20 10
29 19 18 18
26 26 20 44
22 24 5 10
7 28 12 34
24 21 39 22
14 6 17 28
0 27 31 20
43 3 32 17
1 46 4 18
39 7 24 19
29 30 4 19
39 28 7 13
18 37 31 29
4 39 11 12
30 36 14 27
32 39 10 15
2 46 41 43
28 31 15 10
1 46 4 1
45 6 44 30
19 39 10 30
8 36 15 17
22 37 19 11
6 45 44 33
7 48 5 19
30 32 17 32
30 37 19 26
33 28 4 17
28 32 16 34
22 42 6 13
27 40 5 9
9 46 14 15
31 29 15 17
28 35 19 24
4 7 10 9
35 32 33 39
32 38 49 34
41 2 11 22
29 30 29 17
33 32 8 8
12 10 4 14
39 4 6 26
36 28 24 0
3 10 5 21
29 33 5 5
5 18 16 23
32 35 30 6
28 27 9 4
18 41 13 19
28 30 4 18
10 14 0 22
25 34 7 17
30 39 7 21
43 6 4 23
41 2 16 8
40 4 32 4
43 8 12 23
27 33 42 30
31 30 35 16
27 14 41 38
35 32 16 20
33 1 41 45
30 33 42 24
26 30 46 34
42 8 37 39
2 26 6 9
0 30 14 18
35 1 2 36
48 14 1 46
33 32 35 27
42 1 37 17
14 44 18 32
41 2 8 14
39 6 49 35
31 27 3 9
16 32 30 37
30 30 42 34
31 33 12 14
32 32 24 34
18 26 46 28
39 5 27 24
7 29 11 12
43 8 23 36
32 36 14 39
20 33 15 20
6 38 15 25
1 22 8 26
42 2 30 44
46 4 39 41
33 26 10 28
27 35 43 38
20 21 24 41
1 15 3 19
25 34 27 21
42 6 39 31
27 29 7 11
26 32 5 29
42 8 32 7
27 25 8 29
35 37 40 16
39 4 18 11
24 34 28 33
3 23 12 14
24 33 16 0
39 9 21 19
6 21 10 25
45 2 49 39
26 19 15 14
5 36 19 30
41 7 15 14
29 32 10 22
3 43 19 14
10 24 24 9
36 26 12 17
14 20 22 32
43 0 32 4
41 5 23 33
35 42 38 19
32 33 23 15
20 18 48 39
0 45 5 18
4 49 38 32
24 27 21 18
41 5 28 40
6 37 34 33
40 4 3 27
39 28 27 24
26 31 30 25
31 30 38 33
27 25 42 32
41 3 0 6
26 38 17 33
28 30 26 9
41 3 29 0
31 27 22 35
3 39 37 43
43 7 24 8
19 45 27 20
19 25 28 32
42 3 7 18
13 36 11 21
37 9 33 38
5 15 42 26
38 27 36 38
31 36 24 18
33 32 34 24
29 27 25 12
31 27 35 39
37 2 9 13
41 8 30 12
40 7 31 37
36 29 23 12
20 23 18 15
17 43 14 7
31 25 13 13
37 7 41 44
30 24 42 35
30 35 5 22
43 28 12 15
4 14 35 42
5 37 4 26
2 7 48 43
31 25 14 26
38 1 14 22
14 31 8 28
36 36 33 29
20 38 10 22
6 29 12 23
36 40 18 29
17 30 15 4
30 32 17 22
39 5 30 36
3 30 48 26
23 29 21 21
5 20 20 7
10 11 34 26
37 34 25 16
33 30 1 10
32 35 35 25
11 14 15 8
28 41 5 15
44 4 10 24
19 19 7 20
27 34 24 21
43 7 48 30
44 6 22 35
27 33 2 0
1 47 42 34
31 30 23 15
39 6 33 39
24 30 14 12
29 19 6 15
