50 122 17755 800
8 24 38 33
39 28 23 35
24 2 17 2
48 13 15 38
19 12 2 46
32 19 29 9
21 23 35 37
8 22 23 35
43 29 37 37
34 20 37 35
18 40 28 42
23 9 1 17
28 36 45 43
6 28 15 38
44 20 13 22
8 38 2 32
42 5 32 42
13 32 36 30
23 8 34 49
41 36 18 8
7 26 37 30
15 33 15 0
41 18 4 14
43 10 6 17
39 17 28 3
44 28 4 35
21 8 10 25
25 8 35 24
12 26 36 24
24 12 42 40
33 16 2 10
24 16 39 34
23 28 30 38
21 8 11 36
42 26 41 37
43 13 28 4
27 14 3 30
15 34 12 43
7 26 23 39
22 16 34 35
19 18 14 9
19 1 24 42
10 22 2 37
7 16 7 25
49 13 5 27
41 22 28 20
45 22 14 14
15 24 29 32
11 2 22 9
17 20 38 29
38 5 28 41
42 13 27 39
34 12 38 27
41 1 13 14
29 17 22 6
8 29 35 36
30 14 21 40
49 28 6 33
46 23 27 41
41 23 18 2
9 27 10 33
8 22 29 28
43 1 32 41
27 34 35 40
22 21 37 29
30 8 33 31
17 34 27 42
23 8 30 27
17 6 26 36
27 22 15 31
36 14 23 37
36 7 38 47
40 19 26 45
35 10 39 31
20 20 36 34
4 36 29 34
47 19 18 18
33 17 35 23
17 29 0 31
19 12 22 18
21 20 4 19
45 9 34 27
42 16 23 40
17 34 26 46
3 0 32 30
43 23 2 48
35 20 2 42
47 15 35 24
41 26 1 23
8 36 19 33
9 35 21 22
43 27 19 35
48 19 34 38
34 27 46 22
32 19 11 23
11 38 25 36
11 31 8 19
45 27 13 46
9 28 29 35
37 12 12 24
43 24 20 4
9 26 12 3
10 26 41 31
25 17 21 47
34 29 18 11
39 12 41 21
16 37 6 37
23 7 15 47
47 14 39 22
15 21 40 44
13 6 3 10
22 11 4 38
34 17 6 13
7 40 31 37
37 15 30 45
20 15 21 27
1 39 37 41
7 49 8 0
47 24 25 47
39 0 8 27
5 3 5 34
40 16 17 15
