50 63 15579 800
7 3 13 35
46 26 26 20
4 6 8 37
48 19 37 11
16 15 3 18
2 17 36 38
49 19 6 36
12 6 17 17
47 15 7 38
10 18 7 39
45 49 42 20
44 41 10 42
7 16 17 35
37 34 14 28
15 4 10 7
9 6 16 43
40 9 18 9
47 19 34 5
9 2 3 23
6 7 12 40
11 4 24 43
7 11 5 27
2 6 22 5
48 23 30 18
12 4 13 19
34 13 3 39
4 0 6 36
29 33 15 42
10 8 15 41
1 16 16 30
6 6 14 37
45 30 14 17
37 9 41 27
46 19 4 30
8 4 35 6
1 23 25 37
3 3 13 30
37 34 14 14
5 7 6 45
26 5 35 25
40 27 18 38
1 8 21 38
36 23 17 40
10 4 17 41
36 35 15 14
6 6 24 26
7 1 17 43
3 5 18 16
33 3 18 19
36 16 25 24
33 30 36 10
39 25 24 9
33 35 35 17
3 6 44 6
6 2 10 19
44 18 34 1
40 10 26 30
8 0 19 23
17 14 10 49
5 7 7 18
8 10 6 15
35 18 10 44
30 34 15 48
