50 424 12460 800
17 24 7 5
13 22 44 11
21 14 30 8
33 21 17 25
19 38 12 1
29 26 49 4
15 34 45 4
19 28 48 2
41 18 7 8
15 18 7 37
14 4 19 18
18 31 37 37
31 39 34 42
13 29 48 7
23 19 6 7
44 28 32 19
28 19 11 32
24 10 49 7
37 16 48 2
12 35 15 7
17 31 45 10
21 32 11 1
37 18 31 18
12 30 4 44
35 19 46 5
45 25 49 7
32 26 38 15
25 14 45 0
23 27 47 25
21 22 11 2
42 16 19 14
14 34 45 3
32 37 15 0
35 11 10 1
14 26 46 4
31 38 39 19
14 30 26 18
18 21 33 27
35 24 46 1
34 5 27 30
29 40 39 7
15 24 42 0
17 0 44 0
35 16 27 5
19 33 30 1
42 44 9 29
40 42 39 12
31 41 46 0
34 23 48 3
15 21 11 7
37 23 3 14
15 32 31 22
17 13 3 22
30 27 39 36
29 3 30 15
8 34 48 5
23 33 5 15
35 21 22 7
45 40 47 4
12 27 21 14
33 18 45 10
18 27 49 3
3 20 24 26
38 22 17 8
43 45 31 7
35 18 39 13
10 31 27 23
24 30 11 32
35 20 13 0
31 35 41 34
36 7 31 17
7 41 27 37
39 45 1 21
36 31 19 23
10 40 19 6
34 45 49 7
36 46 42 17
18 15 21 23
6 32 35 12
39 21 15 17
39 35 24 11
7 26 35 1
42 3 31 29
33 5 25 7
32 29 37 25
38 20 48 5
40 38 11 13
40 17 45 7
25 16 22 36
36 20 14 12
46 17 30 12
35 20 48 5
8 31 24 0
15 34 40 8
20 34 27 10
32 44 9 8
39 2 48 15
7 22 20 14
12 34 47 2
43 46 26 21
15 24 11 22
37 9 45 19
9 29 35 15
14 33 40 7
35 23 40 1
42 34 18 43
29 11 29 4
31 8 26 29
28 34 25 3
34 30 30 6
38 20 10 14
18 24 2 23
18 32 14 0
38 33 48 16
29 13 41 24
38 16 44 39
12 25 25 34
36 21 3 24
5 25 28 14
26 1 49 16
31 2 44 12
18 3 46 13
19 19 7 15
15 32 31 19
42 32 49 0
44 33 45 7
32 16 48 5
8 25 47 6
3 28 19 21
35 19 20 2
25 27 11 4
16 28 46 4
39 26 11 8
24 2 46 13
27 45 41 10
12 29 39 23
30 26 48 5
16 34 10 38
33 16 3 21
9 22 33 1
27 45 45 12
15 19 14 23
17 32 46 4
36 44 45 14
38 19 35 27
38 45 23 40
5 29 25 10
36 14 11 8
36 20 49 3
15 7 13 14
33 15 4 22
37 16 12 2
8 24 22 15
10 32 48 3
12 34 42 5
49 1 42 5
16 28 28 35
45 26 22 23
47 43 8 39
15 29 40 4
17 37 18 32
20 32 48 12
24 35 30 25
34 21 27 2
36 22 41 30
23 13 34 11
19 37 46 11
40 46 26 9
8 23 0 0
14 25 49 1
9 37 14 5
40 35 47 5
26 15 11 3
18 15 30 0
14 31 49 7
48 2 45 10
32 37 14 8
35 18 14 16
11 29 39 15
41 19 21 42
11 32 33 35
2 27 39 2
35 20 15 8
42 42 47 4
34 19 45 3
46 10 47 4
36 14 31 18
24 26 8 18
18 14 15 16
38 20 10 20
21 14 48 5
5 26 45 5
17 26 0 16
18 23 13 4
12 7 48 6
33 19 37 4
21 31 17 14
49 37 36 0
22 16 45 9
39 17 15 24
32 17 15 1
12 23 24 38
32 15 14 2
16 36 20 35
8 30 39 12
15 39 23 1
14 32 17 4
49 43 47 11
34 35 44 5
14 29 0 5
39 22 39 7
37 20 41 2
34 21 10 35
16 23 35 47
16 26 10 5
15 41 20 7
37 42 6 14
34 13 25 29
40 22 0 22
42 15 19 2
33 21 10 1
17 21 24 4
18 36 42 1
12 39 47 4
20 12 32 39
32 44 40 10
15 26 48 26
31 30 46 5
46 0 47 7
22 2 14 13
18 39 6 2
31 11 27 2
40 6 24 13
10 30 39 20
18 3 39 27
21 34 5 43
16 24 0 11
15 28 44 8
27 8 45 31
12 21 48 12
23 22 37 9
35 3 40 10
38 14 16 2
31 3 49 5
23 28 47 8
20 11 49 6
12 36 34 13
37 20 45 23
17 17 45 24
5 26 36 7
32 25 8 9
35 18 27 16
47 48 33 18
33 40 40 15
25 5 45 7
4 20 46 4
31 12 37 27
27 6 41 4
8 48 8 12
32 0 49 10
40 19 32 9
21 28 42 21
42 42 46 0
42 11 23 2
30 45 42 7
36 25 49 3
37 21 49 5
15 25 24 26
31 19 26 7
6 22 1 23
9 34 16 2
31 40 17 11
33 15 49 7
4 5 16 35
16 25 48 7
38 20 41 6
15 36 43 49
39 14 42 1
31 39 36 13
16 26 0 15
26 10 27 14
11 26 21 6
37 19 17 25
31 18 8 22
16 30 39 33
18 34 14 36
19 18 36 9
44 47 39 14
44 15 27 19
33 19 47 28
38 18 34 1
37 43 19 13
29 18 4 23
41 19 42 4
36 19 43 2
16 29 11 24
35 38 20 27
17 22 20 1
15 7 16 22
16 31 32 8
24 24 19 35
20 28 47 5
42 22 13 5
42 41 28 30
18 16 22 35
21 27 15 4
38 35 46 19
46 38 49 24
21 31 43 4
22 25 41 7
16 32 48 11
20 31 11 13
25 26 44 9
35 23 47 4
7 17 6 23
18 18 37 6
15 27 16 16
32 22 26 22
3 40 48 9
34 7 46 1
33 36 45 2
9 5 17 22
16 21 49 10
7 7 36 14
34 10 13 17
17 34 19 3
29 38 11 1
33 17 37 10
5 32 15 5
15 34 47 9
12 19 29 0
18 26 24 8
9 37 20 6
37 44 43 0
28 27 15 18
32 17 35 23
32 35 11 0
8 32 37 10
36 20 45 6
34 17 47 0
38 48 33 3
10 10 27 36
34 21 48 3
43 18 40 29
7 22 11 40
18 0 15 9
42 43 47 1
36 35 45 4
29 11 13 19
11 35 36 8
39 25 26 20
40 36 16 28
15 35 38 2
14 37 46 2
47 38 4 6
4 33 21 16
7 21 47 4
22 40 29 17
15 15 25 1
13 28 25 7
45 25 18 10
19 18 6 18
38 23 34 20
20 38 49 5
40 42 46 1
31 35 36 5
32 22 12 3
10 36 42 14
17 5 41 26
18 11 48 12
10 12 48 4
42 31 12 13
10 25 45 11
37 43 9 27
33 23 12 8
16 28 44 15
34 20 33 45
20 7 27 13
8 6 18 13
7 29 20 28
17 23 22 40
35 19 7 20
18 25 27 27
33 17 15 17
21 23 48 4
20 0 24 3
37 19 28 21
39 0 45 18
40 22 35 1
41 36 9 1
32 16 43 3
3 36 44 7
45 46 26 20
34 22 14 3
23 28 5 30
3 23 44 7
4 34 36 2
32 44 47 6
21 11 49 39
39 43 21 23
43 38 16 24
25 25 42 14
20 26 18 42
11 32 23 14
7 27 38 5
34 18 26 17
32 20 10 0
11 35 11 3
11 31 48 7
39 22 26 30
33 37 8 22
27 47 48 24
36 19 20 21
23 23 29 26
40 13 22 48
19 21 16 27
4 24 33 16
16 26 44 9
12 26 9 0
40 3 13 37
40 18 47 11
20 12 45 4
41 46 27 27
35 0 17 1
