50 54 13054 800
7 2 18 29
13 17 41 3
34 15 42 40
47 25 13 38
41 22 17 28
39 26 9 22
39 24 21 30
40 28 15 26
23 23 9 33
8 9 48 22
37 25 4 34
41 26 31 45
39 26 10 7
41 27 23 28
39 27 30 35
39 27 45 17
37 16 13 15
39 27 18 30
19 25 37 15
48 17 8 27
45 28 11 24
43 33 22 36
23 16 3 5
34 24 42 7
40 25 29 10
47 36 22 30
17 22 23 1
17 19 1 35
42 33 22 6
18 23 29 8
36 26 14 2
13 4 18 28
24 22 18 34
21 26 34 28
15 21 38 15
39 28 27 32
43 27 32 5
41 31 33 45
20 32 33 23
48 37 16 17
37 27 21 12
44 29 12 3
31 35 4 30
39 26 18 31
38 24 2 15
39 27 11 25
36 28 7 28
36 15 9 25
23 13 33 6
15 2 7 42
36 29 40 18
16 22 28 7
39 19 14 17
37 31 33 28
