50 1277 11639 800
25 25 29 46
38 18 2 1
29 5 13 42
13 43 19 11
34 24 43 42
18 38 41 25
31 3 14 6
11 8 17 14
41 3 6 20
13 42 1 11
19 40 32 36
27 27 9 1
4 5 10 11
12 24 4 5
12 47 37 40
40 12 36 49
41 15 17 14
49 47 4 9
11 41 30 39
31 4 19 20
28 20 15 17
29 13 13 11
39 4 30 47
1 34 39 41
11 15 11 20
32 20 31 42
46 35 14 9
14 38 19 7
13 40 40 7
31 20 5 11
16 15 14 6
37 35 30 41
32 33 27 5
10 39 22 46
11 40 38 1
13 37 3 6
13 45 30 39
28 5 29 45
12 41 19 3
45 7 26 37
30 17 38 43
10 41 44 48
25 27 10 0
8 45 15 3
14 9 3 6
37 19 43 8
41 30 4 16
40 14 9 1
2 33 14 2
8 42 3 27
31 23 16 4
6 8 30 48
37 17 12 14
40 26 35 37
42 34 28 48
16 44 11 8
44 36 11 8
43 19 38 49
8 13 28 41
32 20 21 42
9 13 23 37
10 24 12 0
41 0 16 22
12 44 20 12
21 9 31 4
49 36 22 46
39 15 28 8
28 8 4 10
14 45 24 46
10 20 35 35
2 29 29 48
12 42 37 43
17 39 12 5
33 23 30 39
27 16 37 39
28 26 29 41
15 45 22 0
49 33 39 40
36 0 22 45
17 14 14 11
0 30 28 46
40 24 41 39
41 10 38 49
0 20 24 14
8 29 28 48
3 27 23 15
23 0 39 11
10 11 23 46
29 26 24 48
10 44 7 4
11 18 24 46
38 20 13 18
35 15 14 44
24 16 32 15
36 24 24 40
16 41 25 21
12 31 29 48
3 13 23 13
14 37 6 7
42 32 12 17
42 10 9 14
32 17 10 8
40 22 11 6
25 23 41 21
33 10 7 3
49 19 10 4
36 2 11 2
46 12 14 3
34 28 16 7
42 31 20 41
30 21 25 0
30 25 41 46
14 46 18 0
40 23 35 39
29 6 13 3
9 39 47 16
35 19 2 0
12 37 29 42
43 11 24 46
18 43 16 8
25 17 20 45
47 7 28 40
43 8 27 2
37 15 39 24
30 8 2 1
10 4 7 2
37 16 7 16
34 21 28 12
13 12 5 8
36 19 20 45
35 17 22 16
31 8 32 34
34 8 22 12
28 16 31 40
10 23 4 11
34 2 22 11
5 13 32 21
36 13 41 45
9 21 5 23
40 22 6 1
41 29 24 49
36 17 4 12
10 31 12 11
17 43 31 44
33 21 24 40
25 21 4 8
45 12 28 2
33 22 5 7
29 14 11 6
32 13 4 8
13 45 9 22
49 6 12 13
3 34 15 24
32 14 40 43
21 11 20 47
30 18 34 49
20 2 37 46
44 8 42 19
36 21 17 0
15 41 11 18
6 25 12 7
0 12 22 2
33 19 26 10
28 18 20 6
23 25 47 44
5 19 9 5
11 9 30 47
36 16 21 9
26 25 3 1
38 15 2 11
33 20 5 14
36 39 28 42
32 11 31 46
12 41 6 9
15 39 13 5
48 18 31 48
40 21 38 48
38 21 3 4
34 14 25 24
27 6 13 12
6 23 25 40
10 41 39 47
16 39 36 46
24 13 9 15
21 9 43 45
16 9 17 24
21 42 12 14
30 18 10 3
12 40 9 10
33 19 12 5
23 28 34 37
37 12 29 40
38 5 0 3
49 37 27 42
41 0 15 10
32 26 19 40
48 8 5 22
13 39 41 30
37 9 33 23
36 22 21 0
31 10 23 18
27 36 30 47
23 11 48 29
8 19 0 9
10 8 4 24
16 8 1 8
34 21 33 40
5 29 15 10
11 32 14 14
37 16 17 14
35 15 26 43
1 38 15 9
11 27 5 7
32 19 16 7
7 19 1 0
36 25 20 12
2 30 29 26
30 30 20 8
30 7 5 2
33 20 3 14
39 20 34 45
29 19 20 2
2 16 6 2
15 41 11 16
37 22 7 5
1 22 18 23
33 23 32 37
41 14 24 47
33 25 33 43
40 16 31 41
4 13 8 11
35 2 26 7
29 19 8 7
15 44 23 48
47 38 31 40
21 6 33 49
44 16 11 12
33 15 32 36
0 4 27 46
31 10 19 17
7 18 25 44
14 40 11 7
11 41 35 26
37 17 37 48
4 8 19 26
29 14 8 4
36 20 10 12
12 15 19 0
29 15 31 32
23 14 9 13
24 4 42 37
31 2 21 11
10 24 3 6
38 21 24 12
43 26 30 48
44 13 14 4
44 12 22 9
0 9 28 48
28 19 4 9
31 19 5 12
2 46 16 6
15 43 36 42
10 41 23 43
2 11 8 0
33 21 25 46
30 18 47 17
34 10 26 46
16 40 0 1
39 30 7 13
4 28 5 1
35 20 9 6
49 10 34 45
47 25 11 33
13 18 7 1
13 40 4 10
13 42 26 11
37 30 42 9
41 4 32 13
19 40 35 0
40 4 10 21
18 14 35 31
44 11 7 8
29 23 28 46
37 6 24 37
49 0 34 9
13 9 19 39
8 24 15 11
35 19 38 48
18 44 13 18
13 39 8 13
35 6 28 9
10 13 26 5
13 37 0 4
3 11 11 0
29 21 10 3
11 38 31 39
46 24 26 43
14 30 13 2
33 14 6 13
30 6 13 10
28 21 17 9
25 18 4 24
10 38 19 8
27 20 18 10
6 5 35 38
17 44 21 30
31 25 10 9
34 19 23 48
2 26 48 0
25 17 40 45
2 4 13 19
17 42 34 48
17 4 15 15
32 23 17 12
11 40 1 13
46 40 16 0
28 23 41 40
36 10 23 16
29 14 19 6
2 14 41 0
32 20 13 8
46 13 30 39
13 39 24 28
37 10 38 31
25 27 26 31
45 23 3 15
6 45 41 4
38 16 39 20
38 17 19 42
31 14 38 9
13 36 28 42
35 22 6 5
47 12 26 40
39 5 23 6
6 23 15 7
37 3 1 3
33 21 15 26
20 29 13 5
43 10 2 6
37 7 4 24
39 3 1 2
40 7 41 49
11 42 12 9
27 14 30 49
5 14 0 14
8 4 15 15
0 26 6 11
9 42 16 11
4 31 4 38
8 16 0 16
2 40 21 16
3 7 32 45
31 17 3 7
44 33 28 41
40 17 32 48
40 43 48 14
31 16 20 1
20 24 36 42
10 19 29 30
17 13 16 3
1 13 6 12
7 30 29 45
18 39 31 46
27 16 7 0
41 38 9 4
48 35 13 7
46 10 7 11
13 41 3 0
31 19 17 13
34 18 15 16
3 20 0 6
38 16 23 43
38 18 31 43
33 9 27 35
29 11 20 1
14 44 9 1
15 9 18 11
28 16 15 2
46 41 20 10
28 20 26 43
37 19 10 4
16 39 45 15
8 10 12 2
34 16 22 21
14 44 29 4
40 34 0 14
39 15 6 8
16 13 31 49
11 42 31 43
40 18 16 2
32 21 14 1
31 20 39 37
13 37 12 16
8 2 21 42
15 14 49 15
34 1 6 0
10 29 3 27
31 18 15 11
9 38 35 4
44 1 18 4
10 43 10 8
27 13 32 49
33 18 21 42
11 39 3 18
48 28 7 11
14 43 11 8
48 27 9 9
19 8 40 49
31 15 18 1
36 17 37 47
37 25 31 40
18 34 12 7
35 2 36 45
36 10 13 0
8 22 36 42
30 11 13 8
1 15 5 6
12 49 31 45
40 27 8 0
34 22 31 45
18 16 36 15
30 1 5 2
26 10 16 12
13 40 15 45
0 39 20 3
16 10 21 7
37 18 15 7
29 33 5 1
5 10 12 0
22 32 4 11
32 8 21 43
39 1 33 44
11 39 12 12
11 3 22 33
8 35 48 5
45 46 35 44
42 23 19 12
2 33 11 12
39 13 27 35
0 23 11 5
14 33 0 7
1 29 37 22
45 0 7 6
33 7 21 14
14 42 24 49
24 3 2 1
45 30 15 8
38 14 22 18
38 12 34 45
46 34 28 5
26 19 18 1
26 1 15 10
5 14 25 49
40 19 15 25
22 30 13 9
12 45 25 45
23 12 5 10
0 3 49 25
27 14 4 6
24 12 31 42
3 38 41 16
29 4 6 10
38 16 38 3
38 19 18 22
3 22 27 45
13 43 16 15
36 17 6 2
4 33 32 48
21 6 10 13
43 15 3 6
18 19 24 39
41 24 25 43
32 12 24 10
14 41 39 44
1 19 20 12
49 26 19 18
2 44 22 32
6 29 16 10
33 18 12 13
33 48 24 7
0 1 29 49
46 47 38 19
48 28 24 2
45 10 27 45
40 16 31 48
29 9 25 37
48 40 11 10
5 14 10 11
44 18 36 48
36 20 27 43
9 25 15 2
2 13 15 5
21 43 20 20
35 21 27 45
34 21 5 17
36 20 28 40
26 6 36 40
27 26 38 44
33 14 34 43
31 19 26 41
44 17 30 36
42 21 2 8
42 13 11 3
36 14 24 5
34 18 29 44
42 22 28 42
26 18 34 44
4 32 25 47
38 9 25 3
2 31 7 3
38 9 26 10
23 36 0 16
31 17 25 20
41 21 30 6
36 20 15 42
15 41 39 48
44 12 28 49
36 13 23 13
15 37 31 2
46 35 5 4
10 45 33 39
28 10 17 4
36 1 5 7
10 37 45 39
49 36 25 20
32 16 39 2
7 35 23 2
6 6 6 37
17 13 5 5
13 45 3 22
44 34 32 48
10 46 12 1
7 19 24 6
37 25 0 8
32 11 10 11
7 25 17 13
10 19 31 45
40 20 24 11
10 41 6 10
36 17 35 47
36 12 19 47
49 14 12 27
30 8 0 10
36 7 3 6
47 31 31 45
36 16 11 13
35 3 24 5
43 4 43 44
28 10 3 11
11 39 37 46
38 10 40 36
34 22 29 44
12 43 27 44
38 19 33 45
10 34 34 44
24 19 7 0
13 17 9 3
23 16 4 2
12 39 1 13
7 18 29 6
0 8 19 6
32 18 31 48
28 25 0 2
32 19 35 40
10 48 45 5
14 39 2 20
38 14 17 4
32 17 9 27
16 39 16 11
36 20 38 46
1 24 4 12
23 45 41 12
35 30 28 16
7 5 1 19
37 17 8 2
13 43 16 5
27 15 19 41
21 4 34 43
29 8 39 19
34 16 32 38
35 7 11 9
15 45 8 8
16 16 14 6
40 7 13 3
29 15 23 42
36 16 19 14
7 26 21 49
35 20 18 23
41 19 16 10
17 45 37 46
22 31 9 24
30 22 21 41
11 6 38 7
29 18 24 42
18 10 23 19
43 20 35 39
6 8 28 45
18 11 19 43
31 49 24 5
34 20 38 12
29 18 40 21
6 30 9 1
13 40 35 49
3 32 13 6
42 31 11 4
36 17 10 8
5 43 39 47
37 18 20 11
14 43 20 1
5 20 21 14
37 34 13 5
3 44 26 11
42 25 17 13
38 15 2 1
40 37 22 15
34 23 12 6
25 3 35 45
21 13 22 2
35 14 35 47
30 21 12 30
34 8 0 4
8 35 16 14
31 21 16 21
43 24 28 45
11 42 34 7
28 6 28 49
49 28 4 22
26 10 32 30
29 16 29 47
30 26 13 0
37 30 35 37
48 17 13 21
31 26 25 0
13 38 35 46
12 42 21 45
9 30 31 45
7 30 7 11
33 7 22 4
9 44 16 21
35 19 27 12
2 14 20 38
15 41 15 20
30 19 28 41
36 13 23 3
24 9 26 5
39 38 28 6
47 0 31 44
10 3 21 8
36 20 29 43
18 38 0 0
37 41 19 24
13 42 16 19
7 26 17 7
11 17 42 47
23 21 25 5
28 17 10 6
32 18 8 3
7 10 24 4
46 28 32 48
36 30 0 6
16 38 20 4
43 20 40 41
32 17 38 9
11 42 12 9
28 18 8 12
11 40 41 40
33 17 19 22
44 9 17 47
17 38 29 8
0 34 16 8
0 32 0 20
11 43 1 22
13 39 44 15
49 26 9 10
36 9 38 33
15 39 8 8
27 23 11 26
42 36 35 41
36 19 25 49
11 38 32 16
14 37 3 10
8 40 12 6
32 19 24 8
24 20 17 10
42 12 13 15
34 21 12 4
18 11 41 9
32 26 4 15
14 38 27 47
42 31 42 14
0 14 4 0
49 40 20 12
41 15 33 43
41 1 18 48
42 37 10 8
14 38 11 7
13 41 26 2
26 12 36 48
13 41 6 10
48 31 32 39
14 38 29 45
41 0 41 18
36 27 40 38
13 45 13 7
36 20 6 18
35 7 36 41
14 42 41 46
44 16 17 6
35 18 25 39
11 44 11 7
34 16 24 40
22 42 22 9
7 13 40 11
41 32 3 14
31 18 24 48
14 42 14 13
44 17 9 12
15 41 13 5
12 42 21 19
14 42 11 39
15 44 5 16
44 24 12 10
20 10 34 42
8 9 26 39
13 2 7 8
32 16 47 37
48 19 16 13
35 14 6 4
29 11 4 27
33 19 17 1
11 39 30 44
32 4 5 10
42 19 8 9
27 10 19 17
44 48 31 48
36 22 43 47
29 31 40 47
49 17 9 3
12 42 4 11
3 17 21 40
21 2 11 10
32 37 18 0
39 4 25 45
32 22 17 0
16 39 20 13
43 26 12 19
10 45 35 36
37 17 10 16
2 30 36 47
17 38 18 7
10 43 9 0
27 3 35 20
11 41 18 1
23 1 39 43
49 16 16 9
11 41 2 20
0 14 14 41
30 2 22 2
47 14 29 3
34 19 12 5
13 7 13 2
23 20 37 7
17 22 3 15
12 37 9 8
14 45 31 48
10 13 24 13
41 18 32 44
9 29 31 46
37 0 23 30
49 15 1 7
29 0 6 14
10 43 9 3
2 36 8 8
42 20 3 1
37 18 29 33
39 19 9 3
35 11 18 15
47 10 25 0
32 15 29 18
23 5 21 13
3 14 20 2
28 26 8 5
39 18 8 12
40 8 4 2
40 0 24 48
16 41 17 3
35 22 17 7
34 23 36 43
48 40 43 15
36 6 25 37
28 15 30 41
45 23 12 11
35 6 32 40
40 24 32 18
4 24 19 12
34 4 18 1
11 28 33 38
11 43 28 47
44 16 28 16
10 40 3 3
27 6 23 43
16 20 12 12
41 10 35 3
12 32 12 2
32 19 19 48
4 23 32 43
36 16 30 36
15 43 23 44
33 10 25 44
48 23 40 41
39 38 6 0
40 19 3 4
46 0 1 10
33 21 12 2
19 45 38 48
30 19 26 48
8 14 40 48
6 17 3 10
27 19 11 3
34 18 5 3
2 2 13 4
33 18 16 2
34 23 16 28
15 42 28 46
33 14 17 11
15 38 30 47
9 11 11 18
13 26 15 19
41 31 34 45
14 36 37 38
47 33 33 47
13 40 10 6
46 20 23 45
44 4 23 12
16 39 38 1
31 19 26 35
35 18 8 10
42 31 17 8
31 11 30 46
32 19 9 8
13 41 25 44
13 45 4 19
15 45 13 20
38 20 26 35
14 41 34 48
48 32 30 49
15 41 5 1
10 45 35 43
8 37 1 37
11 44 11 0
24 24 32 6
20 19 45 9
22 19 15 38
44 27 8 5
41 37 3 9
37 23 34 32
11 44 6 15
35 29 2 2
7 10 19 11
13 12 30 24
10 23 26 49
13 47 14 23
10 18 3 0
13 42 16 22
26 11 6 14
35 22 19 4
34 37 25 16
11 44 7 1
49 12 9 20
46 45 18 10
15 39 31 43
23 11 7 13
49 26 17 7
12 38 28 45
34 28 15 10
39 17 2 22
38 12 14 0
45 12 31 45
35 18 6 3
39 16 15 20
3 24 34 49
24 4 13 10
3 33 16 1
32 17 36 35
15 42 7 16
5 36 11 8
30 14 36 15
38 18 16 1
39 19 9 0
40 20 30 3
14 44 15 5
14 43 34 46
9 39 1 6
11 42 30 48
45 11 16 0
44 21 10 12
10 44 25 1
7 24 5 1
41 12 22 14
46 32 25 35
3 4 22 11
28 17 1 19
33 15 11 2
35 27 1 3
14 41 15 12
6 39 14 24
33 21 4 14
49 1 29 46
39 12 17 13
40 18 14 37
35 16 21 16
43 35 27 45
42 26 28 13
14 35 28 47
35 17 31 45
21 7 9 7
12 37 23 41
28 47 29 13
33 21 9 9
18 5 6 15
6 29 37 42
36 22 29 49
40 13 5 6
11 41 20 10
39 13 28 29
38 2 6 18
33 15 25 15
15 45 33 23
49 19 1 4
7 41 26 46
36 21 25 34
32 21 13 1
47 39 3 9
41 18 23 17
21 6 32 30
30 17 15 1
42 16 6 18
10 44 33 31
29 11 29 47
10 39 33 34
31 22 14 48
44 12 5 1
34 8 28 47
22 35 11 15
15 41 28 43
34 24 11 16
4 36 34 44
8 38 3 3
18 1 35 10
19 26 8 18
17 22 24 42
37 20 9 18
0 31 2 5
24 3 14 17
33 10 19 20
40 5 34 49
11 8 4 24
1 14 26 41
27 13 20 6
20 20 1 17
28 14 31 37
35 17 20 13
35 16 13 6
14 8 8 13
34 23 22 11
29 29 43 48
46 39 26 13
2 27 31 2
24 30 18 2
14 44 43 23
38 15 26 10
19 18 15 7
40 32 10 4
19 32 16 7
17 45 29 6
35 21 3 7
13 42 15 1
7 12 20 5
44 4 3 0
45 6 0 5
41 18 2 25
12 38 10 11
34 15 29 44
34 22 12 35
12 41 32 37
40 13 22 44
25 4 0 4
39 11 39 48
31 5 21 9
14 45 10 15
10 42 43 49
36 9 24 37
13 40 28 40
9 46 23 2
44 15 27 41
0 16 30 44
35 34 20 49
35 22 2 15
40 26 47 10
31 18 25 27
36 14 8 5
37 23 0 2
15 31 2 4
4 8 30 46
11 29 7 7
22 10 27 42
13 42 38 46
42 30 45 11
13 48 20 48
18 12 29 48
28 8 32 49
15 39 10 9
12 36 8 3
32 16 5 12
7 44 9 15
42 24 43 12
32 19 29 40
32 15 35 37
31 19 10 16
29 20 12 20
1 9 10 14
16 40 14 10
34 21 37 41
36 25 33 45
27 12 45 32
29 8 28 44
37 42 18 31
36 14 30 36
20 26 18 3
33 26 23 20
34 18 28 47
28 3 37 46
31 16 21 8
20 18 3 2
36 19 29 33
49 19 24 43
40 10 32 5
40 2 14 12
1 11 44 16
13 30 0 14
35 31 27 46
33 24 45 15
34 24 11 5
24 17 30 5
41 22 10 14
1 2 3 9
37 4 39 42
12 40 24 47
13 42 2 3
47 31 24 46
11 43 30 41
30 10 31 47
3 41 2 12
16 44 25 40
18 36 19 40
31 14 15 0
36 16 39 47
16 42 23 0
23 15 35 17
10 44 3 15
37 18 15 10
12 11 23 4
28 24 29 48
40 10 30 43
45 10 24 46
13 40 22 49
34 19 4 4
10 8 23 4
35 23 29 18
31 3 10 12
34 8 9 28
42 19 30 39
15 39 1 6
33 14 41 41
45 16 7 1
8 41 37 35
23 32 6 3
33 16 10 5
14 40 26 46
36 19 11 3
15 41 28 48
37 27 0 12
39 20 7 3
35 13 29 46
21 45 29 48
36 20 21 46
12 12 37 28
3 21 3 12
42 6 37 49
14 42 32 48
36 21 30 46
4 9 11 11
4 9 20 6
36 17 11 1
21 28 6 16
35 11 28 48
28 19 46 24
15 40 10 12
33 17 32 4
12 43 24 47
35 13 10 9
28 25 44 9
40 20 14 16
37 17 27 47
16 44 19 6
13 39 9 15
15 40 6 3
33 18 7 12
33 41 15 1
34 12 24 44
20 13 13 6
30 22 32 17
27 20 2 20
42 22 38 18
2 26 31 27
39 27 2 3
12 38 30 49
20 17 15 0
7 49 17 15
44 12 11 2
45 3 26 38
1 24 43 5
44 10 9 6
45 32 11 20
14 25 33 9
33 10 5 11
5 20 17 2
40 22 36 47
39 16 18 2
3 6 18 7
2 9 21 7
45 13 28 46
35 15 19 5
16 44 48 9
5 17 9 1
12 42 1 6
35 19 7 1
49 6 35 45
35 23 21 39
34 15 19 37
35 17 14 6
13 22 11 6
5 0 15 44
36 14 33 16
40 24 0 10
12 23 14 1
34 15 9 18
12 39 19 3
26 15 11 1
30 13 2 17
11 43 19 26
40 23 24 8
29 20 9 11
40 13 37 48
20 16 11 28
9 37 17 7
13 47 5 12
37 14 16 12
14 39 12 1
40 6 22 20
32 14 35 41
4 6 11 1
40 24 28 45
27 15 11 18
31 12 30 45
39 18 43 40
48 34 30 7
6 15 5 5
13 26 3 28
41 16 14 4
2 12 4 6
11 41 25 49
32 21 14 10
1 48 34 43
32 17 9 5
17 41 10 2
34 12 14 8
40 0 18 6
12 46 3 10
42 8 16 3
34 15 24 39
26 33 16 7
9 40 26 5
30 17 36 37
42 17 4 7
9 6 15 16
31 10 9 9
34 14 5 7
42 25 29 33
27 13 0 7
15 44 22 10
34 15 4 13
43 8 24 40
43 28 17 5
15 6 11 3
39 12 19 27
3 26 32 45
15 38 16 3
10 34 36 41
41 15 39 47
16 44 20 14
33 4 28 45
3 29 19 8
12 1 5 23
39 20 31 38
8 16 32 19
32 24 41 49
5 28 31 45
37 22 3 1
34 16 29 36
40 2 21 47
2 19 1 3
23 22 34 4
29 2 10 15
31 10 8 3
5 6 31 49
34 22 2 14
32 18 0 19
30 4 8 10
10 41 33 45
6 0 31 36
42 49 4 6
36 17 3 37
15 39 41 39
29 10 25 46
35 12 21 12
42 1 48 0
48 43 3 9
37 42 22 9
2 9 17 7
29 11 6 10
9 11 25 47
6 26 1 13
42 5 26 34
39 24 21 45
37 10 30 49
35 15 41 23
39 14 2 6
33 26 32 44
45 6 6 9
12 41 0 14
35 17 30 43
29 8 0 1
33 17 40 48
38 9 9 4
39 9 13 39
30 17 48 12
14 43 19 12
46 8 31 2
36 21 3 0
33 12 0 8
13 41 36 48
38 23 19 47
37 23 15 2
49 18 39 10
35 17 26 15
19 41 0 18
12 43 24 13
46 14 0 17
45 18 30 49
12 43 18 0
45 28 29 49
32 15 1 9
12 42 32 26
30 22 15 7
38 21 2 4
38 0 11 18
8 49 14 6
38 13 4 1
13 39 35 34
15 37 9 39
1 38 40 7
10 46 24 48
27 12 24 45
46 10 47 4
15 44 15 8
16 28 20 27
