50 248 18421 800
27 13 48 13
37 6 42 8
18 23 25 4
5 4 20 10
14 27 39 34
31 41 18 40
3 36 43 34
37 16 16 31
21 48 45 3
11 6 11 15
16 23 32 42
46 7 41 35
26 28 41 31
18 33 31 32
8 44 16 32
17 24 30 32
12 30 24 14
19 27 44 5
41 4 43 30
18 46 5 20
40 2 43 33
6 13 15 31
10 19 44 32
13 12 27 0
14 5 30 21
13 26 6 16
36 20 15 45
26 36 11 13
18 10 17 30
11 27 13 37
7 39 48 15
23 20 28 40
3 34 46 29
14 32 33 29
15 6 34 30
28 19 46 33
28 33 6 33
16 27 27 5
14 28 4 44
1 28 32 28
24 27 36 16
24 32 34 8
20 47 44 31
24 15 28 28
38 12 35 27
9 7 42 33
44 0 34 24
8 39 29 46
12 38 31 40
9 33 32 12
1 27 32 35
22 27 26 48
19 17 10 36
28 18 5 20
15 22 12 28
31 30 34 5
20 13 36 12
10 18 29 16
40 15 13 34
7 6 20 31
22 24 30 4
5 21 31 19
24 29 8 10
19 32 39 41
13 48 31 21
40 6 7 5
18 35 42 37
7 6 7 37
13 29 42 30
33 34 4 14
2 3 46 32
34 40 45 13
43 34 36 31
23 26 14 42
3 2 15 36
23 39 0 13
11 44 19 45
18 31 27 6
0 7 11 30
20 21 40 15
13 30 44 19
23 27 11 10
23 11 25 44
5 27 32 40
16 23 33 20
45 1 45 33
43 10 20 45
40 9 33 3
13 28 8 14
37 38 44 8
7 10 25 8
15 37 39 36
32 11 32 5
6 47 33 23
29 26 42 4
26 18 11 49
19 23 40 3
4 3 2 25
23 22 15 37
17 32 6 19
24 22 16 33
23 23 0 19
2 5 36 16
13 3 30 29
38 43 39 19
24 18 25 28
2 31 29 43
30 12 3 36
15 37 5 22
17 12 7 20
8 45 9 16
46 17 40 41
4 44 35 6
10 48 17 47
19 19 23 49
30 24 35 27
42 9 31 45
16 39 13 9
42 2 19 37
7 27 36 29
16 6 5 18
25 17 45 34
21 27 11 6
7 27 21 38
30 16 7 45
43 4 22 12
33 28 43 34
6 22 33 3
10 17 39 34
13 36 30 27
18 38 4 42
16 19 17 1
30 23 46 31
28 35 18 32
31 0 34 17
19 1 31 23
8 45 24 7
5 23 37 29
7 43 45 34
13 38 42 37
28 22 45 36
2 35 36 36
20 20 27 27
28 4 28 28
14 1 49 14
26 30 1 7
15 24 26 24
32 32 24 13
33 41 44 25
18 30 44 32
11 16 29 27
35 24 44 13
38 9 33 49
1 38 37 25
22 41 35 16
7 21 41 2
8 24 8 10
16 16 45 8
23 27 15 10
2 7 32 29
18 30 20 37
8 27 43 7
25 31 0 38
5 33 42 8
30 10 1 15
13 35 45 5
10 40 17 35
24 27 5 39
26 27 40 8
12 19 20 32
35 19 42 33
32 32 47 1
24 30 46 6
9 29 8 41
16 21 20 33
6 40 37 11
7 7 42 6
5 48 42 26
34 36 46 37
22 9 14 6
5 33 34 15
22 44 29 30
21 21 39 7
5 34 49 9
18 15 7 15
11 12 40 35
19 26 45 36
22 4 20 37
31 9 40 34
13 19 44 36
45 6 36 8
17 33 19 16
27 23 31 36
20 11 29 22
23 5 43 37
17 29 29 7
21 8 38 3
9 0 44 34
25 29 1 7
41 40 17 7
15 15 42 20
18 25 7 9
16 39 26 4
16 27 33 4
14 27 44 21
12 29 47 1
5 39 42 31
29 20 34 30
26 21 17 27
9 12 8 21
19 13 7 49
1 14 41 29
43 17 17 37
28 2 18 28
24 22 40 45
2 40 22 24
27 19 43 36
17 31 34 20
9 41 48 22
6 17 40 9
42 5 47 16
9 15 40 46
25 26 42 33
9 48 40 34
20 6 19 34
22 38 6 27
2 3 24 36
29 33 18 35
18 15 44 16
21 37 0 36
1 2 21 43
47 6 42 32
16 33 29 32
10 24 6 12
2 20 12 21
23 29 39 26
15 22 37 21
28 21 43 30
9 10 24 34
25 28 37 2
25 30 8 20
19 22 21 31
38 33 6 15
20 1 6 9
30 7 17 3
23 19 12 43
45 3 44 9
10 12 29 28
