50 98 15832 800
1 35 32 38
13 40 22 18
47 5 25 39
3 7 26 28
41 19 24 30
13 2 36 19
3 3 26 42
6 38 17 10
11 7 5 5
6 36 15 25
17 11 36 48
4 5 30 12
32 17 27 16
7 41 40 44
6 13 37 45
49 37 35 27
5 25 15 8
6 3 22 16
1 23 14 14
5 9 43 46
1 2 29 22
42 9 33 44
13 47 23 34
9 3 27 26
9 26 31 45
27 10 33 11
48 0 20 30
16 20 19 7
0 17 12 4
6 4 34 10
38 5 0 0
5 44 26 32
28 8 13 4
11 14 36 45
8 41 15 34
14 46 23 22
0 5 31 27
36 3 27 37
14 30 35 48
7 38 0 2
7 34 44 33
30 9 33 43
26 11 4 3
4 4 30 45
7 34 48 3
15 26 10 4
36 10 28 38
37 20 38 47
29 10 25 19
28 7 22 1
12 46 37 45
48 9 31 41
45 24 30 36
24 20 27 45
25 20 25 37
19 0 2 6
5 32 23 3
32 2 23 44
42 12 39 45
11 12 24 1
2 37 23 35
8 8 10 17
9 32 40 44
7 43 17 23
7 38 27 37
40 0 35 34
40 21 39 43
16 5 27 38
10 40 17 16
3 44 19 10
3 38 41 41
23 19 14 31
4 2 9 20
4 4 31 44
9 37 26 45
5 37 31 37
11 40 38 40
12 11 28 36
14 0 24 8
48 11 40 43
14 13 28 0
35 13 31 17
13 38 27 40
0 14 8 7
47 3 27 35
44 18 3 4
8 49 15 27
5 10 18 13
28 5 19 13
28 3 26 38
9 8 34 46
24 15 29 26
2 31 6 4
39 26 37 44
6 39 31 49
5 6 40 48
4 5 16 10
6 3 28 5
