50 613 17073 800
40 32 14 46
7 43 29 35
44 19 30 37
39 5 6 37
45 35 19 33
25 8 32 9
29 1 10 34
4 4 28 9
38 41 43 46
36 4 27 7
1 12 6 33
38 0 33 42
2 43 3 21
38 33 17 24
47 36 18 9
48 31 28 5
31 8 16 33
44 5 29 13
41 6 32 31
28 5 48 12
3 43 8 35
5 48 8 43
43 5 46 30
44 33 11 36
10 8 27 11
14 18 23 5
48 36 27 7
2 10 20 36
44 35 30 19
21 14 33 37
40 14 21 33
43 35 19 35
44 0 16 41
37 8 21 47
42 36 44 40
43 39 1 34
2 25 20 34
8 4 0 47
15 13 28 6
36 13 24 8
2 45 10 47
33 9 28 9
31 3 40 25
40 23 28 11
18 18 27 9
40 33 16 34
41 35 28 8
14 3 13 45
23 24 26 34
41 8 30 18
39 8 14 31
43 34 24 33
37 7 44 11
46 29 15 41
47 6 46 46
9 45 5 32
45 30 29 45
29 10 11 42
18 27 21 20
44 3 9 35
44 38 34 19
9 3 24 27
3 47 35 38
43 33 14 24
22 5 13 18
5 8 12 42
48 7 11 47
48 34 44 49
38 40 27 6
0 44 6 33
20 18 9 26
3 49 21 4
42 38 28 12
9 17 3 21
46 31 14 38
8 9 26 40
2 45 27 8
39 38 37 31
38 4 17 38
24 1 20 46
30 23 29 49
36 35 14 41
23 10 1 44
18 21 16 48
34 20 24 42
38 36 11 43
41 1 41 44
39 8 22 4
47 0 37 28
48 7 30 11
43 25 6 38
15 12 3 18
15 43 30 11
38 33 26 30
23 3 6 28
43 30 32 8
49 25 35 3
43 6 30 8
48 3 13 30
44 5 14 35
5 5 22 34
9 44 38 29
6 13 8 28
19 5 31 13
44 11 30 8
13 11 28 7
44 42 5 31
1 45 24 33
48 17 33 12
36 14 27 10
40 17 29 12
44 4 13 34
43 3 19 40
45 16 26 5
24 18 48 36
48 30 11 42
44 29 47 49
43 11 41 22
43 37 35 11
7 22 22 16
43 4 10 28
45 41 39 36
10 45 3 32
17 20 22 35
5 38 27 6
45 33 15 29
43 29 12 35
37 6 39 13
11 12 14 37
46 25 5 26
48 31 2 34
42 9 31 27
32 6 20 28
45 26 30 8
11 37 21 30
10 4 27 26
43 30 26 48
16 4 48 47
0 46 29 15
2 44 27 4
40 13 30 7
0 48 21 1
48 27 28 6
45 39 30 43
46 35 20 28
39 15 14 13
31 1 1 14
45 24 47 46
41 11 32 35
49 30 36 0
14 0 0 49
4 41 31 47
46 31 47 42
29 2 31 6
41 8 29 32
44 5 42 41
9 12 40 23
23 4 27 10
41 24 19 6
40 11 27 11
24 13 23 33
41 39 10 37
40 36 29 7
7 45 10 38
44 34 36 23
39 4 46 2
41 9 2 33
47 28 20 35
35 3 11 43
45 37 22 39
10 14 16 39
36 9 16 42
43 34 28 11
46 31 22 12
48 36 17 8
41 33 1 28
45 19 24 39
44 34 21 35
10 10 21 31
36 5 47 2
46 15 11 41
2 46 32 1
43 34 23 7
40 38 3 37
40 25 30 12
14 33 38 13
8 37 17 46
44 7 40 48
15 15 43 45
49 33 38 44
36 32 46 37
4 36 17 46
41 24 28 13
46 2 23 17
45 10 11 37
41 11 16 40
4 45 40 15
33 4 30 8
2 49 36 49
32 9 2 37
47 1 0 49
5 18 17 36
44 32 38 32
12 43 6 44
44 35 21 37
49 15 41 29
43 8 21 45
25 29 5 26
13 47 9 6
12 47 34 36
14 28 20 21
33 14 18 39
45 8 2 45
4 45 23 28
45 33 11 29
12 41 36 46
4 39 5 20
40 1 25 47
49 11 23 25
6 49 28 10
2 5 19 29
48 35 26 20
48 8 35 39
25 16 5 43
42 4 37 4
45 34 32 9
4 46 39 37
39 38 22 33
49 26 40 1
40 38 3 42
38 2 10 40
30 43 11 21
19 8 19 28
23 2 24 26
38 16 21 43
4 49 19 34
1 39 31 38
39 11 26 39
27 22 18 15
43 20 29 9
40 11 8 46
29 0 29 9
37 7 35 26
30 2 7 34
45 33 35 28
24 8 46 6
10 44 20 3
2 2 13 34
39 2 17 14
46 4 24 44
8 18 26 24
47 28 14 26
49 6 27 8
41 33 7 23
49 5 32 16
41 36 40 18
42 33 17 40
48 3 6 24
5 44 13 44
42 35 20 26
42 10 15 45
26 1 38 11
27 1 1 42
2 44 29 9
9 10 31 9
44 41 15 35
46 9 1 42
32 24 32 3
20 11 29 4
47 7 21 14
43 16 20 25
42 2 36 31
44 31 10 30
34 7 42 43
33 21 2 42
9 14 23 47
33 7 5 36
47 35 2 17
39 13 34 37
6 45 9 22
49 39 4 45
35 11 13 48
7 18 22 29
35 22 13 39
45 9 7 21
47 3 29 10
0 44 14 10
38 2 23 33
40 10 22 45
47 11 23 27
49 5 26 8
25 15 17 34
48 32 32 15
46 34 6 48
41 5 19 8
38 10 29 8
44 3 20 31
39 30 13 25
24 27 29 18
47 37 25 9
10 41 19 49
40 3 27 7
33 3 30 35
45 11 22 16
48 38 22 44
44 34 16 23
22 17 43 2
43 32 3 16
43 1 9 39
21 2 30 9
41 7 25 8
35 35 13 30
41 28 19 19
42 28 4 47
46 30 34 10
33 12 36 17
38 24 24 49
42 5 24 48
34 2 36 43
37 30 10 48
42 34 19 25
12 20 8 43
9 44 30 32
33 9 4 49
37 4 29 7
23 7 44 29
43 35 19 41
41 14 27 43
49 29 30 8
22 27 22 13
16 5 25 9
6 15 8 30
42 30 28 10
1 8 2 39
6 45 44 43
37 9 33 14
11 36 42 44
7 16 27 8
43 30 16 39
39 7 10 37
39 1 18 36
46 30 41 13
35 37 13 47
4 0 29 13
37 23 0 37
38 34 39 4
31 17 21 5
46 9 7 18
43 32 9 27
2 44 30 10
39 7 5 46
41 2 37 5
39 15 19 17
44 28 30 10
27 8 26 38
40 35 28 7
32 18 27 11
48 28 20 30
20 6 34 44
34 14 41 13
9 22 6 25
47 11 36 6
26 38 7 37
39 7 1 33
40 34 18 34
10 46 8 33
36 6 23 22
9 35 4 38
18 3 31 12
49 40 26 10
40 30 35 22
44 32 41 2
15 21 16 17
46 34 11 10
21 22 13 26
17 2 30 9
47 29 39 5
1 2 9 32
41 31 12 30
44 31 20 15
37 31 16 9
47 31 18 15
17 45 28 6
12 0 30 15
1 40 31 10
45 6 15 45
42 34 23 30
40 15 31 11
11 18 19 48
20 23 27 8
44 34 17 18
47 33 7 46
28 4 16 46
1 43 11 48
37 3 43 22
23 7 13 39
19 16 31 7
41 31 4 49
21 3 39 29
43 15 2 40
49 34 9 24
45 4 4 43
46 35 32 8
15 17 25 4
15 8 12 42
31 1 33 7
39 14 9 28
48 1 1 48
41 8 34 25
5 45 43 4
47 32 33 2
42 24 18 42
44 18 19 23
4 41 30 8
37 2 14 39
42 27 46 39
34 21 35 9
44 19 3 45
47 41 28 27
35 18 35 5
10 43 33 10
45 27 10 29
42 38 17 49
48 4 29 9
12 8 25 19
45 34 44 39
43 31 45 9
42 36 32 31
45 11 8 28
30 7 4 25
47 27 20 35
43 4 36 10
49 35 35 7
38 2 38 49
46 35 18 36
43 27 4 34
46 38 9 47
41 32 36 21
4 43 11 49
40 39 27 8
0 48 15 24
1 45 42 0
39 5 0 33
35 4 21 33
37 36 35 26
27 5 43 43
46 35 37 43
49 41 44 1
39 3 30 9
43 1 45 45
46 30 5 29
3 7 31 13
15 22 38 45
27 3 38 8
27 9 31 11
5 42 45 42
31 4 36 9
47 38 44 42
42 0 25 13
47 0 41 6
11 46 29 11
49 3 16 44
47 30 20 26
10 47 18 15
23 20 28 1
17 1 30 4
39 22 34 5
42 0 25 29
19 0 14 21
19 2 37 40
41 42 42 30
9 25 30 9
39 39 10 29
7 42 32 8
46 32 5 29
21 11 29 11
8 15 27 11
43 38 28 32
19 2 14 21
36 5 18 46
26 11 5 41
45 37 29 9
47 39 39 6
47 23 18 37
11 14 32 9
49 31 43 21
5 46 17 36
34 7 12 31
49 39 22 20
13 9 15 44
43 6 23 28
17 2 27 8
42 23 36 4
4 38 17 24
40 3 26 8
43 34 16 45
42 35 8 29
30 6 41 3
45 1 22 6
12 13 12 46
23 11 27 28
2 46 26 41
42 13 10 43
16 13 23 10
6 43 30 7
40 8 13 48
44 35 32 8
26 7 20 21
17 7 30 32
41 12 33 19
42 32 36 13
28 31 8 16
42 40 2 48
26 2 8 49
10 17 32 9
47 39 7 44
44 11 42 5
17 5 13 44
49 24 16 35
43 9 20 39
45 40 8 27
37 6 29 11
22 15 25 11
36 33 37 47
45 40 35 12
49 30 23 20
44 33 27 7
4 42 16 46
1 44 12 35
19 10 46 17
28 8 41 5
26 7 38 4
35 9 34 49
40 2 30 12
16 16 13 22
44 30 22 32
29 0 30 7
5 43 31 2
38 2 17 1
44 40 30 17
42 35 18 31
17 11 28 24
41 38 26 26
48 6 19 36
43 22 5 20
46 1 1 48
6 7 2 21
25 16 29 49
41 35 33 12
15 32 26 20
35 7 17 28
49 15 5 46
41 33 36 0
40 34 39 23
44 22 17 32
41 4 11 29
43 3 5 46
47 3 2 42
4 45 27 11
39 10 29 8
47 31 29 9
36 7 17 24
6 45 33 3
47 11 33 36
38 9 29 12
44 8 28 14
42 32 22 21
17 20 41 0
41 3 16 34
10 37 37 15
31 14 33 33
39 3 9 36
48 36 21 14
34 16 44 41
39 4 31 30
44 2 0 45
7 22 26 13
48 31 15 26
48 28 10 46
5 43 7 30
37 6 12 33
40 11 22 46
23 0 29 7
41 35 35 48
46 18 14 11
47 28 29 6
38 7 25 47
48 1 21 21
46 10 28 32
26 35 14 47
44 15 36 18
41 29 36 36
41 4 14 40
30 32 49 2
47 1 5 43
48 5 18 32
33 4 41 40
44 33 36 43
47 39 13 37
10 47 25 9
39 30 28 11
19 8 31 5
47 25 19 27
39 24 37 38
48 16 32 7
47 34 31 13
45 6 13 26
2 46 24 43
29 5 32 11
30 4 30 36
37 8 9 31
39 4 28 10
17 13 48 2
