50 1161 16392 800
36 18 8 3
22 23 6 10
19 7 1 34
24 21 4 26
14 8 27 23
25 1 0 31
46 13 21 18
36 48 1 44
49 22 32 23
33 26 22 24
32 39 3 39
31 25 10 27
28 40 5 6
32 19 0 38
26 39 3 41
42 13 26 27
8 6 2 32
46 24 17 24
20 4 13 20
29 8 3 43
43 9 10 35
9 38 19 32
21 6 6 30
22 8 9 28
28 3 32 18
0 36 11 33
8 23 24 24
10 31 1 16
26 31 3 10
33 41 23 18
8 36 13 33
42 31 2 39
18 10 0 24
22 43 2 26
14 8 20 28
18 42 4 33
28 6 5 17
39 12 26 19
6 47 3 16
24 41 4 17
6 22 5 31
38 7 3 9
6 39 32 20
16 11 11 32
17 12 7 22
40 1 4 8
36 16 3 14
0 26 4 4
33 23 5 12
13 36 8 46
38 38 1 20
39 13 17 42
32 2 6 43
28 6 29 28
47 40 28 29
13 38 11 27
22 36 0 36
14 26 17 13
29 1 3 17
3 40 2 23
41 22 11 25
36 27 13 23
34 49 13 31
49 22 1 35
12 5 9 37
31 4 7 40
34 38 25 14
1 10 11 12
22 16 23 20
21 9 10 29
45 30 26 28
4 49 1 9
40 6 29 25
26 39 3 10
24 43 23 18
10 39 27 21
13 35 8 35
35 35 3 21
14 6 10 28
28 26 5 10
39 10 15 15
21 2 8 25
9 3 3 29
15 1 7 39
40 47 6 27
36 34 3 35
20 5 23 21
5 38 30 25
29 36 23 27
33 20 12 40
32 29 12 29
46 8 12 34
32 12 6 21
23 37 0 36
24 29 8 29
48 1 4 28
17 31 24 12
29 28 11 7
5 2 32 24
26 1 25 18
19 34 14 34
10 1 7 19
37 16 9 36
19 11 7 19
41 49 28 27
43 27 11 29
49 22 7 38
25 42 26 15
19 49 9 27
32 4 7 24
41 16 21 27
31 18 9 40
4 9 2 41
11 34 13 31
21 37 4 39
40 6 25 20
38 41 13 43
30 49 4 20
9 6 13 31
32 28 25 19
24 32 6 28
16 14 20 19
45 32 19 26
14 27 12 35
38 10 3 38
25 25 3 35
21 13 24 27
8 11 4 10
24 17 11 28
38 17 8 16
19 8 17 14
27 6 24 14
34 7 7 26
40 30 7 33
15 10 6 21
47 18 12 28
40 17 16 32
17 5 12 32
15 31 23 17
19 8 6 44
20 37 11 34
37 23 7 19
48 17 1 44
15 15 33 19
31 48 8 21
13 18 5 13
24 3 24 19
19 11 6 38
31 9 10 30
27 12 4 39
21 6 21 16
25 34 6 8
9 0 10 33
40 3 9 26
38 18 9 35
24 5 16 24
28 26 10 31
28 36 0 47
12 26 18 20
42 29 5 26
32 14 12 29
8 16 4 34
15 6 18 37
22 5 0 36
25 13 8 39
9 12 0 11
48 47 21 21
7 20 14 35
35 13 6 7
19 3 4 30
16 5 11 34
13 40 1 33
23 15 4 34
45 3 4 31
43 33 24 14
18 7 22 24
36 12 10 36
27 3 9 27
29 30 8 25
18 5 27 27
13 6 4 40
13 2 1 9
49 28 13 36
33 5 19 17
35 1 9 36
47 10 14 30
39 9 11 30
34 11 8 35
39 33 7 31
24 40 6 28
22 28 10 32
20 3 10 31
15 3 5 13
41 17 3 26
28 17 3 34
42 16 23 23
33 38 28 12
16 5 6 29
7 28 2 34
28 36 13 19
35 9 8 26
47 24 6 31
35 48 29 17
24 2 4 25
20 0 13 29
49 35 8 31
45 10 1 30
45 31 4 29
17 38 15 23
29 14 9 18
1 43 6 35
19 6 23 14
40 19 30 20
41 18 6 19
21 5 24 19
20 10 12 24
41 17 31 12
31 40 29 13
21 5 10 33
45 4 9 38
45 41 0 36
4 34 8 39
34 25 8 26
43 44 16 35
28 17 31 19
23 31 11 23
25 36 23 17
17 10 4 31
1 9 9 40
21 20 13 22
19 19 10 37
8 13 26 21
16 29 15 42
10 38 26 26
47 21 21 29
10 1 15 4
35 4 28 19
25 0 4 14
1 30 30 11
43 41 25 9
49 2 5 14
14 27 1 29
39 43 27 10
16 41 13 31
44 37 24 24
32 3 7 21
20 0 1 44
44 28 2 4
32 36 11 27
37 44 17 28
33 21 14 41
6 35 8 31
21 4 2 29
13 2 9 21
30 6 9 44
40 11 8 29
29 8 5 45
36 37 16 25
20 3 9 25
6 47 8 25
35 7 0 33
38 25 5 27
42 9 2 35
43 16 36 22
27 11 7 7
32 34 10 21
32 23 15 23
13 15 17 23
29 23 12 11
29 47 27 17
47 24 5 22
37 21 26 21
23 26 23 12
24 3 10 37
45 14 6 39
30 4 39 23
43 41 6 33
26 26 1 41
40 10 9 30
43 24 22 18
25 21 16 16
30 30 7 31
18 9 0 29
17 15 36 15
16 47 23 16
20 12 4 27
28 38 17 24
16 0 10 31
25 47 26 21
27 26 28 15
13 14 7 26
10 23 7 36
38 21 8 47
40 31 6 40
21 13 4 25
38 20 13 6
38 4 12 12
45 7 6 39
43 40 0 39
10 39 3 11
48 22 29 19
42 16 10 29
21 2 9 22
38 15 8 27
20 4 9 33
45 12 10 29
40 39 7 24
41 2 5 38
20 25 24 14
28 16 3 41
6 36 9 4
21 22 6 32
15 2 4 40
24 41 0 43
26 39 4 39
20 1 24 14
43 19 19 19
29 25 4 27
6 39 32 25
47 9 1 15
9 14 6 28
26 40 6 40
43 25 0 29
42 48 9 31
36 34 7 32
14 12 15 32
9 3 25 24
23 2 23 13
47 42 3 8
32 14 7 41
23 15 18 19
44 14 14 32
18 22 5 41
22 34 8 30
15 20 10 22
30 10 3 43
21 20 17 39
27 16 0 27
23 16 11 46
29 30 34 22
10 13 30 10
37 0 4 41
44 8 10 35
24 9 1 27
5 40 29 23
45 11 2 38
29 32 3 38
38 42 17 27
21 39 30 21
34 49 16 13
15 18 4 32
32 35 7 38
26 42 21 24
20 27 1 35
23 0 5 41
3 35 1 31
15 11 4 33
40 43 27 21
9 21 10 32
46 46 24 19
20 3 10 29
30 2 13 18
34 26 3 39
5 13 8 26
42 42 11 36
36 18 28 23
37 49 3 34
30 24 7 38
3 47 4 10
18 3 9 33
21 28 10 31
18 11 17 46
1 27 1 13
38 29 3 14
33 25 8 36
4 31 2 8
34 14 22 22
18 3 7 37
15 6 3 39
34 2 1 12
37 9 6 12
20 12 12 26
11 7 19 43
41 25 0 31
26 6 7 38
25 45 7 41
34 42 11 31
0 48 12 37
32 20 3 40
30 39 28 11
6 40 26 21
44 0 12 34
24 44 4 16
6 22 22 19
30 36 10 44
21 31 1 43
12 35 29 15
31 47 22 24
45 12 11 17
32 0 9 38
29 30 0 39
27 44 7 11
31 15 5 39
37 44 4 39
7 16 25 17
31 22 32 26
10 47 2 33
37 35 18 21
21 14 1 34
27 45 19 31
32 20 10 28
40 38 9 33
34 7 19 26
24 1 1 38
49 2 28 19
10 16 9 8
34 26 20 33
22 6 20 41
2 24 9 31
45 30 13 19
20 1 7 41
18 8 8 43
30 44 10 30
27 13 10 28
17 16 15 38
31 43 4 34
29 43 30 25
36 6 6 3
33 22 15 28
25 11 13 23
36 18 5 25
47 2 0 28
33 4 28 16
6 36 21 26
43 13 0 23
27 11 24 15
20 0 8 32
9 36 30 18
20 47 9 28
22 9 1 34
37 36 7 38
12 1 13 29
38 41 3 43
5 27 8 45
4 45 11 32
41 12 3 19
40 28 7 14
25 6 11 47
45 39 34 26
41 11 2 31
29 38 14 32
29 2 22 13
42 27 10 24
39 5 9 44
31 5 26 11
12 46 6 44
27 7 0 30
20 39 30 21
33 36 7 29
33 19 11 46
24 13 8 31
28 6 11 32
39 7 5 32
35 18 13 29
35 34 4 31
27 7 10 18
37 12 24 19
19 7 15 13
25 6 1 34
29 39 6 38
19 18 12 23
10 19 7 37
27 8 26 15
14 15 10 37
49 16 3 34
34 32 10 35
21 3 8 28
14 37 4 29
16 10 6 27
21 0 29 11
39 16 28 23
17 39 22 21
27 15 15 20
16 14 5 30
5 28 14 30
26 28 21 25
14 45 11 37
19 44 22 27
21 0 29 17
30 10 5 28
46 45 14 13
44 17 2 42
22 14 21 21
36 33 22 19
32 20 2 35
29 35 27 27
23 2 17 35
22 28 27 29
19 45 6 22
10 0 8 30
41 29 9 32
37 41 9 28
29 25 5 32
10 18 20 21
23 29 15 33
17 6 11 30
28 33 4 27
28 5 24 15
30 46 2 30
30 12 6 39
42 5 10 35
32 17 7 30
25 12 18 16
40 6 18 15
47 37 0 31
42 37 19 18
34 14 24 22
39 40 15 26
45 6 27 11
21 5 10 41
14 9 1 10
30 13 15 25
19 38 0 32
24 20 25 15
12 38 7 26
49 10 5 36
38 0 28 21
34 0 12 28
21 3 18 20
36 10 0 44
30 26 7 23
17 27 7 38
28 16 28 30
20 49 8 45
36 15 11 34
40 20 7 26
12 7 5 21
19 16 22 14
28 0 6 30
17 14 26 13
24 36 1 23
5 34 3 25
48 13 9 22
31 38 2 19
29 31 12 32
45 35 11 28
46 24 12 40
27 11 10 41
24 27 20 36
19 6 3 33
12 0 10 28
31 25 16 26
33 1 25 20
29 20 24 22
27 10 12 31
31 47 6 33
44 47 14 18
22 5 18 32
26 24 6 42
36 7 14 31
20 1 5 37
11 8 25 19
31 10 0 23
19 17 3 44
34 3 6 18
22 15 28 21
36 13 26 18
29 6 2 28
30 40 6 47
39 21 20 41
43 32 5 20
16 33 9 33
38 17 4 40
28 32 12 39
26 9 16 22
46 35 18 32
27 0 4 36
30 27 6 26
44 18 3 17
20 1 15 32
37 16 11 28
42 42 14 33
28 17 1 38
26 34 1 26
34 20 27 25
37 37 7 35
39 5 20 21
34 23 12 20
30 16 4 18
20 35 11 29
39 31 12 29
16 49 9 24
31 3 33 14
7 11 7 43
21 42 13 16
48 19 12 26
12 21 31 26
5 7 8 34
10 10 4 36
39 9 0 25
28 22 1 32
21 18 29 21
26 10 14 28
7 0 1 12
16 6 7 35
27 41 12 46
36 14 8 34
25 5 25 22
30 22 3 37
29 31 14 18
38 34 7 38
19 6 9 36
5 32 2 5
15 40 2 42
38 0 17 17
34 4 8 7
4 40 7 22
49 38 22 24
10 34 8 23
16 43 0 33
19 0 20 14
24 8 19 41
22 16 12 25
27 16 5 30
28 30 3 30
39 41 4 29
14 8 2 34
29 18 20 13
42 36 4 13
48 46 9 24
26 45 2 34
33 4 9 41
44 6 8 40
21 2 7 23
22 22 4 40
8 0 1 40
18 44 7 33
44 6 2 36
16 10 7 26
16 5 1 40
43 26 14 27
27 44 31 24
28 6 10 28
27 17 12 31
31 25 1 36
31 3 2 10
37 30 14 35
45 1 5 29
41 9 5 40
33 4 7 27
16 5 6 26
36 20 2 37
20 10 4 39
35 28 1 36
35 38 4 34
12 1 7 33
8 14 23 23
28 5 22 18
32 41 14 30
40 8 7 23
20 0 26 21
0 40 8 21
40 13 8 28
14 24 0 39
44 19 5 14
21 42 9 26
28 20 27 16
24 23 3 9
42 41 11 28
15 28 15 7
3 41 7 43
24 49 27 21
36 18 20 21
25 13 5 31
39 19 10 29
35 36 8 13
25 10 24 15
28 38 30 26
13 23 27 23
14 12 26 21
18 17 7 38
9 7 2 29
15 0 4 18
40 11 6 37
30 33 21 25
37 12 9 36
34 13 31 15
21 17 30 19
16 1 3 41
27 2 0 41
49 17 7 31
24 6 2 47
42 27 20 34
19 37 25 19
32 45 13 7
17 2 9 44
29 49 13 14
20 12 17 22
4 39 6 7
38 2 12 24
22 29 16 31
11 35 7 27
22 12 21 23
11 33 0 19
27 4 0 44
5 29 6 40
26 46 5 38
16 16 7 34
35 41 19 18
15 38 12 25
26 18 9 37
44 12 11 17
34 18 4 37
21 8 14 20
41 26 5 17
41 42 31 14
47 30 4 36
13 1 4 17
30 0 9 35
26 34 5 8
20 4 3 3
22 9 2 22
28 9 10 23
48 5 25 21
24 18 0 41
13 24 9 28
41 5 8 40
34 16 21 22
42 40 2 38
48 35 4 45
10 1 6 36
25 45 6 41
0 24 6 26
14 36 3 42
2 36 19 31
34 5 4 30
19 37 6 26
10 13 25 22
42 15 24 23
36 2 2 46
27 0 23 26
2 29 6 24
8 9 0 18
30 11 1 39
31 27 1 35
33 46 2 39
28 15 2 38
33 4 14 32
45 43 13 28
46 3 3 39
27 41 8 30
16 3 9 41
43 25 0 38
34 44 5 41
36 28 10 29
33 34 10 47
35 48 1 43
8 28 4 34
43 34 29 20
18 45 3 13
36 19 25 14
24 44 12 31
20 43 5 34
24 43 19 18
29 36 6 30
30 16 2 37
39 13 15 29
7 19 9 28
26 4 8 36
21 47 4 22
0 23 27 23
33 27 11 24
17 44 6 28
48 2 5 2
32 9 14 27
27 5 10 22
17 40 6 28
10 29 8 26
43 47 18 34
23 8 12 39
28 13 19 19
36 38 24 20
31 23 0 33
22 3 5 37
9 31 2 42
38 35 7 32
27 10 10 38
13 1 14 35
29 36 4 10
37 26 1 20
16 18 9 36
10 15 8 6
22 5 5 25
26 7 3 28
20 3 1 39
14 34 5 37
4 32 7 40
30 28 7 42
42 39 8 40
23 5 7 36
19 9 7 27
23 3 25 19
28 17 3 23
44 8 4 38
42 44 6 34
22 41 6 26
35 31 3 35
45 47 0 31
22 10 32 19
25 40 10 27
43 48 14 15
23 16 2 40
38 36 33 22
36 36 2 33
4 29 9 35
28 7 10 43
22 2 26 13
27 17 21 20
24 12 2 33
17 3 4 43
43 13 2 23
36 11 3 31
42 35 6 25
27 26 22 25
41 6 7 21
38 3 3 34
18 8 5 33
40 17 6 41
17 16 22 22
35 24 9 44
11 14 28 16
11 3 8 10
24 46 10 27
10 25 24 19
47 6 9 26
24 8 3 39
34 18 25 13
38 3 8 26
43 49 14 35
33 40 6 45
28 35 0 33
18 5 8 34
12 44 3 32
6 44 2 40
19 5 9 29
34 44 11 24
24 5 11 25
27 3 1 43
30 45 3 22
36 13 1 15
23 20 10 19
3 26 0 33
43 15 3 12
32 27 0 36
22 6 19 18
27 24 6 36
27 10 23 18
41 26 0 35
42 31 11 33
25 27 11 18
44 7 11 29
39 0 25 22
40 18 14 30
32 17 13 28
1 28 20 15
24 15 21 17
18 9 2 35
48 42 4 25
24 10 22 17
5 37 7 29
33 36 21 19
21 3 6 36
49 18 3 27
24 10 26 24
49 46 20 19
30 3 25 16
40 4 13 24
23 10 29 20
14 45 3 43
16 35 9 23
18 6 2 20
26 17 11 28
44 19 10 37
39 42 13 29
25 18 24 24
16 8 2 36
38 17 9 39
22 25 8 25
7 47 9 31
30 40 13 32
27 20 2 30
17 49 5 25
36 15 2 15
46 31 40 20
29 11 24 26
18 23 7 39
11 46 10 27
16 2 11 32
33 3 5 38
22 15 15 25
37 1 7 39
3 30 10 29
7 31 17 29
43 4 6 36
17 0 15 28
37 0 16 36
19 13 3 35
19 47 28 21
6 48 28 21
26 12 3 30
18 47 9 6
18 18 3 22
36 16 28 17
28 1 26 6
3 1 4 27
20 5 13 22
21 19 0 39
10 27 30 11
33 16 7 41
31 24 25 13
30 22 7 35
27 17 20 20
16 13 1 5
24 13 17 23
6 43 29 11
19 6 10 38
9 40 8 25
39 19 17 33
43 22 4 42
26 4 0 31
46 39 4 40
36 17 16 21
35 30 1 37
29 1 24 18
25 25 7 32
41 30 24 25
9 35 14 31
44 13 14 5
12 34 5 31
14 49 6 30
16 25 21 22
35 19 16 12
24 15 18 39
33 5 12 31
29 6 7 38
25 7 21 22
19 5 12 34
13 11 13 28
23 25 3 38
49 22 9 31
45 17 12 37
43 49 5 22
42 34 27 19
15 4 20 29
33 10 25 15
21 1 15 22
44 11 11 42
46 42 0 41
32 12 32 19
29 3 6 39
38 7 4 19
18 13 7 8
23 34 7 24
15 5 5 10
16 1 6 35
36 12 16 37
47 16 5 22
37 26 6 35
49 28 12 34
27 28 3 38
45 5 38 15
22 8 6 35
29 36 25 22
38 18 8 34
18 37 29 10
37 39 6 29
13 17 9 30
35 16 25 14
5 46 10 27
21 4 13 23
6 30 5 20
21 7 15 28
17 0 6 39
43 26 25 21
33 13 10 31
19 49 11 28
14 2 30 15
2 22 13 25
48 9 9 41
23 23 10 24
18 13 8 36
6 41 5 28
38 44 4 9
22 42 2 39
39 30 31 20
46 7 27 25
10 27 3 6
6 18 8 39
9 25 13 26
41 4 0 39
23 26 4 35
12 2 0 32
16 46 6 31
23 14 8 22
33 47 13 31
40 44 23 25
13 7 4 41
37 16 0 37
23 22 14 15
37 5 4 29
28 3 12 25
43 1 33 18
46 30 20 19
21 5 3 17
10 30 8 33
15 38 3 25
14 15 22 26
13 49 25 14
31 44 11 36
20 17 6 31
17 47 3 43
41 5 26 23
43 36 6 35
10 12 9 30
39 49 16 35
19 12 4 32
24 4 9 37
36 9 18 30
9 2 5 11
40 5 5 44
40 6 4 38
22 21 19 23
18 1 8 39
4 45 21 17
21 12 7 29
30 5 26 24
21 18 4 34
48 48 13 32
48 15 10 29
4 33 3 21
40 19 8 28
33 28 20 25
41 6 5 39
42 34 24 14
15 40 13 11
2 46 8 30
26 32 6 28
39 35 8 26
27 26 17 25
42 42 10 32
27 6 30 11
29 31 12 27
11 41 16 18
40 44 10 30
6 37 12 39
30 9 0 28
7 34 23 22
42 3 19 20
15 5 6 34
36 19 1 26
13 8 18 18
12 48 6 35
46 36 6 33
14 46 30 14
17 19 10 25
26 11 23 23
21 15 14 31
23 43 29 19
49 16 0 30
15 17 14 27
23 5 15 48
35 40 15 35
25 5 24 20
17 31 4 13
11 39 13 31
20 1 8 40
42 22 15 41
14 1 1 19
29 5 7 17
49 45 23 15
40 39 4 37
28 6 1 24
29 30 24 15
34 37 3 29
27 13 5 30
24 15 12 29
30 10 6 13
7 14 34 17
42 17 1 12
41 13 8 40
35 19 17 22
41 36 13 23
45 38 13 31
31 26 21 21
8 43 3 3
5 29 8 22
17 6 1 33
26 49 5 23
35 31 7 42
3 48 12 31
10 27 4 25
26 34 2 25
43 40 23 21
32 35 24 15
25 7 10 25
31 21 2 26
25 41 10 34
19 23 0 20
24 32 8 33
12 40 20 23
4 16 3 33
27 10 23 21
38 16 8 33
31 13 1 39
23 40 1 44
34 3 22 17
43 7 10 29
23 4 11 48
7 45 5 32
43 3 24 14
30 6 26 26
39 15 6 40
45 0 6 32
35 9 0 38
30 9 12 28
18 42 3 27
23 3 15 29
29 13 1 30
30 13 15 40
27 0 12 26
44 46 8 33
26 24 30 19
38 49 8 22
24 10 4 40
29 6 5 6
22 4 28 15
35 38 7 48
10 6 0 29
13 8 4 44
48 16 11 32
14 14 28 12
42 18 23 23
22 2 14 27
42 46 6 36
21 9 10 32
29 28 9 33
45 9 20 20
27 7 2 25
28 47 3 40
36 20 14 29
23 1 30 18
22 30 0 28
21 9 11 27
37 3 25 22
26 4 20 17
8 5 25 16
18 23 31 25
14 5 24 16
12 5 32 20
44 49 7 35
36 9 23 17
