50 386 11499 800
19 0 9 21
39 11 5 26
0 12 7 28
21 39 9 34
13 23 32 43
32 33 6 32
44 1 11 29
2 34 4 21
4 2 7 26
20 38 42 21
31 9 10 34
20 39 8 13
30 20 45 18
31 4 26 29
27 15 9 7
41 4 47 32
21 34 45 21
38 5 9 5
22 33 5 25
27 19 3 31
22 35 31 26
46 16 5 14
3 15 5 22
4 26 12 18
42 1 47 10
32 11 16 17
0 20 45 18
7 15 34 41
0 25 28 37
34 11 13 32
0 24 46 31
22 35 3 32
40 8 19 22
32 5 12 20
8 11 10 23
17 1 9 25
21 18 25 4
18 14 5 20
1 23 7 32
45 1 20 41
22 13 34 20
38 6 5 22
31 8 7 0
21 36 18 9
8 15 7 30
25 13 8 11
22 33 4 30
45 15 33 23
48 12 22 40
4 24 15 9
34 8 16 34
31 23 5 31
3 24 9 31
24 2 21 19
25 16 23 41
12 2 27 14
19 35 41 31
21 35 4 23
1 29 43 26
1 14 14 32
20 35 38 31
2 26 8 31
35 6 36 25
12 8 2 26
23 35 15 20
33 3 3 14
0 15 5 23
49 17 11 28
34 13 11 22
13 9 4 32
42 13 10 31
19 34 8 33
47 9 11 36
42 8 4 32
2 18 27 12
6 6 25 25
0 21 14 12
41 14 25 19
1 9 11 23
42 15 12 31
36 0 14 25
16 37 11 25
21 34 6 29
2 19 8 32
21 37 32 36
8 27 2 31
34 4 32 31
22 25 15 17
22 16 49 31
20 34 35 15
21 8 20 35
13 28 31 11
43 7 34 14
5 15 28 20
18 37 18 23
32 9 5 22
10 23 17 21
19 38 13 31
41 10 37 31
5 8 31 17
23 35 7 28
3 6 10 36
23 33 10 31
41 15 44 21
24 30 7 32
1 30 17 12
11 9 5 27
43 5 2 31
7 21 17 28
9 24 30 31
32 6 14 33
20 33 46 38
8 1 6 25
14 27 11 30
23 35 8 31
17 1 17 16
36 10 7 32
6 24 10 32
6 9 11 37
25 12 4 32
36 5 18 21
16 13 5 30
27 7 38 0
11 9 9 30
8 23 6 31
37 12 24 21
1 24 1 29
19 35 5 32
10 40 1 13
19 35 32 23
20 36 35 7
26 34 9 30
41 0 39 31
11 24 13 16
25 9 35 38
2 16 0 26
11 25 0 24
37 21 1 29
8 19 9 35
31 9 3 28
49 0 1 27
27 6 10 19
9 36 18 12
26 35 6 27
39 9 8 31
40 15 11 34
21 35 6 21
11 4 14 29
11 26 4 29
9 26 10 30
42 17 2 31
20 38 10 19
10 5 4 25
22 36 11 33
11 28 33 30
33 5 12 27
37 1 14 11
45 18 8 28
7 36 6 0
22 34 2 28
43 6 40 10
40 11 7 25
41 4 15 16
25 35 17 18
20 37 4 34
3 21 2 29
44 5 0 24
21 38 19 33
24 33 5 17
23 10 7 24
40 17 6 30
26 19 46 21
8 33 9 16
40 13 0 27
48 3 10 36
20 35 24 27
22 39 0 25
26 37 5 36
8 34 15 37
27 6 12 15
0 31 8 25
14 37 4 24
20 11 15 20
22 34 6 30
47 10 36 17
18 11 3 26
22 37 8 24
39 1 6 24
9 11 33 28
34 23 8 24
20 34 6 25
34 8 15 26
38 9 11 31
23 37 44 17
21 21 11 15
23 31 39 21
43 18 18 14
21 35 1 26
21 35 27 24
18 36 26 10
2 36 28 23
23 33 3 31
13 5 10 31
28 0 18 29
2 1 13 29
23 36 13 33
42 11 13 28
21 33 40 15
23 36 1 13
22 17 3 31
6 31 21 24
35 10 4 25
44 3 8 29
19 33 10 35
4 21 17 31
4 19 47 19
21 7 43 10
21 35 3 29
15 5 32 19
37 8 13 7
20 28 5 30
20 1 0 25
33 0 6 25
24 35 12 36
22 39 12 33
20 36 24 12
37 10 1 22
19 37 14 16
12 34 0 12
48 1 12 44
22 37 13 26
46 33 12 34
8 7 18 3
36 14 1 28
11 18 35 11
6 25 26 13
18 9 8 25
43 17 2 29
22 36 6 27
45 3 37 19
1 13 6 25
16 2 17 11
27 7 11 18
22 34 44 19
20 6 36 34
23 34 7 26
7 17 10 27
6 5 2 28
20 32 15 32
24 34 44 33
18 33 16 37
23 33 14 17
17 34 6 37
23 16 23 31
18 38 2 29
6 25 47 35
22 35 6 35
32 9 1 15
36 7 40 34
2 27 11 34
21 35 47 28
24 33 3 26
19 37 19 42
19 37 7 32
45 2 14 21
7 21 15 13
23 35 25 38
22 35 24 25
16 12 34 44
45 7 18 0
42 21 0 24
19 37 11 33
43 3 3 26
8 9 29 46
7 13 6 35
19 28 9 36
37 21 33 32
23 37 6 25
42 3 6 26
9 23 18 18
14 28 9 6
13 45 15 14
20 33 47 26
18 36 26 31
19 37 18 27
6 33 2 30
6 9 16 33
3 15 9 35
14 27 16 17
22 21 42 26
45 6 6 14
0 36 4 28
3 28 34 15
22 38 12 13
19 33 11 29
5 17 7 26
24 11 30 24
38 7 13 17
4 16 3 21
22 36 44 29
22 36 14 27
0 25 14 32
20 15 6 26
19 34 42 15
21 33 7 29
24 38 43 15
21 35 6 30
21 37 16 20
0 13 3 30
1 11 5 20
19 35 25 5
5 25 12 33
3 12 12 14
2 26 18 25
2 5 8 32
6 6 10 13
42 12 20 14
14 36 14 18
23 16 29 37
9 22 45 34
4 39 3 28
11 25 2 24
6 8 35 31
39 13 12 18
4 23 4 28
16 38 28 27
44 1 24 29
11 22 37 9
32 13 13 36
22 34 35 22
16 24 9 27
47 2 2 32
23 9 14 41
24 0 18 38
43 9 3 2
9 18 16 32
26 33 9 27
19 10 14 34
1 20 10 37
18 5 8 22
44 28 35 26
47 13 19 3
12 20 31 40
11 29 13 15
8 10 13 38
23 34 7 36
24 12 1 27
29 2 41 21
16 3 42 21
13 5 34 24
20 21 49 31
11 3 12 34
3 9 15 17
25 21 12 25
38 9 7 26
1 11 35 28
26 20 13 24
42 19 17 2
20 33 5 28
22 36 9 26
15 7 12 24
22 36 8 17
7 38 46 18
25 35 8 21
22 36 20 7
25 8 4 22
18 35 6 29
7 23 24 31
17 38 20 6
3 25 47 43
24 32 44 43
20 1 16 19
23 34 9 31
0 28 11 35
9 17 13 10
14 23 30 20
37 18 8 34
38 15 3 25
20 8 38 26
37 4 14 19
42 7 8 18
22 35 18 18
6 21 10 31
18 3 16 32
4 22 5 28
17 15 22 13
