50 305 14503 800
16 2 47 16
0 20 31 38
23 2 25 24
29 2 48 20
0 8 5 27
10 6 46 12
24 20 29 33
19 1 30 2
24 22 24 36
3 18 21 4
35 46 2 14
0 3 11 18
13 26 44 32
0 7 24 21
0 18 45 25
32 30 39 11
3 14 26 37
20 0 30 17
3 12 29 27
39 22 45 10
32 24 45 24
18 43 34 33
4 26 18 48
31 28 28 31
23 3 37 31
0 16 7 19
1 19 9 22
32 28 33 14
21 5 15 20
0 10 27 19
8 12 29 29
30 34 32 16
20 0 3 27
36 28 40 8
1 2 32 24
21 22 23 1
5 19 40 29
14 1 17 13
12 12 31 26
43 44 35 30
27 21 40 29
4 3 3 21
20 33 9 21
27 49 18 13
10 11 29 33
22 0 34 34
37 39 23 33
9 11 44 14
20 30 34 20
6 6 29 30
23 4 28 28
33 34 49 29
24 0 4 22
17 3 26 29
17 8 21 29
5 23 23 15
37 47 39 37
5 20 43 37
15 6 25 25
6 2 15 44
25 4 19 26
34 25 47 17
18 12 40 13
22 1 35 15
24 1 23 25
47 49 48 11
15 33 40 26
32 26 30 12
19 44 23 23
21 10 42 3
6 14 16 11
8 14 32 27
21 1 3 16
27 28 9 23
10 35 34 30
2 4 5 9
1 10 23 7
10 1 40 18
26 37 32 34
1 12 45 27
30 36 29 28
21 0 25 25
30 4 32 10
24 0 9 22
13 13 42 9
29 10 18 36
38 47 30 32
34 36 45 30
40 45 38 39
25 33 20 18
8 13 44 19
30 49 37 7
25 39 28 31
36 45 29 14
19 5 0 28
30 31 16 30
49 44 31 29
12 1 49 30
23 37 42 20
44 49 8 26
17 22 0 20
45 46 41 0
40 49 44 41
19 38 31 30
21 2 4 21
22 1 40 29
22 3 6 30
15 46 4 22
7 15 11 12
28 0 38 27
18 2 1 23
22 2 48 43
21 38 12 45
25 3 10 22
33 47 40 19
7 18 8 24
22 44 38 40
39 44 6 18
19 49 46 33
34 47 41 9
5 7 9 27
22 21 5 20
9 12 30 5
23 9 21 26
17 0 0 22
22 30 23 35
4 18 44 37
41 41 31 27
23 3 45 21
20 4 41 14
7 13 12 34
18 3 8 21
15 6 47 29
38 46 44 4
18 27 34 15
47 43 21 22
16 32 40 15
3 12 45 6
12 10 18 11
18 2 42 23
32 44 47 39
10 17 8 25
30 0 7 24
25 31 32 34
28 21 2 24
21 3 1 8
19 47 4 17
39 42 9 24
22 7 23 15
3 27 48 10
15 0 9 24
28 0 11 18
39 44 0 20
22 43 28 23
29 4 20 28
18 1 38 15
20 0 32 27
1 2 12 25
7 7 7 24
18 5 16 33
23 6 41 23
23 0 4 19
19 30 4 21
23 5 10 28
35 22 26 23
10 4 26 32
11 29 27 31
32 49 8 23
6 16 15 33
27 0 44 43
39 39 23 32
17 37 1 33
26 1 40 17
25 6 47 31
16 24 44 21
19 2 27 14
28 42 32 33
19 29 31 29
24 46 26 31
5 23 30 28
8 9 6 25
10 11 14 21
16 33 30 13
22 41 13 26
32 39 33 13
7 11 47 21
4 21 23 34
27 41 10 30
27 0 32 37
34 5 4 26
40 49 43 25
21 32 44 35
12 0 4 21
3 9 9 18
8 5 10 15
34 41 47 38
40 49 4 7
11 18 39 30
8 26 40 6
25 0 32 27
30 46 32 36
18 9 6 25
23 5 46 29
11 9 46 19
22 0 43 32
9 17 30 31
15 36 3 23
38 40 41 38
7 3 27 32
19 46 48 30
32 43 19 23
33 33 42 38
0 2 32 15
11 25 23 15
23 0 9 28
25 0 26 36
23 26 36 27
5 39 39 43
33 42 43 22
33 31 2 8
2 10 2 26
6 14 41 16
13 10 32 32
17 3 32 23
22 29 32 27
22 7 40 12
21 8 7 26
37 46 18 2
39 28 3 19
9 16 49 27
18 3 5 17
10 48 26 18
3 13 20 32
24 5 31 35
28 36 48 31
25 1 0 22
16 0 33 34
24 1 25 46
4 5 44 33
12 14 4 23
25 6 18 3
25 14 5 23
26 24 43 5
22 5 38 17
24 9 1 24
16 12 28 32
11 13 2 27
25 8 43 15
43 27 48 7
13 36 6 20
25 0 48 22
18 48 27 6
23 0 34 24
4 3 10 49
9 12 47 35
20 2 40 26
31 23 5 20
21 25 40 6
24 4 31 30
28 1 9 21
39 49 9 1
22 49 34 32
35 48 14 19
10 8 26 6
18 26 9 25
6 7 3 27
28 0 39 27
20 1 42 24
39 39 18 9
36 42 29 26
26 2 29 28
17 19 39 47
37 40 46 24
42 47 1 22
7 4 3 24
7 28 49 10
13 13 12 2
26 0 4 22
25 32 45 12
24 29 16 29
6 19 39 4
28 43 13 28
28 0 31 22
14 1 45 37
11 2 16 26
29 9 28 28
15 9 37 37
15 29 5 23
34 40 20 5
4 3 9 21
18 2 7 34
39 46 33 27
29 33 44 17
30 26 38 16
29 36 40 3
23 2 35 19
0 0 27 30
2 9 5 18
11 9 3 16
35 35 5 21
40 47 31 32
32 32 46 14
17 4 25 13
17 24 43 23
16 2 36 35
