50 116 17964 800
42 34 36 16
26 42 9 41
48 43 29 32
29 45 43 5
33 7 14 26
32 49 44 6
30 33 47 7
43 39 13 39
24 18 25 7
34 18 30 46
38 43 47 4
9 20 41 11
45 28 44 7
39 37 23 28
33 18 27 8
38 48 37 9
23 22 48 5
26 34 46 5
21 29 45 3
40 44 35 26
49 19 17 20
27 34 15 7
32 43 17 22
45 49 43 3
19 14 48 9
31 21 18 25
42 2 37 40
31 30 48 8
42 20 10 9
22 14 49 1
33 21 15 42
42 17 24 21
42 44 46 7
24 38 46 6
23 48 44 5
31 3 43 7
28 49 40 9
29 27 48 3
46 46 21 39
26 20 24 0
40 25 36 7
47 39 47 4
22 48 42 7
38 45 26 23
35 6 10 17
24 48 8 19
42 22 45 15
36 43 33 9
25 4 46 5
40 0 11 42
22 25 30 17
45 48 26 33
48 40 0 34
47 40 7 47
15 43 5 28
23 21 47 7
27 20 33 3
28 4 18 22
36 46 46 5
12 39 14 48
28 44 45 5
32 32 49 4
20 41 2 36
20 49 34 6
41 44 3 46
45 25 4 42
33 49 12 29
35 15 9 43
38 22 41 6
37 48 10 24
21 15 28 10
31 9 45 6
24 7 47 3
32 18 36 23
26 41 37 2
40 48 44 8
15 43 49 6
31 43 11 48
21 19 36 26
43 37 43 6
24 42 42 5
29 47 14 28
16 13 40 2
19 43 34 10
29 16 26 36
39 48 46 1
25 45 35 2
17 43 39 6
39 38 46 5
35 28 48 5
44 11 25 40
39 25 9 32
29 36 42 7
48 49 29 0
28 48 42 15
19 16 30 35
29 43 8 41
49 15 8 49
15 14 21 9
44 35 45 0
15 29 48 6
29 43 11 16
34 13 34 4
3 37 47 2
43 43 44 5
31 47 45 1
26 24 46 2
45 7 7 45
37 39 19 45
47 6 44 3
28 47 15 35
21 37 48 5
23 46 30 10
18 39 44 7
33 47 35 17
25 22 43 5
