50 437 18808 800
40 16 17 0
35 40 8 33
33 35 18 3
11 10 21 2
44 27 11 44
10 5 5 19
1 37 13 45
37 44 19 6
30 35 12 31
11 5 8 29
38 24 18 6
27 42 23 23
36 47 23 38
32 40 0 13
35 37 23 35
14 5 14 25
12 48 11 30
33 35 21 48
40 32 1 21
38 47 29 31
39 18 5 17
5 38 9 46
31 33 17 35
14 2 27 35
36 46 1 24
43 15 4 9
12 2 19 2
0 36 25 24
37 44 20 0
46 18 0 14
21 38 32 40
11 5 8 44
37 41 1 20
36 47 0 13
30 33 19 16
32 41 25 21
39 15 6 15
32 39 8 37
36 45 6 42
41 23 6 20
14 10 12 29
1 9 25 28
13 11 15 28
6 45 12 47
1 37 5 44
37 42 8 20
5 49 16 33
44 22 16 1
15 44 4 15
36 43 3 40
44 14 19 44
32 45 18 38
46 37 13 24
44 12 3 26
47 25 12 2
42 19 9 42
43 30 13 37
36 42 23 1
34 35 3 33
39 19 2 24
36 44 12 44
36 15 7 19
6 42 17 36
2 4 10 25
3 2 7 10
19 2 7 10
27 37 15 32
40 14 13 1
36 37 10 23
36 44 4 18
38 17 10 18
19 36 22 40
33 36 3 46
25 33 8 19
42 19 25 25
2 47 0 21
28 36 4 49
37 46 4 15
34 43 19 6
27 40 11 46
37 7 15 43
37 43 6 14
6 40 11 42
39 45 18 12
37 28 29 31
12 39 23 34
37 22 14 43
32 44 19 22
42 25 7 29
12 9 18 2
44 26 23 31
20 42 11 43
22 3 12 48
36 44 3 46
31 39 13 16
44 20 1 24
36 32 13 25
19 31 21 6
34 45 3 12
37 36 23 30
37 42 29 0
24 12 13 45
40 15 16 44
1 31 4 42
8 46 8 33
0 41 18 39
28 35 3 18
0 43 33 47
41 22 5 16
12 1 6 23
34 47 26 32
42 16 13 16
39 45 12 21
27 38 16 33
4 44 24 48
30 42 13 43
6 1 4 10
46 24 19 8
41 18 26 39
11 9 8 26
28 44 12 48
38 47 15 46
38 41 36 25
30 45 16 4
37 41 5 23
18 7 21 3
6 47 29 26
39 21 4 44
41 35 23 1
41 45 24 34
40 46 1 20
37 40 15 37
41 18 6 39
43 49 16 4
37 44 19 48
5 3 26 22
6 10 28 7
10 38 27 26
35 40 22 34
3 1 13 34
39 44 15 1
26 34 20 28
12 5 8 18
29 40 6 26
28 40 23 6
1 37 7 37
37 42 6 20
8 48 5 3
35 49 10 18
36 43 10 22
19 49 9 18
42 42 36 30
31 36 8 17
39 39 14 49
33 46 21 32
41 8 8 49
39 43 34 38
37 42 4 34
43 23 25 28
36 33 18 5
37 30 12 8
7 37 30 32
45 26 8 41
35 43 19 49
33 41 2 12
31 32 20 9
42 31 0 37
36 43 3 20
32 34 18 9
6 34 19 35
34 44 5 12
38 44 26 43
37 29 19 26
8 7 18 47
19 37 29 35
33 11 2 14
35 37 19 19
23 5 18 29
2 33 2 22
20 8 16 42
42 39 13 48
39 44 6 10
40 25 13 43
34 48 19 31
34 44 31 35
1 39 17 35
39 36 28 34
44 19 17 49
36 41 14 27
27 42 20 4
6 2 27 35
1 34 13 2
30 41 23 16
39 45 13 3
49 11 20 37
9 47 10 19
38 25 34 12
5 43 13 34
3 48 2 44
35 46 17 4
29 37 33 31
11 47 12 29
45 11 8 39
41 37 22 24
37 41 15 47
37 48 9 46
42 22 34 21
40 18 14 6
40 44 21 9
28 36 20 28
44 20 3 16
43 15 4 29
42 25 27 33
4 32 12 6
45 41 10 45
10 46 11 4
9 4 6 30
6 33 7 18
27 41 6 13
1 45 0 5
38 37 27 41
34 45 6 21
36 47 38 36
9 37 23 34
39 44 46 23
39 41 4 32
40 18 7 47
38 43 2 22
40 46 8 27
26 43 1 17
19 38 16 5
44 32 5 27
35 42 18 0
42 21 20 3
9 38 19 35
36 40 25 35
35 29 15 48
39 26 3 17
40 25 13 26
42 48 0 23
16 2 28 41
39 47 4 47
35 47 16 9
31 13 5 48
38 45 4 21
13 39 21 23
44 18 29 28
44 41 23 49
32 49 9 38
39 24 5 24
3 39 35 19
23 2 16 22
29 33 12 40
37 39 22 20
22 2 2 1
25 35 22 21
36 44 8 44
36 44 29 24
34 40 18 35
44 19 19 49
32 36 9 41
26 38 25 7
34 22 5 15
32 19 18 2
30 44 20 5
44 15 11 2
38 37 26 40
37 44 5 23
35 15 10 47
34 49 7 2
37 22 12 47
37 46 3 29
30 43 10 27
41 21 2 3
38 18 5 41
35 46 13 18
36 36 7 20
31 39 19 39
41 43 6 20
4 10 23 43
37 39 2 17
38 47 9 1
46 15 14 32
38 41 27 42
45 24 11 40
41 16 16 46
37 45 9 18
37 40 16 16
37 49 10 19
40 25 10 42
30 42 18 48
34 43 22 5
40 19 8 27
11 2 28 49
11 15 15 2
39 33 15 24
43 26 2 12
3 46 9 44
36 44 14 24
27 40 10 14
30 37 4 18
23 33 4 17
34 6 21 15
39 44 1 14
30 44 30 36
16 5 28 28
49 23 6 36
5 39 19 47
39 41 9 8
34 46 18 2
48 24 27 32
0 38 17 35
37 42 8 49
47 19 19 35
11 4 21 39
2 34 14 3
16 49 19 3
48 16 21 7
34 21 19 24
33 37 23 19
45 19 2 20
1 21 5 19
37 46 17 31
10 48 17 0
10 34 18 45
40 43 20 3
16 39 18 17
30 35 13 17
23 13 10 40
36 19 1 12
7 40 5 11
7 7 18 6
36 47 11 30
34 47 15 37
6 41 3 20
43 21 31 40
3 41 13 47
38 44 9 47
42 28 3 18
16 12 16 18
27 33 16 1
1 44 12 39
44 16 32 20
37 40 21 15
36 42 5 23
39 44 24 25
24 3 19 29
25 26 6 47
35 18 40 28
24 6 14 36
8 8 2 15
9 49 0 20
40 40 2 12
7 6 15 21
40 23 1 40
41 33 23 1
12 3 33 39
40 12 5 21
33 18 24 36
38 18 9 16
45 29 19 31
46 19 2 21
34 16 10 40
36 42 2 11
4 45 34 17
11 48 16 48
35 44 5 16
37 21 21 28
41 26 9 45
39 22 1 48
33 35 16 37
17 4 5 13
37 16 22 2
34 42 6 25
37 20 24 32
41 43 5 43
37 19 2 18
12 8 22 38
44 18 22 25
33 32 23 1
35 47 11 49
37 37 23 30
7 3 20 0
41 19 4 17
41 15 13 21
44 15 22 0
31 42 25 17
41 18 8 43
34 45 35 30
19 1 17 39
37 43 15 41
42 17 11 22
46 17 0 13
42 20 25 47
16 9 19 48
1 47 10 47
47 23 20 35
31 35 13 1
35 43 11 40
34 44 21 36
36 25 1 24
1 34 6 43
28 29 23 19
35 41 21 33
2 37 37 42
36 40 14 43
35 18 25 29
5 12 27 28
15 33 13 1
41 41 4 18
36 48 17 14
39 43 16 33
34 33 1 21
42 46 14 44
1 41 18 21
34 35 11 45
40 9 11 31
37 46 33 10
34 36 2 24
15 0 20 3
40 25 8 21
13 2 24 31
14 4 28 34
11 1 0 19
43 17 17 39
3 48 18 40
47 29 2 17
39 45 9 11
42 20 2 46
35 48 14 28
34 38 21 0
38 33 22 9
35 46 20 29
14 11 1 11
6 7 19 3
37 43 25 46
36 46 19 3
