50 1061 16926 800
4 1 43 39
25 34 16 45
34 33 12 45
14 26 26 28
39 20 10 13
31 27 13 48
39 22 13 20
34 23 9 35
38 22 23 36
23 47 18 45
17 29 11 8
37 23 8 36
44 4 39 44
10 5 3 11
9 3 36 46
38 22 6 14
45 12 31 21
33 23 14 30
43 14 17 40
21 30 17 39
31 37 6 39
37 23 22 22
25 38 7 15
8 2 27 29
29 2 1 1
18 47 17 39
9 1 20 29
26 25 3 49
23 45 28 12
48 17 19 26
39 16 32 43
15 34 2 33
31 35 36 47
29 47 17 23
37 46 29 17
32 29 13 20
5 24 29 21
30 37 25 15
11 4 40 5
35 24 25 23
38 19 23 35
9 4 21 18
14 7 37 48
25 1 15 25
30 42 18 29
25 14 32 13
40 37 31 7
41 7 32 20
17 13 27 21
37 35 30 12
26 18 28 5
34 25 34 46
34 17 22 18
13 31 17 40
16 1 13 46
39 20 15 27
9 10 37 47
5 5 41 13
35 25 24 47
35 28 4 10
34 22 11 19
38 21 8 49
7 2 31 15
8 13 9 29
28 35 34 4
37 1 13 7
36 23 25 44
40 45 33 11
43 8 25 39
17 20 13 43
26 6 37 42
3 6 33 2
6 12 31 12
36 22 39 44
36 28 13 44
38 21 9 39
30 30 32 13
13 6 0 33
36 25 32 0
34 14 11 37
35 24 6 31
36 20 20 33
46 28 35 13
8 12 26 44
32 21 20 22
37 21 36 45
36 24 38 45
3 5 15 24
35 48 23 20
5 0 34 31
21 16 45 42
8 45 36 9
36 0 43 43
36 25 37 18
7 39 9 45
4 15 39 42
37 16 23 38
33 24 4 19
18 12 33 47
21 45 42 38
15 6 18 46
26 22 18 46
48 14 10 14
33 43 24 48
33 23 1 31
17 8 18 14
37 22 42 40
35 25 26 38
29 44 8 7
40 9 43 38
29 41 37 44
35 35 22 31
0 4 41 38
42 22 27 28
0 0 11 26
34 28 26 21
38 20 33 15
45 46 29 9
32 22 21 42
15 3 27 44
32 23 23 33
18 46 31 25
2 8 18 33
41 18 28 14
11 3 22 48
34 35 34 9
20 4 8 38
36 26 29 33
47 34 9 17
37 35 35 17
0 10 33 8
35 20 6 20
37 6 23 16
37 25 11 17
11 6 2 15
48 12 17 46
21 6 3 28
13 7 17 3
36 48 12 22
49 12 2 36
33 37 38 13
37 31 43 12
10 4 3 49
38 25 15 46
44 5 24 46
11 7 18 31
27 27 13 34
44 36 35 3
23 1 31 41
44 9 15 45
19 35 27 7
34 43 28 18
35 20 36 46
21 23 40 43
12 11 14 21
33 22 16 46
37 20 11 44
32 22 29 7
35 48 32 40
6 10 38 35
44 1 3 29
10 15 31 9
46 26 27 15
9 2 22 41
38 23 18 20
40 24 34 41
28 12 15 30
38 18 35 45
40 40 3 5
0 0 20 21
13 7 28 18
34 22 25 31
0 2 18 36
38 23 20 7
13 41 17 31
10 18 39 46
34 20 19 19
7 3 17 30
34 24 28 5
39 22 39 47
3 5 10 22
3 3 37 13
7 4 14 34
37 19 21 7
14 5 37 48
0 7 23 44
41 39 26 31
2 9 20 43
43 40 18 40
13 9 26 17
21 10 34 48
8 3 14 39
26 40 33 10
5 3 7 41
39 26 33 15
37 22 32 16
35 24 9 18
29 12 24 15
30 31 17 21
37 25 8 34
44 38 7 8
5 11 24 8
35 15 21 25
16 20 13 40
36 21 14 47
10 3 39 13
2 3 31 49
35 32 3 42
37 20 28 31
5 2 16 38
48 20 23 45
39 21 13 5
46 41 17 47
6 12 7 37
18 30 23 14
36 23 18 38
49 4 27 27
31 4 19 45
3 9 17 42
13 16 9 12
38 23 15 36
33 6 30 15
38 22 12 40
44 40 29 36
18 3 31 43
37 37 30 47
14 5 21 13
25 47 11 37
9 7 8 36
7 6 17 47
36 20 29 47
36 22 16 18
36 24 29 38
37 3 12 29
34 22 10 19
39 43 27 46
39 23 26 37
38 41 16 42
35 19 9 20
36 41 26 24
47 34 15 44
1 6 17 19
31 20 9 27
49 40 17 38
15 2 28 12
26 40 17 43
33 17 5 27
38 24 22 15
48 5 17 8
18 45 28 23
34 22 20 16
34 20 12 18
22 23 33 14
33 14 13 45
44 26 11 45
37 25 29 9
11 11 17 49
38 26 38 41
40 27 30 17
35 26 2 44
35 20 5 30
41 21 34 26
34 26 32 8
30 39 37 5
28 2 19 43
15 45 24 28
11 11 30 48
33 22 47 43
46 9 29 44
36 25 5 42
43 37 3 43
23 46 11 38
8 1 13 49
36 24 11 32
5 3 16 44
31 35 16 15
22 2 9 43
7 6 22 31
23 17 17 38
14 17 22 35
36 20 46 48
36 23 22 5
39 22 31 43
1 2 41 41
47 26 8 40
13 12 25 40
27 43 12 39
17 19 6 46
26 2 29 12
26 1 32 20
11 35 28 18
18 26 25 24
36 19 15 15
35 22 35 37
40 22 10 38
35 23 22 45
3 0 1 22
36 24 2 42
48 49 8 20
38 23 19 9
46 47 37 48
21 10 11 15
39 16 21 44
43 40 34 29
49 24 14 37
38 40 7 37
27 10 9 40
13 1 33 47
18 0 33 49
46 18 31 43
36 48 38 12
44 31 33 48
30 48 4 15
47 13 25 15
34 44 13 45
37 22 9 43
34 49 33 6
37 11 9 32
3 8 24 23
19 49 7 32
32 27 37 47
20 5 26 41
2 10 20 45
35 23 6 32
20 28 30 6
15 3 38 46
7 11 25 29
37 20 35 47
18 46 37 46
40 47 39 10
9 3 35 20
18 39 10 17
35 24 23 26
19 36 30 10
11 9 30 8
32 41 33 47
36 21 21 14
37 23 17 22
7 40 42 48
5 8 16 24
8 39 38 15
38 20 32 49
36 22 13 39
34 20 33 13
34 48 23 33
15 28 37 3
36 43 11 30
40 19 39 47
11 22 21 47
3 12 39 39
30 28 14 13
34 36 13 48
35 17 8 36
9 8 34 49
44 48 6 38
36 20 18 34
29 40 13 6
26 36 29 43
37 20 35 10
41 9 45 10
5 8 36 9
32 48 34 43
36 22 19 14
1 16 34 10
47 39 16 16
36 26 11 43
39 26 4 45
43 34 13 36
31 25 43 42
36 22 38 47
18 39 11 37
7 4 9 33
17 9 14 36
38 21 13 38
33 25 14 36
15 8 29 10
32 22 29 33
36 26 6 42
34 34 10 32
40 26 13 42
6 12 40 43
26 37 18 35
3 0 36 43
19 31 32 40
22 14 20 29
40 23 22 46
26 35 29 25
35 23 26 6
42 14 30 3
23 15 16 43
47 21 35 40
35 21 32 43
23 43 28 19
37 38 27 40
37 24 5 43
23 3 14 23
43 11 3 32
37 20 9 46
39 26 18 37
18 38 11 46
35 22 30 23
47 33 24 42
35 25 27 39
7 1 1 35
36 23 37 45
36 26 29 46
31 32 17 47
26 18 24 35
35 20 13 11
38 22 2 24
28 45 1 39
4 5 20 42
3 7 28 13
4 17 46 44
30 25 25 48
33 6 28 46
18 33 16 42
21 13 16 41
30 36 18 39
24 23 33 30
27 38 19 42
35 23 35 44
35 28 19 45
13 0 4 35
26 27 38 10
29 11 35 49
32 24 27 24
16 38 21 20
18 39 13 19
38 17 8 4
38 26 17 39
17 7 18 23
4 5 23 48
35 20 17 48
42 34 14 39
13 10 25 5
44 27 15 41
0 4 31 11
22 37 36 41
45 39 5 15
12 26 34 41
13 3 37 48
38 24 32 43
23 36 13 38
39 22 11 26
34 13 22 42
46 31 30 16
4 4 8 36
6 5 10 28
27 42 19 14
36 39 1 32
37 30 11 19
22 29 7 15
36 12 7 32
12 38 20 14
41 43 25 47
26 29 36 14
10 3 20 20
49 19 17 33
26 42 16 45
30 44 9 13
33 37 23 16
43 43 0 12
28 4 32 48
35 20 3 13
11 48 6 38
35 21 1 22
44 13 38 49
1 9 37 12
14 9 26 20
42 14 32 7
38 21 34 1
13 6 21 14
27 14 22 34
27 15 32 41
35 20 7 8
8 13 19 38
36 23 27 32
20 43 31 45
40 46 20 22
41 32 19 21
22 1 34 49
20 44 17 36
24 34 33 36
47 47 13 7
45 4 35 43
37 29 39 48
23 19 9 45
33 12 9 31
35 36 45 26
25 38 30 6
16 7 15 49
20 36 36 49
22 25 30 32
1 0 3 36
39 25 13 46
28 21 39 49
21 5 8 30
42 27 13 32
6 2 11 48
35 20 26 46
5 8 17 23
47 11 14 37
28 33 16 23
26 2 33 23
31 26 33 31
28 37 26 6
35 21 34 12
40 3 24 49
9 22 5 19
35 23 20 20
8 32 17 45
36 25 41 14
40 24 27 32
24 43 6 40
39 48 35 49
16 38 15 34
29 30 32 47
38 18 18 37
37 21 26 46
37 26 7 1
19 18 16 37
40 27 33 40
46 48 10 46
37 18 19 14
43 30 28 18
3 7 13 34
8 7 37 11
33 22 30 9
37 23 34 36
19 11 37 7
26 0 0 43
22 18 32 18
30 21 13 41
35 22 30 16
20 21 6 42
37 21 33 42
40 23 30 17
10 4 43 0
14 10 25 41
33 27 25 32
47 22 0 28
35 25 2 3
26 10 41 47
36 20 13 34
21 24 22 31
27 13 6 19
34 24 39 42
25 35 3 34
12 7 41 45
36 26 27 47
33 17 8 41
35 27 22 35
18 21 13 33
2 5 35 18
36 17 19 44
34 24 28 46
15 33 35 45
38 12 21 43
3 16 21 43
4 14 40 49
43 17 2 35
42 36 38 3
38 27 11 10
0 5 14 9
28 43 2 41
12 8 23 46
40 19 33 32
37 33 31 8
1 9 21 17
47 43 35 49
13 27 2 27
36 25 32 7
11 14 34 17
20 28 25 43
35 22 8 18
33 26 28 47
28 25 15 48
25 42 35 42
17 33 0 19
31 41 35 10
35 22 21 46
12 22 30 46
46 5 8 10
16 45 14 22
35 22 23 42
19 35 11 6
38 20 3 11
35 36 41 41
37 14 2 35
7 5 6 9
8 15 15 15
6 8 7 29
17 36 40 43
38 46 0 49
31 30 9 40
33 29 16 20
37 26 25 29
39 36 12 34
41 30 11 44
7 0 25 31
29 7 2 20
23 46 39 41
32 21 31 5
36 23 21 20
35 26 0 26
12 9 27 44
48 34 46 42
3 7 29 12
37 22 17 14
41 12 12 24
9 5 1 44
20 17 23 44
39 2 23 16
47 7 1 15
9 33 26 2
0 6 32 44
37 24 24 30
49 11 9 15
7 17 22 24
24 21 20 33
37 37 18 39
43 19 23 43
1 16 41 43
0 4 36 47
41 16 29 10
7 7 1 26
6 6 30 13
41 43 37 11
36 22 42 15
34 49 40 44
31 22 13 27
8 7 37 46
3 4 37 45
0 4 35 10
40 22 21 35
3 6 35 8
30 48 25 8
27 27 14 22
9 4 7 40
37 47 29 43
10 2 20 24
2 5 19 41
14 38 20 39
36 23 10 36
24 36 9 14
7 7 40 46
17 23 18 7
34 23 36 43
48 26 26 44
33 28 13 39
17 41 16 36
6 5 8 36
46 5 27 10
36 23 19 49
9 32 28 10
38 22 17 22
20 41 40 45
28 43 33 6
39 19 39 46
35 25 30 42
8 13 22 35
38 25 13 41
32 49 8 48
5 2 4 10
3 8 37 49
38 22 38 43
42 12 23 6
27 8 30 13
25 23 1 29
42 9 9 49
20 37 10 18
12 11 12 19
25 36 24 22
46 22 37 29
43 13 0 37
44 23 41 42
18 44 33 44
38 23 3 16
24 30 35 4
35 20 25 20
23 40 0 5
7 6 2 33
25 10 39 44
1 35 2 13
41 13 36 13
34 22 7 38
37 31 37 49
28 15 24 17
20 28 32 41
37 27 35 6
9 1 22 44
36 22 23 4
12 2 15 20
3 8 8 15
23 0 13 36
49 41 35 42
5 10 33 16
24 45 11 15
35 23 20 17
38 21 32 3
48 12 16 30
8 0 36 46
35 25 32 7
38 21 35 3
44 6 7 39
36 24 2 21
37 31 4 27
17 14 41 45
37 24 30 40
49 49 29 48
10 6 13 41
35 41 7 30
21 32 12 46
20 37 34 6
13 35 8 9
45 18 17 40
37 20 13 16
38 20 11 43
35 21 7 38
39 23 21 46
37 25 16 18
45 23 33 42
40 25 30 23
40 44 39 49
34 26 43 48
35 26 23 44
16 1 17 40
36 21 15 46
34 8 9 36
42 32 13 33
35 16 13 44
36 22 25 24
3 9 4 13
38 27 6 49
4 10 34 42
38 23 12 36
24 12 3 33
37 25 19 45
28 24 14 41
46 28 29 39
20 33 15 40
36 20 30 7
27 15 17 9
40 23 1 13
20 20 37 49
24 14 35 47
11 11 37 14
38 33 5 33
19 48 6 39
39 23 43 45
30 39 30 10
35 31 16 19
38 24 16 38
10 10 37 10
25 49 7 38
33 32 37 17
43 30 0 32
25 26 37 43
8 0 12 34
11 3 33 42
28 16 16 30
6 25 34 46
36 19 16 43
37 27 25 37
14 6 25 27
16 38 22 10
28 1 29 31
0 13 15 27
34 26 4 23
35 19 28 42
32 26 38 19
6 10 13 23
4 40 33 32
31 34 24 9
23 47 38 47
25 20 31 40
47 41 24 43
35 23 13 40
43 45 18 32
15 6 1 25
37 3 21 19
7 5 35 35
19 12 16 41
3 13 2 30
36 21 30 46
37 20 7 32
30 2 0 26
3 14 4 43
46 18 29 5
32 40 34 10
5 5 5 34
35 0 7 43
39 49 33 26
27 21 31 6
36 25 5 13
1 3 1 34
12 3 39 49
16 36 27 3
39 22 4 28
32 47 8 33
12 41 20 31
32 19 13 46
24 16 38 49
2 9 17 37
34 37 4 38
30 32 17 36
36 23 35 41
28 9 13 10
0 8 28 32
34 22 28 47
36 24 42 49
48 46 25 37
37 10 31 47
30 22 17 39
41 21 11 42
1 1 15 13
19 0 42 7
12 2 23 37
36 23 37 42
9 12 21 47
29 28 8 40
36 22 11 16
34 18 19 15
49 27 15 19
20 49 37 49
33 13 38 43
37 21 29 18
1 3 8 13
39 22 21 22
37 10 30 5
34 14 28 30
39 33 31 44
15 38 37 9
42 26 14 47
0 7 17 18
5 5 38 45
25 33 4 46
36 12 10 10
11 12 13 4
36 20 6 33
37 23 16 27
22 41 39 46
49 49 8 41
43 35 38 48
36 37 29 25
43 42 28 14
37 19 7 17
14 10 10 22
21 2 22 17
4 9 40 12
16 5 39 42
36 40 29 36
39 19 37 12
22 4 32 43
36 22 16 42
6 16 43 48
35 24 33 10
33 20 3 22
7 1 21 27
5 4 41 5
38 28 24 8
5 12 1 16
38 36 8 34
26 25 18 18
10 12 31 18
7 4 28 47
24 39 28 40
40 19 29 12
16 41 25 47
32 24 26 15
34 36 10 48
21 13 12 24
24 33 26 40
26 5 34 23
1 1 25 15
3 16 10 40
34 46 37 43
33 1 5 17
12 18 42 47
34 36 17 43
26 33 12 15
46 43 26 36
32 40 15 31
35 46 18 25
8 9 5 12
39 25 8 24
39 24 13 45
15 31 28 11
8 1 0 21
8 6 11 46
30 47 25 20
2 7 11 28
22 45 37 43
13 2 18 13
30 36 14 40
36 25 38 46
36 24 23 30
34 20 1 17
14 0 29 28
36 23 30 13
34 36 37 34
28 32 37 15
23 47 29 8
44 12 39 16
48 35 32 10
10 2 27 10
34 24 22 17
37 27 35 11
37 23 31 43
30 42 10 48
39 37 14 22
33 1 32 44
25 0 40 40
8 2 21 23
33 46 22 13
38 24 15 45
28 34 16 22
42 27 32 4
33 40 3 28
42 2 6 48
46 46 23 32
22 9 22 42
34 36 39 43
10 7 37 35
18 0 40 46
22 19 9 44
29 41 6 41
13 40 23 41
21 14 7 15
34 24 39 42
35 22 18 18
15 10 24 36
27 30 9 35
5 23 34 43
33 23 22 20
38 42 5 19
36 24 0 23
0 4 13 6
33 32 0 19
38 4 1 19
34 46 9 28
33 16 18 17
19 45 35 42
36 22 20 17
47 46 40 45
37 24 33 38
37 19 23 42
12 3 21 43
37 25 7 38
34 24 11 47
26 3 39 37
29 15 28 2
37 36 41 44
26 5 4 20
20 3 13 10
16 49 21 32
36 23 32 7
7 14 15 30
12 6 29 22
36 24 15 45
22 47 6 45
40 22 19 21
5 9 1 21
38 25 5 22
35 45 19 23
42 41 9 8
21 18 11 40
36 20 34 44
35 15 39 9
35 24 33 41
38 22 33 17
36 19 17 13
22 32 37 45
40 3 2 37
39 23 15 7
42 35 32 43
36 28 10 14
32 37 14 37
36 25 30 19
34 21 33 44
25 5 7 42
27 41 21 43
14 3 35 19
11 8 14 39
14 40 13 45
33 46 30 6
29 42 6 9
34 48 30 4
43 39 37 47
24 22 0 33
45 12 40 46
36 11 26 22
43 17 2 45
23 10 12 27
31 36 17 22
24 44 30 9
3 6 8 19
31 42 3 48
1 11 17 12
16 16 8 41
9 6 7 15
5 3 22 12
43 36 0 15
25 42 39 39
23 32 7 14
28 42 13 26
37 22 20 33
11 25 4 31
37 22 8 16
42 48 10 19
0 11 24 42
27 27 16 19
37 24 40 48
33 35 30 13
46 44 4 38
37 20 37 45
36 24 16 36
30 34 21 37
44 40 3 41
36 24 29 1
37 22 10 40
6 4 47 25
37 25 31 15
34 4 44 47
44 8 29 10
9 7 11 11
36 37 12 30
47 14 4 25
37 23 28 14
35 9 6 28
31 34 15 41
49 13 15 17
14 28 24 17
39 37 6 12
39 24 15 44
35 24 15 38
3 11 15 12
32 45 26 22
31 35 13 43
24 26 4 26
36 17 39 40
34 23 21 41
2 34 27 33
0 4 8 14
37 24 21 31
23 27 28 12
41 9 18 46
27 18 10 40
21 45 23 15
37 23 15 21
40 15 20 39
40 36 1 27
24 28 47 48
11 34 19 16
26 33 15 46
29 37 18 29
26 40 25 34
42 47 3 40
43 40 38 16
41 25 21 38
