50 1539 19378 800
48 42 13 26
0 35 24 24
39 27 35 46
24 31 15 22
19 24 24 11
35 26 26 22
43 33 27 17
30 25 34 41
45 21 21 25
9 29 21 21
1 14 38 45
14 7 3 31
28 28 26 15
17 46 39 38
18 3 13 24
7 0 18 12
21 31 31 39
48 12 16 22
27 20 46 39
6 19 14 26
19 16 31 19
19 2 18 16
36 32 29 15
9 1 46 22
25 40 30 15
29 27 33 14
37 32 25 15
28 42 19 13
27 12 6 22
27 19 24 32
30 12 22 17
37 30 13 19
37 38 29 16
36 25 15 25
23 13 29 42
13 20 28 28
20 0 17 13
42 34 42 20
5 4 23 22
9 10 25 18
46 38 20 20
25 25 14 44
36 25 45 31
38 30 19 15
14 11 13 23
40 26 24 18
35 31 13 18
31 48 1 39
28 29 37 20
3 34 0 31
37 10 27 20
24 24 30 40
18 17 30 20
8 25 23 22
36 18 19 27
29 12 2 34
47 21 10 26
6 6 21 10
18 34 13 28
49 37 22 23
46 39 14 12
35 24 22 17
34 19 30 7
19 1 16 20
38 3 1 28
4 45 4 37
39 22 25 20
22 21 15 26
22 26 23 15
12 43 24 25
21 6 16 27
8 49 8 23
24 38 21 16
48 48 28 34
31 29 18 8
37 6 23 20
13 13 30 34
1 28 12 19
38 28 21 17
33 24 12 25
5 37 8 20
26 29 15 16
1 25 22 33
34 35 24 27
11 38 7 26
35 22 11 25
37 22 6 25
26 30 28 22
20 10 20 24
46 8 15 6
17 13 8 31
3 37 41 36
25 13 26 22
30 21 25 13
21 27 47 22
24 4 11 25
46 30 18 20
40 22 19 19
37 24 39 20
48 21 21 10
46 29 10 27
33 28 19 21
46 33 2 37
48 40 1 37
36 28 21 14
38 29 22 37
37 17 14 23
19 21 23 16
43 26 18 16
28 7 37 23
48 30 28 6
32 17 29 22
26 10 28 37
41 28 33 45
20 26 10 27
13 45 40 20
0 34 15 17
36 27 22 23
34 27 21 17
13 27 28 45
33 30 41 34
12 38 18 18
33 28 23 30
21 4 30 16
28 12 3 35
47 39 19 26
26 35 37 37
10 43 13 21
40 29 3 31
11 42 20 16
21 6 14 26
38 30 4 24
34 30 2 34
1 30 30 35
24 43 24 18
23 14 34 34
18 12 14 21
45 46 23 21
39 28 19 3
10 13 13 23
15 41 22 21
47 31 32 37
13 0 37 48
9 11 14 19
39 27 1 29
44 29 4 36
3 38 35 27
16 0 46 42
36 45 8 29
49 45 11 15
27 40 37 28
15 1 39 25
7 40 2 32
46 43 6 21
1 33 12 28
20 18 31 45
29 41 41 27
32 26 15 20
49 29 34 32
33 27 16 25
27 1 36 29
10 13 27 18
38 23 34 9
15 21 37 38
43 37 15 48
38 28 12 30
38 31 25 24
25 8 41 33
44 32 21 38
35 29 25 18
12 42 21 36
32 20 4 17
40 25 12 21
47 37 13 33
34 29 25 10
29 33 11 26
34 29 9 25
40 27 7 26
23 2 7 20
49 9 13 21
15 26 44 44
31 27 41 6
32 26 1 31
26 9 19 20
20 40 17 25
15 45 13 20
24 35 47 34
24 17 15 21
41 14 48 33
16 11 15 24
13 12 36 31
2 33 13 25
6 6 6 32
19 27 9 29
26 15 32 18
20 2 28 22
37 28 12 26
22 5 2 29
48 46 22 19
49 29 32 15
48 38 16 26
21 37 28 39
34 28 6 31
12 20 17 12
27 12 21 30
39 28 36 25
49 39 0 37
20 38 41 34
42 42 14 23
41 7 45 41
5 22 1 32
12 22 22 31
24 5 20 15
15 29 29 22
31 35 17 15
20 7 5 23
35 16 24 40
37 36 19 16
40 29 36 38
30 11 15 26
43 34 29 22
37 28 27 22
34 29 16 22
36 37 15 21
41 33 20 26
11 21 24 21
19 27 8 12
28 20 34 6
28 25 0 32
2 36 21 24
41 27 31 13
2 47 19 32
23 42 14 23
37 21 36 39
20 0 21 14
38 28 30 19
41 23 46 28
13 27 8 29
35 27 6 33
40 21 33 32
36 27 11 24
38 30 33 35
35 26 14 26
0 35 10 32
39 44 13 24
31 19 6 43
10 36 6 25
40 26 7 34
10 39 46 36
13 48 4 31
36 46 6 20
9 0 37 24
40 29 28 24
18 2 20 15
39 26 14 25
24 7 13 1
29 27 8 22
49 12 0 31
43 19 37 28
46 38 20 20
36 41 5 39
6 26 24 23
2 0 14 22
44 15 33 32
8 27 16 20
21 5 17 19
19 9 22 23
35 17 27 41
22 4 43 37
23 28 9 20
37 27 11 32
17 3 34 46
1 28 14 20
35 27 4 13
38 30 31 42
12 7 4 30
46 9 36 18
34 35 11 20
36 24 17 22
47 42 12 40
13 39 9 19
5 25 24 17
21 1 46 22
38 30 3 45
31 47 12 36
33 38 2 36
46 15 20 24
28 25 3 31
35 28 16 35
13 19 25 6
31 28 19 43
24 5 7 26
37 27 29 15
20 30 23 19
34 48 48 14
5 7 14 21
17 16 22 21
37 30 31 43
38 18 24 14
34 7 17 14
21 15 2 37
47 28 31 37
10 19 22 29
45 40 35 22
37 43 14 18
22 18 10 25
48 18 14 22
29 17 18 36
38 3 41 36
20 41 17 17
4 33 21 35
9 7 11 22
19 6 13 23
47 42 10 20
47 12 9 22
38 29 42 41
6 6 19 20
22 11 27 15
29 22 4 4
21 7 22 15
31 34 24 42
27 21 6 26
12 15 3 33
32 32 5 31
26 36 17 28
18 48 11 17
35 26 9 22
39 27 8 16
6 20 22 24
39 28 4 32
32 0 0 31
20 43 43 47
40 31 13 22
29 16 4 25
10 27 1 33
32 24 47 29
37 29 2 3
41 37 30 26
28 25 12 17
34 27 48 40
17 2 16 26
47 38 24 18
35 31 12 25
41 25 29 20
27 23 24 17
7 30 4 15
47 42 2 6
10 9 12 20
38 38 9 16
30 49 36 46
25 28 23 19
7 3 21 29
36 27 28 20
34 26 7 41
42 44 31 32
21 41 5 44
10 43 22 19
16 31 37 38
11 13 38 23
3 36 43 25
37 33 26 21
41 2 19 8
36 27 43 11
5 10 26 22
11 28 20 10
28 8 28 22
19 35 0 39
20 8 21 44
48 16 5 35
8 1 21 27
21 5 28 17
25 12 25 37
38 39 20 14
27 34 32 25
15 25 24 40
14 24 1 35
14 40 11 21
34 27 8 25
41 0 14 22
22 35 1 35
38 9 7 24
13 29 5 24
24 47 23 22
47 26 17 21
19 22 5 22
5 33 17 27
23 33 15 19
30 24 20 20
22 5 31 39
35 27 19 19
44 16 14 18
41 24 41 39
4 38 4 29
38 24 23 22
30 30 0 39
46 25 20 18
38 9 37 15
40 29 38 38
40 9 14 21
49 45 21 31
42 36 16 21
34 34 12 24
47 22 13 25
37 26 25 31
46 28 30 39
12 11 22 21
41 38 18 28
37 28 5 29
46 14 2 31
24 37 33 41
49 36 29 38
27 40 41 25
7 30 12 34
17 44 20 25
39 23 20 16
16 27 49 34
23 36 34 45
16 37 5 32
49 17 24 14
28 6 21 15
6 19 0 35
26 14 11 22
35 23 2 35
4 14 21 16
37 30 25 21
36 24 13 4
22 14 38 28
30 31 20 42
41 26 20 34
8 34 17 16
14 28 17 21
20 47 24 9
0 28 24 24
31 28 19 26
25 29 23 24
39 25 5 35
30 39 20 25
15 28 18 21
39 18 24 40
39 28 47 27
44 40 4 30
23 22 49 34
9 32 21 17
30 39 21 17
48 0 9 10
25 48 13 19
30 33 6 11
36 28 19 30
38 30 1 27
41 4 25 12
28 5 18 31
42 13 19 26
7 46 0 34
13 36 22 19
38 13 10 28
22 37 31 46
13 22 29 26
34 27 16 13
36 32 34 40
11 5 18 28
41 24 18 35
39 24 4 0
6 26 47 10
17 4 14 23
34 9 10 26
35 20 41 47
17 40 30 19
6 26 40 46
31 21 17 35
21 1 10 22
28 16 10 28
33 30 7 35
6 33 12 29
46 11 0 29
20 42 34 49
38 28 41 48
37 36 28 27
9 48 24 46
19 22 8 14
22 23 14 18
14 31 41 30
37 30 25 19
16 20 2 41
21 7 18 20
33 29 8 31
34 28 25 19
10 19 17 26
2 17 15 29
34 31 25 11
24 2 22 28
40 36 27 24
37 26 25 16
37 28 1 30
40 13 15 26
42 19 22 18
46 31 15 14
9 23 4 16
2 15 34 28
42 25 6 28
41 31 2 28
9 6 10 25
13 19 4 42
47 40 10 26
22 43 9 22
33 38 30 35
29 4 38 36
38 23 7 32
14 22 13 28
31 43 15 32
38 27 4 33
43 36 3 32
18 20 37 48
22 2 5 32
19 44 5 29
42 25 35 44
36 23 17 45
35 24 35 32
27 2 9 19
13 32 0 30
4 32 15 24
15 23 47 35
21 33 19 18
31 25 4 31
16 15 1 33
41 20 15 20
24 5 33 46
36 14 14 21
8 34 44 34
46 0 12 22
20 34 39 46
44 27 9 22
5 16 3 39
21 3 19 12
48 45 12 5
0 41 47 41
34 14 33 27
47 40 32 33
34 33 14 28
45 49 15 21
28 21 16 24
46 37 19 21
36 25 6 42
33 31 13 19
17 15 16 25
47 15 0 28
18 45 9 25
34 25 16 20
23 44 27 40
37 19 27 12
40 31 20 19
22 37 18 17
12 27 14 17
34 28 2 32
35 36 10 23
26 40 13 27
14 27 18 13
24 4 11 21
4 34 48 29
25 35 28 33
37 12 25 22
35 48 3 36
19 25 30 19
35 14 12 22
22 43 17 22
18 3 30 30
40 43 13 29
44 24 2 0
4 43 26 11
43 12 43 36
32 14 1 9
35 25 21 18
38 26 1 33
21 5 5 5
47 41 11 27
31 36 2 37
24 44 9 25
8 17 26 20
3 21 27 38
17 21 21 20
28 26 12 26
13 28 21 24
25 49 14 22
17 18 13 23
16 6 16 22
25 34 40 27
25 7 36 31
20 37 8 37
17 16 26 26
35 29 31 27
40 30 24 17
13 31 5 26
41 29 11 26
48 14 26 20
7 33 21 23
24 46 18 12
40 30 22 29
33 26 5 23
10 19 21 15
16 17 12 24
21 8 26 42
0 35 31 29
36 0 13 7
41 10 2 30
48 23 25 12
28 10 18 15
48 22 21 47
23 10 19 26
34 24 39 27
11 25 40 37
37 26 22 19
14 30 10 42
38 19 38 42
34 31 27 28
34 15 17 25
8 39 42 31
22 39 11 28
35 32 1 22
21 0 0 4
34 24 20 22
39 29 19 30
36 23 22 15
28 26 8 21
24 12 3 39
35 30 23 20
48 36 12 23
35 25 4 25
38 15 14 22
1 45 26 21
30 23 26 17
22 11 19 21
22 30 29 18
48 5 44 36
31 14 4 32
35 25 21 20
35 26 17 39
48 39 24 18
8 7 45 9
17 33 0 30
18 20 27 27
25 11 1 40
37 26 0 33
44 23 43 34
21 14 23 11
37 21 13 18
24 2 0 33
32 48 16 20
27 41 24 18
1 35 29 11
31 35 0 31
10 18 18 10
14 24 25 22
32 19 42 40
6 33 27 23
35 31 4 34
36 28 2 28
20 18 29 13
30 42 23 23
34 21 23 18
35 29 3 35
13 34 8 31
13 27 6 38
32 20 25 28
9 35 6 24
35 30 42 37
28 48 13 23
1 31 28 37
19 2 12 19
28 0 17 18
46 27 0 33
18 44 3 39
11 39 41 38
36 17 13 27
2 34 14 28
16 9 21 14
46 16 15 21
9 8 42 27
40 26 14 21
47 40 3 32
17 8 3 29
25 46 18 15
13 24 17 37
28 17 37 30
40 28 29 8
3 35 4 44
37 28 25 20
29 40 12 25
33 12 26 20
36 27 43 39
18 13 26 45
38 27 33 25
47 39 1 31
12 17 26 31
38 16 6 25
14 46 30 36
23 17 13 21
23 3 32 18
7 39 2 34
47 11 12 19
34 28 37 38
35 26 33 20
25 38 11 26
37 26 12 25
38 23 37 27
45 39 24 20
42 36 24 15
48 27 6 36
37 21 24 18
48 40 45 46
29 38 17 39
34 32 36 26
38 11 16 28
37 26 14 23
40 31 36 38
5 8 2 18
17 20 2 35
48 43 16 19
40 19 5 32
39 29 33 15
33 44 3 30
47 28 22 22
19 5 29 20
27 25 19 20
42 41 3 26
0 29 30 31
15 19 7 38
36 30 21 17
27 32 23 26
34 27 19 23
46 42 5 36
34 26 18 14
5 34 0 31
21 4 11 23
10 3 5 34
36 38 23 16
18 21 3 40
14 38 27 31
29 8 29 25
33 26 32 37
33 12 21 21
46 39 38 42
35 26 47 28
32 27 13 41
16 6 10 32
34 10 29 14
5 40 7 34
30 30 21 19
34 27 31 23
9 49 10 30
22 36 30 21
49 34 24 5
41 32 11 20
33 25 12 26
21 23 25 32
33 43 2 38
42 27 29 3
2 38 33 26
36 22 4 37
30 12 21 20
42 10 33 48
13 27 12 20
22 49 2 17
40 21 4 38
39 27 14 28
29 49 22 25
26 41 12 26
0 29 39 32
36 4 1 37
7 31 8 2
15 29 11 17
29 39 23 20
30 14 19 20
18 7 27 14
20 0 19 25
31 31 8 18
20 28 14 39
36 29 13 23
21 4 5 37
33 23 29 21
43 33 26 13
31 27 26 20
46 43 13 22
2 31 21 12
35 27 16 26
47 36 2 33
26 13 12 22
14 28 29 14
36 24 27 33
30 29 16 26
38 44 16 21
34 28 15 27
13 7 31 20
36 9 19 19
31 31 2 34
40 19 27 34
27 44 22 23
24 46 19 24
36 29 21 16
46 40 12 21
48 40 33 25
7 23 13 26
18 2 35 30
28 32 1 31
43 7 45 36
8 19 12 23
33 28 2 32
8 33 21 19
16 26 8 16
33 28 10 21
35 35 5 44
36 20 27 12
25 18 19 21
19 37 36 43
16 29 12 18
14 11 38 21
13 13 27 35
31 17 6 23
42 37 14 27
34 5 43 43
45 41 9 33
45 36 13 23
17 35 2 28
43 27 37 27
21 36 18 22
24 27 20 37
37 30 9 28
2 39 12 21
28 34 41 29
43 30 40 25
36 25 37 48
44 39 26 20
25 19 13 9
6 47 29 7
42 29 25 20
19 24 15 25
38 25 29 33
16 19 23 18
40 39 30 18
1 41 22 11
47 38 0 35
33 31 20 10
29 11 33 25
34 31 14 36
38 19 40 30
30 29 20 17
17 7 27 10
28 39 11 19
45 32 13 24
42 26 28 21
48 45 46 32
49 41 16 22
37 33 28 11
21 14 37 40
25 1 13 23
34 29 15 14
4 20 17 20
30 16 16 20
21 8 15 28
20 37 15 24
32 29 10 29
22 36 30 44
38 4 47 35
25 20 4 34
9 44 14 20
45 35 4 34
26 12 5 12
28 21 46 40
37 22 7 39
7 8 47 21
33 2 35 24
10 29 16 20
8 26 11 18
45 43 17 19
36 33 26 25
21 19 1 29
13 44 21 17
36 24 13 23
24 45 23 21
33 24 46 48
22 22 20 35
28 8 40 10
13 33 25 17
32 23 25 38
36 19 5 33
35 43 48 43
25 41 32 29
11 22 36 34
25 12 24 19
16 8 27 20
37 27 15 16
33 25 12 20
42 44 19 22
27 7 15 29
18 21 20 24
40 26 12 26
9 23 2 21
30 31 23 14
5 43 2 31
49 32 31 15
34 47 2 35
49 25 18 30
9 49 12 23
42 49 13 17
26 44 16 25
19 9 45 30
20 41 14 15
32 23 7 32
30 44 25 25
49 11 35 23
16 26 13 24
25 7 10 26
33 14 28 30
35 20 45 8
35 7 3 30
37 26 15 23
8 28 13 23
36 31 14 12
18 3 47 43
23 15 36 32
25 43 24 25
34 26 4 41
37 22 32 28
12 30 4 35
38 27 6 34
19 19 40 29
28 40 20 21
32 31 1 30
46 39 49 24
35 27 25 22
32 26 17 14
3 3 21 18
45 31 24 35
0 0 10 34
34 27 8 38
5 31 23 17
14 13 7 26
16 19 5 37
10 48 7 21
3 31 18 10
1 33 11 27
0 29 41 31
26 20 11 25
36 27 15 29
38 28 1 5
47 40 10 23
30 31 12 33
36 30 6 38
24 4 17 17
24 7 15 23
34 28 16 18
26 28 40 29
38 20 2 31
30 39 10 23
37 29 41 41
0 33 11 25
37 36 3 36
14 32 22 22
40 23 1 28
35 39 10 22
7 1 25 19
15 1 20 25
47 24 4 33
28 16 2 34
23 3 39 26
2 36 28 30
30 29 21 24
34 6 37 18
18 33 6 22
31 8 6 10
33 27 14 1
5 1 45 41
16 18 3 32
49 20 9 24
34 27 45 22
27 5 34 24
19 30 15 20
37 29 24 22
39 30 25 15
49 7 23 8
27 9 27 24
49 49 13 25
49 9 19 12
37 21 33 11
0 43 11 17
13 40 3 33
36 19 3 19
21 43 15 21
44 15 12 22
24 33 6 27
41 31 8 17
33 26 4 34
22 29 15 24
18 48 40 32
49 25 9 8
8 25 13 27
33 23 11 23
36 10 17 16
46 23 19 31
13 43 4 29
38 20 1 35
38 15 39 35
16 19 29 28
25 30 18 8
16 35 31 22
14 32 26 16
22 15 10 18
4 37 6 34
4 12 17 22
20 1 25 25
8 41 8 25
7 37 19 20
46 36 7 43
39 49 44 23
33 24 45 29
1 38 36 39
35 30 0 44
32 24 29 18
37 26 24 46
2 20 2 32
15 0 16 21
37 31 3 37
22 5 11 44
17 22 6 17
42 6 33 28
34 30 1 40
36 23 8 31
1 49 23 23
24 43 8 25
41 45 26 23
23 3 17 16
41 31 21 11
47 44 30 35
45 26 6 45
11 39 21 20
32 6 10 18
32 44 32 20
35 25 17 8
25 24 13 29
35 27 13 21
6 27 34 46
19 17 31 32
33 27 12 22
0 34 12 24
0 25 10 48
0 21 7 6
18 0 45 31
41 45 5 38
33 25 6 26
6 27 15 23
19 13 14 28
47 37 23 44
32 27 1 30
27 24 1 36
25 34 24 18
9 46 27 23
37 6 16 25
24 13 41 38
27 3 12 5
25 35 10 20
37 22 15 26
3 34 13 37
44 27 21 8
39 31 12 17
20 45 25 10
35 34 8 18
4 35 36 39
11 7 41 17
36 16 29 6
25 36 14 19
25 12 23 22
1 34 28 19
36 43 6 31
31 14 44 21
39 26 21 25
29 23 4 33
39 29 14 22
38 29 14 17
27 9 6 12
22 43 26 36
13 43 13 20
21 31 28 25
35 31 14 16
18 34 36 34
27 5 16 21
9 46 32 42
20 1 18 23
38 42 10 24
34 27 23 40
42 11 41 33
3 20 34 12
15 2 14 23
45 39 1 28
19 13 43 31
44 27 7 24
15 22 0 43
41 48 6 38
15 29 34 29
19 34 30 31
31 31 19 15
18 49 13 21
11 25 38 43
2 18 29 22
35 27 9 26
37 25 26 25
39 37 21 30
19 43 18 23
20 7 36 34
41 1 15 23
35 25 11 24
16 19 31 21
33 27 20 19
28 3 11 28
23 27 18 17
26 20 20 35
17 4 15 12
39 4 35 29
25 0 32 47
8 27 48 43
40 26 27 34
37 43 18 18
13 45 10 21
13 33 15 26
2 31 27 12
39 32 0 13
17 37 28 25
49 41 32 19
8 14 24 8
2 4 42 40
36 18 9 38
26 8 21 13
21 46 34 38
18 9 24 19
15 48 4 31
14 21 27 13
5 13 19 16
37 9 26 13
35 27 6 38
31 32 37 38
18 5 25 38
36 30 33 5
34 25 26 4
29 31 28 36
3 35 1 8
34 27 8 33
11 14 10 0
32 29 13 20
34 31 14 21
39 22 37 49
36 26 2 31
12 35 15 26
46 2 2 33
39 12 10 28
8 33 13 27
27 32 1 34
32 13 4 8
5 26 34 31
7 48 10 19
35 31 22 17
39 32 30 28
44 48 18 22
48 4 25 23
19 30 19 49
11 15 40 26
38 41 16 25
4 31 36 29
11 31 44 17
36 28 14 19
30 27 44 10
16 42 34 25
16 13 16 24
31 18 17 28
18 6 28 19
8 10 1 33
18 36 19 15
15 15 20 17
21 19 31 17
21 9 27 20
36 23 13 25
40 33 25 20
37 25 29 18
28 18 21 23
23 11 0 33
15 5 2 31
0 39 33 20
26 0 10 22
25 4 44 24
43 40 27 30
36 15 26 29
3 35 13 22
23 42 31 15
6 11 23 20
19 0 16 22
45 30 36 28
27 1 12 26
11 27 28 36
20 42 23 37
17 1 6 2
43 13 2 38
14 4 7 26
49 41 22 17
38 16 1 37
6 21 14 25
13 6 32 19
29 26 7 40
47 36 28 14
34 30 29 21
5 31 12 25
32 22 10 26
31 30 28 7
40 23 20 9
10 13 15 13
39 32 18 22
46 41 20 33
11 20 26 42
49 21 15 21
32 3 7 22
45 4 8 7
35 28 13 30
42 28 40 48
34 25 26 12
19 12 7 16
44 39 39 39
2 33 27 40
5 21 26 19
34 26 8 19
35 23 31 15
3 31 31 22
44 40 14 18
13 18 5 10
24 30 46 43
27 21 25 10
35 26 43 33
4 22 10 26
15 42 2 22
33 29 9 26
44 43 13 9
29 36 8 31
12 36 11 5
25 26 0 28
40 27 14 33
4 33 48 36
24 38 21 13
12 31 25 19
44 40 45 31
28 7 12 22
8 34 13 24
16 34 27 13
36 32 8 25
38 24 13 28
28 18 11 16
29 9 25 17
34 23 22 23
38 42 10 6
41 0 0 31
34 23 10 24
13 22 4 38
22 16 17 23
26 28 10 19
6 34 19 22
36 26 16 30
45 15 4 21
1 29 9 24
24 32 35 31
20 43 3 38
15 10 41 42
35 17 31 33
36 25 15 29
42 27 29 22
36 27 8 25
31 7 30 24
17 3 24 31
38 13 38 42
33 6 25 15
20 37 1 35
43 20 24 23
39 26 27 15
13 14 10 17
24 3 6 33
18 1 17 43
33 31 31 23
36 25 7 7
35 28 1 32
37 24 14 25
27 48 30 21
41 28 39 24
46 16 22 17
22 5 16 45
5 40 33 21
27 1 43 36
21 42 16 10
23 48 26 24
36 30 18 43
25 20 1 29
34 27 35 19
5 32 38 30
49 38 41 44
48 39 22 21
19 1 13 20
20 4 3 36
30 13 23 23
6 48 4 21
4 47 26 38
13 23 30 20
19 10 34 29
35 34 31 31
35 1 30 18
41 29 20 19
14 39 39 29
20 2 38 41
32 27 12 27
14 39 35 45
42 38 9 32
21 9 30 39
33 25 38 25
17 9 13 29
3 25 14 23
43 19 34 25
46 19 25 29
43 9 1 40
19 0 33 12
43 39 3 23
45 45 36 16
4 41 25 23
17 28 12 41
17 30 21 27
42 14 9 22
23 26 3 25
13 23 25 21
13 32 14 19
20 34 6 30
35 21 10 23
37 46 15 6
20 42 5 39
45 24 3 37
36 24 25 14
36 28 17 18
18 8 37 40
6 28 11 26
40 32 5 33
29 33 44 38
8 45 16 9
16 4 33 39
10 41 13 29
48 36 8 44
29 37 26 15
2 45 29 48
22 32 33 43
15 19 9 40
10 36 16 15
10 29 17 7
31 28 42 19
41 38 9 16
36 45 11 19
3 37 12 20
19 16 2 28
33 23 24 35
14 41 0 27
37 33 10 22
39 22 13 9
9 16 27 18
27 11 12 21
43 39 19 24
23 5 23 25
30 29 22 16
19 6 32 21
32 48 12 28
27 8 41 15
35 27 11 15
9 46 24 31
17 25 3 32
27 37 14 30
11 20 30 29
5 31 25 24
16 8 6 41
37 30 20 20
19 8 7 34
36 28 28 16
42 26 8 1
27 28 36 31
0 32 27 27
23 40 4 46
47 5 13 28
45 14 23 23
22 19 1 33
13 7 36 26
45 7 17 19
19 8 15 16
24 6 10 22
37 39 11 17
12 3 24 38
12 39 10 15
30 32 37 34
16 24 12 26
21 0 12 29
12 37 40 18
12 27 27 20
48 36 22 14
38 30 9 21
21 8 24 19
30 0 22 17
21 11 0 25
31 14 22 17
18 16 32 28
37 26 6 16
3 46 20 31
35 31 11 22
29 48 7 25
11 4 0 14
29 12 13 23
33 25 2 37
36 29 19 21
31 19 8 22
32 3 3 28
4 30 16 21
45 42 9 10
31 26 15 26
16 46 12 24
19 45 44 40
14 13 26 36
46 20 27 26
31 26 10 23
32 27 28 29
22 2 26 20
37 23 5 31
3 31 32 31
38 29 49 20
5 30 17 8
20 19 0 35
49 9 37 29
7 35 10 21
36 24 29 20
3 33 31 40
33 29 28 14
36 24 42 43
21 34 3 34
7 26 17 18
23 3 28 18
45 29 17 38
24 17 6 19
41 15 19 25
32 25 24 15
34 23 46 23
7 40 34 40
6 29 28 48
35 27 29 8
43 41 20 35
28 42 20 20
38 25 20 23
32 15 12 14
42 6 3 34
20 34 16 27
40 14 16 25
15 15 30 33
39 25 49 31
19 13 14 17
2 31 23 42
26 29 23 22
35 38 32 48
23 15 39 17
21 4 18 21
35 17 29 22
47 37 35 38
39 43 21 23
37 42 18 15
36 22 21 23
31 36 19 17
39 5 7 35
5 33 46 30
24 6 5 31
16 7 20 22
18 45 15 25
45 31 11 25
29 11 9 20
41 36 15 19
35 30 15 14
48 1 16 24
38 28 26 40
13 16 15 21
28 24 11 22
22 4 45 43
18 2 23 25
10 43 2 32
35 2 6 23
38 29 44 32
8 11 25 8
15 26 31 22
6 33 22 25
32 33 10 22
44 31 16 26
0 27 23 27
25 48 8 28
31 33 15 24
36 11 25 29
34 35 23 20
14 41 19 22
21 32 4 39
23 11 4 29
35 25 21 14
23 27 14 24
7 26 22 10
36 26 43 29
15 30 43 38
16 37 34 30
5 32 1 33
34 26 44 21
15 9 20 18
20 19 33 44
28 44 15 25
29 15 11 24
20 33 7 37
30 32 15 20
22 2 27 17
11 34 29 33
45 34 23 18
41 7 19 18
18 2 1 34
39 26 6 5
12 31 2 13
39 26 14 21
16 31 29 14
14 14 25 16
35 28 2 33
13 43 21 21
18 5 18 20
38 27 4 21
30 23 1 32
25 20 21 42
37 29 16 24
21 3 30 17
40 25 17 31
36 30 47 28
46 39 29 32
32 31 16 20
18 14 10 45
24 26 9 35
32 28 11 21
19 12 11 16
16 32 9 12
33 30 24 6
13 29 20 23
