50 165 11880 800
12 45 15 35
34 0 43 19
48 18 48 26
35 0 43 24
48 33 7 42
0 37 36 25
11 38 49 40
16 35 37 27
16 38 41 27
28 25 40 23
20 18 14 39
37 21 42 49
44 5 20 8
42 34 24 3
20 19 23 47
9 17 24 7
10 41 38 35
14 24 49 46
39 8 7 31
14 35 46 41
18 38 5 31
26 21 36 25
39 42 43 1
20 39 27 36
45 45 27 25
18 37 28 15
15 40 48 10
9 43 38 26
26 9 40 39
21 10 28 36
28 19 45 36
25 23 5 3
11 35 30 1
32 23 36 14
47 12 47 46
21 19 34 14
41 3 16 23
33 47 48 5
19 36 1 37
26 41 30 25
9 37 0 47
18 32 11 19
17 41 24 4
4 23 26 4
20 36 48 28
11 15 35 35
0 40 27 15
13 31 32 3
13 45 27 23
5 9 30 41
8 41 14 26
9 48 32 32
13 37 41 16
42 45 19 26
16 20 28 23
20 19 32 11
14 39 34 23
30 39 31 22
36 10 33 2
7 37 35 7
27 2 40 11
20 37 25 14
35 47 33 14
10 45 24 8
45 34 34 39
35 39 18 19
34 7 22 33
13 25 32 23
1 46 39 27
36 30 42 35
43 39 25 10
40 28 30 10
16 22 20 24
14 11 18 4
16 38 21 30
14 24 31 8
48 39 6 19
15 35 3 30
30 19 20 34
22 43 37 35
1 35 8 47
10 10 49 9
11 13 8 16
21 23 8 44
41 16 36 16
4 47 35 22
3 42 34 25
36 31 41 33
49 22 35 42
25 35 24 25
43 38 34 21
29 1 33 16
18 36 10 18
39 0 34 19
15 32 10 45
45 41 36 7
39 5 9 37
28 1 33 16
42 31 25 29
20 37 11 44
12 12 28 23
18 3 35 24
49 30 40 25
18 39 19 35
33 5 34 25
39 41 31 29
14 10 26 42
43 6 30 7
36 35 43 22
20 5 37 8
28 38 19 16
23 43 31 11
46 24 36 43
2 46 34 23
21 3 22 9
28 3 47 29
21 37 7 41
28 37 43 16
2 17 36 41
39 36 31 17
46 28 38 18
32 43 5 26
43 5 36 17
6 43 24 33
7 43 34 29
40 2 37 5
21 37 21 14
12 41 37 28
37 13 13 26
48 35 45 39
15 43 12 32
7 24 39 25
38 20 22 18
33 46 40 2
24 36 40 20
2 45 31 18
37 39 26 4
4 46 37 12
15 36 30 20
2 43 44 15
15 48 7 22
47 26 38 18
38 48 13 35
15 33 44 46
12 24 15 42
27 2 35 11
36 41 38 14
30 39 22 20
14 18 47 29
49 33 21 32
18 34 37 8
33 28 38 0
14 37 39 12
31 41 14 25
48 34 41 33
35 1 45 16
42 17 34 33
19 49 24 32
11 45 41 29
36 13 38 19
34 2 35 27
7 46 48 18
17 15 40 9
0 46 24 10
43 31 44 25
