50 121 16079 800
45 48 35 11
43 9 4 21
10 5 30 12
48 6 26 16
13 7 11 25
20 1 1 12
37 27 9 11
46 12 22 19
23 5 0 13
47 6 13 7
22 1 11 31
49 1 1 20
37 33 47 25
34 48 31 14
41 38 6 10
24 35 38 41
47 7 4 25
4 29 5 12
4 17 12 31
3 7 35 1
40 22 0 27
36 40 6 26
45 5 6 12
18 25 9 5
15 12 39 5
2 20 5 1
44 47 15 32
26 6 43 15
44 2 6 28
27 2 6 19
37 31 23 6
39 18 30 1
45 37 17 43
39 14 20 0
44 23 34 19
15 12 24 28
18 6 7 23
15 2 10 8
39 4 9 17
48 25 16 27
35 13 5 4
43 47 28 28
42 42 1 26
28 1 25 20
48 21 10 17
33 45 4 14
40 13 43 16
47 18 23 8
13 14 3 16
46 6 30 5
25 7 44 11
30 14 28 1
36 13 44 20
0 19 14 3
1 2 16 12
25 23 7 14
19 1 7 18
38 39 14 5
48 30 10 28
5 20 12 23
12 23 6 16
47 26 47 32
41 39 11 29
20 4 32 4
44 7 0 30
42 40 47 30
8 15 28 26
17 13 40 24
36 23 11 8
13 16 8 26
46 39 24 1
47 11 26 12
37 19 39 0
3 18 37 16
46 0 34 17
28 33 17 14
11 6 43 36
44 46 4 19
24 0 27 15
43 10 39 6
8 5 29 21
47 14 44 3
29 1 29 30
5 3 19 13
24 38 19 11
28 25 9 4
48 27 15 18
45 41 15 9
32 33 21 21
38 24 1 15
29 8 14 26
43 34 1 23
48 18 3 27
27 45 13 1
34 2 38 5
29 5 18 18
41 37 29 37
21 13 8 24
44 25 38 16
46 11 22 11
47 7 2 30
33 11 15 24
47 30 36 14
31 18 2 23
48 22 14 22
6 23 32 6
36 12 13 26
21 14 10 34
34 44 47 21
40 42 6 30
8 23 45 18
47 27 31 19
40 5 39 24
36 45 32 1
24 1 1 28
47 41 29 47
23 4 34 0
8 18 22 14
38 38 6 23
47 24 6 22
26 15 45 9
