50 1042 15669 800
42 13 40 16
23 25 3 30
45 5 9 35
25 4 0 16
48 17 7 46
41 12 20 19
16 10 36 14
15 12 41 15
13 9 7 46
16 26 45 3
33 25 29 31
36 28 28 44
35 17 43 12
28 7 12 44
42 13 30 16
29 19 28 29
14 5 20 21
20 6 14 11
43 14 7 48
36 41 19 24
35 6 17 28
42 5 5 22
16 8 9 30
46 11 2 48
45 15 28 10
9 18 28 18
14 17 3 22
49 16 18 33
35 22 35 32
25 8 42 42
32 26 1 2
39 15 17 38
43 8 41 19
36 15 10 5
40 19 12 28
43 21 39 31
22 7 12 36
43 13 24 27
29 7 17 42
38 11 31 29
35 14 27 26
11 0 45 6
44 13 25 23
23 19 9 1
10 12 43 10
4 20 46 3
21 12 16 45
33 1 28 16
35 5 35 29
41 13 32 27
25 31 10 15
35 18 20 22
38 24 43 27
27 21 2 33
37 26 18 8
46 13 28 27
38 15 10 33
25 27 0 23
35 28 46 11
44 22 23 12
35 12 8 0
35 22 16 9
29 2 16 18
40 22 31 30
12 9 39 49
39 15 48 20
15 14 44 9
31 8 34 22
16 11 42 12
43 19 36 17
47 13 21 14
19 11 33 45
43 7 20 7
9 31 39 21
13 2 34 28
43 20 14 31
17 4 6 16
18 9 10 12
31 20 1 38
26 15 15 3
28 17 38 24
32 25 49 18
49 15 19 42
42 9 35 24
26 28 17 25
42 6 6 39
11 2 18 13
20 21 38 31
19 2 9 34
36 18 31 7
25 18 9 14
22 38 15 2
23 8 6 24
31 10 36 9
49 22 45 27
41 6 32 34
46 2 46 10
24 11 10 14
17 6 26 28
35 4 28 22
48 11 1 8
33 19 21 46
29 24 20 28
42 20 46 10
43 15 8 19
29 24 21 8
16 14 36 39
12 8 39 6
49 10 35 12
23 0 30 36
16 30 23 36
31 19 42 27
42 1 28 16
37 8 48 6
26 0 23 27
21 3 18 25
35 22 18 43
17 12 22 8
13 42 25 19
44 10 49 36
40 12 26 22
39 19 14 44
35 14 47 15
26 26 49 5
41 20 3 13
11 8 39 10
9 1 18 17
21 9 29 0
36 3 8 25
21 15 5 13
18 9 47 0
14 14 9 20
8 33 1 34
28 48 43 5
29 14 17 36
35 18 10 41
48 15 21 25
34 13 19 1
36 13 7 31
15 36 47 43
39 14 1 43
25 6 35 26
11 22 33 16
29 17 15 36
30 20 7 5
18 7 6 32
48 17 34 2
32 9 36 11
29 19 33 41
15 14 35 38
25 9 22 35
23 7 45 26
27 9 3 42
39 17 38 41
30 25 32 17
42 17 32 27
21 8 31 5
26 11 32 12
9 13 18 40
38 26 45 24
17 3 1 16
24 34 15 29
20 17 38 30
48 13 34 8
16 21 45 14
42 31 36 40
23 9 35 7
39 28 44 13
30 10 23 34
23 15 19 19
40 3 7 25
46 13 18 7
14 16 36 21
15 0 31 31
29 17 34 2
40 22 10 40
32 8 31 21
33 8 21 26
37 25 12 29
22 14 39 43
40 3 49 5
42 9 31 14
28 11 25 20
25 10 26 22
31 17 20 42
16 2 28 5
47 17 0 23
18 2 3 22
24 6 49 42
42 44 32 24
22 26 39 26
35 9 34 26
48 34 30 44
12 7 11 42
26 11 19 8
25 12 17 29
33 9 46 7
41 25 35 8
23 9 14 23
16 12 31 20
47 13 13 38
39 20 19 23
25 22 11 46
16 8 22 8
23 30 4 36
42 17 38 6
28 11 24 26
29 10 40 37
36 36 7 47
17 18 45 6
31 33 45 17
39 40 29 26
46 18 38 11
43 15 40 33
36 21 42 40
43 15 25 28
46 29 9 40
25 8 47 10
27 15 33 26
47 17 2 14
5 40 43 7
46 14 37 36
27 33 25 15
46 15 24 33
46 25 26 40
17 6 14 38
42 9 36 3
37 32 19 41
19 4 17 29
43 16 31 35
40 7 24 17
38 6 21 6
25 2 40 30
36 13 24 38
15 42 13 3
15 7 9 31
36 10 24 21
43 9 17 12
17 22 41 28
37 16 10 5
26 14 39 17
46 8 43 26
10 19 7 47
40 14 18 22
20 2 9 28
30 12 22 4
18 35 24 18
37 12 40 33
33 20 6 27
20 1 20 29
21 17 25 39
29 12 40 25
49 2 22 36
20 18 10 40
42 9 15 15
21 6 8 15
48 17 6 41
28 5 17 12
49 15 19 16
21 12 43 1
44 19 47 5
39 33 34 17
16 14 31 27
45 9 14 39
26 23 21 30
37 26 38 5
29 20 17 19
47 17 42 23
13 3 49 2
41 12 6 13
34 35 42 6
44 15 10 42
43 12 8 9
6 2 38 25
21 8 47 10
19 23 41 45
40 19 6 35
7 28 5 14
31 6 24 36
33 16 4 19
16 15 3 28
37 4 45 13
42 10 21 3
37 38 48 28
34 20 49 19
5 11 48 35
45 10 25 39
5 6 6 32
38 3 2 15
17 6 30 7
22 14 35 37
21 12 17 33
28 10 16 16
44 21 11 32
45 14 28 41
44 22 28 8
16 16 47 12
18 6 48 17
41 20 12 35
49 11 13 29
40 5 21 3
15 21 4 13
43 9 20 13
21 14 11 19
12 7 8 28
47 32 37 3
41 12 24 25
46 9 28 16
48 17 20 35
18 8 7 44
38 16 48 7
12 4 23 6
49 11 47 43
33 15 35 34
49 49 27 32
14 10 42 7
28 12 19 13
23 6 38 12
30 16 17 29
38 28 33 29
14 14 23 47
36 13 46 38
25 21 23 8
28 9 16 14
27 12 6 11
43 15 6 34
27 22 21 13
23 23 10 9
39 30 2 14
13 2 44 12
12 8 34 5
47 11 42 24
16 6 27 10
35 18 15 23
32 11 20 12
12 11 40 5
41 9 30 17
39 17 39 41
22 6 36 40
37 8 16 48
6 20 32 27
22 13 44 26
22 7 30 36
20 14 20 39
43 6 26 38
25 15 30 19
26 22 29 14
17 3 44 4
46 2 8 42
9 36 40 15
38 13 3 31
16 0 37 25
44 21 39 22
40 19 11 25
32 15 11 13
35 19 28 14
18 31 41 21
45 15 28 33
25 21 20 8
19 6 27 17
39 15 46 7
44 40 35 7
18 18 39 6
37 19 15 45
48 12 19 15
47 13 16 36
41 13 10 15
36 15 12 14
39 14 7 49
13 2 38 34
35 18 19 35
45 10 38 16
48 9 43 13
24 5 28 19
39 12 37 22
38 10 36 20
46 32 10 29
36 12 36 29
1 36 27 13
5 19 33 33
18 29 27 25
42 2 31 17
34 15 24 13
20 14 27 17
22 19 45 13
14 6 5 26
5 28 5 7
6 28 16 38
33 41 36 0
22 6 44 9
13 16 4 23
30 10 45 7
26 10 12 25
44 44 20 31
31 3 18 26
22 10 16 14
34 7 6 47
14 22 28 33
11 7 28 20
47 11 24 13
21 1 8 15
33 9 29 47
47 14 33 22
34 16 28 0
37 14 43 2
20 9 16 25
14 14 46 18
35 25 22 12
37 18 37 10
21 7 13 17
17 1 45 21
43 11 21 31
36 8 5 26
20 15 29 6
23 3 4 14
31 13 40 15
22 11 19 22
46 10 25 48
26 24 6 11
38 25 23 32
48 20 3 30
32 14 34 38
48 13 26 36
38 11 33 22
25 13 31 32
44 5 17 27
16 7 41 20
23 28 18 28
45 15 36 47
8 7 46 23
47 31 14 39
25 4 31 35
17 13 32 37
42 14 16 28
42 1 23 15
16 10 9 15
20 5 39 19
20 3 33 25
21 12 46 32
42 16 1 8
42 29 40 39
16 31 43 20
20 3 11 19
23 17 17 18
36 22 47 43
46 23 37 16
44 15 19 15
25 24 8 21
39 8 27 35
25 21 10 16
27 17 9 10
36 18 38 10
21 10 26 4
39 11 32 23
33 19 40 10
24 11 28 34
16 18 33 12
34 16 42 26
48 9 44 18
41 8 2 37
48 16 5 22
44 16 43 6
18 1 35 31
40 19 29 36
46 35 31 25
37 14 23 7
22 4 3 4
22 8 3 9
28 28 25 6
34 25 10 43
45 18 22 34
43 22 45 31
47 11 29 26
26 17 13 33
19 5 4 34
21 21 11 10
18 18 32 20
21 34 38 34
44 17 9 13
43 11 12 14
18 4 43 36
24 21 29 24
46 15 30 26
19 23 48 0
43 19 16 42
15 7 36 12
15 4 8 13
15 12 39 12
15 5 36 28
33 28 12 20
43 4 30 42
15 6 26 6
19 6 43 2
45 2 14 47
45 7 9 24
16 3 9 21
49 21 4 45
14 1 11 39
32 28 19 36
15 11 41 12
45 16 22 5
32 17 44 36
24 19 40 24
43 45 39 38
14 23 47 8
17 21 14 8
38 17 1 45
44 10 48 48
34 30 41 19
48 8 41 0
40 16 33 17
21 14 16 46
30 12 4 23
16 6 18 28
39 8 43 9
26 8 31 40
12 14 13 3
17 4 38 39
24 33 35 39
18 2 39 10
49 16 41 9
43 16 42 11
20 4 38 37
7 29 36 37
33 29 44 24
41 14 17 31
25 42 38 32
31 12 44 3
33 3 44 20
41 25 46 13
11 21 30 33
19 6 4 25
27 11 19 31
44 5 5 36
20 8 17 32
20 9 34 32
40 22 12 7
23 8 30 30
34 29 37 16
7 12 37 33
26 3 43 26
28 10 20 26
33 25 6 48
31 13 36 9
34 25 26 36
37 13 49 21
23 3 23 45
14 1 31 24
23 4 13 19
46 6 38 0
22 25 30 30
27 42 18 5
34 15 23 19
20 7 39 12
46 16 32 24
44 44 4 37
29 26 5 28
18 7 2 20
7 18 15 33
34 11 38 19
17 2 21 36
16 8 28 12
33 13 0 26
15 3 30 28
42 17 43 37
43 26 3 38
41 25 45 30
39 23 15 11
34 13 20 31
37 13 33 15
31 0 15 2
28 3 17 7
49 6 24 4
22 20 32 31
44 14 16 16
33 9 7 37
38 6 8 18
31 21 44 7
44 9 20 30
38 3 7 38
25 17 35 23
10 2 25 11
17 9 10 27
31 10 45 6
17 8 2 25
13 16 9 35
16 7 21 21
28 12 21 25
47 10 23 35
38 12 1 16
37 15 48 6
45 23 43 8
27 24 45 10
47 13 49 5
21 27 19 47
12 8 48 21
42 13 36 34
35 10 14 8
31 4 9 33
12 21 46 8
10 9 28 42
45 11 15 21
38 9 44 8
46 4 13 38
41 15 44 7
41 2 15 10
40 18 35 39
34 14 9 11
20 13 25 6
47 29 38 24
38 19 24 16
19 11 30 36
48 14 30 17
32 23 27 19
20 20 13 7
32 0 6 26
48 4 36 9
42 25 28 29
34 26 34 49
46 14 16 36
24 20 16 37
28 5 28 38
32 4 40 44
14 11 30 44
43 21 14 20
32 7 5 42
8 28 12 9
33 43 6 36
22 23 28 9
49 16 11 3
33 21 9 34
20 16 7 11
13 29 14 22
28 2 15 13
34 9 14 7
17 8 43 17
45 14 33 10
44 16 45 5
10 31 46 32
37 23 42 26
34 4 36 23
3 30 35 11
37 10 49 7
48 15 13 2
34 3 31 30
37 21 12 16
28 36 28 45
47 2 41 3
24 14 41 20
21 19 44 2
19 26 24 42
49 9 26 1
38 2 9 10
15 22 23 35
18 7 20 44
46 21 31 14
22 17 30 0
4 36 4 31
32 17 44 16
25 3 19 22
22 7 26 18
40 15 31 11
17 20 47 14
17 11 47 2
31 16 19 44
11 42 15 41
19 11 5 14
22 49 42 27
27 6 20 30
36 15 43 6
23 10 5 15
47 9 17 46
45 11 36 18
34 15 28 28
28 20 31 7
34 19 33 25
36 36 19 24
29 18 39 8
12 13 1 32
43 25 10 24
37 19 8 12
30 14 39 41
35 12 36 42
36 15 15 19
38 12 21 39
37 17 14 46
30 20 19 43
38 9 29 28
16 6 4 34
21 5 1 49
32 5 23 32
18 10 27 45
15 7 41 4
39 29 35 2
43 18 49 2
40 5 39 10
42 21 18 25
16 3 19 16
21 5 39 37
39 12 30 29
42 2 27 13
22 19 44 27
38 18 11 47
18 10 37 6
38 5 15 44
26 9 42 10
23 18 14 17
10 16 18 22
47 14 11 22
22 18 33 38
29 24 46 23
19 3 31 15
30 20 4 17
46 21 34 26
39 24 36 5
29 2 2 21
24 22 11 27
36 16 24 39
29 27 30 23
41 7 14 7
47 7 19 32
15 8 1 33
40 7 26 11
25 8 23 41
25 12 0 42
22 11 46 28
19 32 5 4
13 24 24 40
25 7 30 13
46 20 42 8
25 0 24 48
34 12 42 17
17 15 49 4
18 17 7 34
5 20 4 36
28 26 7 47
16 17 22 9
36 26 28 18
43 34 21 15
47 14 15 29
34 19 49 12
20 2 40 9
21 3 42 40
40 15 13 4
41 8 31 39
15 23 42 31
9 14 29 36
40 5 6 40
21 1 12 12
31 15 44 13
16 4 33 3
44 9 25 29
16 16 6 32
35 36 8 29
46 15 11 4
22 33 15 31
38 12 34 18
37 12 30 18
38 12 14 23
46 14 36 25
42 16 23 12
18 21 30 28
11 7 35 17
47 10 12 42
19 10 14 34
48 10 27 29
42 6 17 48
13 6 28 12
44 4 10 41
32 21 43 2
48 22 35 15
14 17 33 22
24 13 15 32
17 18 28 29
34 18 28 20
45 19 47 0
49 15 8 7
34 13 29 4
49 5 21 45
49 3 17 24
33 20 41 9
41 16 33 20
30 12 28 2
24 22 26 32
35 19 14 47
24 18 11 44
27 15 46 34
34 6 47 9
10 7 11 44
33 29 49 30
30 12 27 31
23 9 45 14
45 25 40 4
21 3 20 42
5 13 15 27
32 12 2 37
35 9 15 29
46 27 15 7
20 22 43 24
49 16 5 35
29 17 34 15
32 16 23 17
17 5 47 12
17 10 27 0
20 9 35 29
19 8 36 6
21 8 19 33
48 26 27 19
37 6 31 31
20 28 37 36
44 16 14 25
22 17 8 27
30 43 42 11
15 16 23 25
43 9 3 12
16 13 34 40
36 14 47 10
31 21 45 10
37 23 3 44
20 18 48 10
23 5 34 26
42 17 22 26
16 3 12 41
20 3 19 29
46 19 40 8
42 14 0 6
27 9 26 37
46 13 29 19
35 20 4 19
34 5 43 12
36 18 37 37
22 26 37 19
49 16 45 11
21 1 26 20
13 6 36 35
43 14 23 12
33 7 44 20
38 3 19 37
19 13 9 16
22 11 14 40
41 22 24 30
43 18 33 32
40 5 33 30
36 15 0 34
24 7 27 28
48 10 19 13
28 31 41 36
33 30 30 19
2 18 26 32
45 13 19 31
15 6 25 13
24 6 19 24
27 17 45 18
36 26 5 38
20 6 0 38
27 8 7 16
1 14 35 20
47 11 25 19
28 14 24 17
24 2 30 3
43 13 22 27
22 9 28 18
30 12 45 11
41 8 28 12
34 16 13 28
31 9 4 33
24 10 45 18
31 9 49 13
14 13 7 15
19 4 42 26
9 30 35 19
25 30 2 17
34 15 33 35
23 9 23 43
38 3 43 11
38 0 41 9
31 8 9 29
24 16 23 12
20 10 5 37
35 14 39 12
22 4 19 40
40 8 19 8
18 8 7 5
18 12 31 9
36 8 33 12
45 16 41 4
29 12 44 6
13 11 16 33
43 17 26 40
45 17 33 10
39 44 9 36
46 17 14 3
24 2 46 26
19 6 31 39
38 21 38 45
42 9 23 45
18 9 42 43
8 25 4 24
19 35 47 23
45 6 9 23
22 14 8 47
25 8 40 16
45 5 28 10
6 19 16 20
41 12 19 23
23 17 25 32
36 16 18 42
16 11 3 14
19 21 3 40
21 16 45 31
13 15 7 36
27 19 14 1
24 9 3 31
18 43 19 15
11 1 40 11
42 17 28 5
21 17 31 17
19 8 10 18
38 36 42 5
49 11 46 23
31 21 29 25
34 7 43 32
21 15 38 12
41 8 12 34
48 14 40 8
43 19 35 26
30 13 29 26
12 8 4 17
49 14 35 29
46 11 37 41
41 9 2 9
35 4 10 49
48 14 33 25
30 21 9 10
30 21 9 31
30 34 21 40
35 44 20 35
46 8 25 12
31 12 30 6
14 6 32 42
15 8 48 22
43 18 37 16
18 2 28 10
17 21 22 32
44 23 24 6
25 10 38 19
18 6 12 42
49 26 16 20
10 6 33 37
13 6 1 16
15 11 2 24
21 10 18 39
41 19 32 23
45 5 6 49
33 28 11 7
45 43 16 26
37 6 3 49
42 27 36 33
23 29 31 33
32 3 32 14
35 5 1 40
37 20 28 23
22 29 39 24
38 16 28 47
36 33 13 43
27 25 6 16
21 6 44 14
13 5 34 30
36 13 38 1
38 17 7 14
25 26 14 39
16 11 20 39
14 5 35 37
47 22 28 23
30 37 42 2
10 36 4 15
43 16 46 29
46 27 30 13
36 11 14 19
44 18 2 10
32 18 18 30
28 10 4 24
16 21 24 25
29 7 42 1
7 9 37 34
44 29 21 23
35 25 46 8
27 18 19 36
18 5 29 45
19 5 26 33
22 7 2 23
41 11 32 14
31 19 4 41
38 18 35 9
16 6 29 23
29 11 16 26
13 8 46 9
21 5 37 33
31 9 37 12
17 14 46 3
37 12 1 40
41 36 23 3
21 11 21 18
42 29 34 12
33 13 8 33
34 12 46 19
30 25 19 15
34 13 38 41
21 39 19 23
21 33 20 11
17 13 17 19
42 14 13 27
15 5 49 10
44 26 29 24
27 24 27 39
29 22 38 29
22 11 16 18
41 22 9 19
38 29 46 13
25 10 11 27
45 16 26 26
47 25 27 33
43 27 43 8
20 27 10 43
43 11 37 21
30 5 23 16
15 7 16 21
17 13 22 20
44 2 36 27
28 4 32 26
35 26 4 17
28 31 24 26
20 7 1 17
49 17 36 31
16 12 25 13
14 2 16 36
40 17 22 48
38 9 11 3
32 18 39 14
37 11 44 15
48 16 21 33
47 18 3 33
