50 483 19591 800
23 41 34 13
38 11 47 23
9 22 30 4
24 49 30 16
6 19 9 6
15 32 30 11
36 14 48 27
24 12 42 34
24 21 25 1
19 46 7 15
28 46 35 7
35 31 23 18
12 38 33 14
31 49 27 8
21 25 48 25
38 48 34 31
11 30 48 23
26 18 48 25
19 41 12 8
6 29 11 13
48 18 24 9
22 45 13 23
16 40 22 5
24 48 17 23
30 31 42 24
39 49 25 11
33 34 13 26
14 21 40 24
9 31 33 9
37 23 11 17
44 38 45 23
17 30 40 39
29 40 13 14
31 25 15 12
36 19 23 10
9 0 27 36
41 45 49 3
20 12 43 29
35 31 41 10
38 17 14 16
18 43 8 3
24 47 47 3
41 40 33 12
23 5 38 20
41 46 44 24
6 40 39 13
34 49 16 18
30 32 41 9
14 42 14 17
5 49 15 16
10 17 39 12
35 31 25 11
33 49 49 34
29 10 44 11
41 15 12 10
14 30 16 27
37 18 45 6
37 36 49 26
27 39 42 23
19 44 17 0
32 31 49 10
15 34 25 21
7 32 36 1
14 24 33 24
18 26 44 26
36 35 12 11
6 44 46 16
33 48 35 13
44 25 29 9
14 8 40 34
35 15 27 11
43 38 45 13
10 36 14 3
39 39 32 32
37 48 25 1
11 32 11 19
31 20 19 25
40 21 43 31
20 28 43 44
32 48 19 6
13 40 14 19
27 12 10 32
25 24 37 35
45 22 45 27
23 25 32 24
48 45 39 7
23 29 45 8
40 15 16 11
25 39 46 11
37 9 24 2
8 38 2 17
7 37 45 16
47 5 35 32
10 46 9 17
46 29 28 15
37 33 21 18
3 17 20 12
41 36 37 20
41 16 15 14
24 6 47 39
41 12 43 5
40 4 44 43
13 29 40 0
34 43 19 11
33 40 22 3
32 22 3 21
9 43 37 20
13 38 17 8
41 10 12 18
13 31 49 24
17 37 37 15
30 35 1 5
26 37 26 18
19 35 38 14
32 30 35 16
29 30 4 28
36 7 32 1
20 23 41 12
35 49 7 10
31 5 12 25
24 35 12 3
34 34 35 22
11 15 48 26
9 17 18 10
27 14 41 25
32 47 45 31
9 29 11 21
8 15 43 22
30 8 42 16
18 23 19 9
30 18 43 20
39 9 46 32
31 39 43 24
48 3 44 12
30 31 32 21
13 28 18 14
45 21 40 10
18 25 21 5
37 13 16 16
12 29 44 44
2 27 47 25
39 47 14 13
22 7 19 12
30 47 40 36
21 38 38 13
34 37 44 2
36 28 37 35
9 4 47 26
40 13 34 14
45 36 46 26
37 11 48 29
20 44 34 14
31 28 48 31
41 15 14 20
42 42 44 27
46 18 35 3
17 40 30 19
3 31 13 10
39 36 45 7
34 40 41 4
39 8 23 27
49 41 44 15
13 41 18 14
29 24 43 18
14 11 11 15
21 26 33 38
32 29 43 24
18 31 37 6
12 34 39 15
40 10 45 24
35 43 47 24
14 44 12 14
7 17 21 17
12 45 38 33
29 44 18 4
38 45 46 13
34 46 13 16
16 49 17 0
21 42 4 5
6 43 18 15
31 29 30 9
38 47 47 25
25 29 25 18
36 37 18 46
9 22 48 1
38 48 42 11
49 48 36 20
38 48 14 18
4 3 49 27
39 11 24 1
6 0 48 30
2 11 49 7
9 38 36 15
26 27 43 15
32 26 31 38
47 13 19 5
33 16 43 36
18 40 37 12
42 29 42 15
20 21 43 29
23 31 26 1
36 16 49 29
40 37 24 8
22 43 23 6
43 38 7 14
18 11 4 25
38 14 27 44
18 37 41 5
37 10 48 21
30 16 33 1
23 32 44 22
3 26 12 4
29 43 23 19
17 47 49 24
21 36 41 20
24 18 14 11
22 36 22 9
35 15 38 36
25 0 20 21
45 29 43 20
26 33 12 16
35 23 26 41
35 15 45 9
15 32 35 43
20 20 29 11
15 18 46 22
19 27 21 11
18 17 47 24
29 38 17 15
11 41 14 18
23 37 3 3
46 19 30 42
42 42 12 21
15 26 31 21
37 33 33 3
21 20 29 40
1 0 33 26
21 23 29 11
10 31 22 14
11 4 31 33
24 35 27 18
0 29 36 14
42 16 17 9
9 27 13 13
48 30 48 16
33 46 25 15
32 18 41 23
19 38 14 16
34 44 39 12
39 11 39 26
14 11 17 13
11 16 26 3
0 30 37 1
2 15 15 14
29 33 29 20
29 16 45 34
36 29 19 16
23 27 48 31
28 43 23 9
35 26 7 37
12 25 8 12
38 15 29 2
22 34 29 9
26 30 29 5
17 35 32 7
2 14 4 2
41 23 41 15
18 17 45 31
31 4 37 1
10 41 18 13
37 40 48 36
38 22 19 14
35 46 44 16
42 8 16 15
49 42 45 11
30 19 47 29
48 32 33 6
1 45 32 14
30 31 37 8
14 26 31 27
8 35 48 36
43 32 28 14
43 49 34 40
38 15 29 32
34 40 24 2
28 29 1 35
8 28 38 10
22 31 18 13
3 21 36 14
33 42 45 27
43 6 22 43
25 27 49 25
39 12 34 17
4 35 34 15
29 20 13 11
15 32 33 33
42 41 26 20
5 33 16 19
15 16 38 14
17 45 10 15
24 45 46 24
29 27 32 13
29 29 41 37
35 49 34 7
31 19 41 37
42 38 34 1
32 45 14 13
29 25 22 30
39 7 45 12
38 38 27 32
10 36 19 2
18 44 1 34
31 42 49 29
7 29 45 12
34 41 24 18
1 33 38 20
41 32 3 47
30 32 11 0
30 4 39 36
8 22 29 24
37 35 45 6
14 6 41 13
38 43 32 6
27 45 16 17
18 26 49 26
45 46 31 16
37 14 49 21
37 36 20 19
29 21 44 25
32 38 38 28
45 48 38 15
47 9 43 31
21 27 13 18
28 37 14 16
21 22 33 0
42 7 43 12
9 27 24 19
18 38 21 5
14 37 33 34
17 22 30 4
29 10 6 15
15 30 46 16
13 36 7 8
30 22 20 34
31 48 20 36
42 36 15 20
11 42 38 21
33 40 15 12
32 25 26 33
21 41 48 6
20 42 36 34
19 17 1 0
10 16 43 40
36 49 15 22
10 9 19 12
42 33 48 22
16 16 48 8
32 24 15 16
40 25 47 24
10 44 48 9
1 28 41 13
39 13 11 6
42 34 15 17
10 27 39 11
13 39 44 28
27 48 48 19
10 24 36 36
16 22 28 7
41 44 33 1
29 47 40 30
42 13 5 33
37 44 10 23
39 11 14 21
22 24 21 8
38 11 0 21
37 38 28 2
7 3 15 17
5 37 21 16
18 28 22 2
18 48 29 6
31 17 46 36
32 33 25 32
26 39 20 8
9 10 0 33
24 43 30 12
31 44 23 44
37 17 46 36
29 29 37 28
9 33 16 5
30 39 33 24
13 29 40 36
24 26 42 16
36 48 29 11
46 34 48 0
17 46 42 33
28 28 49 23
28 15 43 40
46 46 31 39
9 44 34 35
9 29 17 13
35 46 29 21
25 24 47 21
12 46 30 28
22 37 38 29
42 11 41 7
28 36 47 29
41 39 38 14
30 48 35 6
37 14 43 29
19 18 21 4
38 11 36 17
41 12 34 2
23 43 36 19
38 32 45 28
22 27 30 20
35 11 44 31
40 12 31 31
22 31 43 9
34 24 46 37
30 45 36 12
31 14 38 39
41 39 25 15
25 27 16 13
35 35 14 18
11 41 48 23
38 18 36 23
25 22 32 44
28 19 12 14
30 38 48 11
17 8 28 6
32 28 43 19
26 0 47 26
11 30 45 21
30 14 41 17
16 43 4 9
33 46 48 32
19 22 39 24
33 15 35 11
38 11 35 35
38 24 12 6
0 11 46 25
48 5 36 14
30 31 35 7
22 49 45 23
7 47 45 49
37 48 43 8
29 36 29 5
29 38 30 16
38 47 48 24
32 27 14 16
13 38 19 12
13 30 14 4
19 44 25 25
32 47 37 18
42 28 28 23
36 24 38 45
26 41 6 5
17 6 46 20
29 16 21 17
18 45 6 4
12 19 16 9
39 49 44 15
36 14 1 18
47 48 35 12
23 31 30 16
11 30 46 31
17 37 47 24
37 14 24 13
6 23 44 7
39 39 41 10
26 11 41 43
21 42 22 10
20 9 45 15
45 27 21 10
18 39 33 36
21 45 40 29
40 13 46 26
22 33 28 40
16 19 10 4
28 44 37 9
15 44 47 24
38 16 23 6
14 47 37 14
