50 63 16221 800
19 41 9 26
5 34 23 17
21 39 30 15
19 38 29 11
36 9 8 21
10 35 25 13
15 2 2 3
19 27 14 20
8 13 34 20
39 25 22 30
0 40 17 12
26 17 24 24
20 21 3 32
12 46 14 25
5 36 12 26
23 9 19 40
38 23 12 7
11 38 15 26
40 19 13 26
33 15 24 22
23 18 21 29
17 36 12 40
43 25 30 25
10 41 32 25
7 35 24 38
17 15 27 35
34 24 3 14
26 10 18 28
11 44 8 16
10 41 5 28
26 12 29 42
35 22 36 38
19 49 19 25
26 27 21 19
20 13 43 35
21 25 19 14
20 2 32 3
26 18 29 27
16 24 0 24
6 48 12 24
17 23 45 9
11 10 36 2
13 42 38 25
13 42 22 20
24 22 21 17
2 46 27 19
9 40 23 1
14 49 40 15
17 4 8 25
5 47 20 22
26 18 7 33
23 27 8 10
27 24 17 13
3 44 36 19
34 9 38 13
4 10 35 34
28 24 17 35
27 32 12 35
26 41 19 22
13 7 8 40
12 14 16 45
4 35 30 20
9 36 12 14
