50 230 16914 800
38 1 16 8
21 0 44 42
34 12 12 42
11 36 29 33
25 17 39 38
41 13 25 38
31 4 21 11
5 13 37 47
43 14 24 5
26 13 24 49
13 10 22 16
39 33 19 12
45 46 9 48
26 13 18 21
7 6 17 29
44 8 32 36
16 3 47 32
8 37 13 18
37 8 48 33
16 9 30 16
36 16 30 46
35 23 23 8
5 16 3 46
8 8 48 45
28 3 23 11
27 10 20 9
45 29 23 18
43 24 25 6
40 30 7 19
27 37 11 20
14 5 19 15
19 7 1 21
36 8 27 44
38 21 12 41
46 0 33 31
46 11 14 9
43 5 39 48
10 8 25 34
49 33 18 20
21 6 18 19
14 3 2 47
34 7 15 25
2 0 16 40
22 22 9 20
1 14 22 16
36 9 43 36
22 10 7 11
47 7 21 9
42 20 30 1
36 21 45 38
28 8 23 14
18 10 3 47
32 35 35 26
27 6 44 29
10 34 12 17
26 18 23 3
2 32 32 45
23 3 6 35
27 19 40 28
44 8 12 41
27 3 22 11
13 8 35 31
44 43 47 36
35 3 49 22
23 7 26 2
38 28 10 37
30 7 43 44
48 35 11 19
46 9 26 37
32 16 26 32
39 9 5 38
41 2 4 26
5 15 38 39
29 47 30 6
45 21 8 2
2 19 38 12
27 14 20 14
21 5 27 27
7 16 26 6
40 33 43 46
17 12 8 23
27 10 39 6
36 8 30 41
45 15 28 4
19 34 46 49
26 30 16 10
44 28 26 33
8 38 20 11
31 26 19 2
37 37 22 3
30 20 6 35
43 36 23 9
19 9 20 5
15 34 33 30
2 35 21 10
5 14 32 39
7 7 43 48
15 3 10 26
16 5 15 25
29 37 19 28
16 2 25 1
14 7 13 16
48 22 44 27
25 14 40 43
49 0 22 12
34 2 36 40
36 3 41 27
33 0 43 34
41 7 32 13
44 17 27 10
35 18 20 5
39 11 25 40
35 12 11 17
40 16 2 35
19 11 11 45
45 25 39 17
31 14 11 9
37 24 3 46
19 42 47 44
15 7 3 20
40 4 4 48
40 31 20 15
37 29 33 27
1 35 42 44
33 6 24 12
44 3 49 34
9 34 15 13
48 8 23 7
38 42 43 30
41 5 35 35
36 11 25 14
4 18 4 37
9 27 21 1
15 6 22 0
21 7 26 13
31 19 9 28
38 15 16 9
38 22 22 4
24 15 17 3
15 8 4 15
45 9 15 6
46 16 38 35
33 13 14 44
34 19 23 39
27 13 21 19
45 5 21 8
23 11 19 12
42 9 30 37
39 10 11 28
37 26 20 12
40 21 11 41
1 13 40 45
44 27 18 9
19 14 5 42
13 22 26 45
26 4 32 46
18 47 37 44
35 3 48 45
26 19 24 10
2 26 29 28
20 30 28 41
4 11 10 18
15 11 30 6
11 42 28 7
39 15 28 16
17 5 38 7
31 10 25 6
13 5 46 39
39 4 16 20
35 9 24 39
35 16 1 48
38 12 41 37
29 32 22 8
18 6 2 31
28 19 25 13
27 3 46 25
30 10 25 2
24 11 16 41
36 13 39 26
31 5 10 23
27 30 5 34
35 19 21 11
19 11 7 40
22 4 13 20
1 33 27 8
49 22 22 5
34 25 37 36
35 15 3 19
33 8 15 35
15 13 21 5
19 15 34 19
40 34 33 40
19 3 48 32
49 30 19 18
39 22 43 49
9 26 10 10
1 13 22 17
12 6 20 10
7 13 5 24
40 36 29 29
45 20 37 35
1 31 17 42
32 16 37 41
27 18 22 12
15 19 37 41
33 9 15 20
30 22 4 19
4 17 7 33
44 9 22 3
28 11 26 28
2 4 1 14
17 7 41 37
46 27 38 45
11 3 35 46
13 4 27 4
6 9 12 39
33 20 28 16
41 3 21 6
43 28 32 33
14 11 26 32
1 10 12 21
29 8 16 14
16 5 27 12
42 37 36 38
7 10 39 33
10 26 24 8
34 3 26 25
15 44 7 32
30 18 21 12
14 9 43 43
