50 79 11780 800
20 41 37 16
32 45 45 15
30 14 36 5
28 16 9 40
37 28 48 0
19 26 18 14
10 30 13 28
43 17 8 8
42 16 30 5
14 27 47 11
24 40 13 5
35 10 34 16
26 36 33 14
29 33 45 19
17 32 37 30
0 9 30 2
37 25 33 16
17 44 34 9
33 14 11 29
22 40 6 25
27 37 25 6
13 14 18 34
25 32 42 6
15 34 45 3
15 31 44 17
35 19 44 0
16 48 21 5
11 21 45 1
18 36 34 12
35 15 31 31
17 37 28 28
22 37 36 15
28 42 23 40
36 15 45 7
25 37 48 10
36 20 28 4
42 25 16 35
33 45 43 11
18 12 32 1
36 17 10 26
40 18 35 5
40 19 43 14
10 36 34 21
21 1 44 16
32 12 40 10
39 20 23 14
19 40 29 24
28 36 16 6
31 16 38 4
42 17 15 29
33 21 35 6
3 9 37 7
31 24 32 3
26 11 19 31
10 19 43 12
36 20 29 27
41 19 23 29
10 17 10 26
36 18 22 30
32 14 48 7
20 41 22 13
28 43 35 18
20 23 38 21
15 30 38 6
32 38 28 29
38 17 27 15
27 42 10 27
24 20 38 45
32 16 18 36
33 10 29 8
22 28 38 17
42 13 25 4
10 30 48 43
39 16 26 23
29 35 25 13
36 18 39 1
20 41 33 9
28 40 24 6
35 14 28 4
