50 580 15109 800
15 14 45 7
16 11 41 22
30 42 34 31
17 18 47 5
11 29 3 11
43 27 43 16
8 31 12 28
28 31 33 28
0 30 15 14
9 48 19 14
20 15 30 25
36 31 30 31
21 18 6 24
19 27 26 25
2 48 4 15
6 32 10 35
5 28 44 4
29 47 26 26
42 38 5 45
5 42 37 44
23 33 47 48
6 32 32 24
8 29 46 40
21 21 28 34
20 33 33 36
27 25 39 44
29 23 33 41
28 48 28 28
37 39 28 28
5 33 41 7
33 11 30 23
32 28 41 1
25 16 11 14
32 26 25 45
10 2 11 45
30 36 11 14
8 25 2 36
18 46 8 13
10 34 26 42
33 47 29 40
2 42 12 11
12 9 42 0
11 22 37 5
1 47 8 8
18 28 4 16
14 40 33 22
14 36 43 49
24 31 43 6
16 43 1 17
8 23 6 11
15 13 1 15
12 23 33 44
21 19 9 47
29 24 34 0
6 28 37 5
18 33 18 43
6 1 38 27
20 17 7 19
23 24 37 45
11 29 14 23
14 38 17 49
1 20 27 34
32 29 35 33
4 0 25 17
10 49 48 12
9 43 38 25
48 19 28 28
0 17 4 10
34 21 8 5
16 21 43 1
4 21 48 8
38 46 49 5
24 28 10 5
40 33 37 9
35 37 1 33
29 10 43 2
16 16 46 7
22 43 18 47
13 13 26 39
5 30 31 25
16 27 9 12
22 43 38 23
38 29 18 21
38 31 9 9
3 33 12 26
19 45 8 37
8 5 36 29
6 30 11 17
30 4 11 14
30 32 7 6
30 45 26 41
35 32 6 8
16 13 13 34
14 25 13 11
1 5 13 12
27 22 48 1
11 37 39 4
13 22 42 41
10 9 31 27
23 30 0 29
17 16 8 15
26 4 48 8
20 32 22 44
16 31 30 15
19 27 29 47
35 34 13 25
23 21 5 36
24 41 32 28
23 28 2 10
22 21 2 19
20 29 4 35
5 27 32 28
21 19 48 5
26 19 49 7
8 2 32 40
6 31 7 42
14 36 11 33
30 30 33 26
30 42 30 29
41 30 20 24
32 39 32 26
22 27 11 7
24 7 4 21
8 34 43 46
17 11 12 8
14 21 11 14
13 20 18 7
20 42 27 44
8 44 15 14
28 26 48 0
43 22 16 13
19 33 31 36
33 48 36 1
10 17 38 1
2 33 34 47
40 32 32 36
17 29 33 10
1 31 31 23
17 10 26 27
22 41 13 31
9 42 37 26
43 11 20 40
23 15 45 8
21 43 8 13
9 5 41 3
2 35 11 5
5 49 29 27
27 22 8 16
33 42 12 14
5 30 28 36
31 33 40 25
43 29 34 29
13 39 4 11
23 19 10 22
8 32 34 49
27 41 12 12
23 21 23 6
5 17 48 11
25 30 13 12
19 11 7 13
35 47 0 41
12 13 25 29
19 6 11 11
4 28 4 9
0 23 13 39
22 42 17 35
31 31 21 40
10 0 28 33
1 0 35 48
25 15 5 43
7 1 6 7
4 30 12 38
10 18 7 7
30 28 0 17
15 26 19 28
40 19 12 9
1 39 6 8
7 28 30 38
45 32 24 44
36 40 24 47
7 40 3 12
44 43 37 0
33 21 0 15
46 10 31 29
31 29 5 15
29 6 33 21
45 24 32 25
12 24 14 9
40 36 32 35
23 39 25 18
7 31 29 28
5 30 35 22
11 38 41 2
23 25 27 44
16 28 42 5
26 23 45 1
34 28 29 28
21 10 38 28
26 27 30 49
29 0 16 22
13 23 18 11
4 26 45 43
9 3 25 25
6 30 45 13
5 30 3 39
15 46 40 43
25 7 30 26
25 12 23 43
30 26 37 1
25 32 46 9
19 45 26 47
17 33 11 38
23 49 12 48
25 4 7 12
37 31 31 43
14 26 3 8
22 32 48 3
22 35 33 4
11 17 22 26
27 8 3 19
12 27 20 48
5 14 30 42
10 6 11 35
13 22 32 48
8 32 3 10
31 33 31 45
40 25 35 31
38 47 32 47
5 30 36 25
4 14 30 8
14 9 31 45
15 46 35 43
2 11 1 15
9 30 40 42
25 39 13 47
16 22 42 2
38 40 15 23
9 48 7 9
9 14 1 49
41 28 41 8
33 12 11 12
6 32 35 28
19 26 27 25
5 33 39 3
31 41 22 42
33 20 35 48
24 34 44 1
26 6 8 16
18 30 39 48
46 41 5 13
28 43 45 5
11 35 3 8
11 3 13 19
2 29 2 9
42 35 23 36
4 40 9 19
12 4 29 18
9 24 26 25
16 43 36 1
27 29 44 2
30 44 36 33
34 27 30 31
39 30 11 9
20 25 36 22
36 26 40 7
30 36 37 47
39 32 5 23
3 29 32 23
37 29 34 22
25 7 41 2
14 24 35 29
29 33 39 10
23 16 11 9
3 28 23 41
14 45 32 29
23 35 13 20
14 12 0 19
10 39 29 46
25 41 30 43
23 30 41 5
47 36 43 48
36 32 41 49
7 9 35 21
45 40 35 25
32 26 1 13
33 45 36 21
16 27 39 42
18 41 8 20
18 18 1 35
15 14 46 1
17 34 7 49
3 34 6 16
23 4 7 28
31 19 3 37
15 19 25 42
19 46 35 8
6 28 2 25
30 45 35 22
31 30 0 19
20 21 4 14
23 20 4 12
11 35 29 28
26 4 37 44
11 12 23 44
27 26 33 2
14 29 10 38
5 31 13 15
27 35 41 6
48 22 34 29
20 39 11 6
38 31 5 40
36 38 13 22
9 34 8 14
11 12 5 11
31 42 0 33
3 31 28 31
18 48 34 24
29 28 49 6
5 10 10 17
4 49 8 31
35 36 11 29
26 16 33 22
22 26 6 13
6 41 29 33
25 34 9 19
43 26 32 33
11 25 8 33
12 25 31 29
14 13 21 48
28 20 25 49
8 16 33 49
34 32 5 9
12 21 17 43
32 48 35 29
19 1 2 48
19 10 8 12
18 30 39 30
32 33 43 3
4 31 40 46
0 18 15 39
29 31 22 46
32 20 2 16
29 30 8 32
9 39 36 0
46 24 7 5
15 3 26 47
30 35 35 23
19 23 8 26
30 1 38 1
15 5 28 40
23 21 4 13
9 47 24 43
31 32 0 41
23 23 41 8
11 27 40 3
27 42 35 37
45 31 36 25
27 26 34 4
1 41 29 18
19 16 29 18
3 31 27 26
16 23 18 48
3 23 26 24
7 20 21 35
29 28 3 21
38 20 11 6
10 19 25 47
15 30 37 30
18 16 33 43
17 8 32 19
22 38 7 19
48 30 44 6
36 22 14 37
17 24 31 49
29 25 34 40
17 2 4 23
5 1 7 8
33 19 34 30
6 1 34 1
26 25 17 42
16 24 23 31
14 18 5 49
32 11 12 20
7 31 10 9
5 30 19 21
32 27 24 29
15 0 29 35
34 30 8 8
18 48 8 14
17 26 33 18
2 22 13 32
19 32 34 24
5 25 39 0
5 39 1 42
12 7 10 40
0 24 9 34
25 40 38 9
16 41 18 49
14 32 11 18
33 45 33 27
35 45 7 12
44 38 39 1
12 45 30 25
2 25 37 30
23 19 16 15
35 34 28 41
24 41 12 15
22 44 21 28
22 18 15 48
13 22 4 35
10 31 39 6
25 32 5 6
4 31 9 9
42 5 9 8
14 11 40 45
38 28 25 23
19 14 10 39
11 32 49 11
12 35 40 46
15 29 26 49
39 35 33 43
12 21 30 48
4 25 28 26
35 25 1 22
28 6 31 26
27 4 4 10
17 24 39 4
3 44 42 0
19 10 27 45
23 29 9 12
7 33 38 39
39 35 12 22
27 26 21 34
47 45 8 8
34 0 40 6
27 14 28 45
31 49 29 45
36 39 33 36
3 43 11 24
6 30 31 28
6 32 14 4
21 47 28 45
5 43 6 9
39 33 43 6
7 31 40 9
29 24 20 32
14 20 3 25
37 20 33 46
20 19 39 48
5 49 15 28
34 27 9 9
18 8 31 32
34 2 10 46
17 1 35 5
2 29 29 17
33 32 29 36
13 13 2 17
34 27 45 7
4 18 44 7
34 37 44 6
26 38 32 39
30 30 10 7
7 41 5 12
31 39 4 7
13 24 14 37
29 19 27 22
11 6 26 39
22 26 23 46
45 48 8 9
35 30 29 26
24 20 23 39
30 33 12 12
32 8 10 45
33 9 30 23
8 31 26 19
29 29 28 39
27 43 16 13
32 32 47 5
1 29 3 6
6 24 30 40
7 31 5 12
27 0 25 34
5 20 27 44
30 9 9 5
5 30 13 11
13 35 18 22
14 21 7 12
3 47 22 21
3 25 37 19
13 31 2 33
42 33 37 43
27 11 42 5
27 8 31 27
18 48 2 41
21 9 40 8
20 7 13 43
29 28 20 49
1 27 32 32
26 38 7 8
35 22 9 36
19 2 5 41
43 25 37 47
30 33 1 33
13 15 31 24
3 13 40 4
26 11 5 9
26 24 4 9
35 35 9 9
10 21 25 32
49 32 37 3
20 25 13 4
15 31 16 46
25 28 33 30
21 10 45 3
32 32 1 21
36 42 27 16
40 33 3 9
8 28 33 25
30 20 19 18
37 49 21 38
1 13 7 12
10 3 12 38
26 45 11 13
15 25 29 43
26 4 18 13
3 33 16 16
45 27 23 25
38 17 8 37
13 48 19 41
4 29 35 5
25 3 5 12
4 25 8 28
10 16 39 3
30 41 18 41
46 30 6 5
3 33 31 26
33 33 36 24
43 27 33 25
16 25 46 12
32 25 22 46
18 11 12 8
11 34 31 34
4 26 7 4
34 23 35 44
42 27 30 32
21 5 32 19
1 27 26 28
31 48 36 24
10 23 22 23
15 13 39 1
30 11 1 27
7 27 12 14
4 30 40 7
12 33 7 22
18 24 0 7
35 36 38 38
32 26 22 37
18 24 11 12
11 33 31 25
4 48 32 46
40 40 41 1
23 6 11 16
29 12 36 47
25 3 45 4
16 25 36 2
6 30 31 21
34 38 38 43
0 32 28 27
21 4 14 18
14 38 36 8
2 31 49 48
22 31 45 47
8 43 35 22
8 24 48 2
6 33 26 24
3 42 26 24
6 39 10 17
12 24 30 27
15 26 40 4
10 8 6 4
