50 335 18172 800
40 18 20 8
22 16 29 37
6 39 13 20
8 38 3 47
9 9 12 28
3 34 17 25
21 43 37 26
32 19 8 25
28 40 21 21
23 37 22 8
27 45 34 14
1 30 35 12
32 19 3 34
46 27 19 14
38 26 29 11
23 0 13 37
19 33 38 33
43 20 9 39
31 47 6 41
18 18 16 34
4 41 35 28
15 5 20 2
46 35 19 4
8 17 40 17
40 46 30 3
33 20 30 13
21 15 31 28
47 31 34 8
31 17 48 10
14 34 1 3
20 49 21 8
27 49 48 12
15 35 48 1
1 3 32 7
20 48 3 9
32 38 48 26
28 44 1 43
25 8 35 39
29 18 23 23
0 33 16 2
12 41 15 19
30 17 14 32
30 30 18 17
37 15 1 18
13 13 38 35
22 14 24 25
42 36 17 4
19 44 6 20
36 31 40 18
46 35 25 9
23 1 18 19
21 13 39 12
23 10 8 39
47 13 0 45
9 32 18 9
19 4 37 49
5 38 35 27
27 17 3 14
40 11 44 23
48 37 41 31
18 33 21 7
5 26 36 19
43 36 41 46
30 20 14 32
22 47 17 4
25 48 24 8
37 46 44 23
27 11 34 0
19 36 28 21
25 2 22 10
13 18 10 9
22 6 49 31
24 4 42 2
10 39 17 1
28 47 36 13
30 46 20 32
30 3 33 11
34 15 19 6
39 30 16 18
23 42 11 35
17 11 41 40
26 46 24 5
26 1 15 8
28 49 22 8
19 3 33 18
23 6 20 11
11 0 20 0
23 31 30 47
49 43 20 39
31 1 40 13
24 0 42 31
20 26 32 7
15 48 9 3
25 47 30 36
14 2 33 23
15 47 17 37
7 36 19 2
28 41 27 20
26 47 22 23
13 47 11 4
16 46 20 42
30 39 30 15
20 37 37 12
24 4 46 18
31 43 26 1
32 42 31 6
28 46 18 10
34 15 13 4
30 9 43 19
18 21 35 23
24 49 3 9
8 39 30 16
24 6 33 19
29 42 33 15
34 16 39 4
24 4 7 32
11 15 47 49
19 46 34 17
35 39 25 38
16 14 24 5
24 47 17 42
45 33 28 14
10 11 43 27
36 21 33 39
12 18 28 33
30 32 10 16
38 41 14 22
35 43 44 44
41 23 9 19
29 6 44 23
19 13 7 30
4 28 16 27
37 37 44 32
8 43 25 44
34 17 24 47
48 41 24 7
11 16 8 9
21 14 1 38
49 42 2 42
16 31 18 8
17 3 30 13
9 41 36 20
33 42 41 19
13 31 41 47
0 23 42 16
14 9 40 24
25 30 40 13
45 6 18 8
38 46 16 6
1 28 30 23
45 30 20 5
10 7 12 2
32 36 41 4
2 9 30 5
25 41 9 15
24 17 30 40
22 4 0 23
19 25 0 9
22 24 38 3
6 37 43 27
27 0 22 10
12 41 38 14
18 48 17 9
25 48 31 36
3 0 10 13
30 12 45 17
29 46 44 27
21 5 33 27
39 17 30 24
9 15 48 8
21 0 7 23
43 48 48 44
21 43 38 21
30 28 43 25
13 41 20 34
2 8 39 40
14 24 42 20
17 14 39 21
12 31 20 5
30 44 11 20
24 47 15 7
26 5 21 16
24 4 41 21
21 7 7 22
14 22 29 39
15 45 18 16
24 40 48 25
20 7 30 42
14 40 45 12
17 4 34 4
5 2 39 21
26 6 3 6
27 47 33 31
17 42 19 13
33 36 28 17
6 25 34 14
6 35 41 21
32 48 15 7
21 48 31 2
19 24 40 39
32 17 16 44
16 4 17 24
10 26 19 6
27 12 38 24
35 13 12 20
17 0 44 20
30 12 2 4
40 37 32 20
10 32 41 19
12 31 19 4
28 41 39 16
29 8 20 29
5 33 48 18
25 43 31 14
6 33 29 12
46 26 35 18
44 35 13 1
29 47 30 8
47 35 45 24
39 17 17 36
7 48 33 48
47 36 12 22
30 47 30 33
38 41 44 18
10 34 43 18
26 48 19 4
26 5 22 8
19 30 17 9
43 14 36 19
31 18 34 35
8 9 42 16
31 13 19 34
36 15 25 13
22 0 8 14
36 11 17 21
45 39 21 5
33 23 43 19
21 13 12 25
42 5 21 4
8 45 4 1
42 38 25 20
20 48 21 0
4 25 43 12
13 32 39 21
1 16 7 33
13 40 20 9
33 39 27 37
30 5 20 47
7 12 33 19
30 10 32 35
28 10 40 36
48 33 40 18
16 39 38 45
38 49 17 2
45 40 21 16
1 43 26 7
48 36 33 31
43 40 45 48
13 12 15 7
27 47 34 48
28 3 30 13
0 18 21 4
3 41 38 28
8 25 1 29
28 15 25 13
16 34 15 13
7 35 20 5
37 36 38 16
18 11 23 29
24 8 41 39
22 49 39 16
34 44 43 30
26 6 29 20
1 31 40 16
44 40 3 7
24 1 22 13
26 42 29 9
27 42 29 7
44 41 22 11
20 41 17 31
42 37 10 37
23 27 12 20
35 47 24 26
21 9 16 25
25 39 4 27
16 11 40 48
40 1 28 42
13 24 41 24
24 48 38 11
26 48 9 18
47 40 23 36
32 37 28 18
34 12 5 47
45 33 42 18
24 48 31 41
30 46 34 37
13 45 34 14
26 47 7 16
36 39 48 5
33 44 18 1
29 13 18 30
29 32 13 7
11 43 40 32
4 39 5 4
46 48 34 9
26 44 15 49
14 11 15 27
23 43 20 1
1 7 47 19
19 39 16 5
3 39 39 17
31 25 15 15
32 10 26 20
14 4 44 13
9 7 9 25
5 33 20 19
28 44 17 6
20 10 32 45
16 45 6 10
44 29 33 19
17 46 49 34
21 48 35 22
29 16 35 7
28 1 6 38
26 10 43 20
23 49 38 35
24 18 3 15
16 33 30 17
44 38 19 12
3 33 21 7
29 49 16 0
42 17 29 18
25 41 39 19
27 13 8 29
32 11 5 42
