50 204 13366 800
46 19 23 10
18 38 22 4
30 32 2 16
42 29 7 14
20 42 15 31
26 30 12 13
12 42 4 17
32 17 28 42
36 19 0 5
41 27 28 5
39 15 16 9
18 34 21 2
38 28 12 12
12 36 48 32
45 18 5 16
42 41 9 0
24 37 4 2
41 32 12 0
39 17 9 14
1 38 22 27
23 36 45 38
31 42 29 9
20 35 6 13
9 41 10 12
44 21 40 29
8 36 34 31
36 22 13 5
24 33 10 36
21 41 24 43
42 15 28 3
17 43 9 7
46 21 1 9
12 32 10 10
24 31 7 9
45 21 32 9
23 32 20 45
39 22 4 11
42 31 11 14
17 42 41 44
22 35 9 34
43 23 10 15
38 18 2 5
18 25 33 34
8 36 29 45
8 23 30 43
8 34 36 27
30 15 3 17
15 36 38 39
29 34 34 41
12 42 14 12
29 36 28 31
4 46 46 37
16 29 22 1
18 45 5 7
34 36 29 49
24 32 32 1
24 37 6 7
46 12 37 7
32 31 26 8
40 22 26 46
46 29 29 8
36 29 26 34
16 29 15 33
3 40 26 36
10 28 8 17
10 47 18 13
20 34 23 3
20 41 11 11
34 31 28 15
40 25 41 44
20 33 11 15
42 25 8 7
20 25 44 30
16 46 25 39
8 42 16 47
8 38 19 11
34 24 20 21
40 21 22 17
22 16 42 23
41 19 18 41
22 33 3 17
37 24 8 8
46 25 41 40
44 23 6 2
14 42 44 30
40 25 12 4
20 40 23 6
41 21 10 14
35 19 25 20
15 38 38 5
19 37 22 4
42 17 46 33
39 24 17 0
19 39 5 14
44 20 12 10
16 44 11 7
4 43 13 0
13 44 20 36
12 44 14 6
8 39 5 4
28 33 44 28
42 18 34 47
9 41 23 43
6 33 38 31
35 31 8 5
0 23 9 4
6 44 3 11
9 45 20 42
37 8 3 11
26 32 29 15
27 40 15 20
24 27 31 20
2 36 37 45
48 45 18 4
1 44 28 11
36 21 25 0
14 39 34 35
37 17 22 40
8 37 6 10
38 14 18 6
21 34 24 13
18 30 30 19
6 43 2 11
43 19 13 4
15 32 12 15
44 22 24 14
14 38 13 5
49 23 19 9
24 39 5 11
8 36 30 34
46 17 37 35
31 3 3 45
24 34 5 13
4 32 43 25
20 35 12 18
6 45 37 40
46 15 41 38
9 41 21 0
30 29 13 12
47 23 25 14
28 30 2 15
20 27 2 22
21 32 4 5
30 25 49 41
37 21 46 27
42 22 24 37
23 36 1 6
38 22 18 36
23 16 14 11
8 34 14 13
42 16 41 33
25 36 18 7
32 19 5 8
2 36 5 9
1 39 11 40
13 44 40 24
15 45 27 37
36 31 8 14
21 32 4 9
26 33 19 16
28 47 24 2
21 13 25 9
21 40 28 37
6 35 37 41
48 31 8 8
22 34 0 8
42 19 6 8
30 35 34 9
23 35 1 1
26 32 1 11
39 10 21 7
26 36 11 0
46 24 30 46
22 33 23 46
25 34 20 8
37 24 30 36
19 33 26 31
13 46 14 7
44 4 6 20
18 34 42 39
26 30 19 14
35 30 13 5
19 47 6 6
33 31 30 10
8 49 11 3
11 39 19 30
33 27 21 11
43 22 16 16
17 29 33 0
14 40 11 12
44 21 20 5
41 17 7 1
49 30 13 9
37 28 23 38
6 33 9 28
23 35 34 26
46 23 13 19
10 33 25 7
29 21 24 15
47 22 38 22
44 35 8 15
47 2 24 36
38 39 25 35
45 15 14 17
