50 105 18160 800
36 25 24 33
12 17 27 33
49 14 24 30
7 20 44 6
1 4 45 33
37 35 18 16
15 18 36 36
32 41 29 24
35 40 46 44
6 22 42 9
40 15 37 38
35 20 0 2
36 13 17 30
4 17 25 29
8 6 3 44
33 19 20 0
1 9 25 32
35 49 23 22
5 12 48 19
14 7 47 10
40 48 37 12
1 11 49 9
3 21 24 34
29 48 42 5
8 1 29 34
16 2 14 17
6 9 42 37
13 12 26 36
7 6 10 13
17 41 32 36
15 4 39 33
0 16 41 7
10 20 44 7
48 22 27 43
25 41 47 12
42 23 44 45
47 24 39 10
36 14 21 15
35 9 28 30
1 12 25 34
10 39 0 8
3 18 10 11
12 3 5 13
9 29 29 39
17 30 31 34
14 8 13 36
18 2 45 48
33 35 36 43
12 34 26 5
12 33 24 33
18 7 45 13
40 41 31 35
36 25 42 38
15 48 48 10
43 23 5 13
9 37 9 18
18 43 44 46
33 15 32 39
40 27 47 30
5 17 46 43
1 6 38 1
28 48 19 11
13 27 34 32
3 7 26 36
20 8 30 25
17 34 46 31
39 5 34 48
26 4 36 38
5 15 24 31
14 31 31 26
4 9 30 33
20 3 46 41
44 18 20 14
37 20 26 27
17 0 40 36
8 28 0 18
9 13 41 14
49 40 8 3
32 33 37 45
9 0 15 37
47 21 27 33
14 31 45 44
11 21 22 15
26 11 9 20
41 19 0 43
7 29 28 13
4 48 1 39
0 9 34 31
7 6 43 39
2 1 38 43
34 30 27 33
21 43 46 46
5 33 28 40
35 40 42 2
44 12 38 33
39 19 40 45
18 30 46 44
1 0 24 9
43 30 41 47
13 16 29 31
26 9 31 32
3 34 16 47
3 33 31 20
44 42 27 20
17 16 26 33
