50 177 19748 800
5 24 10 28
22 40 7 48
23 38 34 21
5 24 34 2
0 24 2 29
25 9 26 47
33 15 5 28
40 47 3 29
7 28 46 48
30 47 41 31
36 10 22 40
43 4 16 19
26 34 20 18
41 30 36 11
17 43 22 23
41 10 49 28
26 28 4 17
35 38 12 31
22 37 7 28
29 10 18 14
39 19 0 31
22 39 7 32
28 35 28 14
8 44 16 7
28 39 5 30
20 48 17 5
47 39 4 41
36 47 30 10
2 19 37 13
22 31 39 21
4 46 16 21
20 40 19 28
15 49 31 12
44 8 12 30
47 42 7 28
17 33 38 22
28 45 23 18
27 35 34 19
17 1 3 15
19 34 7 26
28 25 5 26
42 29 8 37
49 1 45 39
20 43 15 22
37 11 40 26
6 19 11 38
31 46 46 6
21 43 43 25
46 45 9 30
23 32 13 0
25 28 19 27
34 31 15 29
6 26 15 29
20 26 23 2
28 33 43 20
49 28 0 27
28 47 41 18
18 35 2 29
25 7 19 18
40 34 27 21
6 17 15 5
1 16 44 33
46 24 33 8
23 38 34 15
9 31 43 35
18 46 44 27
3 33 0 27
48 42 25 19
27 30 44 21
3 21 47 34
21 43 35 18
30 36 26 15
21 6 41 16
32 45 19 48
45 32 12 36
23 34 46 27
18 31 18 26
41 3 29 20
40 34 15 45
45 40 46 17
39 33 20 24
26 24 11 26
4 16 30 12
23 38 0 25
7 22 39 31
44 45 18 23
45 22 24 30
6 32 12 35
26 22 20 39
32 47 19 19
49 41 20 23
13 29 39 8
31 46 25 12
25 21 30 14
8 44 11 42
28 9 49 6
8 21 7 37
40 16 38 7
40 35 18 29
7 35 2 28
29 0 48 18
31 9 8 24
32 22 38 18
30 44 1 34
28 24 48 14
6 26 13 23
20 32 22 24
22 39 47 20
32 17 17 21
16 47 6 25
19 25 2 18
41 13 22 21
33 34 32 28
20 36 10 45
25 42 43 23
36 40 1 33
14 39 4 30
15 36 46 11
35 49 14 41
11 8 23 24
25 42 34 12
11 27 30 39
47 22 5 43
49 31 35 16
13 28 16 24
42 38 46 29
17 30 34 6
37 10 16 9
4 32 5 23
26 44 20 12
49 18 13 27
48 28 26 41
37 29 17 31
7 34 0 31
23 23 41 15
3 22 47 20
44 46 43 26
27 23 6 33
47 41 25 49
30 12 6 30
35 11 29 37
16 23 33 32
16 38 17 26
45 46 30 30
49 49 7 30
41 18 22 36
39 32 42 23
9 34 27 20
38 17 40 34
25 20 10 18
48 38 27 0
3 43 41 10
29 6 15 42
24 24 37 17
37 40 4 31
41 2 6 24
40 17 37 28
46 16 11 23
6 38 40 19
2 20 40 25
24 40 23 19
27 34 31 14
48 20 37 12
26 21 7 33
25 35 37 10
42 24 7 33
7 25 14 29
33 34 13 45
42 9 5 29
11 17 43 30
6 13 37 41
32 39 26 23
40 19 34 24
15 32 2 26
19 36 33 15
20 43 31 21
49 46 20 23
