50 192 14032 800
19 45 40 42
9 8 41 3
36 7 49 34
33 35 11 26
6 9 31 11
27 24 18 39
11 44 37 41
8 6 49 21
31 2 36 42
10 2 2 34
26 37 22 45
38 12 47 34
46 47 39 3
35 47 38 24
40 10 27 14
36 41 40 5
15 36 34 3
26 48 38 46
32 12 4 28
7 9 6 29
17 37 36 1
39 17 26 27
47 41 30 18
33 37 24 29
35 11 23 9
40 3 2 31
40 31 41 8
36 17 23 14
35 45 43 17
45 27 12 31
41 7 6 21
24 35 46 11
33 11 2 47
39 36 28 23
5 10 31 30
39 29 37 5
33 14 39 18
6 9 29 19
17 46 33 12
38 27 26 33
13 3 31 1
33 8 38 39
27 41 37 13
26 28 13 35
34 48 41 20
37 11 40 47
39 27 44 8
34 43 14 25
34 5 20 38
21 28 19 47
18 24 35 9
33 41 17 20
40 26 26 41
29 29 13 13
47 14 15 27
32 30 27 25
20 0 48 25
13 11 48 21
33 11 29 28
48 38 17 36
24 45 31 0
12 1 10 37
37 30 6 24
28 44 38 38
45 44 13 3
33 25 7 31
17 49 43 42
33 39 34 10
39 11 9 45
10 6 39 16
20 20 39 47
30 8 32 22
29 42 46 17
33 7 42 30
34 23 1 31
39 42 23 9
38 49 10 21
35 6 16 31
4 6 42 5
37 28 49 49
2 16 47 30
1 5 20 26
33 20 42 47
36 5 29 32
35 13 46 12
45 34 17 39
18 44 6 20
2 10 30 35
6 9 26 20
21 27 23 3
27 30 21 49
31 35 39 10
34 40 20 29
1 2 4 23
9 9 20 27
32 0 1 12
38 9 35 27
45 43 30 8
25 49 1 20
17 28 46 22
30 28 24 17
34 36 42 3
33 23 26 11
9 10 44 22
45 41 19 2
35 8 45 1
34 17 9 2
32 38 3 25
44 49 3 20
24 46 44 8
21 0 4 32
20 43 47 22
11 4 34 25
32 7 12 17
24 26 45 9
11 0 28 45
42 24 25 38
28 27 0 28
39 4 4 24
38 28 15 34
16 1 25 41
36 40 48 12
17 3 40 2
44 42 17 23
6 7 33 32
36 44 47 1
27 32 26 38
20 37 43 36
3 12 42 34
48 45 39 11
16 12 37 25
41 24 10 30
34 33 17 39
33 36 42 29
7 6 26 21
25 29 40 40
33 20 18 21
42 25 34 11
28 22 14 31
38 45 18 35
43 8 24 18
40 46 34 26
19 41 20 35
26 32 34 9
45 45 40 46
28 6 3 44
25 47 35 36
35 18 26 36
30 43 34 44
35 37 18 43
21 40 40 37
31 34 25 11
8 20 36 21
17 23 38 11
37 4 47 17
36 30 48 21
37 36 25 29
33 25 40 29
40 1 10 22
41 5 20 23
39 7 28 32
32 49 7 23
4 6 16 36
24 38 35 23
7 16 35 1
32 9 46 45
8 9 29 13
30 7 8 37
33 22 34 42
35 45 43 37
28 40 29 19
39 3 42 38
36 48 17 4
5 2 36 21
33 37 48 16
37 20 8 30
7 5 44 40
49 41 14 35
27 46 32 3
26 11 41 40
35 10 23 40
13 24 25 41
32 21 39 40
33 26 2 24
3 11 37 25
22 17 48 4
46 35 28 30
32 31 47 3
29 35 11 37
39 8 34 35
35 44 28 16
27 44 31 28
