50 58 12800 800
8 12 45 16
1 49 36 45
1 47 4 37
12 30 43 13
4 48 37 2
23 9 46 19
13 14 23 40
6 44 36 13
17 46 35 24
4 44 25 48
32 48 15 29
34 46 6 10
32 17 41 14
4 29 20 37
7 44 32 27
3 43 38 41
4 48 16 15
20 20 27 39
34 48 38 9
40 42 47 29
32 45 1 8
29 17 22 16
10 29 36 20
14 32 44 3
28 46 27 21
4 49 26 23
33 48 43 16
30 43 6 31
0 49 17 22
2 46 23 29
4 33 22 35
13 37 22 23
12 36 28 20
6 44 28 16
6 33 20 25
10 33 43 20
2 46 9 39
0 49 32 30
0 48 23 35
5 46 39 3
4 46 19 11
3 47 22 18
4 29 46 14
28 48 18 23
3 45 24 24
13 30 19 28
2 48 23 24
16 28 19 49
2 48 25 28
28 12 44 8
4 29 24 36
10 30 14 34
31 46 23 12
5 46 1 9
21 33 19 36
12 35 31 24
34 45 24 21
9 31 24 17
