50 114 14582 800
4 8 37 15
7 19 29 36
8 1 30 17
4 18 42 19
19 24 34 31
19 21 34 38
34 49 37 23
11 16 8 3
29 10 30 37
23 8 30 41
34 39 34 15
29 30 36 37
14 39 40 22
20 15 34 22
6 16 29 39
12 46 6 1
20 37 49 26
15 35 12 4
8 21 34 25
4 7 37 22
6 45 46 38
3 40 24 24
4 47 7 25
10 38 34 29
29 3 10 3
28 2 34 19
3 14 44 26
1 24 42 22
0 38 33 26
7 40 33 23
5 43 21 23
8 2 31 43
33 12 35 34
10 26 29 21
35 9 39 23
8 37 11 2
13 0 34 21
15 20 4 7
13 3 35 15
14 16 33 23
15 12 34 24
8 16 30 42
4 40 41 30
40 22 45 19
31 31 35 18
45 4 31 37
15 19 4 14
13 27 34 11
13 47 41 30
24 20 47 18
23 40 31 18
26 22 34 23
4 12 32 41
7 48 11 17
31 15 5 3
28 3 30 46
6 23 30 45
1 27 22 28
5 0 45 20
20 8 32 24
16 19 35 19
14 38 38 17
17 12 5 1
11 4 28 26
31 40 9 2
13 18 11 15
9 30 30 38
8 12 31 21
23 15 32 13
3 13 36 24
26 17 32 21
27 30 39 27
31 35 10 23
29 14 28 23
2 20 40 27
37 15 15 5
20 27 34 15
9 36 26 37
37 35 41 14
32 6 29 44
20 6 39 31
28 6 7 4
9 10 34 22
45 17 20 17
28 28 20 7
7 14 20 23
16 10 24 25
10 42 34 16
21 13 33 14
18 49 35 19
24 9 38 49
0 41 32 16
12 31 35 33
43 2 35 43
6 14 33 16
5 10 35 22
2 0 40 20
30 11 37 21
13 49 28 24
1 39 27 7
16 30 9 0
44 39 38 40
3 28 49 37
37 18 38 23
11 19 39 20
16 36 33 29
10 25 37 17
5 46 20 46
34 49 35 21
1 37 19 29
19 14 25 15
13 20 47 24
3 37 32 46
35 14 33 41
