50 63 18254 800
36 15 14 3
23 16 18 34
9 18 22 12
5 27 6 16
10 13 20 4
14 23 4 7
45 30 0 10
27 12 30 1
26 1 12 8
23 39 12 12
17 16 14 3
26 19 7 15
14 30 20 14
18 28 48 5
25 26 6 8
20 15 26 18
13 38 14 10
21 23 2 28
0 29 14 8
31 26 11 35
19 17 6 38
14 26 36 17
31 27 29 12
32 33 13 5
7 20 19 25
21 15 14 24
24 26 12 9
17 17 14 4
23 15 6 26
23 19 38 9
17 18 19 23
20 24 49 14
28 23 13 3
15 27 48 10
33 16 41 8
6 23 13 20
8 24 15 3
30 41 25 13
20 27 14 6
22 17 43 15
14 20 14 4
21 20 11 40
45 31 11 6
22 8 46 26
27 9 15 11
8 25 16 23
31 27 12 38
34 4 12 1
16 17 25 16
25 28 30 3
17 16 8 24
35 10 40 25
18 20 30 26
28 26 47 24
11 16 11 5
22 11 43 22
13 21 2 29
24 20 11 19
29 34 40 6
28 5 15 2
28 25 8 15
22 17 10 16
32 30 19 30
