50 353 12557 800
23 6 48 5
28 2 46 9
33 12 22 2
29 1 33 25
16 28 6 7
27 17 27 28
8 11 48 11
11 8 45 3
20 18 42 20
12 25 6 17
13 22 30 44
7 12 35 8
14 19 46 15
19 1 47 45
47 24 45 5
26 8 39 18
24 18 7 16
24 0 2 27
28 0 29 42
11 46 8 16
13 39 10 32
24 19 33 19
27 21 26 44
31 9 10 19
16 3 28 44
21 11 35 0
14 0 29 23
18 14 13 31
1 26 43 14
21 6 33 22
25 16 29 40
14 13 12 10
38 4 34 11
14 19 37 42
21 15 41 37
5 24 10 1
23 17 40 8
15 4 49 2
33 26 41 13
19 4 24 20
22 16 43 12
27 7 27 40
25 1 0 15
23 7 32 41
31 6 41 2
25 9 6 22
17 19 29 6
9 21 8 3
6 15 46 26
13 5 16 7
30 42 27 44
18 1 27 24
24 0 39 35
2 22 32 21
34 46 11 16
25 15 6 2
17 17 15 6
1 29 35 35
22 2 39 13
31 36 35 48
26 26 46 30
21 18 4 3
7 22 18 8
28 32 23 9
31 23 45 2
22 29 9 7
24 25 32 9
2 20 37 2
34 9 48 41
16 24 19 3
6 19 15 12
12 19 48 42
34 11 25 46
17 14 14 25
13 37 37 47
16 8 27 11
4 16 40 26
34 41 30 2
25 16 43 0
20 13 49 10
35 11 25 44
49 36 42 25
8 25 19 7
1 3 25 42
5 0 34 1
36 39 40 47
17 8 25 41
16 19 2 26
12 46 26 9
25 16 41 20
16 1 14 12
7 5 40 46
27 24 24 5
24 33 39 28
8 29 32 12
10 22 32 43
20 18 24 41
21 7 23 46
20 24 31 24
33 39 28 49
21 5 17 6
22 29 43 48
7 13 17 8
19 28 41 3
48 2 5 13
18 40 28 42
36 34 23 21
37 13 39 17
20 20 16 24
19 3 47 7
26 3 6 13
14 35 32 7
3 17 47 10
12 23 30 25
14 16 33 16
25 17 19 19
23 11 24 47
28 23 34 44
17 5 22 40
20 7 22 46
9 41 48 44
3 7 11 6
16 31 13 1
0 32 46 29
6 12 17 29
26 6 47 34
19 14 17 23
23 19 35 37
26 30 39 8
22 14 42 13
17 11 2 7
22 16 29 5
20 1 38 12
24 43 10 1
25 22 38 7
14 1 25 18
1 25 21 26
27 31 24 47
39 37 22 3
47 30 41 2
10 27 18 23
6 16 36 8
34 21 34 33
22 1 30 21
25 13 26 41
24 0 26 12
26 18 39 20
21 21 8 16
8 32 41 7
13 0 38 15
28 20 23 24
6 6 35 21
24 13 39 10
25 3 34 28
28 23 37 7
8 7 46 1
19 27 42 11
6 19 40 9
13 1 42 15
28 28 15 4
21 0 46 44
2 27 40 18
48 19 10 0
22 2 38 46
11 26 44 29
30 28 48 3
14 0 8 20
26 17 33 0
24 19 36 46
14 30 39 6
18 14 24 8
14 5 36 34
30 43 33 9
18 15 32 38
10 30 14 2
2 3 42 11
23 36 49 8
19 5 48 46
21 10 18 19
29 2 16 45
7 32 35 11
22 1 40 10
22 9 44 45
25 0 26 47
13 40 24 14
21 23 28 25
22 27 45 5
13 39 45 2
31 33 46 18
11 2 38 9
4 6 39 8
15 3 28 1
8 45 47 26
31 0 30 8
13 2 42 25
0 6 14 2
22 14 42 5
20 16 43 16
33 23 41 46
12 24 37 11
14 18 25 8
13 9 13 20
21 32 16 3
8 10 17 6
28 27 9 15
19 2 29 6
29 4 41 11
14 18 39 5
20 43 48 49
19 36 45 13
24 20 25 15
39 9 26 4
0 43 33 14
28 13 26 17
18 36 35 13
4 24 28 42
21 18 31 16
32 11 14 10
45 24 27 49
49 43 18 15
32 46 47 31
9 24 22 8
21 23 45 1
19 16 46 6
3 12 47 47
44 0 18 37
6 22 49 20
17 31 17 0
23 21 37 43
25 6 46 49
5 22 9 25
46 22 42 45
35 26 28 0
12 2 30 8
11 2 37 15
7 35 11 14
22 20 2 14
7 27 28 13
22 18 43 2
31 19 0 6
26 8 33 8
22 12 37 3
25 29 9 29
8 26 47 29
17 21 46 10
25 42 14 22
10 24 36 5
11 7 26 19
26 16 33 35
45 36 27 44
36 46 16 16
23 29 45 1
13 8 29 27
8 1 16 12
32 19 1 6
25 21 25 47
41 1 22 0
26 30 12 7
20 14 49 43
12 32 9 17
13 35 26 19
17 35 21 1
25 27 24 22
8 25 28 43
28 24 37 7
7 3 48 8
27 1 27 8
24 2 46 3
26 23 42 38
26 14 17 0
25 5 15 2
30 12 14 12
23 48 15 3
8 1 17 5
18 25 24 16
10 19 33 3
15 19 44 1
19 17 35 42
16 34 23 1
16 2 13 30
15 29 29 46
13 23 35 8
29 16 45 17
38 34 30 16
9 2 40 46
2 17 25 43
2 1 15 6
30 23 37 30
27 5 40 17
22 15 28 38
27 16 23 39
23 1 47 0
10 8 33 40
8 35 28 44
32 7 45 7
10 25 49 36
17 29 45 30
7 13 38 9
24 16 28 10
20 13 19 9
16 34 14 8
19 17 37 4
26 27 11 7
24 27 3 11
4 19 22 15
40 6 47 14
4 19 13 25
13 13 11 7
25 1 20 34
9 21 18 18
7 11 44 12
20 11 22 33
17 29 46 6
12 8 40 8
14 15 47 10
23 15 10 30
34 20 31 6
27 19 47 10
34 24 30 46
28 5 32 8
22 35 27 41
26 12 29 43
17 3 20 26
37 20 25 3
15 10 28 3
25 33 37 14
30 19 37 8
8 35 24 5
10 16 19 7
15 2 25 21
23 6 36 17
35 13 25 39
31 46 3 11
20 13 29 43
6 34 21 17
24 11 18 15
21 36 49 15
26 5 46 6
19 21 26 10
20 16 28 47
22 12 47 12
16 28 15 9
20 9 45 8
14 7 49 40
19 13 33 18
20 14 14 3
0 33 42 5
19 33 27 17
15 6 19 1
10 23 22 3
20 39 24 43
7 9 14 7
7 17 24 23
