50 1255 17050 800
6 48 17 10
10 42 29 5
21 32 20 40
15 4 39 38
1 44 23 26
9 32 30 48
32 40 39 8
24 37 5 16
38 16 30 1
3 43 29 26
4 19 25 5
5 7 26 16
4 35 35 7
8 45 19 37
10 25 34 3
4 0 9 3
7 40 16 28
21 46 42 44
14 7 16 26
18 30 21 9
12 32 3 6
24 31 7 32
43 20 20 28
42 16 20 13
15 30 28 6
12 20 24 29
6 32 21 7
13 25 23 17
21 46 21 18
10 49 27 44
36 40 35 32
8 20 9 5
5 32 38 5
29 24 22 32
9 23 26 26
36 11 7 27
18 27 39 18
19 37 30 18
14 33 14 43
18 7 5 21
24 42 32 9
7 32 0 28
15 21 26 48
10 29 18 32
36 15 9 17
4 35 16 2
14 22 1 26
12 32 29 8
2 42 38 26
15 35 16 14
16 15 31 12
22 33 18 45
10 33 36 2
17 28 47 42
0 32 36 20
1 29 22 33
1 44 14 14
38 26 9 13
12 31 23 28
9 33 23 13
16 27 15 33
15 1 19 28
8 39 13 16
27 23 12 28
6 46 47 20
15 26 23 9
14 23 17 15
5 29 29 46
7 27 2 22
23 30 39 42
12 20 8 18
49 22 47 47
14 33 21 3
21 44 22 4
18 30 12 6
20 31 5 25
8 23 16 44
13 31 31 25
17 24 47 12
13 24 21 10
5 33 43 36
9 39 30 4
13 26 8 40
12 31 29 14
27 12 0 35
23 29 17 43
9 26 35 30
11 43 43 33
17 41 13 31
7 32 29 18
15 13 1 15
7 7 11 19
2 14 33 29
10 42 25 4
26 1 32 26
29 26 47 26
19 18 21 33
4 33 34 2
7 35 13 6
10 26 42 21
10 45 28 44
10 41 11 11
9 34 36 20
13 32 44 33
13 28 40 23
3 46 49 22
17 35 38 37
14 33 36 6
9 28 29 32
22 24 36 25
8 25 26 18
7 23 22 13
15 25 39 19
25 33 9 19
12 26 21 30
12 23 29 19
12 27 44 43
5 37 25 1
18 45 44 44
16 26 30 7
32 34 19 29
0 47 14 3
8 35 21 40
33 9 47 23
49 20 31 9
16 35 30 3
46 10 29 2
18 4 22 33
3 40 13 22
10 38 16 7
11 33 29 5
8 22 20 8
22 47 10 26
9 27 22 27
8 35 41 37
6 15 48 26
25 8 45 37
39 20 37 14
48 9 6 27
12 49 47 36
12 21 32 24
40 29 12 29
5 25 4 18
1 42 31 20
18 23 43 37
14 5 41 40
14 28 49 37
43 20 7 35
30 13 26 1
11 24 8 17
28 33 38 43
6 43 14 31
9 28 26 17
23 33 29 2
32 8 44 42
44 13 20 2
6 45 2 29
30 31 8 26
7 23 27 1
1 13 45 41
24 31 24 40
4 4 41 40
0 10 6 19
39 10 45 24
8 43 35 23
43 12 43 31
13 42 4 32
14 31 22 15
6 30 35 20
5 28 36 38
27 27 9 42
13 31 8 23
11 30 13 26
3 31 29 26
22 33 45 46
11 34 14 0
15 24 16 18
12 27 40 46
39 11 41 36
6 30 27 7
44 25 29 42
15 24 37 18
24 22 13 38
32 27 39 18
1 45 1 2
5 28 48 24
21 27 25 18
3 46 30 9
10 38 12 26
16 33 24 4
1 31 27 12
23 30 19 35
16 33 43 24
15 24 4 18
28 20 49 43
4 39 20 4
14 39 33 43
7 25 26 44
15 40 21 12
5 46 37 18
10 33 16 34
7 46 37 11
2 44 23 5
48 16 45 29
2 39 43 38
7 31 27 42
12 28 45 34
12 39 30 8
6 22 29 42
6 32 1 32
10 7 26 7
10 43 22 4
8 36 29 46
4 40 29 3
0 39 7 27
13 44 39 34
22 12 27 41
15 45 37 39
8 28 25 44
4 48 30 43
6 37 22 18
12 44 43 48
13 30 9 42
27 7 31 12
3 14 30 11
12 36 33 46
9 4 19 25
10 0 40 10
43 15 30 36
31 1 11 31
0 49 20 31
23 15 30 37
29 23 34 22
41 13 4 26
13 45 26 33
20 22 29 0
8 46 47 23
29 42 8 20
1 39 20 6
36 23 25 2
15 31 45 47
18 30 7 25
38 45 48 48
7 48 26 4
12 25 24 49
8 17 23 27
3 43 12 20
7 41 8 15
3 44 15 34
23 36 43 31
10 8 13 29
29 35 40 47
10 30 32 1
3 2 1 37
14 32 33 11
17 39 30 41
5 39 48 47
10 19 46 31
47 22 14 12
10 29 49 47
11 26 26 7
15 31 33 25
13 35 40 19
2 42 40 30
32 40 11 22
8 23 5 17
13 26 7 8
6 43 3 37
11 23 5 14
12 29 9 26
4 37 27 12
8 27 22 8
25 34 35 40
6 32 0 19
7 26 26 10
12 29 25 7
18 47 49 44
5 33 27 35
7 27 2 26
7 45 9 19
1 16 9 27
21 34 10 25
0 0 48 26
11 25 23 10
14 27 32 4
6 45 19 13
18 12 44 35
3 39 2 23
4 49 32 29
3 2 32 3
3 40 12 21
21 26 46 39
20 23 45 16
14 38 39 13
11 25 2 28
7 25 28 41
12 28 47 41
2 49 12 30
10 26 30 32
7 31 18 38
9 41 31 33
22 7 11 43
9 35 22 3
20 27 48 33
11 25 7 39
7 23 47 37
23 21 11 20
11 23 25 1
8 26 36 29
14 31 15 21
27 36 18 19
10 27 18 17
23 32 18 29
10 42 35 14
41 20 20 39
17 27 40 41
10 27 22 42
11 27 23 21
12 32 11 16
43 39 35 29
15 28 30 19
0 38 17 27
19 35 32 34
20 39 18 21
19 24 10 4
16 20 22 9
7 29 41 32
13 7 1 8
25 25 15 18
15 42 36 46
48 20 31 42
14 24 21 17
21 37 8 38
8 26 21 13
29 48 18 16
13 37 46 34
24 18 33 22
11 29 9 8
8 23 14 24
38 14 21 24
17 41 8 30
6 32 8 44
9 32 30 8
0 20 42 32
36 31 20 27
2 36 33 1
6 45 31 18
11 46 8 22
13 20 21 30
31 0 26 10
12 30 32 44
32 8 38 34
28 25 33 28
29 32 45 46
6 31 38 46
11 33 47 21
3 43 38 48
13 23 29 49
17 8 4 40
8 19 26 11
12 47 24 1
11 26 31 3
11 24 6 27
17 26 27 27
18 43 10 36
0 35 1 17
0 38 30 6
27 29 21 30
30 31 45 34
10 30 31 20
6 32 9 25
9 25 24 2
27 24 39 20
14 30 41 18
7 12 30 18
43 13 27 32
8 47 29 35
29 13 27 34
18 34 4 7
5 25 47 35
41 30 15 4
2 49 22 4
16 9 26 23
5 36 36 18
6 34 28 1
7 27 23 32
15 31 44 38
7 17 15 31
10 42 33 29
8 23 46 41
46 20 41 39
26 42 29 23
12 30 22 13
3 41 29 35
35 6 15 8
42 32 15 19
30 49 22 23
43 24 13 36
11 26 34 46
11 27 36 49
8 26 25 16
7 42 35 29
20 30 7 31
7 30 26 20
21 2 10 6
10 5 19 13
7 42 5 3
19 4 18 15
22 19 40 48
7 29 28 6
16 36 46 40
33 11 23 4
17 16 22 27
14 35 25 29
4 49 29 13
13 30 12 26
15 5 26 48
6 29 12 5
1 35 24 48
19 44 45 42
26 36 1 19
38 29 31 0
17 40 35 32
6 24 30 15
24 39 8 16
6 24 29 38
15 30 49 42
3 46 32 46
0 34 28 47
10 19 13 6
9 22 24 22
10 29 45 47
11 31 31 44
17 24 12 25
4 29 5 23
6 25 28 0
8 35 23 36
14 21 29 2
5 26 37 30
19 33 46 47
7 25 42 45
4 24 35 13
22 37 32 9
15 10 29 24
18 44 26 47
8 30 27 47
14 29 31 47
2 42 31 31
13 23 32 10
11 25 30 15
9 37 12 31
23 4 10 32
13 29 28 2
38 11 24 44
37 17 32 15
15 31 25 13
9 47 44 35
1 49 21 7
6 46 21 3
26 33 17 3
40 36 29 3
6 35 32 18
32 9 24 6
13 30 31 2
4 18 9 20
14 22 20 17
1 42 44 5
2 47 25 38
19 40 49 40
8 29 31 5
2 37 30 14
13 26 36 36
6 44 42 33
14 29 13 41
9 13 23 23
23 24 41 40
8 8 4 20
7 37 43 48
4 2 5 23
19 26 5 39
46 18 32 38
11 27 37 24
11 28 26 19
4 5 27 8
4 26 38 41
14 31 8 16
10 25 19 16
28 16 27 10
25 36 41 20
35 1 44 44
14 32 35 49
19 22 1 2
10 34 33 24
47 18 23 14
13 30 36 34
16 29 33 24
4 41 8 39
9 1 7 35
46 21 17 22
2 41 20 23
8 49 29 45
4 0 41 35
16 28 47 32
11 2 21 47
8 27 4 3
11 31 26 0
13 10 28 21
8 34 34 17
9 38 16 35
9 8 24 43
14 29 4 5
14 33 23 2
7 29 7 21
11 26 37 40
6 39 11 41
14 33 19 26
11 31 8 25
20 36 4 19
4 12 13 45
5 34 38 40
6 21 24 14
13 22 6 33
12 43 43 20
8 30 2 21
6 41 33 43
10 28 33 0
7 28 27 5
33 20 16 29
44 17 16 11
14 25 26 26
14 24 38 47
19 8 1 18
31 43 39 17
6 4 15 33
11 30 36 49
9 20 33 12
48 14 39 15
7 48 30 21
8 21 35 46
6 39 16 13
26 36 43 10
27 27 18 23
14 31 27 31
5 40 26 41
36 47 9 40
24 5 12 15
2 37 24 8
13 32 8 42
5 29 28 0
8 9 33 26
16 38 42 42
27 23 25 10
20 46 3 36
14 39 32 14
9 30 30 1
11 39 49 25
33 29 46 48
13 41 0 26
49 15 13 12
7 30 46 43
16 22 17 30
9 42 7 30
10 31 49 20
20 7 2 24
2 48 15 28
8 35 21 23
10 26 20 32
22 35 15 16
41 34 35 25
35 42 31 0
13 27 26 36
0 46 35 9
7 12 39 31
16 38 49 31
40 18 39 28
13 28 7 24
13 18 30 18
15 38 13 6
6 41 37 42
37 19 44 15
11 43 39 31
8 25 18 19
7 36 39 24
30 29 17 18
9 46 49 40
15 29 32 19
28 37 28 6
13 14 26 4
12 25 31 36
14 39 6 35
9 49 11 29
13 27 44 45
18 25 23 20
17 26 21 31
11 40 41 39
1 47 12 23
9 47 29 45
7 48 5 25
25 21 16 42
32 41 45 49
21 40 45 6
48 14 28 39
9 24 46 47
19 44 43 45
11 37 26 0
1 19 48 44
19 47 31 6
14 21 22 45
40 42 19 32
10 25 49 22
10 30 16 24
13 46 17 16
13 27 17 40
7 37 31 29
12 42 44 48
11 42 23 28
35 26 2 18
15 30 47 36
17 31 13 19
4 47 34 28
13 27 44 44
31 31 13 19
17 3 7 23
2 4 4 31
2 43 28 47
18 30 14 25
5 27 16 25
10 34 40 5
23 23 31 47
5 8 41 42
8 26 6 19
20 25 2 23
24 29 38 40
13 33 22 15
42 9 29 29
3 48 4 31
12 28 17 17
8 49 39 40
4 45 10 26
11 28 26 48
15 22 40 16
19 20 23 43
16 30 13 41
5 42 8 15
6 45 45 40
6 23 2 16
34 22 31 19
10 24 30 5
9 29 10 17
9 44 29 9
20 44 9 48
9 35 47 34
6 2 9 29
10 36 13 7
2 45 21 18
3 39 10 31
8 42 2 40
4 45 45 33
15 29 26 28
28 25 5 30
28 32 7 42
16 27 44 49
32 4 31 0
8 32 3 28
15 41 19 6
17 32 16 39
11 23 34 30
18 49 26 40
3 48 27 27
9 41 26 18
5 40 29 14
40 30 24 26
14 1 5 42
21 33 33 28
14 26 21 11
41 14 23 29
0 0 23 29
11 27 22 19
33 15 27 12
16 10 36 29
8 2 11 40
3 22 26 5
15 17 33 18
46 28 26 13
9 43 19 28
6 36 2 2
3 33 23 8
14 35 33 11
5 34 49 27
0 24 31 13
2 43 26 46
17 30 12 23
39 11 13 19
45 17 34 13
13 24 24 45
15 24 9 32
0 36 5 34
24 19 10 49
26 31 20 3
3 43 30 4
12 49 19 16
0 49 32 7
15 32 32 46
6 30 37 29
9 33 32 28
11 21 38 44
9 28 27 18
13 44 6 36
40 9 29 2
15 45 42 41
2 4 29 35
8 46 44 26
8 23 4 41
3 48 22 31
1 37 25 35
9 43 35 41
37 12 10 28
9 39 31 29
16 28 5 31
3 45 36 27
13 21 32 4
18 46 20 43
21 12 19 45
12 28 41 35
8 25 18 37
15 31 27 40
7 23 1 25
15 17 26 9
5 47 26 13
8 33 21 15
32 2 42 17
14 26 18 16
8 37 15 5
7 12 6 21
8 29 38 6
12 21 32 8
13 31 5 13
49 26 25 23
7 37 7 23
4 8 16 28
13 25 35 15
12 39 13 48
20 30 28 30
5 46 10 19
7 23 3 21
9 29 24 16
49 19 34 7
17 37 11 14
14 31 33 26
4 3 0 41
12 37 34 31
9 28 27 4
0 49 40 31
7 4 10 22
37 14 36 8
18 45 32 24
10 29 16 38
9 27 12 37
4 8 34 35
7 34 19 28
8 30 1 23
14 26 38 18
9 30 25 26
8 24 4 17
10 14 36 45
12 25 0 34
5 47 26 7
34 23 31 13
14 23 46 30
46 21 15 32
7 12 29 13
20 38 11 15
39 7 43 34
43 21 3 35
46 16 39 34
13 33 19 1
15 46 8 24
9 46 26 19
6 29 10 41
1 34 4 30
10 5 22 27
14 42 32 17
2 48 47 39
30 10 5 36
19 24 43 17
12 29 43 24
10 23 17 27
8 0 26 4
11 35 33 16
24 41 32 8
3 29 28 17
39 2 8 36
8 28 13 26
14 28 23 27
5 34 33 41
17 32 29 5
18 2 29 9
4 30 19 17
13 27 35 47
18 27 33 24
15 20 26 9
21 35 15 19
8 20 41 26
27 47 22 7
15 19 48 34
7 33 15 27
14 35 34 20
7 32 6 20
17 41 29 18
12 19 38 26
3 17 19 8
32 34 13 42
46 17 26 25
2 46 31 10
6 47 28 33
15 26 24 9
12 30 33 28
2 40 33 10
22 42 18 34
19 44 35 44
25 45 41 45
3 46 46 20
22 38 18 27
14 24 25 11
12 27 46 44
26 28 22 4
18 39 46 37
5 49 17 42
17 23 43 16
12 28 39 15
13 6 32 47
36 27 27 3
22 47 41 12
7 1 38 2
7 49 24 10
1 40 37 41
16 25 16 11
21 32 33 25
9 29 36 41
5 42 35 24
12 26 38 32
7 16 32 38
13 49 30 11
6 25 22 18
19 31 14 25
24 44 39 26
16 38 29 44
13 38 35 1
3 41 34 22
17 38 22 2
5 31 45 27
48 21 32 10
30 43 1 31
0 2 20 6
12 12 37 25
7 23 21 24
2 30 9 38
17 28 30 15
9 35 35 42
4 8 45 48
1 46 41 6
15 19 23 38
24 41 18 22
14 20 37 43
20 26 47 34
8 6 23 40
8 29 41 13
12 39 43 42
10 44 19 15
13 31 23 24
15 9 47 34
4 39 25 24
7 28 22 9
10 25 14 45
16 25 9 45
10 27 38 11
22 21 5 6
8 37 7 42
7 28 36 36
10 44 9 13
7 38 19 7
7 24 49 36
0 49 12 17
24 30 20 2
12 44 26 12
8 32 16 47
13 35 2 13
8 46 39 41
0 13 34 42
48 48 26 9
3 49 0 29
15 39 43 21
9 24 0 47
14 27 23 24
14 28 2 32
17 21 15 25
5 18 10 20
25 18 23 34
17 47 9 4
10 27 25 41
44 17 8 12
28 27 4 1
10 27 14 21
16 29 42 44
33 43 28 18
3 48 29 7
15 7 27 26
13 31 29 10
11 39 7 19
15 27 1 19
15 35 1 31
8 47 17 33
22 13 11 18
2 4 44 4
6 13 33 0
6 46 37 48
0 48 26 47
15 27 21 6
30 16 20 3
12 46 31 27
6 24 11 36
11 11 41 19
19 30 45 32
17 42 6 13
3 43 23 8
20 32 36 42
23 17 16 33
16 22 49 36
17 37 6 37
12 41 43 41
11 0 34 46
3 32 26 7
4 47 17 35
13 39 41 48
17 33 11 35
0 14 38 6
9 21 39 34
2 13 13 15
42 22 21 22
8 31 29 47
13 44 19 36
11 28 18 14
10 21 26 6
28 36 24 44
14 33 30 18
10 35 21 0
9 34 28 49
11 27 37 1
10 47 44 41
38 23 35 43
17 32 26 13
23 15 20 41
10 2 14 24
13 25 31 4
14 47 24 26
25 46 29 3
11 41 19 25
6 32 49 37
8 26 26 4
13 32 34 13
11 23 20 23
13 25 26 4
14 28 30 22
11 31 45 33
7 19 15 5
12 30 29 46
16 35 9 31
5 41 0 42
37 5 9 29
11 30 24 9
18 35 14 28
18 29 2 6
12 34 22 6
14 8 6 44
23 28 18 32
19 38 39 42
21 47 23 18
5 37 7 28
18 10 20 35
14 25 26 26
10 27 28 42
12 26 13 22
25 30 29 32
14 19 22 44
9 27 24 9
5 2 37 27
20 43 0 11
17 25 34 27
10 37 48 25
16 27 44 38
12 44 36 36
9 31 44 15
33 41 15 31
19 46 26 30
10 33 25 48
21 23 29 3
19 14 13 5
9 27 47 31
5 23 49 42
19 37 27 14
34 14 38 23
21 16 30 5
38 16 9 25
2 44 18 1
11 30 0 11
24 24 8 34
11 48 29 5
11 25 24 9
6 40 19 45
8 28 28 33
13 25 41 20
4 16 47 36
3 33 24 20
31 11 24 23
15 31 19 11
32 13 45 40
35 16 49 38
26 27 42 26
12 8 23 17
13 31 37 4
9 24 36 37
5 30 42 19
18 31 32 1
6 30 10 9
6 29 4 12
0 45 40 46
13 1 37 23
25 43 9 13
15 36 6 37
2 0 3 27
46 20 31 26
12 24 48 38
7 30 45 39
14 32 44 24
42 22 13 34
12 41 8 24
3 23 9 9
28 23 18 15
8 29 34 9
2 5 15 34
14 49 3 0
9 18 29 5
16 28 43 22
17 25 37 20
8 26 9 21
13 34 10 36
30 49 9 4
10 25 14 27
8 41 12 8
4 23 21 1
37 42 40 46
4 22 18 9
9 32 27 22
11 38 39 40
10 22 18 24
15 25 39 33
16 24 36 28
24 39 15 10
20 32 22 24
4 47 11 45
8 5 25 8
25 30 42 25
23 2 43 30
6 28 18 31
16 44 17 23
16 5 18 24
10 29 29 15
1 39 24 3
13 44 36 30
14 27 27 15
30 36 0 28
6 41 16 32
7 28 27 18
12 46 30 33
29 8 7 44
47 21 29 49
10 26 31 18
2 8 25 5
23 23 38 39
12 32 42 27
7 26 43 45
12 7 6 44
11 24 33 9
3 28 39 29
0 10 38 8
43 25 6 44
19 36 40 19
14 28 19 1
15 22 28 24
11 32 27 48
8 4 16 35
13 16 29 23
11 25 30 26
18 10 46 19
13 25 27 8
17 8 19 14
10 26 36 22
19 35 33 24
10 44 16 25
16 40 18 22
18 30 45 43
29 23 29 5
15 31 39 25
18 38 25 34
2 29 16 25
4 28 30 4
11 21 17 41
3 45 18 9
9 23 7 19
26 28 19 39
17 28 37 34
17 13 26 43
24 6 29 12
13 46 4 23
9 28 45 30
17 25 8 25
21 33 25 36
40 28 32 22
48 13 8 13
11 25 14 27
11 33 26 0
15 21 31 28
15 7 31 18
8 20 28 1
7 28 16 4
8 29 19 8
12 23 24 29
13 47 28 9
19 24 5 4
9 25 29 4
9 25 30 27
16 36 47 41
15 23 2 22
10 17 29 21
10 33 6 19
0 6 11 22
8 36 40 23
31 17 32 21
15 42 14 29
48 18 25 35
9 27 38 41
31 34 2 27
2 43 20 15
7 14 14 4
15 30 24 26
42 23 4 17
14 27 25 30
11 1 48 46
13 30 31 10
8 32 21 20
13 34 43 38
4 42 19 5
2 48 33 24
9 49 26 17
28 19 18 11
0 46 12 29
9 1 34 28
12 8 36 17
0 32 4 22
16 6 35 28
14 27 12 32
8 31 14 10
5 39 16 26
17 5 49 10
5 33 33 6
5 48 43 41
2 9 35 20
19 38 5 27
11 34 49 27
8 33 16 32
2 46 10 31
8 0 39 47
18 25 20 6
7 33 23 1
7 30 4 1
9 29 26 23
18 32 41 35
12 35 13 40
11 40 6 37
18 34 19 19
17 43 10 10
12 26 32 16
1 47 34 28
0 4 43 18
45 16 38 47
11 37 31 4
22 39 14 42
14 30 4 20
6 28 6 17
25 17 31 42
10 28 43 44
36 7 37 30
9 28 36 42
21 33 5 8
28 1 23 4
14 9 49 37
26 46 24 25
11 31 11 26
6 0 46 31
7 38 23 7
6 34 27 2
16 49 27 16
17 39 45 33
25 20 38 27
9 30 20 18
23 25 39 44
44 17 12 22
8 16 25 19
41 30 46 49
28 13 22 6
29 20 3 39
13 27 34 36
2 32 16 8
5 40 24 11
31 40 37 19
20 44 33 23
23 25 49 4
8 29 46 46
5 29 22 15
9 34 30 2
12 22 19 47
37 17 35 20
4 40 13 45
19 3 10 7
13 27 39 43
11 44 9 20
41 12 27 35
48 19 7 19
8 31 4 8
14 27 42 30
13 29 38 23
17 0 15 16
1 36 19 29
24 21 39 35
18 12 37 15
6 27 26 11
14 48 38 48
20 41 41 15
16 28 19 34
8 13 34 32
15 31 35 44
15 29 39 23
13 29 33 12
18 43 24 2
5 22 26 46
13 28 43 43
4 35 19 0
9 29 20 26
34 18 1 19
3 39 15 19
18 34 26 2
8 23 27 26
11 29 23 41
42 15 44 18
10 29 0 30
