50 1279 11079 800
44 38 37 24
48 37 27 38
25 48 32 38
34 34 35 49
29 46 31 25
3 38 45 14
10 39 32 41
17 34 48 33
38 42 36 12
44 35 27 32
34 41 48 21
40 35 33 32
1 43 38 16
8 48 47 13
42 37 26 32
49 26 38 3
2 41 47 40
36 25 32 2
34 32 34 39
13 43 43 13
38 39 45 17
27 32 28 20
18 45 46 16
28 27 35 44
30 10 36 24
5 38 37 7
43 36 49 18
16 33 37 42
33 41 47 15
19 43 49 9
0 38 41 48
27 37 23 47
17 41 34 35
44 44 19 44
39 42 23 49
38 34 49 41
33 0 18 41
35 36 42 13
37 44 39 29
9 40 44 9
10 44 35 8
22 29 39 27
26 33 29 8
48 25 47 17
34 33 49 15
0 44 44 15
28 42 46 7
10 45 47 45
23 46 47 33
12 35 41 42
21 23 28 31
10 45 39 23
32 34 27 26
7 39 49 15
35 44 44 12
12 49 32 29
20 40 45 39
35 36 26 48
5 45 44 23
3 48 39 2
44 38 47 18
36 45 35 26
28 39 45 8
39 27 32 14
43 28 38 41
49 49 46 47
34 39 46 38
19 8 34 7
10 39 42 1
20 35 38 46
41 31 38 44
16 44 48 12
38 46 47 20
47 33 44 48
32 24 43 16
40 41 20 30
2 40 32 24
34 24 34 10
34 41 48 19
48 37 46 12
45 38 38 11
43 47 47 48
23 31 35 7
42 28 42 11
36 40 31 12
42 44 22 26
39 33 27 37
43 37 27 11
33 44 22 11
46 44 36 11
36 36 44 31
21 34 44 28
15 44 46 15
44 39 45 22
11 46 48 11
14 45 47 22
39 27 36 20
30 38 47 18
18 34 34 48
10 34 49 13
31 39 31 11
2 44 48 5
26 33 46 34
43 35 38 30
19 35 47 11
31 42 43 14
2 43 45 49
31 28 20 38
7 43 28 29
36 29 45 27
29 32 49 20
26 44 30 5
44 38 47 17
6 49 46 15
11 42 28 41
40 36 26 49
10 48 21 43
40 43 29 48
38 41 28 12
11 44 45 15
27 39 49 23
43 43 45 15
44 35 28 11
7 43 29 20
41 38 40 19
37 18 36 14
43 43 30 18
47 41 40 44
41 22 14 14
25 21 17 42
1 39 44 20
2 37 47 19
43 38 45 16
21 1 25 7
8 49 34 20
25 36 37 6
4 43 39 12
5 48 47 15
27 40 45 35
41 41 46 38
17 44 43 45
26 30 29 38
4 48 47 32
0 39 34 10
38 42 22 33
15 49 47 38
39 48 30 9
8 38 33 11
28 38 22 13
17 44 43 40
38 45 48 15
16 35 24 13
15 49 37 37
22 24 15 47
22 8 44 1
4 47 43 38
18 45 28 25
43 42 36 6
44 41 28 42
44 33 35 41
31 29 39 6
46 33 44 20
34 32 46 25
46 24 47 47
49 39 43 20
16 34 34 37
44 39 24 13
22 5 46 13
33 45 27 8
13 49 39 10
16 31 43 13
49 40 29 46
37 34 33 32
42 12 47 19
5 49 45 42
13 5 39 18
26 23 19 13
48 45 49 21
38 28 34 34
3 48 42 23
35 21 46 9
13 0 45 15
12 38 33 1
10 36 41 3
44 49 45 2
13 48 49 15
7 43 44 25
4 41 39 15
43 28 40 17
12 40 17 37
10 14 37 26
5 18 46 26
0 49 43 16
11 40 30 28
48 42 32 43
29 44 39 20
27 13 31 29
35 31 40 41
21 43 43 17
10 35 44 17
17 30 49 24
10 40 30 23
44 47 28 17
29 42 42 9
43 43 45 6
13 45 36 34
40 34 20 15
6 38 36 11
16 41 46 19
45 28 35 14
26 40 44 49
42 20 49 37
2 35 29 42
46 40 47 32
33 49 33 17
11 47 35 10
21 31 44 44
31 42 19 23
3 48 42 6
25 24 34 2
31 35 32 49
3 13 34 44
10 42 29 31
42 34 31 49
19 27 23 21
42 38 7 40
15 1 37 42
33 45 41 19
9 45 44 7
43 28 31 18
45 30 40 8
36 45 45 39
13 45 38 45
41 31 42 11
30 40 37 24
29 38 39 34
20 4 45 19
21 35 37 20
45 46 48 41
31 43 43 24
20 34 26 13
10 35 39 18
37 45 42 11
37 36 38 10
30 38 41 11
36 35 49 45
31 40 33 9
6 42 40 7
32 39 35 27
30 26 37 36
3 46 20 8
6 40 28 36
35 40 24 14
17 6 29 22
29 26 47 19
47 33 47 21
3 44 27 46
5 48 42 22
7 14 42 11
22 33 25 38
14 48 37 33
46 23 38 38
43 37 43 11
6 44 38 10
46 34 35 45
20 1 46 48
42 30 37 8
11 40 32 34
34 25 40 10
44 37 17 12
26 49 48 12
10 45 48 6
0 44 35 28
11 47 40 16
40 38 47 13
10 40 48 12
22 40 39 45
41 45 30 7
34 22 47 16
13 46 39 27
34 35 49 20
25 38 37 48
35 34 43 21
36 26 25 18
35 36 23 13
19 19 48 22
46 37 23 30
36 29 31 11
19 21 22 18
45 41 41 35
43 42 32 17
11 38 30 13
43 39 39 32
15 35 14 7
2 39 48 19
28 29 45 26
2 44 41 17
1 47 27 49
25 48 29 22
9 45 45 37
39 39 35 20
10 38 37 3
1 44 28 32
1 48 31 17
42 44 47 12
35 42 44 20
44 42 43 24
12 46 40 33
15 21 16 34
45 43 35 16
28 23 42 14
39 43 48 25
12 49 28 24
22 39 36 48
38 45 40 17
42 45 37 38
42 28 36 20
15 9 44 19
18 41 42 18
43 36 22 25
12 10 31 42
45 42 42 7
22 38 45 34
6 36 32 10
47 49 48 3
10 38 48 17
37 28 31 11
4 35 34 46
7 20 30 11
10 10 36 29
46 40 46 6
41 43 42 13
22 42 42 23
37 43 32 41
7 44 47 46
32 29 23 8
27 31 41 19
37 27 41 22
9 43 34 48
28 36 48 14
8 47 12 32
49 24 41 16
46 27 30 24
33 38 36 19
7 38 7 10
45 15 43 9
42 28 28 49
48 40 36 42
6 41 42 20
39 39 45 32
15 37 32 23
47 42 43 7
47 38 24 32
12 36 41 37
33 35 32 41
42 32 49 17
47 23 38 16
32 32 48 43
30 22 37 2
31 45 42 30
45 32 45 15
39 39 40 47
31 48 29 38
22 32 48 36
14 11 48 26
46 38 40 13
6 48 36 23
13 9 24 16
30 37 47 14
38 40 44 37
9 41 43 21
27 39 36 47
14 43 32 22
44 19 19 46
13 42 38 3
10 5 46 28
39 41 39 18
13 43 25 12
25 2 44 17
8 39 49 15
10 44 45 25
29 17 13 16
17 40 34 32
13 27 28 45
46 37 32 22
18 38 39 38
43 41 35 14
48 32 27 40
33 27 49 28
37 22 46 10
34 40 47 44
34 40 35 25
6 43 39 41
30 41 44 28
47 26 39 24
18 48 46 33
16 25 45 29
10 46 39 15
11 44 31 41
30 38 42 15
31 33 24 44
31 36 26 41
43 32 38 0
34 28 45 23
43 39 47 14
33 45 46 30
8 48 27 23
27 30 47 6
36 29 13 48
18 36 42 14
37 39 37 31
25 37 47 22
31 35 27 9
31 26 32 9
15 46 24 24
16 6 37 32
9 46 49 42
10 38 20 11
8 15 47 22
27 20 30 42
28 46 38 9
39 37 37 24
37 43 46 26
8 42 22 39
46 33 42 19
34 4 41 45
37 37 42 15
36 43 46 13
30 38 31 13
28 36 31 4
14 41 34 44
43 34 39 18
12 30 32 1
16 44 36 14
41 31 46 15
20 34 33 22
39 38 41 27
33 32 40 9
28 44 29 27
1 49 44 21
31 28 26 24
9 34 44 21
48 31 39 42
34 40 35 11
30 37 49 12
10 41 29 16
46 14 33 47
26 36 48 1
36 37 48 22
47 22 39 1
9 10 38 21
8 3 47 18
10 32 24 42
28 46 49 12
38 38 37 17
39 36 29 45
38 31 35 28
37 42 46 42
24 39 49 34
15 49 37 48
45 44 42 27
8 36 46 41
48 36 49 16
22 49 43 16
46 39 38 8
37 31 35 44
16 15 22 34
22 41 33 33
5 44 41 20
42 34 44 12
11 39 23 10
27 3 34 3
18 1 38 14
24 33 37 33
1 37 48 22
35 35 45 5
10 38 48 25
35 0 32 21
25 42 43 20
43 34 32 26
18 37 24 6
15 43 37 27
47 44 26 22
42 42 48 15
14 34 42 36
41 37 18 6
30 32 49 9
42 24 31 35
46 18 45 13
3 45 29 16
39 37 33 28
45 36 47 29
30 31 42 45
28 17 36 17
46 25 38 15
8 38 43 30
42 40 23 17
3 43 38 13
15 16 35 34
28 42 47 12
36 43 43 19
44 38 26 32
9 33 26 20
37 46 24 40
32 5 44 13
7 46 25 43
7 44 40 43
28 43 34 42
38 40 43 16
35 6 49 4
7 46 46 49
41 36 47 44
9 45 33 32
7 25 23 27
29 38 49 26
32 23 44 12
46 2 37 17
30 36 48 7
3 43 31 18
45 40 29 11
27 23 29 43
44 29 12 21
34 34 44 22
5 43 37 39
21 35 37 41
38 43 44 20
24 35 34 41
49 40 25 48
11 46 42 11
31 36 41 18
9 34 22 14
33 43 49 17
42 40 29 29
0 29 36 3
22 32 44 19
41 36 48 39
32 38 45 24
47 28 29 21
30 44 33 33
45 32 21 17
7 47 48 6
4 28 45 22
6 49 39 22
6 48 37 26
45 38 19 1
9 37 27 40
11 16 46 22
26 35 31 27
42 37 38 23
7 42 39 15
39 39 43 23
49 38 46 18
43 38 27 41
38 37 38 8
35 35 41 36
9 36 35 21
39 32 37 39
20 43 28 33
17 35 43 33
33 36 49 4
40 30 29 35
12 39 32 42
20 13 42 23
30 30 35 13
20 4 45 27
11 43 39 24
14 46 35 15
40 35 36 8
43 30 41 26
27 26 36 0
47 32 29 33
10 49 37 49
7 45 39 42
19 46 28 26
6 48 42 29
13 47 33 36
44 40 42 36
15 46 46 35
40 33 48 27
8 43 49 40
18 38 19 2
47 27 42 7
38 36 34 40
34 41 47 24
2 43 44 17
11 38 43 42
46 41 41 15
46 40 14 26
39 33 44 6
11 38 39 14
43 44 28 49
44 41 43 37
6 39 28 15
41 43 37 16
6 43 49 20
44 42 28 15
29 41 22 37
43 41 25 15
35 25 40 17
38 18 35 38
42 40 44 35
13 37 47 21
3 48 44 14
39 9 35 18
23 36 44 10
30 3 48 24
41 8 40 18
34 49 41 8
48 24 30 42
26 39 40 44
5 47 24 44
45 36 35 41
29 38 44 15
39 39 31 15
13 35 17 6
40 27 40 13
37 35 27 37
2 42 49 23
43 39 40 34
48 44 36 11
3 47 43 36
19 12 42 9
33 25 39 17
29 42 41 46
49 26 32 5
8 40 29 45
32 41 47 3
40 35 45 21
29 40 37 33
44 34 49 30
14 0 45 9
34 40 30 11
34 44 43 8
40 41 42 23
10 40 48 22
36 33 37 43
9 41 34 43
2 43 42 15
38 44 39 23
0 40 39 46
7 43 36 16
35 49 38 14
7 38 39 40
42 37 47 12
38 34 35 43
37 36 26 0
41 37 41 19
8 46 24 38
21 37 33 46
9 42 41 23
8 41 22 20
25 42 31 38
35 27 24 43
42 44 42 16
44 42 18 39
41 27 49 19
12 35 31 17
22 3 49 13
44 21 33 38
2 7 22 42
48 45 36 25
45 29 32 27
9 46 42 24
10 40 36 20
10 39 42 6
17 45 47 24
41 34 46 44
14 46 45 28
21 36 43 9
48 24 43 19
5 43 39 32
29 2 26 40
38 43 41 41
46 41 43 25
44 36 36 24
44 38 27 6
44 36 41 43
11 40 44 23
27 49 24 28
30 13 24 34
28 30 44 23
29 4 48 5
42 39 18 40
9 6 29 13
35 39 40 14
43 40 47 15
11 43 42 21
43 26 42 37
12 43 44 33
23 1 38 11
26 46 45 13
27 48 38 17
35 38 36 0
15 43 42 24
43 36 43 12
11 42 27 41
41 43 44 12
21 39 47 40
29 32 40 45
35 22 36 30
11 47 36 43
28 38 47 11
38 42 37 14
13 9 39 44
16 35 38 35
9 43 38 20
16 36 39 27
7 47 40 9
39 37 40 45
20 0 36 23
47 40 45 27
15 2 45 25
42 37 23 1
20 37 41 41
28 31 46 21
41 43 49 19
2 49 35 19
18 42 41 37
44 43 27 41
41 46 27 17
20 33 27 2
4 47 41 25
43 24 48 14
48 43 45 22
26 32 32 17
47 41 39 24
37 17 32 16
39 39 47 21
47 45 33 28
35 46 41 37
26 48 43 46
48 3 28 12
27 45 42 25
48 39 41 24
41 31 29 36
19 2 25 39
36 23 46 29
12 36 34 40
45 42 36 48
42 38 40 16
37 37 17 26
1 43 25 31
9 37 37 4
40 43 41 18
9 45 47 19
19 16 27 41
24 3 39 20
16 45 42 10
49 44 48 19
40 31 31 47
13 39 33 25
9 32 25 39
0 41 19 30
39 46 20 22
44 41 34 12
25 39 21 45
49 40 43 28
36 26 49 17
28 39 11 15
15 39 47 7
35 46 32 9
44 39 34 14
3 42 47 41
16 18 48 14
26 42 49 31
8 46 41 12
25 1 31 21
7 37 36 8
14 43 43 21
45 41 35 39
5 41 42 8
36 17 42 26
43 42 29 48
44 38 40 17
2 42 37 40
6 33 45 32
25 40 38 26
44 43 46 22
24 38 31 37
23 3 48 20
7 41 22 27
4 48 31 46
21 5 43 22
23 26 42 32
27 37 33 48
36 32 36 8
26 45 20 24
31 39 43 20
41 4 33 29
48 47 21 28
19 9 44 19
30 30 44 6
26 39 39 0
49 34 37 12
36 43 44 9
32 42 36 38
23 32 21 0
25 40 41 31
18 22 25 37
48 40 36 38
48 46 43 11
13 1 47 14
41 40 36 30
7 2 38 25
6 44 43 28
5 47 42 8
26 43 47 16
17 7 30 16
19 28 46 11
43 41 19 34
36 30 43 24
39 34 36 20
24 36 44 49
9 1 42 24
38 23 30 23
39 39 33 27
39 33 20 33
38 39 46 29
22 28 31 27
10 39 39 17
6 43 41 42
34 38 49 17
12 49 27 25
8 42 41 40
37 46 43 40
33 11 42 22
40 43 31 21
28 36 47 11
41 23 36 13
46 41 27 34
23 45 33 8
44 33 31 35
16 20 43 26
41 30 39 0
15 47 44 36
38 30 47 18
23 32 34 1
11 19 42 31
3 48 45 23
9 33 45 21
41 43 46 3
24 49 42 17
28 40 32 12
28 29 25 2
21 6 29 23
42 32 35 9
36 42 42 27
34 46 32 24
26 44 39 43
34 45 45 20
32 19 48 2
27 38 42 21
46 40 40 46
8 48 39 49
5 49 23 27
45 36 26 35
35 34 32 3
31 41 41 31
40 38 31 30
21 2 42 21
19 34 48 20
8 34 39 17
21 8 39 38
1 49 28 44
11 43 40 30
19 45 47 10
13 39 47 15
22 43 30 30
39 14 44 7
42 36 39 26
48 42 40 17
42 27 30 14
1 40 45 14
5 46 43 14
34 32 43 31
41 45 42 20
17 40 41 36
41 45 23 49
27 46 47 38
10 36 45 45
46 39 41 25
23 42 46 17
22 43 45 10
8 42 46 12
48 28 37 36
38 20 48 24
12 1 25 10
27 31 40 16
44 44 20 44
26 37 46 8
35 19 36 37
32 21 20 6
1 42 49 32
7 39 25 24
10 42 22 2
8 43 37 36
30 36 41 24
17 0 28 38
30 48 42 47
35 31 37 34
10 34 38 37
11 41 28 19
11 4 36 27
7 45 46 14
23 40 43 25
10 29 47 15
32 33 42 18
12 39 35 31
16 6 37 2
34 46 41 31
44 32 42 3
8 48 39 23
42 37 33 23
2 40 37 14
29 40 44 30
32 32 41 28
16 22 40 9
31 39 44 20
47 30 38 20
44 25 44 14
42 36 47 18
11 3 37 40
35 11 12 9
6 37 27 12
46 45 43 20
15 47 32 10
3 44 25 38
7 41 33 31
43 43 20 18
40 39 41 0
47 30 45 16
34 10 43 29
33 45 43 15
6 44 38 10
20 37 45 28
27 46 39 12
17 40 44 17
40 38 26 21
18 24 23 23
26 28 32 4
26 44 32 40
10 49 29 18
35 34 26 34
36 29 33 47
5 43 33 18
37 44 41 6
32 46 38 22
38 36 43 10
3 49 24 30
42 34 41 13
15 38 21 21
33 49 36 45
11 40 30 36
18 33 35 17
0 43 24 29
15 4 44 42
47 38 27 27
16 45 49 32
43 40 32 35
21 26 45 29
29 43 42 27
8 35 23 9
6 16 44 48
6 42 43 4
45 38 46 25
8 48 29 34
42 38 48 36
45 43 39 46
47 37 47 25
10 41 46 45
36 37 46 26
10 44 44 26
4 7 42 42
16 45 42 42
41 41 41 19
4 47 39 20
31 28 45 14
47 46 48 15
7 45 33 12
32 30 23 15
29 46 38 46
11 49 42 13
33 42 46 28
13 5 39 41
9 39 38 10
47 42 48 19
26 37 49 26
20 9 32 48
18 9 36 22
31 33 49 31
17 9 42 2
27 45 23 27
7 49 29 44
28 16 38 14
41 40 23 20
40 25 32 13
38 43 28 37
45 44 33 13
29 45 29 20
44 46 36 37
43 38 44 19
12 36 26 21
37 40 49 18
19 47 32 43
32 31 41 21
29 30 41 47
27 36 32 17
33 36 38 24
24 6 28 45
7 41 27 15
4 42 42 33
11 40 13 34
32 36 24 17
34 48 21 8
35 33 23 32
39 44 48 22
5 45 46 14
8 39 31 45
35 41 35 49
30 37 24 44
31 34 38 15
42 37 29 35
31 43 49 19
21 3 42 11
18 42 12 7
43 35 49 30
39 37 33 10
13 4 45 36
37 30 41 41
33 19 29 35
29 1 49 15
2 47 26 21
2 43 37 23
21 47 44 22
41 31 40 47
33 27 49 14
10 43 22 24
10 44 34 21
32 47 47 46
22 44 40 28
32 34 37 32
42 39 38 14
11 42 40 43
10 36 39 27
14 45 47 2
18 4 35 26
7 45 38 15
44 43 44 19
11 5 46 17
25 38 37 21
46 2 49 24
34 35 44 7
49 23 39 30
10 11 26 39
25 41 39 14
7 37 36 44
41 30 31 34
15 41 42 28
37 44 39 21
33 39 33 14
25 46 48 18
29 36 39 45
7 44 27 45
47 37 40 25
40 45 44 28
43 44 35 27
36 37 48 1
18 22 40 36
29 45 26 24
43 36 21 28
31 34 22 24
34 30 33 9
29 32 40 18
44 37 47 10
45 44 31 4
8 36 49 20
46 48 45 22
5 33 40 28
23 2 36 43
21 32 48 8
29 34 46 13
44 19 39 36
35 47 43 2
36 46 31 28
38 38 37 15
30 34 48 29
4 46 43 31
13 39 49 12
34 31 48 17
18 33 36 9
5 42 35 14
38 24 23 37
45 36 49 22
0 42 37 46
25 45 19 13
19 45 45 16
39 38 28 21
38 36 40 15
42 34 41 27
6 39 27 38
28 46 44 28
46 32 41 48
23 28 41 32
27 32 38 39
39 25 39 13
12 46 34 43
41 22 40 34
11 39 49 32
5 39 36 43
36 35 18 22
16 45 22 2
28 41 26 12
6 47 14 10
11 47 32 44
16 46 49 26
39 39 41 21
12 45 39 30
46 27 27 36
30 46 41 34
30 36 49 38
1 30 47 4
35 47 32 9
41 25 34 21
38 41 48 23
38 27 31 35
11 43 48 9
3 43 42 21
32 47 35 44
49 29 36 15
26 45 40 32
23 38 43 48
6 43 31 42
31 35 34 37
32 42 16 20
48 38 35 35
20 7 36 41
18 42 20 45
43 37 32 10
15 36 44 10
17 44 42 9
47 14 36 40
46 36 21 48
18 32 19 5
8 46 43 35
47 27 42 22
7 39 44 18
32 10 45 21
39 42 35 24
26 37 44 17
23 9 29 18
36 41 33 37
44 42 33 18
11 41 23 14
3 40 26 36
10 46 49 46
36 27 26 10
39 35 23 32
31 49 49 23
43 28 32 43
7 38 46 40
29 12 23 43
37 44 32 14
41 30 46 27
26 45 48 15
16 46 37 18
12 47 43 20
29 48 42 31
42 34 44 46
42 36 30 30
13 48 11 17
41 28 44 25
16 44 39 26
22 9 26 32
42 35 28 46
9 43 41 40
35 28 31 37
22 34 36 27
18 45 46 15
11 47 47 8
4 34 31 21
8 42 49 37
25 40 38 18
2 44 44 13
36 36 46 36
22 37 38 9
20 43 38 12
29 36 26 23
7 42 36 19
23 49 34 25
36 26 29 43
29 27 30 11
36 33 28 11
38 44 35 38
33 43 45 49
38 35 35 14
25 38 36 17
49 45 36 21
10 36 42 10
43 39 32 4
46 1 25 20
14 12 49 18
46 29 38 33
43 38 31 39
23 33 35 46
41 34 28 15
26 43 18 49
37 42 44 19
43 15 23 28
33 38 37 0
18 47 30 16
28 40 46 9
43 48 45 2
43 30 46 12
20 42 13 39
48 27 33 40
24 29 43 24
2 44 44 30
8 44 43 3
19 46 41 49
48 47 26 44
18 37 41 17
24 31 49 15
34 47 43 38
45 45 45 17
31 10 40 38
28 37 49 13
40 20 36 8
42 44 34 48
28 23 39 20
21 14 32 22
33 33 43 24
31 1 45 32
48 41 49 3
27 3 42 15
23 38 44 20
2 46 45 36
43 31 49 5
38 37 30 14
36 37 32 49
40 38 35 3
23 7 33 11
33 19 44 14
22 6 48 39
42 45 44 36
28 46 38 14
25 34 41 24
15 7 32 10
3 46 35 22
6 45 44 16
38 33 25 43
11 44 32 23
8 38 34 49
23 35 21 44
46 38 33 49
29 23 34 23
43 33 46 19
29 38 27 15
43 39 25 46
6 35 24 29
13 46 44 16
3 45 39 42
42 37 47 20
45 36 46 44
36 41 32 39
6 40 26 43
21 42 35 2
25 41 37 40
21 41 42 9
44 38 46 6
16 37 48 20
49 27 31 29
16 48 40 26
40 40 33 21
7 41 27 34
8 40 48 3
43 40 43 24
43 26 37 25
36 40 34 7
18 0 48 22
