50 1039 14500 800
3 11 40 30
12 41 29 32
3 7 24 12
39 43 0 23
42 18 23 35
1 48 32 33
3 11 17 24
6 26 40 33
5 13 26 14
3 6 26 25
44 7 32 2
42 18 30 17
43 9 41 30
6 12 13 32
3 9 8 18
8 21 13 14
8 13 26 30
42 19 11 23
3 8 22 31
3 15 42 48
8 13 22 33
5 19 42 26
9 37 2 22
2 9 35 24
2 17 27 30
5 12 39 33
1 8 39 46
18 39 38 33
6 27 38 30
0 6 46 33
7 6 38 39
7 10 22 27
7 16 44 23
8 17 49 28
3 25 16 34
35 11 20 7
11 17 19 20
2 6 45 25
10 17 16 41
8 11 34 43
39 10 35 25
5 31 3 37
6 20 1 15
49 11 37 24
6 12 35 23
3 8 6 37
37 18 25 14
28 46 16 30
8 16 17 39
42 6 16 25
47 11 24 32
41 25 16 12
6 41 27 24
8 33 37 42
22 37 15 11
49 7 17 10
11 27 36 30
11 19 16 32
11 15 30 44
10 45 24 41
7 15 18 33
8 16 37 41
8 16 38 26
5 17 39 27
5 4 28 18
7 9 11 23
2 7 33 29
39 12 40 30
29 3 5 39
19 46 41 26
3 13 18 18
43 19 4 12
3 8 20 47
6 16 45 29
9 15 28 38
1 13 27 32
8 43 21 8
8 24 19 23
3 12 30 23
3 15 43 8
11 15 19 34
6 16 29 22
16 42 40 8
7 17 1 35
18 11 44 24
5 33 25 28
12 18 11 22
49 13 36 27
6 40 28 38
8 20 15 38
9 15 27 24
8 10 40 31
5 18 38 39
22 9 4 15
2 49 29 10
3 6 33 20
8 8 38 31
0 9 7 15
27 48 24 28
5 15 23 17
0 8 39 49
9 0 34 30
5 1 23 12
2 15 34 9
2 18 32 25
7 15 40 39
37 39 23 32
36 13 31 27
15 47 18 17
5 18 47 26
7 10 46 28
43 14 10 28
10 15 28 36
2 20 39 30
38 43 36 26
35 20 16 28
3 6 32 24
37 18 37 41
35 9 18 15
13 12 30 44
34 18 19 23
5 41 37 43
8 15 25 9
12 34 10 4
32 48 38 30
3 16 43 44
11 4 13 7
36 14 25 26
28 40 41 27
29 9 28 43
7 7 39 28
3 18 33 14
47 20 37 27
1 9 34 40
27 6 3 23
6 19 21 17
9 17 27 29
6 16 38 31
4 14 20 13
3 19 22 41
33 21 24 29
6 8 19 33
8 6 9 14
5 11 29 34
4 15 20 24
1 15 32 48
6 19 23 32
40 32 39 28
38 20 28 48
5 9 25 10
9 14 28 34
2 22 49 39
4 24 21 10
40 20 32 35
9 19 26 22
37 21 11 22
5 15 32 34
40 22 27 31
8 13 39 49
2 13 34 27
0 18 13 17
3 17 40 27
11 13 18 33
0 20 26 6
30 2 31 31
2 9 21 42
45 16 24 26
8 18 25 32
7 22 13 2
6 23 27 24
4 17 24 34
8 18 20 17
9 14 22 37
6 18 32 26
16 15 11 20
5 12 19 24
1 1 12 24
9 14 18 36
11 18 35 29
3 1 16 21
9 10 38 29
45 13 39 23
8 19 9 31
36 48 9 24
41 23 34 47
2 9 28 46
31 44 41 25
16 37 19 26
25 10 41 29
7 9 33 38
0 38 42 26
4 33 42 24
2 19 17 9
14 17 21 10
3 18 11 19
9 17 32 37
47 31 36 26
4 18 25 29
23 17 37 26
9 14 29 40
5 16 8 23
19 44 20 30
4 11 6 25
11 39 24 6
4 13 15 11
3 38 22 24
27 14 15 24
47 19 9 37
26 24 40 31
10 19 40 27
7 10 0 36
8 16 5 34
2 16 7 4
36 16 29 15
4 20 14 3
9 14 43 41
45 6 10 5
1 16 24 15
15 12 37 5
14 13 36 26
9 17 40 29
33 48 14 15
20 48 34 36
5 14 25 37
0 17 41 31
6 46 24 36
49 10 26 1
12 7 21 45
6 31 15 27
8 17 6 30
33 44 33 31
17 48 14 46
10 15 42 7
28 18 14 17
25 41 34 34
33 46 39 29
45 6 40 29
8 16 33 32
2 14 12 0
5 17 17 6
10 12 35 25
13 41 43 29
6 9 4 3
6 46 46 40
7 43 32 40
4 30 19 38
3 1 47 14
15 13 15 3
1 0 23 26
10 1 41 21
8 0 25 24
9 14 40 22
11 17 15 24
38 12 19 21
13 17 38 40
7 23 14 10
0 13 15 23
43 21 16 19
36 40 41 28
5 15 33 1
0 18 7 13
41 4 36 31
47 8 34 28
10 19 1 31
0 15 5 39
13 9 19 15
10 6 30 30
8 23 27 22
4 16 31 11
7 19 20 38
5 16 34 28
35 19 26 20
1 20 16 22
31 21 38 24
8 16 39 18
19 31 16 46
7 49 30 17
29 38 30 20
49 12 33 33
6 18 10 21
26 12 31 33
7 12 23 21
35 9 30 30
8 9 3 9
44 28 31 21
3 15 28 33
30 14 38 27
42 15 24 41
1 9 20 32
2 8 25 23
8 12 15 33
2 43 29 25
48 12 24 39
26 36 43 32
5 10 43 3
9 7 9 23
9 23 40 28
29 2 42 24
5 3 35 26
33 41 32 19
31 43 32 25
4 17 35 34
9 15 42 26
37 38 40 36
6 11 11 4
5 5 36 27
17 38 45 27
3 12 38 23
12 49 33 28
0 9 22 24
2 12 7 13
44 12 31 18
6 9 10 0
11 19 27 19
7 19 26 29
0 1 15 30
2 9 34 27
8 20 2 7
29 25 43 43
19 11 22 28
26 25 13 7
5 13 31 18
20 39 39 16
8 18 43 45
9 25 43 21
22 27 38 12
45 14 30 28
2 16 21 14
0 14 11 30
5 16 25 33
49 4 16 31
19 45 31 22
6 18 48 14
4 14 40 14
35 3 49 45
36 22 35 27
19 2 27 31
2 14 18 31
37 20 5 24
4 22 39 23
2 20 15 32
23 46 32 49
4 14 38 13
11 18 23 8
5 21 16 9
43 33 38 27
7 11 24 30
47 13 10 19
31 20 29 15
1 16 24 32
4 9 9 30
9 15 38 32
1 12 28 37
29 40 7 19
3 13 19 14
41 1 16 27
6 13 26 34
9 10 0 26
2 6 32 26
2 11 33 32
8 34 20 32
7 5 45 33
5 17 44 38
8 40 21 8
29 8 11 41
6 18 27 31
4 14 2 20
35 5 32 48
5 15 28 16
6 14 8 42
5 18 14 7
3 13 48 42
2 19 9 25
14 14 9 17
5 11 20 20
2 14 37 19
4 10 47 46
9 17 40 25
6 14 37 32
38 49 33 12
47 16 9 18
7 17 38 26
5 10 26 28
5 20 39 26
31 12 6 22
5 5 21 25
5 20 20 31
8 18 10 6
36 46 9 20
4 5 5 23
7 7 32 33
10 49 5 12
42 12 7 32
3 10 41 28
7 15 43 35
47 12 43 30
7 7 32 9
5 16 42 1
2 12 6 48
28 37 21 16
29 48 29 30
30 46 36 26
6 16 18 16
22 47 25 32
5 15 5 25
31 6 35 44
0 32 12 23
4 19 18 21
4 17 19 30
1 7 2 40
2 23 10 10
5 40 28 24
33 14 34 49
8 38 24 17
2 11 43 29
11 49 32 33
6 9 35 24
5 17 32 40
41 11 4 5
5 39 34 35
42 25 37 8
28 41 42 24
2 14 32 32
5 19 13 32
12 22 34 27
43 47 45 31
2 8 31 29
27 30 8 9
7 24 44 21
10 10 34 39
5 12 23 24
1 12 38 22
6 14 42 22
7 14 27 19
4 18 42 24
6 14 29 46
1 2 32 48
8 17 4 32
3 5 23 22
42 21 31 26
48 14 38 40
2 18 29 31
8 36 4 2
16 37 32 33
8 18 25 17
31 15 7 31
40 44 34 44
4 15 26 39
30 36 4 21
3 17 49 46
4 12 38 32
19 28 43 40
11 9 35 38
10 41 31 24
15 8 1 25
5 19 35 35
28 29 5 25
47 15 39 27
8 14 9 25
5 18 30 43
0 21 29 37
1 6 45 37
12 9 49 28
39 21 1 1
2 26 34 23
5 19 34 40
10 32 18 38
42 13 17 23
18 30 3 0
6 11 37 28
18 32 22 19
10 15 17 18
11 21 12 3
19 35 40 23
8 17 36 43
40 45 35 27
2 22 43 27
2 12 27 6
34 13 13 9
33 0 14 23
9 20 32 33
30 8 19 19
38 24 21 18
33 44 8 28
14 36 37 46
3 14 7 31
46 18 38 26
40 17 4 24
5 18 10 1
47 24 12 17
33 16 37 28
4 6 34 40
5 11 32 43
10 35 31 17
3 19 12 28
19 43 28 11
8 19 33 28
8 16 11 24
44 18 13 1
7 17 37 24
21 37 24 25
3 21 21 31
18 40 33 11
11 21 1 29
47 21 20 36
9 36 42 20
35 9 23 35
32 42 20 15
5 11 4 15
9 5 42 24
1 3 25 3
0 44 12 41
12 10 28 45
7 17 31 26
46 19 18 18
36 45 38 25
37 44 3 31
2 14 34 27
1 11 7 32
36 48 22 39
4 12 44 32
19 0 12 11
2 12 38 47
4 21 12 27
12 15 32 39
19 38 9 21
48 18 21 42
8 7 30 8
18 19 12 26
7 19 23 36
1 4 13 11
1 9 39 31
16 27 39 41
10 17 0 20
2 12 40 48
4 15 7 12
12 39 35 28
34 39 32 35
36 49 19 25
8 13 44 11
6 19 30 13
0 46 21 23
7 0 29 21
38 0 35 42
5 15 15 23
33 5 39 10
5 16 34 48
10 18 23 21
41 11 35 40
24 15 26 30
35 47 39 28
33 48 28 36
4 30 35 27
3 15 36 31
2 6 22 31
7 14 20 17
3 12 22 40
23 49 26 21
3 15 15 22
9 13 14 44
6 15 41 39
16 16 32 27
42 15 14 19
43 32 38 31
6 12 20 1
27 2 30 30
37 43 42 26
1 18 34 42
16 12 20 33
25 21 42 48
6 13 46 30
33 11 21 27
5 12 4 17
6 11 14 12
0 1 28 10
9 17 1 26
29 35 27 22
17 16 32 24
8 4 8 30
8 17 3 12
36 48 21 23
8 11 15 12
42 0 10 37
2 13 37 20
8 42 2 41
31 43 36 27
42 6 39 22
33 29 26 34
2 14 28 34
27 48 33 39
6 15 0 49
31 12 8 25
6 49 30 29
8 35 26 23
6 16 43 27
2 44 30 30
7 16 31 31
34 36 3 19
18 39 41 12
28 22 22 28
1 23 26 18
6 23 38 26
8 19 19 31
5 7 24 23
0 9 20 27
8 20 23 41
5 17 44 23
22 9 1 19
6 7 12 31
26 29 48 41
2 18 25 18
30 32 18 17
3 13 30 3
3 18 34 14
15 23 6 44
17 29 19 22
7 20 25 15
15 19 6 18
0 17 19 24
9 37 44 39
7 16 33 15
6 18 43 49
6 3 41 27
35 39 5 28
6 8 43 29
9 19 31 22
7 18 35 24
9 20 4 18
10 16 38 27
44 22 38 35
15 8 40 48
10 10 10 36
13 7 13 26
5 44 38 36
0 15 35 14
7 16 16 46
1 0 6 32
36 35 29 25
21 38 39 20
10 16 44 44
6 20 38 29
3 5 28 20
5 16 49 40
39 8 35 42
4 17 4 3
39 14 34 32
30 7 22 39
29 29 6 11
8 9 19 25
24 1 17 46
4 12 28 18
27 43 3 31
5 20 7 14
8 19 9 29
11 26 29 32
1 19 41 27
12 12 36 14
29 12 18 10
22 32 29 32
8 41 19 29
2 7 13 13
13 16 40 28
26 43 40 24
5 39 16 10
39 9 43 32
38 1 11 1
7 20 43 36
1 9 14 25
8 41 24 29
4 13 14 28
42 29 21 38
0 10 33 32
2 10 26 7
8 12 32 28
35 13 44 41
2 9 3 25
2 18 33 30
1 17 17 20
6 21 8 9
42 25 40 29
6 17 16 37
37 19 26 24
10 18 14 15
39 16 34 32
21 42 13 24
3 21 32 8
4 16 34 25
13 44 7 12
11 46 37 29
35 19 30 47
44 14 11 22
6 15 40 40
7 20 34 26
24 9 31 23
39 7 42 41
0 16 17 29
1 29 4 16
36 26 36 46
4 8 13 4
29 3 29 30
3 6 7 27
13 38 6 18
3 39 33 26
14 32 19 18
16 20 35 26
3 12 36 30
3 6 6 11
42 1 18 20
1 13 43 28
34 19 38 38
34 48 10 35
37 43 23 25
3 6 41 35
39 21 3 25
12 15 40 27
1 12 19 10
6 16 35 10
34 12 7 12
0 4 9 22
49 9 36 29
39 0 30 24
3 17 36 32
36 13 40 29
1 7 17 9
33 13 16 26
24 29 18 6
14 40 41 24
6 19 11 3
12 42 30 25
7 14 16 16
34 47 28 19
5 5 35 26
4 46 36 33
6 22 5 30
43 21 28 39
6 22 13 27
4 16 23 30
25 48 31 31
1 1 31 16
40 18 24 29
41 5 13 13
6 18 19 8
5 19 42 45
32 42 21 19
5 18 9 23
49 5 17 29
2 16 25 31
27 39 14 24
5 18 32 28
30 20 32 35
2 5 44 18
18 8 44 39
5 17 28 33
6 11 17 20
9 17 11 20
7 21 26 30
1 20 21 20
10 14 36 43
10 8 29 23
45 46 6 12
3 12 17 43
3 13 19 26
38 46 20 36
47 8 38 29
5 34 36 25
11 11 45 27
6 8 11 33
8 4 39 25
7 23 39 26
38 7 18 32
6 19 40 33
7 49 29 33
20 49 15 28
7 21 41 36
3 14 31 2
40 44 12 49
21 34 19 25
2 13 10 9
3 22 38 44
21 33 25 45
37 10 1 16
6 16 33 19
19 10 26 13
8 18 40 24
29 8 23 32
42 34 8 16
11 19 38 31
1 6 18 19
10 12 47 35
4 21 6 14
4 24 16 18
49 17 40 47
0 3 12 19
0 4 42 32
7 11 28 31
9 17 6 29
6 17 25 17
7 12 34 45
6 15 39 12
5 3 26 34
13 8 34 12
19 10 26 14
3 15 23 35
7 2 42 24
10 44 43 32
9 4 18 27
11 14 45 23
21 32 27 28
7 10 39 27
4 16 21 18
23 49 12 30
27 48 27 34
32 43 23 25
34 5 36 30
5 12 13 21
25 8 18 22
5 19 37 16
37 22 45 40
32 2 39 30
10 41 17 21
0 13 36 27
7 15 6 28
5 17 40 26
5 15 13 16
7 13 34 49
12 44 25 36
9 3 48 41
7 18 37 27
1 18 26 30
27 14 27 29
3 46 2 23
7 8 16 32
35 23 7 28
9 49 17 21
14 13 28 30
44 23 12 26
38 3 25 32
7 17 21 15
30 8 41 38
5 16 25 15
19 37 20 42
5 12 26 40
11 7 37 26
5 4 18 33
3 15 3 5
32 28 25 21
26 15 36 30
4 13 34 40
5 42 38 32
25 46 42 33
9 18 13 28
33 48 32 33
6 18 19 26
4 18 16 25
37 13 37 0
1 48 32 23
6 14 22 35
6 18 15 37
5 18 44 43
2 11 38 40
1 11 30 32
10 3 29 44
11 47 18 31
12 11 37 28
5 10 4 26
5 9 8 13
4 19 0 9
0 3 37 23
7 21 22 31
14 28 30 13
20 36 30 29
11 7 37 33
36 47 21 30
7 18 29 34
1 47 30 24
2 15 39 26
37 14 3 39
11 42 8 2
43 12 40 33
5 23 23 37
3 13 37 30
8 16 35 26
4 14 44 43
4 6 30 26
7 5 37 22
9 15 44 34
0 9 28 29
7 16 6 29
29 33 6 23
9 19 35 28
5 23 23 31
2 33 13 22
2 33 19 7
9 6 26 45
4 19 38 24
8 18 2 9
17 37 43 31
34 18 31 38
4 16 26 8
4 14 16 25
7 18 14 23
0 2 16 21
9 11 44 25
5 17 28 22
5 7 34 26
13 17 5 33
5 15 24 49
17 41 26 8
0 16 15 29
44 0 28 30
11 46 33 48
7 14 23 20
33 24 29 32
24 12 22 36
1 18 36 19
7 19 39 26
6 5 14 37
30 0 48 28
15 47 38 3
44 8 15 18
7 24 46 37
37 42 12 39
4 14 23 20
32 42 32 35
36 12 27 41
19 31 43 29
7 9 2 23
19 15 23 25
1 2 34 32
5 8 14 8
38 1 39 28
48 40 21 0
15 44 24 32
40 3 20 15
32 15 14 25
6 12 32 29
6 16 17 31
27 44 24 24
9 20 43 24
5 23 14 18
4 19 17 17
8 16 34 29
37 13 19 26
16 16 42 25
5 16 41 29
6 11 45 33
2 1 15 30
22 12 5 31
8 14 41 26
34 16 16 17
3 1 12 16
43 23 43 32
3 7 34 26
0 44 10 32
10 4 30 30
38 46 32 0
2 19 27 36
2 37 14 7
1 38 5 12
13 9 19 25
2 15 41 29
8 17 25 26
2 20 9 40
45 8 9 28
11 28 37 23
33 23 41 41
4 14 20 19
43 8 16 19
4 18 22 42
37 49 31 23
44 10 39 23
5 15 27 7
4 20 4 15
0 22 15 23
7 40 19 28
2 15 24 40
9 21 42 18
4 1 30 23
3 18 33 32
3 12 16 15
12 43 37 28
10 14 27 1
3 10 37 29
44 16 3 13
31 32 13 35
24 32 37 26
40 4 40 27
14 48 29 32
3 8 35 25
10 8 19 28
0 18 17 29
17 40 21 14
31 26 1 17
36 44 33 26
5 37 30 29
43 43 9 16
2 5 37 31
27 5 22 18
4 2 3 14
10 15 30 13
4 4 6 12
17 15 36 26
4 19 35 1
2 22 48 49
34 29 32 21
42 14 31 37
1 22 28 32
46 33 19 10
42 12 37 24
6 5 40 25
5 20 39 24
16 26 11 15
20 39 37 25
5 18 34 25
4 16 24 23
19 39 30 36
0 17 26 19
21 35 23 25
9 17 27 21
47 7 12 3
0 17 11 37
46 39 29 9
48 9 10 13
10 19 32 28
9 43 32 27
0 25 40 30
34 32 45 29
44 18 33 29
5 14 9 7
1 14 33 34
1 14 41 31
3 15 9 17
19 19 26 34
10 8 30 23
5 18 23 47
10 19 34 33
2 13 35 32
17 34 37 3
36 5 34 25
