50 654 18012 800
34 19 25 38
46 33 22 16
12 11 27 19
40 23 19 40
38 23 22 36
42 16 21 31
41 23 26 39
44 13 21 22
36 28 20 38
49 26 13 27
47 16 17 6
38 28 16 28
38 29 12 17
23 33 18 24
38 21 33 18
47 16 30 22
48 14 26 22
33 14 23 40
41 26 26 9
39 22 31 14
43 29 35 20
16 15 12 23
48 19 33 23
12 27 19 30
39 19 36 13
32 26 21 17
26 37 36 24
48 17 17 22
43 29 11 34
9 11 27 31
40 22 21 21
36 30 36 46
15 23 17 32
39 26 18 29
36 29 39 26
41 20 4 31
46 18 29 22
22 15 40 34
48 15 9 30
46 27 10 8
46 22 22 43
9 38 17 23
10 48 25 12
31 27 9 33
22 49 25 18
22 28 17 36
40 23 42 35
44 25 7 15
19 31 11 29
35 35 10 1
35 31 9 28
49 17 10 29
49 26 28 24
39 19 36 32
46 24 21 33
43 35 29 23
15 9 7 13
30 4 22 28
38 32 24 16
39 26 24 19
39 31 12 12
45 30 7 34
41 20 21 22
38 30 13 33
14 18 29 43
32 5 24 33
45 19 22 14
49 17 46 38
41 28 30 35
48 16 32 24
36 32 11 36
40 28 6 38
41 29 8 26
20 31 14 18
42 22 24 18
47 20 41 28
42 26 1 34
19 41 13 20
28 6 24 40
11 12 14 15
49 14 15 30
17 41 19 48
48 16 7 20
45 20 30 19
47 15 18 31
37 28 21 20
41 34 18 29
40 25 20 32
42 28 24 9
49 18 37 4
45 23 39 15
43 27 23 21
44 28 29 13
37 27 21 44
32 30 12 13
47 20 23 44
49 16 18 27
46 34 19 24
43 27 27 41
16 17 24 16
37 27 0 40
46 15 11 29
40 16 23 20
31 18 14 12
45 15 14 23
35 23 15 27
45 20 19 18
38 26 2 16
40 23 29 22
48 18 21 33
43 19 15 30
40 6 24 15
42 19 9 3
44 23 26 15
14 19 19 30
37 23 23 31
43 18 17 34
36 29 5 49
32 12 28 34
35 37 17 13
41 20 16 30
43 20 17 31
37 20 23 42
47 16 8 5
45 16 3 28
43 19 35 35
41 19 17 14
17 24 28 23
46 30 31 36
38 26 18 16
36 32 11 45
38 28 27 27
49 20 7 10
48 9 19 35
46 23 11 39
37 23 27 32
46 26 23 32
44 21 3 42
43 34 25 33
41 27 49 31
17 37 9 39
36 19 24 22
46 17 15 38
42 18 20 18
38 29 22 10
44 22 17 43
39 21 24 16
44 25 16 32
44 25 17 17
42 20 12 44
40 32 23 33
44 24 14 30
48 14 22 29
13 9 31 29
9 33 10 12
33 33 43 35
35 19 13 21
36 26 19 25
38 33 37 24
42 25 23 16
34 19 24 13
7 17 19 14
38 28 19 27
47 12 27 29
46 14 15 8
37 33 14 29
36 27 20 23
25 18 12 29
44 25 18 35
40 21 22 26
13 10 22 25
46 29 28 17
44 15 19 47
40 19 15 27
37 36 21 16
38 21 22 27
42 19 40 27
45 25 34 27
48 15 30 15
46 1 19 22
48 23 11 3
11 9 26 31
48 17 11 28
39 21 22 27
36 33 10 26
8 12 20 33
34 32 22 33
31 22 13 26
49 19 26 17
34 32 19 35
33 12 10 5
42 19 21 36
46 15 24 40
45 15 27 16
46 30 17 36
43 19 16 15
46 21 16 47
8 19 26 22
38 26 23 23
11 28 19 28
48 20 13 28
45 22 17 34
38 28 16 18
49 15 18 16
30 33 11 27
41 20 10 28
38 1 30 26
47 21 11 11
22 38 18 31
40 28 27 24
40 7 11 36
35 25 25 12
43 20 16 35
46 14 16 18
42 26 35 23
13 29 18 43
40 26 43 48
38 24 32 20
45 29 30 22
45 15 11 26
37 30 17 8
37 23 17 29
15 12 23 20
24 33 26 25
42 33 12 47
47 18 19 33
40 29 29 19
27 40 16 33
24 38 18 23
38 30 17 35
41 28 24 19
40 25 5 23
48 19 23 29
40 30 29 24
37 27 31 35
38 29 13 37
48 16 8 21
17 45 41 31
32 22 27 10
33 21 9 40
36 17 10 35
46 28 21 35
41 21 18 22
32 30 15 42
41 27 17 26
29 29 25 39
48 18 33 19
25 44 33 24
40 27 22 22
41 31 7 33
39 33 22 33
45 12 21 24
32 22 18 25
47 14 1 3
47 22 16 17
41 21 7 34
47 19 32 17
35 22 9 16
38 36 5 35
37 21 17 14
28 39 25 48
41 23 21 41
47 25 22 31
45 22 22 32
15 7 22 34
12 19 32 15
47 22 35 38
11 14 14 36
7 16 15 32
42 22 31 8
44 22 1 27
47 19 20 33
7 29 30 24
36 24 16 37
26 33 6 1
49 19 6 1
48 14 23 30
46 19 15 23
11 13 2 23
49 17 23 44
37 33 17 34
46 14 18 41
13 6 15 3
47 18 23 32
49 22 31 26
9 23 27 2
48 17 22 20
38 26 17 37
35 20 15 30
42 17 12 31
38 28 24 35
48 0 22 6
35 21 5 35
43 20 37 36
38 29 9 22
46 14 14 15
40 27 17 25
39 30 29 35
34 24 15 29
32 39 38 37
43 19 14 25
42 36 10 28
14 36 23 39
37 24 31 22
37 2 17 30
45 34 33 37
41 18 12 23
46 16 12 47
27 9 24 23
37 20 47 37
46 36 39 7
33 26 15 14
47 18 17 30
41 29 27 33
47 16 7 31
37 27 29 33
38 34 11 47
42 19 43 44
29 38 19 18
45 15 40 16
40 33 12 18
35 22 14 43
39 21 16 29
41 39 7 42
47 16 20 15
49 19 4 46
47 8 16 28
38 20 25 19
26 37 22 25
29 32 24 11
39 26 16 33
9 37 18 15
38 29 9 20
44 29 13 36
27 39 15 29
19 22 16 44
47 10 17 41
40 42 23 38
41 26 10 22
44 17 29 30
46 28 22 27
12 42 7 32
15 10 15 21
6 12 17 14
2 16 17 34
11 11 19 14
39 26 33 45
44 22 27 33
30 38 44 40
6 12 17 40
19 38 18 20
40 29 25 17
39 29 13 3
41 31 27 49
14 37 19 18
7 17 30 29
39 22 13 31
9 16 19 27
40 23 42 1
42 14 3 31
42 33 23 25
37 26 16 19
37 31 11 31
44 16 4 37
37 35 21 35
42 20 16 38
47 19 17 38
44 23 15 38
44 18 11 30
49 18 44 38
47 17 18 7
40 26 30 12
14 11 13 15
34 29 27 15
14 19 45 38
43 28 18 33
40 23 20 13
41 27 25 20
46 19 31 19
21 44 27 18
32 27 16 19
31 17 12 47
31 23 17 10
29 39 26 22
40 26 11 27
30 26 18 35
34 33 20 22
38 19 4 45
14 16 5 13
36 37 19 40
43 26 9 33
41 17 15 29
16 11 20 21
18 27 32 13
47 17 13 17
47 16 12 12
40 25 13 38
10 10 10 19
46 31 29 25
40 28 24 14
49 18 16 24
47 13 22 25
38 28 17 35
9 3 17 25
47 14 26 14
48 20 37 13
31 20 18 12
37 28 14 32
39 32 16 40
37 16 32 17
16 4 22 11
36 18 19 47
48 18 39 38
48 22 14 9
39 26 27 18
40 30 14 14
35 1 24 13
47 37 2 35
12 15 9 26
36 31 26 34
37 26 14 6
37 3 26 41
43 24 11 49
37 29 22 30
43 22 15 36
48 11 23 21
39 18 19 32
12 10 12 29
43 19 23 16
48 15 19 19
48 14 11 25
8 8 12 20
48 17 33 28
40 24 27 18
37 27 20 26
47 30 21 8
12 16 19 15
15 16 18 19
41 22 24 25
42 24 9 32
11 41 23 15
40 26 7 4
19 29 15 21
48 16 19 18
38 28 18 29
16 15 24 25
45 15 37 24
1 25 8 3
49 14 6 8
37 31 11 44
47 15 15 30
46 28 26 18
47 16 34 20
37 30 23 23
42 21 14 28
47 18 19 21
34 24 17 25
45 30 30 39
14 29 2 39
44 27 20 15
32 27 7 35
40 33 21 31
43 35 13 23
34 26 11 22
39 28 13 12
35 33 1 17
32 39 15 29
45 27 17 38
38 31 36 24
43 25 26 20
23 21 17 8
8 5 27 18
48 18 15 26
8 20 13 25
43 20 14 33
28 45 24 25
47 18 25 9
43 27 48 6
38 31 30 21
49 20 8 37
49 14 24 28
36 31 8 18
38 30 35 23
11 14 14 30
20 9 20 22
36 29 15 24
8 16 31 21
37 23 16 26
44 15 14 42
31 39 23 41
46 14 25 10
23 17 27 38
15 13 18 31
42 30 18 21
42 29 16 7
45 25 13 29
41 20 12 35
40 23 23 35
39 22 33 21
38 33 20 21
10 24 8 33
40 26 22 29
47 13 7 38
49 24 18 31
46 18 19 28
47 15 14 33
28 32 28 18
40 27 30 24
44 24 6 45
43 22 10 40
11 13 16 29
49 13 25 27
32 19 7 37
43 27 10 4
46 30 11 12
39 4 14 31
47 17 29 14
39 23 13 33
48 19 30 24
15 18 26 22
10 17 17 34
45 21 6 46
29 30 10 39
41 33 24 23
39 27 12 25
36 22 26 26
44 21 9 36
19 14 2 41
21 44 31 28
40 23 15 28
18 19 15 30
30 24 16 28
32 27 15 20
47 37 13 27
43 14 6 18
44 26 13 33
36 30 8 25
13 23 34 28
35 10 19 25
38 27 4 39
39 28 29 48
39 26 24 26
44 18 13 19
41 20 20 29
31 27 18 20
4 29 13 35
40 26 15 27
48 15 28 22
20 10 9 27
21 14 29 20
32 20 11 3
48 14 19 2
43 32 28 42
9 8 18 17
36 26 11 24
43 23 18 15
47 16 17 44
42 9 19 12
42 44 33 25
45 33 20 21
49 18 22 28
36 25 24 14
39 26 4 39
38 9 42 26
46 14 12 29
39 19 27 27
46 8 17 40
25 33 28 24
39 28 15 33
41 12 32 40
23 18 11 17
38 23 31 29
22 15 18 16
48 18 17 12
42 33 5 49
47 30 18 19
49 13 9 18
41 27 35 23
38 20 21 28
45 27 8 36
42 34 18 21
48 15 21 37
38 18 11 26
48 14 20 4
9 22 6 24
41 14 35 27
43 14 22 15
48 17 10 29
35 26 26 31
5 34 37 31
48 12 24 13
25 22 20 20
29 33 36 16
49 13 8 21
47 17 10 32
48 17 21 27
35 28 22 23
42 30 17 21
48 14 18 19
43 14 36 46
9 13 32 27
49 5 28 30
42 29 8 32
42 22 28 19
49 16 12 45
45 15 18 16
42 22 20 34
49 18 43 37
35 24 18 11
21 21 36 23
38 21 14 35
48 19 10 33
30 16 7 21
41 17 20 13
37 31 24 22
39 31 14 25
17 18 11 4
10 19 19 16
44 29 21 46
37 22 8 15
38 21 18 28
22 15 23 37
40 21 15 19
47 30 22 17
40 26 7 40
48 30 18 11
32 23 13 24
14 17 9 18
40 21 17 26
31 20 17 26
47 18 3 36
49 12 28 22
21 35 27 30
41 11 12 49
45 26 17 15
9 7 22 32
45 18 20 16
25 28 16 8
48 32 13 29
49 18 12 22
45 31 16 32
44 15 18 11
42 25 29 33
48 13 8 15
48 23 20 29
38 26 7 33
45 6 17 32
44 4 17 39
42 33 18 26
41 26 31 35
43 25 30 34
46 36 14 29
42 25 17 18
42 21 15 33
