50 327 18541 800
11 22 16 37
44 29 35 37
18 34 32 27
6 13 3 6
21 29 11 29
22 26 34 19
19 32 20 42
22 33 15 30
14 46 41 25
4 49 18 6
29 30 48 41
6 39 0 26
49 35 2 41
8 40 19 33
45 32 13 33
4 12 18 30
45 36 5 36
23 10 6 16
0 45 31 14
24 31 40 16
0 17 13 26
22 47 7 34
15 34 30 27
43 33 15 17
1 12 3 4
13 36 12 3
1 25 5 4
19 34 6 29
21 31 13 15
14 35 7 32
35 30 12 33
1 39 29 32
11 23 17 19
46 24 42 39
39 36 23 25
10 32 5 16
47 30 15 28
15 27 2 32
20 30 43 29
40 37 7 17
42 28 24 31
41 35 48 44
26 32 24 36
25 29 7 22
22 1 43 47
43 34 48 25
27 16 30 22
4 48 19 27
38 32 12 34
28 44 18 27
5 36 24 29
11 49 10 40
26 27 6 23
28 35 47 32
7 44 4 13
42 32 33 17
4 24 19 25
22 35 39 44
7 29 42 36
43 22 15 25
28 23 8 3
8 41 20 39
7 31 41 26
16 25 12 26
12 24 5 21
43 29 32 23
20 29 13 43
16 29 32 32
18 29 2 4
18 16 37 39
12 29 8 22
26 35 7 36
6 26 7 37
14 28 11 8
17 36 16 27
0 34 0 2
41 32 3 10
13 35 2 30
7 26 10 37
15 33 14 29
10 20 33 24
0 16 20 18
26 25 2 0
16 26 13 5
6 30 49 49
26 45 42 34
6 32 14 35
23 25 10 31
40 24 3 8
5 33 17 0
21 47 7 29
7 25 14 32
2 28 35 31
28 32 12 9
18 46 6 10
3 30 7 7
40 27 0 30
11 14 14 1
13 19 11 34
42 37 9 27
6 25 36 33
19 23 8 29
10 15 26 46
6 23 15 1
10 25 22 21
6 29 11 47
45 30 47 26
2 39 0 29
40 24 13 34
8 31 9 4
12 22 20 31
21 25 44 31
7 38 21 12
15 31 23 44
10 40 5 5
48 14 23 26
16 25 42 37
24 49 4 34
40 36 4 33
10 23 21 43
9 27 46 31
43 33 33 12
38 26 24 27
46 32 9 31
47 29 27 24
16 27 19 20
18 38 44 28
47 20 14 37
9 40 0 39
1 29 4 31
19 16 17 28
33 6 17 43
42 26 11 35
49 37 15 27
7 30 4 24
43 28 1 43
40 28 17 39
6 36 15 41
6 24 11 33
43 27 14 5
26 27 17 26
8 20 5 26
5 33 12 29
11 26 16 34
8 8 46 39
11 19 1 28
40 30 9 26
37 25 42 25
11 22 17 34
41 35 9 36
40 28 28 29
19 28 46 42
32 35 49 49
16 39 10 34
15 36 3 27
42 41 12 9
49 30 11 23
1 36 5 28
3 40 10 31
9 36 1 30
28 32 19 31
4 32 38 33
44 28 31 23
1 27 12 45
47 21 48 35
6 30 12 15
27 35 7 31
18 32 46 42
19 37 6 10
23 23 48 41
18 31 45 32
0 26 40 38
9 31 14 42
40 32 31 28
46 31 2 43
8 21 10 47
14 31 12 22
7 28 8 35
15 38 10 34
0 8 8 19
39 30 0 29
1 28 22 22
24 30 2 38
10 37 6 33
7 40 6 35
38 31 3 9
35 35 25 41
1 28 11 35
16 24 8 31
30 32 34 41
1 33 13 21
8 42 5 45
20 19 47 25
11 28 16 29
10 35 0 24
29 20 8 4
9 29 5 27
42 29 5 40
15 14 3 43
1 37 20 27
24 24 5 28
6 44 3 31
34 30 9 2
3 5 46 32
4 32 42 43
5 24 5 36
9 29 5 42
47 26 8 38
7 26 29 35
13 29 7 30
18 29 12 32
17 34 38 17
45 26 48 45
17 21 7 26
23 8 6 27
43 24 12 10
14 23 42 34
44 37 4 1
44 29 46 37
41 38 39 27
28 30 11 30
3 33 2 25
45 28 41 35
1 40 5 5
45 36 42 19
6 12 10 31
48 31 40 28
14 35 8 24
29 33 45 24
39 30 8 40
32 41 36 44
9 9 33 29
19 18 47 33
0 49 2 23
13 35 35 39
4 36 38 40
16 36 48 43
10 39 33 36
36 26 8 11
49 20 23 46
47 32 16 32
30 30 12 39
8 27 23 12
48 23 17 1
1 29 39 30
13 5 14 36
8 39 27 24
29 14 17 34
21 27 1 28
7 47 4 7
43 30 8 1
3 28 8 23
4 25 10 7
13 22 41 36
16 19 7 4
41 32 8 30
8 41 1 36
10 44 12 4
7 19 22 31
8 38 7 27
0 26 41 25
49 29 39 35
6 47 49 44
29 34 47 28
8 22 39 25
49 27 9 10
1 40 1 32
23 38 15 5
4 38 13 48
10 22 45 38
48 27 47 42
42 26 37 37
46 39 21 27
49 23 10 31
14 24 5 30
42 29 43 41
4 17 48 29
41 30 21 10
43 29 13 5
39 41 12 2
20 23 11 10
43 30 19 24
44 32 12 34
22 27 10 34
27 35 0 30
2 31 43 34
4 21 46 45
47 23 8 3
45 42 20 30
10 33 42 49
40 37 7 31
3 22 5 25
20 16 31 35
7 33 4 37
44 30 44 38
39 28 38 24
2 31 10 37
0 45 2 32
23 30 5 14
31 25 12 33
1 15 32 12
40 26 5 21
41 32 20 23
20 33 27 29
7 36 10 11
45 39 37 36
46 27 6 39
26 39 28 26
5 44 5 7
29 22 8 6
46 21 16 29
15 4 43 40
44 28 13 41
13 18 12 26
6 8 21 37
13 15 41 27
47 33 17 4
10 22 13 37
9 18 16 36
11 34 20 4
10 48 14 29
12 26 12 32
47 30 8 39
18 33 4 18
2 48 16 32
21 25 33 32
23 25 13 11
