50 513 15933 800
40 40 19 10
42 41 0 28
13 44 14 11
42 30 9 8
20 24 45 9
10 30 5 1
33 40 13 11
23 18 27 15
7 23 12 13
18 31 6 3
42 43 40 25
0 26 17 9
39 48 35 35
2 28 36 19
34 49 35 16
33 47 24 7
34 45 36 19
30 26 22 18
31 23 27 32
18 29 4 28
31 31 11 11
34 35 13 9
36 45 41 44
25 34 32 20
5 28 6 5
27 29 14 19
47 29 30 13
12 35 21 10
42 48 4 4
4 48 23 8
13 22 47 1
35 31 18 12
11 10 1 45
36 48 32 17
47 9 4 41
35 23 26 37
35 49 32 5
6 2 32 18
31 29 19 7
7 34 19 11
38 46 16 18
8 4 33 18
41 25 21 4
0 36 4 33
32 40 5 41
32 16 28 11
38 29 27 26
36 47 26 11
38 28 37 19
35 44 27 15
29 28 34 19
21 19 3 30
40 47 36 4
31 27 37 48
39 44 22 7
38 33 2 36
42 25 11 32
6 22 32 15
11 25 33 14
34 25 26 25
6 22 22 12
0 19 9 27
38 41 14 34
28 38 13 7
31 31 10 24
2 31 15 24
4 25 31 1
34 46 34 16
38 29 13 13
15 41 11 46
36 28 10 13
43 28 16 49
12 17 11 47
36 44 1 30
38 46 31 34
36 48 30 20
35 30 35 20
49 20 24 18
13 17 37 19
26 20 36 15
12 12 9 7
47 22 23 24
14 18 27 1
34 42 16 10
30 27 27 22
9 21 21 3
36 31 7 46
40 48 25 4
41 44 35 17
35 25 27 31
45 21 0 49
24 47 48 41
49 36 5 12
36 24 13 28
37 32 6 37
34 26 35 17
31 41 27 18
41 36 35 17
37 30 2 5
36 43 14 6
42 43 4 33
37 45 26 33
35 46 30 1
10 33 34 19
34 37 16 10
31 33 17 36
35 43 30 10
30 32 43 38
38 47 35 21
41 37 16 4
32 46 18 8
5 26 43 5
36 45 19 17
30 37 31 16
43 42 46 9
34 40 37 14
40 44 19 23
34 30 41 11
40 42 31 17
2 36 25 49
16 20 33 16
8 21 13 13
31 25 0 35
35 49 16 11
22 23 2 9
33 48 29 19
40 29 0 26
37 26 36 48
6 24 34 14
34 43 16 12
7 9 38 16
7 20 15 35
30 25 21 17
38 49 31 20
36 43 34 14
41 29 21 43
30 25 29 16
41 30 32 15
25 31 33 15
36 11 20 24
0 19 13 43
34 49 40 35
15 31 15 10
39 47 16 14
9 28 9 35
1 33 6 28
33 27 11 11
35 46 0 20
14 41 1 24
44 39 45 19
6 30 2 25
30 44 18 42
34 30 33 20
30 48 11 14
26 27 20 7
35 45 34 7
14 20 10 8
35 32 34 16
17 37 36 19
28 24 22 2
40 47 41 1
38 49 34 17
3 23 17 28
34 21 30 47
19 30 26 3
33 39 19 10
34 29 30 20
37 20 40 34
26 39 32 19
36 23 26 4
14 23 14 5
40 28 14 17
16 5 8 40
0 34 31 21
33 49 36 19
13 34 45 38
22 16 7 39
36 31 23 18
37 46 33 18
36 26 9 47
7 41 0 12
4 25 36 11
21 28 2 6
37 43 38 10
10 29 19 23
2 31 28 4
9 26 33 9
41 47 35 20
38 32 13 28
36 22 29 14
0 5 49 36
31 29 5 1
22 32 22 0
39 44 33 32
29 24 40 44
38 34 24 8
35 32 14 2
39 48 33 19
34 48 35 18
41 27 37 11
36 47 5 16
13 30 34 17
13 15 0 33
5 16 9 20
27 24 4 26
19 28 5 18
40 33 4 20
45 46 28 22
22 20 35 19
4 39 35 17
37 27 12 9
25 19 4 17
13 10 35 18
26 28 29 32
0 6 29 42
37 40 7 3
2 20 14 1
31 47 28 15
10 15 0 16
9 22 6 12
8 28 22 8
41 48 4 18
35 45 28 17
35 46 22 23
39 26 28 47
34 46 24 34
35 46 28 30
37 31 37 39
35 46 37 5
27 31 22 3
40 42 34 13
38 44 35 14
40 34 20 27
4 16 9 25
33 46 21 12
32 30 23 1
44 31 32 16
28 37 2 4
32 35 33 19
13 39 32 16
41 28 17 2
38 29 4 21
46 18 25 7
41 16 27 18
36 23 31 43
31 45 13 4
35 44 18 15
7 16 5 27
34 43 18 2
36 38 37 20
40 45 34 18
17 21 33 19
29 25 15 31
43 44 19 8
38 46 5 41
27 45 39 30
39 37 16 31
33 43 6 28
30 25 33 7
4 20 34 12
33 34 18 23
34 44 19 38
36 37 6 44
37 23 23 48
5 14 26 31
40 41 24 33
19 29 38 19
30 33 33 17
38 35 33 17
1 23 16 14
9 35 4 13
9 37 5 2
32 49 11 6
36 45 21 24
39 24 18 11
5 32 6 25
42 23 40 32
24 49 15 6
15 23 24 10
6 17 3 36
42 31 7 45
9 18 33 15
27 32 5 35
35 27 33 19
3 8 42 40
27 24 34 18
35 38 23 39
13 35 31 43
33 49 23 13
7 30 9 36
16 27 10 10
24 28 45 18
33 30 16 17
0 25 33 40
36 28 44 13
35 49 33 20
33 34 13 24
29 32 11 13
43 47 18 15
14 30 28 8
31 24 19 11
39 44 31 21
6 16 2 31
41 31 28 13
39 48 2 15
20 36 23 16
39 32 27 14
10 25 12 11
34 49 9 9
14 32 36 17
33 32 37 17
36 42 18 22
35 39 18 9
33 30 47 49
29 31 36 18
23 22 13 0
35 30 7 7
31 44 35 18
39 44 16 15
7 29 8 16
47 15 35 5
34 36 33 8
0 32 33 17
40 39 46 48
37 42 5 36
25 20 29 19
10 25 29 17
44 24 22 3
35 25 38 15
29 43 16 11
8 27 35 21
13 17 6 45
15 11 36 21
36 36 27 47
36 48 23 29
12 29 30 19
37 44 32 19
13 36 22 22
39 26 1 17
38 28 38 19
17 43 32 10
0 47 7 27
34 32 36 3
21 33 25 25
41 39 33 17
40 46 45 3
22 23 37 19
9 28 1 11
33 47 11 22
40 29 34 19
36 36 8 8
33 48 10 33
38 41 1 4
15 19 34 20
30 32 28 47
34 45 25 1
41 43 19 23
30 4 4 36
5 24 31 19
41 33 35 18
35 42 23 3
11 42 21 5
32 29 5 8
36 48 33 18
0 21 37 18
32 32 14 13
40 45 30 32
46 19 25 14
32 27 25 11
12 16 39 21
5 28 20 11
13 29 26 18
29 34 37 19
32 26 0 43
7 22 1 9
26 32 34 21
37 33 16 15
6 39 17 1
29 45 32 16
1 32 45 35
31 27 3 44
10 18 23 46
4 25 23 10
2 22 3 36
25 19 34 3
38 27 40 3
44 47 3 3
32 32 3 22
40 48 21 30
36 46 22 16
25 12 18 18
13 14 41 36
42 44 4 21
38 45 36 15
19 23 35 17
38 31 19 4
41 41 37 16
37 49 7 46
1 30 43 47
37 45 0 33
35 39 1 38
44 26 28 8
8 19 18 14
43 47 35 18
42 44 31 17
35 45 21 23
34 45 36 15
31 31 2 45
37 49 0 16
30 29 7 35
40 47 35 18
36 43 25 12
11 24 31 21
32 38 24 15
35 42 19 18
36 28 34 16
35 45 15 4
7 13 34 18
42 47 26 22
6 24 48 15
38 45 17 21
37 44 32 13
43 27 11 33
7 27 33 22
31 48 37 17
32 47 36 13
37 36 28 6
5 24 34 16
36 30 29 15
46 17 33 17
31 20 9 38
42 43 22 18
32 37 14 18
36 26 34 16
29 32 3 49
25 24 33 15
6 24 33 20
32 37 2 7
11 39 35 13
1 14 23 24
42 29 28 23
30 28 16 26
42 45 36 15
34 34 8 34
23 11 31 20
48 14 23 1
38 21 12 34
34 30 24 43
37 41 20 6
14 32 5 34
33 29 14 9
35 32 3 28
8 21 0 44
9 5 31 17
42 45 7 18
34 49 10 37
37 48 7 41
18 12 37 16
36 48 9 16
36 44 31 19
34 31 11 11
6 16 34 17
13 31 26 5
40 24 3 37
34 35 24 10
8 12 11 20
32 29 16 6
29 33 5 15
17 30 2 44
39 34 31 15
17 31 21 0
45 30 31 15
42 46 12 0
4 32 8 9
2 17 5 6
38 43 27 17
40 29 6 43
35 48 31 16
4 24 33 14
1 25 26 44
38 49 11 35
16 25 8 2
37 42 36 16
16 13 35 22
1 25 14 27
11 29 22 15
33 48 20 4
31 44 25 40
34 23 44 17
35 48 10 18
40 45 3 17
42 47 6 3
35 30 2 31
36 47 7 39
1 32 32 6
39 27 34 7
1 26 5 29
37 49 32 43
33 32 34 21
25 13 0 2
38 31 36 20
31 31 35 21
6 15 2 12
36 43 0 40
8 16 47 20
31 29 24 41
35 26 6 21
39 44 2 3
40 33 14 2
41 31 34 15
2 26 34 20
36 49 13 45
6 35 0 27
