50 1017 19640 800
35 25 32 8
29 16 35 27
28 30 33 40
7 42 10 19
24 1 31 32
28 2 10 5
1 40 24 37
32 38 36 1
36 41 21 28
49 39 26 38
34 38 10 9
35 39 26 9
48 42 14 18
33 6 3 26
43 26 42 44
41 1 37 15
28 13 36 29
32 41 11 31
34 7 11 27
47 3 15 23
4 48 12 37
11 14 19 37
25 46 16 38
39 18 41 30
16 11 15 23
37 38 20 28
31 25 35 36
13 27 18 26
18 43 7 41
24 11 31 41
36 36 48 13
40 36 9 17
34 24 29 4
38 42 26 28
34 11 38 25
16 38 42 28
14 48 29 9
32 23 40 9
46 41 25 34
34 36 37 3
41 49 21 10
38 26 40 34
40 38 30 25
2 23 38 20
40 24 23 28
25 18 26 22
39 45 12 20
30 22 27 38
41 39 11 36
40 22 33 17
37 1 34 35
27 35 14 29
46 42 40 11
36 47 45 26
32 7 43 32
28 7 28 41
36 49 26 23
44 16 12 11
38 12 26 7
32 21 34 44
13 25 24 22
27 12 42 43
32 46 24 29
24 46 22 28
28 2 19 17
31 42 35 14
2 46 23 9
30 46 6 21
34 39 21 35
7 5 43 26
42 46 8 21
25 16 48 28
47 47 35 31
43 15 29 16
9 43 32 32
32 49 14 7
43 45 22 9
17 32 19 12
41 48 31 12
39 10 20 38
34 8 19 23
42 48 24 28
27 37 25 17
35 27 49 26
30 11 19 39
45 40 23 38
38 40 13 29
32 24 23 27
45 44 42 23
44 41 4 49
41 47 21 36
41 16 20 20
45 48 30 2
31 22 45 39
16 8 46 26
21 42 21 26
24 4 16 28
33 7 7 12
25 32 28 29
17 43 47 44
30 47 18 7
38 44 29 19
24 12 17 15
49 33 46 29
40 18 25 24
30 36 13 45
31 15 14 7
30 42 16 49
35 41 41 23
48 11 36 39
34 44 24 26
48 48 8 41
37 20 16 42
7 36 19 38
23 3 25 11
34 7 11 38
15 40 40 37
31 29 48 21
41 29 12 39
17 42 23 11
41 47 34 24
37 34 10 31
41 43 48 25
36 16 0 42
30 44 16 17
29 46 18 11
36 33 30 25
32 14 26 40
36 17 41 16
39 17 8 23
32 19 26 9
23 40 26 48
18 44 8 28
28 17 34 29
3 15 14 38
36 44 20 49
36 17 40 40
44 28 10 38
26 22 4 37
21 18 19 47
18 14 15 26
46 48 28 9
34 6 3 37
14 35 40 44
38 39 17 27
35 38 25 13
25 10 12 32
18 47 7 36
35 8 30 29
37 40 11 24
32 20 32 32
34 48 26 35
26 13 7 33
32 14 21 41
28 28 23 31
13 34 32 21
17 38 31 6
43 48 18 45
23 42 29 20
22 7 28 35
35 10 37 28
13 47 35 27
37 14 24 7
37 35 32 2
13 46 21 40
29 45 13 36
39 15 36 34
33 27 17 18
28 18 43 24
35 44 22 41
41 40 27 40
49 13 32 9
21 10 37 34
34 49 45 28
39 22 48 27
16 14 20 32
17 2 35 17
46 24 9 13
30 37 22 17
10 42 5 43
48 40 11 21
26 20 8 29
35 14 15 13
26 41 13 11
20 26 26 43
31 42 28 28
35 43 31 7
27 21 46 27
32 31 49 32
21 28 39 28
23 12 37 13
39 45 2 33
34 17 42 11
19 45 0 26
37 42 24 7
27 27 15 46
2 41 35 27
45 15 12 23
41 21 46 15
38 28 34 30
28 11 15 16
37 43 24 0
34 34 17 40
25 12 49 36
22 17 12 44
40 21 27 22
27 21 40 3
42 44 28 29
41 44 19 3
16 37 42 11
43 46 36 32
43 47 46 43
34 41 28 12
21 29 34 27
42 42 16 9
28 16 40 21
30 46 43 30
33 42 26 4
38 42 9 45
37 42 33 21
40 10 12 27
28 48 33 29
36 38 32 6
26 10 44 42
44 39 11 19
17 33 31 33
26 31 3 18
41 44 22 13
35 36 26 26
34 46 4 10
44 45 31 25
25 48 21 14
32 32 11 23
37 9 25 10
43 11 29 39
36 1 24 34
39 49 48 19
40 15 22 47
41 18 23 7
17 33 39 22
33 26 41 9
40 43 31 42
46 48 4 41
46 13 36 35
38 7 28 37
28 32 23 25
41 33 36 13
24 11 8 37
40 27 13 11
8 45 25 32
35 17 27 10
37 44 32 44
37 44 17 16
32 15 17 29
30 8 3 45
12 34 28 2
25 0 17 36
31 43 26 6
40 14 47 24
8 47 19 31
21 27 5 49
14 49 21 4
32 5 22 32
0 38 10 6
23 4 40 49
35 7 26 22
4 46 21 15
43 49 26 26
28 26 2 24
35 17 29 12
38 33 34 23
34 8 10 37
27 38 43 6
34 7 22 26
26 8 37 10
46 40 33 44
12 37 35 35
38 3 18 15
44 36 22 39
12 40 26 6
6 45 27 0
31 30 47 35
37 47 34 31
41 36 12 20
29 2 19 43
33 19 22 32
35 46 38 36
11 0 9 39
42 7 27 27
33 35 21 46
21 15 41 32
34 16 0 20
30 37 20 21
39 11 21 45
24 6 23 16
47 8 0 39
29 44 11 23
37 45 27 1
21 3 24 15
37 38 21 49
10 35 28 23
29 27 44 24
34 14 39 26
33 7 4 37
20 11 7 29
24 9 42 21
48 8 14 35
36 28 28 6
38 20 23 16
42 43 34 34
25 25 28 30
40 45 32 23
24 23 15 27
11 14 18 32
44 39 43 17
36 2 40 28
18 6 13 30
42 46 24 35
18 35 0 9
15 45 46 23
26 5 17 27
34 39 38 21
12 43 22 12
16 14 11 40
26 17 44 20
38 8 4 31
44 38 31 12
29 24 36 24
31 28 28 12
46 37 28 16
25 21 13 17
43 39 22 39
30 16 42 17
38 12 1 39
41 32 24 23
40 41 22 38
44 33 13 24
44 9 30 4
9 49 11 15
34 0 22 22
32 32 39 37
32 34 35 26
44 10 42 17
33 16 30 36
33 44 34 31
40 42 6 45
36 44 29 35
41 47 25 10
32 0 13 38
21 19 34 10
34 39 22 39
27 34 35 26
34 26 21 27
32 4 34 30
42 2 29 10
18 41 8 36
27 29 33 34
33 14 18 38
39 42 45 40
39 11 44 35
18 48 8 21
45 43 48 26
41 38 27 36
41 2 20 32
20 13 29 18
29 31 42 35
32 21 35 1
20 49 45 37
43 16 29 17
18 14 30 24
38 41 25 17
37 43 6 40
35 19 25 3
33 43 26 28
39 34 31 41
40 11 26 31
26 39 29 26
22 34 19 29
37 10 17 38
36 8 40 22
44 15 3 34
18 42 25 33
34 43 31 37
22 27 17 37
31 3 30 33
42 41 19 24
34 48 6 36
21 37 12 26
36 41 22 5
43 46 3 23
44 49 25 25
28 45 11 47
30 9 44 29
34 13 7 44
12 25 10 32
25 3 17 21
48 49 46 25
43 44 26 6
42 30 29 44
16 32 30 20
10 22 7 33
25 9 10 14
37 44 35 33
37 49 9 42
7 48 32 37
40 47 11 19
42 12 30 25
22 14 6 23
46 11 36 41
33 5 26 4
19 23 41 27
40 37 15 14
32 11 5 23
25 19 27 39
2 42 20 47
25 39 20 25
34 43 40 16
47 11 5 19
30 39 45 21
0 40 13 30
43 30 19 36
16 41 27 23
35 48 38 31
43 10 25 5
31 13 15 0
8 36 41 15
34 30 29 0
30 38 23 5
31 48 21 25
36 35 22 7
47 11 49 23
47 17 17 44
30 47 31 20
19 34 39 29
13 36 31 17
19 48 49 37
46 5 30 3
33 21 33 36
47 43 11 32
41 30 43 15
36 47 36 12
24 3 19 35
22 40 23 48
39 10 48 23
38 24 1 23
30 22 40 21
31 23 38 13
39 5 24 20
35 30 29 12
41 13 38 17
40 38 21 36
49 49 45 6
40 6 3 21
9 49 15 9
21 5 26 38
3 47 17 15
29 13 43 31
29 46 33 8
35 4 36 29
33 18 49 20
31 13 7 18
32 8 7 13
48 7 19 6
28 37 22 27
22 19 35 42
28 47 2 13
40 9 37 12
17 15 6 28
40 42 25 19
39 33 18 21
3 27 2 8
42 44 24 40
26 19 0 35
27 31 26 12
42 17 22 22
41 31 35 27
10 21 20 10
30 15 19 16
18 47 28 37
38 35 25 27
38 40 30 23
48 36 15 25
15 25 28 7
33 25 43 8
36 12 0 23
30 12 11 16
42 3 20 32
22 18 15 39
7 43 2 32
33 13 40 36
21 33 39 28
34 29 7 44
45 35 14 4
16 38 48 44
42 22 17 44
30 32 40 4
47 48 35 29
33 43 39 14
31 15 18 32
16 1 31 19
45 0 25 7
31 31 24 25
43 13 22 15
16 49 46 40
30 16 30 34
14 42 23 35
39 43 20 17
35 18 29 16
23 43 42 48
34 39 0 15
24 26 9 46
46 23 49 20
35 34 31 16
30 36 44 33
35 46 11 25
24 14 33 19
40 13 30 34
39 6 21 24
27 23 20 10
12 23 19 16
9 47 34 43
35 2 23 39
45 6 49 40
31 17 17 18
39 49 24 28
46 25 36 26
43 12 30 42
21 46 25 47
25 27 41 46
31 36 21 11
44 12 15 11
32 0 2 45
41 1 22 39
34 14 34 29
30 39 9 49
26 46 37 33
36 27 31 19
31 35 38 38
36 14 32 6
38 17 46 25
42 3 9 38
34 34 34 2
33 40 24 5
7 38 12 5
39 5 12 21
35 38 11 8
33 47 8 10
20 49 40 16
33 1 30 30
43 21 23 23
36 27 21 14
34 44 38 32
35 22 44 23
41 40 10 14
42 13 13 25
38 42 41 25
34 24 16 13
32 46 15 35
33 48 5 17
16 43 1 34
44 47 12 46
24 11 21 21
21 39 15 8
39 14 19 46
34 1 18 41
36 10 8 31
35 41 22 42
25 8 10 41
41 45 36 48
36 40 24 36
44 12 27 42
41 38 5 19
14 37 21 44
29 36 12 30
36 22 7 33
35 41 24 9
46 7 5 16
39 39 3 33
45 6 47 48
17 12 27 41
30 13 3 38
44 16 9 3
43 33 21 20
48 43 46 30
22 38 21 21
37 35 38 11
31 17 21 19
43 43 20 26
45 9 21 47
46 45 23 30
18 9 19 42
27 32 19 17
35 40 37 31
16 31 24 48
46 8 35 19
27 19 16 3
37 23 39 28
37 36 24 30
26 40 18 37
35 47 20 37
49 17 25 29
11 34 19 6
38 45 17 34
39 21 16 7
33 40 16 37
20 45 15 24
20 43 22 3
23 19 10 37
45 9 38 39
35 38 33 47
48 16 13 43
39 41 28 32
47 8 29 34
45 1 27 45
43 7 25 30
30 46 48 44
39 41 34 41
36 20 32 29
38 11 22 27
31 13 21 18
18 8 19 12
27 19 13 37
42 36 19 30
28 30 11 36
29 30 20 21
23 20 35 14
13 31 29 32
36 48 34 30
33 43 41 10
0 43 41 22
34 37 48 36
41 12 33 38
21 40 27 4
27 11 44 22
21 45 10 33
28 5 24 15
35 19 10 13
38 30 28 17
48 44 25 30
27 27 30 44
10 42 12 20
38 7 6 48
36 8 16 23
13 41 11 34
36 16 24 29
39 9 5 5
38 40 19 31
39 22 21 48
27 4 24 31
9 21 40 31
27 1 13 9
38 11 15 47
22 15 25 11
33 29 20 13
39 43 27 29
26 14 36 15
42 29 0 46
26 21 44 35
9 47 25 44
38 6 30 29
46 48 3 47
37 41 18 40
42 13 45 20
13 42 44 14
25 25 37 49
45 47 32 20
30 48 23 49
32 40 23 19
40 1 38 35
38 27 24 6
20 10 38 25
34 41 42 24
44 43 43 27
26 7 21 34
38 48 25 26
42 14 39 49
45 42 19 11
41 47 42 7
32 38 39 47
28 34 1 44
49 9 41 28
1 45 45 22
37 41 31 1
41 39 44 44
6 49 37 13
34 48 24 32
44 42 32 1
45 34 34 29
42 35 15 43
17 13 25 34
24 11 42 44
15 39 7 20
47 27 21 16
24 40 48 11
29 18 4 42
39 40 26 22
27 16 41 16
38 25 20 32
44 46 38 23
23 38 25 13
31 46 1 7
27 9 37 27
23 33 20 9
40 46 42 15
30 32 17 39
47 40 42 46
44 48 4 40
44 10 44 39
7 41 13 28
39 31 12 20
21 30 17 17
38 43 28 35
37 47 30 22
26 3 39 37
25 12 17 21
32 2 44 26
14 17 11 9
32 39 5 17
11 44 20 6
25 47 47 23
37 15 44 25
11 49 23 9
34 38 32 23
25 10 10 5
34 32 13 20
41 19 5 16
41 6 15 33
45 34 37 24
40 35 22 3
11 49 16 26
33 40 24 7
31 29 6 18
30 14 44 4
19 21 37 28
22 46 20 29
25 31 39 20
37 42 41 29
47 2 42 30
42 32 28 4
48 46 14 45
38 12 24 28
14 6 29 16
9 41 14 42
45 9 36 29
32 3 33 15
38 41 33 28
39 41 31 2
32 48 15 47
31 24 15 37
36 42 33 10
9 47 26 29
35 45 17 21
16 7 22 35
37 37 19 18
32 46 3 23
36 39 27 13
39 23 4 33
44 12 6 41
29 23 12 36
41 6 37 26
40 42 33 28
9 42 4 14
45 49 35 31
28 23 40 37
49 10 5 41
16 44 0 29
34 40 8 18
5 40 44 17
40 44 26 6
37 49 31 18
41 38 24 11
36 40 17 14
26 37 33 30
27 16 31 40
45 47 31 38
49 15 42 40
30 12 48 16
47 14 34 27
19 49 40 40
39 36 18 7
22 11 10 13
34 9 38 29
41 47 25 39
5 17 29 3
34 12 4 29
35 27 37 18
41 14 17 0
37 46 11 49
22 38 41 24
37 18 5 19
37 40 25 14
37 28 16 33
40 37 34 47
40 45 49 4
17 43 26 28
29 40 29 4
40 26 2 44
31 32 9 44
37 30 41 4
49 32 34 9
46 23 47 27
24 14 20 44
18 17 2 30
32 42 17 46
23 14 20 35
28 14 26 43
26 25 2 41
19 45 22 33
36 42 10 32
18 20 18 40
13 11 37 16
11 30 40 32
28 49 12 26
33 14 39 45
43 39 21 40
26 28 16 12
13 30 30 39
24 45 13 32
40 20 3 40
34 5 18 32
20 19 24 41
38 4 24 24
46 37 16 20
45 17 37 33
24 6 22 14
32 9 9 41
21 15 8 43
17 45 2 26
40 4 15 15
36 3 20 31
17 48 48 33
48 6 5 42
39 26 33 14
37 21 44 48
45 46 12 22
17 24 45 40
44 43 25 38
48 19 35 24
33 28 40 30
23 29 45 25
18 27 11 45
4 26 6 21
36 43 11 29
13 28 31 31
41 37 38 17
46 41 5 38
46 44 19 37
38 46 28 35
32 42 41 34
36 27 22 42
40 35 11 15
47 48 36 29
19 36 4 28
34 34 49 21
32 48 3 33
43 48 38 16
22 11 26 40
31 29 44 43
31 13 26 20
5 43 34 22
38 14 48 23
38 48 26 34
7 18 43 28
39 6 44 9
37 25 45 20
44 7 32 2
21 20 27 30
23 19 37 7
29 24 18 9
37 49 22 32
39 44 24 10
42 18 25 5
27 26 15 30
35 26 7 41
19 33 33 18
40 25 41 20
15 36 43 38
40 9 47 21
39 18 2 45
36 45 6 48
35 42 15 23
37 17 23 23
28 22 43 37
45 31 27 6
13 35 31 18
46 32 33 27
31 16 39 9
27 15 7 13
45 37 2 36
32 28 26 39
37 47 30 34
40 14 13 28
22 12 11 4
42 48 16 40
36 3 26 5
37 32 39 15
42 34 26 7
42 34 22 11
11 36 13 21
37 25 26 49
21 2 29 16
35 29 36 49
42 47 36 17
36 31 1 17
34 15 5 42
25 27 7 34
35 24 5 7
39 46 35 34
30 36 21 4
12 22 24 7
22 33 9 20
16 11 19 36
10 15 7 23
46 42 33 34
28 13 40 47
41 42 28 26
21 36 26 31
48 43 31 20
22 10 16 25
43 11 8 44
32 27 45 27
32 22 33 3
41 44 41 31
43 22 12 35
8 43 17 41
35 40 25 3
37 0 14 42
37 12 41 48
37 27 16 26
32 42 17 25
36 36 43 30
29 33 46 35
39 9 12 27
6 41 24 20
42 16 44 36
44 48 22 8
14 49 18 19
39 44 11 25
21 31 26 41
44 20 12 15
37 15 34 33
31 26 31 9
19 23 39 34
38 47 16 15
32 41 47 26
9 37 33 18
32 9 31 23
39 42 8 49
39 15 16 37
32 26 38 36
16 11 44 9
32 37 17 29
34 9 12 14
36 39 28 28
32 14 7 44
37 19 6 8
36 45 48 27
32 17 5 37
45 44 24 34
35 43 20 49
43 48 16 22
28 43 38 25
24 35 49 28
18 13 38 31
49 41 24 5
16 38 31 25
7 49 47 6
41 38 31 22
13 19 31 3
32 42 44 13
24 1 36 33
21 12 45 42
18 44 13 13
44 49 33 45
30 45 6 38
16 28 18 21
17 48 22 43
2 48 36 29
33 9 38 8
38 7 25 35
42 46 11 25
7 44 23 34
39 18 4 24
38 33 29 36
38 12 19 17
15 48 15 41
38 48 43 20
40 18 14 15
27 34 34 34
32 44 47 42
42 43 49 33
23 15 31 47
39 45 19 29
12 9 15 40
32 6 19 45
32 6 14 35
46 34 40 18
39 44 36 9
42 48 11 49
45 10 13 43
14 36 29 17
29 22 22 22
14 17 29 2
31 33 36 24
37 4 22 44
28 26 7 26
41 9 27 20
34 9 13 25
21 26 42 43
27 10 10 39
38 42 31 26
31 8 43 21
27 4 34 42
45 46 29 44
19 49 23 25
39 43 5 35
43 14 11 17
