50 297 14584 800
9 28 19 34
16 26 5 11
17 36 3 20
5 13 15 24
1 3 30 25
11 0 35 46
8 44 9 25
2 7 16 7
8 39 12 12
37 11 10 16
7 28 38 18
9 26 12 16
7 30 13 24
13 30 5 20
9 26 17 25
20 9 14 43
14 37 13 10
4 33 2 9
16 6 4 17
4 27 10 14
16 12 26 7
8 17 29 41
5 32 3 25
12 26 25 27
6 27 6 8
7 27 6 19
19 30 4 2
19 11 18 29
8 27 21 42
11 34 8 10
10 29 35 48
14 29 45 43
14 20 8 32
15 39 36 10
7 22 24 7
8 31 15 9
12 31 3 19
11 26 14 17
21 27 49 40
7 27 3 6
7 29 12 9
10 28 2 24
1 7 21 20
2 28 19 16
27 4 26 20
8 31 27 22
4 0 12 40
7 21 35 47
12 36 9 15
15 27 15 18
12 3 21 14
13 30 22 12
3 0 11 37
15 23 3 5
8 31 37 44
20 7 7 11
11 27 19 26
2 13 0 30
3 11 20 24
21 13 47 27
5 29 2 15
9 28 13 0
7 25 19 26
24 21 11 6
18 9 21 26
4 4 14 35
12 26 15 30
8 24 24 20
13 20 12 30
9 26 32 38
1 12 8 23
22 10 2 33
34 39 11 14
14 29 20 17
11 26 17 15
10 29 3 23
17 26 6 8
9 41 14 9
4 20 1 11
26 28 17 26
11 9 6 5
3 15 18 42
11 39 6 10
9 25 7 10
15 2 8 8
19 15 20 32
10 36 24 11
11 20 30 20
10 5 18 17
9 23 5 12
8 20 26 30
11 2 0 6
37 17 26 30
12 40 5 6
46 6 39 17
12 27 25 18
18 33 24 41
9 25 19 33
11 27 3 5
11 37 3 23
16 20 7 21
7 24 49 33
19 19 7 20
14 29 30 8
11 28 22 27
5 26 15 3
10 1 14 12
23 23 20 12
3 13 31 5
12 27 7 10
8 15 17 30
12 43 47 47
9 29 9 12
18 26 23 30
14 28 18 33
9 27 13 13
8 21 23 25
8 27 11 29
26 37 27 3
31 7 1 26
8 5 20 0
24 9 6 5
12 22 4 1
12 28 17 24
18 15 3 3
10 31 26 41
9 14 33 14
1 24 27 26
10 3 1 23
11 30 5 15
3 12 21 13
3 21 42 34
9 2 20 25
2 22 17 16
15 38 21 24
1 8 12 19
14 39 11 19
8 12 6 29
14 26 32 31
8 6 20 8
9 29 9 17
8 10 15 15
16 19 18 8
10 6 16 11
12 28 24 27
14 21 28 29
7 24 9 11
19 5 14 8
10 2 46 29
22 13 11 33
9 29 4 11
12 27 19 21
10 31 26 8
0 3 6 13
2 9 9 9
1 7 28 26
13 29 6 9
12 25 31 10
28 9 3 4
8 29 3 11
6 0 26 32
10 29 20 17
8 28 16 14
5 23 15 31
8 32 28 25
35 25 2 11
7 16 11 17
40 27 2 6
8 27 5 16
6 30 8 15
12 26 22 17
8 27 18 23
16 21 2 32
45 6 7 19
13 29 10 5
13 16 4 15
7 38 15 19
8 13 16 11
5 2 20 32
12 39 11 22
10 27 10 20
1 14 1 27
10 27 13 19
21 17 47 43
13 36 13 13
13 26 40 43
18 0 19 29
2 7 28 30
10 32 20 37
13 31 29 29
10 31 18 37
8 18 14 18
16 6 6 18
12 29 43 24
3 33 5 21
8 32 10 26
9 28 14 3
6 1 36 48
10 13 10 1
9 26 12 18
19 13 12 12
6 2 5 9
10 14 10 5
9 35 3 1
11 5 0 10
8 27 2 1
23 9 30 17
11 28 14 12
1 5 10 14
12 24 26 7
15 26 4 0
8 27 30 37
12 27 19 19
4 3 18 41
18 29 30 19
19 19 11 11
11 29 16 16
33 11 19 25
1 7 6 15
11 32 23 30
15 45 23 11
11 29 7 15
30 6 6 14
11 25 2 1
21 20 23 26
9 4 5 18
25 21 10 43
16 31 16 48
9 26 14 22
7 29 4 20
13 17 15 32
13 22 3 6
12 30 3 9
10 30 25 21
12 26 18 25
12 36 9 14
10 34 2 29
6 11 8 3
7 29 15 29
9 30 8 6
12 31 15 10
0 14 21 24
1 13 31 45
8 40 7 24
21 20 23 28
12 30 11 6
14 26 13 30
11 25 8 22
10 6 17 29
12 25 4 7
10 30 16 4
19 20 7 9
9 33 34 7
14 26 42 39
13 17 6 23
13 33 28 28
14 27 19 14
20 25 42 33
8 29 21 18
20 8 23 14
8 27 9 9
10 27 5 16
12 29 24 47
13 38 15 18
19 5 48 48
17 26 19 14
10 39 0 23
10 31 14 42
23 0 22 34
10 27 11 15
22 9 10 12
11 3 17 10
14 26 0 14
9 31 24 40
20 7 25 49
14 16 8 26
14 40 42 23
8 31 25 26
14 21 24 29
12 31 9 1
9 27 20 17
3 9 7 18
25 20 41 45
1 11 10 2
11 13 26 29
22 10 11 7
17 27 43 49
8 4 8 17
11 30 27 40
7 40 1 4
18 17 12 10
13 27 4 26
1 10 23 22
10 27 42 35
18 0 4 21
6 30 23 26
7 29 13 24
