50 175 12448 800
24 42 10 29
40 36 43 31
17 43 28 31
48 35 32 41
37 22 26 32
45 44 40 16
12 24 24 9
33 5 27 22
6 33 32 38
22 17 24 24
44 26 5 35
49 39 39 20
38 27 15 29
39 1 9 26
34 43 36 35
16 20 42 44
19 44 27 43
42 26 40 42
45 37 16 13
20 32 33 8
26 16 14 45
15 38 42 39
23 22 44 37
45 15 25 16
12 23 49 6
15 35 29 39
11 35 38 19
30 22 17 33
18 22 32 7
44 29 33 41
45 16 22 45
30 37 7 40
39 20 35 36
19 19 26 28
10 27 33 36
13 37 19 9
45 20 35 14
41 17 26 19
33 49 34 16
39 13 49 32
21 41 17 29
47 29 34 24
16 19 44 37
6 30 42 25
14 20 35 31
36 40 32 15
10 26 21 21
17 43 37 16
19 24 4 40
49 45 22 19
20 28 7 25
14 43 39 43
25 17 42 39
36 22 9 33
6 32 39 12
7 29 42 40
5 40 30 19
13 23 2 29
25 21 45 22
22 7 39 41
13 15 36 32
16 47 25 16
34 34 36 11
21 13 32 31
34 28 26 18
30 28 35 1
23 19 23 44
33 39 12 48
40 22 26 17
14 26 36 37
26 3 38 35
11 35 27 43
30 10 47 10
29 12 10 31
17 25 37 47
25 23 46 34
30 34 23 14
48 32 37 40
34 17 48 33
28 41 25 16
36 8 35 16
31 4 9 32
17 35 46 26
26 43 33 37
19 15 34 20
7 10 5 35
42 24 49 31
10 23 35 40
21 16 43 34
30 11 22 38
29 26 4 30
46 18 27 26
0 24 4 48
15 24 36 34
24 3 42 37
20 25 17 42
10 40 47 12
23 31 43 38
25 41 33 12
30 12 49 32
3 46 34 38
46 21 27 46
44 15 40 38
46 33 26 23
27 16 44 8
37 10 40 6
13 25 33 46
22 45 42 24
6 28 3 3
29 23 41 25
30 14 18 25
17 41 38 34
31 43 34 24
24 40 1 27
39 9 3 22
19 16 32 38
13 31 43 35
25 19 16 36
14 31 13 37
27 14 2 20
25 22 24 43
38 9 49 46
49 25 37 29
2 28 17 33
35 20 26 44
14 41 6 12
41 10 12 42
43 11 12 34
21 30 35 32
49 20 20 16
5 22 26 3
23 28 37 31
34 18 27 9
11 31 48 30
34 17 38 36
33 11 27 16
30 20 21 41
46 28 31 30
7 35 1 27
30 25 33 48
30 10 23 39
30 7 13 40
28 25 37 41
43 25 40 21
26 19 23 40
41 44 26 17
27 32 39 25
6 43 13 27
34 30 26 30
23 35 47 37
40 17 47 25
25 47 34 32
28 29 49 29
18 30 34 27
5 28 36 32
14 24 2 30
31 18 47 46
24 24 33 42
35 40 28 42
32 30 25 46
7 37 34 43
22 19 34 13
40 22 48 18
43 30 46 33
10 49 45 46
4 42 17 2
26 41 32 31
29 17 34 34
2 27 42 21
26 33 33 44
31 41 28 28
13 22 27 27
41 31 48 36
9 29 15 32
34 28 40 43
