50 270 16467 800
43 15 30 13
20 12 20 26
39 44 34 21
36 43 15 24
19 40 41 17
31 28 18 34
41 5 30 17
35 41 33 17
39 39 42 16
49 11 24 18
17 17 19 2
23 26 12 19
37 3 22 20
28 42 32 10
39 1 11 21
35 46 14 8
42 7 36 11
43 46 4 42
32 18 45 39
26 22 3 12
36 44 23 19
44 1 26 32
24 19 17 4
33 30 20 25
26 21 9 45
32 36 37 15
14 23 12 11
23 28 28 10
33 42 24 17
39 47 13 40
36 39 12 24
8 22 39 1
42 42 20 12
43 4 10 30
21 18 31 19
44 21 17 30
21 26 20 32
42 7 23 12
38 1 33 20
15 11 38 3
46 30 23 11
33 47 10 16
40 44 2 21
36 29 20 2
44 4 25 16
43 1 36 21
23 23 33 10
32 40 34 15
41 2 21 39
17 12 26 1
39 1 27 16
35 40 38 11
27 33 29 21
3 44 43 10
24 1 28 2
42 8 27 18
36 38 19 12
39 42 30 22
38 36 2 23
31 11 13 12
22 13 22 7
23 18 32 33
17 20 12 47
29 47 6 45
45 4 34 21
48 38 18 23
38 47 41 31
37 40 23 30
35 36 27 16
31 48 29 25
31 40 26 19
35 40 38 26
24 16 32 21
44 7 19 0
27 47 36 19
23 33 28 14
30 41 21 23
39 38 29 24
29 38 30 18
43 44 31 37
15 18 5 14
10 26 29 16
38 42 30 23
38 46 8 26
20 15 45 5
36 16 35 24
34 40 31 17
37 43 29 13
2 24 31 14
40 44 46 13
16 13 23 48
38 43 6 43
33 20 42 15
24 40 17 28
16 12 7 31
29 14 46 27
44 2 36 18
33 14 27 29
38 32 30 22
41 3 30 23
4 43 12 48
36 28 17 26
20 2 32 15
35 34 16 24
24 4 10 9
20 17 27 16
38 41 14 39
18 14 7 48
25 40 21 0
19 15 10 28
27 34 14 22
25 27 44 19
31 44 24 19
39 43 23 22
47 3 31 9
16 30 29 28
31 41 10 44
18 15 7 42
21 31 29 32
15 24 35 26
18 4 3 11
8 27 9 31
34 34 27 18
33 25 13 17
41 46 33 19
36 12 45 9
43 37 25 10
29 44 32 35
31 48 37 17
25 42 44 18
17 10 27 19
42 2 31 18
31 37 47 10
10 26 19 32
42 0 17 30
42 5 4 48
10 22 26 24
16 28 26 29
36 32 25 41
35 40 22 24
28 22 15 4
30 2 31 18
19 16 0 32
41 42 38 5
22 10 43 8
20 28 5 45
43 41 13 20
44 6 26 18
35 43 20 49
35 42 21 12
30 45 15 21
24 4 8 10
23 18 26 22
22 16 11 29
33 23 10 41
24 11 26 23
32 17 28 18
22 6 11 9
29 11 18 11
21 12 36 13
34 12 31 14
37 45 11 34
33 21 3 23
13 12 28 40
40 45 13 24
28 8 6 42
31 45 25 16
26 43 24 18
35 47 15 24
44 0 19 15
25 25 15 34
15 26 28 24
17 12 9 30
9 10 29 20
19 15 30 23
34 38 35 13
22 8 32 22
29 40 28 34
38 41 3 34
23 18 4 35
21 44 12 34
32 47 0 44
3 33 8 16
23 17 34 26
49 33 30 18
24 36 30 37
40 45 23 8
33 49 17 24
17 14 24 23
43 5 24 20
25 44 47 37
41 44 33 35
30 16 19 28
23 17 32 12
20 29 37 14
13 21 24 44
45 4 18 23
35 14 10 4
36 42 40 31
43 4 13 26
27 41 32 15
33 40 23 23
23 10 39 3
14 1 26 21
20 12 25 7
28 23 24 4
5 2 20 19
40 26 13 29
35 16 31 24
30 37 16 32
30 39 9 24
33 13 17 32
7 37 5 30
26 23 20 15
35 44 2 20
35 46 28 21
19 14 17 37
21 13 22 43
29 39 23 18
31 19 26 15
15 9 30 19
42 3 11 43
27 12 32 20
45 17 8 8
48 36 8 39
44 4 25 13
37 7 26 13
1 24 9 41
39 40 32 22
38 11 19 28
35 48 33 20
11 12 14 21
34 48 26 25
4 15 28 20
29 45 13 4
44 6 11 16
21 26 26 25
42 0 12 46
3 9 9 18
24 40 28 19
26 36 41 10
14 16 20 48
26 29 30 19
47 3 6 18
29 47 44 36
14 14 37 20
46 32 28 6
9 37 13 1
46 33 31 23
43 45 27 22
22 39 29 16
15 17 2 39
45 4 22 40
33 43 45 36
39 40 20 32
37 42 20 49
18 37 28 25
39 3 13 22
29 28 11 25
39 18 15 8
25 46 26 20
40 5 9 26
28 41 42 15
34 43 24 20
16 22 10 27
37 45 26 17
42 0 21 42
33 43 1 44
45 4 49 20
25 27 29 22
