50 781 15008 800
14 24 13 13
17 28 36 5
8 23 2 3
5 37 47 3
11 45 43 20
20 27 9 33
3 38 39 15
2 45 26 16
36 15 45 1
26 22 34 28
19 18 7 30
11 22 19 44
7 33 32 5
33 15 48 27
21 9 27 11
34 11 20 7
31 32 5 0
8 43 12 32
10 26 36 17
1 42 35 9
16 27 48 13
29 20 18 12
24 28 41 19
25 27 29 18
10 44 3 33
8 40 13 30
7 43 24 3
27 38 4 30
10 36 22 34
9 38 8 7
32 47 19 6
23 25 24 4
27 11 18 32
7 44 5 33
25 16 9 28
14 5 41 27
26 26 43 13
13 49 15 19
1 16 32 45
8 45 9 21
23 38 17 21
19 13 31 6
17 28 25 2
31 3 17 39
20 24 12 36
21 20 16 15
20 18 44 12
9 22 31 7
11 39 17 4
10 23 28 16
18 28 9 24
12 37 14 32
19 27 40 35
19 20 23 43
13 24 35 10
14 35 33 31
2 13 11 41
18 33 20 14
11 25 26 7
13 23 33 22
25 17 3 42
12 24 7 27
21 2 31 41
25 0 27 15
25 16 43 33
2 44 34 16
14 24 21 8
23 25 8 11
34 4 31 6
19 30 10 34
24 20 4 23
14 35 18 33
7 45 19 25
20 26 35 20
17 2 22 33
8 20 7 13
13 40 7 7
18 18 12 39
18 38 33 24
33 30 13 16
5 19 47 20
12 43 14 34
23 22 1 15
26 30 36 7
17 29 7 36
27 21 7 18
13 24 33 29
14 43 8 27
35 23 47 20
16 26 42 38
28 16 18 21
29 28 29 16
30 18 25 7
13 8 21 40
29 33 23 5
24 19 26 39
26 17 23 3
13 47 16 17
18 22 30 29
19 20 29 2
23 16 24 12
32 22 11 11
7 7 27 12
35 14 30 30
25 17 8 23
19 21 20 5
11 39 41 26
12 7 48 18
1 21 29 7
39 12 10 22
13 26 24 0
26 4 44 12
6 20 12 22
7 19 28 4
4 19 1 36
32 20 45 26
21 14 16 31
27 6 18 17
12 22 6 33
9 37 7 33
35 8 24 21
14 29 28 16
11 24 7 47
44 35 25 32
14 25 46 28
16 16 19 5
39 6 24 20
31 27 35 7
3 41 21 6
9 37 41 26
23 31 15 38
26 17 20 19
19 33 39 19
6 38 14 22
3 46 34 16
7 41 13 31
6 22 2 32
36 21 30 17
19 45 39 17
7 45 44 25
20 27 48 49
4 17 33 0
31 44 31 30
39 5 33 23
31 25 26 10
16 19 16 31
18 43 18 21
26 17 46 14
16 16 32 39
7 38 2 22
16 37 8 15
25 29 36 21
0 19 4 29
8 21 9 16
8 25 20 7
5 39 36 22
19 29 7 36
17 21 20 37
5 24 35 36
13 19 47 16
10 40 23 32
16 35 35 8
21 31 22 19
6 43 45 19
30 39 44 37
26 25 40 4
14 6 32 4
18 23 6 42
20 21 24 28
11 37 33 7
4 13 45 32
14 37 41 34
12 6 9 33
22 25 15 4
24 34 38 13
12 23 46 8
16 19 41 10
23 25 36 19
26 39 30 4
17 6 15 23
3 44 44 20
33 21 9 41
16 18 27 2
41 41 8 31
29 12 25 28
14 18 7 41
18 15 11 17
25 27 25 6
25 20 26 0
5 43 45 29
19 44 2 41
26 28 32 7
9 25 38 43
6 41 35 20
14 21 15 27
9 32 3 25
27 24 20 16
27 20 36 20
22 13 25 16
19 45 40 1
16 12 25 34
5 46 27 25
16 26 14 32
25 21 30 13
11 18 12 27
9 23 43 15
36 17 12 23
26 8 1 17
16 19 40 11
21 8 28 21
7 42 41 24
10 19 13 28
12 25 41 13
17 20 4 13
8 20 39 30
8 21 22 10
6 39 23 9
5 37 25 5
22 16 7 39
26 19 6 43
10 25 42 19
24 3 32 28
24 27 7 39
20 22 29 6
6 40 10 10
0 38 33 5
38 21 48 25
24 31 39 22
22 13 22 0
15 26 22 9
0 46 42 31
15 22 8 36
4 42 29 4
18 21 48 24
17 23 46 46
15 23 9 12
10 45 48 7
5 45 21 12
13 37 11 28
40 9 6 30
15 23 3 27
17 18 9 22
44 33 10 47
21 16 18 8
9 44 10 31
26 30 7 42
9 24 9 40
29 26 42 38
2 36 30 9
10 17 22 17
31 15 17 40
12 46 34 34
23 40 10 37
11 28 48 15
7 43 12 13
17 20 16 26
18 22 29 25
28 5 11 36
29 13 10 48
33 6 15 43
18 25 29 4
3 46 27 11
7 23 6 34
2 45 16 41
7 45 34 25
7 39 10 30
8 41 27 38
15 31 40 38
4 38 49 33
5 36 46 18
45 8 37 11
2 45 13 13
24 16 24 7
15 21 27 14
20 7 1 31
3 42 27 25
3 23 15 1
32 41 42 29
4 45 13 38
11 20 30 25
39 18 10 7
15 13 42 41
24 9 45 3
3 43 4 25
7 42 10 32
19 10 31 12
12 24 35 5
15 30 19 32
14 21 15 33
39 5 30 31
19 31 15 19
4 35 4 25
14 25 12 10
19 17 38 23
4 41 1 47
14 22 27 13
3 36 46 3
32 47 14 20
16 25 21 22
35 20 12 2
17 18 20 12
0 35 26 29
33 31 6 33
10 19 42 21
16 21 13 35
30 23 16 18
31 24 34 14
37 12 6 24
22 30 1 38
29 18 22 27
24 20 12 7
13 42 7 32
13 25 23 5
37 34 5 47
13 24 17 27
22 18 1 42
37 17 20 6
29 23 33 13
18 1 25 2
16 34 19 11
2 34 27 8
5 38 25 24
6 36 1 17
22 28 25 3
10 40 41 24
6 45 6 11
4 49 15 38
17 14 28 31
30 17 3 14
14 17 36 27
3 19 2 2
12 25 45 25
14 33 9 41
24 33 7 16
1 28 40 19
19 26 17 4
39 10 31 4
13 8 4 19
16 34 23 9
42 38 15 3
14 11 9 23
17 13 24 7
4 46 30 10
16 25 29 19
6 34 18 36
19 22 12 15
14 27 22 2
10 38 18 44
40 18 5 36
23 1 34 14
25 14 12 12
9 46 28 16
14 2 28 20
36 14 46 30
15 35 34 39
25 29 7 19
42 24 46 7
20 15 41 14
25 19 28 8
23 23 20 33
35 28 40 28
2 15 13 28
6 41 33 21
25 25 0 16
3 33 2 4
20 30 44 20
31 35 36 14
9 37 49 29
10 37 34 29
21 30 4 18
23 16 39 14
24 29 10 34
28 24 13 27
22 23 9 0
14 26 26 11
31 17 6 46
8 12 25 3
13 43 33 21
30 21 21 13
6 21 40 19
38 33 37 44
16 27 13 35
22 23 11 26
4 22 31 29
14 17 42 13
20 7 10 26
19 26 45 36
29 20 20 0
29 32 3 14
11 19 5 27
12 42 5 18
30 34 48 38
14 22 21 17
22 29 12 23
6 21 14 20
23 17 19 24
17 39 4 17
20 15 49 15
43 15 26 5
32 29 30 1
8 32 14 11
36 19 22 25
8 43 41 12
12 21 24 20
7 28 12 22
10 14 22 19
8 45 47 26
14 22 6 28
11 42 7 24
25 14 39 23
25 13 41 26
22 20 24 27
13 22 18 42
9 38 14 20
7 41 32 10
45 24 10 15
20 9 17 30
17 15 39 27
17 21 45 24
22 13 11 25
39 14 27 48
16 20 7 36
7 23 13 44
12 20 39 22
13 38 30 14
8 23 26 7
17 8 31 10
14 23 1 43
5 32 4 15
4 38 38 22
44 16 29 13
34 14 26 37
5 46 38 24
29 31 44 14
23 24 31 37
1 33 39 26
27 27 48 17
8 38 27 13
39 22 8 31
12 44 21 9
35 30 9 26
21 27 6 34
12 45 23 11
9 38 19 12
23 13 38 13
21 18 44 1
31 24 15 27
30 25 47 36
11 9 16 35
5 35 14 9
24 40 32 6
25 17 32 33
22 17 44 12
18 16 24 11
4 42 11 18
1 5 0 41
14 26 35 16
17 15 45 27
22 10 32 15
11 34 20 24
20 17 19 37
6 44 22 30
13 22 48 36
16 10 17 21
16 14 30 5
6 47 9 25
11 39 42 16
21 35 8 28
15 27 11 14
30 49 42 40
10 42 27 9
15 20 44 10
16 7 12 35
35 27 26 14
22 36 48 18
15 29 7 31
0 28 21 30
27 16 19 13
29 23 10 12
23 23 8 19
26 15 28 29
0 19 43 32
23 26 23 14
39 33 29 25
14 5 20 4
25 14 15 6
27 18 22 35
2 22 28 8
3 7 33 15
18 24 37 26
24 19 28 23
30 15 10 35
21 4 17 8
25 40 11 18
4 42 18 29
23 21 10 25
47 22 10 30
27 35 13 35
20 23 20 2
9 6 34 8
32 24 10 46
13 23 4 30
31 19 42 14
12 25 32 9
30 14 7 26
21 19 6 36
28 21 30 1
39 22 3 9
25 6 15 18
5 30 23 8
29 30 35 30
21 6 10 41
18 13 36 16
21 12 29 6
29 3 29 31
6 39 48 30
21 4 21 21
10 46 23 13
32 36 9 15
6 40 9 34
17 21 11 27
18 37 28 3
22 19 29 3
25 17 21 2
32 34 26 7
32 10 27 41
32 22 19 13
22 17 13 25
15 19 44 47
14 26 31 0
26 6 12 45
7 41 2 31
8 30 29 16
13 19 5 39
28 24 21 27
15 19 4 30
18 22 15 19
16 17 0 6
35 18 25 3
27 32 37 40
14 18 7 49
22 23 9 40
5 35 1 29
23 47 18 24
11 43 11 9
13 30 26 13
18 11 32 9
18 3 46 11
14 43 34 18
9 39 12 33
8 33 39 32
12 16 28 36
8 38 36 10
8 42 13 15
11 41 23 30
2 31 13 22
14 22 34 1
24 26 5 30
28 28 3 2
14 2 31 29
14 23 31 26
11 20 12 4
6 23 6 28
14 45 35 5
13 49 6 40
11 22 39 1
9 28 35 10
5 39 29 5
16 15 29 2
28 21 23 1
11 31 42 8
14 13 16 32
29 23 31 33
21 11 14 20
11 24 5 22
11 35 10 40
21 25 30 14
8 24 18 5
24 25 41 21
2 46 5 48
13 12 37 27
25 16 24 23
8 44 5 25
2 39 21 17
10 42 4 30
3 40 7 24
5 39 14 18
16 23 3 19
9 19 17 20
5 38 14 32
4 41 31 2
10 39 28 6
33 25 19 29
15 30 45 25
2 41 0 30
10 25 36 21
6 22 11 22
13 28 16 3
5 38 29 18
10 22 13 25
19 34 40 17
38 41 10 35
29 21 19 30
17 24 49 40
23 30 44 25
7 25 19 46
30 26 28 13
1 40 45 30
11 42 46 0
14 23 24 12
22 14 28 17
16 9 29 32
20 37 33 15
27 6 9 35
31 20 34 6
8 44 23 30
35 25 26 4
10 21 47 14
26 38 9 41
30 31 9 26
10 27 30 35
3 39 39 11
19 38 5 15
31 10 4 28
16 15 26 11
24 26 32 18
18 16 3 26
23 22 0 26
9 41 28 24
9 39 21 1
6 22 11 43
10 21 25 23
21 6 42 11
23 44 38 34
16 19 4 44
9 24 17 26
8 26 14 39
42 25 39 33
13 24 7 23
11 23 32 15
15 22 26 10
23 13 31 3
13 10 4 17
24 13 13 9
10 14 11 18
18 18 19 9
26 24 32 22
14 17 14 3
25 26 36 34
26 10 19 13
9 13 39 6
8 28 38 16
13 5 31 6
35 35 18 23
47 5 29 4
22 20 9 27
5 41 22 30
28 20 4 15
18 8 3 26
16 24 24 9
15 29 32 11
16 20 45 22
8 27 48 30
41 23 47 9
6 45 42 8
14 20 42 16
24 0 34 35
9 23 30 18
25 16 29 34
2 45 19 22
35 6 22 8
8 25 38 9
17 3 28 30
12 16 10 20
16 25 28 21
27 30 44 14
7 38 21 15
19 36 6 13
25 35 14 4
6 41 45 32
19 19 16 11
13 37 15 22
7 34 17 35
10 40 42 20
19 25 13 42
7 39 16 4
16 43 7 1
18 17 4 19
9 30 18 29
4 43 1 34
9 17 2 41
5 47 34 11
29 32 18 25
23 47 32 26
7 19 28 5
16 26 44 42
9 28 40 6
5 48 36 0
18 15 16 7
30 23 20 23
7 45 19 21
31 29 28 24
23 27 5 0
17 38 7 34
22 24 29 8
23 15 46 11
31 24 28 11
8 45 12 12
21 22 17 8
17 16 39 25
26 34 30 17
28 12 5 12
11 18 22 2
6 32 8 37
7 43 43 3
18 8 45 26
38 24 12 27
5 43 6 14
21 19 24 10
6 39 39 9
15 20 35 18
25 40 38 5
44 9 2 25
14 28 2 13
23 17 32 23
20 17 49 45
12 44 35 23
20 22 33 4
10 48 29 31
27 20 44 11
38 46 27 11
40 28 8 30
18 25 37 26
23 3 35 8
24 25 9 3
9 41 33 6
25 24 25 19
26 13 30 30
19 31 11 34
12 25 3 37
22 14 29 32
24 24 17 16
40 23 18 2
4 44 48 26
25 7 7 28
20 37 42 7
14 29 18 17
18 30 16 6
37 8 44 8
20 14 16 35
25 12 14 21
9 23 28 23
13 25 48 24
2 47 2 12
18 12 36 21
26 32 2 29
21 36 23 3
21 41 12 21
41 8 13 10
3 18 13 18
22 18 26 6
12 15 23 12
17 29 1 41
28 36 12 19
16 22 9 40
20 36 1 19
9 21 9 42
32 20 23 8
19 16 46 21
12 24 3 12
41 15 24 3
27 14 39 48
7 30 47 23
14 24 10 14
27 17 35 14
8 27 36 9
14 31 34 25
9 28 23 14
17 15 1 32
31 19 29 0
6 48 13 13
