50 77 14434 800
16 41 41 18
14 30 29 1
10 18 9 31
28 25 40 23
11 45 48 25
3 17 20 13
12 39 8 48
49 46 4 4
0 36 28 26
13 35 18 18
47 31 44 33
3 42 23 8
19 41 19 23
29 31 34 6
5 14 48 20
9 40 25 9
10 16 49 7
13 39 34 37
15 39 42 36
41 14 46 28
0 16 43 40
11 46 41 7
49 27 30 34
17 39 38 45
15 38 20 14
16 42 21 14
29 30 34 7
49 30 35 9
33 28 38 38
15 32 36 25
26 31 43 8
25 33 14 15
48 38 32 30
21 26 11 21
6 14 45 40
5 12 34 8
11 45 37 44
43 33 35 9
11 24 46 48
22 29 4 41
0 16 26 29
26 20 18 25
4 17 17 25
15 40 44 43
38 46 49 46
49 42 43 7
45 44 42 30
9 41 38 35
38 10 42 26
16 38 37 40
48 35 29 8
15 36 38 27
14 40 24 14
7 20 21 12
24 29 49 34
40 40 24 0
48 41 39 35
2 20 7 40
15 32 41 22
18 41 31 3
12 42 42 32
10 15 48 48
12 39 43 33
7 43 41 47
42 46 47 29
8 16 36 34
43 41 30 16
13 37 49 43
39 34 32 34
44 40 48 25
36 42 38 23
9 42 35 22
12 32 16 10
16 34 23 28
8 11 42 3
25 25 49 2
33 39 40 43
