50 926 15227 800
16 41 24 27
43 6 38 7
42 5 17 45
37 18 20 15
42 9 27 20
24 24 9 25
40 8 48 3
41 2 30 33
43 43 26 41
40 49 45 17
9 14 9 6
39 11 6 11
36 7 26 22
39 1 2 12
40 9 4 16
29 16 20 16
35 3 28 22
21 33 36 19
41 9 24 25
41 6 19 49
36 10 6 11
22 36 19 41
26 26 13 48
15 26 32 27
21 22 29 9
13 15 26 46
46 4 36 37
20 28 2 27
35 23 4 25
37 41 18 45
35 32 25 11
41 46 23 39
48 15 21 12
14 3 30 45
15 7 44 1
38 21 9 13
22 14 27 22
41 43 18 3
45 28 23 10
44 28 17 4
32 6 36 1
19 28 33 17
41 23 24 46
46 9 40 17
38 31 40 9
40 17 10 31
42 12 5 16
42 31 23 11
19 20 35 9
37 39 21 16
39 35 43 24
39 8 32 39
32 25 28 18
26 33 36 3
37 45 17 17
27 47 23 34
19 34 34 24
46 19 32 30
23 13 41 35
41 6 30 27
31 28 15 15
21 14 7 22
25 42 40 18
24 13 18 32
21 33 23 14
42 45 18 31
49 0 17 15
19 26 36 14
13 36 14 21
15 39 17 21
20 19 8 33
28 16 41 35
18 15 21 11
42 5 22 10
21 13 41 27
20 9 30 37
30 4 20 35
27 44 35 49
31 48 26 22
47 39 26 17
31 46 18 32
40 11 38 25
27 43 15 42
41 11 23 34
31 36 12 39
22 10 24 20
42 8 19 12
21 16 25 5
40 9 24 35
49 33 23 15
40 34 20 36
38 41 16 7
30 31 19 9
34 40 20 38
14 6 32 20
18 48 9 6
41 49 32 32
20 37 22 42
16 30 10 29
45 4 19 37
18 19 4 34
20 23 24 36
27 8 17 42
12 23 42 36
39 18 18 32
47 30 25 24
24 29 11 16
14 33 24 37
38 11 23 42
49 43 43 12
25 34 13 16
17 30 32 20
38 27 14 35
33 21 9 29
27 40 11 37
18 26 19 41
29 24 21 17
36 33 5 47
23 37 30 16
45 38 18 9
23 35 15 28
43 7 26 14
36 31 6 13
41 9 20 20
39 2 16 11
19 23 30 6
46 41 37 14
32 18 33 23
47 20 30 30
14 37 20 5
20 18 48 14
41 21 42 38
38 8 6 4
49 19 8 17
30 14 23 17
5 19 28 33
37 13 9 40
23 25 33 2
45 10 11 32
38 10 45 35
28 21 4 0
37 7 20 9
27 11 37 37
46 33 3 8
46 10 45 19
28 3 15 24
46 44 25 3
10 24 48 25
34 8 8 7
46 13 20 22
23 40 2 40
44 5 24 24
48 20 18 1
48 10 26 4
49 11 13 8
40 40 41 48
45 9 36 46
38 8 29 6
46 7 2 36
24 31 21 19
22 7 17 38
23 47 17 10
38 10 1 40
45 3 38 2
38 32 15 27
35 23 18 0
28 22 20 5
39 1 41 45
42 47 20 15
45 6 15 16
15 17 18 22
48 1 10 15
36 12 29 27
48 22 27 4
46 30 22 30
47 3 49 7
44 46 22 46
40 31 19 7
46 3 0 47
31 3 31 24
19 12 33 12
16 21 13 8
39 0 44 2
42 36 0 31
43 26 42 8
33 23 21 10
49 5 33 40
44 8 1 10
34 30 13 5
3 20 6 30
28 43 11 32
37 14 43 14
18 4 14 40
48 30 21 47
1 26 31 20
39 44 47 14
44 34 24 49
33 21 17 34
48 5 24 8
30 19 43 38
26 7 31 21
41 6 28 31
42 9 21 30
13 24 15 18
33 34 29 39
0 28 22 49
46 12 18 46
16 43 27 24
22 3 14 9
16 38 43 11
41 7 17 7
44 47 20 10
19 23 37 14
24 14 12 21
41 8 45 3
39 12 30 23
22 41 35 16
40 7 48 7
30 37 44 4
40 12 16 15
49 7 16 42
33 37 29 11
31 22 18 39
25 38 30 34
42 16 12 7
40 9 44 24
23 19 39 8
40 10 13 25
18 30 13 16
38 31 15 9
37 36 18 18
40 27 44 6
47 24 32 28
24 21 18 5
41 35 20 31
15 2 45 7
12 44 28 13
39 38 39 20
22 8 46 18
38 31 17 18
42 6 36 14
10 42 17 26
12 22 6 13
45 4 22 27
28 29 49 11
46 6 9 39
42 47 45 21
38 11 32 28
44 0 34 8
24 37 29 41
11 6 15 5
37 26 41 21
14 4 5 33
47 29 20 6
39 9 31 2
28 10 17 35
45 36 18 18
20 30 32 25
14 13 5 7
19 16 37 39
32 22 17 33
18 30 40 20
20 35 11 10
14 21 4 32
42 22 16 4
45 10 25 25
11 18 9 0
30 22 23 18
17 26 10 31
37 7 38 36
24 18 39 15
17 29 41 17
35 48 15 18
33 6 25 49
27 17 19 30
24 10 7 40
48 3 28 45
44 30 22 13
47 49 29 3
24 43 32 31
26 19 33 27
41 12 36 14
29 30 29 21
46 24 42 6
12 21 30 7
47 6 31 22
15 36 12 10
47 17 35 26
36 9 30 46
24 42 10 34
19 21 32 34
41 48 20 40
39 21 1 15
17 14 22 19
46 8 22 34
38 13 7 17
40 43 2 16
45 19 7 36
14 12 20 27
44 8 4 37
22 32 13 39
34 9 10 24
39 40 24 46
3 35 26 48
49 5 23 5
29 24 39 20
22 17 29 28
17 34 30 36
5 14 29 31
45 3 47 11
35 0 36 13
23 24 25 38
19 44 21 18
24 19 49 16
24 12 23 20
32 26 37 10
34 27 30 37
25 21 19 7
24 41 1 26
28 31 23 42
24 35 15 28
43 45 14 32
29 40 7 46
13 9 35 24
0 4 22 23
40 10 18 12
24 19 23 36
49 5 32 37
31 33 36 11
36 12 22 21
18 23 13 14
41 4 21 32
13 17 36 20
45 6 29 11
37 12 12 34
40 9 48 27
23 14 24 18
23 24 28 11
19 37 12 28
47 1 20 34
48 1 17 11
40 8 21 28
17 18 22 39
17 30 12 30
36 28 18 38
15 17 4 16
12 20 35 44
30 28 20 17
42 7 18 0
41 37 42 23
7 20 19 37
27 7 14 28
20 19 39 26
32 45 12 11
16 20 30 39
20 39 41 25
14 35 13 29
42 29 41 41
16 34 7 10
44 2 18 3
33 14 3 3
37 9 30 46
42 9 1 14
40 45 14 7
20 12 33 33
44 6 30 15
40 9 28 13
40 9 19 15
21 19 31 30
36 49 17 17
41 8 43 23
44 8 47 17
30 31 11 11
15 39 12 32
18 36 26 41
30 17 14 44
39 35 27 39
23 36 18 31
20 26 37 43
5 33 26 6
29 42 6 13
25 44 31 23
8 19 25 23
44 26 44 12
38 26 3 16
28 19 34 3
32 32 31 40
36 45 8 17
12 28 24 9
32 25 10 43
41 10 7 46
40 10 10 15
43 0 47 12
14 30 24 45
26 37 4 46
19 33 26 33
34 2 27 38
42 39 31 48
49 5 31 16
48 34 18 26
47 46 20 49
10 9 15 13
19 37 19 30
40 21 33 11
44 43 20 8
42 9 17 32
44 40 19 15
31 21 25 19
49 23 32 15
22 19 26 35
43 9 44 37
43 15 10 42
43 18 18 45
37 2 16 34
16 22 38 5
19 28 39 21
18 40 32 39
36 8 22 27
48 25 33 44
21 18 5 28
29 25 27 21
19 28 31 43
5 21 45 4
42 30 10 27
23 16 43 28
46 1 27 43
45 8 15 47
39 15 37 19
27 32 43 41
38 13 29 17
10 3 23 25
9 12 45 21
25 2 18 47
46 7 46 19
26 30 22 47
32 29 26 33
5 40 17 33
32 22 31 17
14 23 24 24
29 23 26 14
33 25 12 43
28 24 15 37
43 3 35 40
41 8 33 7
42 13 7 34
27 25 25 28
42 36 14 23
41 14 26 14
43 11 22 28
25 45 15 5
41 12 22 4
35 36 32 22
15 27 20 27
15 28 2 2
40 6 44 29
32 5 33 13
47 48 30 15
8 15 27 1
43 26 27 40
39 12 47 33
41 5 21 37
43 0 19 12
9 0 14 49
5 19 20 38
35 4 37 15
47 38 23 9
42 5 26 6
48 41 8 8
44 8 20 47
47 9 35 48
37 31 6 35
26 12 29 34
13 14 31 18
16 25 21 16
14 40 44 32
4 31 18 21
41 2 28 0
31 26 28 35
45 45 15 13
42 14 9 14
39 10 44 13
36 32 9 9
22 29 38 11
44 9 32 8
37 19 6 20
33 17 11 0
48 0 21 28
46 9 42 28
34 17 7 16
37 7 31 9
26 23 21 37
44 18 34 30
23 22 43 38
26 35 24 22
20 36 48 18
42 9 44 23
43 20 35 12
35 26 4 40
38 1 17 19
28 39 29 31
37 8 32 11
39 23 27 17
33 39 42 10
18 24 31 22
37 14 6 17
41 34 27 39
47 5 48 33
45 28 13 34
35 14 19 11
44 35 0 5
31 37 31 30
30 25 31 17
18 39 7 38
22 24 17 14
37 28 36 22
26 23 40 38
43 17 17 19
20 27 16 3
31 19 47 13
13 19 29 40
15 28 33 25
33 18 31 9
40 45 14 30
17 3 17 28
37 32 29 23
29 40 7 8
22 25 11 10
43 2 10 7
39 8 20 6
13 48 9 20
26 46 24 24
47 7 23 11
19 43 24 13
33 25 37 10
48 11 31 21
39 9 7 26
28 34 24 31
35 19 12 11
26 41 28 2
44 3 22 6
4 14 38 9
20 33 2 12
27 40 22 36
49 3 29 25
29 26 49 21
45 7 17 27
43 10 21 12
5 18 48 13
30 25 0 29
31 31 10 20
42 47 35 29
42 29 20 7
15 20 36 16
46 39 11 2
38 9 22 38
25 17 32 16
36 10 28 21
47 9 10 23
31 22 48 44
27 30 17 23
41 13 49 14
31 12 49 4
29 44 20 42
3 1 31 42
35 11 27 33
41 41 0 9
43 49 15 20
44 14 27 8
16 25 38 9
40 8 44 1
13 0 43 5
27 41 30 46
32 15 21 9
16 12 15 38
21 22 26 31
35 22 14 9
39 19 22 18
49 40 27 5
28 12 20 39
47 1 45 8
14 33 33 49
34 39 26 42
44 42 7 20
40 30 33 27
32 29 19 18
26 14 24 45
42 11 40 19
49 32 24 26
28 26 9 38
32 38 27 14
16 20 11 24
49 34 26 45
22 35 25 42
14 34 22 9
26 18 12 13
19 22 12 11
29 24 28 42
25 30 23 46
37 37 17 18
17 34 41 40
21 43 10 44
22 19 10 28
27 36 18 11
37 26 30 18
40 28 14 27
41 12 16 15
33 42 37 24
43 10 30 15
45 0 18 37
34 18 3 33
41 28 13 17
36 27 26 34
41 6 21 13
42 13 15 9
36 11 8 15
25 27 29 49
48 1 38 7
40 8 18 14
38 37 23 20
35 49 32 28
7 35 7 20
16 33 16 46
3 31 29 13
24 35 11 17
24 24 4 6
25 23 11 34
49 41 10 28
39 9 22 27
22 14 31 7
26 43 13 6
17 36 21 35
25 33 8 39
49 33 27 16
22 41 38 14
2 21 31 8
48 21 19 42
37 8 30 21
30 42 3 8
34 19 25 0
44 3 10 18
6 6 17 14
29 31 31 9
40 2 24 2
35 36 22 47
36 39 32 29
32 20 11 25
31 20 37 23
14 23 16 4
22 26 9 27
15 10 26 39
32 32 27 25
18 37 15 6
39 38 0 21
31 29 5 23
37 8 21 37
39 3 19 16
43 10 19 32
27 2 38 27
36 4 17 36
41 6 44 41
38 37 16 36
15 28 49 18
29 13 7 7
38 9 23 34
32 34 2 8
48 9 31 25
19 12 27 33
14 39 25 42
18 35 44 20
39 38 3 8
35 47 4 12
41 9 16 33
45 19 38 8
48 13 4 41
46 38 34 20
36 37 24 13
40 40 30 23
34 29 17 14
37 9 47 20
47 1 1 36
5 38 35 45
15 17 5 27
28 38 47 44
28 25 46 11
46 18 15 12
18 19 29 24
23 41 19 23
44 22 0 38
39 10 12 10
4 39 41 31
27 40 21 41
38 47 22 15
43 9 18 34
36 11 22 41
46 44 12 30
41 41 42 34
11 23 43 17
42 26 39 24
25 2 5 0
38 12 24 30
42 4 4 16
23 31 15 24
47 46 16 35
30 38 20 38
28 35 13 19
17 1 20 6
35 40 11 11
43 10 16 0
30 35 25 22
37 21 22 41
46 35 29 15
42 37 37 28
16 19 19 33
40 20 29 47
23 18 24 27
31 32 15 0
21 20 9 37
31 23 6 18
24 36 13 10
29 30 9 37
41 7 32 9
35 20 7 25
4 22 5 18
44 39 18 15
39 24 27 12
43 9 23 28
43 47 30 31
25 38 23 32
37 33 20 4
41 16 28 1
26 19 29 1
34 19 24 6
44 8 17 20
37 7 23 31
40 24 17 16
46 6 37 30
18 15 6 5
37 32 30 28
16 22 18 38
18 31 17 10
10 34 24 15
41 7 40 23
28 16 17 9
36 32 25 18
27 20 35 19
26 40 32 46
38 22 11 26
35 12 31 4
32 22 21 13
21 39 17 28
45 25 0 14
24 22 12 31
25 20 14 6
15 19 12 41
40 12 43 8
4 27 43 23
11 36 5 26
13 49 43 42
39 12 35 14
11 20 19 27
28 32 2 8
48 37 4 4
35 25 22 30
44 29 27 40
48 35 7 15
44 11 48 18
33 17 17 33
1 24 18 9
40 40 6 29
39 11 38 24
38 16 49 15
34 15 25 36
35 27 19 45
47 43 33 22
18 11 40 9
46 1 17 17
49 0 12 14
36 30 33 21
14 33 10 29
38 27 9 10
25 46 12 25
41 11 7 19
20 25 31 38
14 24 34 46
19 35 16 25
15 27 4 35
15 17 11 11
40 9 25 45
49 35 17 45
40 10 10 12
41 35 29 4
41 19 18 37
43 6 44 25
32 39 7 36
22 22 32 19
42 24 41 29
32 40 30 17
38 10 16 15
46 0 25 21
42 18 26 18
46 4 22 46
31 34 21 28
23 16 30 25
37 18 14 32
45 12 20 30
6 23 46 30
32 34 44 5
5 34 31 36
16 24 30 17
37 11 19 29
32 38 20 32
42 9 11 14
19 14 48 18
29 42 25 34
31 15 35 7
45 8 20 24
45 18 8 23
27 46 22 45
17 49 42 27
38 15 35 10
49 2 22 46
19 38 13 22
36 9 32 22
41 44 14 4
48 16 4 30
31 20 24 47
45 20 23 25
24 41 31 26
36 5 19 34
21 23 14 9
33 16 36 10
47 24 30 37
38 45 24 36
31 21 36 11
49 37 41 24
25 44 16 39
32 4 32 27
32 45 21 46
48 8 13 29
46 3 34 23
24 18 21 37
17 25 23 47
19 37 25 20
37 26 9 10
32 39 16 44
33 45 15 34
20 36 21 31
16 19 23 10
31 0 7 11
19 19 27 12
26 33 44 36
33 38 19 38
40 44 29 38
17 31 24 10
28 48 18 17
35 18 19 42
41 14 35 32
39 45 2 29
34 24 32 18
34 12 15 35
26 20 14 24
23 23 45 8
41 11 18 35
22 26 46 5
46 18 16 14
21 12 12 25
28 5 22 34
9 33 35 17
25 25 9 4
46 6 27 12
46 33 33 11
27 20 8 17
27 22 15 16
34 33 6 17
14 20 37 1
39 32 40 11
40 9 4 9
33 19 16 14
21 35 26 26
29 49 11 31
36 11 41 21
42 35 5 5
39 10 29 34
36 0 20 33
48 45 23 9
25 20 49 30
32 15 8 34
28 30 11 39
40 5 10 7
38 15 15 37
39 13 16 13
39 6 13 43
43 12 20 43
44 48 13 2
13 15 15 37
17 30 26 27
23 17 28 42
40 23 45 11
41 3 17 19
47 0 2 35
42 44 12 3
48 11 12 32
34 31 24 47
47 47 24 44
24 26 26 23
41 5 5 23
32 42 38 8
46 1 21 11
34 42 23 28
26 20 17 16
19 18 23 12
44 12 25 42
43 37 9 14
25 42 14 31
37 20 37 10
48 34 19 34
32 13 13 4
26 33 20 36
37 8 16 44
35 31 12 44
33 35 41 1
13 14 32 40
37 10 4 44
46 29 39 24
39 12 27 15
18 31 36 35
