50 269 17179 800
40 9 31 45
25 37 45 37
22 36 28 25
24 29 34 38
11 33 26 45
39 47 36 6
27 11 47 20
47 25 19 27
39 26 0 0
27 11 24 31
49 24 36 25
38 26 31 6
29 37 33 31
32 21 30 31
35 22 29 30
47 38 34 25
38 43 14 19
16 17 45 28
40 20 43 36
28 36 27 11
41 10 44 25
42 16 18 49
40 9 4 48
46 46 44 27
15 14 49 19
44 33 40 23
25 19 19 7
34 30 21 30
38 31 30 3
35 4 32 38
17 6 32 9
11 35 26 23
45 22 36 0
12 15 26 33
49 49 25 29
41 25 38 1
32 44 23 33
25 29 44 20
46 23 9 36
47 30 45 35
5 8 43 44
28 45 40 25
28 21 31 34
36 15 11 38
13 13 3 3
23 27 27 33
17 10 44 18
43 42 45 18
33 20 26 36
10 30 30 13
42 20 23 16
43 10 32 12
45 11 39 22
15 23 0 23
41 11 15 4
33 43 39 36
36 30 28 27
9 19 1 47
10 11 35 37
44 44 25 32
26 32 31 44
48 25 44 1
42 10 32 21
33 15 21 37
34 23 42 43
38 36 31 35
9 6 40 30
42 23 13 46
15 24 48 46
42 9 27 16
17 13 13 24
37 0 3 2
24 28 35 5
32 25 36 11
24 15 7 15
24 20 7 11
43 19 19 42
39 11 44 22
31 17 30 33
29 35 41 19
30 13 2 47
14 20 44 42
11 10 48 21
48 34 34 32
34 19 21 25
8 22 29 32
45 22 15 14
34 20 35 13
40 28 30 34
47 29 36 30
37 37 42 29
36 39 1 14
6 9 39 5
28 9 44 17
31 10 43 48
43 23 22 37
39 10 11 42
21 16 49 36
41 29 25 28
42 26 26 39
17 14 25 27
43 13 47 7
7 25 5 32
32 38 35 27
41 11 43 30
3 46 48 29
8 27 31 32
37 24 20 9
42 13 37 42
30 48 36 19
37 15 31 22
12 8 41 23
22 11 34 23
23 29 8 46
31 28 36 48
43 9 22 35
23 39 48 36
15 8 35 0
42 8 6 42
30 22 46 41
42 14 34 46
14 5 21 6
26 23 41 28
9 19 42 19
19 8 30 42
35 43 27 26
48 23 11 14
25 1 42 29
17 37 36 24
8 29 26 33
36 19 21 20
18 19 26 47
23 15 26 40
22 29 34 30
46 48 27 5
32 29 49 20
46 18 12 44
6 32 16 34
11 32 47 18
41 30 49 23
40 30 34 38
45 18 26 39
30 31 32 36
41 11 7 48
49 16 39 49
24 43 19 43
39 29 20 42
14 7 29 15
47 24 40 34
7 6 3 22
42 17 47 6
33 33 17 45
40 14 43 28
24 30 33 34
33 28 47 4
24 28 17 28
36 29 44 45
25 34 33 37
17 1 9 12
47 24 41 16
24 25 7 4
41 10 9 48
36 27 15 15
7 14 25 38
47 23 27 33
35 23 9 43
25 19 31 3
34 24 0 8
44 20 28 46
34 25 26 47
26 39 27 14
38 47 32 9
36 13 46 41
48 45 48 21
16 13 33 29
41 13 39 44
23 46 45 26
44 8 26 37
29 36 27 29
32 23 31 29
36 48 28 18
48 25 25 49
29 29 35 45
37 8 21 40
39 29 44 29
26 34 32 36
3 29 34 41
9 10 21 42
32 10 42 22
30 34 39 36
15 9 27 47
20 35 32 30
37 37 39 32
33 25 31 38
47 31 6 33
36 35 15 39
31 24 9 4
26 33 42 32
36 40 15 42
42 14 24 46
16 14 39 4
28 20 6 19
29 15 26 49
29 26 40 19
42 36 25 44
43 20 7 14
49 21 26 26
44 40 39 47
42 12 8 6
27 33 40 34
16 29 44 12
37 19 32 35
43 10 32 28
45 22 28 31
48 16 49 2
28 9 42 14
36 39 17 40
32 45 8 16
49 11 38 47
28 33 35 4
20 23 15 37
47 30 27 43
37 49 29 39
45 8 27 11
35 22 40 5
32 27 39 16
15 13 19 36
0 14 5 5
34 24 41 20
23 46 34 21
8 16 40 13
43 34 34 21
16 20 7 43
25 35 22 43
36 26 43 36
39 9 29 49
35 35 40 17
40 13 33 34
29 37 31 30
35 22 32 20
29 28 28 47
6 40 28 31
22 27 31 35
3 21 33 47
21 38 35 0
39 34 35 38
2 8 23 43
31 30 22 28
22 40 19 20
18 22 27 21
30 34 40 35
38 8 4 49
5 16 31 41
19 13 22 34
43 9 11 13
33 20 22 3
42 11 41 3
44 13 45 33
24 26 40 19
10 24 30 35
6 29 34 43
30 47 14 21
42 36 0 44
49 25 44 36
41 12 31 45
32 32 30 28
36 26 17 32
20 23 28 39
16 20 41 36
