50 1421 17367 800
23 24 26 0
41 39 49 40
46 26 26 37
24 9 27 38
33 29 46 41
14 5 22 6
23 30 39 19
39 21 36 4
21 33 33 43
8 26 31 46
0 45 13 2
40 27 5 34
38 32 31 0
5 39 34 37
2 35 25 29
33 44 15 22
14 12 20 31
18 13 29 22
11 8 22 47
30 44 33 3
16 3 33 31
0 46 23 5
46 25 21 22
31 40 48 23
21 11 7 13
48 16 38 6
19 2 46 44
24 33 16 44
8 40 2 21
20 10 2 47
49 31 36 14
25 46 0 2
23 10 33 24
9 4 26 4
27 12 28 20
35 48 29 4
6 37 45 29
6 3 32 30
25 15 7 21
44 24 35 40
27 49 14 27
15 9 45 44
7 32 2 5
30 38 32 33
8 7 5 15
33 32 7 25
23 39 14 27
26 7 5 16
32 41 16 35
43 24 5 24
7 35 6 16
26 46 48 33
14 40 37 33
10 16 13 32
37 43 25 21
5 2 10 47
7 27 28 45
46 23 13 30
26 32 4 13
3 20 34 48
34 36 7 15
25 32 28 8
43 36 2 0
19 12 26 31
39 27 3 17
11 2 17 23
9 26 21 21
34 34 45 11
43 25 17 31
41 41 0 15
14 46 28 3
14 15 11 49
44 35 33 43
49 28 21 10
31 40 30 48
49 31 38 39
40 37 7 34
29 34 20 5
4 3 31 36
37 29 17 43
24 9 27 3
31 38 23 45
13 41 46 19
21 14 7 17
6 25 33 37
13 11 23 11
30 29 31 19
39 18 11 39
35 37 10 19
5 45 34 19
41 23 26 15
11 29 28 25
3 5 10 18
21 12 8 8
46 20 10 38
33 39 29 31
49 24 18 38
35 36 2 1
37 33 33 42
48 18 45 40
2 36 11 26
33 44 9 1
32 48 15 24
43 24 22 12
48 26 8 18
47 31 17 4
7 38 22 24
4 8 12 4
30 44 30 14
49 27 5 3
42 44 10 20
30 49 41 46
20 7 31 20
30 34 18 43
21 11 48 47
18 1 36 45
5 44 17 43
21 13 46 39
33 31 44 28
33 38 17 2
33 36 19 17
46 28 25 38
36 34 23 45
6 23 31 39
5 13 32 27
43 26 46 29
49 32 38 35
21 7 8 6
27 39 46 35
10 15 42 6
42 36 29 20
23 0 28 23
47 29 19 36
4 33 46 16
44 21 27 5
2 27 32 5
34 36 29 45
47 20 11 23
31 41 5 33
25 13 32 43
34 34 23 35
25 8 32 16
21 10 17 18
2 43 20 18
0 10 10 41
9 15 13 1
37 41 37 5
26 43 7 26
9 25 40 9
37 40 35 28
29 48 36 32
21 3 26 11
0 25 38 29
32 35 15 13
8 3 39 21
33 43 11 0
0 46 32 43
49 27 16 24
8 14 46 44
46 18 2 4
3 33 27 9
46 25 28 10
13 31 11 26
24 12 30 35
45 27 21 29
35 34 47 47
49 25 15 40
25 7 2 14
3 47 0 18
47 27 26 8
10 9 42 46
10 24 19 20
12 11 18 24
13 5 40 49
7 5 40 37
21 10 45 45
47 19 7 9
2 2 37 3
4 9 12 43
44 23 5 21
7 10 19 23
47 24 15 48
38 21 3 35
9 5 32 2
1 41 33 45
47 20 37 32
44 30 30 42
21 7 3 34
49 23 9 30
15 2 20 9
39 35 26 30
32 37 37 29
1 6 47 26
1 5 20 26
32 39 31 47
26 36 3 11
1 4 29 40
15 9 26 31
46 20 45 42
34 41 49 38
6 12 16 31
43 20 34 20
28 34 37 47
9 32 24 7
15 0 40 33
31 25 15 25
29 47 43 37
22 12 17 3
2 20 29 1
24 8 48 18
48 27 23 36
39 36 33 47
37 43 29 12
0 26 44 40
33 35 10 43
32 40 3 25
0 24 48 38
37 37 42 2
24 36 12 42
34 41 24 0
6 7 4 20
0 40 42 7
12 9 8 2
43 31 39 39
18 8 21 2
25 45 9 25
48 22 18 0
48 21 10 7
41 44 30 37
22 49 16 27
39 21 29 48
15 5 37 46
13 41 33 38
5 38 14 18
6 40 15 18
24 44 18 15
9 22 21 29
29 38 21 30
4 8 8 12
34 31 29 13
9 8 31 47
32 35 13 31
33 40 40 41
35 39 30 30
9 44 37 30
38 44 20 10
35 43 17 16
11 9 46 40
42 30 24 14
31 42 8 1
10 9 23 49
0 9 45 33
5 8 40 42
18 44 11 3
48 20 5 24
30 45 12 34
46 24 17 15
32 38 33 43
21 11 7 16
6 11 9 16
13 28 33 29
48 24 10 37
32 33 1 8
2 41 7 33
13 37 5 3
19 45 35 29
42 24 23 9
21 43 17 14
6 15 31 40
10 15 41 42
16 23 34 19
1 4 21 44
45 41 30 3
20 15 25 16
6 19 40 34
27 39 34 36
1 30 28 19
15 24 17 5
35 34 11 15
24 10 3 42
5 4 10 16
7 10 13 8
35 42 49 33
31 31 5 5
28 44 16 23
1 30 28 45
46 23 11 38
23 15 33 17
2 24 35 46
48 22 29 35
0 27 2 40
0 10 5 23
21 5 40 27
30 34 26 45
30 31 7 5
39 39 20 7
36 40 19 43
10 5 40 14
15 12 36 37
38 40 26 46
29 29 9 26
7 4 21 47
28 10 1 13
24 48 37 34
35 33 42 24
43 26 32 36
37 40 7 24
45 26 29 37
20 9 12 22
14 19 10 31
15 4 29 15
31 29 40 47
11 2 26 8
41 38 17 10
13 6 24 43
19 14 37 46
28 0 25 49
17 21 30 46
34 32 36 17
49 27 49 20
0 5 11 35
26 35 38 7
19 49 29 39
46 37 29 29
1 30 42 29
12 11 26 12
28 34 18 2
28 37 30 40
46 46 38 33
9 0 8 5
42 23 39 48
30 46 10 1
13 7 20 3
4 21 31 5
11 30 6 34
37 41 29 26
7 12 19 10
0 37 26 34
8 6 24 12
6 10 16 27
32 37 4 15
25 44 41 29
21 11 10 14
31 40 19 34
41 41 46 14
43 20 38 49
15 2 39 41
4 22 40 23
24 35 3 13
6 3 18 28
27 37 17 22
26 11 37 28
23 9 11 3
43 26 37 28
21 6 29 30
8 29 24 22
20 10 26 2
23 9 43 49
17 7 40 24
5 6 1 24
7 27 18 1
47 18 23 10
9 6 15 30
38 41 2 25
3 12 28 31
35 40 33 29
23 46 20 49
45 33 10 17
7 3 5 20
48 22 19 34
38 32 24 34
48 22 8 34
40 36 17 11
30 4 23 37
47 27 3 29
32 31 26 31
4 5 15 12
42 20 14 40
41 33 17 22
2 19 16 27
48 28 28 19
37 43 33 7
27 37 18 47
43 33 2 15
34 32 16 38
48 27 13 21
34 35 30 37
24 30 12 16
37 38 47 2
21 49 9 29
22 48 45 26
8 21 23 1
6 10 35 31
30 44 26 47
39 20 39 36
39 32 30 10
16 6 18 47
13 16 3 15
31 38 28 19
31 33 32 9
41 27 48 37
41 40 4 42
25 40 16 42
3 10 25 45
42 14 30 28
29 31 46 28
13 14 2 6
34 41 20 2
49 24 30 18
41 23 13 29
23 24 7 43
7 2 11 48
24 16 9 16
3 10 12 12
24 35 2 34
25 38 38 5
35 35 21 2
31 41 16 19
37 44 42 17
24 20 33 0
2 34 2 22
13 10 1 22
37 36 8 16
38 31 6 7
0 21 40 40
30 41 3 18
6 24 30 10
13 4 1 20
8 34 1 37
17 41 43 22
49 27 48 18
38 40 13 15
36 40 18 39
38 46 44 35
36 41 28 7
3 40 30 0
2 32 15 40
2 30 7 7
22 11 24 42
18 20 26 21
23 40 12 21
28 29 30 10
8 37 49 48
36 46 13 10
8 33 41 32
47 23 11 22
35 47 23 28
16 36 37 43
4 30 26 1
9 6 46 20
31 40 20 21
1 8 31 26
20 15 9 20
16 29 18 4
35 29 3 31
27 37 27 18
35 28 12 36
20 0 0 35
10 34 40 33
12 30 35 33
16 7 39 34
17 6 46 12
6 41 5 17
22 43 31 0
10 27 3 31
34 39 13 9
40 46 9 33
23 9 9 48
29 37 20 32
19 11 22 1
37 37 41 18
39 37 14 34
18 12 23 43
49 19 12 33
34 38 2 34
15 36 22 22
25 37 37 10
41 36 22 29
8 28 20 15
39 37 22 40
9 34 33 36
48 27 36 20
1 10 1 24
42 38 27 1
3 9 6 17
10 26 23 5
33 37 36 17
3 6 40 21
22 1 11 49
40 25 44 10
37 35 41 0
25 11 27 34
20 35 35 43
29 33 31 27
43 24 4 9
35 42 5 25
34 45 44 33
23 10 15 9
31 34 17 29
41 39 5 8
1 38 39 1
5 3 14 24
11 1 25 31
26 6 32 33
32 29 48 35
4 35 8 6
3 10 33 48
12 8 24 2
27 16 31 5
45 19 46 48
5 28 22 34
34 38 14 7
32 40 17 2
23 11 6 25
5 28 49 28
18 45 17 3
2 26 44 49
11 4 11 35
35 46 36 25
14 32 4 11
46 26 32 13
25 11 4 16
15 48 3 13
3 19 23 32
49 45 32 4
48 25 35 41
11 43 12 19
34 39 32 36
24 7 45 47
7 9 11 34
6 28 38 49
0 22 38 9
45 16 12 34
23 38 37 33
9 10 31 45
32 35 42 41
30 32 0 15
5 33 9 27
10 10 6 7
14 24 26 1
11 25 28 42
5 28 14 21
7 25 13 49
11 29 18 5
1 34 2 11
48 23 1 29
3 31 15 25
35 35 21 1
32 48 5 22
49 26 40 41
45 24 14 15
49 30 7 7
17 44 19 4
31 40 7 39
35 36 36 23
24 8 27 4
43 39 22 19
5 6 11 9
35 37 32 16
34 45 11 41
42 40 22 4
35 35 13 15
34 47 22 30
32 36 34 49
35 44 42 10
5 15 21 39
22 13 9 12
32 43 14 36
8 38 31 1
8 1 38 31
33 38 11 42
39 26 28 46
29 33 24 6
27 38 6 9
2 15 27 19
43 22 4 22
35 38 41 44
33 42 14 34
36 27 23 6
49 25 4 27
5 22 45 35
24 37 20 1
1 2 38 30
7 30 6 17
12 23 47 42
46 18 44 45
15 35 14 24
33 37 17 2
29 35 45 26
46 20 1 9
23 11 29 27
41 26 47 49
34 31 19 43
37 34 0 13
4 4 12 45
42 23 20 5
14 8 15 34
6 24 24 43
38 37 28 2
16 8 25 2
32 36 40 15
29 7 13 9
30 32 23 22
27 45 42 36
39 31 5 36
10 13 19 21
24 8 39 36
5 27 36 11
12 15 6 35
27 42 36 42
26 44 34 42
34 41 26 26
2 47 23 49
7 25 7 20
36 25 6 22
4 12 32 32
11 12 37 39
15 12 29 12
8 9 45 10
16 23 38 29
8 1 28 43
36 36 32 18
14 47 26 36
44 12 45 40
8 37 19 27
23 38 34 30
3 19 12 25
39 46 1 44
8 38 8 9
15 6 28 39
28 29 27 42
8 22 21 8
31 11 18 16
37 47 18 40
24 18 22 6
11 3 13 16
49 26 5 30
32 43 24 3
8 11 22 33
46 19 15 36
10 19 33 49
1 6 23 25
30 36 6 4
6 34 21 17
3 37 9 23
45 27 44 40
26 36 46 3
6 32 27 40
29 44 26 48
22 31 7 11
39 38 1 34
27 44 29 4
35 38 46 16
31 35 29 42
23 14 4 22
40 35 10 8
0 29 23 36
20 10 2 36
33 45 31 30
13 31 0 12
23 11 40 3
46 31 43 37
31 38 12 24
23 12 7 3
3 27 16 23
46 21 18 29
18 9 10 15
28 32 7 14
33 35 8 21
6 9 37 36
29 28 0 46
37 32 33 45
39 38 29 12
5 11 4 7
18 5 31 8
27 48 11 35
21 46 24 2
6 42 2 5
46 22 24 33
27 39 42 32
22 45 2 2
44 25 11 42
25 38 34 10
45 25 0 21
37 36 33 42
32 35 13 29
33 37 42 39
37 30 22 1
43 30 47 23
44 23 14 22
36 40 3 10
13 27 45 28
35 33 20 27
40 18 34 44
42 21 15 38
45 28 6 5
24 44 35 33
33 27 24 0
3 4 32 25
4 23 6 4
6 13 29 32
18 7 23 35
49 22 30 14
29 40 11 14
11 8 34 21
27 48 49 37
34 35 43 48
4 46 37 8
15 30 27 23
43 25 6 18
46 18 2 22
42 34 7 40
9 8 6 6
29 24 27 18
10 35 13 42
24 14 48 42
25 38 43 28
3 15 35 9
17 24 11 37
34 32 6 34
26 6 5 14
44 24 23 26
21 9 34 39
32 33 45 34
13 31 26 28
35 46 15 22
34 37 28 11
22 12 20 41
31 37 38 17
47 23 29 44
22 6 26 47
1 35 21 7
5 31 25 44
21 9 44 49
17 8 4 3
35 49 4 28
0 33 26 46
13 8 15 37
27 6 40 35
19 49 48 38
36 38 24 7
24 41 42 36
34 37 5 16
19 1 43 40
39 35 18 36
19 14 24 33
4 2 26 44
31 41 11 39
30 33 21 6
25 37 2 23
5 34 41 17
19 44 9 27
19 9 24 5
11 24 47 10
30 37 47 41
1 21 5 7
13 42 39 47
31 46 31 0
33 38 35 47
36 36 27 3
21 40 23 19
39 48 8 34
32 37 44 20
37 48 7 3
44 31 39 14
43 21 23 44
2 35 11 16
39 25 8 42
22 5 38 41
33 42 16 5
48 17 27 4
18 5 33 8
28 37 24 31
21 14 37 31
1 7 43 48
11 1 46 41
27 30 46 49
34 26 1 1
49 23 16 39
22 13 1 15
33 32 27 38
49 29 4 20
38 20 31 42
19 12 9 8
46 24 31 44
33 36 33 11
24 3 36 6
4 14 6 0
48 20 2 12
7 16 23 6
14 33 22 20
35 39 25 44
36 32 8 18
25 31 29 35
48 27 17 29
6 5 18 39
33 40 16 29
12 21 30 10
26 43 30 15
2 44 16 34
26 11 49 22
12 11 24 26
24 8 27 16
41 39 16 25
15 9 12 23
23 15 27 25
44 20 29 14
23 7 14 20
28 45 38 30
10 9 19 0
0 22 24 41
2 32 14 6
33 34 11 12
9 3 42 30
2 24 20 13
20 13 35 28
31 38 42 47
22 10 31 14
8 25 15 9
46 25 39 35
32 49 40 14
28 42 7 6
43 28 9 43
44 28 29 6
15 17 47 48
14 2 15 40
19 8 25 3
3 32 9 5
31 37 7 22
35 35 38 5
24 7 18 45
35 24 28 25
33 42 25 30
32 25 43 36
36 33 20 8
26 30 11 3
34 25 30 33
43 27 27 17
18 14 41 39
13 21 23 47
1 37 18 17
23 36 30 37
17 38 6 45
3 41 16 44
45 18 33 45
12 6 26 27
49 22 8 40
11 5 30 27
6 24 1 16
7 4 15 9
11 9 44 37
44 18 35 29
33 35 15 42
8 43 20 18
7 8 36 22
7 0 4 33
32 37 21 45
20 12 34 36
24 9 41 44
21 33 27 29
4 43 17 0
31 33 25 14
32 43 20 18
47 21 9 46
13 12 30 22
49 23 33 35
17 48 26 46
30 38 4 26
21 32 40 45
49 19 3 11
25 6 37 32
46 27 7 24
33 36 40 33
8 27 16 16
28 39 9 19
24 40 27 27
45 20 19 36
32 34 18 20
23 36 46 47
34 45 15 19
12 1 31 21
34 35 19 40
3 25 42 26
39 34 30 13
6 8 36 44
45 26 49 29
38 43 23 14
37 40 1 13
16 9 19 49
4 38 31 43
29 40 16 18
21 12 0 32
20 6 12 11
34 31 28 38
6 44 28 0
24 11 43 36
26 49 48 33
22 4 22 19
36 35 29 22
5 15 11 7
47 20 6 35
5 6 23 2
32 45 0 47
48 21 43 24
41 31 7 14
5 12 20 22
21 2 48 38
11 3 23 38
35 31 44 38
20 12 7 41
15 29 37 19
31 34 5 34
42 40 7 10
45 27 30 44
46 27 24 41
23 14 15 6
28 38 28 5
20 6 29 8
3 37 30 31
0 32 20 45
33 46 1 37
37 40 24 7
3 18 22 40
45 21 10 0
14 26 41 18
47 23 27 39
25 36 30 3
47 25 19 42
22 35 39 18
30 35 14 20
38 43 33 29
26 7 35 37
16 16 19 31
37 31 8 15
23 8 29 5
16 18 39 13
1 40 35 44
39 40 16 19
16 7 9 20
9 9 6 38
36 33 5 42
4 41 41 24
9 23 34 22
33 37 3 33
47 25 2 3
2 5 9 25
34 28 30 2
12 23 24 25
31 34 42 14
5 27 46 46
48 23 9 47
38 45 43 39
33 35 11 35
37 47 28 22
45 36 5 36
31 26 4 5
8 6 28 4
34 38 45 38
38 34 29 47
34 35 33 42
22 4 18 40
4 32 3 9
16 8 4 22
31 42 35 13
48 27 28 44
25 3 21 17
27 43 32 40
49 27 6 0
9 15 24 30
49 27 9 20
12 10 28 2
4 36 18 44
39 47 10 29
41 34 12 17
12 2 24 8
34 30 1 15
6 0 38 41
32 39 27 38
33 32 30 7
21 8 26 33
21 46 2 7
46 17 40 40
2 19 5 26
31 38 14 19
1 26 32 7
14 3 22 2
31 37 34 26
28 8 14 0
26 28 6 21
9 8 43 13
34 33 19 32
31 30 2 6
38 37 3 23
43 26 40 23
24 12 37 36
6 19 11 13
32 49 24 40
23 11 36 19
31 41 12 14
49 25 27 20
48 25 31 6
2 8 33 5
14 24 7 3
30 40 46 32
32 48 38 41
46 15 43 45
11 36 8 17
12 10 6 45
4 41 22 4
49 24 9 26
36 42 13 22
2 23 35 16
31 32 39 31
31 43 49 20
42 22 17 33
7 8 13 22
43 40 30 24
26 43 46 29
48 21 28 23
29 34 17 10
36 38 20 1
15 33 45 44
37 32 15 32
34 34 14 35
36 38 38 23
45 25 26 48
23 10 35 47
48 26 30 17
12 1 8 29
21 17 21 49
13 9 3 28
27 30 8 33
12 4 9 41
5 16 33 22
37 37 0 19
31 39 22 2
15 0 47 22
17 4 31 9
27 45 0 17
23 13 41 25
47 20 39 3
42 33 33 45
49 28 13 33
45 26 29 24
5 31 18 7
49 29 6 14
13 46 32 18
29 35 23 14
47 32 27 16
46 29 39 31
47 27 34 37
45 16 31 32
17 10 47 7
1 0 46 24
4 7 26 11
35 36 28 42
42 28 5 27
34 35 21 6
9 6 13 13
26 48 44 42
7 23 33 15
30 46 23 42
34 40 29 15
13 19 11 31
38 33 17 30
21 8 15 7
47 23 32 32
19 12 37 15
48 27 25 20
2 14 34 39
0 8 49 6
30 45 23 17
39 34 0 36
41 38 6 2
33 35 14 32
43 22 37 36
25 49 0 37
33 39 15 16
26 17 21 30
11 13 39 29
25 18 34 24
33 37 48 43
15 4 6 38
18 33 32 3
38 34 31 44
20 11 36 22
33 43 1 9
32 31 8 13
32 38 30 34
32 27 5 3
49 30 1 3
18 36 31 7
17 6 47 42
5 5 13 22
21 10 31 44
23 7 18 6
35 44 24 37
33 40 17 5
8 0 33 39
27 27 17 36
28 44 23 6
45 26 27 13
33 40 40 41
5 21 11 24
46 29 20 41
12 31 25 6
6 32 5 7
26 34 10 10
25 42 43 37
21 10 10 37
41 40 18 36
48 20 37 12
43 24 34 43
23 26 2 2
17 7 15 11
4 10 36 33
35 33 13 19
42 30 19 42
30 45 14 45
30 24 29 35
12 7 4 28
43 38 10 16
45 25 18 23
34 37 10 33
44 21 26 15
19 8 24 4
44 34 19 46
14 7 29 15
23 8 5 22
17 32 12 11
16 31 16 14
4 31 34 40
48 21 0 6
27 43 18 1
49 21 10 12
33 32 11 44
47 18 15 32
32 37 24 27
26 10 0 10
7 19 2 11
28 37 46 40
25 11 12 10
36 36 28 40
48 20 36 27
42 49 20 9
30 33 42 48
0 9 41 21
34 36 26 43
9 10 4 31
22 4 27 49
12 4 33 15
7 3 11 22
36 41 33 31
38 32 24 42
11 25 15 23
13 2 41 46
36 38 23 46
42 41 30 2
13 30 26 35
23 8 38 16
38 47 32 25
21 9 16 28
49 26 7 16
27 10 25 0
23 10 14 5
31 43 44 35
17 1 4 8
28 8 37 33
1 36 6 36
24 13 9 49
30 32 31 8
35 34 27 47
4 3 44 11
20 12 23 8
31 1 21 38
29 38 42 28
3 2 6 6
19 12 7 17
3 38 14 20
4 35 0 44
49 20 17 44
7 3 12 47
9 42 16 30
34 47 5 46
20 10 1 20
23 14 38 39
42 25 19 49
47 29 29 1
38 32 2 27
32 37 22 7
28 40 37 12
47 30 30 40
29 46 36 39
39 30 39 40
37 39 19 29
6 1 31 15
33 45 8 34
12 15 25 5
44 14 12 26
30 7 18 43
46 30 47 49
36 37 22 2
35 37 43 40
22 8 43 45
44 24 4 4
39 43 47 32
14 1 25 17
11 19 1 21
41 46 30 38
44 21 47 31
39 32 26 28
7 25 3 9
11 33 12 22
43 27 21 1
48 21 8 33
49 20 5 12
28 49 11 40
4 38 45 42
36 39 6 21
27 13 2 17
17 3 8 9
38 43 12 13
22 46 49 25
46 22 20 45
47 23 28 8
4 10 30 19
6 28 42 19
33 40 14 2
21 8 5 40
21 26 29 22
23 5 1 6
46 22 36 30
44 22 18 19
28 36 10 3
9 16 24 9
48 27 16 10
38 31 7 5
32 43 38 24
27 9 32 27
9 10 2 19
6 27 17 41
16 39 15 46
23 10 41 42
18 10 5 22
28 39 49 45
28 39 4 15
7 5 37 35
21 8 40 5
12 30 5 29
47 29 11 16
30 31 10 41
41 32 26 35
39 20 1 8
29 48 46 6
33 30 39 37
11 36 26 38
30 6 6 18
46 23 21 29
30 31 17 10
34 33 18 13
6 31 31 0
12 7 1 5
2 36 48 41
33 34 9 2
31 34 15 23
21 8 6 9
26 8 49 27
1 9 5 45
2 12 5 40
16 4 5 31
40 38 16 43
33 33 0 32
1 39 6 26
45 23 14 32
0 6 5 15
48 28 1 37
41 38 44 43
11 16 49 46
10 18 37 3
21 13 10 5
8 18 16 37
39 34 13 46
35 37 3 26
18 13 27 4
40 49 1 7
3 6 43 46
38 41 19 17
9 41 38 49
40 45 30 5
23 44 7 25
6 12 25 4
31 38 16 42
44 44 35 22
40 26 5 17
22 28 31 13
7 10 1 21
0 34 13 20
31 43 17 21
26 12 33 39
43 47 19 6
34 39 14 19
1 15 18 29
3 26 28 3
32 33 16 26
27 14 35 38
24 35 12 29
21 7 5 10
34 33 13 16
3 11 41 18
45 29 21 43
2 26 36 5
19 8 6 7
30 41 9 13
37 35 42 42
4 1 29 39
14 24 25 34
7 10 4 16
46 33 43 24
3 38 22 37
40 40 17 14
9 10 27 24
25 7 44 28
46 31 32 18
1 6 28 7
18 0 24 37
10 1 25 48
1 25 25 8
31 39 3 31
22 16 13 15
2 23 32 17
31 40 40 36
35 39 1 4
27 31 10 37
6 19 14 8
8 30 0 1
7 33 13 16
47 27 33 8
47 20 21 6
17 12 22 11
11 5 24 43
33 42 29 2
34 37 39 16
48 18 16 27
35 34 20 34
31 37 4 28
19 6 9 42
43 21 44 34
5 38 4 11
4 29 33 2
43 35 19 26
6 12 20 21
26 36 28 21
8 38 10 23
35 27 7 31
23 15 17 27
19 49 43 36
3 22 6 36
21 13 19 41
40 37 44 39
27 45 41 30
7 12 16 44
40 25 0 21
15 31 39 34
21 5 12 26
49 25 20 45
49 43 3 16
41 48 32 1
31 35 29 49
21 12 33 29
32 36 33 18
32 32 14 31
2 17 1 45
21 5 15 15
35 31 27 7
46 28 26 10
18 7 21 2
6 29 13 27
47 27 6 4
43 21 34 41
31 38 37 49
36 36 18 7
48 25 18 8
44 21 0 11
47 15 6 9
39 34 10 35
9 17 13 27
26 48 27 40
13 5 45 24
27 13 22 27
8 3 39 36
9 23 37 21
38 35 16 33
27 32 25 48
6 32 19 48
40 48 10 20
34 44 26 48
34 33 27 35
15 19 44 41
15 23 46 27
49 34 20 29
30 39 45 11
34 36 10 40
40 25 22 20
47 30 10 26
0 17 4 23
41 38 13 40
6 34 23 31
15 18 4 7
19 10 31 22
41 39 9 6
48 27 28 43
8 0 5 9
22 11 6 12
9 29 38 37
18 2 7 19
23 11 18 11
28 39 24 23
49 23 21 14
19 12 26 26
35 37 24 5
7 23 44 25
