50 51 16971 800
5 33 10 21
33 36 46 27
42 45 24 15
20 42 36 31
26 28 8 28
20 47 7 24
5 45 43 19
4 47 4 25
20 9 41 29
20 20 43 25
0 17 4 27
2 8 45 18
48 22 42 21
41 34 41 43
27 42 23 17
9 9 10 15
41 26 37 25
35 29 42 19
38 24 6 13
27 48 38 24
14 40 11 21
12 19 27 10
15 40 15 17
37 3 46 15
15 22 41 30
38 45 2 5
8 6 11 27
49 5 43 35
33 35 45 20
13 44 8 29
36 12 40 24
12 12 41 16
4 39 43 23
21 29 49 43
5 42 42 25
4 41 11 25
43 29 35 31
4 39 39 23
2 19 13 34
34 22 42 20
9 44 3 22
29 8 17 23
23 18 11 20
31 42 47 43
18 49 26 26
0 41 36 32
24 44 6 26
24 37 38 46
48 23 12 26
11 38 43 35
3 45 9 19
