50 203 19739 800
41 44 1 25
8 33 30 48
10 20 31 4
18 19 42 12
17 17 41 22
12 43 33 24
12 31 25 11
21 33 21 3
19 34 21 6
7 13 28 22
18 14 17 3
24 32 36 45
35 9 30 10
2 14 47 10
44 10 29 24
20 35 21 2
48 17 20 13
39 4 43 26
41 37 32 44
6 24 10 22
19 37 0 49
1 27 17 0
25 17 22 7
20 35 26 42
12 38 19 6
14 15 11 13
35 12 28 2
46 3 44 19
21 31 44 1
21 27 14 30
20 32 7 27
23 39 15 5
2 37 36 41
23 30 37 2
22 46 42 26
21 36 19 8
46 9 43 18
20 35 20 12
46 38 40 27
21 37 35 48
0 19 39 43
19 12 3 22
26 47 33 26
0 48 27 9
1 17 11 9
21 13 34 42
10 18 15 1
41 28 20 4
19 21 34 47
16 19 24 1
21 25 33 45
22 35 48 35
15 27 27 4
19 22 19 2
21 36 35 27
34 38 41 48
21 6 9 23
3 38 42 40
43 16 32 42
15 16 32 42
37 9 22 1
19 11 41 4
23 42 41 39
23 12 7 22
3 36 32 38
22 18 25 0
19 17 15 20
17 15 34 48
15 23 30 6
4 36 18 42
17 5 24 7
34 48 29 45
8 24 6 28
15 22 37 25
43 8 6 38
5 23 43 33
18 48 35 45
36 7 21 6
21 35 39 45
48 10 22 24
42 2 17 5
48 38 40 40
18 16 40 49
16 12 16 7
19 13 36 47
23 12 23 2
45 19 8 18
4 33 33 44
30 42 13 38
17 39 30 2
14 15 41 24
22 13 38 42
20 38 33 41
17 15 33 42
42 41 17 2
13 27 30 5
39 19 28 34
15 45 31 11
27 31 18 12
0 27 24 10
30 33 30 4
17 22 45 1
37 23 37 44
33 16 40 43
19 21 26 4
20 16 33 26
13 12 37 2
20 16 41 47
12 28 42 14
40 7 12 19
15 27 24 8
1 36 42 9
20 13 37 9
1 27 34 16
46 19 40 47
22 20 38 17
19 20 24 1
43 10 33 45
21 17 35 41
16 43 31 45
38 8 33 29
19 33 28 5
13 13 32 14
15 47 38 46
16 10 30 18
26 29 23 5
21 37 29 45
17 9 33 44
38 8 31 22
1 47 44 14
41 1 32 16
23 36 3 40
11 20 36 46
22 38 44 19
40 5 30 45
33 22 1 41
18 13 35 42
24 34 20 16
23 12 16 49
17 19 47 49
10 14 35 45
37 17 37 44
49 49 35 10
44 20 28 0
24 34 13 6
32 16 20 5
18 18 23 12
21 25 4 40
3 35 42 30
33 17 9 39
19 33 7 31
21 36 33 6
13 18 49 8
44 34 41 43
2 41 23 0
10 45 33 18
35 11 34 40
12 11 20 10
20 22 14 38
23 10 13 14
35 10 37 43
11 14 19 4
2 7 31 38
21 14 9 4
17 11 35 49
40 14 36 44
23 35 33 6
9 18 24 10
39 13 35 8
20 13 14 5
38 17 21 0
16 17 27 11
14 45 37 3
20 34 36 44
39 46 29 0
23 35 19 7
13 32 23 20
21 36 39 12
5 23 34 22
37 9 25 1
41 40 8 22
3 40 36 45
34 16 44 5
19 36 39 33
44 9 30 41
18 35 33 42
9 46 36 47
19 36 0 20
18 27 49 8
12 16 38 48
22 32 29 2
21 35 34 44
6 5 10 31
1 35 22 2
2 29 32 5
34 34 24 3
43 3 18 10
23 21 43 10
13 38 30 3
17 30 30 43
12 48 35 0
46 15 34 48
21 39 22 0
