50 405 18625 800
11 10 16 37
43 31 31 4
39 7 28 39
13 12 6 33
7 6 39 5
16 25 9 6
17 34 13 38
27 46 29 21
39 36 10 29
1 8 32 9
39 6 47 8
14 16 4 48
43 15 13 2
20 31 12 43
7 18 42 17
39 13 31 26
20 17 33 5
44 46 2 27
13 6 10 20
48 16 19 11
44 44 11 33
12 20 43 30
5 15 31 12
11 22 45 49
46 44 49 27
16 34 39 4
4 16 28 14
45 40 17 40
10 41 4 4
35 17 19 37
37 14 15 47
40 7 7 4
37 18 22 42
46 49 26 40
46 28 14 7
17 18 4 22
46 46 22 0
7 14 48 30
20 21 24 27
44 11 25 40
9 44 15 9
8 8 13 40
5 7 3 2
8 25 24 10
18 25 45 26
5 5 21 30
49 48 12 6
43 47 11 11
42 46 18 33
31 39 2 30
42 20 18 9
45 12 9 47
44 5 7 41
38 10 7 46
39 45 20 0
34 11 12 3
5 31 31 37
35 41 15 28
5 10 29 8
7 9 39 46
49 47 49 2
3 34 5 7
45 49 11 40
9 10 10 27
17 18 18 44
5 22 13 40
43 7 2 1
5 17 25 21
45 44 24 17
39 45 21 22
6 13 5 6
20 20 7 2
44 46 16 20
41 26 28 35
7 15 29 40
11 27 14 3
18 7 36 14
42 9 10 30
4 14 13 2
46 12 11 43
39 16 11 1
17 27 47 41
47 12 37 43
47 41 4 49
15 24 5 2
38 18 9 33
9 5 13 39
7 34 22 17
42 7 15 0
11 23 19 15
36 9 36 45
12 29 3 33
28 46 11 27
48 36 11 35
7 21 8 17
42 40 24 7
34 17 10 2
13 13 1 33
6 34 5 9
11 7 14 2
41 8 14 35
34 30 5 44
45 18 15 16
35 43 10 41
4 18 17 15
40 8 19 25
3 7 15 41
46 15 38 8
28 45 14 16
11 11 12 41
41 45 15 16
46 5 35 28
40 49 1 37
41 47 9 9
6 8 1 27
44 41 44 1
14 20 6 8
14 3 43 18
13 11 48 15
41 9 22 44
4 20 27 31
33 8 37 11
3 8 16 31
23 5 42 1
43 3 16 7
7 20 11 49
0 13 43 15
7 20 35 45
38 7 33 29
23 27 1 16
30 41 16 19
5 10 26 18
47 44 30 24
45 8 28 38
40 11 30 41
49 42 41 0
16 21 14 33
44 47 2 31
49 39 33 4
44 48 19 0
1 8 2 21
44 44 4 0
38 49 23 48
5 27 2 11
34 19 39 12
48 49 43 13
8 13 5 4
32 12 44 18
6 26 32 41
14 7 24 39
10 20 16 40
45 44 7 46
43 9 14 30
44 37 12 40
23 48 42 29
24 26 4 24
6 13 20 32
39 47 23 48
2 35 25 7
42 48 25 13
43 48 7 35
5 7 31 21
43 10 9 28
24 31 12 2
6 7 41 0
46 39 13 7
38 44 11 7
2 8 21 47
37 16 25 37
41 47 24 4
49 33 42 13
36 19 3 21
11 8 35 11
37 12 23 0
22 21 2 10
37 16 0 26
36 12 16 33
8 4 12 14
18 31 30 35
8 8 26 39
7 21 39 27
34 7 39 46
36 43 30 17
37 14 24 41
43 48 10 8
1 3 18 22
47 30 23 31
26 46 13 38
44 9 14 17
45 2 3 19
45 1 36 17
8 13 22 18
44 46 21 29
14 8 22 15
48 47 41 3
43 41 24 15
19 17 32 8
17 18 30 35
47 43 14 0
30 20 8 9
48 6 15 41
42 15 47 3
2 7 16 37
36 11 13 40
45 47 4 39
39 11 49 25
34 10 12 23
47 11 41 45
4 6 3 36
4 14 18 29
0 13 30 12
10 8 8 39
7 29 19 26
15 26 11 10
42 41 17 24
40 12 47 28
37 17 42 41
47 48 49 1
13 23 19 46
46 17 11 46
5 10 33 2
2 16 32 24
44 7 23 46
36 9 32 46
40 14 16 16
5 9 6 44
47 13 33 36
1 3 35 28
40 46 41 36
0 1 45 26
1 17 4 41
24 35 32 11
41 34 7 15
13 28 23 27
4 34 21 5
41 0 45 14
40 12 1 5
5 8 10 27
29 37 2 2
40 44 10 15
26 17 9 28
12 1 31 14
45 12 27 19
0 37 11 33
1 9 28 21
30 2 5 1
37 33 14 37
43 15 7 6
19 29 24 47
43 33 46 4
2 7 34 2
44 13 40 49
5 14 26 21
2 11 21 27
1 35 16 37
38 8 8 11
33 42 1 14
0 23 25 48
25 37 18 0
29 5 42 49
13 12 9 9
41 39 36 30
9 14 24 42
44 20 7 26
22 28 45 49
5 6 17 1
41 48 32 7
9 4 24 40
6 6 24 25
21 27 26 9
35 12 45 6
23 34 15 37
5 10 17 43
39 45 9 39
43 36 36 21
2 18 24 19
35 11 16 47
6 28 1 31
5 6 22 12
44 15 26 7
17 15 18 0
32 24 30 13
35 2 32 47
34 10 6 5
49 20 39 49
0 20 15 18
6 3 7 16
4 11 7 39
39 14 8 28
2 12 33 12
41 6 49 29
5 30 30 46
37 42 10 2
43 11 20 38
42 13 10 32
39 8 13 18
1 30 47 19
2 4 17 11
49 9 29 13
43 40 8 1
37 9 31 19
6 14 24 11
45 46 41 17
41 45 9 32
7 5 31 41
6 16 15 14
30 38 20 15
7 9 30 27
10 19 42 9
45 47 35 13
2 21 8 46
12 10 14 7
40 9 7 5
9 32 46 21
12 13 46 0
12 32 19 7
20 31 7 30
8 13 18 32
2 2 10 1
16 15 4 18
1 7 32 48
9 17 37 29
5 8 27 45
4 29 33 20
49 12 39 10
13 13 7 2
40 8 10 46
3 8 33 31
7 15 17 9
31 34 8 39
13 8 28 15
43 48 29 34
44 49 17 31
2 10 12 43
11 18 47 2
7 5 43 26
7 10 39 27
5 10 43 10
23 21 48 7
41 44 9 35
46 48 45 29
20 30 21 49
43 5 9 27
18 34 20 45
41 13 15 11
40 46 5 13
10 17 3 10
46 48 42 1
3 20 22 37
38 11 34 37
45 10 12 34
46 17 33 49
45 46 34 15
5 22 19 2
46 44 23 28
36 42 40 41
44 44 12 31
37 21 33 40
34 7 10 23
43 2 0 0
44 12 41 49
13 12 17 6
16 16 6 34
47 48 13 5
3 9 13 23
15 7 5 25
38 9 12 40
24 23 18 40
36 18 42 2
36 15 35 8
46 13 37 29
38 42 17 31
37 10 6 27
23 42 37 18
41 21 31 13
41 15 22 4
4 2 24 33
34 7 36 18
6 25 48 44
10 17 12 4
4 13 13 40
4 22 24 8
4 18 26 23
0 14 11 0
46 47 12 21
48 48 35 12
4 11 15 9
22 25 25 0
48 40 28 40
39 48 37 17
39 42 43 47
9 15 8 43
42 15 23 14
44 48 13 43
40 2 9 4
38 15 18 46
13 23 9 47
20 12 8 17
11 39 23 44
4 8 8 11
37 14 7 39
47 46 12 33
48 42 14 7
40 16 31 48
10 15 17 46
