50 176 13598 800
44 36 10 25
11 43 28 4
41 23 48 37
41 26 30 18
29 36 9 26
31 12 29 2
24 13 21 3
40 44 15 5
24 17 14 7
30 18 22 11
33 42 26 37
45 28 9 30
8 20 32 13
43 25 23 9
34 28 2 37
35 24 18 6
1 29 26 8
41 42 47 45
30 34 38 21
26 16 7 26
36 18 12 10
46 20 13 4
10 22 18 1
26 41 40 17
47 25 46 7
41 35 21 4
2 41 3 3
37 29 23 11
35 44 37 4
0 13 42 16
47 17 42 45
42 31 25 2
33 24 21 10
14 17 4 30
48 26 43 9
43 43 21 0
37 44 19 29
17 34 26 12
49 23 39 24
30 17 21 8
46 33 13 10
21 28 8 33
24 4 39 14
43 7 38 14
35 38 32 7
36 25 31 4
19 9 15 6
25 1 4 8
14 9 31 11
46 39 49 0
31 26 21 7
25 37 5 36
14 9 47 26
49 40 0 28
31 37 10 26
24 31 32 9
47 36 34 8
35 40 19 34
32 33 4 30
31 19 33 10
0 43 8 26
22 21 5 21
9 0 3 13
27 41 25 6
45 31 27 10
44 36 6 16
38 22 8 36
42 17 14 6
2 45 3 19
33 2 38 20
29 10 1 22
40 26 8 13
18 3 9 2
47 22 28 32
38 38 8 17
42 28 14 28
11 30 19 14
0 43 40 12
41 33 14 3
46 32 16 0
32 11 27 17
41 34 23 0
29 0 21 18
33 13 12 11
42 22 29 4
37 33 32 8
30 30 20 14
7 6 9 9
46 6 7 23
38 31 26 8
13 0 36 33
46 31 22 8
9 39 31 16
35 35 15 29
21 32 11 48
44 34 3 34
45 26 18 1
26 38 7 20
46 48 40 18
29 6 10 6
11 9 32 7
43 46 29 14
9 13 17 32
38 33 23 16
43 23 22 5
48 27 5 45
11 27 2 37
39 19 24 0
1 37 33 10
28 32 23 1
44 48 36 4
35 23 11 40
44 22 48 1
10 28 22 9
35 40 18 28
41 19 29 19
49 36 32 5
32 25 43 29
45 37 11 27
42 44 25 2
37 39 24 6
27 20 32 11
44 42 24 8
11 22 14 37
24 28 27 35
42 19 23 11
44 23 6 28
39 25 36 21
35 36 32 1
42 8 5 30
42 40 42 33
8 19 33 18
6 20 23 18
43 30 23 13
44 34 10 26
43 39 13 10
19 24 11 30
39 3 15 5
43 19 17 10
2 8 44 13
15 26 26 12
49 24 41 16
45 30 24 12
42 44 15 20
39 46 11 44
36 9 41 28
42 25 20 45
27 31 6 28
41 36 22 10
8 0 14 7
41 9 5 33
35 38 13 30
14 8 25 5
33 40 45 12
34 42 27 9
32 36 21 0
38 9 49 12
44 29 11 22
13 7 2 31
14 38 15 0
47 36 22 0
34 31 4 33
40 28 29 21
47 37 40 6
2 47 5 29
47 28 9 32
49 27 48 31
9 3 24 39
34 29 8 4
41 33 17 13
43 45 49 40
38 2 24 1
30 19 1 36
41 34 39 3
29 22 25 45
15 18 48 30
