50 112 14037 800
48 16 45 19
46 20 39 5
45 0 6 18
44 30 36 5
2 21 38 22
37 2 21 25
37 17 6 6
45 14 26 25
32 31 44 7
48 19 48 14
46 19 46 4
48 22 10 35
25 20 34 10
35 13 46 31
40 35 40 10
45 15 14 39
11 16 10 12
41 38 25 30
35 28 11 15
49 23 10 48
32 23 36 11
18 42 16 35
30 33 27 37
8 2 47 25
40 42 15 2
33 43 15 36
45 18 31 15
28 14 28 44
19 24 13 21
37 21 39 37
8 43 19 18
27 39 27 47
9 34 28 12
28 47 26 32
39 16 12 35
39 48 49 25
45 21 16 20
19 11 27 40
21 9 9 31
28 36 8 49
36 15 14 31
46 14 31 47
36 16 10 39
41 24 41 2
13 12 22 45
48 11 26 41
14 19 24 34
21 12 29 27
49 10 1 36
44 26 49 4
42 6 21 42
14 5 35 13
0 46 26 45
31 40 31 5
20 22 40 23
39 12 48 23
47 22 47 37
35 30 15 35
47 19 24 12
45 33 2 8
26 29 14 34
10 18 47 12
47 20 7 13
29 2 24 45
27 3 26 48
19 41 27 41
27 0 14 47
44 24 20 11
41 22 20 6
42 28 25 9
48 23 2 23
47 22 23 48
23 2 38 6
36 33 36 8
26 16 7 45
12 24 39 16
42 20 28 43
40 43 7 12
49 19 19 18
22 9 12 32
27 12 20 17
21 2 20 41
9 9 42 18
46 18 16 47
45 15 46 5
45 7 3 18
48 16 18 8
23 6 30 48
48 19 47 7
44 40 43 8
27 20 34 21
44 19 26 12
46 41 24 28
23 3 10 30
46 23 48 38
19 3 0 7
40 32 39 17
31 15 20 48
20 13 37 0
45 15 43 7
43 48 26 42
43 34 30 41
42 42 12 42
3 13 47 30
4 2 30 45
34 34 26 46
21 15 36 20
22 33 20 46
24 27 24 46
24 36 11 26
30 19 15 46
22 1 44 18
