50 469 17300 800
43 6 7 35
47 28 9 34
32 19 4 0
25 36 15 2
30 45 25 1
31 25 8 31
33 0 5 36
32 47 46 47
30 21 10 36
29 49 38 32
27 31 10 36
48 42 13 35
4 24 5 7
31 18 8 37
44 39 28 35
21 3 27 34
41 21 14 6
20 6 42 37
29 28 6 37
29 19 8 35
31 25 8 35
46 17 47 36
32 28 11 10
20 42 29 45
26 23 28 33
26 42 38 40
22 29 9 34
47 41 30 27
31 4 26 4
46 3 26 5
36 39 7 6
25 8 8 10
45 2 2 7
5 30 7 34
35 6 34 30
29 42 25 36
16 15 28 3
2 41 30 5
3 42 27 45
22 47 9 36
25 43 18 6
27 48 24 8
16 14 1 8
17 13 0 4
17 19 21 1
23 46 13 9
20 12 15 34
3 37 8 33
37 26 27 3
40 36 46 27
31 31 7 35
36 14 18 1
28 6 10 34
18 18 43 41
41 2 29 3
25 18 19 6
30 47 3 8
1 30 14 35
33 16 10 37
47 9 18 17
16 35 15 16
18 25 6 35
30 6 7 7
6 45 39 34
41 9 41 29
33 37 26 5
8 0 7 33
33 24 4 8
42 26 44 40
46 2 26 48
29 47 3 32
4 46 31 6
35 2 10 35
47 1 4 9
13 7 7 36
27 34 8 35
14 42 7 35
40 8 9 1
31 23 5 34
7 26 47 36
8 0 24 17
22 41 24 1
25 41 17 3
30 19 6 37
36 16 8 32
7 14 5 3
37 4 12 6
1 36 29 2
33 41 7 32
26 38 27 3
25 47 21 8
42 3 31 24
30 25 33 5
26 22 42 41
26 23 10 33
49 19 22 3
37 49 5 4
8 8 10 33
46 2 9 2
25 14 38 42
3 43 19 12
32 26 4 35
36 29 27 4
3 48 11 3
30 27 13 10
35 22 23 5
28 11 20 32
24 19 42 43
3 3 15 3
32 21 23 19
9 40 8 31
9 5 12 8
48 7 24 3
24 22 43 36
4 40 27 6
16 20 30 5
7 47 19 2
29 22 14 6
7 15 5 30
2 32 13 7
27 46 18 2
46 43 6 33
26 27 35 40
10 19 21 2
1 44 8 3
7 43 42 48
28 16 32 2
29 41 15 9
27 47 10 33
15 24 8 36
43 9 19 19
32 25 38 48
21 35 12 5
25 49 5 34
38 39 9 32
38 25 23 17
26 9 38 38
22 43 32 9
44 21 8 3
24 15 24 2
25 18 2 8
27 30 23 0
5 16 37 39
4 23 24 3
12 11 47 23
42 6 6 36
46 11 12 33
30 16 8 34
19 33 29 1
8 18 20 3
20 26 10 36
24 34 47 22
28 23 8 32
4 34 34 34
5 36 25 6
37 23 40 28
3 33 1 16
1 44 42 35
5 22 19 12
31 42 47 47
25 6 10 35
48 22 4 15
19 31 8 33
40 1 4 36
37 10 22 15
27 17 20 9
35 48 1 3
17 37 28 4
41 5 10 37
36 29 18 0
26 32 41 48
25 27 24 6
19 46 2 7
8 32 18 2
38 49 44 31
31 12 28 36
45 5 10 36
29 28 7 35
19 27 37 49
16 38 4 9
28 13 12 7
20 19 47 48
32 18 7 40
22 21 12 5
28 22 19 6
28 23 27 1
11 41 17 7
38 6 26 8
36 19 31 5
8 41 34 41
23 1 16 9
5 16 31 3
25 25 3 0
34 49 49 33
3 45 22 3
26 17 24 5
49 6 15 8
23 23 6 35
32 3 9 34
2 38 21 7
49 38 3 11
38 22 42 41
32 25 1 9
17 16 12 3
30 25 7 34
44 42 23 3
11 0 19 10
26 32 27 6
44 7 6 0
33 4 7 32
25 20 3 3
26 42 6 5
49 3 38 26
28 38 19 11
5 48 18 2
36 24 7 35
44 1 15 13
3 47 40 33
0 43 9 12
33 36 33 3
43 21 27 6
29 26 24 2
40 16 22 6
29 7 4 5
34 22 26 21
25 28 5 33
36 25 11 34
28 18 5 31
36 8 10 38
26 28 5 35
35 24 6 34
38 32 6 13
20 42 8 33
30 24 3 2
27 21 9 35
2 40 36 46
19 29 44 36
37 20 8 34
2 40 48 27
33 42 42 39
36 46 8 35
23 9 14 36
25 8 9 38
46 6 11 36
42 10 28 10
11 2 7 36
47 4 42 41
20 1 10 38
31 23 17 1
4 4 12 9
29 45 20 22
35 20 38 26
37 17 30 1
37 40 10 34
2 40 9 8
24 30 12 33
26 27 27 2
19 47 8 2
2 30 27 3
34 28 5 0
5 18 1 7
39 41 8 35
4 5 3 17
41 24 35 33
27 49 15 6
13 12 10 37
30 16 20 2
48 39 6 33
12 43 26 8
1 1 6 34
26 27 9 1
34 29 14 2
22 9 11 36
13 28 14 8
5 4 45 34
26 47 9 34
19 25 16 3
28 49 11 35
25 29 31 28
20 26 9 34
22 48 40 37
19 16 10 34
21 46 17 9
21 29 0 15
47 37 21 2
17 49 6 33
5 30 23 18
25 26 7 37
45 23 3 36
34 8 36 47
31 23 9 36
40 24 15 1
26 19 20 1
22 49 17 3
21 3 7 3
2 38 6 35
37 7 12 4
45 16 28 2
28 22 41 36
48 2 28 2
23 46 25 1
37 34 8 17
33 45 8 12
23 22 10 36
32 24 11 33
21 11 0 6
33 1 6 11
29 25 13 9
5 45 3 31
30 48 43 49
26 48 8 11
18 3 6 31
27 48 6 34
19 11 15 7
31 11 6 30
27 17 24 6
26 22 19 4
25 48 38 30
7 42 27 2
32 12 28 30
32 30 5 35
1 44 9 4
39 49 6 6
26 39 5 35
40 30 4 11
24 12 5 36
3 36 18 7
8 12 27 7
0 6 26 28
26 23 22 7
47 26 7 30
43 19 9 33
28 16 18 3
42 23 20 10
31 31 35 38
31 26 8 35
31 25 29 0
29 24 39 39
26 9 5 38
24 26 6 7
47 28 5 33
1 47 8 34
15 33 33 30
35 38 38 41
27 24 21 1
35 24 28 4
27 22 21 4
6 39 9 34
47 20 15 4
0 44 6 10
27 12 8 35
2 49 30 1
26 44 10 6
1 46 33 41
45 21 7 34
30 41 22 15
43 4 9 39
49 23 45 42
1 5 15 37
25 47 30 4
24 35 16 20
25 42 17 3
21 25 6 32
2 45 46 26
28 17 24 1
37 25 21 3
22 9 38 42
38 42 5 6
47 5 9 4
16 41 23 6
41 5 9 37
0 45 4 3
26 26 8 37
10 49 9 36
32 24 10 31
36 22 25 8
33 47 28 6
24 8 26 4
16 0 7 7
12 44 8 34
23 33 47 31
18 26 19 2
42 36 7 36
6 43 45 45
3 13 25 9
17 31 24 13
35 20 26 1
38 14 6 36
48 32 3 33
29 13 37 48
20 1 26 3
22 28 17 0
35 10 25 24
19 14 7 32
11 16 28 7
31 23 2 6
5 42 19 8
26 21 10 36
26 21 35 42
20 27 46 32
33 47 10 33
10 45 26 4
29 49 20 0
43 2 9 30
2 30 7 37
22 31 4 36
25 23 10 28
47 6 8 32
28 44 28 6
7 6 38 38
24 43 12 5
48 8 11 32
10 36 6 8
41 25 2 8
13 45 9 33
26 25 15 1
32 29 26 3
28 28 0 5
39 39 9 39
4 49 19 19
0 41 8 8
33 49 29 3
25 23 4 34
41 7 11 36
24 22 7 17
33 34 8 31
15 18 13 0
24 22 44 39
28 19 20 9
17 6 8 36
27 22 2 12
16 6 9 37
25 23 17 9
36 15 5 5
31 42 29 2
34 2 23 8
28 29 7 17
43 20 16 5
42 18 16 10
39 34 8 32
35 24 9 14
16 39 28 34
41 19 10 7
5 44 39 43
30 2 13 2
22 10 26 2
1 40 18 13
37 17 14 7
6 3 23 0
46 39 1 0
20 20 6 32
28 29 13 35
44 39 23 5
3 20 7 34
29 34 9 34
12 49 4 11
15 28 30 0
28 21 36 46
25 41 6 35
28 27 10 33
31 29 6 34
10 35 6 5
11 10 29 4
28 17 35 37
31 47 19 1
5 37 6 33
1 44 12 8
8 16 6 12
25 29 5 2
