50 1009 19285 800
34 37 6 39
19 40 42 39
42 13 23 29
34 36 8 34
13 24 36 35
17 30 10 33
34 17 37 37
36 37 11 6
33 33 40 28
43 32 8 49
26 38 11 32
27 27 6 33
4 12 3 35
29 19 6 37
40 17 14 49
20 37 12 30
34 31 6 31
15 32 4 36
36 35 18 37
36 41 5 35
28 2 4 34
33 33 10 31
28 29 5 36
21 32 0 7
20 31 26 26
30 24 10 37
25 30 49 25
21 14 44 26
16 15 43 47
24 39 2 47
42 11 8 30
47 43 10 36
0 35 16 34
21 34 5 31
27 25 2 40
16 13 6 31
17 30 31 21
43 34 40 38
14 1 49 37
31 35 5 33
20 44 43 35
26 47 14 47
5 34 8 38
34 35 4 40
33 24 24 48
26 28 4 33
34 46 45 46
19 20 7 36
33 21 8 36
31 21 47 41
27 36 20 32
14 34 18 45
37 17 8 35
11 41 4 40
12 38 6 33
21 31 3 47
40 38 40 2
34 19 2 43
36 15 1 41
2 7 47 31
5 25 33 49
4 18 42 22
11 26 6 21
38 34 29 8
32 16 26 41
23 39 5 30
19 43 5 43
18 1 1 37
42 3 13 27
30 40 2 27
15 13 8 38
33 42 8 48
20 33 8 34
34 31 7 38
28 25 43 41
35 20 5 37
30 35 13 35
39 33 39 42
30 39 5 33
5 0 19 39
20 30 21 46
24 30 25 46
21 16 37 29
49 41 15 21
21 36 12 25
31 49 36 31
17 8 8 39
6 19 5 34
16 48 34 33
27 36 8 33
28 6 43 34
19 20 35 43
35 35 40 33
17 36 45 48
34 28 11 37
3 37 7 40
11 35 2 13
6 30 9 35
32 33 41 21
28 17 42 39
28 35 49 49
29 29 32 18
29 42 12 46
27 22 2 39
34 21 5 33
30 4 6 19
12 39 1 40
35 35 8 40
30 31 32 43
19 22 41 43
37 35 39 39
15 4 9 31
25 5 3 44
37 32 6 36
17 35 4 8
24 30 36 36
31 33 6 37
34 30 27 45
24 45 9 15
21 10 47 41
25 27 46 40
24 47 1 40
24 37 9 33
34 32 33 39
25 39 47 25
43 39 22 38
4 46 32 32
7 0 35 34
5 5 6 33
26 31 41 27
27 46 5 30
16 3 7 38
2 42 15 45
17 23 37 31
35 30 7 36
30 18 47 39
40 36 8 34
22 27 37 34
29 37 31 49
36 41 7 48
34 5 43 35
5 0 8 42
28 34 6 36
20 31 20 19
35 34 2 46
27 37 10 36
16 40 6 39
26 11 6 36
28 27 2 39
30 38 9 49
16 19 8 31
18 8 2 29
38 36 31 31
22 28 13 27
32 37 9 33
0 36 47 44
33 34 9 36
25 39 16 28
25 45 17 44
9 20 22 49
37 28 0 25
2 6 7 37
20 37 6 35
25 36 42 35
23 31 29 36
14 21 46 39
35 33 9 34
35 34 32 28
12 8 5 37
34 34 42 33
37 30 46 41
22 3 18 45
30 18 2 36
26 39 39 43
35 40 7 40
11 30 8 38
22 16 44 44
33 31 7 27
30 41 33 39
26 25 5 35
41 47 20 34
33 35 19 25
49 22 5 46
21 31 18 39
34 25 36 46
29 42 8 32
29 32 2 42
45 29 44 17
33 38 4 35
26 8 4 39
18 41 42 24
30 19 10 31
13 1 46 35
34 37 13 23
18 41 4 31
31 32 49 40
11 25 46 22
30 43 6 23
34 25 9 34
29 18 21 28
36 9 47 22
8 27 16 31
39 31 8 38
26 24 6 34
24 44 28 46
17 22 44 44
36 41 11 37
29 32 7 40
31 26 23 24
34 10 41 28
33 36 12 33
11 24 41 37
16 6 38 37
19 35 8 31
27 26 44 32
38 35 6 33
35 23 44 31
19 21 8 38
23 30 10 36
15 10 34 40
35 38 0 13
34 17 4 32
18 26 0 33
22 46 9 42
41 38 2 40
28 18 10 39
8 24 9 36
9 26 47 10
46 2 8 34
9 14 5 34
14 17 12 35
38 31 29 35
26 21 48 42
13 42 10 33
35 34 43 42
25 32 47 49
35 31 8 34
27 37 3 34
10 16 7 32
35 32 9 25
33 17 4 37
10 26 9 18
36 37 30 49
29 27 38 39
31 27 10 27
20 30 6 38
26 46 7 33
9 35 24 46
39 10 37 44
30 46 7 22
4 38 34 44
32 44 47 18
35 38 41 25
40 7 47 35
23 38 6 36
34 14 38 46
14 44 6 38
25 37 47 36
15 41 9 35
26 22 9 35
3 36 47 46
27 31 6 38
32 31 46 36
24 30 30 48
42 18 39 39
30 36 45 34
17 27 23 39
8 43 38 42
25 36 32 45
16 4 47 36
38 41 18 23
25 9 9 43
20 37 13 25
27 11 44 21
29 25 41 37
33 32 47 35
24 29 46 43
30 8 21 41
36 38 6 36
32 34 5 33
35 38 7 33
25 38 5 35
27 20 3 41
35 10 3 33
16 42 7 36
28 23 12 13
2 38 7 36
27 12 17 35
32 16 10 35
27 12 7 37
34 37 12 37
29 16 8 32
8 19 32 46
10 48 7 35
5 47 11 34
11 27 10 38
40 37 40 44
28 38 29 49
35 22 28 31
38 39 8 33
35 28 41 36
9 37 0 5
21 12 17 42
32 5 4 36
14 3 8 28
12 14 9 34
30 27 28 45
2 7 9 29
30 40 23 27
35 35 9 41
25 29 36 44
19 44 5 45
10 17 45 34
17 10 6 38
49 10 32 39
29 31 4 44
37 29 5 38
31 39 33 20
37 34 25 39
28 8 39 39
31 38 9 36
7 22 38 46
16 1 15 46
13 40 49 29
37 25 12 30
25 44 48 49
24 44 5 44
35 31 29 36
22 16 7 33
41 32 25 30
29 28 9 36
21 29 23 42
22 29 20 36
29 38 24 33
38 16 39 44
17 31 30 47
32 5 30 34
32 37 48 34
30 38 15 38
4 9 3 33
30 23 33 34
20 46 46 19
33 25 37 33
33 33 35 39
11 30 40 45
34 37 44 36
41 19 35 27
3 42 39 23
14 44 38 39
40 21 49 28
29 37 40 43
35 19 9 34
28 48 6 33
26 20 4 34
13 0 41 30
23 5 12 14
29 38 35 37
34 40 6 36
48 19 23 33
32 35 9 34
40 39 9 36
18 29 33 41
34 35 8 14
34 13 0 37
28 41 47 39
11 41 8 27
16 17 43 36
24 33 4 32
5 48 19 17
33 36 6 34
22 19 5 39
37 32 12 39
37 33 9 36
18 44 45 27
49 39 4 34
37 36 2 25
13 46 9 34
40 36 8 48
23 36 23 41
15 10 27 40
31 0 46 45
27 32 42 35
26 32 9 34
31 30 7 30
19 35 32 33
33 41 20 30
2 41 43 25
25 28 29 43
38 35 5 36
25 46 44 41
11 38 7 42
27 11 12 21
20 39 13 49
14 21 9 45
2 38 41 40
13 11 35 27
33 38 33 44
35 27 26 49
32 34 39 42
32 32 38 32
24 44 39 37
22 37 35 42
25 38 5 32
30 7 9 34
40 32 10 49
32 33 8 34
18 20 6 34
29 14 9 31
21 41 8 35
11 8 8 5
34 19 39 21
14 46 11 39
16 14 7 35
27 39 40 35
29 29 9 38
14 42 1 34
24 44 35 25
24 39 20 36
4 19 32 41
8 13 40 37
21 10 17 16
8 0 13 46
30 32 18 10
34 32 6 46
20 11 47 9
22 0 4 29
30 34 4 36
36 35 12 25
24 33 1 44
39 38 28 37
40 27 46 30
33 7 5 33
16 30 0 35
10 38 17 36
21 22 4 31
37 33 7 31
25 37 42 35
10 32 15 30
41 45 19 31
24 25 12 35
20 43 44 43
37 35 8 35
12 0 5 35
30 2 30 13
24 31 6 35
30 34 6 33
32 30 10 42
15 34 46 47
9 12 35 39
30 41 40 19
18 28 22 43
38 26 0 37
7 19 32 40
13 39 6 35
33 37 7 32
31 40 11 37
9 5 49 41
28 39 49 43
18 44 27 34
3 29 7 34
42 24 3 42
17 41 4 40
12 40 8 34
33 34 14 47
41 6 39 44
34 34 29 31
20 22 45 44
7 49 5 18
36 10 3 44
35 43 46 36
30 0 6 48
22 13 40 42
20 13 15 48
14 9 48 29
27 38 35 28
13 7 15 35
27 35 4 39
32 37 18 46
34 16 9 29
27 3 14 36
12 35 35 34
15 29 36 31
27 0 29 32
32 25 5 35
23 41 13 16
14 49 6 31
29 6 6 13
23 14 19 25
16 42 9 34
14 18 8 31
0 26 1 30
38 35 3 35
34 25 7 36
26 36 2 26
34 32 46 40
7 1 28 24
34 35 38 43
19 7 5 15
33 7 47 46
35 35 48 42
32 35 35 37
23 37 14 18
17 33 34 46
35 49 42 44
35 32 4 34
3 13 11 40
32 28 49 40
16 10 0 36
41 37 6 37
23 35 9 45
46 8 3 39
11 17 29 34
4 28 12 29
22 41 0 38
27 25 13 12
18 23 7 7
32 33 12 33
33 36 4 30
32 38 7 38
27 21 33 32
28 34 20 31
30 48 0 38
11 9 4 36
22 9 16 22
3 39 32 43
29 34 25 46
21 35 24 41
31 39 10 31
39 42 45 46
15 11 18 23
26 40 10 34
30 36 6 36
8 42 6 33
23 28 5 48
25 21 18 7
38 33 6 46
1 34 2 38
40 35 41 41
36 39 49 33
30 37 10 31
32 32 12 37
20 30 6 35
41 3 5 40
35 38 42 23
38 33 5 33
33 35 12 30
33 23 8 31
13 27 42 33
38 1 9 37
17 38 44 20
13 1 44 39
27 36 7 32
10 26 27 38
10 43 24 45
36 37 6 37
23 10 33 34
43 31 4 34
29 30 44 20
29 33 36 23
45 14 6 33
4 2 11 45
23 40 33 34
11 11 3 33
30 40 41 32
24 29 5 31
37 27 15 42
26 33 17 37
16 44 4 34
32 39 4 35
42 8 47 35
8 7 35 29
35 18 38 33
29 21 0 35
35 37 30 44
6 20 27 38
23 36 16 37
42 23 37 45
30 39 47 36
20 14 15 37
36 35 7 39
11 11 9 37
28 26 0 47
1 20 9 29
13 26 9 37
49 19 30 31
18 28 9 25
15 16 25 48
33 35 10 47
45 9 5 45
22 30 44 45
20 38 35 48
24 12 23 46
33 36 38 33
18 40 41 46
34 38 7 32
27 14 7 35
6 26 5 36
15 38 7 36
30 26 8 33
28 22 2 16
29 6 7 38
43 11 30 39
32 39 14 25
25 28 43 44
21 38 29 34
33 18 13 37
37 31 7 36
29 44 10 35
24 32 17 47
36 31 5 36
21 2 23 34
32 16 46 46
21 28 15 22
8 38 29 13
31 17 8 34
5 47 43 30
20 35 43 31
30 33 25 27
32 31 0 33
31 33 3 34
30 47 3 30
22 5 35 39
27 14 1 36
26 42 8 25
24 23 7 33
4 33 24 27
39 29 18 41
11 12 18 42
9 37 7 34
33 34 30 49
37 23 13 36
7 25 46 37
12 44 35 29
15 42 6 35
31 39 9 49
8 34 13 36
25 45 40 36
37 0 19 39
25 38 8 32
28 26 6 37
2 27 8 29
20 43 5 38
6 41 49 31
25 42 12 36
35 34 1 42
11 4 29 46
37 33 7 32
36 48 10 43
4 13 4 41
17 34 29 43
2 26 16 43
28 5 6 31
23 7 40 40
23 1 16 25
14 39 4 16
40 4 38 39
33 33 4 28
15 3 36 23
4 7 26 41
30 31 4 40
36 40 44 45
33 33 15 49
38 34 13 28
23 34 10 13
26 22 6 48
23 0 45 45
19 37 49 43
21 35 4 34
35 15 44 40
17 45 11 46
14 31 3 16
25 17 9 34
31 34 46 49
37 34 4 29
22 37 8 33
27 29 28 40
48 21 36 19
0 23 8 32
32 42 3 16
16 32 13 34
16 3 10 49
42 21 47 37
40 14 4 36
0 45 10 31
11 29 23 36
5 22 20 13
39 9 14 31
14 42 47 38
35 25 44 35
28 37 35 37
31 14 49 19
26 32 11 38
31 32 40 40
23 32 7 35
13 25 39 42
38 33 16 37
31 48 36 47
35 6 40 7
36 28 4 14
37 44 16 45
27 32 31 37
31 27 48 49
37 38 12 44
0 24 47 41
27 12 46 48
32 30 6 34
9 44 18 27
44 43 8 22
47 39 10 35
22 17 49 41
11 19 6 27
33 39 8 46
28 21 9 33
24 37 42 45
26 40 17 22
1 49 31 16
25 38 44 48
25 44 25 22
28 20 21 1
28 4 24 31
16 12 7 31
30 40 44 32
10 47 9 36
35 31 36 48
23 39 12 32
35 13 14 9
26 40 37 45
31 31 10 43
28 44 1 11
24 2 23 49
35 32 30 27
36 31 38 48
16 27 44 29
11 20 43 31
16 16 28 28
34 41 7 33
25 20 35 40
24 38 45 43
32 44 30 40
33 32 45 40
17 49 2 45
40 21 12 36
28 32 36 34
21 19 16 1
26 21 37 39
27 36 5 47
7 43 8 29
33 36 3 26
33 26 27 43
28 11 5 42
29 24 28 46
24 11 2 42
33 22 41 36
13 46 49 41
33 44 13 41
23 37 47 30
35 32 49 39
32 33 31 40
32 33 47 39
34 42 11 36
37 33 5 35
7 42 6 28
19 15 47 28
36 28 8 29
39 25 11 37
14 25 26 42
35 32 9 38
19 44 1 23
18 17 8 34
17 14 39 40
45 39 9 34
33 37 11 38
48 26 26 26
29 39 9 37
29 19 46 30
29 0 41 31
1 14 32 33
37 38 6 35
25 29 29 27
31 39 9 37
36 32 4 37
20 6 43 35
5 28 21 28
13 43 4 34
30 37 3 42
39 35 28 37
21 49 6 33
34 23 32 48
32 27 44 29
1 39 26 44
13 29 44 30
28 16 42 43
19 30 3 31
10 27 12 32
29 37 10 23
40 33 7 47
9 47 22 24
8 20 21 23
32 34 38 30
29 40 8 32
35 22 9 32
32 40 8 38
24 43 43 32
30 35 9 34
23 43 32 24
21 26 8 38
32 42 15 21
24 45 39 40
25 19 7 37
35 29 14 9
34 45 15 44
22 15 6 33
20 27 7 32
33 33 26 34
33 26 15 44
29 20 7 42
14 8 42 35
39 5 31 37
31 29 6 27
11 33 33 31
27 20 1 33
30 3 6 33
17 31 4 20
15 31 35 45
38 34 6 37
14 13 18 48
33 14 37 40
16 21 9 38
38 39 27 41
22 38 41 42
32 33 18 25
27 12 2 19
38 34 10 36
18 22 1 40
34 29 4 41
9 42 10 36
27 27 5 39
29 33 17 36
36 27 43 30
13 20 4 43
17 22 43 38
2 37 9 36
38 33 8 34
28 36 45 38
33 46 43 38
43 40 8 41
20 37 31 21
31 29 11 37
36 27 0 25
35 39 35 47
32 39 42 32
4 10 13 34
5 30 2 34
32 11 31 43
34 40 3 34
32 5 5 34
8 26 5 36
30 19 6 43
30 9 46 25
6 34 41 39
30 35 2 42
33 33 9 44
45 25 6 39
22 30 9 38
17 12 12 48
23 26 33 29
3 4 7 37
42 37 7 37
22 32 8 32
33 49 12 44
12 46 16 41
35 32 5 34
38 37 47 48
30 36 45 42
28 30 21 44
47 0 13 45
16 9 9 29
6 31 2 20
32 37 39 31
32 28 8 34
32 36 40 40
31 35 41 37
36 48 5 45
20 26 24 44
28 37 23 28
31 47 8 40
28 30 24 47
17 8 4 35
22 37 9 33
33 35 36 28
29 9 7 36
32 36 12 34
19 26 47 45
33 36 7 47
1 2 41 27
36 39 44 41
28 14 6 34
18 41 9 33
44 33 49 49
33 12 33 30
42 1 4 37
13 44 7 36
36 29 32 35
38 32 35 38
43 21 37 40
20 38 1 21
19 40 7 29
28 33 4 34
17 36 6 35
10 12 32 39
32 33 7 30
34 35 23 16
48 40 9 37
21 18 36 44
38 39 6 40
37 40 11 35
37 48 20 28
23 11 48 23
37 37 6 34
13 26 25 48
13 34 42 38
36 32 30 41
19 15 34 12
10 27 12 32
0 43 8 37
44 31 12 32
21 15 32 30
14 33 41 45
48 21 41 22
27 33 41 43
12 0 7 37
30 36 11 42
3 4 34 34
16 43 9 30
16 9 1 40
31 31 28 40
37 38 29 19
23 31 26 42
22 18 9 32
37 37 40 35
15 6 35 44
19 13 7 41
3 8 3 36
14 35 9 33
27 9 44 39
23 30 32 32
25 39 42 47
41 34 4 23
18 36 37 48
42 49 7 47
35 24 14 36
27 23 36 40
34 40 6 38
4 39 9 37
20 24 46 45
33 40 45 38
33 47 0 24
49 26 8 37
34 41 10 34
20 11 14 25
23 12 23 40
44 2 44 49
28 39 10 25
5 9 42 40
36 34 10 33
36 39 5 35
13 24 30 33
36 34 39 45
42 30 7 33
12 4 15 37
31 44 5 48
37 12 3 47
3 39 25 25
5 37 22 16
39 35 26 49
29 0 12 35
33 28 7 38
31 13 20 24
15 7 49 29
32 39 15 31
24 2 8 38
18 41 9 43
22 35 45 42
25 23 9 33
38 38 47 25
22 11 17 48
12 30 40 27
36 37 9 31
32 39 0 20
2 40 10 38
18 11 46 39
27 24 42 36
34 38 24 30
38 18 48 38
30 1 9 29
20 23 15 2
26 35 24 41
41 22 8 49
30 37 8 36
31 3 19 23
20 8 19 44
19 4 35 26
38 41 13 37
22 20 12 21
19 19 9 37
20 23 14 40
33 38 8 40
19 35 39 25
30 14 8 28
