50 527 13934 800
29 11 18 11
8 42 5 49
27 36 21 32
23 16 4 16
38 32 25 21
35 41 3 44
1 12 22 26
21 21 10 47
13 6 20 21
7 6 48 25
9 4 28 49
19 11 4 48
27 40 34 11
18 46 25 13
1 0 21 14
15 14 22 15
21 38 28 8
36 39 19 21
15 0 18 16
39 28 4 44
29 28 9 47
40 43 22 27
29 35 29 5
43 45 16 18
39 30 19 23
14 43 26 9
46 38 23 15
36 39 10 9
33 24 23 19
39 34 24 18
16 44 27 8
40 49 6 40
2 40 11 47
41 40 2 36
9 18 24 40
17 11 26 13
23 27 6 17
15 40 2 26
10 4 15 22
18 38 23 16
6 43 5 10
23 33 23 16
43 37 35 6
12 45 23 38
49 41 28 6
28 38 27 5
0 33 48 21
37 37 10 18
43 17 5 31
18 7 26 6
5 17 19 19
27 11 3 17
4 34 21 28
37 37 22 32
43 46 15 21
35 44 0 38
39 37 21 24
10 19 33 14
23 20 0 42
31 44 25 8
9 6 7 40
8 4 1 45
22 16 21 9
3 14 24 33
8 43 3 23
9 41 20 30
9 17 32 7
19 21 22 29
27 39 22 15
33 41 30 8
18 38 0 35
7 34 19 27
21 27 46 7
28 27 27 10
8 29 22 5
25 11 11 19
6 24 26 12
26 35 2 4
38 35 35 43
25 13 15 19
19 39 14 21
19 1 3 40
8 29 7 45
9 37 28 12
9 17 41 34
10 19 21 14
4 30 36 2
16 48 25 7
43 39 12 39
19 19 33 43
11 18 23 8
35 32 17 17
10 28 10 15
46 4 27 6
26 32 38 7
6 28 15 21
22 23 38 16
37 42 7 2
24 3 30 2
38 32 25 5
39 35 32 6
43 42 22 11
17 16 22 15
33 39 14 26
12 22 28 23
13 17 25 26
28 46 26 5
3 28 23 10
7 27 9 38
27 25 46 32
35 29 10 21
10 14 14 42
10 10 15 23
1 31 14 19
13 8 22 10
46 29 12 23
32 40 30 33
30 40 18 19
29 38 10 46
48 47 25 5
22 43 32 4
5 2 46 7
15 11 10 28
49 30 43 12
44 40 30 18
8 32 26 7
15 17 5 22
20 17 19 27
43 33 29 6
36 42 35 23
19 28 26 5
2 21 23 17
27 39 42 21
28 14 19 23
10 26 24 15
14 19 26 7
15 14 25 10
34 42 23 13
2 32 13 49
11 31 16 19
17 1 28 11
17 28 22 14
24 38 2 33
12 36 27 6
7 3 29 1
10 13 13 23
38 46 14 32
3 17 16 21
39 35 21 38
15 0 38 22
4 5 11 43
33 39 14 32
12 38 22 13
1 27 5 42
0 36 10 32
17 0 18 29
17 14 15 18
49 34 26 37
37 39 19 10
4 26 17 30
42 41 21 6
1 11 23 6
22 6 18 21
18 21 13 35
36 38 23 14
21 25 7 13
24 15 26 8
13 29 1 35
17 13 29 9
47 42 31 10
11 14 26 10
40 39 28 14
16 44 5 28
13 16 24 20
39 32 6 43
10 24 42 5
39 38 2 49
15 30 6 42
45 42 31 7
11 11 20 41
22 40 10 28
8 2 12 37
42 42 17 20
12 14 22 7
46 44 24 15
46 21 39 27
8 14 4 47
6 17 23 17
26 12 10 27
5 35 7 45
44 32 26 14
35 25 18 22
21 12 7 41
6 11 20 46
44 41 26 7
7 36 28 41
42 35 22 16
38 42 16 15
43 43 20 15
7 30 19 35
27 4 0 25
43 26 23 7
10 22 4 49
37 43 23 35
30 41 19 20
2 9 49 16
23 5 36 3
11 19 8 47
30 1 25 0
42 38 24 16
41 37 21 14
8 37 10 17
10 39 21 49
12 43 27 6
36 34 4 32
5 18 16 24
13 28 23 15
20 25 14 39
43 20 22 43
41 42 26 8
20 6 1 25
15 3 28 9
19 28 7 36
31 44 10 23
22 27 14 22
28 4 0 17
41 36 11 21
40 33 36 13
2 9 28 16
32 10 13 20
1 13 36 31
27 38 30 11
31 29 10 35
14 33 0 49
15 21 5 23
41 46 3 36
33 35 25 12
12 39 7 33
13 36 33 9
44 36 11 34
31 39 16 18
8 16 20 3
28 13 19 18
41 37 26 7
3 19 21 19
24 13 41 33
4 36 27 27
9 24 37 44
44 45 15 23
22 31 24 16
1 25 30 33
39 29 24 10
36 37 24 16
6 36 30 25
43 43 13 35
0 29 19 23
3 34 19 21
29 7 38 31
25 19 7 14
31 8 13 20
38 6 24 16
42 29 29 20
34 44 31 37
7 34 33 30
4 41 5 48
7 38 4 32
40 9 30 6
49 47 29 45
3 18 49 7
15 9 16 45
37 36 45 35
1 30 9 48
9 7 18 21
49 35 13 42
36 40 12 22
22 7 18 8
14 26 17 24
0 21 3 44
49 44 20 29
35 49 30 7
45 38 25 12
20 29 2 43
18 10 22 13
37 46 44 39
21 15 6 40
8 31 24 10
12 35 23 15
34 19 13 18
6 18 2 40
35 40 40 48
1 25 26 15
40 30 44 46
7 2 10 39
8 33 11 28
9 19 27 22
10 22 23 29
30 37 17 15
22 24 14 23
11 32 20 19
27 3 8 18
9 13 14 22
47 45 23 21
3 22 26 5
25 30 46 9
24 21 7 44
15 27 3 39
19 15 25 5
7 45 25 8
5 19 29 8
9 11 26 8
22 1 27 12
7 29 42 1
25 35 5 14
27 17 13 23
4 39 32 31
14 29 20 33
39 28 9 34
6 9 46 19
16 6 1 46
40 33 13 22
17 38 35 22
25 7 3 8
22 9 23 45
32 35 15 29
25 22 29 12
20 7 22 27
6 29 45 4
35 45 26 18
39 36 6 18
6 31 24 12
30 30 18 44
16 39 0 7
1 31 27 7
32 34 18 10
39 35 7 30
9 28 39 27
46 41 7 43
32 24 27 14
16 40 23 38
46 44 7 46
40 32 19 33
22 44 27 12
24 29 21 26
7 48 20 40
41 42 16 17
15 33 15 24
31 39 27 5
26 46 49 23
8 29 24 18
5 16 3 46
11 27 29 8
46 46 27 17
37 34 33 42
31 35 18 15
36 27 22 20
0 36 6 45
20 47 14 19
45 46 18 18
38 30 21 16
17 22 28 0
7 30 31 33
37 35 32 20
23 32 5 43
43 40 6 4
25 15 0 15
43 43 19 20
36 43 24 12
33 21 26 11
22 0 30 10
16 43 31 7
24 28 16 36
33 31 36 22
22 36 1 48
11 9 29 9
24 40 0 30
36 38 4 21
39 39 32 2
47 37 7 32
34 19 44 7
18 25 28 31
16 22 21 13
44 37 21 33
13 18 5 41
29 35 4 25
14 8 32 36
14 27 29 28
37 45 8 17
13 37 20 33
40 43 38 5
32 1 6 45
8 28 20 33
14 4 30 22
5 21 23 15
26 39 6 19
21 2 47 37
26 0 7 24
25 20 24 10
49 35 37 17
1 24 15 19
1 25 25 8
1 31 37 27
11 35 44 28
0 43 29 9
0 0 34 19
36 32 23 11
44 37 22 11
43 37 0 40
14 31 30 10
20 32 27 6
47 41 27 24
20 39 23 13
2 23 17 23
15 25 24 9
15 11 9 43
15 1 27 9
20 13 22 20
8 7 8 19
44 39 24 15
14 28 12 46
18 29 31 4
32 10 20 17
39 45 29 12
14 4 20 33
25 12 10 44
46 38 21 16
21 7 1 41
10 13 28 22
41 46 12 2
42 44 13 44
11 16 25 39
16 36 20 18
49 44 7 5
14 1 12 39
20 40 16 28
22 8 28 7
16 9 30 8
14 37 13 21
2 15 25 13
9 15 30 4
33 38 27 16
45 26 23 0
49 39 7 48
5 6 24 15
10 27 30 33
40 44 27 10
42 29 15 44
9 4 12 44
14 11 25 15
29 28 11 11
9 33 18 22
40 47 19 13
33 41 17 21
41 6 16 45
17 47 31 23
8 25 27 16
5 17 7 24
12 9 35 9
1 34 19 22
46 42 3 41
45 34 24 31
26 32 26 7
4 8 6 46
35 37 14 17
41 37 14 26
38 35 21 48
26 36 26 7
25 11 3 38
2 16 1 49
29 6 19 39
6 8 25 10
12 9 24 11
30 18 15 18
2 19 1 10
7 21 14 11
42 42 16 14
31 11 20 44
18 20 46 6
47 38 20 11
16 12 21 8
40 39 24 21
13 6 5 48
44 32 13 19
6 35 9 2
43 38 13 4
19 15 19 36
11 29 28 40
28 38 17 17
13 23 11 36
44 33 19 31
24 34 1 48
22 26 17 17
6 29 19 30
31 3 16 17
5 25 24 17
12 31 27 4
39 35 18 36
41 33 22 9
39 40 19 19
13 39 33 38
33 39 18 20
8 25 6 19
16 49 34 11
13 27 5 6
16 2 30 25
25 7 27 15
24 22 43 13
8 32 38 7
10 24 25 25
41 38 32 9
8 39 22 9
18 47 23 39
7 2 1 44
7 14 38 28
36 46 2 33
34 31 25 14
9 31 16 18
31 47 15 26
28 18 26 8
7 14 14 25
25 43 22 17
45 41 21 14
19 44 28 8
41 45 36 35
20 40 26 15
46 33 0 43
36 45 15 26
7 27 20 24
