50 60 17022 800
7 13 46 27
44 39 2 8
47 35 31 19
47 35 42 23
14 30 42 33
40 26 21 47
14 16 32 30
42 40 9 30
41 13 32 46
34 31 39 28
31 36 7 12
38 28 12 42
49 37 9 18
34 43 27 34
43 33 32 36
49 34 1 1
38 8 8 6
25 26 37 14
35 38 14 9
29 40 43 28
34 37 31 12
24 42 25 24
45 17 25 38
28 41 41 41
49 35 25 36
34 38 42 11
25 25 4 13
49 34 40 47
48 37 11 16
37 30 5 39
32 28 21 3
47 37 32 32
18 7 22 26
47 22 44 39
35 46 6 28
34 38 17 33
43 17 37 27
23 31 39 49
23 47 23 10
28 31 40 34
46 38 15 5
47 32 13 16
27 37 36 29
48 38 18 0
29 21 27 24
34 9 11 45
37 33 42 46
47 42 32 38
35 37 38 25
39 21 40 29
28 34 18 33
28 35 20 19
37 27 38 48
45 29 8 47
30 39 47 4
19 14 31 48
46 39 37 47
49 39 40 38
31 36 36 36
37 32 7 17
