50 247 19490 800
8 35 27 14
18 34 4 33
35 13 15 32
35 7 24 17
40 45 4 19
8 35 18 37
33 13 36 48
44 34 39 38
39 5 39 41
9 34 28 9
29 16 36 26
43 14 46 44
38 4 48 35
19 41 13 34
40 19 44 22
42 25 13 24
27 40 47 29
8 46 3 48
15 42 33 43
22 27 30 1
39 2 19 10
42 37 32 27
7 22 12 20
19 37 26 49
15 49 1 0
12 42 38 49
5 25 21 37
34 26 41 40
22 42 18 40
29 41 36 18
38 40 23 14
43 26 43 42
17 46 38 6
43 29 45 16
36 48 2 42
40 7 38 30
25 22 45 47
35 25 23 14
20 26 16 34
20 33 40 4
44 5 46 39
21 34 42 19
8 33 25 48
25 29 28 43
21 35 12 29
15 47 38 8
8 39 37 8
22 31 34 49
41 13 31 33
34 4 18 38
15 31 41 22
30 21 25 47
24 1 33 3
22 37 31 30
30 13 8 16
22 43 20 29
31 47 20 49
31 34 35 49
36 14 0 29
22 43 9 9
41 16 14 39
25 4 42 15
29 40 45 45
22 35 26 44
11 26 27 27
45 2 46 29
35 9 41 27
13 38 33 21
22 28 4 22
19 37 31 12
20 31 1 28
28 15 3 32
32 20 10 41
29 38 42 8
19 32 12 17
32 14 5 31
11 37 15 14
38 2 36 45
36 9 38 39
21 44 12 35
32 5 2 23
29 31 3 40
30 10 21 36
34 18 33 32
21 48 37 12
46 21 4 19
35 28 0 17
12 41 32 13
27 17 33 32
19 36 32 11
28 45 26 23
17 13 49 31
37 26 37 43
11 31 24 31
26 8 7 35
15 44 32 46
18 26 22 14
20 32 25 38
15 30 34 41
21 38 22 20
4 35 0 19
33 28 26 1
35 25 24 30
33 20 23 31
17 28 30 20
31 2 45 13
36 19 20 16
12 35 33 41
18 42 6 19
10 38 12 28
14 41 24 22
7 26 29 17
17 8 34 20
33 6 34 21
47 30 17 20
34 27 35 22
33 20 29 23
22 12 39 31
47 23 40 43
22 25 31 10
11 24 2 23
35 34 25 38
31 12 38 34
42 13 28 44
26 21 41 18
10 43 22 42
19 36 42 33
24 43 38 11
21 31 10 21
6 36 23 8
18 35 13 39
24 29 5 26
6 43 8 12
48 3 47 22
31 38 21 22
13 10 32 12
21 27 37 38
47 5 43 7
42 6 4 16
26 42 33 47
18 45 26 32
40 2 6 19
17 40 41 26
17 38 46 33
24 27 2 42
33 6 10 22
34 27 41 35
5 26 9 40
22 7 24 22
39 25 24 5
47 38 37 17
19 40 5 20
38 24 11 27
23 47 8 28
19 26 8 36
29 26 47 15
29 31 21 42
34 45 29 41
3 46 36 46
42 10 1 37
47 17 42 41
0 33 40 44
10 43 48 35
37 20 24 41
44 12 6 15
40 5 20 37
34 22 48 31
32 16 22 35
19 38 40 2
13 36 39 14
37 7 7 7
23 34 2 29
5 27 11 12
26 29 2 35
32 28 28 42
16 30 1 32
6 34 20 44
8 39 38 28
36 6 47 33
31 1 11 31
11 34 15 47
43 28 39 42
34 13 27 28
35 4 46 30
17 35 8 16
13 45 18 12
43 33 28 11
18 39 35 37
46 30 21 24
33 6 32 1
34 26 27 42
19 36 48 46
36 48 8 14
44 21 22 30
23 45 45 33
8 41 30 5
26 31 24 41
37 14 39 41
13 14 24 4
0 31 28 33
20 47 30 27
48 28 31 46
11 43 9 6
28 26 18 4
34 16 34 22
27 44 33 15
11 37 6 40
32 40 4 28
8 19 21 46
13 30 17 48
17 23 1 26
25 35 19 26
34 44 25 48
39 49 35 28
37 5 42 41
35 16 21 22
21 41 29 32
22 9 6 37
43 20 1 13
38 11 24 30
39 17 24 41
34 30 24 34
37 18 21 33
24 19 34 24
32 5 19 39
4 35 17 22
23 42 30 4
34 18 45 46
17 25 18 1
37 3 33 14
10 38 16 22
14 26 37 23
21 40 7 39
6 28 21 26
30 18 29 43
46 37 32 15
30 34 42 2
43 10 31 27
33 16 22 37
16 29 26 26
33 41 38 11
37 23 41 32
22 46 28 29
22 7 12 42
31 21 13 26
40 30 30 38
41 40 41 22
