50 864 12803 800
24 29 34 39
5 25 30 1
14 31 25 32
26 25 3 29
40 3 6 25
25 27 29 26
38 41 18 47
26 43 0 31
28 21 34 4
22 33 6 4
33 28 40 10
31 0 24 28
15 26 5 11
18 26 26 30
2 48 5 24
48 4 7 35
32 13 46 13
23 28 5 3
22 33 0 1
32 28 37 26
37 27 15 12
30 38 26 29
42 18 17 6
14 37 39 18
15 15 46 8
34 30 11 35
27 36 47 38
25 27 30 43
31 18 47 43
16 41 45 20
37 37 26 42
25 28 46 24
43 12 9 30
24 25 45 23
1 47 23 31
28 36 32 35
17 28 23 1
43 49 23 6
29 26 17 45
31 45 24 43
32 28 32 21
33 25 20 11
30 36 44 39
9 44 23 30
21 33 32 31
30 40 3 0
47 12 42 21
34 23 39 29
44 18 24 31
44 29 22 24
4 43 47 39
9 49 29 33
45 48 25 35
33 33 6 9
4 33 20 9
34 15 47 39
48 19 26 26
21 32 49 41
29 34 45 24
26 13 19 40
23 25 37 9
26 22 46 20
9 49 34 23
21 39 21 31
46 6 30 9
17 32 49 48
15 22 42 15
17 27 3 3
14 38 30 5
26 22 26 4
28 43 48 32
20 27 11 40
40 38 26 29
18 27 47 29
33 39 19 31
37 25 37 16
31 33 17 42
37 27 10 9
17 16 46 40
21 31 6 6
34 34 0 26
33 35 15 45
24 7 25 15
19 29 8 49
44 18 1 4
24 28 19 26
35 11 23 3
41 19 21 31
19 26 39 22
32 36 22 30
18 29 36 10
18 35 40 9
18 30 24 31
36 12 21 2
18 28 42 12
22 34 29 26
9 36 18 0
7 30 42 45
44 14 20 0
31 25 38 14
35 21 34 32
25 43 38 21
29 30 42 22
47 20 4 2
32 31 41 18
30 12 30 25
27 29 40 23
16 35 24 1
24 28 32 17
25 29 44 8
24 1 24 30
17 31 9 27
28 37 27 23
28 32 15 9
41 35 5 3
45 32 28 32
2 31 18 9
38 31 9 47
49 0 18 47
17 38 35 13
23 40 24 24
9 17 42 46
23 37 44 35
32 28 49 1
21 21 23 34
23 28 7 4
28 28 7 36
30 36 25 2
2 41 42 32
23 36 26 29
36 29 7 38
18 22 41 37
21 41 20 30
28 19 22 14
46 4 23 27
8 47 39 33
13 29 30 4
32 31 27 12
24 23 24 47
30 26 11 39
31 27 44 21
28 34 15 30
44 45 5 39
35 13 44 42
37 4 2 3
43 14 5 10
26 34 29 10
36 15 36 20
44 46 8 29
33 28 22 26
20 30 25 23
3 45 24 13
31 25 37 43
24 38 46 21
11 46 25 5
17 11 17 2
3 32 33 49
10 8 23 28
22 42 33 36
29 30 15 27
46 25 22 3
29 42 25 7
25 33 19 40
30 26 32 33
7 32 20 8
30 28 24 3
38 27 38 17
18 33 25 31
29 17 18 7
16 31 45 22
44 27 14 38
11 34 22 36
28 44 45 25
41 9 34 22
10 41 22 12
34 34 30 30
30 30 43 21
23 39 18 3
30 28 6 34
37 27 31 30
25 11 17 3
33 16 44 25
6 37 23 24
30 20 48 42
33 25 23 31
32 23 5 1
45 3 37 35
27 29 17 47
18 25 26 23
21 33 18 31
31 33 9 32
23 21 18 46
26 35 24 30
24 17 5 6
39 44 24 30
24 33 20 30
20 29 45 17
38 13 36 30
27 27 9 35
25 23 27 27
15 3 5 5
32 36 19 17
44 27 4 29
26 35 0 1
48 23 24 9
27 41 21 31
18 40 29 29
32 36 37 20
17 31 26 29
49 11 25 14
28 36 36 30
34 30 33 19
39 39 45 11
36 24 9 31
21 7 24 28
26 18 7 46
35 24 40 22
49 18 9 12
24 34 25 27
15 15 17 21
24 28 48 14
49 38 41 24
20 29 36 22
19 38 24 30
28 14 22 25
48 25 38 43
37 9 25 23
22 2 41 28
34 37 14 43
32 34 29 15
21 12 46 23
25 21 19 19
21 29 26 28
25 32 44 39
19 26 40 24
37 39 25 28
40 32 3 23
41 11 34 37
40 46 30 24
14 5 42 22
25 44 5 23
22 30 20 2
22 25 3 9
30 32 42 33
32 42 17 7
17 17 6 47
39 13 21 25
23 34 39 14
33 34 32 29
28 35 24 3
29 30 49 12
19 33 32 21
27 25 21 5
25 37 36 32
38 33 34 32
32 33 32 20
21 26 39 22
16 19 21 10
45 42 5 5
23 43 28 4
5 43 7 11
28 27 22 27
28 19 38 36
44 11 25 29
26 40 21 45
26 27 9 42
27 31 0 34
48 46 32 23
11 33 36 20
30 32 10 47
48 26 44 15
24 30 5 0
35 17 44 43
11 41 36 32
25 22 35 39
33 10 42 25
32 32 28 31
3 46 1 31
19 41 23 32
2 39 30 9
38 35 44 39
28 30 37 19
24 34 39 25
21 30 36 24
24 41 28 31
31 30 27 31
32 23 23 8
15 9 17 28
17 34 36 38
37 11 45 20
21 25 22 32
29 36 15 5
27 42 46 28
22 13 32 14
48 9 18 11
28 30 4 42
23 4 6 39
27 36 3 44
28 34 24 16
26 35 38 20
28 23 36 3
24 29 5 35
39 23 33 25
28 15 16 47
32 38 23 4
20 37 5 39
32 20 37 22
3 44 16 24
27 33 41 28
29 17 4 9
29 29 45 21
30 35 45 26
29 33 14 28
2 37 24 27
32 28 26 32
17 48 28 31
32 12 20 7
16 42 32 40
2 46 28 16
28 33 3 4
45 27 22 27
29 5 22 30
25 43 42 22
40 23 26 4
45 6 2 36
22 24 18 47
32 29 22 1
20 29 0 35
30 31 24 29
17 35 36 27
24 38 14 24
37 18 36 12
22 28 2 9
19 32 24 26
29 30 20 28
26 29 20 31
29 31 36 16
22 29 11 47
22 37 3 32
22 32 22 49
15 23 26 25
22 14 20 0
22 29 39 32
36 33 46 44
27 30 39 18
6 27 44 24
13 48 21 8
8 28 36 18
17 9 49 21
38 2 6 8
4 17 16 11
31 43 27 25
39 19 46 40
39 26 29 27
5 42 23 38
12 43 10 6
5 44 38 12
19 29 31 26
32 30 36 18
19 49 22 29
47 12 27 18
33 26 28 18
42 29 35 18
30 20 25 28
17 31 26 24
16 32 31 20
33 30 40 28
20 29 4 31
49 27 48 32
27 13 30 8
27 25 25 28
25 25 49 25
25 28 26 9
24 41 24 5
21 38 21 5
20 15 16 11
19 13 21 26
23 29 35 22
29 43 13 47
18 13 0 46
13 42 3 5
39 11 48 47
41 32 43 18
49 13 41 20
29 38 32 30
34 39 19 12
15 28 19 7
35 4 14 46
24 32 23 25
49 21 3 38
24 27 26 31
20 27 27 13
22 33 14 18
25 31 12 45
27 34 39 26
24 32 39 43
34 18 23 31
25 28 21 32
25 35 20 4
38 26 24 28
23 46 14 47
32 18 25 7
24 36 28 3
29 27 26 23
28 3 23 32
47 10 0 3
31 16 35 24
32 34 48 28
33 2 25 28
17 49 6 11
14 22 16 43
28 27 14 49
41 14 32 25
23 27 9 10
24 27 10 1
23 27 23 3
17 26 33 22
19 27 24 29
7 32 33 21
27 7 40 33
11 31 1 28
9 14 21 30
30 34 25 2
32 12 48 6
35 20 9 35
33 9 32 27
27 29 22 34
23 32 37 23
0 40 29 26
39 19 1 6
24 26 36 48
26 34 29 7
28 28 45 16
20 36 22 7
32 13 47 43
38 27 49 6
36 19 20 32
29 30 14 8
29 36 15 32
24 33 7 25
40 30 28 30
25 28 36 19
45 33 35 23
44 17 22 31
8 36 25 24
28 34 45 21
41 12 29 26
38 17 35 0
25 25 23 34
45 1 8 31
27 31 11 33
47 20 35 28
42 37 9 47
21 29 42 27
31 32 36 45
24 7 4 2
41 26 16 29
23 27 38 21
32 24 41 49
24 38 24 12
38 19 20 39
26 29 2 6
31 5 23 4
24 36 43 39
46 32 7 12
36 2 21 29
30 29 42 24
24 47 38 15
45 45 40 42
32 32 39 35
21 23 0 20
26 23 45 21
9 46 18 5
44 47 38 25
12 23 39 24
34 28 46 38
30 23 24 30
37 14 24 5
38 49 24 26
37 16 39 28
20 44 5 7
25 1 24 21
30 4 39 17
22 26 2 17
47 44 42 18
30 2 41 21
31 39 22 9
32 13 41 37
34 2 4 21
8 3 47 21
29 34 26 17
30 25 22 34
18 48 47 11
20 24 4 5
32 5 13 42
9 47 30 32
26 5 38 24
28 27 39 28
29 28 12 35
34 11 22 27
39 30 21 28
25 42 18 29
38 17 2 28
29 24 13 2
49 13 44 39
9 47 15 18
20 47 30 31
10 35 22 27
10 2 38 36
29 28 47 46
40 48 32 17
5 36 40 23
3 29 15 27
46 14 30 18
34 21 33 25
31 18 20 7
12 46 5 29
42 36 32 9
37 34 7 1
46 13 34 32
30 16 40 41
37 4 6 2
14 35 12 28
49 41 1 30
25 21 38 10
22 44 3 8
46 43 49 12
25 26 8 6
46 29 34 16
30 11 33 29
44 15 14 24
41 41 46 21
32 24 1 5
24 28 45 11
31 7 38 26
35 13 30 11
29 32 45 48
8 38 12 42
43 16 7 39
38 3 5 2
26 32 4 40
47 20 44 22
22 34 27 7
24 30 32 30
28 40 20 4
36 18 27 30
24 28 28 29
35 23 30 26
32 31 25 11
24 27 29 8
32 31 41 25
29 27 20 32
23 28 9 46
35 10 46 25
25 26 17 15
4 20 26 3
6 29 23 31
10 36 30 9
38 8 45 20
29 28 6 14
37 14 27 27
34 22 44 26
30 27 36 12
44 47 22 32
17 35 13 12
23 22 27 20
45 15 8 14
27 34 39 16
37 21 30 8
38 20 1 31
20 26 22 11
25 25 4 26
33 11 24 26
31 37 20 44
37 6 31 17
35 45 25 8
3 33 37 41
30 27 40 27
44 0 36 47
32 36 45 42
16 37 40 4
26 20 36 32
26 32 25 17
28 30 20 9
1 41 15 48
32 39 28 27
27 31 39 34
44 8 24 11
14 43 4 3
27 46 35 25
29 4 17 48
1 44 37 25
26 30 49 26
32 16 30 26
31 35 17 6
1 46 45 34
2 43 5 2
28 30 30 2
40 17 48 25
47 27 33 36
26 44 31 30
0 38 20 30
30 34 1 4
25 35 3 3
24 26 4 7
29 32 26 30
27 43 15 8
37 9 34 20
30 36 22 7
31 40 13 45
30 47 42 19
15 36 4 6
26 31 19 30
44 41 20 30
38 21 35 15
17 31 7 5
28 32 38 37
32 3 4 7
25 26 24 8
18 19 26 28
11 48 18 20
37 19 22 29
49 12 24 16
13 11 25 0
43 22 0 6
31 25 23 5
30 35 28 17
41 11 20 42
26 21 26 27
12 26 35 22
47 13 28 29
5 33 33 43
33 28 22 29
43 7 13 41
19 34 39 3
34 44 29 9
27 27 46 45
32 26 28 9
24 33 41 49
7 39 33 17
29 33 23 33
33 17 22 31
32 16 35 13
13 37 21 29
29 28 18 39
28 23 26 34
3 32 21 49
28 12 3 8
42 18 14 43
35 9 8 34
23 34 36 28
38 5 22 7
30 31 5 30
25 34 25 8
15 43 24 26
28 17 21 43
11 41 31 30
47 15 33 16
34 29 9 27
27 4 26 30
8 30 26 4
34 49 36 21
37 11 33 18
28 37 13 35
31 47 44 46
2 46 42 20
21 29 34 18
30 35 49 27
0 41 24 29
21 16 6 0
35 12 22 1
26 32 42 18
19 22 41 11
12 34 22 29
22 32 40 14
36 5 38 29
19 34 42 17
28 17 23 36
28 30 26 9
29 27 4 3
14 48 39 16
24 30 46 23
11 38 25 11
29 26 1 34
27 33 31 24
24 39 43 12
32 30 44 20
23 28 19 6
11 49 22 10
29 23 4 3
41 0 31 33
32 25 37 27
17 42 35 16
29 18 36 42
28 30 3 27
41 28 22 30
12 30 38 48
27 23 20 10
27 28 41 33
6 12 37 31
36 30 22 26
33 27 42 25
30 27 20 37
30 24 25 3
28 14 19 8
39 26 24 29
43 16 33 26
5 24 46 18
46 32 23 2
11 19 39 20
30 16 37 20
23 17 38 41
13 44 35 22
6 43 7 4
36 16 45 19
38 30 4 8
37 23 46 33
34 34 24 7
19 24 23 29
24 31 14 35
3 40 34 20
0 45 25 19
44 39 19 9
15 42 33 48
20 28 23 10
23 9 1 36
24 30 27 28
14 27 31 11
20 39 28 30
10 46 20 31
22 22 23 0
29 47 23 26
5 39 40 39
21 25 27 20
41 21 23 31
43 34 4 6
45 6 22 6
17 30 7 11
38 13 13 3
18 39 15 28
9 19 25 11
28 16 5 23
32 31 32 45
39 29 24 48
23 28 39 18
27 28 22 33
3 45 43 41
40 13 34 21
35 14 38 22
7 43 24 10
46 46 7 1
9 43 46 33
49 35 21 26
20 2 19 21
32 30 4 25
23 28 9 31
25 41 25 24
32 4 24 27
19 37 44 43
34 33 39 35
47 41 49 32
16 37 48 31
32 35 45 36
33 30 23 10
42 23 8 48
30 3 18 9
28 29 18 43
23 29 17 5
18 19 35 35
23 30 21 22
34 35 37 20
24 19 37 45
24 34 40 29
22 27 26 7
30 12 41 24
47 25 11 22
48 28 34 10
25 36 5 20
13 41 25 42
3 48 34 38
29 31 18 44
30 33 24 30
43 28 25 12
31 29 24 44
24 16 10 23
28 13 24 28
46 26 14 48
34 9 45 21
49 3 28 4
10 36 1 5
7 23 49 47
28 38 27 5
27 34 1 42
22 32 39 24
35 17 19 11
29 8 19 12
47 10 4 40
26 28 29 25
32 35 21 11
24 13 7 7
22 38 46 21
36 13 34 5
26 33 41 34
22 28 32 28
47 36 25 32
38 46 37 9
24 28 35 14
14 49 25 27
28 33 33 30
20 22 26 29
20 13 0 31
27 10 36 27
23 24 25 9
6 32 46 45
24 27 24 3
27 28 10 33
29 35 36 39
23 25 21 11
20 32 5 1
31 16 14 47
31 23 37 36
31 31 17 6
8 40 3 35
49 42 22 7
23 34 36 27
43 11 14 37
34 1 40 29
31 29 25 29
39 42 23 31
26 40 39 43
19 29 2 29
18 31 24 49
6 36 40 16
19 28 49 17
28 36 18 10
28 27 42 29
38 24 3 47
31 36 19 39
38 44 1 8
21 21 18 44
24 48 41 15
0 37 35 16
15 42 26 28
42 17 31 21
45 26 4 28
25 28 33 37
44 25 33 36
27 46 42 31
16 41 23 10
35 32 4 4
32 42 33 24
29 31 21 34
31 34 39 20
40 13 48 18
28 29 20 6
3 43 31 26
21 29 42 25
45 14 29 4
28 29 31 42
26 32 41 34
22 28 49 44
29 31 38 16
20 19 21 27
19 29 26 32
