50 67 18706 800
39 8 39 20
18 33 15 46
32 24 39 17
23 16 37 36
35 15 40 40
19 8 41 11
16 23 32 21
25 14 40 26
33 1 42 12
42 12 47 20
37 19 4 41
27 48 5 16
23 33 38 17
2 48 40 20
41 13 33 19
17 28 32 32
31 11 3 11
29 13 46 34
43 13 15 39
20 48 4 18
23 36 40 6
30 49 31 15
32 33 18 39
31 41 17 19
40 43 15 20
43 11 41 49
8 9 24 32
17 19 32 3
14 48 21 27
21 24 24 20
10 11 12 20
27 14 40 11
39 41 30 1
25 8 15 16
18 25 2 27
15 27 21 17
36 40 37 22
9 40 30 19
8 29 32 38
36 7 9 29
25 17 10 22
5 23 25 4
13 18 33 24
22 17 33 7
8 40 37 23
25 42 47 9
35 1 14 33
17 46 18 4
24 42 19 19
32 8 33 39
35 12 35 19
21 28 9 17
9 15 17 17
12 37 43 9
24 30 45 32
4 41 35 11
21 0 35 40
39 9 48 37
6 46 10 26
19 22 18 29
24 6 34 29
23 10 34 21
19 25 29 41
2 23 13 29
46 0 38 5
20 24 3 10
32 16 20 24
