50 55 12901 800
35 0 17 25
25 2 7 12
33 33 11 5
13 26 1 4
4 35 43 30
27 17 47 46
37 28 32 21
5 49 17 43
15 28 14 48
27 38 17 24
31 23 44 26
34 20 46 36
33 29 8 2
28 10 26 3
27 18 28 33
40 30 3 45
19 49 35 35
4 36 22 17
37 27 41 32
27 27 29 5
49 35 38 32
34 31 20 8
27 21 10 6
41 41 32 3
31 16 40 49
42 11 17 36
3 34 47 39
32 9 40 37
43 34 9 37
42 13 8 13
19 22 27 6
18 9 11 0
43 34 28 25
20 13 17 27
20 7 48 36
23 12 48 34
4 14 10 2
13 1 19 24
37 32 30 15
34 10 8 18
25 15 14 4
1 36 4 2
35 11 36 7
8 38 15 27
2 0 24 14
36 35 33 4
26 23 8 23
17 5 31 3
30 7 11 25
29 7 45 34
43 16 25 45
24 7 41 42
33 22 38 36
39 34 44 14
26 29 25 37
