50 50 15376 800
22 25 6 15
38 39 49 29
38 8 21 8
43 12 23 4
27 5 10 6
15 49 26 8
46 8 4 16
31 29 6 29
8 17 47 17
15 39 22 21
24 10 35 22
33 48 12 36
29 9 16 49
36 40 11 24
5 23 32 22
38 36 28 19
39 37 14 19
2 29 6 0
32 40 13 7
16 30 20 9
43 10 13 27
3 14 16 11
9 23 10 35
38 32 41 8
46 38 31 19
20 21 34 11
2 14 28 16
24 9 24 46
0 2 29 19
33 38 16 48
27 17 9 31
33 32 29 19
2 13 15 2
1 12 12 34
49 42 44 28
40 41 9 25
21 35 25 6
21 26 11 0
24 15 20 8
14 33 35 33
0 49 37 23
16 47 2 26
12 49 32 39
26 8 19 47
16 42 14 29
42 35 18 43
36 42 22 14
27 31 16 46
3 16 32 16
1 12 31 9
