50 157 16028 800
49 26 31 25
16 0 1 16
34 41 7 13
10 4 34 4
21 20 15 12
40 10 14 12
39 40 9 10
43 0 14 8
23 20 37 12
22 29 14 11
4 32 9 12
30 37 31 13
47 16 10 4
16 20 30 35
23 29 23 12
10 7 33 5
12 4 11 16
25 30 1 5
0 4 36 17
43 18 10 6
0 29 31 7
42 13 13 10
2 21 32 16
23 30 16 19
6 1 7 34
48 23 34 26
43 2 3 11
16 32 17 10
20 25 16 11
20 12 6 9
15 28 18 7
40 43 1 16
23 32 31 11
29 39 12 41
17 19 36 11
17 26 36 46
24 15 14 46
20 15 1 11
29 13 0 9
16 29 31 14
44 7 27 37
47 40 7 48
25 32 30 19
44 17 9 12
46 43 31 47
26 48 10 8
42 46 33 32
19 38 24 37
22 29 10 22
4 38 9 14
26 36 2 45
47 24 45 17
3 34 20 38
22 16 38 37
18 37 30 26
49 0 41 37
24 33 9 17
14 25 26 48
39 10 8 17
3 5 16 4
27 16 17 31
45 9 11 12
23 24 27 32
30 14 28 17
40 47 26 46
25 17 16 23
20 39 35 15
9 35 16 14
32 15 23 31
22 26 19 10
46 24 27 38
44 9 10 12
49 14 27 17
49 22 15 13
21 20 36 37
46 43 16 15
42 9 24 40
6 49 16 29
37 8 31 7
22 40 28 35
27 26 34 39
17 47 28 6
42 42 10 14
25 33 33 11
19 19 16 5
41 22 37 21
26 24 7 13
37 38 7 12
23 34 7 35
25 17 11 49
6 23 36 6
42 16 28 15
12 32 0 35
18 6 9 12
6 8 19 30
11 8 34 16
24 21 18 15
41 12 11 9
35 24 33 31
32 44 42 15
3 7 17 20
20 35 4 11
7 30 33 21
14 0 9 16
49 18 8 11
5 25 42 30
0 30 35 23
37 18 35 45
8 22 7 9
29 14 16 13
46 36 14 9
8 40 13 7
17 13 13 7
43 38 10 11
12 16 13 43
10 7 18 37
21 29 39 11
4 1 25 13
24 11 33 13
20 32 29 37
21 30 11 7
7 46 12 11
21 14 5 4
6 2 25 18
38 18 12 15
40 18 30 42
16 21 11 44
29 41 30 33
10 36 46 6
23 3 30 30
39 40 7 31
36 45 22 36
8 21 26 38
8 35 15 8
35 29 14 35
14 34 8 9
22 44 17 17
40 16 4 18
46 22 14 8
17 36 27 22
43 4 29 34
46 47 20 14
40 10 15 17
46 18 33 22
39 9 4 14
20 47 29 19
11 37 16 1
37 47 14 13
5 10 25 37
39 10 32 5
28 40 36 13
18 28 15 10
21 8 19 44
45 42 10 11
6 7 40 23
6 46 13 9
23 20 33 20
