50 1056 18120 800
35 28 30 21
36 18 47 12
33 27 33 19
24 26 16 13
40 17 30 21
37 19 34 14
25 22 27 27
15 22 40 31
32 16 10 11
19 25 16 22
39 28 26 11
0 28 13 3
42 47 16 7
49 20 31 9
30 22 33 27
24 23 36 15
35 26 18 3
36 8 44 24
25 27 38 46
23 21 34 22
39 20 19 30
48 15 41 16
44 9 25 25
37 24 7 22
17 20 41 16
38 17 42 32
26 11 30 24
38 17 12 11
41 3 20 13
48 23 34 14
35 3 3 28
34 7 46 9
41 18 5 16
20 19 24 23
45 22 15 28
21 7 4 21
26 23 33 23
42 35 12 11
35 23 38 25
35 20 12 3
42 23 32 6
22 15 38 22
38 11 43 17
21 23 38 19
39 15 22 24
28 14 43 19
36 21 45 23
37 29 36 10
23 15 15 47
35 9 39 24
44 13 28 19
36 19 15 1
36 16 6 39
25 21 2 30
22 20 17 30
29 27 34 13
47 19 38 37
39 24 27 3
37 13 21 48
37 27 29 6
22 18 39 20
34 24 10 26
10 11 38 12
43 25 28 20
20 26 11 33
35 20 27 27
37 15 26 31
19 15 31 22
44 43 18 15
35 37 28 30
26 21 35 19
43 23 19 12
37 21 39 18
33 20 44 27
30 36 13 17
38 23 42 29
40 12 37 19
45 25 32 26
6 15 31 0
29 25 18 10
13 49 13 24
42 12 11 11
17 44 34 27
34 11 36 15
20 22 31 28
18 16 41 24
43 16 17 11
46 22 38 28
42 30 29 6
44 4 33 2
28 19 44 40
38 28 32 40
39 28 20 16
26 19 43 23
49 23 42 9
40 9 16 9
42 28 11 7
29 25 36 19
48 16 35 13
36 16 48 4
33 16 24 8
49 23 11 45
44 12 25 25
47 25 18 37
34 20 39 36
15 23 31 44
23 23 19 8
21 27 45 24
16 19 14 9
32 41 14 24
37 17 49 7
28 20 34 26
25 19 16 11
41 9 44 32
46 4 40 21
29 9 33 30
42 14 35 9
33 32 28 39
36 13 10 1
43 28 24 27
41 20 15 25
35 20 44 21
34 16 28 23
42 27 21 3
37 10 25 25
42 42 24 34
46 12 35 33
41 14 41 26
27 40 18 11
39 10 15 12
49 45 30 32
22 19 17 15
39 17 12 28
32 34 9 21
39 26 35 48
42 13 25 26
28 12 17 23
40 39 17 40
38 34 38 22
46 12 38 19
28 49 37 17
21 21 47 17
16 24 15 29
38 23 30 0
43 19 3 16
49 24 30 31
46 16 6 12
38 27 41 25
43 8 23 29
39 14 46 30
40 22 16 44
45 31 34 41
35 25 18 12
45 17 39 17
23 37 18 12
11 12 15 14
42 10 47 29
25 21 28 3
35 12 46 13
33 15 25 17
49 46 41 24
8 11 23 33
24 23 26 15
21 21 26 27
41 20 27 34
0 2 3 19
40 22 39 39
37 17 27 39
13 37 31 9
45 28 30 18
23 19 31 44
49 10 48 21
43 25 34 25
43 16 22 45
28 22 27 38
44 2 12 35
34 39 31 2
35 18 42 49
28 46 33 1
46 9 24 34
45 48 40 23
46 17 46 37
39 44 24 12
46 15 18 10
30 21 42 20
43 12 14 33
43 21 10 24
40 15 7 45
43 23 2 40
37 14 32 21
36 31 44 20
30 22 4 8
43 8 21 21
42 22 17 13
33 40 21 37
43 25 35 18
14 24 12 13
42 17 32 18
22 19 6 41
47 30 8 35
30 13 13 15
31 7 17 13
42 8 5 43
36 20 27 18
24 19 25 7
35 20 34 16
17 27 44 0
25 26 31 26
38 33 41 37
46 49 34 19
49 14 40 9
33 24 41 25
35 11 23 34
20 24 29 25
39 14 33 20
45 41 31 20
39 26 25 24
41 13 18 10
37 23 35 17
37 14 25 17
11 4 49 25
37 17 48 37
48 20 40 12
24 24 28 44
33 19 44 15
38 7 33 12
39 28 22 15
19 18 33 17
48 22 36 9
41 20 17 44
46 8 19 24
42 15 42 39
22 20 33 25
20 23 30 46
47 15 3 18
39 8 44 38
44 26 33 36
32 25 39 18
32 36 42 19
47 13 42 14
34 18 43 18
43 14 44 20
47 12 20 10
43 28 39 17
34 21 8 29
41 21 17 41
44 20 34 18
36 14 18 5
25 26 16 28
44 18 32 21
23 17 19 2
42 13 32 16
25 28 39 25
35 13 30 19
40 24 14 7
41 10 35 20
38 6 32 38
22 27 45 22
5 7 42 17
38 25 8 21
37 15 34 31
49 18 40 16
31 16 33 19
46 20 31 18
49 8 30 46
12 30 15 24
46 20 42 8
43 33 33 38
40 23 18 0
15 23 15 13
48 26 18 11
28 45 26 28
45 15 31 29
19 12 43 21
9 18 17 15
42 28 19 30
20 17 15 13
49 11 28 26
24 17 16 12
47 13 22 12
38 20 22 22
18 16 17 12
31 34 11 19
45 19 38 26
37 15 24 22
48 13 4 20
31 11 23 25
36 12 38 16
31 29 34 17
46 20 26 6
45 24 41 25
44 8 36 21
45 26 40 27
31 11 5 0
20 19 47 37
31 33 43 14
28 26 30 33
43 3 39 18
28 19 3 46
21 23 3 33
36 28 35 14
38 9 28 40
32 19 1 6
19 20 37 23
38 26 8 47
38 22 24 16
35 17 21 12
15 26 23 26
18 16 35 31
43 15 25 8
42 13 49 34
25 19 13 25
18 22 20 26
32 30 40 19
41 9 29 33
36 23 39 18
39 18 15 12
26 39 14 15
39 14 38 24
24 27 13 12
42 9 6 27
38 21 17 30
16 42 15 10
32 28 30 15
41 20 13 17
33 27 18 27
44 31 43 47
46 26 27 41
33 17 38 14
38 33 27 27
37 5 38 15
44 18 41 16
38 16 15 12
37 21 14 10
15 22 21 25
45 19 36 43
37 22 8 30
19 26 47 39
9 1 28 32
34 18 42 47
44 26 41 31
39 15 37 25
21 22 28 0
37 17 18 4
36 15 28 44
38 9 0 33
33 26 7 19
37 36 19 32
47 39 33 31
39 42 44 16
32 16 37 28
34 30 28 22
38 13 44 8
34 21 22 25
44 21 1 35
46 45 20 13
45 26 15 15
44 15 30 17
23 24 33 13
40 18 11 36
30 27 3 27
38 26 27 16
47 15 13 14
42 39 27 14
48 20 41 15
33 14 17 29
40 33 39 16
46 22 34 29
25 10 40 24
39 8 22 21
26 22 11 43
48 6 15 7
33 17 17 12
49 25 10 2
25 24 36 44
44 14 40 20
31 14 33 18
46 26 10 2
39 20 17 35
42 12 2 9
34 14 46 22
43 13 49 46
42 24 1 20
42 34 17 9
32 25 36 22
43 22 35 19
36 48 40 11
32 22 31 17
17 22 13 9
36 13 9 25
20 19 20 3
39 18 4 44
44 14 30 23
39 21 20 22
41 20 36 37
42 19 35 17
49 36 35 25
23 23 42 43
26 22 42 24
22 24 29 4
44 43 36 23
37 10 41 18
39 10 37 49
42 16 33 29
28 14 38 29
44 38 27 17
39 19 34 22
30 21 49 20
36 19 47 44
35 18 12 28
49 46 45 26
26 25 38 7
16 30 40 17
46 38 40 21
42 11 14 12
43 14 1 8
20 29 33 23
5 7 15 9
45 28 26 13
48 44 22 29
41 31 18 20
18 4 39 28
47 48 16 14
25 6 2 24
45 24 46 18
37 8 29 30
44 4 3 25
34 24 44 20
37 25 45 22
36 15 6 16
31 17 10 6
27 19 22 45
42 12 19 24
41 10 17 13
41 29 25 27
21 20 13 34
22 14 36 17
8 5 31 18
45 23 38 16
46 1 7 11
46 17 29 9
45 22 38 14
30 23 23 16
47 22 34 33
31 21 38 31
26 20 17 28
49 23 12 12
45 7 18 9
49 24 27 41
16 23 8 31
43 10 3 26
49 20 39 17
49 24 30 17
41 25 11 13
45 25 41 13
28 28 11 24
22 22 48 35
36 8 19 42
3 9 5 0
23 22 42 25
22 22 27 28
41 21 34 20
41 17 18 10
23 22 45 11
38 18 19 10
8 7 31 21
45 29 33 34
41 25 13 14
4 5 11 17
43 10 17 11
41 36 16 12
39 13 4 38
42 24 30 10
45 28 35 24
37 14 37 21
39 10 6 35
18 22 35 10
29 36 35 38
34 31 24 28
41 14 8 9
38 35 37 23
48 36 38 37
34 24 49 44
27 23 19 13
40 10 13 11
42 1 23 14
38 17 17 13
43 18 10 45
42 24 20 13
32 39 30 16
10 27 42 42
25 20 44 19
24 20 34 22
46 14 44 21
24 22 40 29
39 25 19 32
35 13 18 8
30 23 28 16
47 16 34 17
40 48 25 23
36 10 10 24
37 24 17 31
30 13 26 28
25 25 25 3
34 24 32 18
27 21 47 14
31 18 20 35
33 34 42 18
18 21 29 26
34 21 8 28
39 40 46 26
42 6 17 16
23 31 20 35
20 24 7 30
34 18 18 6
47 21 21 15
37 12 26 4
43 17 34 19
44 20 38 17
38 14 12 23
44 16 27 37
43 14 1 11
31 22 37 19
48 15 19 12
49 17 35 24
45 18 35 17
38 24 11 36
38 15 17 14
28 16 17 10
38 33 45 23
23 20 24 30
12 21 46 44
21 13 32 7
44 15 44 6
19 23 34 12
39 16 37 21
43 8 15 12
20 18 19 0
43 13 25 27
19 22 38 24
39 12 42 15
13 1 49 29
40 16 44 24
30 25 27 33
44 21 16 13
35 38 37 18
41 17 37 36
38 22 18 44
45 45 29 13
48 11 7 18
48 29 43 28
34 14 34 35
20 14 14 14
38 12 43 27
40 16 22 20
38 9 45 41
3 28 21 24
38 27 24 18
31 15 48 30
38 31 18 14
34 29 23 21
38 30 27 18
33 1 43 24
25 48 18 42
35 22 39 23
25 15 7 32
37 26 35 30
16 28 31 21
29 22 38 11
38 19 7 40
28 21 41 23
33 18 21 31
37 27 17 14
49 9 43 19
20 26 20 46
21 18 16 10
45 7 39 28
10 42 30 26
41 20 48 36
33 20 36 29
46 23 46 12
43 2 17 10
40 20 34 11
42 17 15 27
34 12 26 37
47 35 47 21
34 25 25 5
18 22 16 14
36 26 42 18
48 12 27 34
41 17 43 11
49 36 22 18
3 28 34 14
33 17 27 6
34 14 38 37
18 18 41 17
39 11 47 32
40 6 22 24
37 18 47 19
43 7 44 19
34 41 18 11
10 20 21 21
40 32 31 30
18 21 30 2
35 18 31 30
45 19 34 43
43 25 27 20
46 23 35 23
38 26 27 25
11 34 20 25
41 33 18 24
0 18 32 36
36 30 15 16
35 23 40 45
48 15 47 42
36 2 20 21
47 22 15 15
36 26 46 33
12 10 12 16
37 17 11 31
23 20 35 19
43 7 26 21
47 32 30 44
8 31 1 12
45 32 25 28
46 28 32 31
2 19 34 26
44 20 16 13
24 24 31 41
48 17 37 9
49 9 1 29
21 24 18 10
21 20 34 31
42 34 32 38
42 22 32 47
39 15 28 33
42 22 34 28
23 23 44 40
4 11 36 8
20 21 9 0
44 23 22 39
44 47 34 23
38 15 5 22
49 20 34 23
49 21 19 10
37 25 43 39
43 35 36 18
23 13 15 11
19 29 27 19
37 9 13 27
40 15 46 43
24 20 44 20
49 19 30 34
32 22 27 28
45 16 29 19
33 47 32 20
43 15 16 11
42 20 16 12
48 31 17 37
38 16 23 49
42 14 43 22
32 27 17 9
41 33 25 39
28 18 32 17
8 35 26 17
4 20 35 22
12 9 1 30
47 28 16 10
23 19 21 2
46 27 32 38
42 24 24 17
41 7 12 32
42 22 39 31
16 22 40 34
18 26 48 35
24 20 28 21
35 16 29 29
38 16 32 15
35 23 32 20
22 23 17 12
31 33 40 34
46 5 35 33
42 10 37 27
28 25 41 23
29 19 35 11
32 37 28 25
21 19 28 32
44 34 20 14
36 31 18 27
46 27 15 19
44 6 18 34
48 39 15 34
16 24 30 31
44 27 43 22
29 16 9 18
34 27 36 18
43 20 15 27
28 20 6 4
16 6 25 28
44 11 12 13
36 36 2 6
37 23 31 26
46 16 40 43
24 17 16 10
38 10 16 13
13 23 32 30
23 23 16 11
38 9 30 4
48 22 43 46
28 14 18 24
2 12 27 15
41 23 38 16
33 20 27 16
30 29 34 28
21 25 23 20
48 16 35 32
34 18 11 24
12 23 0 5
38 17 28 6
32 15 48 43
40 25 37 27
25 29 28 5
40 24 6 14
42 12 28 24
36 49 24 47
40 17 18 42
43 15 22 17
39 1 38 23
46 17 38 13
45 37 18 11
40 7 22 11
34 18 40 24
30 12 2 23
23 30 35 9
41 24 25 27
46 11 17 15
38 10 0 19
21 19 13 13
41 21 26 18
32 18 15 6
22 23 33 36
24 20 31 38
20 21 16 18
41 23 18 11
26 24 3 29
37 9 1 15
38 12 34 22
38 11 37 34
38 14 19 7
46 8 30 33
39 35 37 12
37 31 39 6
31 17 40 19
41 12 28 30
45 19 22 43
38 20 32 25
49 9 30 37
17 26 12 49
40 21 12 27
17 22 33 19
37 44 9 27
44 13 34 16
41 21 16 15
38 22 13 34
21 18 34 23
46 11 42 24
17 19 42 41
31 25 38 29
19 12 21 20
40 21 44 39
43 28 30 30
43 26 13 13
21 33 24 25
23 25 38 20
37 49 41 18
41 12 42 8
23 21 27 12
40 38 49 5
20 16 27 10
13 1 28 36
27 35 23 31
41 10 40 16
47 17 34 17
41 23 24 28
37 27 44 23
27 9 20 39
47 15 43 17
44 19 19 26
39 26 19 13
47 41 41 39
32 34 35 8
27 25 9 24
41 19 32 38
29 30 49 13
34 25 17 12
34 15 46 21
19 17 15 42
38 20 4 37
40 16 39 21
45 4 34 43
46 27 28 6
34 8 12 16
36 1 27 31
36 21 33 16
46 45 35 27
49 18 34 17
22 19 16 8
35 37 22 12
33 14 28 24
48 31 38 21
18 23 24 30
23 24 46 41
30 15 31 36
10 17 23 5
43 14 26 14
27 19 39 23
40 13 41 22
49 7 44 43
32 23 40 25
33 26 43 10
44 28 4 4
44 27 40 23
32 17 8 36
32 25 42 39
33 26 6 18
45 12 26 38
30 11 34 25
33 23 36 14
41 19 36 26
17 23 1 20
47 34 13 10
21 26 12 13
21 21 30 36
39 26 14 11
44 3 39 31
22 20 34 15
47 34 36 24
2 7 36 21
35 9 17 11
44 6 13 10
35 36 17 32
40 27 48 20
43 21 25 27
42 18 14 12
45 9 7 15
40 8 44 20
26 20 17 15
30 26 39 18
32 19 26 37
42 14 22 30
49 8 45 45
38 32 25 43
45 10 35 15
45 38 39 21
19 19 37 24
18 22 13 13
41 22 22 4
23 19 38 15
46 31 43 10
49 9 36 25
39 33 18 31
36 15 49 22
49 16 27 27
33 42 22 22
20 22 16 6
38 18 41 36
45 19 0 41
44 26 33 18
47 12 16 21
25 24 16 14
45 41 16 11
41 25 11 12
36 23 14 22
8 5 31 19
34 18 48 37
41 37 13 17
37 22 18 23
19 25 16 10
31 11 27 28
23 17 11 28
20 20 15 13
39 17 41 12
41 21 48 19
18 17 20 23
34 7 26 11
48 40 18 37
39 35 40 20
16 21 17 11
44 24 9 38
33 12 17 17
37 10 45 18
24 22 14 34
21 18 18 12
43 7 17 3
41 26 39 1
38 20 49 32
20 22 38 32
39 30 5 37
44 8 41 16
39 10 4 31
45 23 20 31
37 8 47 20
30 9 35 30
40 17 10 14
32 29 35 21
44 18 29 16
40 28 24 26
43 8 41 28
47 21 34 45
45 23 19 27
41 21 12 15
6 15 43 21
36 19 19 13
44 38 31 23
43 9 38 20
16 20 45 23
19 36 16 17
41 21 42 27
40 13 12 36
24 24 42 27
45 19 19 22
42 25 22 44
29 22 18 9
3 0 38 23
34 16 26 36
38 37 16 15
47 32 24 30
41 23 40 15
38 11 43 27
41 16 43 43
45 9 25 21
27 24 36 24
42 20 14 19
29 9 29 22
29 27 6 45
26 27 12 39
26 18 22 29
42 14 14 44
44 23 23 15
43 20 12 26
27 23 28 18
27 11 40 22
41 13 47 0
8 6 32 21
31 20 30 31
48 12 39 13
37 12 24 19
22 23 12 11
43 11 26 30
18 13 41 21
36 18 24 30
49 6 43 23
44 23 14 10
33 19 44 16
38 4 40 24
45 20 41 23
37 22 25 36
33 30 24 25
35 22 7 29
37 14 42 18
37 25 28 32
46 25 43 21
19 25 15 28
39 19 19 17
41 20 26 22
22 20 4 23
35 46 6 20
38 21 42 18
41 16 35 34
35 15 40 23
48 20 46 17
36 22 49 38
30 24 37 18
46 19 17 31
48 16 34 21
49 17 43 31
38 20 44 21
37 40 25 37
16 24 37 17
49 23 13 0
43 12 15 33
38 30 15 21
5 16 48 21
38 10 41 31
44 14 28 20
39 27 1 30
40 22 24 2
27 18 8 12
43 17 28 18
48 8 11 41
39 23 36 7
38 43 22 13
41 21 21 32
44 33 37 27
33 20 31 17
48 25 13 21
33 27 28 20
44 21 24 7
43 47 29 14
34 36 3 12
38 44 12 11
24 22 34 19
38 16 34 23
33 16 36 36
29 34 14 15
25 28 44 19
34 48 17 15
41 11 28 18
39 23 34 23
38 8 27 12
21 13 32 26
36 18 39 41
41 37 14 24
41 26 33 9
41 16 30 22
23 21 15 11
44 23 33 6
36 22 38 42
45 18 37 20
38 18 23 32
38 15 26 2
15 25 30 10
43 9 29 23
40 19 16 16
39 7 31 15
34 31 19 19
48 16 26 36
35 18 32 44
47 23 15 17
24 22 40 19
27 29 17 17
28 23 34 27
43 14 17 11
23 22 19 19
21 28 35 16
41 16 47 22
22 24 31 37
34 22 3 25
14 31 20 28
47 25 42 11
35 17 42 30
46 11 35 18
46 19 34 23
36 13 26 29
34 30 33 45
38 22 47 23
28 10 44 19
42 29 14 12
38 31 16 8
33 24 36 6
35 17 21 41
38 8 31 1
48 18 35 24
19 0 31 23
20 21 16 10
39 8 32 13
