50 276 16299 800
14 41 8 25
46 36 20 39
6 41 21 10
24 36 37 29
20 36 5 32
16 38 30 34
42 11 37 25
11 2 25 2
12 16 11 43
11 12 43 22
42 2 13 38
44 11 22 15
3 7 9 36
37 18 27 29
37 37 22 36
23 28 14 46
38 29 24 16
42 46 29 22
12 12 7 42
19 30 9 38
39 15 15 38
36 46 13 35
17 33 22 45
12 36 14 41
38 1 5 42
36 6 12 27
31 28 25 30
13 14 28 30
8 1 16 35
47 2 20 45
21 39 17 21
17 3 16 43
3 6 35 16
44 36 19 38
16 30 14 43
35 20 40 10
47 25 8 44
30 9 31 32
40 6 17 26
46 22 17 39
15 34 17 31
34 28 18 39
41 29 45 13
12 9 16 37
23 39 38 12
26 31 19 45
21 4 46 27
45 44 47 35
28 22 43 3
41 33 21 38
45 21 14 26
39 41 20 46
10 8 18 41
25 33 21 36
7 15 4 2
9 11 36 10
27 36 8 31
15 17 34 11
13 17 2 24
20 36 19 18
28 36 7 40
32 35 41 34
20 34 22 6
15 10 14 38
42 32 15 11
2 24 10 31
12 10 10 42
17 14 22 15
21 37 15 45
42 34 14 45
12 21 21 46
16 6 5 15
39 24 20 39
12 16 18 43
18 31 16 1
26 33 28 16
18 48 16 45
11 36 6 44
6 12 14 41
23 15 4 38
10 11 24 31
45 31 18 40
2 5 34 24
8 10 11 25
10 25 44 24
33 32 20 10
17 43 29 23
21 7 8 20
31 30 16 35
18 18 44 6
13 10 34 10
39 38 26 10
3 17 20 26
27 20 44 25
1 4 37 7
39 29 21 29
11 36 17 45
8 6 14 32
20 13 7 22
23 35 11 32
12 0 8 35
35 35 13 21
39 34 37 21
11 20 13 36
1 0 44 28
19 3 6 36
22 43 29 29
23 17 29 24
25 37 15 42
47 32 28 10
9 13 5 18
12 15 29 1
3 6 20 42
6 9 19 47
49 41 45 21
14 8 3 28
30 48 33 26
41 8 36 23
13 27 10 40
8 6 45 26
15 36 19 37
3 15 25 21
39 8 31 37
48 29 29 34
9 8 32 26
13 34 23 46
18 32 8 25
22 30 21 43
14 33 12 11
7 21 20 32
15 40 23 35
36 28 13 41
12 12 32 12
26 40 31 25
30 27 12 32
26 34 40 35
0 14 19 41
27 20 27 39
22 24 3 16
15 41 40 15
26 36 31 24
47 16 35 33
9 26 15 37
12 7 16 38
17 17 40 10
13 16 14 41
15 41 42 32
45 48 15 37
30 34 12 10
14 11 34 12
41 28 33 39
17 12 47 9
37 43 33 13
49 12 42 21
22 35 10 18
25 24 29 34
26 30 39 28
28 15 10 40
18 9 15 33
12 12 6 24
5 11 20 42
32 48 8 44
46 36 12 26
29 41 15 28
36 33 41 18
16 13 17 40
6 34 31 22
31 19 21 41
40 35 40 19
35 40 19 39
25 41 17 36
27 30 34 13
49 5 9 38
44 30 36 30
3 9 10 33
23 42 30 12
11 5 15 14
25 24 3 30
16 41 27 12
37 37 19 36
39 39 18 8
14 12 28 29
14 4 36 28
46 6 7 43
18 41 30 19
27 35 14 3
26 9 33 26
17 36 35 22
41 23 14 44
10 10 38 23
4 26 13 13
40 13 18 44
46 7 23 30
1 20 15 47
21 12 11 34
28 11 21 0
10 16 40 23
13 5 7 16
40 11 34 20
45 12 8 17
17 27 13 8
8 18 15 42
20 41 12 36
37 14 28 16
35 34 35 2
16 4 27 35
14 14 11 33
36 30 15 15
19 27 40 11
19 30 38 16
35 15 14 48
27 30 20 37
16 4 36 32
1 11 3 40
10 4 13 40
25 33 28 8
14 32 39 15
12 10 4 22
3 0 41 17
27 45 14 20
9 7 36 4
33 24 14 44
7 8 27 16
30 41 43 6
17 6 37 32
19 23 13 39
2 6 28 9
10 9 47 23
19 13 25 44
17 10 8 45
43 7 1 20
41 17 10 21
22 30 32 27
43 6 43 15
14 10 14 48
46 2 19 33
24 37 8 19
43 20 12 22
4 8 9 18
4 20 1 25
36 40 24 28
3 29 24 34
43 44 11 39
30 23 21 39
9 4 19 38
39 24 10 31
18 37 15 40
43 38 32 35
9 12 41 39
15 1 16 26
30 14 45 11
17 34 10 2
20 34 49 31
12 18 15 16
38 1 20 46
6 3 12 16
2 15 40 9
44 8 16 43
7 23 19 32
33 3 14 40
20 36 0 20
36 10 17 37
49 35 18 37
9 15 16 48
26 39 20 40
11 13 25 44
13 4 46 13
42 16 32 28
12 2 38 25
17 22 40 22
12 7 11 20
3 4 38 39
12 2 38 27
18 14 24 30
9 16 37 17
48 18 17 44
