50 841 14980 800
38 22 34 14
30 8 39 37
41 24 20 41
0 23 7 47
11 39 3 47
37 2 11 30
37 3 37 32
28 27 17 21
21 14 0 48
38 29 3 47
26 5 44 31
33 16 9 45
28 4 1 20
19 49 1 22
19 25 42 5
28 4 5 49
10 35 17 38
37 14 39 47
16 24 41 35
26 21 12 23
29 1 21 43
28 23 1 46
34 14 31 36
31 23 42 9
11 35 19 6
6 26 48 36
44 1 42 35
36 23 28 3
37 27 34 31
10 6 2 24
28 16 37 1
37 6 6 28
15 17 8 14
11 43 30 26
19 8 45 36
23 3 45 43
40 21 19 41
10 12 7 33
32 3 2 16
25 18 30 41
28 3 9 45
27 20 41 4
43 26 24 6
30 13 41 37
29 0 7 44
32 20 39 26
23 26 12 4
13 27 44 33
33 1 25 9
16 33 30 0
28 5 5 27
27 18 23 37
34 2 48 14
20 4 44 39
18 23 37 26
33 1 4 44
1 26 35 34
15 7 18 9
28 27 32 43
11 14 29 45
17 24 37 17
40 27 35 31
30 11 35 32
8 9 27 14
17 31 10 3
29 6 37 26
24 4 42 17
9 20 25 33
39 11 45 30
23 6 7 11
10 10 40 14
37 11 1 49
9 15 39 19
27 6 40 25
16 36 42 22
11 31 40 46
30 5 48 48
4 23 22 38
1 16 37 9
9 16 2 3
23 1 27 48
3 20 9 23
43 27 31 44
7 4 41 26
18 10 39 19
40 28 22 48
23 11 4 12
7 7 4 43
22 4 34 37
35 18 41 19
43 26 22 35
13 24 5 49
17 16 10 23
27 30 38 21
10 45 44 23
37 27 34 4
26 6 16 44
25 2 10 15
37 24 8 39
45 4 9 14
32 16 31 48
33 10 47 3
37 14 45 40
0 25 16 35
23 10 10 44
28 0 24 36
11 23 38 17
14 18 32 38
15 30 3 40
34 18 11 12
10 13 7 24
31 1 33 42
3 18 48 36
27 8 8 25
23 2 7 48
17 2 16 23
12 7 32 4
2 19 7 48
24 6 49 33
3 22 18 32
25 0 49 40
25 5 27 49
12 17 2 44
8 22 39 32
20 3 44 21
19 31 44 20
9 42 37 49
13 34 19 40
26 13 18 20
24 11 19 14
35 25 23 6
16 29 39 21
18 9 20 34
23 3 7 45
38 27 46 20
38 17 13 23
32 17 1 44
28 4 12 20
29 0 42 15
4 34 36 28
9 47 19 28
28 5 11 24
26 32 15 18
25 29 39 30
12 10 31 48
25 5 38 34
35 7 10 45
41 5 6 42
32 9 0 26
30 3 32 44
43 23 13 22
5 31 5 47
16 28 24 13
9 9 17 4
28 5 31 40
26 19 37 3
38 6 5 10
24 34 35 13
22 9 24 23
24 1 38 38
32 11 39 40
29 48 41 30
25 17 25 10
16 37 10 20
9 40 38 39
23 2 1 48
27 40 25 22
22 3 31 42
19 17 26 32
36 11 41 24
2 30 44 26
21 1 25 41
12 5 23 41
27 41 26 19
1 19 23 28
24 4 2 49
20 40 37 0
19 0 19 27
25 14 34 32
7 8 33 18
21 31 20 18
37 23 4 46
31 9 31 42
16 41 26 44
13 17 31 11
9 26 43 28
32 1 17 39
22 10 49 6
41 33 35 47
21 18 30 47
18 14 33 3
7 17 48 43
31 13 32 28
21 17 10 32
23 31 34 25
18 42 35 15
2 44 31 25
35 34 30 47
34 33 3 48
38 26 38 6
37 7 25 18
17 43 31 44
14 4 32 27
32 3 3 43
24 6 19 12
25 32 37 37
29 23 17 0
12 21 8 48
23 6 38 25
1 22 22 2
41 28 37 26
32 23 7 10
10 26 32 35
10 35 6 48
23 20 33 44
44 7 28 45
2 23 20 23
13 0 21 20
32 23 22 33
37 27 6 49
29 4 15 35
3 14 48 44
9 8 32 39
15 43 5 45
5 29 9 48
17 23 40 36
22 12 8 18
43 15 35 37
42 29 7 24
9 26 32 41
33 16 29 15
15 4 23 15
30 13 4 26
14 12 41 36
37 1 46 20
46 16 34 24
7 29 10 1
24 7 33 32
43 24 21 27
4 29 5 47
13 4 37 42
41 28 4 47
18 16 28 16
31 2 22 10
37 26 27 42
8 10 31 33
30 11 3 42
30 14 36 16
28 10 34 14
41 26 41 35
30 7 2 46
23 26 25 0
11 31 13 21
33 10 5 6
23 8 36 25
16 13 8 16
12 34 34 45
22 33 12 2
26 3 37 30
19 12 40 36
6 31 15 3
16 18 14 36
26 37 16 17
31 5 19 24
45 26 29 28
5 22 3 39
18 10 17 25
24 0 34 19
25 7 5 49
40 35 27 9
26 8 14 9
33 1 28 26
21 33 35 21
3 30 3 41
28 15 5 49
24 28 29 41
24 13 26 33
11 4 33 26
20 2 3 47
30 19 27 46
1 21 47 24
18 26 38 47
10 4 34 14
19 12 0 20
28 12 9 16
6 39 37 47
20 15 49 34
5 11 29 2
25 9 45 43
26 23 30 26
27 29 11 46
26 11 41 8
25 16 21 7
28 4 8 29
23 26 47 39
22 47 15 25
0 0 28 44
23 9 4 48
17 20 49 41
19 8 7 43
13 4 36 11
18 8 10 26
29 10 10 49
33 2 27 35
28 31 24 7
34 21 5 49
26 14 6 43
21 3 21 19
4 19 29 28
49 19 38 16
24 13 32 11
28 10 42 21
39 5 4 4
43 12 3 47
2 11 34 19
31 38 48 36
41 1 40 30
3 36 41 24
38 21 20 14
26 12 47 9
35 11 10 23
38 14 31 7
41 26 31 22
30 3 28 47
25 4 42 45
32 13 49 48
10 16 6 25
20 5 23 9
18 12 24 40
40 26 9 20
30 12 34 43
14 5 22 49
20 0 31 36
33 8 2 48
44 16 41 48
7 4 7 40
19 39 29 46
15 33 0 44
23 21 10 9
42 22 8 21
42 24 25 34
20 26 49 18
26 8 41 19
2 32 30 41
24 0 32 20
23 7 27 47
10 14 19 40
44 26 8 21
10 33 44 33
8 9 23 12
33 14 46 32
25 5 4 47
26 10 27 44
33 4 5 49
6 23 10 29
8 29 7 41
11 18 48 26
29 19 28 37
15 39 43 46
27 46 49 42
20 16 4 17
39 26 26 25
14 32 38 4
30 2 29 49
21 1 35 34
20 1 12 24
1 24 13 23
3 10 47 23
21 6 37 48
32 12 13 27
25 13 5 43
13 23 30 31
4 17 23 46
34 2 30 35
30 28 38 43
2 39 40 48
15 16 20 18
24 14 46 27
34 29 37 15
39 24 23 46
31 2 38 25
34 5 13 15
34 20 6 47
20 13 46 41
28 4 28 23
8 32 22 49
0 36 30 7
42 27 22 0
27 6 15 4
10 11 39 45
40 24 26 12
40 27 28 20
38 17 47 47
37 14 35 43
7 14 3 49
27 23 36 37
48 36 36 38
33 25 43 22
35 14 13 46
18 10 34 42
30 6 23 17
34 10 6 30
13 2 0 24
29 10 27 30
16 14 29 34
34 7 10 46
30 14 12 17
17 34 46 44
10 6 41 22
40 27 10 46
5 5 41 27
36 9 41 33
42 29 44 41
4 42 48 5
29 36 9 48
29 13 23 21
11 18 40 19
34 12 33 39
24 8 32 11
13 12 22 5
45 27 34 29
13 28 28 1
15 8 34 15
44 14 29 4
15 31 9 30
22 7 14 24
19 4 22 14
23 19 47 31
28 2 41 15
24 36 42 35
18 23 41 28
19 23 32 27
28 7 2 48
26 5 41 42
6 7 48 42
9 38 3 14
33 6 48 49
45 27 35 42
30 15 40 37
4 28 0 48
41 23 44 15
21 37 26 43
42 27 18 21
43 27 36 23
20 21 29 46
37 16 28 1
31 22 32 35
7 28 7 48
13 18 22 13
9 9 19 17
1 31 28 45
1 34 5 39
22 30 9 43
27 0 40 30
42 23 47 44
35 1 38 18
40 24 48 32
7 18 13 44
42 26 23 5
22 12 24 48
33 0 21 19
21 6 32 0
16 19 10 20
13 5 17 24
25 4 0 47
27 12 33 14
43 18 36 34
31 8 10 46
3 18 6 41
18 42 28 48
22 46 33 46
24 5 28 45
30 14 45 23
9 25 47 39
40 27 41 45
18 30 49 49
43 25 46 38
35 26 41 35
44 26 15 21
13 10 38 43
9 12 43 48
4 39 1 19
8 18 6 44
14 14 22 31
19 21 10 18
10 36 31 25
20 14 2 43
16 18 40 19
9 39 5 11
33 1 6 44
22 26 45 43
2 24 41 43
27 7 12 13
19 30 44 45
7 36 46 42
28 5 29 47
44 30 20 45
31 13 4 43
34 20 37 43
3 31 26 43
43 27 27 23
16 42 6 47
29 22 13 44
9 25 46 33
26 5 16 10
0 39 25 21
20 36 15 35
4 24 36 42
3 39 40 48
28 14 36 3
31 4 4 46
10 14 34 43
29 18 38 20
21 0 35 48
8 9 46 49
6 49 34 39
27 5 43 25
11 30 31 6
27 8 34 36
38 23 31 26
38 14 38 35
30 11 44 49
41 27 36 32
30 5 41 42
17 18 2 49
26 30 32 24
29 5 10 13
12 3 17 8
27 1 5 23
20 30 2 29
42 31 3 47
1 34 41 12
32 18 40 47
12 24 36 18
40 10 25 31
24 0 4 47
35 0 25 14
15 41 13 28
15 19 15 14
24 1 32 43
17 12 37 34
18 28 28 32
23 27 4 47
31 18 16 35
21 5 4 32
22 25 4 48
35 12 12 21
12 28 23 40
8 18 44 34
27 8 40 49
26 1 34 38
11 0 8 24
34 10 21 43
33 13 48 47
25 27 38 17
36 5 13 16
39 25 46 40
28 42 39 43
5 7 32 48
18 12 15 1
27 6 8 7
33 4 31 44
33 5 39 10
22 21 44 39
6 21 49 27
43 28 35 40
21 49 35 16
12 39 17 39
3 39 5 44
39 14 42 41
27 13 32 25
35 5 32 19
32 19 24 38
36 20 6 48
13 26 43 37
28 11 32 31
22 4 24 42
21 4 18 40
34 19 28 25
3 48 11 48
45 11 37 38
16 29 45 26
24 12 31 31
5 19 39 40
24 7 37 49
1 8 39 18
32 13 39 11
18 23 6 31
40 23 12 36
24 29 38 29
5 15 42 25
22 13 38 20
5 13 35 44
41 12 32 9
43 24 33 20
22 0 38 45
18 15 37 35
6 18 27 37
42 22 38 40
37 14 35 10
4 25 20 40
35 11 43 32
30 28 12 11
4 35 33 37
27 7 7 24
1 16 27 1
12 5 25 35
38 26 18 44
23 9 25 35
2 34 31 23
35 14 25 11
5 2 37 9
21 25 26 46
11 9 35 33
40 26 11 13
38 31 23 42
10 37 20 4
31 0 45 24
22 40 4 24
39 15 41 34
15 5 15 43
23 6 38 28
19 41 41 44
34 9 36 45
22 34 6 47
0 34 13 19
19 10 12 45
21 39 1 44
3 21 14 41
10 1 12 29
33 10 6 49
30 15 27 40
4 31 8 49
36 11 12 21
6 35 47 49
30 13 12 30
26 1 13 36
30 11 21 40
8 45 24 15
9 43 47 41
17 13 40 26
20 4 22 10
15 37 21 1
29 14 30 37
16 27 28 44
31 6 38 33
20 36 26 4
42 23 23 29
29 16 5 21
18 0 25 4
7 7 20 19
47 11 12 27
23 26 36 24
27 7 13 25
11 2 0 45
44 25 13 29
36 17 40 23
23 2 9 20
12 44 45 34
43 27 5 28
34 9 42 43
23 4 17 19
40 4 8 29
39 28 34 6
12 11 43 44
36 1 36 33
18 19 33 39
5 21 24 45
34 21 13 20
27 4 46 43
27 23 23 38
39 25 7 48
28 14 41 41
11 40 34 13
22 3 16 31
9 24 2 30
44 28 48 27
29 6 31 18
12 30 41 35
29 21 46 36
8 28 19 18
9 15 38 24
24 33 17 22
42 28 4 24
30 13 43 8
9 6 38 31
39 13 27 28
43 16 38 11
27 7 29 32
31 2 2 20
14 4 5 48
28 8 27 1
1 37 8 18
34 15 31 17
37 25 26 6
5 4 25 38
33 3 14 0
32 4 29 40
13 44 13 13
12 25 19 2
42 34 6 48
34 11 35 28
43 22 25 46
10 6 28 3
12 10 24 35
0 36 22 25
38 2 46 33
30 8 24 21
21 2 31 25
3 14 2 48
7 11 36 37
23 2 2 26
24 34 16 25
28 6 36 24
27 7 2 14
30 10 35 27
19 12 2 34
27 14 41 47
6 1 3 47
32 8 4 48
8 4 21 16
26 15 43 28
21 23 18 45
43 23 34 36
12 27 4 22
6 9 35 42
16 5 40 9
27 12 48 38
37 11 17 3
13 23 18 5
33 20 31 48
36 8 48 26
21 23 47 42
28 6 6 24
12 2 29 24
29 17 18 26
33 3 48 47
27 46 42 34
22 8 7 49
19 3 5 47
27 1 12 16
40 25 31 26
2 38 31 25
21 29 22 23
25 6 46 27
10 11 3 36
20 35 47 37
35 8 18 3
36 11 1 46
28 1 3 45
35 4 34 36
18 11 47 40
3 34 4 46
21 19 10 26
18 4 26 31
38 11 23 48
36 33 37 44
21 35 47 34
15 25 43 38
28 7 41 34
40 23 3 28
24 10 8 42
38 27 22 8
28 1 12 30
13 10 3 46
3 24 36 28
4 39 31 6
0 25 19 36
7 34 43 32
15 21 9 44
19 30 49 31
28 29 33 9
35 16 40 18
4 27 29 42
9 26 30 9
29 11 2 31
22 17 10 30
45 18 36 21
18 27 26 5
37 13 32 16
30 10 17 11
3 24 30 49
40 27 29 9
32 3 34 39
40 27 46 43
22 26 20 8
21 6 25 32
2 4 34 49
37 12 45 4
41 25 45 39
44 49 42 43
22 1 41 42
32 21 29 45
17 2 27 14
36 4 6 33
21 40 49 44
41 13 46 31
28 20 33 25
42 25 42 37
21 36 13 15
14 24 5 7
30 29 42 27
32 26 27 4
22 15 32 35
16 5 1 49
35 7 37 4
31 7 37 44
24 26 6 45
1 6 8 12
1 16 38 33
27 0 6 49
11 31 41 44
22 22 46 26
0 26 46 24
10 2 33 33
16 7 30 47
42 25 34 40
27 0 15 23
41 25 48 41
13 40 2 45
19 12 34 8
12 15 41 35
0 10 28 14
34 12 46 28
35 18 34 36
29 30 35 27
4 15 39 42
44 36 32 0
13 6 23 48
6 3 43 43
29 0 1 48
31 1 46 46
39 21 16 23
10 1 42 38
43 23 6 46
33 0 14 39
7 9 16 46
5 24 7 29
18 11 6 3
41 26 32 33
41 4 9 26
