50 1282 14612 800
13 35 7 24
1 31 26 3
7 47 25 6
12 5 8 40
8 14 20 5
11 25 19 44
6 31 12 43
1 23 14 37
33 22 9 9
4 25 19 46
9 14 28 7
23 42 43 14
19 27 36 18
1 0 4 21
30 12 19 17
9 25 24 11
13 20 18 26
7 45 9 16
12 10 20 41
34 24 4 20
34 4 31 2
17 42 31 25
17 22 21 21
1 24 30 34
21 27 11 9
6 6 11 41
13 32 41 7
0 27 21 23
26 39 29 21
16 22 20 37
18 44 36 8
22 35 25 0
8 26 19 13
17 21 19 12
1 30 13 7
7 18 30 16
3 34 0 21
10 23 0 15
32 39 0 35
8 23 0 8
38 17 20 16
11 33 11 44
5 24 7 8
17 45 24 14
4 24 2 7
3 6 3 21
4 32 12 12
7 15 4 1
6 26 7 33
8 19 30 21
11 32 4 11
32 29 12 37
31 17 12 7
13 39 22 15
18 23 22 5
3 43 23 46
5 30 28 27
20 34 19 38
1 32 7 43
23 39 30 5
21 39 16 43
29 30 9 8
3 32 13 20
10 25 24 47
1 25 19 6
3 25 29 35
1 0 12 33
8 38 28 10
1 7 28 6
21 18 10 2
8 10 21 4
26 31 19 39
23 21 26 7
18 36 37 6
18 29 10 2
0 29 16 24
6 5 17 0
14 8 25 35
5 37 8 4
10 46 8 20
2 11 1 23
9 21 9 5
8 40 20 8
8 7 17 3
8 3 11 23
1 36 30 0
32 24 28 13
12 17 16 39
22 33 30 22
26 23 19 33
37 49 2 12
5 28 19 30
25 13 21 19
9 13 15 26
2 32 5 30
12 44 21 16
13 35 26 15
26 27 0 14
18 11 4 38
11 29 22 4
0 34 19 5
16 28 3 13
13 11 18 2
16 17 27 23
0 26 0 35
1 0 13 44
8 30 10 26
14 9 10 10
12 15 23 5
3 23 17 36
9 12 24 29
22 45 11 15
5 15 6 6
11 9 23 0
13 25 7 18
21 41 25 4
17 42 5 40
3 32 29 40
4 19 13 17
8 32 1 20
49 17 6 32
19 17 8 43
12 42 42 6
5 12 23 42
10 44 19 44
8 30 32 41
5 19 24 43
15 12 29 47
8 29 31 21
8 30 10 19
2 12 20 3
4 28 12 4
3 16 20 48
8 22 6 33
10 6 42 44
1 3 22 36
23 27 33 44
3 26 48 15
0 22 18 28
8 9 17 25
8 36 8 41
15 47 26 9
26 25 12 37
4 17 17 10
8 41 23 4
9 19 29 30
4 33 12 42
11 34 17 27
14 33 29 28
10 21 21 37
13 14 34 44
3 1 13 39
48 29 22 6
20 8 0 24
16 9 15 16
6 12 1 35
16 31 12 36
5 28 11 13
1 43 19 20
14 20 11 3
10 46 3 46
3 28 26 29
8 19 28 3
18 48 4 6
16 32 14 15
24 10 35 12
9 35 0 4
25 46 23 16
34 8 11 37
8 36 41 22
15 15 10 13
5 41 16 41
6 29 27 45
20 14 17 48
9 13 19 17
1 22 28 0
8 41 5 24
7 32 20 19
17 22 48 4
17 5 7 18
14 22 31 6
7 29 8 34
22 34 16 41
10 19 8 3
31 29 18 34
21 41 7 49
5 34 23 13
7 31 9 19
1 31 31 37
6 19 29 44
32 26 41 2
18 44 17 40
14 17 10 4
10 11 32 22
14 38 0 19
9 41 12 7
10 16 12 23
14 38 19 30
4 15 6 18
14 19 3 24
10 13 30 44
18 17 21 4
10 27 10 38
9 29 34 27
7 35 13 30
17 29 18 25
4 36 18 10
2 1 18 36
0 34 11 34
28 36 22 28
3 9 0 48
13 41 8 30
16 22 13 9
5 38 29 31
4 7 5 33
18 20 32 13
4 19 12 10
0 20 11 48
14 34 14 9
30 42 10 0
16 42 10 10
15 34 16 18
3 36 17 11
33 34 19 5
9 11 12 35
7 28 9 13
6 5 5 43
18 16 8 28
11 12 15 18
6 28 33 0
21 45 10 24
10 35 11 13
14 30 23 37
21 21 20 28
25 33 21 7
12 11 38 21
33 36 26 43
1 29 0 7
25 16 21 28
22 43 18 30
14 32 29 34
10 28 9 12
24 40 8 33
5 3 19 12
38 12 9 26
12 20 13 49
20 18 12 13
26 43 17 30
15 23 0 8
14 27 36 49
27 24 14 14
12 12 14 48
22 34 19 41
2 32 26 14
20 41 28 46
12 37 12 28
18 47 15 13
28 38 0 1
11 25 21 38
30 14 22 32
24 48 13 49
21 11 19 2
23 12 18 32
1 33 23 25
9 26 21 14
9 25 12 40
29 11 19 27
10 14 23 23
5 15 17 36
6 27 8 47
17 3 26 41
15 40 13 21
14 13 2 30
13 16 8 22
25 44 21 12
12 46 16 10
20 41 1 17
8 7 15 25
19 42 16 48
29 36 15 49
7 34 17 25
9 21 13 22
15 43 31 25
15 10 1 40
16 31 10 16
7 27 29 41
19 16 21 36
12 8 8 45
37 32 8 39
12 44 34 12
6 7 17 11
5 11 13 22
1 9 18 20
18 20 9 18
15 16 5 29
5 39 22 0
4 23 2 19
18 35 6 19
0 37 16 8
17 29 27 40
8 24 26 7
15 42 21 35
7 31 10 25
14 19 4 1
9 6 8 18
13 28 7 8
1 31 3 28
14 48 0 22
8 11 24 23
41 9 16 33
22 19 35 13
15 47 7 12
17 39 25 40
3 28 13 30
8 35 15 15
25 21 21 20
5 38 32 17
17 25 9 27
9 21 8 31
0 34 3 1
22 32 20 2
10 20 21 9
0 18 19 46
27 43 21 49
4 13 23 25
21 21 14 41
4 37 3 10
19 4 13 31
2 20 16 36
11 37 3 16
13 22 19 42
5 24 36 38
4 18 19 16
20 7 22 35
7 32 17 37
4 29 2 22
21 18 20 0
18 23 12 42
3 14 1 6
8 24 28 42
27 35 1 11
9 7 22 36
9 31 13 17
10 22 12 6
21 43 28 40
6 29 16 43
6 37 30 8
3 46 6 17
11 34 24 19
14 20 13 24
6 31 32 5
0 46 20 20
0 23 2 12
8 17 28 24
13 35 17 9
17 22 25 42
24 10 39 23
7 39 9 15
1 33 24 5
14 23 20 4
16 38 7 32
0 17 14 17
0 22 25 39
12 40 6 5
1 9 15 18
11 19 23 18
27 33 3 8
14 17 16 38
9 47 35 4
29 18 10 5
9 41 0 8
41 43 23 17
7 30 11 7
25 34 39 14
21 33 4 39
11 19 11 30
26 40 2 5
10 22 1 17
20 48 7 49
5 26 25 3
11 6 23 0
34 14 21 43
3 22 8 22
8 29 23 18
6 10 37 14
10 24 2 10
10 9 30 12
10 40 28 19
2 26 46 15
1 44 26 24
8 23 20 8
19 22 7 29
5 25 26 14
15 14 15 19
25 14 4 47
3 29 2 17
18 30 0 48
3 20 14 18
22 16 41 7
16 28 36 16
4 35 16 6
11 26 40 22
42 20 29 9
21 28 1 19
4 13 27 4
0 44 1 6
6 30 34 4
9 6 18 39
15 24 3 15
4 9 15 3
22 0 15 7
12 35 25 35
4 7 9 17
7 48 0 16
1 9 28 26
13 32 14 39
14 7 9 31
22 43 4 9
37 18 6 39
8 11 28 1
17 7 31 9
11 29 23 32
18 42 0 16
5 25 8 5
1 37 19 11
16 11 3 37
7 49 9 34
4 28 17 23
2 35 4 19
17 49 31 27
20 48 0 34
15 8 8 47
13 10 11 17
8 21 7 28
25 14 13 43
10 44 22 43
11 18 29 44
3 12 25 42
17 40 49 32
7 39 0 10
14 15 21 30
34 18 5 7
27 17 13 14
3 27 34 9
9 39 0 6
23 42 32 16
33 26 22 45
2 38 41 25
17 29 28 46
2 20 19 6
8 26 34 15
17 8 17 36
3 20 44 39
10 0 14 26
17 30 41 12
9 0 8 33
38 43 14 41
28 19 26 33
5 27 1 42
4 30 26 34
29 3 24 30
10 6 30 14
6 13 28 2
9 45 33 3
3 34 3 4
8 14 16 34
16 18 8 31
22 46 0 11
22 7 9 44
7 2 16 35
19 13 23 45
6 16 1 0
1 43 24 40
11 33 39 18
0 21 23 1
32 20 21 3
1 43 9 7
4 25 31 17
14 9 11 0
3 33 17 48
3 34 0 3
17 34 14 48
5 23 14 24
37 31 5 46
18 42 18 15
12 31 23 38
19 27 17 16
16 32 16 42
14 18 18 15
20 16 20 44
11 21 20 17
5 44 19 24
21 17 18 0
14 12 12 33
33 31 17 5
20 44 5 11
10 48 17 5
15 41 3 17
9 32 6 17
14 34 13 29
13 49 22 13
17 39 13 25
27 42 41 7
7 20 14 15
0 16 17 17
23 20 15 34
7 17 12 18
4 33 9 13
4 33 41 11
6 32 32 36
27 9 18 14
2 38 9 17
41 23 10 12
26 34 19 37
11 32 2 20
19 46 17 27
0 27 4 7
7 44 26 20
13 8 0 24
3 30 15 15
29 26 7 19
18 15 2 17
36 47 28 42
0 3 32 13
16 15 1 14
4 10 12 17
8 24 27 44
12 43 21 35
0 18 7 12
4 42 7 33
6 30 17 47
10 27 6 15
21 2 13 30
31 44 12 18
21 38 24 41
10 27 18 11
7 27 26 4
2 28 0 41
6 21 24 19
32 43 1 33
8 13 8 1
18 25 29 7
2 19 12 7
5 26 37 29
16 47 27 16
20 34 1 18
6 37 11 46
1 20 34 25
24 18 6 44
3 15 26 30
24 24 15 7
38 37 28 35
23 42 31 18
12 25 23 27
6 9 14 6
9 29 13 2
15 45 28 24
11 40 6 6
13 17 8 31
2 26 12 10
11 41 27 7
14 4 27 33
9 32 30 0
24 22 6 35
16 23 25 37
1 28 0 8
21 11 31 38
22 16 30 37
9 49 28 26
11 42 20 19
17 17 13 10
1 14 18 14
15 10 0 26
37 6 12 34
24 6 17 6
5 29 11 3
22 48 33 12
12 32 8 17
33 38 12 26
26 25 7 6
4 24 19 3
33 43 13 23
3 18 18 4
3 8 32 35
14 49 7 20
0 25 14 12
40 17 15 44
11 37 19 47
24 7 5 27
0 43 11 41
2 21 10 36
15 46 33 39
9 16 23 4
2 13 7 7
10 21 15 44
8 9 36 27
11 31 1 32
2 12 20 32
1 8 4 13
4 33 39 9
10 24 9 18
5 45 10 0
9 30 26 15
22 13 26 11
24 32 28 48
17 17 12 48
11 28 28 37
13 29 26 5
0 13 14 29
2 25 8 33
16 24 5 38
5 40 5 19
21 40 23 1
25 36 23 10
14 38 26 37
12 35 27 49
28 30 14 28
15 42 24 12
4 30 26 33
12 21 36 12
1 31 22 30
11 0 1 46
13 26 20 43
12 37 19 25
4 13 15 12
14 20 26 32
12 21 15 5
22 22 5 3
2 46 14 17
19 7 25 2
15 23 31 28
6 17 27 7
3 1 6 30
15 43 22 33
35 39 28 4
5 4 4 9
4 10 39 4
18 24 20 10
21 26 40 23
4 47 46 5
21 49 12 24
5 35 2 19
4 19 16 21
30 20 1 19
16 20 30 12
11 9 16 40
2 25 17 14
13 11 20 46
25 46 13 3
20 39 12 42
42 10 29 18
19 10 18 22
9 34 11 41
18 9 6 7
9 25 12 12
8 26 7 18
6 31 5 43
6 16 7 8
19 9 11 42
16 38 27 42
9 14 18 39
4 29 23 43
15 42 17 13
20 9 14 20
6 28 29 41
2 20 22 42
5 40 35 30
21 38 18 29
1 39 26 6
13 36 3 36
5 17 7 6
4 12 22 23
10 28 14 41
2 25 18 44
10 10 14 16
3 27 22 15
30 38 16 15
12 41 15 33
12 11 21 42
2 40 17 49
17 4 28 10
22 21 11 11
13 13 34 10
9 9 18 40
18 33 8 28
22 44 9 17
18 38 5 17
20 32 8 0
8 14 7 2
26 43 16 4
4 24 0 3
8 25 1 11
18 31 16 10
0 8 9 3
45 13 22 26
16 26 2 5
17 38 16 14
17 39 14 9
13 30 7 21
1 32 12 16
7 9 34 21
5 18 3 14
9 23 20 41
28 1 19 37
36 13 5 29
28 27 28 15
14 27 6 24
24 47 3 39
7 11 12 47
20 25 26 49
5 30 23 3
12 41 14 45
9 35 34 4
7 25 1 32
27 48 8 49
4 28 3 36
10 32 28 25
18 27 3 42
2 25 12 1
11 27 22 9
4 17 20 45
22 34 5 22
3 20 21 5
2 25 25 14
26 46 7 29
11 33 5 25
21 21 15 40
6 16 6 2
21 6 27 0
1 41 4 7
20 21 28 16
22 46 10 6
9 41 12 6
13 39 4 45
21 18 30 31
7 36 11 47
18 25 30 2
1 3 15 36
3 31 24 3
29 14 16 7
13 43 9 2
4 21 1 40
13 33 24 16
14 40 16 24
16 23 0 38
30 48 17 31
16 27 4 33
25 19 26 7
22 15 3 19
12 10 8 28
4 37 34 9
31 34 11 19
6 10 16 13
22 27 27 18
8 14 10 8
3 21 9 7
35 36 41 14
2 14 11 40
10 12 23 22
15 7 15 12
23 44 16 12
32 1 13 22
16 14 34 6
16 18 5 20
17 22 8 41
32 23 3 37
16 4 5 31
35 30 29 33
14 14 5 7
22 40 1 7
10 21 14 8
41 46 11 11
4 27 7 14
14 49 4 7
22 18 2 28
1 16 0 3
17 46 21 6
2 30 19 43
8 27 5 43
9 26 2 5
22 38 11 8
3 20 21 20
17 38 22 23
1 23 25 9
16 35 14 14
0 26 19 39
34 30 23 31
6 25 9 30
9 13 4 19
6 29 36 12
0 29 38 9
5 34 17 33
13 21 30 12
23 35 3 21
17 17 13 35
10 36 19 31
12 31 30 11
9 29 29 48
12 39 1 35
19 47 2 2
0 6 28 33
6 22 17 40
8 14 5 5
3 11 7 14
1 26 35 17
8 38 14 35
29 32 18 14
5 28 8 25
28 30 11 25
8 23 11 27
11 27 30 17
1 32 23 43
30 33 13 43
24 17 16 28
4 40 30 24
23 39 19 40
16 23 22 25
16 18 24 7
21 42 15 19
7 44 13 18
22 49 26 33
3 29 15 48
1 28 27 39
25 36 18 6
34 12 23 17
8 8 23 29
5 36 11 37
1 4 19 44
7 14 21 39
13 29 3 20
5 43 6 47
12 10 16 37
25 48 37 10
33 39 15 13
12 3 21 13
1 20 13 37
5 25 20 42
9 21 11 27
20 48 5 35
13 46 4 16
34 41 15 39
24 21 24 33
40 20 0 9
16 20 30 11
24 43 22 31
27 0 10 38
17 36 5 39
18 29 10 38
6 32 33 13
9 22 19 37
8 39 30 29
13 38 27 14
15 16 5 4
19 28 2 2
18 41 5 4
5 17 8 24
23 41 5 28
6 17 32 33
15 7 4 20
8 7 40 7
7 33 22 22
3 33 17 33
8 20 8 41
0 28 27 39
13 13 37 6
19 38 11 8
6 19 2 29
3 35 9 37
12 35 26 10
0 20 25 13
15 46 24 6
5 8 17 0
15 2 9 13
9 29 14 8
14 36 22 27
16 14 7 18
14 32 11 35
6 49 18 29
7 25 11 37
7 19 43 20
7 30 32 9
11 29 17 34
9 37 7 21
8 24 4 15
22 35 8 40
4 10 5 5
22 40 15 10
20 45 9 9
3 31 4 27
5 11 22 13
1 28 19 1
7 40 23 38
14 19 0 41
14 22 25 6
4 46 19 5
15 21 2 12
26 21 10 5
19 38 17 15
33 14 17 35
9 20 17 27
16 22 6 48
5 14 1 34
22 26 3 32
16 8 14 11
12 29 42 20
7 9 22 35
25 44 9 10
4 14 20 2
25 15 23 32
18 39 10 30
22 35 10 45
5 29 32 37
12 24 13 19
22 25 41 4
13 44 10 23
8 32 12 1
14 3 21 46
6 40 34 38
11 21 14 6
22 11 0 6
9 23 14 38
13 1 29 2
9 13 16 10
23 13 15 42
7 21 7 14
38 36 8 10
12 10 13 29
13 18 9 29
7 27 16 20
36 41 18 24
1 7 17 11
5 44 1 40
19 48 5 21
4 14 19 41
18 32 3 18
36 37 22 30
0 16 14 3
1 47 11 12
8 31 22 18
1 30 23 22
18 34 27 29
6 14 23 6
9 9 7 32
3 12 8 47
17 4 10 29
4 31 12 34
21 16 24 4
19 9 11 14
14 4 17 17
31 42 40 8
22 19 11 43
28 23 28 48
4 21 12 20
21 17 32 29
8 33 20 32
32 11 18 40
4 13 12 41
20 31 14 32
8 14 3 19
16 16 29 21
2 32 21 38
14 13 3 42
6 21 8 38
10 36 7 15
11 25 22 41
3 26 28 10
17 39 11 16
22 12 35 16
7 31 17 15
32 30 15 6
1 32 4 39
0 7 5 20
2 27 21 5
5 20 27 35
21 9 27 1
27 46 6 31
1 23 27 3
11 27 21 16
8 38 16 39
21 36 7 34
23 49 13 30
8 31 15 38
22 39 5 15
23 17 18 20
8 10 26 18
6 20 17 34
15 44 12 47
4 14 24 14
24 38 13 14
13 14 16 32
2 30 1 9
14 18 27 26
9 22 7 17
29 26 16 20
37 33 17 5
17 32 15 11
13 40 32 19
1 27 4 44
6 32 10 5
2 40 13 15
1 34 26 18
4 5 16 22
11 46 19 42
16 28 27 9
32 38 8 33
5 27 31 38
6 23 4 46
1 3 19 21
16 15 12 19
20 14 9 29
10 14 13 27
8 30 8 15
16 36 19 23
0 16 12 10
12 14 10 26
2 30 21 25
21 15 28 16
0 42 9 39
33 18 28 10
6 36 23 46
16 8 19 12
30 38 23 10
9 49 17 4
17 18 24 13
28 47 20 30
30 48 7 12
35 45 40 8
7 33 18 28
13 4 19 34
14 41 21 14
0 29 13 34
11 11 9 44
11 12 3 12
2 15 25 19
14 12 27 3
3 5 18 20
4 16 2 28
26 41 43 4
5 27 38 28
4 34 21 27
3 1 2 20
1 14 8 21
29 33 15 19
1 15 24 4
7 13 11 37
42 25 36 14
24 24 12 24
34 42 25 16
1 37 5 24
0 31 23 24
3 20 39 14
3 24 9 13
9 44 21 47
23 21 1 2
14 17 13 12
2 5 5 17
19 7 30 0
9 26 18 37
2 18 10 19
4 30 15 24
27 49 15 26
17 46 22 15
8 7 23 22
8 9 28 23
17 7 11 49
6 46 21 19
14 48 11 25
14 7 27 40
7 7 17 7
27 39 29 2
4 12 18 33
14 43 13 36
9 36 26 6
10 25 10 40
20 44 14 23
8 12 25 15
17 39 6 21
16 42 13 31
17 19 27 11
0 26 10 17
12 21 15 12
12 6 23 18
12 12 17 41
28 7 23 1
6 43 18 24
8 11 11 16
10 29 15 1
18 47 29 27
20 15 30 14
9 1 16 45
26 39 20 26
14 22 32 10
15 39 6 47
28 33 19 40
8 29 13 10
6 27 7 41
24 47 23 34
30 35 6 2
24 1 19 19
11 8 4 9
2 22 23 15
13 27 42 0
25 29 20 23
11 20 23 3
16 42 26 9
43 19 14 31
0 32 22 49
4 17 22 9
16 48 0 18
14 24 19 41
12 28 18 19
5 49 12 12
6 36 26 36
10 24 12 49
4 28 40 11
11 26 16 32
1 12 25 11
6 29 9 21
1 22 16 12
12 45 21 44
4 24 12 23
23 14 8 9
6 39 9 27
4 13 13 40
7 26 44 11
6 26 19 49
20 6 7 31
48 49 22 40
14 30 3 12
28 46 48 37
31 47 22 22
2 47 14 22
10 5 10 43
6 40 0 19
5 2 38 2
18 35 12 40
17 35 26 16
36 31 34 39
5 29 23 14
17 32 24 1
35 23 0 37
2 33 9 11
18 19 3 3
20 19 43 1
22 31 24 44
8 22 14 24
15 17 17 12
6 26 7 21
16 31 28 44
6 34 18 3
22 46 16 33
19 31 14 44
27 47 19 15
15 43 26 33
3 15 12 40
26 44 35 21
18 40 21 2
10 9 3 37
14 33 23 37
29 19 9 38
8 46 6 16
14 47 3 17
0 15 12 16
12 49 20 35
18 40 24 3
8 11 4 25
12 24 8 27
4 10 28 41
12 37 4 24
8 3 13 32
17 38 28 10
31 17 19 48
6 34 21 47
0 34 6 10
12 44 27 25
6 32 21 13
18 36 25 4
7 7 11 39
22 22 18 40
6 31 29 23
0 28 0 37
13 37 42 4
13 14 15 44
7 23 15 20
0 30 6 22
0 30 9 0
18 46 28 3
16 47 8 35
20 39 17 37
10 12 12 42
22 18 45 42
12 30 49 29
7 8 35 0
12 44 20 30
7 33 16 32
12 43 7 26
3 31 6 17
11 24 29 7
15 23 22 47
8 8 27 10
12 45 2 16
28 17 8 37
4 1 22 16
12 28 36 25
19 31 24 37
17 40 0 10
13 9 21 4
13 14 31 44
18 2 9 35
4 41 1 19
9 13 8 4
21 18 24 1
3 11 15 46
0 16 23 4
1 10 39 2
1 21 31 35
8 21 17 18
2 27 9 12
32 34 1 31
11 39 9 29
18 34 35 41
11 42 33 38
10 9 6 36
18 48 6 12
2 14 10 12
14 2 28 19
13 23 15 49
13 38 11 23
25 22 16 33
1 9 14 22
0 19 15 14
16 34 18 18
8 14 40 8
7 22 33 2
18 44 36 0
14 42 37 3
6 48 47 0
14 38 6 35
2 18 26 35
5 33 40 29
16 2 2 4
3 29 24 42
0 8 33 3
17 22 12 0
7 47 13 29
16 26 16 41
2 28 27 46
28 42 7 21
13 1 23 40
12 14 29 20
21 16 26 24
20 35 22 10
7 18 40 4
4 28 7 18
5 33 32 26
7 25 9 48
17 18 15 22
31 46 13 18
18 28 2 33
1 30 2 14
1 21 5 13
7 29 42 33
1 29 24 38
13 14 18 45
21 36 8 3
8 14 13 30
19 29 28 2
0 24 15 15
22 38 12 42
21 14 28 34
11 36 5 17
35 35 36 5
5 23 39 25
11 29 17 40
27 11 12 37
7 24 19 15
19 30 2 17
20 23 16 15
22 49 9 3
19 43 2 10
4 44 48 13
4 29 2 22
