50 79 11074 800
34 42 20 44
10 47 2 44
27 40 10 35
30 44 20 31
0 32 3 44
13 35 26 37
17 31 30 21
7 33 39 47
32 14 39 13
22 48 17 40
14 39 23 47
18 21 33 49
22 17 21 10
33 39 13 38
19 49 7 32
21 34 28 12
24 29 2 42
20 32 7 37
31 27 18 37
12 42 46 15
21 44 31 18
47 40 37 45
33 36 34 47
21 42 29 24
25 36 11 37
22 24 28 20
15 43 13 31
29 42 24 25
25 23 23 42
30 49 15 46
39 0 34 23
4 44 21 41
37 47 27 34
29 31 8 31
2 49 10 24
13 37 34 48
5 36 19 43
18 44 9 38
18 47 4 29
38 39 27 43
19 26 23 36
18 28 28 10
15 26 9 36
46 41 23 34
4 37 10 45
28 47 28 14
37 45 13 10
7 34 21 32
18 34 17 45
31 43 29 49
20 40 7 33
15 44 20 24
25 42 43 13
23 31 30 25
2 31 0 38
19 42 30 7
30 40 11 49
28 45 10 33
24 45 10 33
42 37 14 30
5 28 11 46
47 38 11 38
13 44 25 48
30 31 20 46
38 34 13 34
7 25 19 48
15 39 12 47
28 49 12 36
31 49 3 28
14 44 10 30
7 43 24 32
24 24 31 40
35 36 33 15
13 46 4 49
11 47 8 34
19 43 38 11
17 30 25 42
18 42 1 32
24 41 4 16
