50 438 12757 800
33 42 21 14
19 21 4 13
31 12 25 29
20 35 34 43
11 15 17 49
36 33 10 45
5 48 19 16
33 27 24 26
4 16 30 30
8 42 32 14
19 15 34 23
48 33 33 28
34 46 41 10
20 7 15 24
22 7 34 28
7 9 29 23
38 26 39 9
2 5 5 33
14 44 31 24
0 22 14 45
40 28 32 31
21 16 22 27
19 9 36 33
36 18 38 33
11 9 21 23
38 23 34 36
19 37 22 22
31 17 14 46
33 47 27 27
28 24 28 39
29 28 21 31
24 40 32 34
44 34 35 17
2 24 23 16
16 32 43 37
39 36 20 28
34 31 15 27
38 30 8 16
2 24 38 37
8 17 37 6
12 29 22 21
5 32 12 47
38 37 10 35
1 7 29 29
2 17 37 8
1 26 21 20
20 11 28 22
1 12 32 19
18 34 27 30
26 20 40 11
0 24 29 20
34 23 28 32
36 13 5 15
47 0 34 23
27 29 19 23
5 41 25 24
15 11 16 48
9 4 18 48
3 7 25 23
40 0 17 43
1 10 16 47
26 0 40 8
2 20 19 21
26 20 37 7
6 1 47 17
7 23 36 26
6 37 45 37
26 17 13 48
2 14 24 20
33 40 27 22
42 36 15 17
4 31 41 42
24 17 40 41
41 46 28 49
45 21 32 24
7 13 34 29
11 24 20 49
37 36 22 27
1 3 18 23
15 11 37 13
23 10 32 48
14 35 35 16
7 41 31 20
44 37 23 25
1 15 37 9
6 7 17 28
1 10 32 23
30 39 30 25
22 38 24 25
7 17 24 28
1 31 25 27
33 21 25 30
24 2 15 46
15 26 34 19
19 36 25 18
41 32 24 35
8 10 4 26
17 5 13 48
33 20 17 47
5 2 34 18
7 39 32 29
4 19 40 30
33 18 10 48
0 29 27 27
29 25 17 33
7 25 25 21
1 16 16 20
20 25 17 23
11 14 33 29
1 37 19 29
7 18 23 34
11 28 26 19
6 41 24 15
40 17 40 28
34 40 38 5
3 34 40 8
9 37 36 25
36 27 5 43
36 15 15 45
1 40 33 19
44 27 27 29
33 29 9 47
16 34 14 45
22 15 38 8
26 13 3 33
21 14 30 34
39 9 48 9
22 33 25 22
26 33 18 9
26 38 31 11
31 23 10 14
28 35 21 23
27 0 34 36
33 31 29 22
9 30 26 21
11 10 30 19
35 46 15 46
49 28 14 26
8 3 39 6
5 25 29 22
21 34 36 19
28 40 18 46
1 31 38 7
7 9 28 33
25 2 12 27
14 4 36 37
11 5 16 49
12 43 25 20
28 32 27 20
33 31 27 17
28 15 21 21
15 1 26 37
6 41 37 27
35 22 35 40
4 6 30 20
11 40 32 35
38 35 35 23
4 34 45 9
36 32 11 26
40 18 43 8
3 19 14 46
41 27 41 17
6 14 13 47
38 32 24 17
21 43 22 23
42 23 20 28
20 7 40 26
14 10 31 29
38 30 39 11
6 19 7 24
6 6 22 30
1 8 25 21
4 12 24 48
16 49 19 23
1 19 24 13
4 4 39 10
35 43 18 11
37 19 27 21
18 47 40 26
48 27 19 45
30 27 47 16
27 9 39 9
23 28 4 22
43 17 21 27
5 29 13 47
8 17 20 49
24 30 2 37
22 20 25 22
27 13 40 8
25 49 32 17
38 39 42 11
5 36 27 19
11 6 33 42
36 37 31 40
44 35 36 16
39 19 30 28
45 27 32 29
14 8 30 33
18 7 15 47
18 47 41 12
5 1 24 33
20 29 41 22
8 14 29 18
13 27 35 24
13 1 13 46
4 36 28 27
44 26 25 18
15 39 24 23
28 17 36 18
4 31 24 24
2 6 43 12
12 19 41 14
7 45 38 23
28 30 10 48
23 40 20 32
2 31 37 25
0 32 13 48
35 45 38 14
26 25 13 43
24 4 37 36
11 11 30 26
21 27 26 40
41 20 36 23
24 17 42 5
12 19 31 28
17 29 30 18
18 20 38 7
25 34 3 24
33 15 27 25
19 22 16 47
23 27 13 20
1 33 29 18
3 25 28 7
29 40 28 33
12 27 22 22
47 22 17 48
8 9 33 43
28 42 29 25
31 37 19 24
26 44 31 21
12 9 32 20
15 38 32 20
16 4 16 46
3 1 26 35
13 19 25 36
30 48 32 24
13 2 23 20
5 1 39 10
47 27 32 33
1 11 14 44
8 24 29 28
5 29 47 8
47 21 41 34
14 39 38 10
41 25 33 18
14 19 34 28
16 35 27 38
32 31 15 46
41 28 20 24
26 25 37 20
12 23 49 16
6 13 27 35
35 11 12 49
10 21 24 24
5 25 16 45
8 26 21 29
11 31 18 18
26 29 42 43
14 28 10 48
11 23 30 32
7 28 29 32
20 17 23 28
10 44 24 29
23 27 30 30
43 15 38 34
0 19 29 27
20 25 6 47
33 22 35 9
23 32 19 16
21 39 16 48
33 33 44 5
37 33 32 29
19 36 25 20
23 44 28 23
20 18 26 14
31 39 13 48
11 9 36 47
37 27 26 28
27 17 18 12
31 27 17 23
33 4 36 17
2 6 19 18
0 21 25 20
26 28 35 39
10 14 32 33
14 19 30 31
20 39 18 26
10 45 26 13
11 45 37 15
25 27 20 45
26 32 30 12
44 26 39 11
29 27 27 30
2 27 27 20
16 28 29 25
18 48 30 9
20 5 19 22
38 30 16 49
6 32 33 16
30 32 22 23
15 19 19 49
7 7 5 15
26 39 19 23
35 25 48 31
41 23 0 43
34 27 41 40
29 25 19 30
7 36 25 30
37 32 31 26
18 26 25 36
35 24 25 39
9 16 15 40
23 44 13 22
35 35 29 29
14 34 35 32
18 10 19 18
25 8 25 25
21 40 24 20
5 6 13 48
34 40 25 45
9 17 12 49
38 27 27 15
4 14 22 24
46 24 22 16
22 36 4 6
14 45 16 49
9 13 34 34
21 8 38 8
30 44 37 8
36 26 30 35
14 26 25 26
36 39 18 49
28 18 16 43
40 22 43 20
0 15 14 28
17 20 28 15
24 26 10 14
34 19 15 48
0 12 42 23
4 4 37 13
7 46 23 36
4 18 27 23
21 32 37 23
10 16 40 15
27 26 20 27
24 8 23 26
34 29 2 35
18 43 43 12
12 33 34 36
31 30 26 48
34 25 8 38
6 24 27 17
38 48 27 22
13 36 11 45
17 1 35 27
14 16 26 25
27 48 5 15
12 22 27 30
17 35 19 26
27 35 31 20
4 38 21 25
13 6 12 22
22 16 24 23
19 27 12 48
15 26 17 49
37 35 35 22
13 6 21 26
45 32 42 9
47 15 9 19
23 6 27 30
6 14 33 37
46 29 23 20
10 26 32 37
18 12 32 24
44 14 24 19
9 19 21 12
10 24 27 18
0 26 12 49
39 25 24 21
31 26 33 17
33 42 30 5
30 34 16 47
12 16 15 47
29 32 39 11
18 14 26 29
3 22 42 9
29 27 15 31
31 29 29 24
8 28 20 24
32 19 18 14
16 6 21 38
18 26 12 9
17 12 22 26
36 44 5 43
29 48 22 18
24 19 43 48
9 17 23 26
4 30 23 25
0 46 22 25
44 15 21 25
4 45 42 9
33 28 20 19
19 21 39 24
28 28 14 48
10 26 29 14
9 34 30 18
13 10 20 15
31 26 25 19
0 22 31 32
11 21 30 11
9 30 38 12
30 21 32 17
35 14 38 17
6 17 36 26
27 43 42 9
37 36 19 36
15 15 25 28
2 43 29 12
44 32 31 21
37 35 17 15
8 16 12 48
1 21 30 30
30 30 26 14
14 45 28 37
4 19 23 22
28 9 39 15
36 31 25 28
31 32 24 49
