50 61 11797 800
10 36 7 8
48 38 31 8
27 4 32 31
32 9 38 9
44 21 31 12
15 40 25 44
21 32 26 49
47 37 22 33
7 41 28 27
31 13 31 35
32 36 36 10
40 37 47 6
46 23 34 10
19 39 29 7
44 42 25 42
42 37 31 49
46 32 36 9
21 11 44 4
15 9 38 45
17 7 0 16
41 36 37 12
43 38 38 11
47 38 37 24
46 30 41 1
12 17 32 15
44 38 35 34
46 19 30 40
7 2 12 17
41 28 32 8
20 6 34 7
9 13 4 7
44 34 19 31
30 31 40 23
46 37 45 6
37 42 39 47
11 25 1 3
49 8 31 43
45 49 37 23
48 1 29 17
36 23 2 4
49 38 38 38
28 35 27 9
28 38 22 33
44 36 8 1
21 11 23 39
32 37 34 10
46 39 21 30
24 47 29 35
28 6 47 14
23 43 34 15
47 42 37 11
39 29 39 41
20 35 34 31
32 30 29 28
29 11 40 12
36 8 35 14
45 33 27 48
45 31 29 8
32 36 14 8
3 21 18 33
17 18 33 11
