50 895 12035 800
27 17 10 21
32 23 21 20
30 4 3 15
32 34 25 21
32 40 27 25
38 18 18 48
38 31 42 36
29 38 22 40
38 36 17 43
48 45 19 23
35 7 14 42
13 25 15 16
40 48 38 36
31 13 30 24
21 11 22 15
43 46 17 29
36 29 4 41
36 15 25 20
40 16 18 47
48 44 20 11
32 29 18 46
46 35 18 18
40 29 31 26
12 36 35 13
30 20 29 16
36 28 22 42
10 30 35 48
33 33 18 5
20 27 23 40
44 28 46 45
11 0 22 46
8 0 19 29
36 45 30 32
18 39 46 47
31 18 10 25
33 31 28 34
46 31 24 49
11 13 34 21
20 42 22 13
27 30 31 39
21 10 45 25
36 34 1 41
28 1 20 44
24 32 48 41
26 12 44 32
14 33 28 22
16 30 38 46
46 33 45 48
29 29 31 23
38 25 21 43
43 10 45 40
42 34 42 25
7 16 23 6
26 28 7 15
13 13 18 12
49 44 12 19
41 43 13 2
27 25 34 45
45 40 37 17
43 29 15 48
46 41 33 37
37 37 2 26
24 46 34 39
30 24 18 37
30 4 46 33
36 24 26 44
35 40 42 48
11 14 5 38
40 33 4 21
36 7 22 46
22 15 38 43
41 44 13 26
46 5 18 18
18 16 11 19
32 29 18 43
22 35 46 43
49 0 21 37
28 36 1 47
49 41 17 24
47 45 16 32
10 2 48 40
44 42 46 38
45 44 14 28
36 3 29 15
41 47 5 36
30 18 10 28
49 46 12 24
35 30 21 35
44 43 21 29
21 37 10 16
22 3 11 15
44 13 39 14
35 35 46 43
27 33 11 25
12 10 7 18
42 29 14 47
44 31 9 10
36 21 21 48
37 35 14 45
36 46 28 28
27 23 3 21
9 0 30 38
30 27 14 2
7 4 42 42
46 47 48 37
37 31 14 35
11 4 19 9
28 29 18 48
31 30 46 39
22 17 42 44
4 17 46 41
37 35 12 22
42 34 43 46
42 37 5 13
37 31 25 8
9 19 16 14
19 40 12 24
42 41 11 9
34 15 47 41
40 20 37 31
24 37 20 39
42 48 14 19
11 27 7 16
27 32 16 18
39 14 42 38
22 16 19 45
47 40 18 48
39 25 19 40
15 24 39 37
37 22 23 34
12 27 25 26
42 35 34 28
17 11 21 18
49 38 18 10
12 37 10 1
17 28 47 42
34 7 28 6
35 27 45 44
4 7 27 0
37 16 45 39
40 39 25 12
42 31 16 44
32 31 18 31
38 9 27 14
38 26 44 45
22 12 8 19
12 25 20 26
39 23 19 46
37 42 18 49
34 26 28 23
41 31 12 14
33 32 9 12
39 45 11 13
38 34 41 13
37 43 41 18
33 28 1 9
40 32 28 32
24 32 16 17
46 18 32 20
20 27 14 42
9 5 35 36
22 27 36 37
34 27 18 43
29 27 34 33
42 25 33 22
33 36 34 7
21 2 46 44
0 31 35 15
34 25 37 44
17 26 37 22
46 16 10 14
8 10 30 21
31 33 20 43
23 30 10 14
48 45 9 26
40 45 41 35
40 46 10 44
36 10 27 25
11 4 27 40
20 38 28 36
34 29 26 40
33 8 47 34
43 33 32 18
23 30 34 28
35 37 43 43
19 12 15 22
18 18 25 49
26 23 7 43
33 27 28 4
34 5 26 42
29 27 46 35
48 15 0 17
48 40 44 41
41 5 28 23
36 33 19 32
9 26 35 41
28 28 12 28
44 24 13 20
11 31 48 37
47 38 12 17
48 46 49 36
31 34 4 16
27 39 7 22
45 11 15 44
31 14 17 42
17 7 0 31
28 31 16 44
43 25 17 13
24 41 13 17
42 21 45 47
18 1 30 21
39 29 14 19
39 31 33 27
41 30 35 30
27 9 48 44
20 12 22 43
43 45 26 20
37 40 28 35
46 43 30 30
33 20 16 20
32 32 49 40
22 33 41 10
29 22 35 29
32 21 39 15
35 49 24 45
46 45 0 26
18 31 18 44
36 34 9 15
47 25 16 37
35 34 11 17
42 46 47 38
13 0 42 19
45 24 20 43
28 32 18 8
44 47 32 17
36 20 31 13
21 3 20 44
41 20 15 16
3 10 25 44
17 1 7 27
15 1 45 44
35 35 22 45
25 20 33 17
32 13 13 26
34 31 2 8
32 4 15 23
5 0 16 23
40 35 15 18
33 44 15 17
37 48 8 21
46 30 25 40
45 33 35 42
28 41 43 41
22 18 29 21
44 36 17 44
34 28 21 45
37 31 13 26
41 27 24 47
46 27 44 30
44 31 16 44
29 20 16 45
36 29 3 19
21 9 24 36
38 27 24 6
36 29 28 26
19 20 32 18
39 7 31 18
35 36 17 42
23 2 30 27
47 13 15 20
43 5 17 47
10 11 29 6
30 26 28 43
38 6 22 40
43 27 18 43
37 36 48 36
40 29 47 5
10 0 23 42
42 31 23 46
38 26 10 23
32 33 13 29
22 8 11 29
36 34 33 18
31 33 21 19
35 34 17 48
34 34 10 20
27 17 37 34
48 36 47 47
27 6 13 45
36 32 21 19
32 33 7 21
37 36 15 22
36 26 13 23
7 14 12 23
25 5 14 0
15 2 35 20
28 16 23 17
31 31 16 43
13 30 12 46
43 37 29 39
48 11 24 43
15 5 15 16
29 18 25 47
19 6 44 40
35 34 40 43
44 35 10 24
31 37 15 43
25 9 49 42
38 31 32 31
29 46 44 32
5 8 10 28
23 9 10 15
45 46 21 48
42 46 35 18
18 0 13 28
44 37 16 41
39 25 18 43
32 26 47 46
42 11 11 25
35 21 16 18
41 12 32 21
45 43 45 22
26 41 21 20
27 35 30 0
35 39 32 15
32 17 34 39
33 22 19 25
39 25 18 15
47 14 35 16
48 36 19 45
47 32 17 45
18 39 15 43
45 47 43 41
40 29 25 34
44 12 42 42
32 46 36 19
21 12 13 11
18 27 0 31
30 26 15 19
42 42 35 4
36 14 8 49
20 37 24 46
38 38 12 26
49 17 19 33
27 35 31 43
21 25 13 40
44 36 41 17
11 30 47 9
20 13 5 20
35 48 15 18
33 42 17 15
37 44 45 37
26 36 46 45
37 32 32 15
28 37 17 21
44 27 12 11
16 22 37 18
13 24 30 15
41 8 46 38
37 23 17 47
32 27 9 38
32 30 19 43
19 24 43 29
34 28 12 21
29 49 15 13
48 37 38 21
25 32 7 47
36 47 35 12
22 13 39 40
36 33 37 25
34 38 18 18
26 33 19 8
30 39 28 44
24 15 35 24
20 0 15 42
22 27 25 37
25 33 37 21
37 28 29 28
45 24 12 22
33 31 19 45
37 32 27 37
27 6 38 38
40 24 39 20
42 32 22 43
19 0 29 27
42 25 15 28
24 22 16 19
22 19 16 41
32 26 7 19
40 34 15 22
23 24 19 43
41 10 17 43
47 34 30 12
24 19 9 43
45 44 14 15
33 48 18 46
22 14 49 45
36 31 10 20
35 47 19 39
30 43 33 22
25 36 41 37
32 22 8 47
27 38 33 5
26 22 16 22
4 27 21 42
43 25 6 23
14 0 10 16
4 28 10 36
33 12 17 22
29 35 18 31
37 32 13 20
41 36 20 40
30 29 4 19
45 35 5 13
33 34 14 11
36 36 3 3
17 6 48 41
28 4 28 14
19 15 8 19
46 9 19 42
46 45 17 47
13 44 44 41
41 33 20 42
39 28 47 41
33 30 13 43
30 6 18 45
17 13 35 16
36 35 20 17
48 25 46 47
47 27 10 30
23 18 23 45
31 29 14 37
23 0 43 8
37 33 27 44
17 24 23 8
39 14 28 19
30 0 11 32
27 22 9 15
43 27 1 32
37 36 29 27
35 35 34 19
38 32 11 28
38 18 21 0
12 31 37 9
30 28 14 42
3 35 5 4
10 8 17 40
34 24 12 23
47 32 44 43
19 8 46 44
48 37 20 46
29 21 11 20
38 35 12 18
19 26 7 14
30 6 17 42
36 28 47 45
41 28 21 7
39 15 17 32
34 49 28 47
32 42 11 26
43 12 16 39
12 15 10 47
38 9 11 21
47 37 36 46
13 7 1 27
10 7 15 47
49 36 10 18
23 20 44 47
30 38 2 7
48 42 45 46
46 25 36 12
31 29 37 19
47 35 37 12
45 41 27 49
18 12 27 43
30 29 9 8
37 38 25 17
43 45 45 41
22 35 23 30
9 22 27 49
20 13 21 34
38 36 19 48
27 37 49 37
14 11 24 39
24 7 25 19
44 41 28 24
33 27 18 20
34 44 14 27
42 41 47 46
13 1 38 11
26 28 10 36
20 24 33 27
17 24 25 36
4 36 8 28
38 24 15 19
39 24 19 45
44 31 19 33
36 28 1 29
38 40 21 48
24 27 15 45
37 36 5 49
7 17 19 42
45 28 34 15
18 4 34 31
26 44 31 13
46 42 27 34
34 28 44 36
43 9 49 35
10 30 5 39
35 28 43 42
32 28 28 37
37 44 22 45
32 43 14 22
24 42 16 19
38 13 47 44
44 47 18 14
34 24 2 27
40 32 16 48
48 24 35 18
49 20 47 31
36 34 9 20
35 25 27 32
45 36 4 31
27 34 26 40
27 29 45 43
37 19 17 7
18 33 17 43
48 46 17 18
45 31 26 9
36 38 12 6
37 28 34 15
23 0 17 7
11 26 16 20
44 45 9 16
29 13 22 6
45 44 5 35
37 28 49 45
48 16 34 13
15 13 8 15
16 6 49 40
24 24 32 16
43 42 33 32
44 37 14 24
20 24 17 16
33 30 31 33
25 7 29 42
28 26 23 35
35 43 44 47
24 31 23 42
28 39 22 43
49 33 43 40
12 11 24 16
40 18 40 49
39 27 15 46
33 23 11 48
41 8 47 38
37 49 29 2
20 22 14 22
20 16 14 23
41 44 36 17
30 16 18 40
12 5 41 22
32 25 18 39
34 22 37 35
24 14 21 46
38 23 49 13
22 2 18 39
11 11 20 44
20 43 12 21
48 47 28 19
44 11 11 37
40 30 16 41
20 26 13 20
38 30 2 8
33 9 23 3
41 13 46 31
34 37 6 14
25 35 11 19
27 8 36 17
4 2 32 13
23 14 34 48
31 41 17 44
30 20 24 16
23 9 17 43
19 1 35 17
32 33 19 44
35 31 46 43
21 17 23 36
19 8 29 29
38 43 49 46
49 41 20 48
37 7 48 12
31 21 12 12
13 0 26 48
38 27 35 16
43 46 13 20
21 48 46 46
31 37 31 23
27 5 18 47
35 32 17 45
18 23 25 49
31 35 34 7
31 34 48 42
36 42 42 33
32 35 45 43
18 32 27 27
38 8 26 18
36 35 27 12
28 37 37 24
35 29 32 24
3 1 15 45
36 28 10 26
44 35 10 26
39 42 21 21
37 49 15 46
33 36 43 15
48 40 19 12
41 35 14 16
47 25 26 34
20 11 43 43
18 8 30 23
21 0 11 19
34 22 29 27
40 41 25 16
16 4 21 28
12 8 25 21
5 7 10 9
43 36 22 45
41 43 11 41
39 49 21 43
15 2 13 22
35 29 14 45
39 0 10 33
45 34 20 39
15 3 20 45
24 15 8 23
39 39 21 6
38 45 32 1
28 40 14 22
41 27 9 17
24 24 7 19
48 35 15 23
19 10 44 38
37 34 23 43
19 11 21 45
33 30 17 44
10 25 30 44
29 24 34 16
13 15 19 48
17 40 5 23
39 16 18 48
39 33 16 46
25 4 28 45
1 30 18 44
14 10 16 5
22 21 30 17
39 27 36 20
32 37 9 16
32 24 21 32
45 22 13 13
18 17 44 38
43 34 11 9
45 39 46 43
36 30 13 1
23 29 29 14
39 30 19 37
44 30 30 21
22 14 31 46
36 25 8 11
30 42 22 19
27 36 32 20
39 34 5 16
48 47 13 21
14 33 17 44
49 37 3 17
14 27 29 22
42 39 5 25
40 31 11 23
10 13 7 18
37 42 33 19
20 8 6 20
46 45 27 13
39 33 17 39
39 43 37 20
37 44 36 27
26 10 23 44
24 18 25 1
42 37 10 19
13 27 17 46
30 26 15 20
26 39 15 45
22 20 10 25
21 9 17 38
24 35 28 40
31 30 21 17
31 22 49 20
37 24 38 42
35 48 42 33
42 28 49 46
43 31 21 11
12 16 43 38
47 35 45 44
5 9 9 18
41 17 16 42
39 40 41 47
13 3 39 25
34 26 34 13
28 15 0 22
37 23 18 45
10 17 46 41
46 27 21 43
46 15 17 2
21 38 9 23
21 15 30 20
44 33 23 37
26 35 17 22
28 41 26 28
21 17 22 7
41 28 47 40
20 10 1 25
43 46 10 20
43 18 29 29
39 25 39 41
12 1 22 45
47 41 7 37
44 27 39 17
21 23 32 24
32 33 47 16
14 4 3 45
31 23 9 24
17 9 12 20
10 37 29 21
7 5 42 30
48 2 8 17
49 43 29 41
45 34 16 17
34 41 16 42
23 33 20 44
43 36 13 11
21 25 32 16
38 15 19 43
45 11 6 48
17 24 11 19
34 47 19 35
40 48 46 39
30 34 16 39
41 30 49 43
35 38 37 19
35 0 32 15
34 36 19 44
45 44 5 37
22 34 36 36
34 9 34 25
42 32 16 21
49 39 42 13
48 38 6 19
10 2 16 42
42 14 25 49
28 26 2 31
36 33 48 39
31 0 11 15
31 28 17 42
28 5 39 1
23 1 9 24
46 18 26 24
24 30 16 29
34 33 32 17
34 26 13 10
34 22 11 7
28 15 11 29
31 6 38 41
31 21 14 43
33 26 15 45
44 39 25 48
35 23 30 22
40 17 8 36
38 27 28 23
21 13 23 44
35 35 37 30
9 3 33 4
12 23 6 15
33 28 1 13
9 26 37 22
33 2 9 17
37 19 14 29
48 34 42 37
25 14 9 24
32 4 30 31
32 33 18 35
32 31 44 37
42 8 25 24
19 8 6 45
36 17 1 34
13 29 21 22
40 45 19 30
39 42 22 45
41 32 17 49
31 8 19 25
46 37 33 22
34 13 17 22
32 24 2 11
16 30 17 10
28 43 18 42
41 20 22 47
34 24 0 15
17 4 15 46
30 22 2 28
38 32 16 37
41 31 37 45
13 2 28 31
33 43 23 31
33 31 19 44
12 34 40 7
48 41 27 2
37 39 48 35
44 17 47 38
11 21 45 3
28 1 30 22
42 42 47 41
20 0 16 22
22 20 32 43
45 36 21 42
46 2 6 6
37 34 12 20
43 36 11 22
26 32 32 49
41 30 16 41
38 11 24 11
28 7 41 34
19 10 0 27
23 4 34 17
15 6 9 25
49 30 32 14
27 23 10 4
44 29 8 28
47 43 21 29
19 24 15 40
21 16 20 45
44 33 4 34
30 33 14 24
15 0 13 17
26 15 34 0
17 22 19 40
49 36 26 45
38 48 9 21
43 34 49 41
38 30 46 41
35 24 30 5
39 27 17 18
17 11 6 23
8 0 15 23
25 23 33 46
40 17 16 12
40 20 10 26
28 21 35 42
41 32 18 26
35 31 1 33
34 35 42 18
32 35 8 24
46 34 4 20
46 35 19 43
28 21 21 46
13 13 23 28
28 30 32 48
36 33 47 32
35 26 25 23
8 7 48 40
46 12 45 38
37 34 19 44
20 27 3 28
21 6 14 45
40 16 37 2
29 42 34 19
39 20 10 29
37 4 20 44
40 31 9 33
49 42 43 35
37 33 9 38
42 24 48 40
35 36 16 40
36 34 18 38
45 36 19 19
36 27 33 19
13 28 28 49
38 13 35 19
34 21 20 43
45 28 49 38
7 3 10 15
42 29 46 36
31 21 9 40
35 0 45 39
11 12 44 39
19 25 47 26
27 25 18 43
32 40 23 31
