50 230 16556 800
3 28 35 28
27 45 39 31
34 36 16 33
47 30 34 10
24 12 33 31
41 31 34 38
17 29 18 48
40 29 21 47
38 36 15 46
1 32 47 13
31 19 32 49
30 14 23 3
26 10 23 40
4 33 43 35
40 35 14 44
24 12 43 27
27 14 29 30
29 4 41 34
9 3 34 37
24 39 47 29
40 6 15 19
25 13 1 23
43 7 16 14
47 38 31 27
25 18 18 32
34 30 10 37
26 7 44 32
41 39 1 40
30 15 40 28
34 9 45 8
29 10 18 33
20 37 43 11
12 15 39 30
18 3 17 14
29 9 42 31
29 13 16 42
7 17 30 44
11 9 32 19
5 29 17 42
29 3 4 30
41 9 36 10
8 36 14 19
30 12 49 27
33 36 29 34
36 28 34 32
27 14 18 7
30 12 23 48
29 32 39 5
37 36 16 16
35 28 36 36
12 43 2 28
30 10 44 38
38 31 30 19
31 5 34 38
38 35 40 32
38 36 41 22
30 13 37 28
49 13 23 6
33 33 10 12
16 45 49 16
24 17 47 14
10 17 33 7
42 7 29 26
46 8 22 33
27 12 42 7
26 13 35 34
15 0 20 22
48 15 23 38
7 25 13 17
15 32 8 17
41 37 21 15
34 19 19 13
29 13 0 18
38 36 43 7
41 29 20 47
29 13 40 28
34 38 38 37
29 16 5 21
27 16 0 11
36 35 4 27
42 5 9 24
19 47 22 31
40 15 9 23
41 34 32 33
37 41 0 14
38 32 36 37
27 6 24 4
40 35 24 13
23 12 41 0
7 43 31 42
31 19 39 35
37 34 13 1
27 13 42 25
40 9 35 7
26 16 27 48
30 14 46 28
41 33 39 18
47 10 15 24
31 20 16 26
37 31 7 31
38 27 22 26
4 8 35 14
25 13 39 32
13 14 2 19
33 12 15 46
24 14 15 30
30 13 41 32
31 28 15 22
35 35 43 18
21 1 34 34
40 34 1 29
26 14 18 33
37 32 3 19
38 45 20 29
49 19 46 36
20 2 10 36
18 0 40 33
28 33 38 9
4 23 37 15
40 26 18 4
31 16 46 22
48 6 40 31
26 9 46 13
9 25 44 31
20 9 38 31
38 35 28 10
38 27 25 7
47 10 43 15
0 6 23 6
42 5 38 0
38 32 4 3
43 30 39 31
39 36 43 37
26 9 2 24
16 42 34 22
40 33 8 30
27 17 5 26
0 11 15 16
10 7 12 16
35 16 5 22
3 15 45 29
25 37 40 30
4 13 9 32
36 32 32 28
30 39 41 32
31 16 42 1
20 15 17 28
37 35 27 18
23 49 25 6
24 17 39 13
38 29 30 27
26 14 3 5
16 11 15 5
40 28 35 36
3 15 40 32
25 10 49 4
6 25 35 17
16 24 13 33
38 1 29 44
39 27 37 21
26 15 8 26
36 39 43 16
49 18 38 25
29 16 5 7
46 33 39 30
26 45 43 26
42 39 36 25
23 13 24 42
24 0 34 5
31 31 40 28
39 33 17 19
14 29 10 34
42 14 18 8
36 30 24 49
40 41 49 24
11 3 25 26
39 34 46 16
22 37 43 15
32 36 7 42
29 26 8 10
46 12 11 28
33 31 37 11
32 18 24 49
24 12 31 41
44 33 23 31
31 30 36 3
6 25 31 12
15 16 32 11
42 39 19 44
27 16 45 16
35 41 2 27
7 8 18 37
7 17 24 3
28 11 3 35
20 10 43 31
23 16 6 34
28 10 34 33
26 15 44 14
19 2 16 29
37 35 32 3
40 37 25 48
34 36 27 9
42 36 12 14
14 27 30 47
19 22 39 29
8 5 42 29
46 18 13 7
38 36 48 3
34 36 16 29
28 11 49 22
2 10 21 33
39 38 29 16
25 13 19 35
6 20 2 30
37 36 26 31
43 22 45 35
40 36 41 25
38 38 22 11
27 15 3 16
30 13 27 32
13 31 33 9
30 11 18 4
28 10 48 3
29 11 23 18
24 16 38 26
42 10 38 16
8 5 30 22
40 31 31 7
41 24 15 29
23 11 9 40
