50 355 16413 800
27 29 19 25
26 28 22 27
15 28 24 23
16 15 39 21
22 5 38 24
40 24 27 5
45 2 39 0
1 10 26 25
31 4 5 37
27 2 23 24
14 29 10 19
7 39 46 40
45 36 9 32
18 46 1 35
38 36 21 34
12 12 49 1
37 25 19 28
35 31 48 14
29 30 6 23
21 10 20 20
9 40 25 29
33 25 19 30
30 32 14 27
37 24 44 5
7 8 25 21
27 35 45 8
36 15 6 23
31 8 44 49
32 8 14 23
45 33 20 39
27 24 22 30
19 12 37 15
20 28 33 14
20 24 19 8
39 34 46 11
38 33 36 26
36 6 25 30
29 26 7 42
17 6 23 7
0 40 41 20
27 39 12 21
29 4 35 15
47 22 18 27
29 5 38 3
33 9 21 25
12 14 19 29
31 6 5 19
25 23 44 0
24 18 10 21
38 37 20 31
24 25 21 1
12 19 48 49
23 4 1 35
18 21 45 8
37 16 22 23
17 37 14 28
7 38 39 6
17 31 39 21
41 28 47 26
40 30 23 36
12 31 32 23
26 5 41 14
36 44 29 44
27 32 12 17
31 28 27 6
24 35 27 5
10 38 32 23
29 17 16 43
36 32 43 6
41 16 20 26
29 10 48 45
26 5 41 46
31 37 7 41
17 27 8 43
27 35 31 28
13 21 7 39
34 11 37 17
32 26 39 32
21 27 30 6
33 25 25 36
27 11 20 6
26 0 7 41
33 36 20 2
22 5 25 8
23 20 23 27
24 19 13 19
46 38 49 16
31 12 22 27
32 32 20 32
12 29 22 6
42 30 13 24
22 26 35 13
13 41 36 20
26 43 48 40
22 21 36 40
30 40 7 42
35 40 45 20
11 38 7 30
33 7 35 37
19 22 39 11
32 42 37 11
27 37 9 32
31 39 27 23
11 18 22 36
31 22 8 49
28 27 49 15
6 23 49 38
5 21 8 34
18 20 5 18
4 30 44 32
25 27 46 17
21 38 14 32
22 6 6 19
24 25 25 30
35 0 23 21
32 3 18 32
10 20 39 15
40 18 48 6
28 15 27 33
41 25 27 36
1 25 8 18
30 11 47 10
39 22 40 14
3 36 20 20
24 24 45 21
5 32 40 20
32 3 1 43
29 4 27 39
31 8 34 15
37 25 48 44
25 18 32 10
34 30 33 2
16 2 2 34
33 0 46 5
37 29 8 40
35 10 21 39
6 0 18 26
35 4 10 10
26 5 42 8
21 19 19 45
29 0 39 12
22 24 23 6
19 28 43 6
29 0 15 6
24 3 14 25
15 5 45 8
30 41 4 22
18 28 23 26
13 10 27 28
31 36 46 40
33 18 26 15
23 42 8 47
0 27 19 3
1 18 34 42
27 20 6 38
9 30 28 2
16 33 14 28
23 36 22 0
42 31 46 4
34 23 44 9
35 31 38 16
35 44 4 6
25 1 17 13
19 10 2 39
38 28 7 47
13 26 47 16
14 49 6 32
33 30 26 30
32 30 32 24
35 10 32 39
21 25 16 3
4 16 4 31
18 33 36 16
20 7 30 25
23 11 20 29
23 33 23 1
44 18 17 23
11 32 8 40
29 7 36 27
39 23 20 11
13 15 44 9
22 29 46 44
11 21 4 12
25 4 46 5
21 25 28 12
32 6 14 11
28 0 4 23
21 46 10 14
30 43 33 11
19 18 16 16
25 17 39 17
14 27 26 31
22 41 2 34
28 36 17 23
20 14 12 41
1 15 38 18
39 3 26 33
20 13 4 32
30 8 10 6
29 44 32 20
29 36 27 10
36 21 37 9
38 5 44 13
24 22 43 15
20 9 7 39
33 19 4 15
20 19 6 33
32 23 19 26
23 1 44 23
9 20 4 45
26 1 36 16
20 22 3 12
18 17 28 22
32 30 11 39
38 36 2 31
28 7 36 18
33 29 42 2
32 23 24 23
25 26 0 35
26 33 9 35
33 40 48 33
40 11 25 30
16 15 4 46
35 25 29 49
8 17 43 12
43 33 22 16
7 33 49 1
12 44 10 19
29 6 15 24
32 35 30 21
26 5 30 28
34 20 21 17
6 20 49 48
25 9 24 35
32 34 2 40
31 9 46 25
16 23 22 32
25 25 22 29
29 16 17 0
11 17 41 4
8 46 39 25
11 19 39 25
10 41 0 22
7 15 41 13
28 4 30 21
7 20 27 30
30 36 27 28
39 34 22 35
40 30 29 22
37 34 2 40
12 6 40 25
26 2 48 19
30 3 48 26
9 16 13 41
9 27 46 20
20 33 29 25
34 27 35 18
38 42 44 31
17 24 41 17
40 25 28 28
34 4 44 39
14 8 14 19
37 13 49 29
21 27 13 20
18 19 41 12
7 41 29 23
31 25 40 7
42 37 34 26
28 6 27 21
35 10 21 35
31 18 26 33
17 19 37 8
38 31 1 47
27 39 29 14
38 24 11 29
31 4 25 22
33 8 0 43
15 35 24 28
16 9 11 15
30 12 17 32
35 1 32 21
10 26 24 25
29 2 34 7
35 0 19 20
24 44 23 26
34 9 0 41
26 38 22 28
1 25 29 32
24 35 23 10
37 23 18 23
30 8 39 13
30 4 23 26
20 7 22 35
13 29 34 12
34 36 12 48
33 39 35 29
21 31 46 20
25 33 46 49
25 10 20 5
46 30 47 12
29 13 3 28
31 21 43 20
6 28 0 41
29 1 12 14
34 16 45 8
25 27 49 12
37 32 42 13
13 23 25 4
35 20 20 15
22 32 7 13
34 33 48 39
30 5 10 9
34 28 38 22
31 26 27 34
11 23 21 31
40 30 45 4
23 0 22 26
19 17 21 24
16 15 49 47
18 44 43 18
7 27 32 5
25 12 9 18
21 30 40 0
35 18 26 21
29 33 27 24
16 14 16 5
34 28 34 23
44 30 44 4
30 8 7 9
10 33 1 47
36 23 6 37
6 33 11 26
37 0 34 13
32 22 43 34
38 2 6 16
5 9 26 23
18 37 39 1
32 1 29 8
16 12 0 46
31 6 24 4
34 29 36 44
48 35 20 35
36 6 40 26
39 44 20 36
36 28 7 49
26 37 41 24
10 29 26 17
22 28 32 7
19 24 24 25
28 5 32 20
10 13 37 16
40 7 46 42
17 24 39 38
15 19 28 36
20 8 17 18
