50 1477 17548 800
12 20 37 14
3 37 28 28
29 18 17 22
18 47 25 34
45 28 27 28
26 28 42 30
6 49 2 17
29 36 15 10
31 27 43 18
48 31 42 6
47 3 39 8
32 28 39 17
27 17 17 20
30 36 42 11
26 27 25 36
30 3 38 36
35 8 33 18
26 43 48 18
13 40 29 38
26 12 45 10
33 43 44 35
25 32 49 35
14 31 35 23
17 16 17 1
13 41 36 24
5 6 19 35
23 23 31 19
4 39 49 24
31 34 40 39
27 33 34 34
31 46 20 26
39 22 39 36
25 38 44 23
13 46 44 15
15 4 42 36
24 20 44 48
38 14 42 37
27 43 39 2
32 47 35 22
24 24 20 45
39 12 40 19
4 10 35 36
24 25 18 43
27 28 35 27
46 14 27 42
27 25 20 21
45 17 31 18
20 25 31 21
34 28 48 12
42 43 46 3
22 30 39 17
28 41 37 45
23 25 39 26
13 46 42 45
46 32 42 15
31 37 38 29
43 27 12 16
38 10 34 5
30 25 13 15
15 47 46 2
26 26 42 27
10 47 33 46
27 2 45 16
43 27 36 11
29 30 42 16
29 24 45 0
46 2 42 30
33 31 6 10
49 4 47 17
48 38 41 27
22 35 35 42
28 27 20 22
30 26 36 25
24 26 32 13
38 24 31 31
13 16 35 42
27 14 33 0
48 15 22 15
34 23 23 13
23 28 43 40
25 30 32 38
17 41 16 29
40 4 40 26
33 28 29 20
31 29 42 27
24 29 45 27
23 46 43 29
22 38 39 36
28 7 42 6
25 21 37 37
31 14 39 29
24 30 7 4
14 23 46 24
11 44 44 39
25 22 46 30
49 10 42 16
31 2 31 17
32 26 39 0
37 23 35 47
27 30 21 27
27 25 31 29
39 7 5 2
11 43 43 2
37 13 38 38
32 3 32 31
25 12 39 27
24 12 45 21
16 35 19 31
31 25 32 18
2 49 45 25
23 33 35 20
48 12 29 18
24 36 28 16
23 23 32 34
10 17 42 11
31 28 45 32
37 10 3 22
29 37 30 22
22 39 46 41
44 4 33 39
24 47 43 36
33 29 38 39
44 33 30 19
20 24 33 22
6 47 24 30
28 31 44 40
29 31 42 44
36 10 28 10
23 14 39 37
48 13 34 21
46 16 34 38
28 27 47 23
47 42 1 47
21 25 47 32
36 1 34 33
30 10 35 2
21 49 44 35
34 25 3 24
31 40 39 1
26 29 35 33
19 39 26 4
26 37 40 27
34 20 36 38
6 43 39 39
23 15 43 40
37 30 29 6
39 22 10 22
46 22 37 19
39 17 0 15
30 17 31 11
22 23 12 18
27 41 40 35
32 37 35 39
36 18 33 35
28 31 47 5
38 28 12 10
20 16 28 28
30 6 48 35
6 11 48 36
40 22 27 20
23 24 36 24
13 43 30 7
34 5 37 41
28 32 33 31
42 34 40 40
8 24 42 24
23 28 45 1
24 48 31 15
3 40 36 22
29 14 35 38
21 13 33 24
29 22 33 12
35 28 37 32
22 49 29 32
44 2 32 28
27 14 38 20
26 15 13 32
37 12 31 15
28 31 7 4
29 30 40 1
38 32 33 32
34 20 36 41
16 33 41 10
22 24 37 35
14 46 32 13
29 8 39 29
45 18 47 14
30 21 39 48
34 30 36 37
26 28 32 37
25 26 42 3
27 12 44 5
43 16 36 15
28 17 30 22
34 22 43 34
34 8 43 5
14 38 46 28
9 47 44 43
48 2 26 19
32 6 36 16
39 32 23 26
25 11 35 27
35 21 16 25
19 22 43 36
35 14 43 4
20 33 33 11
18 10 16 25
37 6 38 36
23 20 42 34
38 20 45 18
47 15 10 26
43 13 43 4
29 27 42 25
26 19 40 35
45 19 48 17
1 10 35 24
44 28 41 2
25 28 43 24
39 34 28 16
33 14 40 38
5 28 43 24
10 15 40 33
28 29 25 16
47 7 37 29
19 39 37 37
27 37 43 45
29 31 21 12
43 27 42 13
28 32 17 44
29 21 36 38
24 17 36 33
34 21 37 45
31 45 25 8
25 25 48 5
16 46 38 35
31 28 42 18
18 41 24 20
38 26 10 22
31 41 23 23
25 26 37 32
43 15 37 38
7 37 38 22
32 20 36 37
22 27 42 9
44 28 45 9
43 12 33 20
23 22 35 17
23 32 36 25
27 12 37 36
34 47 32 5
22 7 31 23
34 8 41 30
28 45 14 18
2 13 43 23
37 14 28 0
29 26 46 13
35 18 40 24
21 15 33 37
8 17 7 33
16 49 19 8
32 21 28 27
19 47 35 16
26 33 40 39
45 16 3 8
30 14 42 14
18 36 3 22
27 28 32 22
18 42 16 23
9 35 46 9
40 16 14 5
38 27 22 21
29 13 35 38
33 20 8 31
28 8 29 30
30 33 40 27
36 36 48 40
28 25 45 33
32 24 29 30
14 8 43 41
17 44 44 40
31 16 46 1
30 41 15 32
31 15 1 33
41 31 37 33
29 32 37 3
41 25 43 20
36 17 1 32
34 44 38 20
26 13 34 25
31 28 33 19
29 4 29 22
42 20 37 24
44 20 35 29
39 25 42 2
34 17 6 28
31 23 36 36
13 37 25 30
21 30 45 30
24 27 36 39
48 27 16 23
34 38 42 19
18 23 41 5
46 1 23 19
35 7 26 41
41 2 30 31
29 32 38 38
32 27 28 41
38 28 48 39
15 39 41 36
35 19 14 46
44 1 40 34
20 18 30 15
36 45 34 24
29 18 24 17
32 38 38 34
25 27 40 34
14 37 33 25
20 45 30 33
26 17 37 41
18 40 40 34
21 23 32 30
24 23 29 13
25 17 27 35
16 43 15 16
30 18 37 25
32 37 35 45
13 38 32 35
35 19 30 20
35 21 43 29
45 11 41 38
2 46 43 37
48 23 30 26
29 5 4 3
25 27 35 44
30 22 9 23
34 42 42 30
11 40 39 18
11 36 33 13
43 11 16 25
40 13 19 31
18 11 43 6
38 12 36 4
27 31 37 45
41 1 36 41
16 49 37 23
9 11 26 19
49 7 24 25
17 45 40 31
32 38 36 31
49 14 29 25
34 22 40 42
31 17 44 31
23 22 32 18
15 45 42 29
31 23 6 39
23 46 40 36
41 44 48 35
25 23 23 10
33 18 27 12
14 18 12 15
41 21 35 12
43 11 49 23
37 23 25 35
31 32 28 23
30 26 28 19
28 27 42 38
38 16 36 8
22 22 37 35
44 21 38 9
14 46 17 29
33 27 24 23
44 1 48 42
23 20 43 33
22 25 23 42
41 9 28 21
31 27 42 0
11 39 18 17
11 46 43 27
37 19 12 34
29 34 28 19
33 12 20 8
32 30 37 37
20 41 31 36
17 28 41 35
27 27 33 23
25 20 34 21
35 24 31 36
30 14 38 11
32 16 47 46
23 18 7 28
35 14 47 36
46 9 34 6
43 21 42 30
48 28 31 38
44 12 26 39
18 43 38 18
33 2 36 16
33 20 32 26
48 6 36 44
16 39 39 25
43 33 0 4
17 39 29 18
36 6 33 17
42 3 36 35
7 47 34 39
28 23 43 22
30 22 49 0
29 23 12 20
26 33 22 15
37 15 12 29
26 28 8 46
40 11 41 40
31 4 23 15
6 40 11 32
28 19 33 22
24 30 39 35
22 34 42 4
31 28 27 37
44 27 0 18
26 37 15 10
22 16 29 14
23 41 25 31
25 21 29 9
6 43 10 16
30 8 47 0
25 30 26 18
47 33 42 1
28 28 18 26
41 27 39 11
39 12 33 20
11 40 15 24
23 15 2 22
14 28 21 5
24 2 20 27
39 27 42 36
8 37 16 19
42 14 21 15
27 19 23 17
24 25 39 25
22 27 11 4
26 1 33 4
29 26 13 25
32 48 44 40
33 16 7 19
33 26 11 32
34 24 38 38
24 22 29 37
49 17 28 13
18 31 20 16
2 48 41 36
15 32 30 11
29 36 45 12
26 27 22 15
19 29 20 4
29 35 32 20
21 46 20 27
26 23 39 21
45 0 38 37
10 46 33 31
29 32 37 17
35 21 31 14
18 20 28 14
36 14 44 43
7 5 42 35
26 28 41 39
41 15 34 22
16 46 44 15
30 32 28 22
28 2 19 41
12 44 35 33
39 4 48 3
31 32 39 39
29 35 35 32
21 31 47 43
21 48 23 10
29 28 46 43
24 26 42 13
32 25 36 35
29 29 39 33
22 21 40 38
23 22 41 17
28 25 34 42
23 48 33 12
33 22 37 13
9 32 41 38
32 16 37 31
32 13 20 15
27 25 34 36
26 22 31 12
33 8 42 40
34 9 6 19
30 17 39 36
24 18 14 0
7 35 28 23
26 26 42 5
42 4 22 20
26 10 35 32
26 40 48 47
27 9 40 12
48 3 40 32
41 38 38 1
40 27 35 21
45 31 42 37
27 31 45 29
34 15 19 1
10 30 43 4
28 0 36 15
31 2 46 32
41 38 39 33
28 39 38 40
27 31 4 22
34 20 37 39
24 29 21 35
34 14 26 15
17 41 24 6
23 42 30 12
21 17 38 36
19 26 42 2
26 31 18 18
23 17 38 4
33 42 45 36
17 23 34 9
41 5 35 23
18 20 36 34
33 32 31 28
9 40 11 30
34 29 36 10
31 26 44 7
29 17 33 21
30 16 31 7
23 49 38 33
9 19 46 2
31 33 26 3
20 23 37 16
31 6 48 6
47 15 34 33
37 17 45 33
33 12 41 7
18 49 41 21
19 41 24 18
33 28 41 40
46 48 42 22
28 32 45 26
27 15 31 14
36 17 22 13
25 25 38 33
48 3 24 15
18 47 47 38
45 8 42 40
4 15 18 31
29 29 17 41
31 17 38 25
29 7 26 29
26 26 19 18
29 26 32 6
44 11 27 19
24 17 25 13
39 34 35 37
39 31 15 5
45 7 40 4
45 20 44 2
29 28 43 2
9 9 23 25
29 42 40 46
17 45 36 32
20 18 40 3
41 19 17 5
2 9 18 45
29 33 17 24
26 29 33 16
42 17 18 12
30 25 43 16
43 25 26 1
27 25 11 32
22 30 39 42
19 47 41 6
34 6 46 21
19 45 41 12
38 19 42 39
36 24 38 38
34 32 26 15
12 40 43 16
12 31 41 10
49 20 40 33
29 14 39 3
49 18 45 19
37 18 38 34
12 40 41 21
26 36 43 37
35 34 40 31
42 27 35 20
22 28 47 4
29 9 28 18
20 46 0 45
21 30 32 38
44 9 40 20
34 24 10 30
34 33 30 34
25 48 49 40
26 16 26 21
28 28 36 49
30 40 20 13
24 32 35 21
48 6 38 6
18 43 43 37
32 19 47 17
36 27 38 36
41 0 49 5
30 7 38 31
31 11 39 20
35 21 37 36
6 8 37 39
22 13 40 29
41 27 42 40
36 27 28 40
45 14 25 33
27 29 32 17
21 33 27 8
23 21 36 20
46 12 46 30
12 47 30 25
34 26 29 19
16 25 36 36
28 17 41 6
25 34 40 6
32 27 12 27
35 8 36 39
27 28 43 42
41 24 22 11
41 1 38 40
45 15 46 47
29 15 24 13
22 35 25 7
37 0 16 33
44 23 44 14
31 38 45 2
36 33 12 7
43 8 11 6
28 24 15 11
30 23 48 4
44 6 40 36
16 24 35 35
35 32 39 20
13 6 37 37
35 5 25 19
43 22 38 27
21 16 37 40
10 39 39 21
29 40 2 32
28 21 20 17
17 26 34 36
31 38 34 32
26 34 37 38
10 11 17 14
36 2 40 32
22 11 27 7
24 26 39 27
33 26 40 8
44 35 40 25
42 22 40 45
42 42 26 26
5 38 39 9
40 18 41 47
6 18 45 14
5 8 28 21
27 43 47 1
32 37 42 24
26 29 35 16
31 28 14 18
13 45 30 33
34 47 40 9
39 15 38 38
27 43 42 39
39 44 2 13
30 32 39 28
22 42 36 24
23 20 32 22
32 6 25 15
30 26 31 15
29 26 33 30
27 38 48 13
25 20 21 19
28 29 7 25
36 11 16 16
27 23 38 27
49 5 36 26
29 14 30 38
36 24 40 33
42 8 8 24
12 43 24 17
33 23 29 19
34 33 48 33
35 1 22 12
30 32 27 7
33 26 31 37
29 17 19 26
20 26 19 33
45 10 19 35
31 13 31 18
46 20 44 14
2 10 39 28
11 42 39 44
18 40 45 17
21 0 24 26
49 0 47 9
31 38 43 29
34 22 47 40
26 19 25 8
37 25 39 30
46 12 24 31
36 10 36 19
40 18 7 35
40 38 45 31
30 49 9 17
12 45 36 30
12 38 29 28
28 8 17 40
41 5 34 29
22 22 47 17
7 44 13 3
18 26 22 20
16 11 16 20
38 15 33 10
37 4 24 35
30 28 44 27
45 19 13 21
21 29 4 3
38 25 13 23
25 19 15 39
3 27 16 26
39 1 23 8
35 31 35 37
31 19 34 28
45 18 26 27
36 2 7 13
29 24 41 42
16 15 39 37
33 29 45 46
30 12 21 31
20 30 41 40
28 20 41 27
43 7 40 37
33 41 39 39
47 23 38 13
2 0 33 17
18 23 29 33
24 26 40 35
26 7 19 9
39 14 19 9
34 24 30 33
18 33 2 25
16 39 38 19
41 16 43 24
17 42 16 23
37 23 39 43
28 30 37 23
33 16 36 38
35 46 38 24
17 40 29 16
34 18 30 19
22 30 12 4
33 34 40 35
29 31 38 41
5 46 48 6
31 20 27 24
22 17 37 31
15 48 25 20
22 29 11 17
11 24 39 33
36 26 27 23
39 6 38 36
32 29 35 41
18 31 28 14
25 18 47 42
40 36 41 30
29 36 45 23
40 2 42 19
28 31 43 41
0 38 12 41
33 24 33 29
15 17 18 7
45 0 22 19
35 9 12 21
31 26 34 24
0 44 10 12
26 15 39 34
32 37 41 11
21 24 22 45
30 25 42 39
32 19 41 30
38 2 22 8
28 47 27 5
39 13 11 19
30 23 31 33
26 18 37 32
24 23 3 2
30 20 15 29
2 45 38 10
30 20 46 15
47 17 37 13
32 39 33 10
30 23 34 19
11 41 47 23
48 2 24 25
25 27 41 35
46 17 21 11
17 44 25 8
26 21 43 34
25 19 39 1
37 26 11 33
9 39 18 22
34 14 41 7
45 9 9 30
35 4 32 31
37 22 29 17
27 21 39 18
27 5 31 7
36 7 40 32
25 31 36 4
20 31 46 7
30 25 42 38
27 22 36 32
31 45 36 42
37 2 41 36
40 15 28 21
25 23 37 29
20 14 30 13
29 37 18 18
35 27 43 0
15 44 32 10
22 27 44 2
47 30 28 31
33 19 47 20
26 7 28 26
11 45 9 27
30 28 14 37
25 27 39 10
35 25 45 10
43 26 45 34
27 29 40 28
31 20 17 22
26 19 41 8
28 22 46 26
33 41 10 20
26 45 32 30
28 26 43 19
30 24 30 42
35 25 40 33
42 22 31 5
11 41 24 21
26 49 3 15
40 26 19 12
26 21 35 37
29 23 36 32
15 39 44 12
46 5 45 21
48 7 40 41
26 25 31 38
33 17 38 34
22 24 39 12
28 27 25 17
27 19 31 17
24 25 21 21
36 40 27 24
42 28 36 27
23 33 10 43
15 36 11 31
38 25 37 40
46 26 38 11
21 28 13 16
27 15 25 36
16 35 46 18
48 5 38 28
30 44 37 30
32 36 39 42
9 45 24 24
28 28 33 9
37 16 40 41
15 45 40 27
18 35 37 32
22 31 46 36
32 37 43 36
29 11 48 22
45 4 6 2
37 32 31 30
12 45 43 38
49 22 39 39
35 24 3 18
18 39 33 13
40 31 37 17
30 27 42 41
14 13 23 13
19 33 41 41
18 6 32 37
17 44 41 20
40 15 14 21
32 21 37 41
24 7 32 39
5 41 37 45
27 20 35 33
32 8 41 26
26 24 29 22
9 44 26 8
43 9 38 24
19 27 42 39
7 41 37 14
25 31 26 35
48 10 28 15
44 40 43 36
22 16 46 6
49 3 19 1
27 36 14 14
27 12 45 39
38 5 35 42
27 24 46 44
29 21 46 22
27 30 45 10
22 29 41 26
31 23 44 21
13 46 23 23
43 7 46 36
48 24 44 10
28 28 29 19
31 32 47 43
39 40 8 25
28 10 30 28
30 41 15 24
13 42 38 44
47 17 30 19
35 18 21 10
46 7 30 23
29 23 41 23
9 46 45 33
28 9 45 26
41 6 39 27
32 22 38 38
8 20 33 24
47 12 43 35
14 41 25 40
0 12 48 13
42 9 40 30
29 19 38 39
24 20 38 28
39 29 34 7
24 47 45 40
27 11 19 40
29 30 48 45
14 49 38 36
22 28 38 40
16 11 36 36
23 22 25 14
30 31 31 13
7 20 31 28
21 1 39 31
37 26 33 41
23 10 39 39
26 28 27 17
5 44 38 35
28 23 28 33
46 33 22 16
3 23 20 36
25 27 15 6
22 37 23 16
19 34 38 15
12 45 27 25
39 21 19 22
46 42 42 1
27 49 28 14
37 9 27 48
32 39 29 13
3 49 32 24
17 43 37 39
38 5 30 21
35 32 42 34
49 11 6 24
45 20 16 25
38 19 28 24
13 21 38 22
30 26 20 1
45 34 39 16
46 19 36 48
46 4 46 33
32 25 30 18
12 8 37 10
31 12 16 28
1 41 43 37
25 35 17 13
47 8 20 38
26 36 38 14
23 17 33 23
48 15 30 16
42 12 30 24
23 17 46 41
47 28 38 37
37 19 25 39
5 40 46 8
33 8 47 17
22 34 32 35
44 46 40 20
37 13 46 7
28 32 19 35
11 48 36 1
32 2 9 33
21 26 43 9
31 22 8 23
39 32 34 34
47 15 44 27
32 19 40 14
42 27 25 46
21 30 7 24
18 46 30 22
17 42 38 27
25 29 13 17
34 8 38 25
4 37 45 23
23 17 47 5
27 35 41 38
44 1 25 17
19 25 29 3
44 24 42 17
28 12 43 34
32 25 11 17
24 22 31 20
37 19 25 46
41 2 38 45
31 24 16 15
20 32 43 40
18 25 39 18
23 11 32 45
39 13 29 32
37 12 31 17
38 12 38 30
35 25 24 42
30 16 28 29
28 28 15 16
13 28 17 18
32 8 5 8
18 41 29 6
28 24 44 2
22 25 36 41
39 29 8 29
21 18 35 14
29 32 8 24
43 32 5 40
45 5 32 14
40 28 46 28
27 0 40 19
38 31 27 23
27 19 34 3
25 19 17 39
31 40 42 19
35 22 23 8
31 24 24 9
41 22 49 0
27 24 32 25
37 19 15 24
39 11 7 22
20 24 36 18
8 36 4 0
28 11 47 21
34 34 42 27
23 38 4 33
26 26 29 16
23 46 34 19
46 27 37 36
18 48 39 8
29 33 8 27
33 29 47 1
21 29 37 38
34 14 37 43
45 9 31 35
28 25 20 12
38 38 21 25
47 18 45 32
26 22 40 40
34 43 37 45
22 10 29 23
32 32 48 41
33 30 45 15
40 8 32 17
22 27 24 37
3 10 31 14
19 29 28 11
32 20 9 32
21 30 4 49
43 7 44 49
19 46 37 30
32 9 9 36
24 32 15 37
6 9 35 25
45 10 37 10
19 30 19 39
19 27 38 35
44 5 12 20
30 30 40 16
22 19 28 31
24 31 26 34
36 30 43 23
34 8 29 14
20 26 32 40
22 11 32 32
16 16 37 35
23 20 42 39
13 1 43 10
35 12 32 19
28 42 35 32
49 16 31 7
13 42 1 18
25 19 14 27
30 13 48 1
22 15 48 11
25 41 40 34
26 43 30 18
29 25 31 2
49 8 41 42
24 24 33 38
25 28 25 17
26 18 27 29
32 10 36 11
21 37 37 11
47 26 45 36
36 25 35 7
35 14 16 25
16 34 21 13
30 19 49 30
19 5 38 30
2 6 47 35
47 9 40 0
1 15 40 38
33 3 41 38
26 6 27 36
48 14 36 35
24 30 37 38
20 22 35 39
25 28 41 36
5 28 26 24
42 31 33 34
49 7 39 41
49 43 45 23
46 22 46 40
39 29 19 29
28 27 2 43
46 22 25 31
27 42 37 14
30 28 36 16
30 24 41 34
46 19 32 37
20 21 34 39
21 17 41 36
34 22 40 31
5 33 36 12
29 0 44 18
40 28 36 10
22 3 40 13
22 48 35 15
25 32 49 23
49 3 28 14
7 43 40 29
38 20 47 38
28 21 36 32
39 28 44 29
45 34 13 3
48 29 43 37
32 25 36 10
13 36 36 16
31 29 28 11
33 29 31 20
47 14 42 38
32 7 41 34
24 39 27 18
22 28 14 13
34 45 17 14
26 11 19 21
25 28 47 45
1 38 7 42
40 2 39 10
32 20 39 34
37 12 47 6
42 16 27 26
26 47 43 17
28 22 39 32
21 45 35 21
29 30 49 40
5 37 34 31
40 44 45 13
21 25 35 31
1 18 19 21
33 39 14 10
25 31 38 24
25 15 26 27
7 32 36 30
35 22 18 17
21 12 25 25
28 47 25 32
28 46 45 1
33 30 37 44
21 17 29 17
32 17 48 1
33 30 43 30
18 31 36 11
30 22 28 17
37 9 44 22
41 4 28 24
31 10 39 38
42 17 17 26
48 8 17 18
24 3 46 17
45 12 27 17
25 20 17 16
16 42 32 34
12 47 32 26
32 22 49 28
47 7 4 31
25 26 10 17
40 18 31 12
46 27 8 46
38 1 17 20
19 1 47 34
44 11 42 32
31 19 45 27
28 41 28 3
22 17 45 2
27 30 4 33
31 8 42 43
22 46 43 14
13 41 38 46
26 28 40 29
49 0 36 35
18 34 26 19
21 19 41 21
37 41 21 17
26 18 43 20
12 27 30 18
8 36 33 17
9 46 35 34
38 25 45 20
46 4 36 16
25 31 36 34
24 37 4 23
35 29 1 7
32 29 41 23
29 25 25 19
29 28 17 14
10 39 40 14
35 4 35 23
27 24 37 41
34 24 23 11
2 46 22 18
40 19 38 40
27 23 36 27
19 49 33 42
27 34 12 37
35 17 13 20
39 12 38 36
2 12 24 18
32 11 14 26
46 19 45 13
24 37 36 22
12 47 38 11
44 21 17 18
24 36 29 16
32 27 42 22
30 1 48 4
8 29 38 37
3 11 42 37
30 26 41 34
26 27 31 22
16 31 15 43
18 19 9 16
29 15 33 25
23 32 31 18
23 10 9 17
28 9 45 10
34 29 33 14
4 6 10 2
39 1 35 13
43 20 39 12
27 28 27 6
37 28 37 9
30 22 27 32
30 8 26 17
45 30 38 33
28 46 14 9
33 48 23 19
38 22 49 13
32 27 31 10
22 20 28 11
46 5 33 2
23 32 30 35
19 32 44 36
19 15 38 1
33 19 36 39
32 10 43 21
28 27 6 15
1 13 35 43
32 17 39 14
39 20 35 5
28 40 23 20
21 30 41 36
12 43 39 39
4 41 19 15
29 33 31 9
38 7 4 5
23 19 36 36
48 18 35 37
41 11 47 31
21 24 39 12
25 24 37 7
49 3 30 20
19 18 47 30
31 2 29 15
32 27 48 20
34 14 41 41
35 23 48 1
16 20 49 4
41 4 18 15
14 37 2 39
47 7 44 39
41 21 16 15
27 30 25 47
39 12 34 17
38 38 31 38
28 27 2 0
47 14 39 37
5 40 36 20
41 2 40 35
3 8 21 9
25 45 41 23
31 21 44 35
29 21 19 32
36 41 40 35
3 35 39 39
26 19 37 15
24 21 47 6
25 24 3 32
27 18 40 25
43 16 46 26
44 13 47 18
35 11 44 42
39 42 19 30
24 28 19 16
20 18 34 27
26 27 32 11
39 16 40 26
27 23 26 35
22 12 37 3
12 48 47 9
11 47 29 15
48 10 32 35
15 45 32 26
39 10 39 28
33 20 41 39
47 26 32 18
30 22 27 49
16 21 38 12
34 27 27 24
23 20 11 26
29 23 41 1
4 39 41 7
29 3 10 12
31 30 13 41
23 24 38 32
21 17 42 38
26 23 47 24
24 19 21 16
34 17 44 40
32 28 33 15
30 27 40 20
29 13 16 38
28 23 38 0
25 16 7 27
25 28 41 23
31 22 41 29
9 38 38 5
28 26 37 4
18 41 39 47
25 24 1 28
37 3 32 34
16 11 17 1
28 30 32 29
22 27 39 28
47 37 20 42
35 34 47 45
27 25 36 33
18 41 22 13
21 29 20 21
24 29 5 20
7 15 37 35
36 39 37 10
24 30 29 8
32 28 36 37
19 23 30 29
26 20 12 25
15 48 46 28
33 22 48 25
31 17 39 17
31 31 47 2
28 31 0 2
22 49 39 10
27 28 7 10
28 28 45 2
30 23 36 7
22 7 26 24
16 47 35 16
12 39 41 35
40 15 20 17
47 19 18 5
36 20 24 21
48 34 21 31
49 14 33 10
45 11 44 28
41 7 33 36
37 23 8 15
37 29 34 8
25 32 45 20
5 25 26 15
32 1 30 8
8 46 12 39
23 25 9 8
25 28 14 8
34 26 40 4
44 11 41 40
38 25 47 23
34 31 37 21
4 37 43 4
35 13 27 30
44 21 35 32
24 26 18 47
34 39 9 28
35 22 33 11
1 8 49 0
7 45 39 41
29 34 1 26
24 27 18 36
32 44 24 17
28 27 35 35
27 29 46 26
33 8 7 8
26 19 20 19
24 22 19 20
33 13 13 41
47 16 38 36
24 29 40 27
33 13 19 7
3 33 46 13
31 18 35 39
44 21 30 29
29 15 9 13
44 11 5 13
49 13 19 18
34 21 41 45
25 33 25 20
23 22 16 15
45 28 34 19
30 23 44 41
23 23 38 38
26 18 35 21
25 33 36 15
38 24 48 18
23 31 21 10
39 28 28 27
44 8 22 24
19 22 35 9
11 45 29 12
39 20 28 25
20 30 6 25
14 46 0 25
34 19 18 25
23 25 36 37
35 7 39 23
30 4 24 13
30 33 37 38
31 11 41 12
41 11 37 15
10 38 41 6
43 27 6 19
39 30 16 41
