50 75 15927 800
9 32 40 18
21 29 25 11
19 1 14 49
25 16 34 45
10 30 42 32
24 11 28 5
26 15 15 35
13 18 8 15
2 8 19 35
27 39 27 45
37 13 5 30
20 7 2 16
47 27 27 7
22 31 38 46
18 19 10 48
32 31 16 27
5 28 11 34
25 19 7 40
0 24 18 35
39 7 25 13
26 16 24 3
15 42 15 48
23 7 35 48
13 33 20 37
47 14 19 34
21 12 17 27
5 39 24 13
11 29 2 21
33 16 10 28
1 33 40 41
8 37 38 48
33 25 22 3
15 16 26 2
28 22 10 47
29 29 37 49
17 26 15 34
37 12 17 38
2 38 18 29
1 40 20 32
39 24 18 32
26 8 10 12
33 12 16 45
35 0 38 45
29 7 39 2
9 35 12 4
48 18 31 47
7 25 20 30
23 23 46 8
3 25 34 47
34 30 3 21
6 44 6 32
13 21 33 46
25 25 18 34
38 26 22 46
20 12 22 38
6 27 34 46
20 28 36 34
9 33 16 37
21 34 26 42
47 6 18 31
21 31 13 30
2 37 17 37
24 11 17 33
16 10 17 30
3 37 43 1
11 31 45 31
30 4 17 6
7 32 23 3
25 15 33 43
6 37 3 29
18 46 21 4
33 5 37 49
29 9 6 36
17 30 23 37
26 17 40 48
