50 290 17604 800
29 17 33 33
43 22 10 31
39 31 10 38
20 23 45 6
41 25 35 19
20 8 14 48
36 28 9 24
36 8 38 46
47 48 38 41
34 43 49 41
29 11 15 28
35 20 48 40
2 4 38 27
7 8 22 27
6 16 3 36
48 46 42 43
22 24 14 38
12 5 11 29
21 29 47 42
44 30 36 44
12 8 19 37
13 11 10 37
7 28 16 33
48 15 22 33
11 7 39 31
27 39 45 29
33 9 37 38
32 5 5 37
8 15 35 17
5 11 44 49
5 16 9 37
32 46 49 30
32 48 9 14
32 18 39 44
28 48 5 30
10 14 7 42
4 25 44 39
32 27 17 33
13 8 41 29
13 18 9 34
37 38 23 49
12 15 5 37
22 28 43 26
9 19 3 44
25 41 12 41
15 17 4 30
34 38 1 19
29 43 40 23
22 12 6 43
46 41 35 24
11 13 8 42
32 23 10 29
28 47 18 44
21 9 5 37
20 11 42 31
19 7 35 27
27 25 11 35
0 9 7 37
36 24 2 32
29 20 18 29
27 47 0 31
30 28 15 34
34 43 42 44
9 6 20 22
18 16 8 42
34 18 22 31
34 43 46 41
31 18 7 46
23 5 8 9
33 23 12 32
13 28 2 37
22 27 47 43
46 46 10 28
17 18 25 18
35 22 17 49
43 18 37 45
38 45 32 31
2 10 15 31
28 45 35 27
12 7 22 25
35 28 6 37
30 14 2 43
13 15 3 28
32 49 29 42
19 17 10 48
3 16 4 42
2 14 49 45
16 10 9 34
28 43 45 30
31 21 9 40
28 19 9 33
32 45 49 45
36 22 40 31
3 8 6 36
16 27 6 33
40 35 2 32
29 48 49 37
13 17 4 44
26 33 48 27
42 27 9 38
47 40 47 23
32 24 7 40
16 11 12 36
32 47 4 30
28 4 6 42
4 6 21 35
28 27 8 42
1 27 6 34
23 21 35 38
34 18 38 24
24 6 18 43
24 29 42 20
5 17 1 30
37 28 24 43
25 9 30 40
1 15 33 20
40 11 11 28
35 31 4 33
35 28 10 37
29 29 12 35
13 14 49 29
27 48 2 40
40 23 2 30
41 15 9 41
24 47 8 31
4 8 16 35
33 23 5 36
36 49 11 42
40 30 12 30
24 9 6 23
29 26 10 41
18 16 11 39
14 15 23 47
28 21 44 43
36 32 10 31
45 45 11 40
32 22 43 32
43 45 42 25
39 4 4 33
39 34 24 31
5 26 6 38
28 29 4 38
26 44 2 38
35 19 11 25
20 12 11 37
9 5 15 47
23 12 35 25
13 21 40 45
12 16 38 35
27 20 9 39
16 21 11 35
16 28 29 37
31 25 5 36
35 47 37 28
47 28 8 38
43 16 3 44
31 16 7 31
42 18 7 30
27 43 45 47
19 15 8 40
21 26 27 49
46 27 12 24
34 43 12 40
41 8 6 30
25 12 12 35
19 7 31 19
42 19 36 36
1 23 1 38
35 21 1 9
33 45 1 33
23 4 11 41
28 49 18 35
35 23 37 32
35 6 48 7
8 19 33 21
49 36 14 26
32 16 28 23
33 13 43 14
29 13 30 33
30 44 16 34
24 7 3 39
3 10 45 23
29 16 4 28
19 8 43 34
37 17 3 36
44 49 47 33
15 5 2 32
22 22 4 43
24 20 31 30
39 35 11 47
20 29 31 39
29 1 5 29
13 21 34 36
15 18 44 17
44 45 15 34
5 16 24 35
46 39 22 49
38 30 34 37
32 23 6 42
27 7 7 34
3 12 23 44
41 44 1 37
17 19 4 31
6 27 23 47
41 40 1 35
21 43 12 23
14 36 33 42
44 29 43 44
30 47 8 37
21 13 0 39
3 9 6 33
16 17 17 34
23 11 10 29
40 34 9 30
21 12 39 36
6 19 46 42
34 18 6 30
31 10 7 37
45 8 48 13
11 3 16 27
29 29 6 20
42 46 25 44
21 6 40 20
39 37 43 22
19 25 24 44
7 28 15 33
34 15 3 29
23 46 25 40
15 8 28 14
39 32 49 31
21 13 10 35
12 10 43 30
4 21 17 44
14 28 9 27
10 4 5 26
30 45 4 38
39 24 9 24
35 49 33 45
14 4 19 46
20 5 6 27
21 14 0 37
18 25 44 37
25 11 43 43
36 46 16 35
48 41 6 38
32 28 7 35
47 34 27 32
11 0 36 26
12 5 49 26
24 4 28 42
5 9 44 36
10 21 5 36
36 9 0 41
39 20 4 36
32 47 13 26
30 49 28 38
42 47 44 27
47 27 4 34
15 23 12 37
26 20 31 21
18 8 39 45
47 30 39 47
47 44 33 42
46 42 16 40
37 20 12 29
22 6 46 34
23 37 49 34
20 11 34 42
21 11 28 42
37 17 15 34
10 14 7 46
2 19 47 39
29 45 44 48
31 46 36 17
34 48 35 21
42 22 11 32
26 19 16 46
43 47 6 30
5 28 4 34
3 3 45 37
29 48 7 34
39 13 44 38
31 15 25 14
23 12 29 42
1 27 11 16
29 45 37 25
11 0 3 32
47 43 48 49
11 16 5 28
21 31 11 49
