50 174 19740 800
33 47 8 1
22 35 19 27
32 38 25 7
39 44 48 13
42 37 36 17
9 35 36 48
34 38 26 12
12 14 21 7
46 29 38 19
32 20 24 27
17 26 33 26
22 13 42 38
15 34 15 14
35 26 16 21
39 46 15 9
33 42 34 6
21 49 23 7
18 41 28 22
28 22 24 28
8 49 16 15
41 43 20 26
15 31 19 27
16 40 22 27
14 25 23 30
37 45 33 17
4 32 21 28
11 42 28 3
43 46 46 32
26 19 19 12
37 46 19 1
22 27 48 25
39 24 19 0
0 38 33 17
7 31 39 24
46 46 12 6
16 26 28 31
31 14 43 34
38 22 26 5
24 35 22 27
35 17 27 25
23 31 36 27
6 36 42 10
43 2 28 4
13 32 37 16
15 30 20 28
46 4 26 20
31 33 19 10
44 32 29 31
18 36 9 5
46 44 41 4
13 12 37 28
43 11 34 22
42 31 14 12
37 43 5 9
3 31 20 11
41 40 19 26
44 18 36 26
28 41 29 6
35 0 22 26
4 31 41 13
15 5 38 30
4 35 22 34
37 18 22 25
40 16 24 20
39 1 13 11
9 20 24 27
2 8 22 33
12 26 29 21
0 41 35 26
41 7 21 31
9 28 21 28
43 19 20 25
11 19 34 23
37 48 33 2
2 22 37 24
36 49 19 9
6 19 19 4
3 35 19 27
43 48 13 4
32 45 43 26
33 41 22 18
32 21 41 13
14 20 34 33
25 41 21 17
22 33 17 26
12 20 31 0
18 18 27 12
35 42 8 25
35 41 49 31
40 21 15 22
37 44 43 19
9 27 22 33
30 17 20 31
27 38 31 24
42 4 21 31
18 47 40 20
6 22 21 1
42 16 26 31
4 23 3 47
35 29 22 27
16 42 21 5
31 48 25 11
47 10 35 29
9 11 40 2
40 47 21 2
7 39 47 42
31 21 25 15
22 45 25 24
3 18 33 19
41 36 14 32
25 42 16 31
7 40 20 23
27 40 13 3
19 11 42 28
38 29 21 34
8 30 11 19
32 45 22 31
49 43 23 29
36 35 21 23
43 19 17 10
27 25 18 28
39 16 25 7
2 25 23 4
45 19 24 30
23 30 16 17
32 41 29 1
7 26 13 9
31 34 43 34
8 34 12 23
26 43 20 28
34 38 12 6
24 47 46 23
27 28 36 15
37 40 39 21
5 25 9 11
35 18 42 26
28 49 23 28
2 38 48 10
7 37 28 9
46 16 18 9
4 41 21 17
34 48 10 10
12 32 40 28
25 19 3 3
15 27 6 31
25 33 39 26
11 41 15 15
18 25 27 4
24 26 48 20
38 25 5 2
4 25 15 2
38 35 23 26
7 40 19 8
37 15 45 16
9 40 20 28
3 41 22 29
7 28 14 1
45 46 16 6
6 38 42 13
13 33 33 41
5 45 18 11
35 4 34 17
27 9 22 20
31 14 33 18
5 31 21 16
10 25 17 26
31 38 23 29
9 25 24 33
40 45 35 9
29 48 47 11
23 24 17 27
8 29 6 6
27 32 32 44
3 28 22 8
