50 184 14941 800
17 32 45 15
9 21 29 41
44 5 1 25
18 35 24 42
19 23 38 47
44 5 9 28
44 5 13 34
17 10 31 43
44 12 18 13
46 7 25 34
15 1 10 29
13 11 16 31
12 8 26 20
18 32 22 30
14 0 19 34
9 4 8 42
46 1 6 18
10 7 17 39
34 13 14 24
14 3 1 36
40 8 1 33
43 6 2 44
16 4 16 31
12 1 5 32
45 5 26 31
44 6 1 49
13 1 24 20
12 3 0 28
22 26 22 47
13 1 28 46
12 5 7 27
6 16 36 27
47 6 13 16
14 12 20 31
24 5 32 47
43 4 9 28
9 5 24 36
21 40 2 26
48 5 3 29
13 7 9 32
12 1 18 46
45 5 21 38
11 1 7 27
44 8 44 41
10 2 9 28
11 5 46 14
11 4 11 33
48 5 43 29
8 28 16 20
19 35 5 22
10 5 31 18
10 6 16 47
33 45 8 18
12 26 19 45
37 44 2 32
41 6 10 41
46 3 11 42
48 5 40 17
29 27 23 44
10 1 0 20
10 1 5 31
46 4 35 48
11 7 26 25
14 2 19 35
41 12 23 32
10 5 7 26
44 3 8 32
39 40 18 30
9 11 22 20
48 5 33 40
3 38 41 23
9 5 5 27
46 7 43 37
42 4 5 31
45 9 24 31
22 23 30 26
47 5 39 16
18 34 13 23
13 1 8 28
12 6 9 32
23 29 5 30
29 33 11 45
45 7 7 25
34 3 5 30
46 4 32 49
32 45 1 24
12 4 48 34
6 4 28 25
45 8 25 39
46 2 2 47
18 38 18 29
45 2 42 27
47 6 9 38
42 9 1 30
46 5 6 28
44 7 7 19
47 2 24 38
15 8 20 49
25 32 20 49
18 32 8 31
30 24 3 25
13 5 25 20
8 4 21 40
43 8 34 47
40 8 25 39
46 8 7 34
43 10 7 29
14 1 12 21
17 9 2 35
7 28 1 45
9 2 2 42
24 23 5 27
47 5 42 28
14 1 8 20
10 4 45 34
13 0 6 19
41 4 3 32
49 6 23 49
24 26 7 40
7 3 30 45
25 21 2 41
12 4 21 6
46 5 15 35
28 9 10 29
45 3 14 43
49 1 38 17
20 37 26 28
15 23 31 40
47 6 35 6
10 2 20 42
13 3 28 36
43 8 21 36
46 4 42 40
19 40 18 26
7 42 14 42
44 7 25 43
24 36 0 24
46 3 32 39
9 3 37 15
15 3 2 19
23 10 29 42
35 38 14 31
43 9 7 25
46 6 2 22
9 1 10 30
48 1 7 31
43 4 0 29
26 11 33 38
21 31 6 34
47 4 26 33
12 4 8 21
46 3 6 23
11 3 11 30
45 8 48 13
45 4 42 34
9 22 49 30
49 2 4 36
18 37 11 26
15 32 0 27
5 6 21 40
23 14 8 26
36 15 6 31
45 5 4 21
10 6 7 16
46 13 24 33
10 2 41 44
39 6 7 24
46 7 1 36
20 37 9 31
46 5 0 47
40 15 5 26
46 6 14 28
34 13 28 42
44 9 5 25
11 0 5 40
43 6 3 36
11 2 24 35
45 2 34 47
47 7 36 18
29 28 1 29
44 1 25 37
47 5 44 32
12 1 19 26
47 7 8 34
