50 353 15199 800
19 28 32 31
7 28 12 12
11 4 49 4
19 3 36 25
38 37 27 28
28 46 40 2
23 32 38 6
29 14 45 15
40 18 24 8
9 43 1 16
47 26 6 17
19 7 15 2
10 33 47 0
26 31 23 38
29 37 38 28
30 3 34 13
27 5 9 8
21 41 8 31
10 32 21 20
21 2 6 12
44 15 12 16
4 49 27 35
28 20 18 13
6 25 11 1
19 0 14 4
38 18 9 12
7 39 13 18
25 5 12 1
17 0 26 3
22 31 17 8
13 15 11 6
24 8 29 19
21 34 16 34
29 29 42 2
23 12 41 26
13 34 21 26
42 18 34 48
27 42 23 9
19 31 49 34
27 0 8 38
7 5 46 9
14 31 37 27
43 17 16 5
35 32 9 10
14 34 23 24
0 49 43 44
34 9 36 27
18 33 8 11
13 10 24 13
23 5 40 4
32 26 46 4
40 42 18 7
34 40 21 25
24 8 49 45
20 9 49 9
16 9 14 6
24 43 14 32
23 42 7 13
41 18 25 21
6 19 13 9
22 5 27 9
36 38 7 10
37 30 43 40
15 18 19 11
9 41 16 7
24 13 10 22
32 1 10 12
16 9 35 35
9 38 30 12
9 31 14 9
23 3 47 49
25 46 7 38
36 36 11 5
31 8 34 12
9 16 31 35
3 47 19 21
19 48 31 8
44 33 11 13
15 14 49 0
18 46 5 40
16 16 14 10
24 6 13 4
37 21 26 14
30 0 12 24
46 40 21 6
10 46 21 14
25 41 26 2
13 47 16 44
13 3 14 14
36 23 30 37
14 5 8 9
14 44 43 12
17 38 3 33
28 28 15 12
23 30 47 7
21 45 46 4
14 38 33 25
17 31 29 21
41 22 25 44
24 31 46 1
27 5 49 4
41 32 26 31
44 28 6 44
25 40 48 1
32 38 37 1
41 39 42 24
40 29 25 38
48 46 37 26
41 13 33 18
34 6 4 39
16 7 5 4
40 14 18 16
18 14 15 19
26 9 9 8
34 23 31 39
40 12 15 8
34 17 28 26
20 43 33 37
30 28 10 0
40 12 39 39
12 37 0 33
19 27 38 17
9 40 11 6
25 46 26 38
22 32 33 10
13 23 47 3
20 3 36 16
6 15 22 17
15 28 10 44
14 31 29 29
37 27 23 19
15 42 22 14
10 41 13 8
32 23 32 18
38 39 44 0
16 15 14 9
21 37 38 42
22 40 25 48
26 10 11 8
21 37 30 18
49 14 37 33
13 40 0 49
25 18 12 11
9 9 13 48
22 44 10 3
48 22 9 10
9 36 47 5
41 25 14 12
17 43 40 3
28 18 40 4
28 28 49 8
26 34 11 4
16 19 13 12
12 42 22 12
39 18 18 20
16 33 45 4
22 28 33 24
34 12 26 43
39 6 28 35
29 45 48 7
24 35 31 9
22 1 17 1
16 40 35 28
24 41 9 10
1 45 14 43
15 38 46 0
28 43 32 34
44 26 18 7
18 45 14 41
5 24 26 29
26 49 7 12
43 49 27 15
36 15 32 10
13 27 16 5
34 19 23 43
37 25 7 41
35 1 42 37
7 35 33 27
1 36 14 2
26 3 17 19
13 10 45 2
12 35 37 21
17 42 10 44
18 35 34 39
47 30 46 40
13 40 15 46
8 34 49 0
13 42 10 13
19 39 17 42
14 38 47 1
21 39 35 16
20 35 27 14
46 30 33 46
6 39 11 35
29 5 38 33
9 10 14 1
45 29 11 8
2 42 32 32
39 35 25 31
27 38 20 28
45 18 13 11
35 5 12 11
12 35 5 45
37 25 25 27
18 42 13 15
40 23 24 14
47 27 23 24
25 39 23 47
13 5 41 44
37 14 32 18
36 45 11 13
12 44 12 23
20 38 14 9
38 44 27 18
22 43 19 23
36 36 46 7
36 41 8 11
8 23 9 4
13 39 0 24
5 4 12 4
11 39 18 42
10 35 15 5
37 15 13 11
23 40 1 42
7 29 4 3
13 31 33 17
17 9 27 16
25 6 30 26
1 35 18 4
25 37 48 20
11 15 20 11
20 29 43 5
4 39 20 30
42 31 3 48
41 15 27 30
2 30 17 9
35 33 46 28
24 45 48 4
14 31 31 14
22 3 27 34
19 37 25 14
34 42 45 3
15 33 17 9
44 28 14 12
15 39 14 8
24 40 22 6
16 33 42 47
24 26 49 4
27 26 17 26
28 34 21 8
32 32 14 47
38 33 25 3
10 41 36 24
17 8 26 21
16 8 45 2
20 5 9 12
9 25 10 9
27 38 44 5
12 26 30 21
14 15 30 47
1 19 11 8
1 45 32 34
19 7 39 42
42 39 28 20
42 36 19 12
8 10 36 16
38 13 16 2
23 35 13 1
13 10 28 20
31 19 40 25
10 42 4 10
32 20 13 5
23 4 10 45
16 29 27 4
31 39 12 6
38 17 25 16
20 42 14 8
18 37 13 7
36 41 6 41
30 10 25 10
31 3 33 30
33 38 39 16
21 36 49 2
21 5 23 12
1 22 23 44
35 47 11 6
20 24 13 4
46 5 24 33
15 34 1 38
36 32 12 10
20 32 8 14
18 39 26 36
11 44 38 16
12 1 16 8
11 8 17 17
36 13 16 11
38 33 17 42
34 39 21 29
28 33 21 28
25 8 46 1
32 49 21 10
12 46 38 0
35 37 49 2
18 2 17 25
40 19 45 3
15 4 8 13
22 35 30 6
17 35 11 5
15 8 29 5
15 17 7 33
9 35 8 5
20 33 8 3
25 10 6 42
40 29 39 21
13 25 12 3
27 4 13 6
20 4 43 3
15 16 7 4
31 22 12 16
19 6 15 31
17 45 23 18
21 43 7 13
17 48 32 46
18 16 36 10
42 17 12 14
41 33 46 0
24 36 46 44
20 35 26 24
19 29 43 36
7 20 14 4
29 4 30 15
21 5 42 39
16 39 49 35
8 15 20 8
12 41 36 34
33 31 24 35
19 39 26 36
20 30 13 14
6 24 40 0
37 21 44 28
39 41 16 26
38 19 15 2
13 22 36 18
8 37 8 12
27 8 8 38
21 37 4 41
18 33 25 33
21 12 26 22
46 15 44 46
18 37 36 15
26 38 36 12
46 26 14 17
43 45 25 3
