50 126 12932 800
34 26 39 21
46 27 18 42
1 24 29 1
8 14 1 35
19 21 26 42
44 1 1 26
35 35 37 38
0 17 20 19
14 40 13 13
17 20 14 25
15 16 32 19
48 26 48 35
41 23 6 12
8 22 28 18
47 7 35 44
31 40 7 0
1 24 39 12
5 22 17 11
39 7 35 13
35 27 23 6
4 20 33 41
44 49 26 0
2 15 3 11
1 20 17 6
10 7 14 16
35 12 13 13
26 18 12 16
5 13 17 16
6 36 5 4
2 25 13 2
44 38 15 19
44 43 15 45
3 10 16 40
13 12 2 3
38 44 4 38
4 23 32 35
1 13 34 12
33 22 49 19
38 37 11 12
2 29 39 38
13 49 1 39
17 38 33 47
16 26 12 15
33 29 11 4
41 25 20 8
25 28 34 30
43 41 28 5
26 34 13 18
2 16 16 15
4 24 14 15
29 10 24 40
46 41 44 23
34 8 38 40
21 19 32 5
13 15 25 47
33 26 45 41
7 44 33 16
3 27 49 48
1 24 42 38
8 19 21 12
46 4 21 1
34 25 20 12
31 40 12 7
31 39 23 4
39 49 20 0
15 16 17 1
12 23 37 1
4 24 4 38
45 23 27 0
4 17 10 16
15 34 36 38
29 8 35 14
18 27 25 17
17 27 30 11
4 21 18 3
4 13 17 49
3 11 1 3
33 11 20 16
3 17 9 5
7 34 31 46
5 23 42 19
12 10 5 36
12 21 18 21
32 17 32 35
28 40 3 40
18 22 38 42
39 40 49 30
21 22 38 35
44 15 23 18
3 11 41 10
34 42 6 2
48 10 48 33
3 18 18 2
40 10 6 41
7 15 38 15
29 27 30 11
16 20 2 6
41 27 5 4
41 31 28 11
46 25 2 38
3 16 0 39
0 11 34 20
45 9 18 8
1 20 17 13
15 43 39 15
1 25 25 46
21 44 8 18
9 16 7 2
2 45 41 48
29 26 37 19
1 29 25 47
1 17 15 6
38 25 12 13
6 21 17 20
39 18 46 45
30 25 22 0
35 32 20 0
24 6 18 9
26 29 47 39
0 22 12 21
32 39 45 39
4 14 33 14
23 18 35 1
49 9 9 3
1 14 36 41
7 25 6 1
