50 1089 12739 800
13 28 8 38
48 11 13 9
11 13 45 3
34 11 10 48
1 31 32 30
11 23 29 38
9 0 41 33
23 30 9 45
42 7 21 49
33 4 42 29
20 33 43 30
45 19 8 35
23 9 8 23
13 33 16 42
27 28 22 32
23 29 22 39
40 12 1 14
7 32 15 40
28 10 20 28
24 33 19 44
29 4 18 32
28 12 47 4
15 4 17 33
25 30 45 6
12 33 32 35
22 5 10 44
7 22 11 42
32 20 10 40
37 0 34 35
12 23 19 30
48 8 41 41
12 14 31 40
29 24 45 9
9 27 37 30
20 26 43 30
21 22 8 27
26 5 8 28
16 29 28 40
14 29 11 32
3 22 27 29
11 36 1 20
8 38 5 27
10 13 40 34
24 14 36 45
24 19 16 16
18 1 46 0
34 2 7 24
21 13 41 31
23 23 15 20
16 16 26 49
15 33 20 21
19 22 46 12
16 3 41 3
18 31 39 30
40 12 18 36
2 7 47 36
9 29 41 30
15 10 18 7
26 30 25 22
10 16 47 13
12 22 36 41
5 25 44 46
9 3 9 30
21 21 22 27
29 8 15 45
18 27 13 47
5 27 13 26
16 19 27 10
21 36 38 35
15 45 38 31
6 33 1 34
19 17 41 5
0 29 18 46
37 12 36 0
1 6 9 31
3 31 47 6
0 24 21 41
14 23 38 1
30 7 31 43
23 41 40 29
45 12 29 43
12 21 1 35
39 0 37 29
15 12 47 14
11 21 28 33
16 3 42 33
18 30 13 28
17 27 42 1
17 18 15 36
29 2 16 36
45 13 12 13
5 6 14 29
26 7 21 29
3 40 8 6
25 30 38 4
9 27 9 48
45 9 12 27
35 9 15 9
15 30 20 40
18 16 39 33
24 17 4 20
33 16 47 0
46 4 34 9
48 3 17 44
13 24 34 22
6 11 18 47
19 14 25 34
42 9 23 39
9 16 19 20
9 30 29 24
13 26 0 29
2 12 22 24
9 24 12 9
27 12 27 42
1 15 40 33
20 32 6 38
27 28 43 31
12 32 39 11
35 0 11 24
24 3 42 0
35 26 45 13
17 34 16 16
40 2 12 28
47 9 23 49
26 10 22 39
5 33 11 35
32 10 47 10
8 36 13 34
7 26 19 28
37 5 11 43
13 15 8 28
9 32 21 36
5 27 30 39
21 8 9 23
8 27 3 7
4 33 45 32
15 22 4 44
10 28 10 34
20 31 18 41
10 37 1 46
46 11 31 37
3 4 44 31
5 25 11 45
28 38 47 6
7 27 31 16
29 18 13 29
0 23 41 34
17 34 18 30
18 7 28 41
40 10 42 14
2 6 16 8
19 4 26 40
25 16 15 14
16 8 13 33
12 20 22 46
10 36 44 5
5 24 16 24
32 24 32 29
2 30 6 45
25 11 15 38
30 13 15 22
26 35 38 35
6 28 14 19
40 13 8 24
18 30 13 33
31 7 16 40
36 12 15 46
28 19 40 34
38 23 45 3
28 10 38 26
36 4 28 30
41 4 39 32
4 13 42 10
8 2 43 1
40 15 14 23
10 12 32 28
11 35 21 16
12 28 39 30
11 31 25 29
8 30 19 35
19 17 36 41
20 6 21 20
21 12 2 30
8 31 17 21
16 7 22 37
24 24 32 34
17 20 16 32
10 34 11 16
47 12 34 46
13 30 34 46
26 7 38 40
21 31 23 47
34 16 38 33
22 33 47 9
12 9 9 39
9 26 44 4
14 4 8 34
15 27 13 45
24 26 34 9
7 29 41 32
40 16 33 20
39 13 39 0
15 35 15 7
26 9 0 48
13 20 15 32
11 25 11 48
20 21 20 39
22 38 17 40
24 21 42 11
24 42 20 11
13 36 24 14
15 33 47 9
16 10 32 27
1 26 36 28
22 8 42 1
22 36 38 9
21 8 25 30
0 32 1 12
19 41 43 4
23 33 0 33
15 38 31 12
2 25 44 3
9 34 26 34
1 33 39 28
21 35 7 44
10 17 25 28
28 16 40 32
17 32 3 35
21 19 20 25
18 24 41 32
1 35 48 5
23 11 30 19
38 0 21 33
35 32 15 33
36 18 18 16
1 22 47 1
14 19 45 15
43 13 41 33
31 8 25 27
0 29 36 35
13 0 6 43
21 4 19 29
36 41 9 25
34 20 39 12
6 41 23 43
4 8 25 46
9 16 40 36
11 41 15 16
20 32 23 39
32 16 7 33
17 32 12 29
34 14 5 30
1 23 17 26
32 36 21 15
31 10 12 41
16 31 44 9
20 25 13 44
10 15 41 2
21 15 41 15
41 1 41 33
13 36 0 36
2 18 19 13
4 1 26 48
5 8 39 34
9 19 26 23
14 36 5 38
26 39 5 39
39 11 38 35
6 34 19 42
15 30 43 15
0 35 48 5
23 29 7 33
27 28 11 26
20 7 38 7
19 35 45 8
10 7 41 35
3 32 34 11
13 39 39 5
1 25 26 47
31 8 22 22
12 28 6 49
13 41 23 47
17 36 18 31
11 15 40 8
7 18 17 11
29 4 4 47
45 14 45 7
41 8 38 32
9 35 40 30
37 2 17 15
24 33 4 35
34 7 0 33
1 27 37 38
14 22 37 20
31 8 32 36
31 14 20 32
33 17 13 35
23 28 42 34
17 14 42 7
18 29 10 26
18 15 4 38
17 37 37 26
14 12 17 16
2 30 13 33
15 28 37 21
37 3 12 10
16 29 41 49
14 11 33 41
31 18 3 22
4 35 10 41
6 14 25 21
13 31 42 1
12 27 40 35
11 28 14 33
20 4 2 45
4 32 29 19
25 16 10 45
2 35 27 47
9 27 28 10
5 15 41 3
6 19 36 31
6 37 38 33
40 8 31 25
5 9 41 12
25 35 38 29
0 20 1 43
18 14 38 36
5 18 37 0
26 30 49 0
11 24 14 46
1 33 22 47
3 28 27 26
33 14 33 30
19 34 26 29
22 5 30 41
8 17 13 39
14 25 40 32
28 21 26 41
23 14 8 27
13 3 6 22
33 36 16 12
23 14 13 38
10 23 12 45
2 32 43 39
26 7 40 42
10 30 32 41
4 31 35 35
3 30 16 8
29 10 35 34
5 34 40 22
16 26 40 2
20 34 15 27
8 28 14 38
47 11 27 47
10 24 18 39
9 27 40 31
20 27 45 40
36 7 12 12
7 29 23 30
26 5 8 26
6 26 43 11
14 18 42 11
26 26 33 44
3 33 31 34
42 7 19 38
31 14 38 30
13 23 41 30
0 29 10 16
14 37 43 36
22 27 39 4
16 11 46 20
17 28 2 16
25 14 13 36
4 44 18 25
29 10 39 42
25 31 11 40
15 12 37 32
24 6 30 41
26 12 49 3
8 30 20 43
14 21 45 4
9 28 35 37
1 28 20 45
35 6 42 4
17 38 3 27
15 19 13 41
11 34 35 7
23 28 5 32
5 30 38 3
15 32 13 29
36 5 30 37
6 26 14 6
10 28 39 31
16 30 43 31
2 34 43 30
13 20 24 35
6 30 21 49
20 31 9 9
16 11 11 48
21 32 16 43
38 7 12 30
10 16 20 38
24 20 49 9
7 27 17 48
38 7 22 44
3 30 15 3
19 8 39 45
16 31 27 35
12 24 43 5
0 30 6 5
10 27 40 28
14 37 44 4
13 28 15 11
11 27 37 6
32 1 35 30
11 26 14 13
10 20 39 19
26 9 19 30
2 21 23 43
10 16 28 19
30 15 40 33
2 23 16 30
8 28 19 7
24 0 42 33
21 23 36 7
3 37 37 7
30 19 29 27
6 41 21 21
26 25 18 36
26 6 34 17
22 28 13 7
4 34 37 33
4 30 34 39
33 8 35 39
8 20 17 46
5 23 15 14
4 4 31 45
11 33 15 35
46 0 31 8
25 37 15 45
24 29 17 8
6 33 41 3
16 25 45 31
40 13 38 32
4 28 6 38
27 13 9 30
28 25 19 39
32 3 9 39
2 33 4 21
8 18 40 32
15 32 6 38
4 28 6 46
29 11 5 41
35 1 18 41
35 8 16 11
41 2 40 33
26 8 21 26
45 13 35 49
44 9 48 10
4 28 44 4
18 7 3 15
23 36 42 10
25 1 10 39
18 5 22 44
30 17 42 34
10 10 42 33
12 24 17 10
5 3 26 38
11 38 47 3
15 7 38 29
35 9 30 32
23 18 4 39
19 38 42 34
12 36 42 34
20 14 29 30
24 29 16 31
15 32 0 18
21 31 36 19
9 30 9 38
11 49 13 34
11 38 42 31
40 5 46 9
12 17 45 31
24 30 23 47
33 13 29 32
12 20 11 31
5 43 13 14
5 29 14 35
6 33 36 7
21 7 36 3
11 39 38 38
7 34 36 6
8 30 41 33
22 22 8 33
38 6 36 13
20 21 29 44
5 5 29 39
22 30 3 45
19 36 9 42
6 32 13 44
34 17 25 49
19 29 35 8
10 25 39 30
8 8 11 34
15 33 8 28
4 26 15 36
13 17 38 35
2 23 26 17
20 32 39 34
27 1 21 33
27 30 11 13
16 37 27 45
13 0 24 25
3 17 43 15
9 28 31 20
8 3 6 45
19 11 37 9
25 9 42 11
22 22 11 45
16 25 25 38
29 25 21 0
17 13 34 0
32 8 41 33
17 21 43 28
21 29 44 32
25 26 18 44
15 30 48 9
24 23 25 49
17 18 11 42
5 28 30 46
29 0 18 10
39 3 11 10
3 23 5 41
18 2 2 29
6 13 16 18
32 34 37 29
14 18 3 26
29 24 12 9
30 0 1 38
26 12 2 37
31 9 13 31
27 13 43 3
18 25 10 27
17 46 11 36
22 20 9 18
12 28 23 44
7 23 16 28
41 3 43 13
42 2 9 29
9 4 26 31
9 23 33 24
7 29 17 28
19 30 4 29
27 23 12 37
12 29 17 16
22 28 12 36
19 30 19 48
17 31 27 29
39 23 17 31
29 41 38 31
13 35 40 35
28 7 47 10
28 25 41 33
46 15 38 2
25 11 37 2
8 30 36 27
42 4 21 44
1 6 7 25
7 25 44 4
12 29 19 35
33 14 43 9
13 2 20 48
36 12 34 30
18 0 36 41
8 29 41 6
14 1 10 8
43 2 27 33
30 5 39 15
12 34 31 44
24 11 21 29
19 5 45 0
49 13 41 33
42 15 26 27
20 34 10 43
39 0 15 27
27 4 37 29
14 2 41 39
15 34 15 28
48 4 6 42
15 33 16 12
1 32 14 12
7 33 15 11
30 21 40 1
25 15 40 34
40 18 15 43
32 9 10 26
6 28 42 33
35 22 31 47
39 13 24 25
10 32 25 27
5 34 12 15
23 36 37 37
21 16 45 7
38 8 6 37
16 15 20 31
8 26 11 8
24 24 15 45
38 0 24 42
14 6 12 47
33 8 47 13
16 24 31 46
29 8 42 2
36 2 16 22
48 5 45 10
30 7 40 31
23 36 33 1
17 32 37 15
21 30 9 40
18 2 5 12
38 2 47 7
10 4 13 37
19 3 29 42
11 22 21 48
22 10 5 40
8 29 25 43
9 29 11 32
21 20 21 31
26 15 15 35
21 33 17 35
25 29 9 34
8 35 14 31
11 30 17 40
27 10 42 14
26 2 24 43
19 0 38 16
27 29 48 8
44 9 8 47
15 26 8 41
38 16 16 18
21 7 1 42
0 4 8 36
21 11 33 7
11 25 0 31
21 42 19 14
21 19 12 27
19 33 38 49
23 18 14 7
13 5 21 9
8 28 23 17
35 5 5 11
21 36 43 5
14 18 21 12
15 19 36 29
29 8 36 13
19 6 38 2
33 11 39 23
3 27 28 4
8 16 0 17
16 48 46 1
25 3 49 14
41 13 19 35
21 39 10 33
12 37 11 6
12 27 44 10
27 18 39 32
7 24 39 48
25 34 3 32
36 12 16 14
17 23 18 32
32 48 40 35
2 5 38 31
0 31 8 47
14 25 21 27
43 8 10 49
6 25 45 29
24 26 13 43
21 7 34 39
17 38 11 32
12 27 20 38
42 2 34 48
24 23 37 39
3 34 34 47
11 40 0 35
3 17 2 21
16 29 40 29
10 30 49 13
9 33 29 49
18 19 35 6
7 13 5 21
17 28 15 17
16 36 44 2
29 45 13 36
27 22 19 47
15 39 39 9
33 2 30 48
17 2 11 44
39 2 15 27
11 28 44 6
46 5 23 35
15 3 25 38
17 47 39 30
20 30 12 39
13 27 33 22
36 12 28 22
18 22 26 37
5 37 16 14
21 35 41 5
0 23 37 31
17 32 21 25
25 24 21 16
24 29 33 40
33 5 32 13
3 29 36 20
29 10 10 46
14 25 42 12
19 42 25 28
24 28 7 36
36 25 14 45
6 21 41 36
4 33 13 37
23 28 24 34
34 4 27 21
14 0 17 43
13 23 28 7
42 11 38 35
28 11 36 34
20 9 41 1
1 37 16 32
34 11 30 39
11 38 43 7
10 26 2 44
15 24 27 42
23 11 21 31
7 44 5 34
22 7 16 45
27 15 48 32
25 13 1 40
9 7 1 35
12 39 31 3
13 23 40 32
24 32 31 41
22 21 49 3
14 25 1 44
14 28 42 2
9 38 40 35
18 33 16 42
13 24 3 41
27 8 46 3
42 6 35 36
0 33 22 43
16 32 41 34
7 31 48 3
12 19 47 18
19 33 5 41
22 26 10 33
3 9 21 32
10 25 27 43
15 12 30 4
32 19 23 15
1 28 28 35
4 4 22 42
36 12 35 20
28 9 38 32
2 31 15 38
37 12 9 14
16 36 40 16
29 23 25 35
38 9 6 31
13 15 46 6
6 11 2 42
15 4 35 19
21 38 43 29
18 37 37 27
44 1 44 27
40 1 35 45
36 0 39 31
18 31 24 43
20 0 0 44
20 27 6 33
19 9 39 28
29 45 46 11
27 9 48 9
25 7 42 31
39 18 36 30
14 6 15 40
13 0 21 49
33 2 5 30
6 31 15 44
27 11 17 20
41 6 39 33
4 26 27 5
24 21 38 35
1 29 30 45
24 6 22 44
10 25 14 39
11 21 19 11
21 0 21 33
1 1 18 35
29 7 39 34
9 31 19 35
13 21 40 29
20 28 38 43
27 33 41 28
9 0 21 39
11 28 8 32
7 29 13 35
26 1 15 23
17 29 24 31
5 27 14 19
26 6 14 4
1 17 26 36
1 30 3 43
34 11 22 18
12 2 2 39
9 34 19 38
37 8 6 35
31 4 48 15
28 9 34 41
27 29 28 35
7 22 31 46
33 24 36 48
2 32 29 37
15 27 42 31
17 33 5 43
21 11 17 30
25 12 32 37
9 9 13 36
29 22 40 30
21 32 4 38
41 9 39 34
9 21 22 25
10 44 12 48
6 26 18 40
16 37 25 39
9 11 6 19
0 26 19 33
14 3 12 30
15 30 25 43
22 27 45 33
31 40 23 12
20 35 15 16
9 27 17 34
0 36 29 33
11 23 5 43
21 26 8 36
10 27 40 36
3 16 6 49
38 2 44 1
15 22 8 27
17 14 37 39
40 1 35 8
6 36 12 32
18 11 18 37
21 26 35 3
17 10 27 49
6 28 14 32
21 29 15 18
5 31 3 37
18 19 13 48
11 26 28 24
22 17 0 36
17 25 39 35
12 11 42 37
2 10 42 35
4 28 41 33
17 2 5 36
29 8 38 16
18 23 23 35
17 31 41 34
21 9 24 42
32 10 41 29
12 31 16 40
34 11 39 7
18 28 32 32
20 9 14 13
15 13 18 45
6 32 29 2
18 36 42 2
2 28 18 14
9 16 21 44
37 13 15 30
4 33 27 30
5 19 49 1
9 29 28 40
40 9 1 13
5 20 29 43
16 26 42 0
18 30 31 47
18 10 23 33
19 25 14 38
37 7 15 15
7 28 44 14
17 7 23 34
11 4 23 26
9 39 46 6
19 31 12 42
23 26 3 29
3 14 19 49
21 27 44 6
30 41 13 33
11 31 44 35
14 21 30 8
13 21 9 30
27 7 14 34
46 0 7 37
16 39 43 12
19 41 9 45
19 30 46 0
11 31 43 31
12 14 21 24
13 32 42 6
0 26 11 28
25 36 42 7
35 9 43 34
20 28 16 11
18 27 23 45
23 37 44 0
12 41 23 49
6 19 47 14
45 15 20 44
8 18 47 11
16 22 6 34
40 1 18 24
8 21 31 37
6 26 0 48
38 11 40 31
14 27 41 18
25 31 17 26
6 24 24 34
27 9 20 46
9 9 40 11
20 39 9 44
16 29 21 48
17 30 18 34
23 34 19 22
13 29 10 22
0 27 38 25
2 27 25 37
24 0 0 38
15 24 44 4
22 11 38 33
12 6 42 31
24 23 5 49
17 28 24 38
14 15 15 11
3 25 24 34
6 35 46 33
13 36 12 49
12 42 43 31
3 34 41 31
13 17 45 32
16 19 9 19
49 9 11 8
18 7 28 44
13 15 5 3
8 22 39 31
13 7 23 30
16 11 15 38
6 28 9 46
18 2 45 12
15 25 33 48
10 36 40 7
21 27 39 32
36 12 34 23
12 17 45 8
16 21 25 47
0 2 15 49
1 31 13 41
31 9 49 4
7 27 10 39
14 25 43 27
6 21 6 31
3 32 39 2
3 32 19 43
30 19 43 35
2 13 4 37
32 20 41 27
33 11 23 49
10 28 35 24
18 37 27 17
3 12 35 48
19 18 40 33
3 7 14 19
20 6 23 35
30 1 7 44
41 13 49 8
12 37 19 19
20 27 21 31
27 23 3 29
4 30 38 29
25 37 12 13
7 43 36 33
37 1 42 31
34 4 13 48
29 34 14 42
7 27 28 39
5 19 34 29
4 27 16 21
3 31 31 26
6 21 40 5
12 5 38 33
30 13 43 17
37 6 18 42
4 3 17 41
35 7 40 33
40 0 7 47
36 7 17 34
10 13 38 32
28 14 39 32
36 0 10 44
14 2 15 41
34 5 8 33
15 34 33 35
26 10 5 2
35 11 13 19
19 14 3 38
21 27 39 30
45 3 31 43
10 20 40 30
13 35 18 41
4 25 42 5
45 1 17 13
23 28 1 23
14 39 45 24
20 39 2 28
5 42 8 45
8 27 42 33
38 8 49 8
8 39 21 40
19 35 45 1
2 18 21 38
9 21 10 42
28 28 49 12
44 20 19 45
3 33 32 37
13 11 43 33
16 20 18 35
19 17 39 8
42 4 43 15
22 29 11 31
22 42 25 36
9 38 1 35
23 33 21 42
6 32 38 21
20 37 38 12
16 4 48 6
10 36 17 38
10 13 46 7
29 5 23 30
11 30 21 33
19 36 9 32
40 7 39 36
2 13 23 47
7 31 21 13
21 29 25 45
5 32 25 41
4 24 24 35
6 27 37 13
14 24 42 20
16 33 43 8
7 0 26 17
27 10 42 6
16 8 16 41
26 15 40 31
26 5 9 44
36 0 39 17
6 26 15 42
21 6 2 40
7 16 16 12
8 24 32 11
11 31 9 26
32 20 25 43
11 35 8 24
24 2 26 39
22 27 36 10
12 20 20 12
13 23 18 43
44 12 14 9
11 31 36 35
5 22 23 41
3 31 13 10
17 33 44 34
4 30 30 44
28 10 39 39
7 17 48 8
18 11 42 34
24 6 30 41
22 13 16 47
7 32 42 32
