50 1088 11381 800
44 42 26 12
42 6 41 19
42 16 0 6
35 20 42 11
47 7 37 18
49 33 39 9
26 27 19 27
24 24 40 0
43 41 29 6
30 41 47 14
15 45 17 21
39 38 30 12
8 10 14 34
48 32 22 4
40 8 42 5
3 15 28 31
49 35 20 36
39 25 22 10
45 6 32 16
20 27 38 22
3 38 17 16
6 7 41 5
42 11 30 30
20 39 36 37
44 29 23 10
48 8 3 43
14 21 17 29
47 13 37 35
7 10 22 26
36 43 34 31
17 26 33 22
27 23 35 24
30 44 43 10
39 13 27 14
26 38 43 2
12 5 27 19
19 46 30 17
34 40 35 10
48 10 26 19
30 17 37 10
4 32 31 12
21 44 34 10
14 31 35 13
8 9 12 14
4 20 33 12
33 45 29 25
24 13 9 39
43 16 14 23
46 36 32 29
43 36 26 7
49 18 1 18
1 29 36 3
25 22 6 0
31 7 15 27
45 9 32 19
46 37 8 17
43 45 34 22
42 40 43 10
6 1 38 4
47 6 15 10
28 44 39 6
49 40 44 7
27 38 19 10
5 47 32 11
24 48 24 19
8 11 32 6
45 38 31 21
47 38 26 34
31 31 32 25
37 18 42 9
40 29 23 27
12 13 36 10
13 11 17 22
1 9 30 20
49 44 33 12
46 47 28 15
37 0 29 23
10 11 27 24
21 5 42 6
45 16 40 9
20 17 35 11
34 5 22 23
40 47 26 20
43 15 28 27
46 1 43 7
43 37 36 21
19 44 32 14
21 40 42 36
27 24 33 12
26 10 41 13
48 47 21 26
44 34 35 11
10 12 24 7
46 14 24 37
39 15 12 34
45 41 27 6
23 39 35 7
29 6 19 15
44 18 32 39
5 35 31 21
26 12 39 28
17 41 24 4
44 48 15 21
36 10 26 10
10 41 21 17
44 13 24 12
35 2 17 26
9 8 38 21
11 48 31 29
36 5 20 35
27 20 33 9
28 45 41 2
43 0 44 6
42 33 8 28
5 20 27 3
45 35 14 32
13 20 32 18
28 26 21 35
33 22 38 17
43 41 32 9
38 7 43 14
6 13 34 16
47 35 13 1
38 11 17 37
0 39 21 28
46 0 23 18
41 11 14 18
27 39 31 12
47 36 45 17
14 37 19 33
46 45 21 14
6 10 23 18
15 0 11 18
33 31 29 36
42 21 18 20
28 42 40 2
33 30 42 22
34 38 32 19
49 39 34 11
46 7 29 19
49 37 9 45
30 44 29 14
14 11 40 31
42 6 5 25
48 11 34 24
24 29 21 33
34 24 27 15
3 11 26 7
21 10 41 8
14 17 31 13
25 29 36 28
12 40 15 28
35 30 34 25
34 1 23 37
40 17 34 11
42 3 26 14
30 43 45 24
38 41 14 25
15 48 30 10
39 3 41 13
36 28 28 28
16 16 31 2
41 5 25 37
12 17 33 12
35 5 31 12
24 41 46 8
15 49 31 42
47 37 2 7
41 6 27 12
10 11 33 11
41 23 27 14
47 10 20 21
15 33 2 10
6 11 40 22
25 37 41 10
27 8 43 12
37 2 20 20
47 47 43 10
38 35 14 12
30 18 28 24
1 5 37 13
16 5 34 14
32 37 27 24
40 1 16 24
4 14 31 21
37 6 28 17
7 16 18 17
46 33 30 13
10 25 22 31
44 6 32 13
2 1 5 36
10 40 17 24
43 47 29 10
4 3 14 18
25 4 41 11
38 29 9 1
31 47 31 33
36 15 43 35
20 44 9 31
17 36 33 27
6 13 41 4
7 47 42 7
5 17 25 9
12 37 36 18
35 26 28 16
2 9 17 36
7 38 4 4
39 34 33 28
35 34 9 26
48 24 30 15
42 36 23 20
39 5 41 13
23 46 27 32
24 19 6 22
40 6 44 20
6 13 34 14
43 9 26 11
34 33 0 5
48 43 34 9
47 31 41 29
23 38 35 11
43 13 31 15
49 5 31 21
6 15 42 13
7 34 7 8
27 39 41 23
11 16 36 14
4 49 24 14
24 24 32 45
23 36 34 10
19 31 18 17
6 11 23 25
40 37 48 26
9 17 27 31
13 44 18 35
45 46 3 41
37 28 42 18
16 11 21 25
21 47 35 10
39 27 34 17
49 30 26 46
37 28 35 12
25 48 47 35
29 41 2 16
24 34 27 4
19 39 24 11
17 38 27 7
15 15 42 31
32 27 36 18
34 40 19 31
18 16 31 18
35 25 35 17
12 23 37 25
1 13 32 24
27 30 2 23
23 9 39 5
23 36 45 8
16 42 26 31
48 30 31 29
36 16 48 14
40 44 28 19
35 42 36 18
8 10 28 14
12 23 17 20
49 37 29 21
42 17 34 12
8 13 22 26
39 27 31 10
12 41 44 8
47 39 28 17
14 37 32 30
2 6 25 20
23 47 9 20
48 37 44 5
32 8 20 6
49 38 27 26
23 2 22 26
12 40 31 11
13 35 19 25
25 31 33 13
47 0 33 15
45 11 30 13
17 17 32 13
37 2 43 12
49 38 43 7
11 38 28 17
22 49 19 18
30 10 37 23
40 42 33 14
3 22 14 0
47 6 1 35
16 7 27 22
2 30 27 10
39 12 34 26
25 23 26 27
42 47 29 11
13 28 37 6
42 49 15 2
47 38 29 30
30 5 33 41
41 1 48 9
46 39 24 6
0 25 28 14
7 14 31 28
49 15 26 1
42 6 24 37
37 29 33 17
44 47 35 8
39 44 28 21
46 19 23 8
13 11 43 6
48 12 31 10
46 35 26 48
43 40 29 21
38 0 32 27
40 9 21 31
29 19 29 9
6 10 34 14
47 36 32 17
5 44 25 31
38 19 30 11
13 45 26 40
35 8 21 22
9 13 29 32
27 43 30 29
46 41 0 22
37 37 47 9
4 13 3 39
27 0 19 20
37 2 45 4
46 18 32 17
24 40 22 35
21 43 1 12
14 16 24 38
35 5 6 13
27 37 15 4
29 39 11 23
22 35 29 19
48 43 20 27
34 3 32 12
43 49 30 37
10 14 7 9
2 36 21 34
42 31 34 9
38 39 26 31
20 32 24 22
36 8 32 40
46 22 41 7
27 42 28 20
45 39 30 22
17 47 35 11
24 41 42 7
9 14 44 4
49 8 33 14
46 11 39 4
9 12 47 11
30 37 23 1
32 36 32 15
20 38 27 6
14 10 8 26
33 17 30 12
2 7 12 25
44 38 27 25
49 40 36 17
28 5 24 32
30 30 13 23
28 46 33 36
32 46 34 13
26 48 45 35
16 30 45 10
21 42 26 27
9 6 38 33
19 15 35 13
44 45 38 13
34 13 41 7
48 32 17 13
28 44 41 24
5 14 19 12
38 46 26 3
1 26 25 31
5 22 16 26
9 11 39 4
38 20 30 19
36 2 39 28
17 46 39 28
44 26 41 8
7 3 23 10
44 31 27 27
49 40 21 44
46 35 19 38
49 36 28 19
43 7 11 13
6 16 33 20
9 16 31 14
12 37 35 8
33 45 33 10
40 17 43 2
21 26 34 13
3 41 13 24
34 8 44 13
20 13 32 12
44 46 31 1
30 22 40 12
29 42 37 9
24 43 15 10
19 46 16 36
1 43 25 36
18 47 43 5
3 1 30 13
47 14 24 18
25 35 24 14
33 38 32 32
4 33 12 35
31 41 18 40
11 9 16 1
48 34 41 26
41 9 30 15
29 16 31 8
26 36 38 33
15 39 19 40
45 23 5 36
21 35 37 12
42 8 14 25
33 16 17 21
47 9 47 19
22 19 43 0
41 21 28 5
5 14 20 31
41 34 22 25
2 6 19 20
40 5 26 25
8 15 15 17
40 42 37 14
24 44 9 35
11 12 32 22
49 36 24 43
47 48 30 8
33 2 24 26
47 18 23 21
38 6 20 25
5 15 18 47
27 37 24 29
43 8 27 15
46 3 34 22
47 42 25 15
44 38 35 32
30 19 17 5
38 18 31 10
38 26 33 13
49 39 40 5
34 10 37 12
47 39 39 21
42 4 9 28
12 7 27 10
34 10 19 23
20 46 19 38
46 27 31 9
48 39 35 11
34 14 32 32
33 38 30 18
5 19 28 10
49 35 31 12
34 47 17 16
36 8 24 26
32 22 40 33
25 22 33 15
49 17 12 26
17 28 26 10
42 37 30 13
9 23 35 32
23 21 30 11
11 18 41 43
43 3 22 22
26 46 5 44
24 20 28 21
4 14 22 19
29 18 18 34
15 18 34 19
7 14 20 21
40 23 41 33
42 9 29 43
9 14 34 14
45 38 25 27
38 10 33 5
44 27 20 26
7 39 22 9
29 30 9 25
42 22 7 3
32 41 21 30
42 9 45 5
44 27 32 15
47 21 25 36
9 14 3 39
46 49 36 12
49 23 6 25
32 34 33 13
14 20 33 15
45 40 1 37
34 29 8 16
1 43 32 11
11 12 18 26
25 14 31 23
49 36 35 9
11 17 33 12
25 47 41 11
35 40 33 12
12 7 22 28
48 37 30 15
23 46 9 7
36 13 35 26
9 14 31 27
30 31 39 22
29 32 37 13
9 7 36 17
25 43 41 8
31 28 23 34
40 25 31 9
26 38 34 19
22 45 2 25
23 33 43 9
9 31 1 18
3 36 36 11
31 16 8 20
13 15 20 4
36 20 10 35
12 21 28 20
47 42 14 14
37 27 40 25
30 46 7 6
15 39 25 15
45 12 32 8
42 24 28 26
15 24 25 20
43 12 26 2
41 10 11 41
47 4 40 4
49 40 17 2
20 47 25 23
46 22 33 17
36 47 31 16
27 30 11 3
11 13 28 25
23 19 33 9
46 41 34 11
18 38 11 30
48 12 36 26
41 16 37 17
5 46 5 2
42 42 41 6
24 38 13 33
7 13 18 12
34 28 46 29
36 15 26 28
40 30 27 24
16 22 5 24
45 9 15 14
34 33 44 2
27 28 29 25
31 3 37 16
6 4 15 25
9 11 37 8
6 17 31 23
6 11 29 25
32 20 25 21
0 30 32 15
7 13 26 10
44 37 35 14
48 20 13 19
28 43 28 28
33 18 40 21
43 49 8 22
20 5 39 40
48 4 42 28
4 13 34 14
42 11 29 31
5 28 33 22
31 39 32 26
42 6 33 12
6 9 24 22
43 37 30 11
34 28 45 12
32 19 44 10
10 13 33 11
46 27 27 4
16 45 30 9
38 21 41 19
39 32 11 26
37 16 30 25
23 41 18 27
38 32 6 0
22 20 33 14
46 37 31 11
38 47 32 14
11 13 12 36
33 25 9 13
42 3 16 27
42 7 33 21
17 40 28 24
47 21 37 16
35 18 11 18
29 41 35 12
18 28 31 16
2 9 28 37
38 37 33 24
18 48 32 26
38 8 31 24
38 12 27 9
37 38 25 7
27 23 20 21
20 39 38 22
36 35 33 10
0 14 27 20
48 35 16 37
12 13 42 8
36 10 19 19
41 7 46 2
8 9 29 7
9 14 27 7
46 3 2 25
18 40 31 41
17 20 5 24
44 17 22 18
42 49 20 34
5 33 23 27
33 33 2 19
47 10 18 43
4 12 16 23
31 3 36 10
34 16 43 4
34 41 35 31
40 9 25 25
31 10 11 13
3 6 26 19
11 34 31 5
33 22 22 31
46 42 28 28
17 12 2 12
8 8 34 10
47 44 13 47
6 11 23 15
41 32 6 30
31 7 13 12
44 39 25 39
39 45 34 11
37 49 36 10
38 14 32 6
5 9 27 1
28 39 6 8
45 33 33 28
6 38 41 17
23 1 21 14
40 0 23 25
46 12 23 46
33 43 20 6
22 16 34 12
38 48 19 39
1 10 31 16
47 18 26 16
46 39 35 38
16 27 13 24
49 43 27 28
39 8 39 17
41 13 41 2
30 31 46 7
5 15 34 4
38 37 33 11
23 33 38 12
43 5 35 12
11 12 4 1
12 39 0 10
1 13 34 12
11 12 31 11
30 7 36 23
17 23 36 14
49 49 38 33
13 10 18 29
9 11 48 8
32 14 27 12
15 49 16 4
8 12 22 24
21 34 30 25
36 13 21 17
49 31 12 35
10 26 40 14
37 15 22 24
22 35 18 28
9 7 17 19
2 22 31 10
46 10 32 13
27 48 24 35
7 19 20 26
31 7 18 21
48 33 37 10
41 22 31 30
23 46 32 37
42 39 27 22
1 43 36 16
29 20 27 29
32 21 32 9
46 41 31 26
35 20 29 9
31 16 32 22
28 37 33 12
48 38 12 4
48 6 45 29
1 34 20 45
19 49 39 8
21 23 30 21
45 2 26 43
5 13 49 17
47 28 8 15
7 13 17 27
37 48 35 7
18 11 28 11
18 14 24 28
42 2 18 5
36 5 24 24
42 27 35 24
24 26 18 33
42 8 48 9
37 27 43 0
49 36 30 12
41 45 30 23
7 32 36 16
36 35 33 22
9 10 9 17
49 40 1 17
41 42 18 33
33 9 42 11
45 43 21 2
25 39 31 40
6 31 27 12
9 46 22 3
45 35 26 13
47 37 21 19
20 40 24 31
49 38 32 35
49 35 27 30
11 41 36 9
46 42 17 13
8 47 32 13
25 17 24 38
47 48 35 20
45 38 36 31
12 1 35 11
26 46 22 22
4 43 8 29
35 24 27 19
47 43 44 8
26 31 44 29
32 38 32 11
31 1 15 19
46 40 31 12
31 12 36 8
13 48 39 2
45 49 28 27
45 39 36 9
39 34 24 10
30 10 31 14
44 7 16 6
38 37 18 23
7 17 34 15
5 10 27 23
34 13 38 19
32 8 37 24
20 41 41 7
33 43 34 6
6 14 40 24
19 33 16 14
13 39 17 20
10 26 21 35
19 15 34 10
45 31 31 9
38 6 19 15
45 8 31 7
28 32 33 28
49 35 23 27
45 39 30 8
14 12 41 11
27 44 21 32
27 37 11 36
45 14 36 15
16 30 40 7
29 32 38 30
36 11 44 8
46 47 32 10
44 44 40 30
31 0 30 7
21 38 29 10
27 38 19 32
36 14 4 12
35 39 30 15
43 12 35 9
16 47 17 37
27 1 21 42
21 49 32 15
49 35 33 15
47 45 39 40
12 15 15 38
17 46 26 31
8 24 3 16
41 34 19 7
17 44 13 14
42 22 27 20
10 8 19 16
11 42 36 11
46 27 28 18
29 35 31 30
16 33 39 7
22 9 30 18
6 14 30 19
40 38 21 19
29 10 14 20
45 43 35 12
35 10 25 15
33 35 0 26
19 25 30 14
26 46 29 27
34 41 25 12
10 15 40 4
43 5 40 19
10 13 40 6
41 7 39 25
49 35 34 10
46 40 28 16
13 36 41 39
45 9 41 8
9 12 1 5
33 28 18 18
26 10 22 18
9 34 12 37
45 37 30 42
31 36 28 26
34 38 32 13
21 42 12 40
38 48 41 40
14 21 34 9
4 15 26 34
49 29 33 14
20 29 44 11
15 49 19 2
25 46 15 40
27 39 39 22
21 47 13 26
3 4 33 37
0 24 28 23
46 17 33 10
23 48 27 13
46 28 45 9
48 36 38 7
29 0 38 6
32 33 35 11
46 13 33 19
34 4 47 2
32 12 36 15
11 12 35 1
36 4 41 12
34 46 34 32
35 30 28 27
39 8 39 31
19 40 32 14
42 39 27 10
14 31 10 26
9 45 36 14
10 39 8 6
23 40 30 10
17 35 35 17
18 42 29 13
36 3 10 18
41 10 9 21
42 10 27 15
46 39 26 38
43 5 19 45
28 14 49 28
44 47 33 44
47 47 33 15
45 18 32 12
43 49 36 9
45 2 37 13
16 29 22 36
42 40 30 30
9 13 25 26
48 9 25 9
31 29 25 16
12 6 39 36
48 41 28 30
22 28 26 31
31 44 31 10
38 46 38 28
33 43 25 29
5 12 11 0
34 15 33 10
35 26 37 13
47 40 39 34
45 41 32 11
43 29 14 8
34 27 23 17
18 49 33 12
34 45 34 10
44 3 46 24
10 15 17 21
46 42 49 6
26 15 30 17
41 6 23 11
49 37 21 26
10 42 23 9
42 3 9 17
19 5 40 8
47 20 24 34
22 15 15 39
42 7 41 14
48 6 32 11
28 6 18 3
30 44 42 8
26 45 1 34
6 11 34 8
23 46 18 38
30 26 35 31
30 29 33 11
20 44 17 24
28 42 42 30
7 8 19 29
41 44 28 25
29 24 5 11
15 19 20 12
35 2 35 10
46 37 25 23
30 42 7 30
41 17 36 28
24 49 31 15
48 34 34 12
25 13 44 11
34 41 34 11
26 24 31 21
11 34 35 33
45 8 6 33
44 9 21 36
47 42 15 18
26 33 38 19
33 7 30 12
35 2 33 13
41 46 29 18
44 5 35 31
38 7 21 24
46 7 30 19
30 38 12 30
15 33 48 14
4 25 12 31
46 15 31 12
40 25 31 11
14 49 31 12
42 37 36 31
6 14 21 25
22 11 34 33
31 6 18 11
41 32 7 11
0 8 38 19
29 32 11 27
29 48 40 23
11 46 49 25
33 40 30 13
49 41 30 7
12 11 23 10
26 46 21 41
29 44 43 28
30 38 18 31
16 45 24 21
22 42 34 11
23 21 25 27
43 47 2 25
7 13 43 8
47 33 12 14
41 48 22 44
38 43 33 17
13 29 26 13
36 46 39 7
41 26 34 12
5 43 27 32
47 39 35 25
33 40 27 27
15 20 23 26
46 2 26 14
36 16 32 12
15 34 30 12
10 42 25 36
10 33 28 15
39 13 41 43
33 14 34 9
44 36 29 36
48 38 30 19
21 40 48 16
14 46 39 12
12 47 32 27
38 17 18 43
47 45 36 24
46 16 46 7
49 11 12 20
35 32 24 20
13 35 26 1
8 5 32 19
34 30 23 10
28 6 27 24
6 14 39 8
32 19 11 20
48 38 23 18
9 7 28 21
23 43 15 22
21 34 27 15
12 38 23 23
6 27 36 9
45 38 43 6
34 40 4 13
22 19 32 17
2 1 9 12
16 8 26 24
41 17 41 1
43 38 8 31
9 11 18 25
39 2 42 0
11 48 41 6
13 10 40 27
21 3 30 27
44 4 24 46
35 48 21 6
5 49 24 3
18 16 30 14
10 23 15 25
43 35 17 34
15 46 46 21
8 10 24 6
42 6 28 19
33 29 5 14
24 47 43 9
48 37 28 24
39 5 33 5
49 43 33 14
20 7 11 33
35 5 22 17
11 12 28 23
40 34 32 14
47 14 41 11
44 13 42 10
9 11 15 22
49 42 1 25
8 10 26 11
29 14 34 10
6 24 38 10
7 9 6 22
18 45 33 28
34 29 16 29
24 41 33 12
9 45 25 2
4 10 28 34
11 10 36 12
43 47 33 12
32 21 27 36
39 27 29 17
15 35 21 26
41 9 27 28
46 36 23 28
26 28 12 30
10 29 9 39
28 10 34 12
23 15 33 17
0 34 37 29
48 20 19 24
12 10 24 46
24 38 35 20
45 41 27 34
2 30 42 32
42 10 3 29
44 7 49 1
40 44 34 15
35 30 27 14
47 45 24 27
12 48 43 10
6 29 34 21
31 22 34 5
35 10 26 16
11 49 16 26
26 41 24 20
47 14 33 11
1 40 38 27
36 7 23 22
42 47 9 2
17 20 28 33
30 11 14 13
47 36 26 5
