50 165 12927 800
45 14 41 41
47 14 25 45
42 38 29 44
38 16 28 5
23 2 5 14
38 46 26 38
16 46 30 46
29 10 7 43
18 9 9 34
18 34 36 21
31 19 12 18
10 13 41 37
39 10 0 28
46 28 29 48
40 1 6 21
8 7 31 41
6 1 24 2
37 29 41 43
35 17 43 19
3 8 3 23
3 28 2 19
26 6 2 40
11 8 2 20
28 13 36 44
24 10 1 14
44 16 26 9
23 10 17 3
34 10 30 41
24 6 42 47
20 27 38 44
29 4 5 22
14 5 34 37
13 10 37 12
17 16 25 1
43 14 4 24
38 6 5 28
21 20 26 1
33 49 0 26
11 45 31 5
25 17 24 47
36 15 39 10
48 38 29 43
25 19 14 43
0 30 11 25
43 24 8 47
38 0 7 48
43 10 22 42
1 16 26 42
8 1 29 41
22 24 12 22
18 40 38 1
17 8 3 20
4 3 26 4
22 40 6 44
5 6 6 40
43 38 3 25
47 25 27 24
14 14 32 0
27 12 5 46
33 25 9 41
23 23 27 11
19 15 27 40
19 2 40 38
4 8 0 20
13 33 13 48
37 20 29 7
29 1 25 5
5 8 2 45
39 0 26 43
37 40 8 16
25 3 5 21
45 15 3 39
47 26 9 22
10 29 33 43
25 11 3 40
34 21 33 40
28 31 36 11
20 11 2 20
24 19 29 7
34 38 39 46
38 2 10 43
8 3 12 42
25 38 19 39
4 0 5 25
7 4 2 21
25 11 0 21
0 9 23 11
11 4 34 39
10 0 48 42
29 27 5 18
17 21 2 27
16 41 44 38
12 17 13 23
19 32 4 15
2 11 28 35
7 2 25 10
34 34 5 21
19 14 3 17
13 24 12 30
22 48 24 19
13 10 10 39
28 3 32 44
45 39 30 5
33 5 4 44
44 42 34 43
44 5 0 28
42 42 8 14
20 4 2 24
41 37 34 7
42 2 24 4
23 23 39 45
4 22 34 42
28 17 28 2
49 41 7 48
12 3 0 28
0 15 32 2
24 15 30 39
21 24 4 26
48 43 42 33
36 25 5 17
40 7 44 32
2 11 35 49
27 22 0 16
37 19 28 46
35 21 38 45
1 0 6 44
44 44 33 40
3 19 26 4
12 5 24 2
40 32 9 40
39 16 29 46
15 5 36 2
2 3 27 47
1 5 41 9
18 44 10 45
42 39 33 3
26 6 34 17
36 20 29 26
37 32 29 0
28 42 42 44
47 44 3 46
49 13 36 37
21 25 24 2
47 24 25 15
12 1 8 48
14 0 29 46
25 20 33 2
25 3 8 41
44 16 34 43
13 8 2 19
16 5 28 40
39 44 35 11
34 15 4 22
37 5 30 2
2 6 32 10
7 8 7 41
25 40 28 24
37 13 34 43
2 9 9 46
37 10 16 30
45 39 32 46
32 20 33 27
45 13 31 44
28 34 4 15
37 24 36 44
