50 726 14062 800
22 40 18 16
18 14 11 11
17 32 10 17
35 29 40 1
18 38 27 7
36 46 40 3
16 13 41 9
40 10 13 11
22 45 40 2
26 35 20 4
0 15 26 2
2 13 44 27
17 32 46 10
26 19 11 20
47 20 24 3
16 5 25 4
42 28 27 6
41 34 11 15
46 21 32 7
38 2 8 10
8 4 29 6
34 48 34 16
37 2 32 7
21 33 40 8
17 14 25 7
31 17 42 8
27 10 20 6
19 29 15 2
16 41 10 17
30 34 26 1
14 40 26 1
8 11 26 6
3 40 35 1
45 35 32 3
30 26 31 10
31 15 28 2
31 35 23 5
40 33 20 4
8 18 25 18
7 8 22 16
29 18 27 29
17 42 5 15
24 18 4 18
4 1 11 20
18 25 24 11
12 45 35 6
15 2 31 3
21 27 11 21
5 12 9 13
32 23 27 3
20 6 27 25
14 18 26 11
36 36 12 19
31 28 28 3
41 13 34 5
39 6 27 3
27 18 45 10
14 37 36 15
44 30 23 1
35 41 22 3
23 27 33 28
39 31 10 20
19 29 28 6
49 8 21 9
4 15 33 20
37 46 27 11
13 43 39 5
19 11 43 9
12 34 19 4
31 32 21 6
28 47 25 1
26 12 5 25
23 15 26 6
4 10 28 3
39 35 42 7
32 34 30 10
17 8 28 0
40 30 4 12
22 27 28 2
27 19 17 12
5 10 27 1
31 33 28 7
33 34 45 2
34 33 33 18
39 0 20 14
41 26 27 2
13 13 35 2
5 21 42 12
14 18 35 1
30 19 10 7
42 31 27 1
43 34 42 11
36 19 30 0
12 1 28 2
11 10 28 1
1 5 28 5
11 4 26 4
35 28 27 1
12 3 25 10
13 19 23 8
48 9 23 10
36 31 11 14
36 31 29 0
12 16 25 2
32 31 3 21
35 16 33 5
29 30 49 20
17 20 7 13
30 21 36 4
36 1 48 10
0 39 11 15
21 33 21 9
34 36 43 6
21 15 20 20
39 16 33 24
36 41 3 14
42 31 42 4
9 30 18 32
32 21 5 15
17 32 26 2
36 43 12 27
23 44 24 9
7 17 37 3
16 18 8 9
4 2 31 11
31 16 26 22
3 16 25 19
41 34 39 7
35 10 11 20
24 31 25 7
37 2 21 25
36 10 29 7
7 0 23 18
16 10 38 3
20 35 25 13
35 30 45 2
39 29 5 19
48 3 32 8
32 43 40 17
20 36 32 0
7 22 8 18
42 36 23 5
2 38 26 8
20 44 11 35
24 14 22 1
39 27 14 3
5 2 34 4
11 42 29 0
48 15 7 18
23 19 30 14
40 35 22 21
16 25 30 0
7 43 4 26
25 2 39 11
14 22 27 13
7 38 6 3
32 39 28 12
43 29 17 0
36 33 28 14
33 19 29 0
20 27 14 19
41 32 14 11
9 32 7 13
18 1 19 5
39 35 19 28
0 17 48 18
48 15 28 3
8 9 25 9
35 29 12 16
37 33 27 3
19 34 37 9
20 24 46 3
23 14 35 12
26 39 28 1
21 18 17 14
17 24 32 24
41 29 11 17
39 33 9 23
14 6 8 16
21 36 41 2
14 41 31 1
37 31 13 14
33 27 23 4
43 5 30 4
13 13 32 6
24 18 18 5
27 16 31 3
5 18 29 4
34 33 19 0
41 33 2 17
12 45 26 5
37 26 4 18
36 8 9 3
20 28 43 4
39 37 7 13
22 31 35 6
27 35 27 1
7 13 1 17
6 38 32 6
11 0 22 6
35 33 26 8
7 10 8 23
35 31 29 12
5 14 46 15
22 21 49 20
41 8 4 0
27 24 30 6
0 19 26 1
32 40 4 17
39 18 31 0
41 35 26 9
17 13 36 2
3 23 27 6
32 48 23 3
45 32 41 1
27 10 28 6
20 46 44 6
49 1 20 7
11 9 31 23
11 38 31 9
7 41 26 0
43 34 18 30
46 13 30 9
23 0 33 8
24 19 10 14
41 18 27 4
21 13 46 12
4 9 28 3
11 27 25 21
8 19 36 14
42 33 35 16
16 21 37 14
6 41 27 1
36 32 28 0
37 29 25 1
39 32 0 26
10 16 38 9
3 19 14 10
18 22 43 10
19 2 28 6
27 25 8 31
25 28 28 11
7 8 24 1
16 25 25 4
38 29 42 9
9 29 39 8
31 16 26 4
34 32 29 2
15 12 48 6
15 16 26 3
4 41 21 6
37 28 22 8
49 3 10 12
35 30 25 2
7 14 27 0
34 40 18 16
37 32 28 1
30 33 46 12
19 36 24 8
8 22 25 9
42 30 35 13
40 31 7 21
5 23 41 26
16 2 9 17
48 4 26 4
35 22 18 28
37 34 31 9
12 9 24 0
7 16 34 5
32 14 44 3
40 30 8 17
45 28 27 18
13 20 27 6
37 38 15 17
16 19 40 18
43 3 27 27
19 31 42 12
48 11 12 1
25 32 26 4
29 24 23 0
15 25 26 11
28 5 38 15
16 25 38 8
22 14 29 5
5 13 17 27
31 13 25 7
26 23 22 15
39 29 29 8
35 12 13 6
49 5 9 17
40 39 26 28
16 29 46 34
17 34 34 9
12 20 15 17
33 37 34 7
37 34 28 18
41 17 11 12
33 29 24 11
16 34 29 1
2 14 41 10
14 37 27 7
36 29 32 15
43 18 18 0
1 31 27 3
41 29 47 4
49 22 43 23
39 0 31 8
37 31 40 10
45 6 17 11
35 28 27 33
7 27 36 2
32 16 41 12
3 18 7 14
10 28 8 17
20 25 7 14
18 25 26 3
48 4 27 7
13 27 12 22
34 40 49 16
9 28 26 1
4 10 26 0
27 25 46 21
17 31 39 8
5 34 30 24
30 27 27 10
8 40 22 3
17 33 39 20
17 34 31 1
39 32 20 2
25 49 31 24
33 21 22 5
9 16 41 11
8 12 27 3
20 14 16 9
37 3 12 16
31 20 37 31
3 32 28 17
7 15 40 9
26 46 42 6
1 14 26 2
34 28 17 5
6 16 37 10
25 26 31 23
11 38 24 13
16 22 31 9
37 34 32 7
38 30 23 2
42 32 14 15
7 16 23 7
17 7 29 3
42 11 27 5
34 16 7 15
3 29 8 19
29 16 43 12
40 14 5 23
19 42 36 2
19 14 17 17
47 12 31 6
39 6 32 7
38 32 26 19
39 29 18 16
40 27 29 1
39 36 21 2
44 2 22 6
32 28 29 9
26 46 28 3
4 19 38 30
39 35 35 18
34 48 25 10
10 18 38 10
31 9 26 28
7 2 28 5
30 26 19 21
40 29 37 1
21 7 35 21
10 10 26 2
41 25 7 16
48 43 35 5
49 0 35 18
4 22 42 4
37 32 26 2
23 6 48 9
21 15 34 6
36 34 24 2
13 37 13 8
6 28 6 21
25 17 25 3
7 28 9 21
1 34 32 1
1 12 29 13
38 31 28 4
38 12 34 34
47 20 26 3
29 35 40 8
7 32 24 6
30 20 29 3
18 42 47 19
31 25 35 13
33 39 22 2
10 10 29 4
36 27 26 10
37 31 39 0
33 35 13 19
38 26 33 10
2 31 37 23
11 26 28 2
7 19 27 2
39 33 44 2
38 35 12 18
11 18 16 8
21 38 37 13
40 16 7 18
43 27 26 4
15 15 27 13
35 10 40 10
35 44 37 13
38 12 35 46
32 32 45 38
22 35 26 1
6 8 28 5
12 18 43 15
27 13 38 0
20 28 20 1
40 32 47 6
37 20 4 24
21 17 33 13
49 16 40 1
45 2 24 16
11 34 42 0
31 17 27 0
30 18 22 13
20 10 17 16
30 13 41 15
22 33 26 7
24 18 37 5
38 18 25 0
44 19 37 8
35 38 27 2
9 34 13 14
18 15 22 6
24 48 29 2
9 11 40 18
17 41 27 1
33 23 28 11
10 32 43 12
29 20 19 6
8 39 38 34
25 31 37 9
1 41 24 4
13 35 23 4
16 44 21 1
17 30 26 9
31 7 27 5
33 34 31 12
23 33 31 0
6 29 26 4
33 36 15 19
7 8 26 3
28 28 32 17
19 25 28 5
2 16 43 22
42 13 38 4
6 4 29 3
5 9 25 4
13 41 39 3
30 12 35 13
15 35 32 8
12 6 28 6
38 29 27 17
35 32 6 11
36 27 23 26
45 35 24 5
17 37 43 16
4 23 35 20
13 10 12 24
10 13 27 19
6 8 25 2
25 47 28 4
45 21 26 1
14 26 47 10
9 34 39 17
6 8 23 4
12 20 25 5
32 30 36 10
10 34 39 9
36 14 26 6
43 32 1 4
42 44 22 1
14 21 10 13
44 2 5 4
10 11 25 2
32 6 40 6
11 24 41 41
12 19 22 13
19 36 10 19
47 17 46 1
46 7 40 8
21 35 14 8
3 11 25 3
41 30 12 14
11 40 26 2
13 36 27 4
16 35 26 6
14 49 30 0
18 31 13 23
9 25 28 26
7 35 29 2
38 17 29 3
34 18 23 3
23 15 26 2
15 37 26 6
16 31 7 16
29 11 35 25
29 34 22 6
9 12 24 7
14 43 30 6
32 41 28 7
36 27 27 4
15 40 20 3
48 42 45 2
38 41 12 16
32 11 30 4
16 26 7 9
41 14 43 8
10 40 8 11
45 36 9 12
34 30 26 0
5 6 9 22
43 7 17 6
36 21 6 13
35 29 11 12
36 31 25 16
1 39 22 5
30 31 30 24
11 0 30 6
34 31 30 5
12 1 19 35
27 31 35 3
0 15 33 1
21 25 19 18
27 28 29 24
2 18 30 1
12 10 4 20
29 28 33 6
23 31 9 8
10 27 35 2
38 47 24 3
13 33 19 17
8 29 6 17
37 30 10 15
23 25 42 6
15 11 43 3
49 48 27 0
11 32 23 5
28 10 28 5
36 19 8 17
31 6 7 16
11 20 29 4
34 36 45 7
40 32 29 6
9 21 25 7
30 37 25 4
39 24 9 20
38 37 10 12
35 3 27 10
9 16 41 10
45 30 9 17
43 8 23 4
41 25 26 8
44 31 31 4
31 34 30 3
14 31 35 11
46 22 13 10
18 20 24 10
34 27 8 27
23 36 15 7
12 5 14 16
33 23 27 14
18 31 11 19
0 40 8 22
36 30 28 4
38 30 8 13
37 30 2 6
9 12 24 3
12 26 36 1
12 30 24 5
12 39 42 9
32 22 7 8
20 27 32 5
39 36 24 3
39 31 32 5
31 47 25 5
41 34 26 1
5 22 3 18
39 7 24 6
17 16 31 17
18 35 26 12
41 36 20 0
49 6 26 2
12 14 42 16
4 21 16 2
42 45 25 6
8 32 34 12
2 27 27 2
13 28 27 2
12 42 34 14
10 33 42 14
32 19 35 2
36 35 26 6
37 30 31 6
3 34 37 7
44 9 27 6
26 0 28 5
15 23 19 7
20 24 32 2
7 20 27 17
37 28 27 4
39 46 9 12
40 35 29 0
31 22 30 5
40 32 5 16
7 35 28 11
16 22 8 26
38 31 36 8
35 34 39 5
48 4 38 5
32 25 2 19
15 35 14 15
18 23 34 4
17 49 28 0
34 15 7 13
14 10 22 37
15 41 27 7
36 34 43 3
18 23 38 21
21 13 39 3
12 23 25 38
37 36 40 7
33 29 27 3
37 20 23 7
36 40 19 2
27 29 5 16
45 18 30 2
16 31 46 16
21 38 36 1
40 32 27 0
26 35 31 3
36 34 45 0
30 14 28 0
34 22 37 10
16 15 45 25
21 22 34 13
9 29 24 6
37 2 24 4
16 23 32 18
40 34 30 2
26 24 33 1
22 20 9 7
44 18 41 11
36 12 11 16
43 31 28 1
16 31 26 8
11 21 29 17
38 34 43 0
34 29 8 17
11 13 23 5
21 36 20 1
35 15 33 3
9 9 26 0
16 13 26 0
43 31 25 0
8 45 21 4
43 21 33 6
14 12 38 7
19 45 10 33
17 15 35 18
3 46 8 24
49 23 22 0
20 9 29 1
19 28 26 5
13 30 31 6
23 20 16 11
17 13 32 5
10 23 30 14
0 25 29 3
12 15 27 3
12 37 28 1
34 11 22 14
0 8 26 4
31 29 27 8
17 37 31 6
24 29 36 11
20 32 9 13
20 34 48 14
43 21 22 0
3 30 31 5
15 45 28 0
17 7 22 18
35 24 30 20
2 15 7 20
34 49 8 16
9 37 44 6
31 7 9 17
10 29 28 3
29 14 37 5
36 30 31 6
24 48 9 13
27 38 18 1
47 26 28 9
27 38 32 6
23 34 12 7
16 12 22 4
44 21 30 4
34 26 21 13
32 28 46 18
18 42 31 5
49 19 27 3
9 31 0 31
29 4 12 17
31 25 21 14
5 41 28 3
4 41 22 3
16 9 13 15
32 32 29 3
11 5 34 1
38 2 31 2
