50 765 12430 800
22 36 24 26
16 29 40 46
3 14 13 45
9 46 29 46
12 26 7 18
33 4 17 29
24 36 16 34
17 31 31 39
41 11 32 47
0 23 34 26
43 2 38 44
5 27 27 26
9 19 7 40
13 27 18 26
33 8 30 38
11 39 5 26
31 7 5 33
9 4 26 27
14 37 10 28
9 36 28 39
8 44 38 39
11 37 34 31
37 25 20 16
3 32 27 28
19 30 35 28
8 34 7 16
9 29 10 33
16 29 1 44
5 7 0 43
15 34 11 30
24 47 0 22
16 38 30 29
11 43 38 38
24 27 37 39
4 0 28 35
36 5 27 26
27 3 6 23
21 34 23 39
0 24 1 30
7 23 27 31
35 7 34 37
43 0 45 45
38 12 3 44
31 39 10 38
5 28 28 21
5 16 0 41
4 18 0 26
20 34 3 43
17 27 29 3
32 6 0 44
1 37 40 49
37 6 20 35
4 43 36 5
19 24 25 26
48 18 3 41
6 39 8 12
23 28 32 39
32 2 3 26
33 5 10 28
10 20 0 20
19 45 15 27
12 37 34 44
21 37 32 38
24 38 5 44
45 15 36 26
6 40 0 44
5 34 1 24
44 21 9 14
30 4 11 40
25 37 14 29
20 27 1 41
46 35 25 6
39 18 9 28
15 49 2 17
36 5 13 5
17 42 31 11
21 31 26 34
42 7 2 48
38 2 36 40
17 30 18 9
22 35 1 43
33 7 23 7
34 3 26 27
30 18 44 1
10 11 1 44
10 44 31 24
2 13 10 26
6 28 36 46
4 27 30 25
26 34 6 21
11 36 5 46
3 42 29 26
27 31 18 5
34 27 24 28
6 26 30 21
11 17 10 31
1 29 40 45
15 47 17 7
6 36 21 12
6 37 1 49
4 16 15 40
22 35 19 18
2 28 23 9
39 10 32 4
20 32 5 25
32 24 1 40
6 27 38 41
3 34 3 43
29 3 7 35
30 41 0 42
11 49 23 35
3 46 27 37
4 27 21 45
43 7 3 24
45 7 5 23
9 10 30 32
35 20 6 43
3 30 1 49
17 16 40 45
18 44 21 35
26 34 43 45
9 41 1 43
30 0 5 32
29 6 7 4
21 37 30 28
49 4 2 44
41 7 22 38
40 9 41 42
3 41 42 47
6 26 9 43
39 8 32 44
27 5 31 40
21 37 4 46
7 22 19 36
3 29 23 17
34 26 40 47
1 34 28 19
23 36 2 43
33 8 30 40
2 35 6 48
25 42 16 38
12 26 18 27
31 41 3 24
38 14 4 41
1 16 34 28
19 41 8 28
7 42 14 16
5 28 19 37
46 16 37 9
1 33 22 3
35 5 25 11
34 2 1 25
33 2 0 47
31 6 1 39
5 34 25 29
33 28 6 25
21 35 38 42
38 14 11 25
41 3 37 47
25 0 35 45
33 41 18 8
37 12 39 44
35 1 3 20
21 17 2 14
21 36 37 44
13 27 0 43
1 1 4 35
1 47 27 30
18 31 25 40
10 35 15 39
24 36 32 28
6 29 15 30
0 28 1 44
36 4 6 40
2 33 20 4
4 26 31 43
47 1 6 42
27 32 25 11
29 38 12 15
9 20 33 26
26 30 17 28
25 21 33 27
12 27 0 18
10 42 5 33
6 12 1 45
26 32 35 23
37 6 2 26
40 7 16 36
4 43 36 29
28 34 9 27
13 28 42 43
36 6 4 38
21 45 34 27
13 26 3 27
40 14 2 43
20 32 34 30
3 25 39 29
13 8 29 3
13 47 0 21
14 21 2 19
37 4 5 38
23 28 5 27
1 39 7 17
43 4 39 34
21 35 36 11
10 27 34 43
16 19 3 49
22 32 22 21
2 13 36 35
34 43 29 8
9 37 34 41
35 4 20 32
21 36 31 23
27 8 4 41
17 15 33 48
21 33 31 30
28 5 1 36
25 2 7 11
1 8 5 18
32 6 36 7
20 35 30 37
1 31 38 13
31 13 23 33
2 24 9 22
9 19 2 20
6 30 28 24
36 35 1 46
34 17 30 34
33 4 27 33
5 23 42 16
49 34 35 38
36 7 1 22
40 0 29 31
38 4 19 37
15 33 5 11
5 36 30 49
15 32 1 44
17 33 9 39
10 28 43 39
11 24 18 22
11 9 31 10
9 19 29 31
9 29 1 17
13 48 2 46
16 32 0 43
25 34 0 24
12 41 32 33
15 28 35 35
10 6 39 43
32 6 43 36
31 7 3 44
23 8 4 24
6 37 0 35
8 34 29 26
4 27 37 39
2 6 23 31
7 46 34 45
40 0 24 26
14 20 25 5
40 7 33 40
10 16 5 28
12 46 30 31
6 22 28 28
16 37 27 33
39 10 22 43
14 35 6 5
9 38 28 27
46 5 8 43
19 26 5 48
45 3 35 24
16 24 21 26
6 42 37 43
39 12 25 44
15 25 2 43
5 39 46 41
19 20 7 41
32 2 1 19
44 34 40 44
0 30 29 25
21 30 29 34
4 27 3 43
0 46 33 36
11 31 4 47
40 35 35 5
19 35 4 19
15 33 3 21
8 46 7 23
7 37 44 45
16 26 19 42
11 30 13 10
21 27 15 32
40 10 16 44
13 29 3 14
12 33 6 36
15 31 41 29
39 32 26 40
44 19 23 24
31 9 37 11
7 17 2 42
6 26 0 44
6 38 35 45
14 34 38 42
4 31 27 31
38 8 28 32
35 10 2 45
17 38 22 45
22 36 25 29
2 27 37 9
9 3 23 33
20 31 34 29
20 46 2 48
18 36 39 39
8 17 3 43
30 1 44 42
6 38 9 29
4 33 39 24
16 47 27 31
20 8 26 9
30 25 3 44
14 21 2 46
27 32 0 31
47 13 20 22
38 10 23 29
6 17 34 30
12 23 1 23
2 30 4 19
21 33 31 20
25 31 9 14
10 42 31 2
33 26 29 36
5 30 13 3
15 38 1 43
8 32 32 6
23 35 37 43
16 33 33 40
5 40 18 22
29 2 21 23
10 29 21 0
13 24 4 44
16 27 5 45
18 31 5 45
46 21 3 45
14 28 1 45
40 27 32 24
10 38 37 7
26 4 23 33
16 12 17 37
11 42 0 31
19 32 17 47
7 5 1 42
22 35 40 32
6 34 44 38
5 37 34 39
33 4 34 39
26 30 30 35
13 29 1 40
21 33 28 7
11 32 15 25
41 14 3 23
8 29 35 38
27 32 37 38
11 23 19 31
12 42 26 26
13 36 6 48
27 36 1 46
23 28 8 28
16 23 6 15
20 33 4 27
8 14 2 14
4 33 31 17
2 26 16 26
10 10 2 21
33 4 12 29
22 33 26 27
0 3 11 13
5 34 38 43
5 40 19 20
29 3 18 26
11 18 1 26
2 15 0 30
19 25 28 30
15 47 24 30
35 1 25 24
7 33 42 36
3 41 0 31
37 19 38 37
7 32 3 34
6 44 26 36
22 41 14 42
9 13 4 38
26 38 1 48
2 13 25 46
34 14 38 42
44 19 29 24
27 9 1 25
4 26 35 27
12 13 12 40
25 16 7 19
29 8 34 49
0 33 10 2
43 6 25 34
23 37 3 46
8 5 34 40
35 4 17 48
6 29 4 46
37 5 2 37
38 9 1 28
24 30 35 38
13 32 8 43
44 39 33 31
17 36 6 30
31 3 2 46
13 35 0 46
6 17 1 38
41 16 27 7
6 44 24 26
35 17 28 43
34 3 12 23
39 1 24 5
0 41 4 42
18 38 45 12
25 42 15 33
35 9 39 47
14 30 0 27
19 49 28 31
26 2 4 44
7 31 17 12
41 4 23 34
9 40 3 38
7 39 33 48
17 24 29 37
19 34 1 23
23 30 30 42
27 32 4 18
8 24 19 36
19 34 36 45
21 37 0 33
10 43 35 39
41 6 10 31
19 40 37 15
7 40 10 11
43 0 32 26
33 1 35 32
18 40 10 38
21 27 25 7
7 33 24 33
35 1 12 14
41 16 14 29
38 11 0 38
1 29 31 34
6 21 33 34
21 41 4 43
36 27 8 29
23 29 1 43
7 22 33 48
22 30 2 45
20 29 5 43
6 6 41 10
3 38 7 20
31 3 45 36
24 2 4 48
8 8 1 43
38 10 8 9
12 24 41 43
37 10 16 18
3 36 11 33
3 30 0 17
25 16 2 43
28 3 2 8
34 0 7 48
7 21 28 28
13 22 4 30
18 29 17 21
37 7 1 28
32 6 12 37
8 27 4 20
20 27 38 35
22 27 34 27
13 25 1 48
6 47 11 20
5 36 38 33
21 42 12 23
11 25 38 15
36 34 28 34
22 21 8 47
19 35 3 45
37 14 28 27
34 0 4 33
22 43 5 23
22 35 4 16
16 25 7 28
36 10 3 41
26 22 29 29
16 18 2 46
46 23 10 28
19 29 3 48
39 6 26 7
1 23 11 33
15 35 9 44
19 21 1 36
36 4 38 40
23 36 38 37
6 37 26 43
5 15 12 48
4 23 23 26
12 33 28 28
14 43 24 29
21 35 0 19
24 4 24 49
7 22 1 47
29 22 1 29
21 26 9 38
6 38 25 23
21 27 24 30
11 32 6 41
39 10 22 24
4 1 15 33
13 8 4 31
45 16 37 41
19 25 3 47
9 1 30 32
7 17 5 41
7 5 32 41
1 28 1 42
31 36 3 43
44 17 44 23
20 37 9 18
0 27 12 11
26 16 25 6
32 6 8 30
42 28 41 46
47 15 31 34
2 20 37 41
16 29 10 31
4 28 33 26
30 44 21 42
1 7 34 35
19 30 5 40
23 25 4 45
34 16 0 31
17 32 0 41
7 18 8 38
13 39 3 47
20 38 17 24
17 43 6 7
12 30 31 36
26 31 39 44
35 4 40 39
20 34 33 37
8 29 3 42
9 7 8 29
4 40 29 32
36 2 1 18
10 17 2 31
37 2 21 10
23 34 2 42
15 39 28 22
8 31 31 24
10 19 21 3
11 44 19 5
6 12 7 29
23 35 40 36
31 0 6 35
31 0 20 3
21 30 17 10
7 42 34 44
37 10 2 43
13 31 16 2
8 43 31 32
7 38 27 30
15 33 30 30
12 36 12 47
6 29 30 31
19 20 2 39
32 35 21 32
48 7 30 28
10 27 41 45
21 31 11 22
33 4 33 42
27 2 33 36
35 4 4 39
14 11 6 36
12 35 33 41
8 18 46 22
15 30 33 33
6 35 14 14
14 32 10 20
20 30 9 23
13 10 19 42
6 36 26 13
8 36 39 39
14 33 5 43
4 40 37 39
1 32 19 4
0 36 4 45
21 19 31 29
14 28 34 26
21 27 31 30
12 41 37 34
1 32 32 49
26 2 39 44
27 31 34 46
5 30 3 45
38 11 29 2
39 14 40 39
4 28 31 11
30 1 30 35
23 38 19 20
10 32 29 24
15 36 34 31
17 29 11 33
13 30 38 37
13 27 4 48
3 31 24 37
6 45 40 33
26 4 4 43
44 23 39 36
42 1 22 21
39 7 26 27
2 29 2 42
19 32 19 38
32 5 28 27
28 39 25 27
10 38 7 42
30 16 3 49
14 26 27 34
1 35 13 29
27 8 0 40
12 24 23 24
11 37 24 24
17 37 6 36
12 16 17 43
7 10 29 29
29 38 37 40
1 29 24 28
19 38 2 47
15 34 14 23
17 29 4 24
27 32 5 29
23 33 31 33
4 7 32 28
15 34 13 16
31 7 0 47
15 26 34 23
15 38 42 22
42 24 3 39
17 36 32 6
34 13 4 44
26 25 33 8
21 29 0 42
32 2 19 25
32 11 24 28
1 35 0 43
1 36 7 16
27 32 20 29
39 8 31 6
30 2 3 45
11 27 1 32
14 35 32 30
9 15 7 26
38 2 3 13
40 12 1 10
35 11 37 30
32 2 36 43
41 18 3 42
9 14 12 39
5 40 21 15
23 32 0 21
25 30 23 47
16 0 29 11
20 44 37 47
40 8 20 26
16 31 24 39
2 45 15 7
1 35 24 8
1 24 14 9
3 25 39 46
32 1 18 32
25 40 18 27
13 48 8 45
41 4 22 36
35 7 27 21
33 5 24 10
5 31 2 33
37 11 3 22
17 18 2 23
20 29 1 40
43 14 42 34
0 38 11 37
2 36 24 31
14 37 21 28
41 12 3 43
17 34 3 39
1 24 26 35
9 42 4 46
24 31 37 5
37 6 47 37
2 16 3 23
17 21 5 46
13 28 37 26
13 31 7 34
14 45 13 32
25 37 2 34
38 12 39 23
20 32 4 44
23 33 29 30
9 25 12 31
11 31 35 42
11 31 4 7
1 34 8 18
1 31 42 37
16 29 11 48
4 26 1 36
12 25 2 45
32 1 16 33
37 13 24 3
35 8 2 41
10 21 25 17
1 30 7 27
5 33 30 20
37 0 32 40
20 17 10 26
9 31 5 40
19 31 2 44
9 20 11 3
27 34 0 33
12 35 31 22
23 17 33 34
11 32 24 24
8 42 0 46
12 43 4 41
13 25 26 26
30 10 24 33
38 12 5 45
1 12 33 25
18 20 6 21
5 29 3 42
20 3 40 33
18 41 18 30
2 34 3 45
1 6 33 27
4 38 32 39
3 34 1 48
8 27 33 27
28 0 41 42
13 22 9 32
5 47 8 49
6 43 39 41
18 43 5 35
17 35 26 24
4 36 4 44
26 11 2 29
2 10 14 42
22 40 43 41
14 23 18 21
12 31 34 39
11 34 6 34
17 33 18 6
36 4 36 29
14 27 32 4
2 36 30 27
11 9 5 41
15 31 39 40
6 33 19 39
13 20 3 47
