50 528 16873 800
48 39 19 26
1 3 48 37
19 7 41 35
37 40 45 11
8 39 30 36
25 14 4 28
9 37 0 22
45 42 12 15
7 31 32 4
14 16 27 1
13 39 4 18
10 19 10 25
12 20 35 35
5 15 27 22
2 9 5 30
6 2 14 22
34 31 31 41
6 17 30 34
39 31 9 25
6 13 21 25
38 40 42 27
5 34 13 21
0 13 1 23
12 34 12 14
39 17 27 32
5 7 39 34
26 19 27 3
35 13 30 32
11 2 9 29
2 32 4 28
11 31 20 49
37 41 42 42
5 9 14 41
5 24 10 23
7 31 30 11
10 7 5 28
9 6 15 47
11 18 38 35
13 12 41 27
3 15 14 15
10 13 43 27
7 12 10 37
4 19 21 32
12 13 1 28
14 3 13 7
15 30 14 24
15 21 6 23
12 31 15 8
7 32 28 14
0 16 30 31
7 34 28 36
25 4 15 22
0 9 35 34
6 2 44 20
10 19 30 9
46 44 23 29
25 16 23 29
46 41 26 35
8 28 10 25
8 10 13 22
10 3 4 29
11 6 46 23
39 39 11 42
10 3 24 32
7 12 44 34
46 38 12 31
42 33 22 0
48 49 7 22
3 27 14 15
12 36 5 4
12 30 12 17
5 36 11 32
5 30 29 31
45 11 8 0
6 35 26 29
31 39 22 9
7 16 40 34
7 34 8 6
10 35 27 24
43 49 16 1
2 9 14 27
17 29 40 28
46 34 6 17
9 39 33 10
39 41 29 16
8 36 46 35
41 39 4 25
47 41 42 33
13 34 35 33
29 14 26 8
10 0 0 34
12 21 32 24
10 15 8 11
18 41 31 31
3 17 42 30
33 2 25 12
49 28 2 38
8 20 7 1
6 39 2 32
40 44 31 28
8 33 44 20
43 36 25 1
42 27 4 27
3 1 15 23
40 25 27 30
32 47 9 32
7 8 46 34
4 15 30 20
12 34 48 36
47 40 39 28
13 34 12 26
36 37 23 19
37 37 3 37
17 40 1 8
12 26 31 27
39 35 8 37
28 2 4 37
3 19 20 15
35 39 43 10
8 25 8 47
6 6 1 31
4 12 38 17
32 46 6 33
34 45 29 35
7 28 16 34
3 22 16 47
43 29 17 23
10 27 33 26
9 31 22 26
38 41 29 27
22 10 41 31
40 42 40 23
34 45 42 37
19 10 35 30
37 33 31 1
1 6 43 28
42 45 32 30
11 9 2 31
26 23 45 33
6 4 10 27
43 33 24 4
5 1 4 19
47 30 32 37
4 40 28 33
31 6 31 29
13 18 48 32
6 35 43 34
16 12 15 22
17 5 47 27
6 31 22 34
6 33 37 16
12 3 18 6
11 31 48 35
8 27 28 32
44 21 42 32
37 34 28 37
39 36 16 0
11 35 24 2
48 34 25 30
16 17 47 38
14 13 33 39
6 1 12 30
34 36 18 35
10 14 18 26
47 46 8 29
34 26 35 19
38 41 30 35
28 1 19 19
9 37 21 10
13 29 8 19
39 2 8 32
11 3 16 26
5 1 21 44
21 10 31 2
13 13 34 1
23 0 24 27
4 6 16 26
0 1 42 20
1 14 11 14
7 22 1 33
32 21 5 33
44 35 38 29
12 2 28 32
5 9 15 42
42 39 5 26
6 23 47 35
47 43 16 0
9 34 43 33
44 42 34 6
7 36 27 12
14 12 40 27
32 41 16 43
16 41 39 37
39 42 30 22
44 39 5 24
11 29 16 9
11 38 6 23
17 7 8 14
12 8 45 29
6 30 25 8
13 36 19 46
10 32 8 27
15 19 7 23
4 15 39 32
4 35 31 39
10 34 10 27
9 31 27 38
11 37 4 46
3 8 28 38
47 40 29 46
48 38 28 9
1 14 33 40
9 11 16 7
8 39 10 35
1 6 39 28
5 37 13 32
8 31 26 36
8 38 39 27
48 31 33 30
14 14 6 47
13 37 29 49
32 31 29 0
3 18 36 1
20 5 4 35
12 33 0 29
46 34 11 34
19 7 19 34
1 15 7 43
8 11 34 26
32 42 35 33
5 27 16 0
8 12 10 24
41 44 31 3
14 21 23 1
9 17 2 28
40 48 48 3
4 9 23 48
7 22 23 28
7 18 25 23
13 29 44 38
1 13 33 2
11 5 45 39
43 46 29 27
33 13 19 24
10 0 25 42
11 14 4 32
8 34 2 20
45 39 6 20
6 20 33 29
5 7 40 34
16 15 35 39
1 18 14 10
45 25 5 22
31 27 10 32
45 36 3 16
9 10 6 28
12 30 20 30
13 45 28 35
9 34 12 23
25 21 15 38
13 4 1 25
7 29 0 34
7 18 27 31
7 12 15 34
7 15 25 33
44 45 6 9
33 12 37 10
26 16 39 21
9 32 8 10
15 31 0 21
26 0 28 25
0 11 27 8
3 11 10 10
9 36 0 33
6 12 33 35
4 17 24 34
12 16 25 32
20 5 8 33
4 15 45 34
4 9 28 13
7 22 45 30
7 13 4 16
45 32 33 16
0 13 31 33
40 49 46 21
3 15 41 32
12 13 30 19
16 19 34 0
27 5 1 22
8 14 29 33
42 35 6 14
37 43 3 30
7 18 2 46
7 10 3 3
17 14 19 44
6 7 3 40
10 9 1 19
21 12 20 28
9 11 25 39
4 21 46 38
29 45 5 30
10 36 35 29
3 34 25 38
10 11 18 22
0 17 23 45
16 34 27 2
11 32 38 39
10 20 29 34
7 6 33 1
19 19 7 28
26 6 11 23
47 46 12 30
13 35 31 22
6 8 15 28
22 6 15 23
7 11 7 23
11 18 39 9
32 41 13 20
3 13 15 38
9 29 5 41
6 12 38 35
46 16 44 7
10 27 2 30
17 16 13 21
9 13 13 8
13 38 17 32
35 34 16 3
40 32 27 28
9 37 40 40
14 11 1 38
19 42 8 12
4 4 27 29
7 36 13 27
49 37 43 34
1 16 30 29
4 14 0 33
40 34 11 21
9 34 10 27
46 44 23 28
38 30 10 27
5 8 8 30
48 38 39 32
4 13 6 22
5 38 34 29
13 10 8 22
20 38 29 7
5 5 43 20
4 36 24 22
42 43 11 25
4 20 26 26
32 3 9 6
12 36 39 3
11 39 34 30
14 32 7 3
19 14 25 8
12 9 39 36
26 10 3 8
27 9 20 8
15 6 13 33
26 8 33 34
8 30 28 31
14 4 28 12
38 48 18 18
20 13 45 30
8 13 39 32
41 35 2 41
8 13 38 35
12 13 28 34
43 47 49 6
7 35 44 29
14 15 16 21
7 34 3 27
13 12 5 36
14 31 13 20
11 3 33 37
15 3 3 19
1 17 38 9
7 33 16 39
44 43 10 23
14 44 6 30
29 44 34 0
13 42 5 8
13 11 37 26
7 10 33 30
21 16 3 28
7 8 32 37
35 35 30 38
13 33 34 36
6 40 2 20
11 38 33 10
7 9 10 21
40 33 10 18
4 23 36 16
42 36 31 34
9 18 0 5
46 46 14 31
5 7 20 45
9 25 21 1
32 38 5 16
4 14 4 35
9 40 34 35
41 42 45 2
12 8 8 25
7 0 22 21
5 31 38 34
18 17 36 33
12 11 13 23
18 11 31 8
14 10 10 28
35 32 14 13
27 12 29 29
4 6 9 30
46 41 15 21
7 5 36 31
6 15 16 29
8 10 25 0
9 3 27 33
7 13 24 32
6 14 24 9
6 29 41 4
15 36 26 29
21 17 4 31
19 19 36 26
15 5 16 18
8 1 36 26
14 18 23 32
15 3 18 15
15 13 8 24
40 44 20 5
25 2 5 24
11 5 7 12
19 19 14 31
2 5 29 22
7 35 0 24
17 12 43 18
46 26 40 26
18 10 34 31
9 36 11 27
11 28 40 37
19 9 34 40
14 36 18 19
15 28 12 12
8 11 6 38
8 46 3 22
43 40 19 39
5 14 35 29
7 16 43 22
15 6 27 26
16 7 24 16
10 31 22 41
38 44 9 0
7 33 44 32
8 33 35 36
8 19 1 23
11 14 18 35
27 9 7 28
43 40 0 21
14 38 40 30
3 34 49 13
3 19 23 9
19 0 3 33
9 12 18 40
4 38 7 15
8 12 40 16
2 16 41 30
15 46 5 6
48 39 18 6
10 8 1 36
13 36 0 23
43 27 13 26
39 45 20 19
11 18 44 38
0 19 5 26
45 44 16 21
8 3 19 15
8 17 44 32
4 13 7 24
41 41 11 1
40 41 34 31
5 17 18 5
33 39 10 23
29 15 10 8
9 39 13 13
30 38 12 23
19 19 37 13
6 39 1 29
8 34 46 30
13 6 10 42
12 40 25 36
7 33 29 15
12 36 9 20
42 32 26 32
4 6 7 44
8 17 12 18
48 32 1 24
26 11 19 20
9 26 28 17
6 27 22 6
10 32 40 29
44 39 29 48
3 14 22 4
10 38 5 21
9 33 36 32
8 39 14 16
4 15 4 32
41 42 42 35
32 20 13 24
2 13 45 13
40 42 28 36
47 34 0 17
37 38 31 26
5 36 18 30
6 13 12 28
15 8 2 18
36 38 7 26
19 10 29 15
8 39 10 30
39 45 26 29
38 8 20 32
34 44 15 27
24 6 46 11
10 6 2 5
0 23 36 20
7 12 7 33
15 37 10 23
44 39 37 9
7 39 10 18
6 12 13 21
