50 325 14310 800
0 43 27 4
39 26 38 40
37 6 28 10
48 17 32 12
39 25 30 26
23 46 36 28
38 11 17 19
1 37 16 6
43 22 24 19
32 21 25 19
42 20 20 39
4 40 24 4
0 38 16 40
6 40 20 33
33 18 38 39
26 47 26 6
42 23 30 16
37 10 25 8
21 17 26 3
9 10 6 8
34 19 22 13
28 25 20 39
48 31 27 25
38 5 12 18
25 30 38 37
36 7 27 25
44 13 16 15
36 31 29 42
40 12 23 3
31 29 32 4
19 4 25 22
37 7 39 10
42 7 25 6
33 16 44 40
43 11 28 13
39 12 6 39
33 30 35 17
44 29 26 2
32 36 5 30
38 17 26 10
0 43 29 38
11 42 23 6
32 20 22 31
46 16 32 23
41 13 28 7
40 30 37 11
32 34 9 48
0 38 19 2
4 38 30 7
42 16 12 48
40 17 30 15
47 6 34 23
45 42 49 34
0 41 23 27
31 28 32 8
48 26 29 6
41 39 42 17
44 42 36 14
17 6 30 29
6 45 45 36
37 13 14 3
42 9 35 9
45 15 32 36
37 43 34 20
35 33 23 4
39 18 41 15
5 37 29 10
44 23 28 5
41 12 32 13
28 19 47 44
29 24 49 34
3 36 26 13
38 10 23 33
14 5 43 18
43 39 38 24
37 25 21 6
47 35 33 21
35 24 31 23
44 19 7 12
43 14 11 2
37 44 17 5
6 35 43 47
44 35 16 6
46 21 4 21
28 8 17 13
0 40 45 31
40 39 31 18
41 13 23 20
43 33 18 3
3 36 16 5
24 30 25 41
40 14 35 5
7 44 6 31
2 36 35 36
5 35 29 28
41 8 17 15
47 33 25 6
38 25 39 48
46 11 28 16
46 38 22 37
6 2 26 12
43 13 36 16
37 13 16 24
2 41 28 7
38 29 9 11
49 46 20 20
26 26 11 37
6 41 23 11
4 41 25 7
31 32 39 31
32 43 1 12
38 13 24 6
45 38 28 5
28 28 11 11
11 40 1 41
41 13 17 36
37 3 23 5
0 40 26 13
42 29 21 5
35 17 43 26
42 23 14 26
22 26 28 33
32 21 16 35
41 27 25 47
47 15 36 3
14 34 18 40
6 44 20 1
48 38 30 2
37 8 34 3
43 19 35 49
42 11 14 39
46 34 3 27
3 40 48 11
29 38 25 6
45 18 44 27
42 12 3 35
38 9 15 32
40 10 9 19
48 8 8 3
27 34 29 9
4 41 16 5
46 30 10 23
0 37 36 10
39 15 43 43
39 40 27 27
40 15 7 22
24 17 18 27
29 37 5 15
49 18 12 17
38 24 16 6
36 11 29 3
38 23 11 19
18 38 31 15
27 28 24 11
30 11 25 4
34 27 28 4
39 16 7 14
37 8 37 27
41 16 20 22
36 9 40 32
43 7 7 44
42 13 20 22
38 27 33 3
30 25 21 21
24 33 31 10
37 12 23 10
36 28 14 40
41 6 27 34
3 45 33 22
36 28 5 5
38 31 48 37
37 13 3 39
41 14 41 43
39 15 32 48
43 6 34 41
34 47 13 17
43 11 15 48
46 12 27 35
44 14 19 31
43 16 49 19
22 29 26 39
0 43 24 14
26 34 24 11
33 17 29 43
38 18 25 10
29 25 22 4
6 37 39 35
33 36 33 18
40 5 30 31
5 47 17 41
47 6 33 2
42 22 37 10
39 14 0 6
3 37 21 14
38 10 9 23
44 9 16 25
28 26 26 3
6 41 29 30
43 18 25 31
2 39 28 15
30 15 28 34
36 14 42 37
27 36 28 25
19 2 22 5
44 31 25 6
36 10 5 1
12 3 14 45
43 14 17 28
45 13 21 25
45 10 25 12
28 17 41 44
23 10 37 14
31 23 25 28
22 48 3 15
3 37 45 12
41 14 28 7
40 11 40 33
0 34 36 6
33 34 43 22
37 11 22 5
3 42 40 3
5 39 33 31
47 39 44 37
42 12 26 45
38 17 23 1
39 15 26 3
40 27 32 2
38 16 38 2
37 31 19 16
30 27 23 28
14 43 43 38
1 43 1 12
42 10 13 47
36 14 5 28
2 42 25 37
6 37 30 6
41 0 49 29
46 12 15 3
26 42 10 20
34 15 22 7
17 16 11 35
42 36 44 42
16 21 2 44
33 41 8 17
39 30 32 28
2 40 27 47
4 40 15 15
30 45 4 19
3 33 37 37
46 29 24 11
42 10 35 31
48 33 25 1
13 47 25 9
38 22 2 12
31 33 33 21
23 24 21 13
38 32 41 22
47 17 26 5
10 45 45 42
43 29 10 12
15 39 1 3
38 13 2 27
0 37 24 20
7 38 42 49
3 40 28 42
35 14 39 10
41 9 30 22
43 43 20 26
3 39 23 3
39 18 49 4
42 11 32 22
39 21 19 8
28 30 28 17
37 40 11 19
37 25 13 25
3 40 24 27
42 16 15 38
44 34 32 39
48 11 25 0
36 24 17 24
7 36 30 7
43 12 19 3
27 36 1 22
40 43 30 26
35 29 41 46
42 7 23 2
2 37 16 3
40 9 26 2
19 3 25 5
36 29 12 23
38 17 21 35
36 16 9 37
34 40 24 7
15 36 6 44
31 15 34 47
5 45 26 35
46 12 6 43
43 28 21 41
43 13 16 33
31 14 15 41
43 14 6 16
37 34 28 22
16 45 46 25
5 37 16 11
44 42 25 27
33 43 20 22
7 49 23 30
47 29 39 39
23 27 26 10
34 17 4 8
35 27 32 48
39 3 26 23
39 45 15 5
1 38 44 41
36 14 34 26
45 14 37 23
26 27 39 23
44 14 15 15
40 7 8 8
5 35 11 21
22 45 0 49
33 36 14 44
30 29 33 42
36 34 14 32
37 17 16 6
