50 121 18173 800
47 18 23 43
13 15 15 19
20 20 6 29
49 16 36 26
4 24 22 32
48 41 11 40
18 16 21 24
43 35 19 33
11 47 11 42
49 22 13 33
35 35 17 43
12 37 22 8
44 23 44 46
8 2 34 38
8 4 10 29
3 2 34 33
2 9 29 25
32 27 11 32
22 14 10 36
23 6 14 33
45 22 33 36
29 28 33 29
23 34 18 45
29 25 25 10
19 15 4 26
18 44 21 16
42 24 8 42
28 48 20 38
20 14 36 28
28 25 46 48
14 4 23 29
47 41 37 29
4 49 26 34
21 39 32 24
28 15 12 28
24 41 30 8
39 43 17 31
49 49 24 15
14 20 19 25
27 28 28 32
9 40 10 30
9 7 34 41
46 25 16 27
28 28 27 37
15 13 25 4
9 7 31 34
42 25 13 46
44 30 37 47
21 24 12 35
48 27 37 35
8 0 26 24
31 24 8 43
21 16 29 48
11 43 13 32
23 42 28 46
3 23 19 17
18 18 24 39
49 28 14 30
45 21 49 46
44 23 17 41
28 34 42 46
48 38 41 23
4 0 35 26
36 49 20 36
21 4 42 26
44 30 28 36
48 21 28 25
47 27 9 45
43 23 18 22
10 15 34 25
12 41 16 36
49 23 29 32
14 15 37 31
43 26 7 19
46 23 15 43
42 47 29 29
27 27 22 45
35 21 28 34
30 29 23 22
15 37 23 35
20 21 41 44
38 37 29 29
30 48 17 42
25 49 43 45
48 20 44 45
35 46 25 6
20 17 19 49
29 40 27 22
3 7 13 40
29 36 28 42
48 24 49 37
44 28 48 37
2 21 15 39
48 46 21 31
48 46 49 33
28 22 9 44
13 4 33 45
20 14 12 40
14 23 34 49
40 26 22 31
28 22 13 21
2 6 19 14
44 22 28 5
20 16 11 16
23 18 19 19
8 0 35 26
24 19 27 37
43 39 23 38
49 22 18 41
35 49 3 25
45 27 8 32
22 42 10 17
45 42 16 41
47 16 48 37
15 15 9 38
19 17 30 10
27 32 23 15
14 45 31 30
20 18 14 40
21 17 21 49
40 26 32 45
