50 147 19047 800
0 38 25 36
24 45 36 26
1 45 25 40
47 27 22 29
12 8 38 39
32 40 41 14
15 34 25 33
38 16 33 30
41 27 34 30
30 40 46 29
41 34 34 10
46 9 34 33
43 23 35 41
1 24 7 30
10 7 41 2
6 3 43 27
25 41 13 30
23 29 26 37
5 35 22 39
44 28 22 30
7 3 46 6
23 18 41 24
25 28 31 9
19 2 34 32
44 23 43 28
13 10 27 29
32 31 12 5
30 39 41 33
11 25 44 31
16 31 42 32
34 26 46 40
26 25 39 30
36 38 32 31
7 5 40 37
20 47 31 36
30 46 31 12
30 42 36 28
13 34 46 27
43 14 41 25
28 37 15 35
6 41 29 45
39 11 18 29
40 20 45 2
29 47 41 32
7 30 48 31
15 21 43 20
13 49 47 26
11 44 27 25
21 12 42 46
43 16 49 34
28 48 28 30
27 31 28 25
43 3 19 47
19 45 17 27
3 0 32 27
2 6 42 11
33 39 34 28
35 8 34 23
29 43 1 13
36 32 46 7
28 37 15 39
9 20 44 9
44 10 41 12
41 21 35 44
32 48 47 32
2 33 35 9
48 20 25 1
43 3 36 11
3 17 46 7
32 46 43 25
16 17 34 11
9 12 46 31
11 29 42 27
31 47 43 29
27 32 25 47
37 4 36 44
11 38 45 24
45 16 31 15
25 45 29 39
34 34 14 29
25 44 36 36
29 5 33 32
15 0 38 30
26 20 46 31
35 36 47 43
13 28 36 25
43 10 30 36
24 45 44 4
39 26 39 39
3 44 14 27
34 3 35 38
3 41 37 31
8 19 6 36
23 28 43 4
0 39 47 21
3 29 28 34
10 35 40 3
11 6 36 21
20 3 49 5
26 39 42 33
32 37 25 29
31 26 20 35
46 7 38 35
46 16 45 6
37 18 4 37
34 32 45 32
0 6 24 28
0 8 41 3
33 11 39 30
21 0 43 25
33 8 36 31
13 5 14 31
16 33 35 31
46 18 21 34
0 33 37 3
4 32 38 10
18 24 43 27
37 45 46 33
39 19 24 29
1 30 21 39
9 2 47 31
33 16 11 30
1 36 41 36
41 8 28 31
32 37 41 4
29 40 43 29
28 38 28 29
12 7 21 45
36 3 31 37
28 37 26 31
40 15 44 33
29 33 44 28
43 19 23 29
12 17 29 16
5 22 46 10
35 33 38 3
1 3 33 0
25 46 19 42
30 27 32 32
17 14 31 33
31 43 43 31
3 0 35 39
30 26 28 11
23 27 31 33
8 32 40 33
38 15 26 36
6 37 48 28
