50 95 18646 800
31 46 24 45
19 28 32 24
26 48 25 39
42 27 41 14
24 49 35 27
23 46 20 26
47 30 35 3
32 38 2 20
30 47 49 13
35 3 48 1
16 16 10 17
24 45 33 18
47 30 21 30
20 12 23 33
28 40 23 16
41 45 41 8
44 32 48 24
45 24 45 16
18 29 49 30
34 22 21 25
21 19 45 37
29 2 36 22
28 1 7 31
23 43 14 29
1 6 8 34
40 31 46 7
29 17 45 13
25 18 39 0
22 42 11 35
33 25 14 20
33 11 19 34
25 44 26 30
30 14 29 25
14 29 43 32
30 48 11 37
37 33 10 26
9 17 25 22
26 49 43 36
42 22 25 32
22 18 40 7
19 18 30 24
47 33 28 36
31 40 16 22
48 31 38 1
21 4 25 30
35 23 25 25
20 48 22 9
30 32 25 17
27 12 10 41
40 22 26 29
43 23 9 35
25 44 49 3
24 15 43 0
42 32 43 9
45 31 7 37
27 3 45 19
33 46 4 20
21 29 46 32
23 17 18 14
41 34 27 7
48 32 45 3
36 43 46 3
26 15 31 26
32 6 37 39
27 44 22 35
27 29 20 3
49 26 48 8
31 4 31 14
48 35 48 5
21 49 39 13
2 13 13 40
23 41 30 2
34 9 25 17
37 25 39 5
16 36 33 48
27 43 27 3
26 30 38 19
47 30 21 19
47 25 39 40
28 40 16 37
45 32 48 11
12 9 39 13
20 18 26 21
49 31 24 38
31 23 43 7
48 16 22 20
15 13 38 4
25 33 28 13
36 23 45 21
42 12 18 29
42 8 14 33
11 38 47 7
28 32 24 37
49 35 11 20
24 27 28 25
