50 437 17653 800
26 45 38 17
1 31 49 12
16 28 49 3
8 24 31 34
7 24 46 18
13 17 43 15
7 17 48 8
44 29 40 13
10 12 20 42
39 41 8 43
14 41 27 7
7 29 46 33
7 26 12 27
2 8 27 16
7 30 44 29
44 39 10 44
13 7 26 29
33 47 36 9
8 19 36 8
18 16 14 10
49 33 27 14
14 9 35 39
9 13 36 7
34 35 43 15
36 18 13 38
30 2 21 21
21 13 33 38
43 27 21 21
14 23 15 29
17 28 24 30
12 29 46 44
4 11 35 13
39 6 20 17
1 4 17 42
27 8 19 39
19 12 41 8
18 46 27 29
35 5 22 17
17 30 40 30
29 14 48 18
35 49 31 26
14 13 16 34
17 49 42 37
40 8 15 13
45 15 5 24
25 48 23 34
24 22 32 12
35 42 14 33
45 11 14 28
5 5 5 39
40 28 11 21
7 21 26 27
19 21 14 27
27 41 10 49
23 28 46 44
22 15 35 12
9 29 16 21
13 6 26 25
17 36 8 16
31 47 12 48
30 26 1 18
40 33 40 11
6 27 19 31
4 9 9 27
37 15 18 27
36 31 14 39
12 24 18 30
22 10 44 10
16 46 4 25
5 28 19 29
38 27 46 13
32 2 24 36
17 43 39 16
24 40 20 26
16 3 44 23
46 23 25 44
13 18 14 35
7 22 22 41
24 49 23 25
13 17 7 23
4 26 18 23
17 31 43 14
33 32 7 30
6 30 21 37
41 40 17 16
13 26 46 22
10 20 39 1
11 17 32 10
28 41 36 11
7 18 9 39
10 17 42 9
15 20 12 30
37 24 15 27
6 5 3 21
20 24 19 28
11 26 35 9
23 43 29 15
40 10 29 25
7 11 33 37
30 13 32 25
0 43 46 12
3 30 14 37
1 16 14 36
21 47 26 7
0 27 0 22
32 3 20 27
12 26 40 14
40 14 45 40
1 14 29 37
7 0 47 8
41 38 37 23
12 39 23 28
25 9 40 22
6 27 12 46
49 29 24 33
10 20 16 19
4 22 14 29
12 15 35 16
36 29 45 5
23 0 21 31
1 14 16 41
17 11 22 37
4 23 44 12
21 48 18 25
12 27 36 5
42 37 39 23
40 17 11 30
42 16 45 24
10 24 18 22
9 27 17 28
6 24 22 37
4 39 32 27
39 29 40 6
12 27 42 6
15 40 37 34
39 24 49 12
8 19 38 13
24 3 32 11
7 23 34 32
39 8 8 44
31 35 19 32
7 27 13 32
9 32 18 14
18 30 15 35
40 28 9 37
22 15 6 46
5 20 7 31
14 26 37 19
39 47 28 26
33 23 44 15
23 8 17 32
8 7 22 12
6 5 34 16
33 8 41 9
34 27 19 35
16 29 31 13
10 7 0 15
35 2 10 32
41 28 35 11
17 34 18 21
0 21 15 22
18 42 31 17
33 35 36 1
10 20 24 35
29 14 30 44
5 24 45 32
27 32 8 26
3 2 9 31
13 17 42 3
3 6 12 38
9 28 39 10
3 44 21 49
19 24 22 41
21 31 5 32
1 10 33 13
38 36 27 38
0 13 29 2
15 8 14 34
5 28 26 34
17 23 29 29
18 10 41 37
37 32 16 24
28 1 5 16
8 12 27 23
43 27 32 9
31 8 24 37
14 17 27 47
36 27 32 29
11 24 39 10
23 3 20 23
10 30 16 31
30 5 48 5
20 5 40 16
29 31 19 20
19 37 13 48
40 29 34 16
23 7 19 35
28 35 22 24
3 24 21 41
42 8 48 12
14 22 24 35
31 44 32 26
10 30 1 36
33 28 21 26
36 12 25 8
35 24 15 28
16 38 43 27
33 9 24 30
2 12 32 22
13 49 44 15
43 40 35 43
15 15 20 40
33 13 15 30
47 18 44 22
44 24 9 33
17 23 29 25
38 12 8 36
12 20 10 38
23 8 47 31
7 30 33 14
35 41 18 26
8 26 17 24
36 15 7 23
42 30 2 32
7 21 20 19
46 44 34 16
33 20 25 26
16 34 23 24
8 29 18 39
11 26 3 42
2 27 35 12
49 8 25 45
25 39 25 33
4 25 41 7
24 26 44 13
1 20 46 27
10 34 24 25
11 27 20 21
20 11 41 16
39 32 11 25
14 41 10 47
28 34 23 36
12 24 27 1
46 3 38 15
9 25 15 17
12 27 19 15
13 22 17 31
36 25 39 13
16 24 2 18
31 10 48 15
15 16 8 32
34 30 49 16
7 30 9 25
15 48 33 20
33 4 48 6
8 20 35 28
18 21 30 40
15 24 12 38
21 20 2 46
5 5 37 12
20 29 33 30
37 22 47 22
17 35 16 45
44 29 33 17
18 26 20 30
47 40 6 46
28 2 22 15
3 26 37 35
7 1 24 12
25 36 22 21
20 40 14 37
24 3 13 19
30 22 5 23
11 24 39 24
6 3 34 21
41 2 31 22
10 26 24 11
25 41 3 37
27 12 36 14
45 44 36 8
26 44 43 17
46 25 19 33
30 7 36 12
29 17 13 22
32 12 10 26
14 28 5 14
5 27 7 39
19 29 14 36
15 16 31 15
42 22 10 34
10 25 27 25
19 1 31 4
28 13 11 26
16 25 41 13
22 25 40 33
20 16 42 17
26 1 24 38
10 23 21 23
3 0 34 18
3 19 4 28
44 25 45 9
16 17 15 32
2 9 39 4
14 3 31 14
17 31 38 33
31 12 8 25
29 30 11 33
11 12 20 11
15 11 43 9
12 24 17 38
43 29 39 10
17 12 11 8
44 0 29 31
33 47 17 33
34 28 13 27
16 4 17 19
13 11 39 8
40 26 0 4
40 33 22 39
37 35 25 23
0 5 36 4
28 28 21 31
27 21 20 38
37 12 26 36
9 18 13 39
28 28 19 42
11 30 37 25
42 42 29 26
4 16 16 34
26 22 33 20
8 26 33 9
12 24 19 21
35 24 15 28
41 8 18 17
27 14 33 25
20 9 42 9
30 0 29 33
30 26 24 29
22 35 2 38
16 26 4 29
6 19 38 11
11 20 9 26
27 1 39 13
43 5 27 17
12 45 30 10
17 43 2 23
21 15 43 15
46 39 12 40
39 31 16 40
35 44 12 34
42 23 34 6
14 2 11 42
24 4 17 42
6 23 18 35
6 14 20 16
11 26 17 36
16 27 4 47
24 25 23 32
49 21 19 22
28 7 22 17
6 6 35 15
35 0 19 25
28 33 35 7
22 10 17 36
39 14 9 27
9 22 25 37
11 27 21 19
32 28 25 15
45 5 31 14
43 44 46 25
39 35 16 40
8 25 28 18
30 32 11 26
9 26 45 13
17 19 23 21
27 36 21 0
20 43 30 35
37 28 42 7
25 34 42 16
19 0 24 19
2 41 38 13
45 29 12 24
45 0 17 16
7 26 13 22
11 23 19 24
42 17 7 30
35 38 18 21
42 7 29 20
40 30 25 34
47 6 33 13
30 31 39 12
9 12 5 41
43 34 17 23
12 14 27 32
10 26 16 40
28 26 15 42
0 1 32 16
7 27 10 16
14 20 16 27
18 43 41 26
40 36 27 12
7 31 16 20
8 27 22 15
44 7 49 10
36 19 15 7
38 26 16 38
17 2 16 41
10 29 36 14
30 29 3 14
14 12 2 40
21 25 31 23
0 8 49 15
23 19 40 9
15 23 9 48
19 15 46 5
21 42 39 6
2 20 18 18
2 12 41 5
34 6 36 10
24 12 36 13
19 25 31 44
40 33 41 17
17 14 33 10
17 29 38 10
25 39 21 36
12 23 43 9
9 22 11 36
22 1 19 4
45 34 49 35
36 28 38 4
13 22 16 31
4 1 38 13
30 34 25 4
10 26 14 36
3 14 38 26
41 34 27 22
25 7 8 19
