50 70 19667 800
49 45 21 1
22 33 41 7
38 21 4 23
0 32 31 28
13 31 17 23
9 28 37 8
28 31 0 33
40 43 12 43
44 16 18 6
19 19 42 9
45 44 39 6
7 24 5 0
13 28 38 7
46 48 34 41
25 18 12 32
24 18 35 30
9 7 30 29
23 19 36 32
42 44 17 40
6 24 42 7
49 24 7 20
42 47 39 27
4 39 28 22
8 18 33 26
46 45 40 7
28 15 38 7
34 40 26 1
15 16 5 12
1 10 44 8
43 39 16 20
30 16 13 32
47 47 7 7
17 43 45 9
14 9 42 45
39 43 27 15
5 35 26 4
25 24 42 6
23 15 40 6
47 41 36 33
49 46 35 7
12 28 17 23
1 28 17 24
21 14 21 24
38 40 16 24
6 38 39 15
27 5 41 44
9 34 16 24
17 25 25 39
0 32 14 18
44 46 5 3
35 43 33 27
5 12 1 21
29 36 40 6
40 46 32 29
4 40 38 5
14 20 42 11
45 49 1 10
32 49 13 16
27 42 39 41
27 29 40 9
42 40 17 45
14 36 15 21
24 34 41 37
44 42 18 29
25 33 48 7
42 48 11 24
5 23 9 22
14 33 36 24
6 24 15 41
9 11 23 21
