50 1464 12595 800
9 36 42 25
26 34 38 31
16 11 24 47
17 23 40 23
14 5 1 45
13 3 3 31
22 20 4 32
6 27 43 20
4 49 39 18
27 33 46 34
4 18 35 21
22 41 41 44
25 29 2 43
3 21 13 3
17 36 2 36
2 43 7 36
11 8 45 36
46 37 3 37
3 17 3 31
13 17 5 45
28 36 33 36
22 26 18 48
33 38 43 48
23 24 41 20
20 28 10 44
12 18 42 19
25 27 1 34
24 33 33 49
10 2 0 28
12 44 4 33
16 47 39 40
28 37 5 34
14 43 4 38
20 28 3 39
1 32 5 26
23 20 33 20
8 19 4 49
12 47 7 36
15 31 8 25
7 42 44 42
23 29 2 37
31 25 5 27
13 27 0 20
12 11 9 29
16 46 5 37
7 9 37 23
23 4 8 39
19 37 7 20
7 38 43 43
20 22 31 26
17 32 39 46
5 5 37 39
26 34 1 41
10 7 37 19
14 39 42 39
16 29 26 16
28 17 48 19
30 40 31 36
6 33 44 32
3 40 6 34
42 6 9 36
7 18 7 43
12 29 40 18
20 13 21 2
12 38 45 48
8 15 44 30
14 12 3 47
23 34 3 28
26 7 41 34
17 16 41 17
32 29 46 20
14 43 43 40
3 25 48 34
17 32 39 26
15 2 45 43
7 23 0 39
12 32 11 44
13 10 48 37
12 29 11 24
29 27 42 42
20 37 32 15
12 47 7 39
29 26 43 27
26 31 8 47
32 30 8 34
42 21 9 43
9 16 9 34
19 25 43 19
25 31 29 42
16 23 23 43
20 34 40 41
20 40 2 25
2 15 46 47
5 15 10 20
24 37 9 34
42 35 27 33
17 2 2 35
40 38 39 48
1 18 38 45
13 47 35 21
35 13 36 28
10 2 1 27
17 26 45 45
14 41 16 4
4 21 40 41
13 31 0 33
35 34 16 10
17 47 39 18
24 31 3 39
17 27 42 42
43 39 5 24
12 28 32 45
19 27 6 23
17 27 27 32
37 36 3 18
35 7 3 32
41 9 3 48
9 29 37 43
23 26 9 37
33 33 46 18
12 32 40 9
4 0 42 49
15 29 8 27
17 3 7 34
36 7 5 42
4 10 8 43
31 33 42 37
7 31 47 35
14 21 18 38
0 0 42 49
6 15 5 37
7 15 27 48
37 31 39 42
7 32 44 43
22 43 28 34
39 17 37 38
8 22 44 19
17 32 7 40
3 21 49 45
46 22 35 47
22 15 43 22
22 40 38 39
16 24 44 29
6 22 38 18
4 12 45 17
11 16 42 40
8 35 1 47
0 38 5 32
18 21 5 26
20 31 32 19
6 38 2 20
21 12 36 30
5 15 38 45
12 20 28 12
20 26 8 37
37 23 33 40
15 24 38 27
24 46 38 26
27 36 45 25
24 27 7 35
10 22 46 47
14 29 36 20
3 7 3 32
17 24 45 21
9 37 15 27
22 18 12 38
12 34 25 11
11 36 14 31
8 39 45 49
46 17 45 29
15 32 41 21
11 27 1 23
5 32 40 44
13 49 5 19
47 18 7 36
7 36 40 26
12 28 9 33
8 22 41 29
11 31 8 34
8 38 0 29
17 31 4 25
3 36 7 34
15 28 4 26
20 24 24 39
20 32 8 49
33 15 13 22
9 35 28 26
13 9 33 47
19 47 21 17
6 20 2 49
13 24 35 1
10 40 47 25
18 7 21 22
49 21 30 6
28 37 6 40
0 48 36 46
24 27 29 24
11 18 42 17
10 19 18 49
41 11 32 2
12 41 7 36
20 41 43 20
19 31 39 41
33 28 6 37
33 21 39 34
28 29 46 43
34 31 41 39
14 34 15 3
32 17 45 27
15 22 5 46
12 8 3 29
12 46 35 41
37 21 46 23
13 17 12 43
48 14 10 41
35 20 10 34
3 28 0 30
24 17 5 34
12 48 23 48
10 40 33 48
29 30 33 36
22 30 6 38
31 43 48 32
8 38 42 27
17 26 5 35
25 26 2 22
10 28 6 26
35 28 30 44
16 26 16 37
20 40 9 33
39 28 36 11
15 24 2 38
41 11 8 45
33 33 7 45
1 19 3 36
4 45 35 41
43 7 7 40
3 35 49 48
19 37 11 36
9 44 44 41
0 9 28 42
0 40 46 35
6 41 41 11
11 13 41 41
18 45 8 31
12 41 6 10
10 43 45 48
9 32 27 26
1 43 1 31
14 31 41 19
36 10 38 21
29 46 6 23
34 20 3 40
30 21 31 41
11 36 43 47
31 19 37 17
4 33 46 44
5 5 0 32
47 32 43 19
14 44 34 39
29 38 41 46
9 13 23 7
0 16 42 47
16 45 38 41
1 44 44 45
30 38 45 41
34 32 40 22
14 42 28 48
29 14 41 17
47 26 31 49
34 39 45 40
38 27 4 40
28 42 36 17
32 29 12 15
17 27 8 34
19 27 2 23
20 20 44 27
44 35 41 18
28 25 45 21
10 21 12 40
14 25 36 36
16 16 1 17
31 12 43 46
0 29 34 30
12 18 6 39
15 37 8 43
18 36 1 38
20 16 3 34
8 43 45 32
14 23 45 18
10 20 41 24
39 27 9 48
5 49 49 40
10 27 3 14
20 16 5 47
22 25 40 16
7 23 49 39
44 19 41 37
12 24 37 44
18 26 37 45
10 27 1 46
22 28 4 26
16 25 11 23
8 2 15 48
7 26 47 39
24 38 10 23
38 18 43 33
9 15 1 31
5 14 44 47
8 22 9 27
6 2 10 36
8 29 42 15
26 15 2 25
24 32 1 24
6 36 3 49
31 40 1 23
36 28 38 38
30 3 5 47
15 19 7 39
10 3 24 41
17 49 10 46
0 45 2 30
5 22 5 30
16 34 6 17
48 34 3 30
25 32 44 25
28 20 41 16
21 20 43 23
27 23 39 22
10 12 44 43
5 40 47 39
8 29 3 26
20 4 3 47
2 4 42 39
10 11 0 37
49 19 18 18
19 42 6 15
14 26 4 25
13 15 43 24
16 49 42 46
22 22 37 45
25 22 38 17
15 7 34 45
27 30 30 25
2 27 6 32
2 24 20 48
15 48 37 34
1 19 31 22
21 19 37 44
14 49 9 47
26 16 7 27
25 22 41 49
14 34 39 39
25 38 46 17
22 38 7 33
14 27 9 43
24 8 20 3
17 22 2 30
22 32 2 29
24 25 12 32
16 43 9 49
9 45 3 25
13 46 7 42
47 15 43 27
11 44 5 14
17 20 4 30
12 7 37 19
26 35 8 25
16 36 42 47
33 30 5 17
48 43 2 29
20 28 8 40
6 21 47 47
27 31 15 24
20 14 0 33
16 30 18 38
19 20 5 31
5 17 43 3
13 20 7 49
17 28 42 39
10 12 1 49
19 45 35 22
8 16 2 37
3 20 5 35
13 21 3 27
30 13 0 22
13 12 4 35
19 33 7 32
28 23 5 34
37 21 7 30
21 24 39 21
4 39 47 24
18 39 42 39
3 13 8 17
12 9 26 37
5 30 9 39
19 36 42 42
24 6 41 18
9 8 27 36
18 32 48 46
17 17 32 30
27 28 37 19
30 13 43 10
11 31 34 33
5 30 23 0
15 15 42 32
19 37 8 25
6 43 11 35
7 37 42 25
25 28 1 28
41 22 8 48
12 41 44 22
16 23 41 36
9 34 1 29
17 12 39 43
40 9 7 49
2 24 36 46
3 31 25 47
9 16 34 31
10 9 18 30
8 23 45 23
20 19 3 34
43 11 39 28
3 36 16 43
45 7 22 43
16 3 44 46
16 34 48 40
12 28 2 27
7 17 37 42
40 5 8 42
12 25 20 7
17 21 44 18
24 28 5 34
13 29 1 29
19 35 38 17
27 22 39 26
7 10 1 31
46 1 9 28
25 38 0 33
11 20 9 45
19 39 14 41
23 13 16 1
12 30 12 40
10 24 35 30
17 33 31 47
5 0 41 22
3 41 12 38
8 31 9 47
17 15 8 42
15 38 44 47
20 29 4 31
17 34 17 25
8 47 36 27
0 9 39 11
7 33 17 35
17 42 41 16
2 23 41 40
20 20 3 26
45 26 38 41
17 26 1 27
19 18 4 24
0 16 46 32
24 4 44 42
11 37 35 24
13 11 27 36
8 17 2 24
19 21 41 45
21 31 32 43
18 10 22 37
5 23 2 37
7 24 1 24
8 31 32 41
19 22 26 37
0 19 40 23
1 43 44 21
21 34 6 35
7 33 6 29
16 24 15 29
13 2 45 47
12 6 7 40
10 34 11 38
14 32 19 23
38 27 49 18
26 24 0 27
3 33 36 33
4 17 11 32
21 20 10 31
15 35 36 43
21 32 47 37
35 43 1 40
13 37 7 36
18 35 2 43
3 5 10 39
12 42 7 32
29 18 7 37
7 20 49 33
14 32 39 15
19 5 24 7
5 30 1 25
3 14 42 41
20 15 6 32
49 5 31 1
24 22 11 26
26 24 4 18
4 47 40 43
11 32 41 41
47 15 46 42
14 6 34 48
23 18 13 42
21 18 40 49
48 21 1 47
14 26 48 31
0 25 28 32
14 17 0 22
29 47 37 34
10 39 42 39
10 18 27 19
19 41 23 4
23 26 12 21
22 21 46 15
18 24 3 48
1 17 4 29
21 28 13 41
20 12 48 31
7 17 4 47
7 6 3 26
39 11 36 16
14 13 12 36
20 24 8 42
4 38 45 38
13 23 43 26
8 21 17 43
22 28 4 30
17 28 39 48
16 25 5 38
14 43 16 13
8 12 7 46
10 35 9 39
18 21 4 33
25 37 31 23
7 23 32 40
12 26 23 9
23 34 4 49
18 27 6 41
29 36 41 16
13 21 8 22
18 32 4 27
13 8 0 28
10 44 3 23
4 38 39 39
15 30 38 21
11 20 8 37
15 39 40 41
35 8 25 45
12 37 1 36
9 28 19 40
15 24 40 27
19 24 1 46
41 28 13 49
21 26 6 21
23 32 38 23
12 47 9 5
15 37 22 9
8 21 23 36
13 9 46 46
32 9 9 36
29 44 42 21
0 4 48 44
42 8 25 48
22 0 39 21
23 27 8 42
3 40 40 17
2 10 12 36
22 42 47 42
27 29 2 34
7 15 42 46
9 43 41 44
32 41 33 46
14 28 8 45
22 31 4 25
35 33 25 34
33 19 9 37
1 32 40 43
13 7 44 44
22 22 42 37
20 31 28 5
21 25 0 37
17 28 26 5
49 38 3 37
17 24 8 33
6 9 33 35
17 26 44 38
48 39 5 17
12 7 26 40
29 24 49 48
25 21 40 48
7 24 44 42
47 30 11 46
22 43 27 34
16 34 33 9
12 8 6 38
13 49 39 46
22 32 3 21
23 9 5 25
2 9 38 18
9 23 37 13
11 36 5 26
14 16 3 22
6 16 40 49
15 32 45 26
10 35 37 19
19 31 41 44
8 22 31 43
20 7 12 31
19 25 6 27
5 43 0 28
22 48 14 38
29 22 45 39
30 6 1 29
9 18 39 41
13 12 0 34
19 13 32 38
1 38 14 33
12 31 6 39
27 19 27 48
20 27 43 42
13 47 11 36
12 6 42 38
1 18 5 36
12 31 28 3
28 30 39 37
43 4 35 47
8 23 44 49
31 34 6 49
31 29 4 33
16 30 36 38
16 36 1 21
15 25 7 33
2 33 48 45
36 15 1 45
6 38 40 17
42 19 46 31
27 39 7 43
12 27 40 45
7 21 10 35
24 35 4 28
3 48 36 42
41 16 9 38
24 36 18 27
10 31 4 29
7 30 48 45
22 29 28 40
2 10 39 41
24 9 0 24
16 28 8 25
17 32 6 26
12 29 40 26
44 9 39 40
46 23 41 45
13 24 6 18
6 19 38 36
15 31 15 0
16 38 7 22
16 34 41 40
3 35 11 45
42 24 44 49
21 17 16 48
43 13 8 38
28 37 4 19
12 29 8 45
20 40 43 17
8 39 12 37
9 48 39 23
12 29 42 40
18 34 40 20
21 27 41 43
2 46 7 30
16 17 31 46
22 29 44 18
11 17 37 42
13 33 46 17
9 11 36 49
19 37 2 31
30 33 31 23
18 44 37 47
1 11 44 41
23 14 43 47
26 17 39 44
21 28 35 49
16 28 43 19
18 48 9 48
19 37 10 39
25 2 38 45
14 33 4 31
13 21 14 32
3 38 6 42
19 13 23 41
3 48 28 45
16 27 4 31
3 29 35 36
14 38 3 33
0 26 41 20
14 33 5 35
26 11 5 42
23 32 47 38
11 42 36 46
46 31 27 18
25 19 44 35
2 46 39 43
7 36 37 21
20 29 47 39
30 20 21 48
22 37 37 36
14 39 40 31
17 24 24 36
13 22 6 34
14 37 31 37
13 23 35 18
17 42 40 44
3 19 12 37
13 15 49 33
1 25 47 21
6 33 11 39
19 23 7 40
10 29 4 42
11 43 38 39
8 15 6 41
37 15 7 44
1 29 10 32
12 49 5 41
46 25 28 48
12 21 26 10
18 37 24 46
36 45 7 36
4 37 17 33
19 30 47 44
13 23 42 46
10 31 37 25
23 18 9 36
7 30 46 38
21 40 38 32
25 22 45 44
16 37 41 18
11 30 35 48
20 0 28 9
5 30 1 26
18 34 5 35
8 19 4 48
19 32 13 32
29 14 34 44
2 49 21 41
18 35 11 23
22 30 15 48
46 32 3 24
15 25 12 43
47 7 29 31
23 28 38 46
2 37 4 42
16 6 41 20
12 25 1 33
1 46 46 43
17 0 41 45
4 26 12 35
19 20 0 49
18 15 2 42
17 31 11 38
12 42 33 34
18 28 38 37
6 32 40 45
11 36 36 10
34 35 3 28
44 36 44 28
25 26 43 18
17 23 45 23
16 38 33 8
21 33 17 39
18 13 1 49
28 11 35 1
14 11 38 42
10 2 9 38
12 25 4 32
19 28 11 37
24 26 49 42
4 24 12 48
5 24 7 27
20 8 3 39
24 33 7 31
35 37 42 47
19 23 34 12
19 6 5 20
16 33 34 39
30 27 41 43
10 27 23 28
20 12 2 46
17 47 31 17
49 21 5 49
34 36 42 40
20 5 10 44
2 11 3 30
10 33 46 31
18 33 42 18
6 37 37 27
18 34 45 45
19 27 34 10
11 20 0 29
6 0 38 37
42 26 37 46
16 0 18 3
16 29 41 25
14 28 8 26
11 42 29 5
17 31 1 17
23 38 6 39
22 25 44 22
41 15 5 35
14 18 6 38
3 46 0 23
4 38 33 40
17 33 1 24
14 46 42 18
3 37 4 43
10 20 2 49
1 17 32 44
16 42 31 46
38 1 8 36
9 20 28 37
45 9 1 28
13 24 29 6
19 14 6 36
6 2 6 37
21 48 44 38
21 26 42 14
11 38 3 29
15 31 2 37
19 15 3 27
6 9 27 3
6 36 23 2
13 32 45 31
36 29 7 37
48 7 43 18
25 21 40 39
8 23 13 32
17 26 9 47
18 32 42 48
22 35 2 29
2 12 43 44
30 22 4 38
48 49 7 48
23 16 9 40
2 30 4 44
48 38 22 7
1 25 43 45
17 22 43 45
11 28 10 47
1 11 11 37
12 10 24 38
20 26 3 28
21 27 1 37
16 33 40 42
1 5 42 39
19 6 5 44
6 37 6 22
2 37 29 48
7 34 40 41
15 49 39 46
18 15 8 22
26 34 30 30
10 10 5 22
46 19 5 31
24 40 10 25
16 17 8 38
11 9 20 48
18 35 45 36
12 25 36 46
11 29 46 44
4 22 37 44
29 32 10 30
13 11 11 42
19 27 33 48
13 42 46 47
4 18 15 35
24 19 13 31
11 15 4 44
6 19 41 48
21 42 32 41
28 6 46 41
14 31 10 17
11 41 45 20
13 17 42 22
48 22 13 35
39 33 41 23
29 5 41 38
22 19 44 44
30 41 40 37
23 43 10 24
28 30 40 35
19 47 39 40
11 29 6 30
4 33 12 22
12 7 8 32
16 11 38 10
15 35 5 43
35 33 44 21
40 0 40 48
16 35 9 32
14 18 40 17
9 20 42 36
22 22 6 23
24 16 39 43
8 6 41 17
12 14 47 23
6 37 47 47
15 9 30 47
30 17 13 11
19 35 4 17
7 23 9 42
3 29 2 47
13 31 10 39
31 32 7 33
26 42 15 46
13 31 40 43
27 30 44 46
13 39 5 39
47 21 0 30
25 27 17 46
12 29 5 40
16 21 22 37
34 8 41 49
44 11 10 43
13 42 37 46
0 3 9 42
48 9 17 41
29 40 35 15
6 14 2 23
49 30 32 44
21 24 32 16
29 43 1 28
29 25 8 28
15 3 43 46
9 39 31 23
14 29 26 48
16 23 38 39
15 30 23 34
12 33 5 35
13 13 11 22
18 28 38 14
26 12 46 12
22 30 36 3
43 6 44 20
2 18 43 29
16 25 33 26
8 10 29 39
17 14 6 9
24 27 37 23
27 23 9 28
20 43 2 32
20 32 1 24
25 18 43 34
25 37 6 34
1 42 4 18
3 20 4 27
16 25 5 28
15 32 12 42
22 45 9 41
5 20 6 42
2 35 31 19
13 37 40 47
9 14 46 37
22 29 8 29
16 35 39 13
25 12 6 39
15 9 27 33
6 32 32 6
5 35 42 18
38 39 42 10
21 39 2 48
31 42 34 12
41 42 5 39
18 2 40 45
12 5 40 42
2 48 32 10
17 25 44 41
10 31 8 38
18 30 1 27
17 4 32 42
18 22 27 14
24 12 36 47
17 45 40 24
35 26 34 30
9 31 19 41
10 47 42 37
19 10 5 47
18 10 10 33
22 15 43 23
35 24 12 19
1 32 5 19
23 34 13 38
21 34 3 44
42 13 8 17
5 22 39 15
25 23 29 39
27 23 8 38
28 3 45 48
33 41 43 21
38 19 9 36
15 25 45 47
16 24 10 37
17 3 41 23
27 39 4 32
12 3 46 43
28 28 40 33
13 26 40 6
17 7 2 29
11 30 41 30
11 19 37 30
29 27 40 41
5 32 28 40
17 28 36 9
17 46 26 43
2 2 37 22
16 29 20 28
9 36 38 15
14 26 26 42
9 45 7 37
2 25 44 20
16 24 1 25
9 39 0 47
2 6 44 46
16 28 1 22
8 19 11 47
18 7 31 4
19 42 5 29
5 40 12 37
3 28 35 19
17 20 40 38
15 25 20 38
6 36 9 41
5 27 17 49
5 22 48 17
15 43 42 27
18 18 7 48
16 16 23 10
11 29 5 49
13 34 29 29
44 22 28 34
42 37 7 41
9 15 43 17
25 34 40 31
7 43 8 28
19 32 33 48
19 32 25 8
1 24 40 44
22 27 7 31
21 16 34 35
6 8 28 30
15 45 12 2
1 32 3 48
21 35 5 40
12 27 39 46
33 15 32 37
26 19 23 42
22 22 1 39
28 45 3 34
9 23 2 26
10 45 10 36
30 39 46 35
18 28 49 34
11 37 2 30
12 12 38 21
4 29 12 44
28 33 5 38
42 14 11 42
17 13 32 34
22 7 46 19
13 6 39 31
11 5 8 49
18 43 11 28
23 26 49 46
16 12 13 26
11 47 17 4
14 8 13 41
41 48 19 5
13 44 6 31
25 11 40 39
21 32 38 30
12 35 4 29
41 20 38 43
3 18 4 38
19 26 40 38
14 26 7 37
36 3 9 48
1 15 32 32
5 19 40 41
36 20 5 36
28 45 32 36
4 25 40 19
23 37 13 27
12 22 7 38
36 20 1 47
22 19 31 23
13 39 48 44
6 21 29 47
12 20 0 35
17 37 41 35
31 15 37 43
23 29 9 30
3 14 40 15
9 20 6 27
4 16 43 27
17 37 40 24
8 26 44 36
20 29 34 44
15 33 40 42
45 10 42 42
20 28 35 7
8 17 0 43
1 11 1 33
21 29 45 36
2 34 39 48
30 20 35 38
40 17 41 36
22 32 16 31
10 41 35 43
10 38 25 41
27 38 6 27
4 41 11 37
7 35 40 43
22 37 3 35
16 24 20 3
47 12 0 33
4 34 35 29
7 39 45 27
11 38 40 15
17 3 45 9
17 32 1 32
35 41 41 19
11 23 32 26
7 24 6 30
22 41 43 39
23 30 38 17
17 20 32 38
38 22 7 25
12 39 8 34
14 36 39 44
3 35 40 40
24 4 6 26
10 20 40 45
7 34 19 22
8 21 42 47
22 28 42 17
23 27 41 38
39 25 40 48
8 37 43 45
0 4 48 43
13 21 7 38
12 24 8 34
16 20 34 30
40 44 8 35
5 13 45 47
46 7 3 30
39 16 43 29
27 35 47 47
13 43 26 19
9 13 5 28
7 43 45 30
8 31 42 43
7 23 37 17
19 32 19 45
42 39 41 25
25 10 8 14
14 32 47 39
22 34 5 32
25 15 40 43
35 34 15 38
8 33 34 39
8 31 43 22
14 47 43 40
26 0 37 16
3 32 26 35
18 31 3 44
7 9 36 42
12 25 34 30
6 43 42 18
12 31 14 35
14 31 19 9
14 33 2 24
18 47 46 49
6 23 46 42
20 22 4 34
10 42 5 49
14 20 0 19
48 29 1 24
40 32 27 9
28 6 45 49
15 12 6 39
3 21 34 43
21 9 0 42
16 30 45 42
15 40 1 38
3 20 2 41
7 41 9 46
9 26 39 43
14 2 26 24
5 35 12 39
14 40 45 46
40 24 0 40
5 12 5 30
8 9 11 42
49 4 35 41
17 33 45 25
14 40 42 19
12 15 49 30
29 37 6 39
22 17 1 25
10 31 5 35
14 30 11 33
8 29 42 19
22 29 36 41
12 45 38 45
12 45 1 24
19 38 39 46
22 31 45 33
42 49 3 24
45 13 9 49
0 12 0 40
8 36 2 47
15 45 11 19
42 29 38 38
2 11 22 48
38 17 23 39
7 26 9 35
24 20 29 37
39 43 4 31
31 11 7 21
17 33 8 37
25 34 30 32
21 40 7 22
46 21 39 9
32 24 4 27
20 30 41 33
11 9 23 42
1 38 39 37
15 33 15 23
4 5 11 20
23 33 40 39
38 17 8 25
6 20 32 48
20 23 31 45
46 38 41 42
12 18 4 29
18 25 43 47
5 11 30 34
23 9 3 48
10 20 39 44
11 5 5 34
22 4 43 42
9 15 42 44
20 37 11 32
36 37 9 30
22 42 37 40
13 42 41 20
11 28 15 11
12 31 1 32
26 27 7 43
6 33 14 46
4 14 21 38
9 23 7 46
5 31 34 16
26 32 4 41
18 34 8 27
47 18 4 40
31 2 34 17
24 33 37 45
10 48 29 46
5 9 41 36
11 8 6 22
46 18 7 32
8 5 45 41
23 11 37 39
34 18 15 39
21 6 45 18
12 12 4 31
14 26 0 27
17 45 40 41
18 38 4 27
17 32 6 27
8 18 35 21
23 46 5 38
45 2 0 28
14 27 36 39
18 34 42 21
23 30 42 37
43 25 7 38
14 42 3 27
11 40 5 45
5 41 49 45
33 20 7 39
15 43 32 31
23 44 10 1
2 23 35 24
3 36 43 42
46 16 37 18
5 37 35 47
22 38 34 44
0 48 4 27
14 48 27 4
6 20 30 38
3 25 44 5
18 23 2 46
1 21 30 39
35 38 42 26
24 14 41 24
14 32 12 41
24 32 35 22
4 39 11 30
18 42 42 37
15 23 39 37
22 42 40 45
2 31 7 27
4 35 35 19
7 14 39 15
26 33 45 48
9 28 38 18
25 25 40 17
24 8 41 9
9 21 12 39
20 44 9 40
34 24 12 44
10 23 47 20
6 13 37 8
9 32 35 48
23 17 38 42
26 22 9 34
1 36 14 33
26 5 30 32
11 13 32 1
16 29 41 46
10 7 33 19
9 28 6 30
11 38 1 33
17 23 37 44
12 24 3 13
32 13 6 37
16 21 39 15
4 17 24 44
0 28 47 32
3 29 34 27
21 36 45 35
0 11 8 37
9 7 46 39
25 39 31 23
19 26 35 42
19 7 11 31
23 36 28 44
5 29 41 45
19 7 8 21
21 21 29 35
0 31 41 20
20 22 37 20
10 21 5 35
19 40 4 43
8 31 30 40
24 30 48 34
5 38 19 33
19 30 41 20
8 26 28 0
11 39 5 26
32 19 41 24
0 22 44 31
0 33 46 10
26 21 29 23
13 39 40 19
41 21 24 42
5 5 27 0
11 32 38 35
6 19 8 37
13 22 37 45
6 12 41 22
18 27 16 30
18 29 5 39
48 22 38 20
49 0 10 37
7 43 9 20
21 32 5 39
18 13 46 49
16 31 29 6
2 33 7 48
25 39 40 20
15 34 44 32
13 36 3 46
43 41 35 46
24 32 3 24
30 26 20 37
36 26 12 37
19 40 13 44
21 39 38 23
7 41 1 31
0 20 33 33
5 27 43 27
15 33 14 28
7 36 39 25
21 30 14 18
35 25 20 44
12 15 10 40
4 16 32 38
21 31 42 44
21 3 36 18
12 2 32 43
20 42 37 45
48 43 37 19
11 41 41 47
8 26 8 45
13 17 38 40
8 23 29 44
10 48 40 24
10 12 39 45
10 47 3 29
10 22 36 35
22 39 7 39
17 36 40 41
18 43 34 42
18 14 38 16
22 20 30 32
11 8 1 39
8 15 39 33
9 12 35 21
9 16 33 35
9 31 37 37
46 17 0 27
8 30 40 43
44 37 6 28
3 37 36 47
19 24 33 24
36 2 5 35
9 36 11 49
38 38 17 48
20 29 29 28
41 8 40 37
16 18 47 40
16 36 15 0
47 29 8 18
32 24 7 41
1 22 14 47
38 13 48 44
3 24 2 44
12 1 48 40
19 34 2 29
47 10 44 45
31 22 12 45
19 15 28 40
6 36 4 39
40 9 9 33
12 19 7 37
14 29 18 45
11 31 24 39
36 28 2 29
42 20 14 42
11 40 35 24
1 18 37 30
3 30 28 40
15 48 8 23
11 14 7 27
17 36 8 38
5 29 11 26
