50 161 11613 800
12 10 28 48
43 3 35 23
5 4 19 26
21 37 14 35
32 34 13 21
33 48 37 46
39 42 48 5
19 40 19 18
9 21 2 44
26 44 5 22
8 14 34 40
13 10 4 8
9 18 18 30
7 33 36 21
26 38 1 2
43 29 13 30
22 14 16 43
32 16 36 37
21 16 21 30
31 14 1 46
30 34 29 20
26 6 24 37
25 9 20 17
20 34 19 43
27 18 34 7
19 17 47 49
29 12 12 3
19 8 13 7
14 17 21 47
4 4 28 31
20 35 6 29
16 18 1 44
35 33 34 49
28 12 6 14
36 16 17 15
40 38 26 32
2 18 8 11
17 40 12 33
18 14 0 25
20 21 34 47
37 3 26 21
16 34 18 28
12 9 15 3
11 12 17 47
10 28 22 28
29 6 28 23
4 23 35 16
18 4 2 23
13 32 36 24
38 45 36 49
19 23 23 18
17 22 47 10
30 5 5 32
28 11 3 23
22 9 21 39
39 48 31 22
25 23 20 38
26 41 41 7
2 19 7 18
29 17 39 28
15 16 1 43
3 19 30 36
4 12 5 0
14 12 46 36
37 40 12 30
39 39 43 20
5 3 41 35
33 6 38 40
30 39 23 32
7 17 17 36
27 30 0 46
3 26 9 7
4 8 22 22
20 31 49 39
34 41 47 35
17 3 31 21
31 38 1 46
29 40 48 25
25 14 2 25
23 16 19 22
26 32 35 10
24 36 4 29
33 13 40 25
24 39 11 17
48 40 11 35
28 4 2 48
26 39 22 25
2 10 48 42
8 6 20 29
12 28 8 29
26 21 10 35
12 38 16 45
15 12 5 5
27 16 45 21
25 28 6 36
26 39 13 9
17 33 5 42
16 12 22 33
35 19 1 47
20 0 15 42
28 47 24 28
12 6 17 26
19 11 14 26
21 16 2 10
10 5 42 39
31 41 38 41
27 9 2 15
18 17 10 42
17 4 19 38
26 37 37 33
1 24 6 29
48 20 49 7
26 40 13 47
32 41 46 21
18 19 27 17
14 30 1 47
25 0 1 43
6 29 5 24
30 1 1 49
29 15 19 27
32 6 46 13
7 15 45 10
29 11 4 10
19 12 7 36
15 19 38 34
17 11 35 6
21 48 9 47
22 37 12 42
31 10 6 18
37 8 4 14
29 8 28 49
2 25 5 8
24 18 49 29
30 34 20 41
34 19 9 31
11 5 9 8
35 37 17 29
27 6 43 29
6 9 30 33
0 20 31 26
22 8 36 27
20 13 46 4
18 18 30 41
4 19 7 44
26 8 2 44
24 25 1 45
23 28 5 25
22 8 48 32
6 4 35 49
25 17 15 34
26 8 27 24
10 20 31 21
16 36 13 45
23 35 16 27
6 20 7 25
16 39 9 23
4 13 0 44
14 18 7 18
0 2 27 20
19 8 4 38
22 47 34 17
