50 111 18405 800
17 36 38 25
32 21 42 22
30 34 45 19
15 39 8 29
29 48 24 25
14 8 21 34
13 8 43 6
5 42 42 0
32 6 20 22
27 28 25 23
38 34 29 37
9 1 12 21
12 32 44 2
39 25 34 10
23 40 39 14
23 4 8 20
32 13 44 12
45 45 43 0
34 11 28 25
41 46 37 21
26 13 42 5
45 47 34 21
10 30 45 34
15 24 47 16
19 12 29 26
21 42 49 19
27 39 37 17
24 29 15 7
18 34 45 14
6 48 38 1
11 38 26 16
15 49 46 20
33 16 26 21
22 30 46 19
30 45 39 25
23 19 28 33
23 6 28 6
12 25 23 33
40 29 46 15
18 7 22 16
16 32 47 12
10 47 28 20
13 16 20 31
24 9 44 16
5 35 38 31
13 29 8 12
24 21 29 12
18 6 47 0
6 49 41 2
12 47 4 23
17 21 23 25
39 8 44 32
18 6 49 17
9 14 21 3
14 2 44 0
31 31 46 18
6 41 35 27
42 46 36 6
14 33 4 11
41 13 25 27
11 23 16 17
18 32 35 15
32 16 38 31
8 39 9 24
14 28 45 20
13 23 48 1
31 43 49 18
43 33 13 27
26 49 35 14
26 41 39 19
37 21 30 11
24 1 42 4
9 7 7 13
15 5 20 5
16 31 23 4
12 23 41 4
25 48 44 19
2 20 26 24
43 43 23 35
29 39 39 12
9 44 47 3
23 27 44 16
12 3 30 15
31 35 49 18
15 3 48 14
6 45 38 3
6 30 16 18
14 9 44 37
10 6 6 17
22 35 24 23
35 25 4 16
8 41 39 21
17 24 48 12
7 32 43 9
12 43 20 29
12 44 15 24
10 5 46 1
34 21 16 35
43 37 46 2
23 0 19 28
18 22 44 24
11 23 46 2
20 38 22 30
8 35 21 11
13 40 41 0
18 27 38 26
26 33 4 24
12 4 24 21
9 29 39 7
9 43 9 5
21 41 40 9
