50 459 16795 800
18 38 2 25
10 39 11 20
25 39 5 14
4 21 47 44
19 20 29 24
19 22 0 15
5 43 24 23
9 40 32 9
13 38 47 45
18 36 8 0
14 38 21 25
19 37 16 7
17 8 14 24
9 47 10 11
6 28 14 2
13 40 42 2
1 9 25 8
22 39 41 43
33 28 20 23
1 43 46 45
2 37 46 0
10 38 44 43
16 7 15 14
12 37 5 23
7 48 7 9
6 34 46 9
5 29 43 42
8 23 7 12
14 39 16 23
16 31 44 43
20 37 20 11
36 44 14 13
36 21 9 18
15 36 8 4
11 43 36 3
11 37 15 26
23 34 11 15
11 39 14 34
22 40 9 26
9 34 46 49
13 38 14 19
11 33 23 10
10 42 41 41
10 46 12 28
15 35 8 19
13 33 20 12
29 18 0 4
16 37 27 6
14 34 46 46
22 38 10 23
7 21 40 2
39 29 43 40
3 15 3 5
15 43 46 42
14 30 30 15
10 37 25 16
0 49 14 8
5 5 36 32
23 34 45 44
6 22 40 7
5 0 47 4
15 41 26 16
6 4 36 10
18 41 7 3
24 37 20 30
14 42 31 30
3 17 44 41
12 17 42 2
18 25 31 24
4 40 20 14
17 10 20 20
14 35 19 36
2 45 10 28
14 38 21 33
3 3 2 9
9 32 47 40
16 35 35 33
16 40 4 28
7 30 9 24
22 37 24 23
8 7 42 45
7 48 25 14
12 16 30 24
33 30 18 14
10 30 32 7
9 21 12 29
20 32 11 29
9 30 3 13
37 25 21 5
21 41 2 13
17 38 13 19
9 42 14 16
15 39 19 21
18 39 27 23
8 8 8 26
9 36 37 27
3 28 18 3
15 33 47 45
28 22 40 7
9 23 20 2
0 46 8 39
11 41 14 23
8 41 48 39
8 28 2 12
16 43 8 12
3 15 33 3
3 42 30 18
9 23 0 17
8 46 2 27
11 10 4 31
44 33 17 19
6 7 22 27
36 31 16 34
14 45 19 24
5 48 15 19
14 40 24 8
20 32 6 20
49 37 9 11
25 4 6 19
19 11 43 45
2 42 26 27
2 16 47 48
14 24 38 1
7 19 13 19
17 38 15 5
8 15 21 7
13 43 20 11
14 37 36 8
29 38 16 5
8 39 21 29
12 39 20 3
6 40 12 7
13 40 26 5
16 33 2 15
7 19 17 8
18 31 37 7
15 19 9 24
15 43 31 30
1 43 40 9
14 24 36 45
19 25 31 31
17 39 47 40
1 15 12 6
22 30 24 2
8 40 37 1
12 17 8 11
10 44 42 9
3 49 6 21
4 46 42 1
0 39 9 7
12 35 35 1
6 12 14 14
2 32 17 20
16 16 19 29
20 11 11 23
24 28 25 21
11 39 6 10
12 36 3 3
12 36 28 31
3 7 19 40
10 39 27 6
2 10 7 33
14 28 9 25
14 41 4 21
5 43 33 33
23 22 46 8
22 47 12 11
32 24 21 14
8 34 8 14
0 16 34 4
15 39 7 25
14 41 5 22
18 40 2 24
20 8 13 3
31 29 14 4
13 42 19 29
12 43 18 30
19 44 3 13
8 2 10 14
43 42 15 6
0 1 19 10
12 44 47 41
14 47 5 9
22 36 36 38
35 39 21 11
10 42 46 42
3 43 42 5
16 40 21 11
0 7 43 6
32 45 46 43
16 37 21 23
8 33 15 11
19 43 13 35
4 48 39 2
1 22 19 4
17 2 25 18
11 35 45 49
3 46 5 15
17 37 43 5
10 28 19 12
16 40 33 20
29 12 7 28
8 9 46 43
7 16 17 5
1 10 49 42
28 42 47 45
14 38 45 46
15 38 19 27
1 42 12 22
17 23 45 44
18 38 35 28
15 37 18 3
16 35 25 14
20 24 8 13
16 40 14 13
16 22 12 13
12 37 41 5
22 10 31 25
6 39 6 7
10 37 39 5
7 47 21 23
18 4 42 47
6 41 9 13
20 27 44 17
17 45 39 4
8 39 13 35
14 40 22 5
18 38 42 11
30 33 21 28
16 17 17 11
12 25 17 18
6 30 40 8
37 43 48 45
19 17 23 22
27 36 44 39
15 35 39 12
1 24 41 5
18 42 26 16
44 16 18 36
30 22 17 18
12 33 8 18
7 25 13 15
13 34 7 14
6 8 21 11
3 3 17 29
13 40 19 11
16 5 44 44
13 7 20 29
15 41 49 43
37 48 1 33
15 43 14 24
5 13 10 33
6 43 46 8
1 48 34 3
17 32 9 17
36 21 44 44
16 4 1 42
13 37 15 13
7 40 30 24
16 42 36 28
3 47 13 18
0 44 13 19
7 47 7 7
10 37 37 1
2 29 31 22
25 28 43 2
15 6 25 37
10 48 9 15
18 34 48 6
10 39 12 25
12 41 22 25
5 42 20 18
10 36 0 14
16 43 23 24
15 40 22 36
9 36 5 9
31 28 7 7
15 34 7 7
17 36 2 2
6 16 1 12
11 9 44 3
9 37 11 27
7 46 30 40
3 7 23 34
12 38 16 32
10 39 43 42
16 26 17 6
13 29 28 21
42 22 36 1
13 9 40 40
24 20 18 28
15 37 14 26
27 28 7 23
40 27 13 8
1 6 18 18
10 35 25 13
11 38 15 32
22 24 35 32
11 44 23 16
1 24 34 16
15 25 14 31
10 38 24 21
15 24 26 11
0 42 24 7
4 46 12 30
45 35 8 15
22 30 20 11
13 6 13 18
19 34 38 10
10 9 37 3
12 39 43 9
7 40 6 1
16 37 10 10
11 13 30 17
12 34 5 23
47 42 15 15
25 25 16 33
23 18 18 23
14 32 37 12
4 45 10 22
11 45 16 13
14 41 11 1
0 46 31 28
11 12 12 26
3 46 12 48
19 20 3 30
6 43 10 35
42 42 11 1
44 27 17 11
8 41 21 29
15 36 43 43
9 39 39 8
14 4 9 4
6 22 27 21
12 31 4 14
3 45 43 42
8 16 45 42
12 20 42 3
31 25 10 28
18 36 14 22
5 44 40 6
14 37 15 33
1 48 7 36
0 14 9 11
45 45 7 17
12 28 27 21
14 37 8 35
14 37 34 12
14 41 3 5
6 44 11 16
15 32 22 47
2 26 9 6
18 35 39 1
10 45 43 45
12 43 23 9
9 40 15 8
15 40 46 45
10 29 9 0
3 14 17 37
2 17 41 45
9 39 28 15
12 33 43 5
8 18 13 12
14 34 4 28
12 0 7 26
36 21 20 41
10 27 33 3
2 45 4 6
36 29 7 37
19 34 15 23
14 37 15 25
16 43 29 12
36 27 43 42
13 48 5 17
12 36 6 42
8 36 46 44
13 36 7 19
10 37 47 45
4 11 27 24
10 27 14 10
16 35 0 16
1 13 40 45
25 32 45 9
1 49 5 23
13 34 32 4
21 9 22 17
6 0 7 18
22 24 30 28
17 25 14 19
16 37 16 27
16 28 17 16
13 33 4 25
23 43 44 42
31 22 21 21
7 41 14 35
7 41 16 12
18 39 1 16
13 31 8 19
36 33 19 2
16 37 39 6
10 36 15 10
11 36 24 16
26 14 6 12
29 30 13 21
2 45 30 27
11 40 23 28
12 41 26 3
7 37 43 43
10 33 11 16
11 33 19 11
20 32 15 11
43 28 14 30
14 40 48 43
1 45 3 19
16 17 19 10
18 35 8 20
13 36 27 40
10 28 19 21
2 2 47 40
12 42 13 8
16 38 38 8
27 34 11 17
12 38 47 43
3 46 1 32
14 39 9 22
14 36 37 5
16 42 1 4
12 36 39 15
1 48 23 17
5 41 3 15
38 44 43 46
19 36 27 7
6 23 20 23
2 44 12 29
32 29 44 3
19 38 26 35
17 12 1 5
4 39 40 28
11 41 27 31
14 33 0 19
15 42 40 12
6 44 22 20
46 41 21 18
26 42 27 23
8 12 43 7
13 35 13 25
14 43 31 21
11 34 19 13
11 29 14 13
21 27 33 20
18 38 11 6
29 12 12 38
23 38 11 27
41 40 22 24
5 8 45 45
14 36 29 29
1 19 41 13
9 4 22 10
15 38 26 8
