50 85 17275 800
19 11 3 33
4 19 1 35
22 41 8 30
28 27 3 35
15 8 6 22
38 31 25 19
14 35 24 8
16 32 7 27
17 35 19 7
27 27 26 13
35 22 3 32
38 19 18 22
38 40 32 41
22 42 14 33
33 44 21 9
3 20 23 15
18 32 15 6
28 18 24 11
29 35 27 23
21 27 18 5
21 41 16 9
38 46 24 11
16 18 44 41
21 32 9 14
25 11 23 5
27 30 9 33
5 10 14 25
40 42 10 30
37 40 16 13
35 23 27 22
18 41 20 8
37 18 17 40
10 3 16 10
6 10 25 5
6 15 19 10
41 21 5 1
12 19 24 8
5 31 27 12
20 33 14 14
37 34 25 6
17 33 10 13
9 1 29 7
22 31 21 17
21 23 8 38
6 13 17 13
0 37 15 26
7 10 12 28
5 32 6 26
19 8 23 14
41 38 17 27
45 39 16 22
43 36 4 36
17 32 20 11
15 4 10 40
11 14 8 17
2 34 12 28
6 12 27 9
8 17 18 10
6 16 15 6
40 45 5 39
0 38 20 5
38 12 8 30
8 11 8 32
35 24 27 32
16 36 14 20
22 6 11 14
18 36 28 9
15 18 15 8
16 39 0 30
8 13 19 3
15 25 7 33
20 30 18 3
7 8 13 30
17 33 9 34
3 18 22 5
3 17 23 9
5 17 36 17
0 26 16 13
8 6 10 21
16 45 26 11
20 34 19 16
19 27 14 12
19 31 18 4
18 9 10 13
6 4 17 12
