50 161 14404 800
13 16 48 2
28 5 31 30
31 7 23 7
27 2 40 43
20 5 22 21
29 6 40 20
43 43 42 30
16 2 26 1
25 8 38 47
28 25 29 8
38 32 1 5
26 32 18 8
11 25 27 31
28 21 41 41
31 25 27 48
3 45 33 21
29 15 33 18
48 34 33 17
41 40 30 47
27 16 32 12
46 40 27 12
20 37 18 8
44 15 27 48
27 26 31 37
44 32 49 22
49 34 12 34
33 11 6 1
30 17 28 46
33 23 8 20
44 34 10 26
18 13 28 30
36 27 36 16
23 10 43 45
4 46 49 43
9 27 28 43
18 22 17 32
24 23 15 36
11 11 37 21
35 2 17 29
12 13 48 0
32 25 1 28
6 43 43 24
27 21 32 10
46 46 17 32
15 29 30 48
20 1 44 40
44 5 26 37
42 30 9 33
44 45 37 43
25 18 13 30
25 33 45 7
25 20 30 11
34 2 32 43
24 28 28 27
11 17 41 26
16 17 13 29
27 27 19 35
20 10 10 16
43 25 43 39
26 3 23 36
38 29 19 29
26 21 15 36
11 13 36 37
13 2 13 34
33 8 33 35
12 36 15 30
20 12 10 33
29 27 19 27
48 15 10 29
45 29 18 31
20 8 2 14
35 9 19 26
14 14 7 28
13 13 36 18
41 16 13 35
25 21 15 34
13 10 16 34
25 12 37 33
28 23 21 48
34 4 34 32
32 11 39 0
37 14 31 7
10 30 48 28
15 12 30 10
29 15 48 39
9 14 30 48
47 10 18 31
41 27 13 20
46 29 31 40
29 17 33 12
48 43 29 19
2 46 17 35
22 5 49 33
36 0 46 19
28 10 48 42
28 1 47 42
21 30 39 36
47 35 23 27
49 8 22 16
12 14 9 20
27 7 22 33
27 7 14 35
41 7 48 25
29 3 38 23
31 13 15 30
39 39 1 13
9 10 40 37
10 16 14 31
36 31 29 25
20 28 10 32
49 38 39 5
11 1 33 14
37 14 22 49
38 1 10 34
37 16 41 29
17 32 32 5
34 5 42 22
33 2 19 2
25 19 13 29
9 5 37 10
13 13 30 10
41 29 29 10
26 6 19 0
49 17 27 13
12 16 34 42
44 29 48 15
24 10 27 42
43 37 8 15
13 14 1 6
22 16 9 32
12 36 30 27
20 20 5 43
44 35 26 16
5 32 12 31
35 20 36 29
35 34 0 12
10 48 16 36
46 47 24 17
24 3 48 18
48 27 49 8
27 25 11 30
13 12 42 26
4 25 40 37
32 16 37 11
23 3 31 47
19 11 45 39
29 15 9 0
35 6 46 27
14 47 45 15
38 2 0 14
35 12 23 30
47 31 20 31
12 13 21 36
34 12 7 13
38 26 12 34
49 33 32 40
42 20 48 5
22 9 19 27
17 25 37 17
38 30 16 32
28 23 18 31
