50 356 17319 800
15 49 6 2
13 25 12 6
11 28 44 36
43 27 6 1
24 2 33 25
9 15 27 43
3 2 11 4
3 25 17 41
10 37 12 46
40 28 34 31
4 0 36 42
22 22 11 25
43 27 26 29
15 23 16 35
46 32 12 36
45 22 38 44
11 13 41 46
9 6 12 47
34 15 18 46
47 49 2 16
16 30 34 31
47 26 4 26
16 45 20 39
29 11 11 3
9 13 30 37
20 27 8 5
21 25 18 31
37 24 45 40
46 20 6 11
49 29 14 23
16 1 17 10
20 13 42 22
34 12 35 31
45 23 24 25
6 27 12 4
28 29 16 1
19 9 18 29
30 22 20 44
9 34 15 35
13 12 14 2
42 30 17 0
28 14 21 30
8 7 15 42
18 9 19 49
4 24 20 27
21 10 10 42
14 32 6 44
10 25 44 41
31 8 10 48
8 27 19 25
41 30 4 25
13 12 26 37
16 3 11 3
24 12 2 30
23 9 25 22
47 31 28 26
39 27 37 3
31 42 12 3
16 4 16 29
49 23 13 3
46 26 15 49
5 28 15 40
11 7 26 47
34 16 7 6
41 33 3 0
2 23 17 6
46 26 7 6
12 28 7 2
18 21 13 4
40 40 5 49
5 29 7 4
48 37 37 36
16 39 32 34
37 42 41 33
7 14 27 29
0 32 21 42
19 23 27 38
12 12 9 1
21 16 31 38
9 19 26 44
8 16 41 42
3 23 12 38
9 25 23 22
17 30 5 0
6 5 6 43
48 26 20 42
28 39 19 2
35 31 13 18
8 17 30 49
43 37 32 23
40 29 14 49
38 25 44 31
43 15 8 0
6 24 14 33
49 24 36 36
4 6 34 33
49 34 27 30
10 4 42 11
18 31 43 32
10 26 3 0
15 22 2 4
41 32 23 48
17 8 7 11
41 6 14 6
29 3 14 1
22 19 5 3
33 1 15 0
32 7 35 41
7 22 6 48
36 15 18 20
17 19 12 0
41 32 5 35
32 16 10 12
36 11 8 43
35 41 9 0
48 28 23 24
15 15 4 18
9 26 38 39
40 20 40 31
13 5 11 49
10 34 25 29
12 36 15 45
15 22 29 27
2 1 27 39
21 21 26 39
49 29 28 41
5 25 19 30
7 10 35 31
40 42 12 5
13 46 24 40
46 19 19 48
15 17 14 0
45 20 4 5
11 30 11 1
4 15 25 27
3 26 17 1
6 11 10 29
7 19 17 0
33 35 38 17
10 38 8 7
11 4 38 37
13 47 7 40
7 12 31 27
30 21 34 37
8 46 13 0
44 25 13 0
28 17 17 29
32 23 26 43
42 30 10 8
47 34 16 40
16 32 31 24
19 22 13 15
2 0 10 40
7 15 31 10
43 37 27 45
36 48 45 35
42 48 26 34
45 22 18 40
37 22 21 33
2 31 28 22
29 14 19 26
5 26 32 44
42 31 29 43
36 36 28 24
46 28 3 12
2 7 19 28
32 23 23 30
11 34 8 3
33 31 14 41
9 46 13 0
39 23 25 40
10 31 30 21
1 7 32 35
12 33 12 47
3 16 34 18
45 34 5 7
41 18 15 42
36 17 4 33
17 30 34 49
1 15 48 28
9 0 28 42
8 18 31 41
7 13 14 49
20 7 45 23
45 33 14 6
17 1 37 31
45 21 10 3
11 26 7 6
20 6 7 26
11 12 28 42
23 12 47 39
42 27 10 48
9 28 14 37
15 45 35 39
12 33 23 42
43 22 6 14
12 30 9 4
26 25 28 30
8 20 9 1
21 1 12 2
1 2 8 6
39 13 35 36
0 10 10 36
10 23 13 16
3 12 18 39
42 25 34 32
12 11 30 44
33 7 6 2
23 9 12 4
49 28 14 1
23 23 31 38
8 11 3 19
13 24 9 2
43 25 37 20
34 9 35 45
47 27 8 2
12 19 10 3
6 17 18 33
37 32 8 3
25 19 16 1
36 32 41 38
40 21 27 25
1 31 8 44
38 20 29 23
21 9 16 3
41 22 10 3
14 25 7 5
47 32 48 44
35 40 13 7
7 8 26 24
13 4 24 41
1 30 35 46
16 18 11 11
39 31 9 33
27 17 19 43
43 10 15 0
16 35 49 32
49 26 44 40
5 16 12 3
47 39 23 33
13 25 5 34
38 19 9 42
44 32 35 27
18 11 12 18
48 36 36 25
35 14 20 37
21 37 21 27
31 1 14 42
44 18 17 39
39 26 32 39
9 9 21 47
17 2 28 33
6 27 3 30
5 30 15 19
12 32 38 27
6 10 11 7
49 27 17 0
8 23 9 14
1 20 27 44
43 26 13 3
8 27 11 0
27 17 18 30
42 19 16 21
45 28 14 28
17 9 43 34
45 36 41 38
31 14 24 48
14 11 34 41
48 39 33 39
28 17 41 14
44 20 16 37
21 46 8 3
43 12 16 27
49 40 15 10
8 31 5 38
32 12 38 24
9 49 15 33
30 10 12 1
7 26 46 19
37 10 17 21
5 16 45 40
2 37 13 42
26 11 27 27
38 15 23 41
25 32 12 1
48 24 27 46
25 18 28 28
46 37 21 42
20 11 17 48
11 20 13 23
2 12 24 37
8 27 40 33
45 13 31 39
37 30 34 26
16 16 22 31
34 28 13 42
44 35 37 37
34 16 33 42
23 38 41 18
38 21 25 19
39 30 6 1
18 29 9 38
47 38 15 15
16 48 16 1
22 18 17 5
28 12 9 3
30 9 16 16
47 29 38 42
49 34 9 3
46 43 14 34
8 21 26 31
10 19 7 4
10 34 8 9
6 9 1 39
33 17 11 2
13 32 45 37
34 33 28 41
35 48 13 1
35 44 30 24
35 5 27 28
46 25 45 41
5 28 44 31
11 23 42 30
20 16 15 1
3 24 16 36
3 12 8 39
9 22 24 33
10 31 8 17
4 22 10 3
46 20 43 33
7 6 12 2
28 25 3 45
17 37 10 8
12 31 6 46
49 18 36 0
12 29 16 43
13 8 3 34
45 32 12 4
1 4 22 41
23 25 23 36
24 4 9 34
33 14 15 38
46 35 16 42
8 23 26 29
9 20 35 32
46 28 35 38
35 25 9 14
9 26 7 2
44 36 44 19
4 0 16 2
41 48 15 37
45 26 8 5
27 15 5 16
32 20 25 29
18 30 13 0
22 49 35 26
