50 1364 12947 800
35 22 43 16
9 25 22 41
33 34 4 29
12 3 48 13
19 8 11 29
4 22 48 16
38 22 7 39
30 19 39 8
37 30 49 21
37 25 17 15
5 0 27 38
1 6 27 41
30 42 46 7
13 28 26 42
29 42 20 5
36 32 39 15
42 30 47 16
38 29 37 15
3 5 9 37
28 36 7 30
19 34 38 1
38 40 29 30
48 36 25 44
46 16 26 17
25 15 43 13
47 32 38 24
26 8 4 41
4 19 14 34
26 26 8 23
34 8 25 48
32 14 12 10
45 31 37 6
34 16 26 40
34 35 7 31
24 47 26 29
28 36 30 32
48 45 23 40
34 20 20 42
12 27 8 13
45 26 27 37
6 7 13 39
10 12 27 39
6 8 44 11
3 23 27 43
33 17 24 41
29 43 38 11
35 19 20 43
9 0 0 12
29 18 22 42
14 18 25 37
35 24 38 29
42 28 7 28
17 12 23 43
1 9 27 44
42 14 26 42
45 31 13 29
3 3 41 6
32 16 4 28
13 23 24 43
20 26 9 42
32 10 49 11
31 34 24 40
8 0 43 19
7 27 18 39
35 10 29 35
6 14 47 5
37 22 25 28
32 23 26 41
29 21 29 39
45 43 3 26
5 4 33 4
31 9 26 28
11 18 43 4
36 9 34 33
36 21 20 38
40 33 7 31
1 15 23 47
33 17 41 14
24 41 15 15
1 16 46 11
33 9 46 13
23 26 36 6
19 9 13 24
34 26 15 12
5 22 23 35
47 47 0 43
36 33 23 44
20 26 26 42
45 41 33 8
4 20 5 38
11 21 26 40
22 24 26 20
31 15 44 21
38 44 3 45
25 30 20 21
22 43 40 36
8 3 27 40
32 14 24 13
44 27 27 43
10 11 39 10
31 24 44 13
21 13 0 26
26 32 18 18
42 36 30 6
8 42 35 8
47 13 26 35
30 37 37 26
36 20 44 4
37 27 24 22
31 21 15 25
1 9 35 27
30 24 8 29
1 13 25 41
38 46 1 41
26 31 8 31
15 25 25 36
14 24 4 36
43 42 11 28
37 44 24 40
33 20 32 28
39 3 6 38
40 42 45 7
8 16 49 12
31 28 21 18
35 12 39 13
5 24 24 44
21 11 25 42
43 28 37 21
27 31 16 38
45 3 40 12
30 42 6 33
28 32 9 34
2 5 29 43
28 29 33 15
22 27 22 42
35 22 14 36
28 33 0 42
30 12 41 8
33 47 10 14
4 17 29 32
36 31 24 43
34 28 16 23
30 17 7 33
1 19 19 3
32 25 28 3
2 15 43 17
20 37 29 41
42 14 0 34
39 11 16 41
9 35 35 9
10 12 22 49
34 1 14 26
36 11 2 44
10 29 24 46
12 21 7 40
15 29 28 37
48 35 13 40
47 24 43 14
34 20 3 26
6 17 25 44
32 25 23 39
23 26 23 40
2 17 41 6
18 36 25 39
29 44 44 13
35 30 45 14
44 20 37 7
14 14 23 39
7 5 46 16
45 43 35 29
6 11 27 40
30 39 0 24
30 24 23 42
3 20 23 37
4 12 42 12
40 23 14 24
30 45 43 16
16 17 28 6
2 12 43 14
32 22 11 29
35 18 31 36
2 15 0 33
45 14 22 46
34 17 19 14
30 20 24 44
46 43 48 11
47 18 28 45
45 31 14 24
41 32 32 8
22 18 36 14
5 3 13 18
5 12 21 44
33 22 24 40
36 25 22 43
33 21 36 15
5 21 43 14
32 20 33 6
37 21 3 40
38 38 24 20
43 30 15 27
3 6 23 42
6 8 2 26
0 9 21 38
41 20 3 39
45 37 6 10
16 25 48 14
46 22 43 5
42 22 24 38
48 31 5 32
38 28 27 15
30 11 11 20
12 3 2 22
41 18 22 37
10 43 40 14
30 14 32 27
28 4 16 43
27 28 14 25
33 40 29 17
35 46 2 33
15 30 23 44
42 27 1 35
6 10 9 30
1 13 25 41
34 29 22 25
17 6 26 39
30 9 25 37
34 7 3 28
29 22 25 42
2 4 22 18
31 17 23 29
34 11 40 13
33 17 44 14
39 28 21 36
34 19 11 38
25 24 24 14
3 14 41 17
36 19 25 45
24 27 1 10
10 34 22 9
38 33 43 6
19 28 14 19
47 25 46 3
25 27 18 12
29 14 24 39
26 23 25 11
41 12 6 38
28 28 9 17
33 38 21 17
46 30 19 26
37 23 27 38
6 19 28 12
34 17 23 44
24 35 2 41
36 18 13 22
49 33 16 22
17 30 11 34
37 27 19 27
13 40 3 32
47 35 5 19
33 21 16 32
39 41 45 19
31 31 24 13
12 4 14 15
33 11 22 37
39 30 24 46
39 47 40 10
28 30 40 2
31 18 44 7
1 17 39 15
13 4 4 37
34 13 37 23
11 11 39 5
42 34 18 15
43 29 25 39
35 37 24 41
35 19 23 42
43 18 21 48
38 31 24 42
44 40 23 42
44 19 43 14
15 48 3 32
7 20 15 9
37 36 47 12
37 2 10 15
20 29 15 8
33 19 9 8
36 13 47 15
19 11 41 6
35 19 20 40
19 12 19 23
24 32 29 43
18 29 18 16
7 5 28 37
22 44 45 16
5 15 28 39
21 5 5 27
34 30 0 36
47 33 34 23
47 48 21 43
18 34 29 44
10 22 25 42
32 19 25 21
39 24 3 36
5 1 7 24
32 29 38 27
42 36 41 12
38 44 25 41
30 22 22 44
27 16 26 43
37 26 5 34
43 35 29 10
49 43 23 43
46 30 45 10
15 23 30 40
23 11 13 34
46 31 45 4
23 24 39 6
40 37 23 39
33 11 30 18
33 28 31 36
40 33 25 39
46 44 10 9
39 15 3 25
32 13 40 6
33 45 21 42
40 21 43 10
31 22 16 22
49 45 30 37
35 18 43 17
33 36 20 14
31 47 40 19
31 21 33 10
33 20 6 40
0 2 25 44
34 11 23 26
8 5 21 40
31 11 27 41
5 19 36 7
34 22 25 3
36 11 32 12
6 23 22 19
41 25 44 16
5 5 24 45
35 29 2 22
39 33 40 15
28 46 23 36
36 21 15 18
8 22 2 32
23 37 24 41
47 32 19 21
32 31 38 30
45 39 43 6
28 13 48 1
26 27 28 34
28 43 42 22
33 26 36 38
29 21 11 39
45 42 28 24
34 27 22 49
29 14 17 45
49 21 27 30
29 32 21 35
42 29 7 8
7 17 24 39
37 31 16 27
36 35 32 31
33 13 23 21
17 12 23 40
21 24 45 23
43 22 4 21
36 44 2 35
39 27 41 6
31 18 17 41
3 7 1 25
33 18 13 27
46 41 27 47
44 41 6 40
33 38 28 41
19 30 10 28
33 19 9 20
12 30 10 37
34 13 41 11
2 9 11 24
33 36 6 44
49 36 24 43
34 5 33 26
15 34 21 41
8 3 45 8
47 36 22 5
2 5 29 30
35 47 23 40
39 21 19 26
35 36 23 43
39 35 11 39
36 15 49 21
33 32 10 24
34 10 3 33
25 42 33 9
5 5 44 11
38 19 23 34
37 49 13 11
17 23 47 9
31 35 25 39
2 9 18 41
32 19 2 23
14 45 29 42
42 30 31 12
44 39 8 12
39 3 27 16
11 14 1 38
9 13 25 33
11 37 7 35
26 38 23 43
19 36 3 36
48 34 41 10
10 7 15 25
35 15 10 28
30 25 9 33
37 19 27 42
42 12 0 27
40 5 41 13
9 1 41 29
39 41 28 37
35 22 45 9
17 41 49 9
27 32 40 3
36 21 0 44
6 38 27 42
0 5 1 26
49 37 25 36
10 18 39 12
17 8 37 16
6 19 19 44
1 13 9 31
49 22 26 39
37 44 26 42
31 30 26 10
29 33 16 34
18 26 25 37
17 32 35 8
42 17 11 38
9 5 20 28
33 25 48 15
42 39 7 31
29 12 44 13
41 46 38 12
8 16 9 28
47 19 0 39
37 24 14 23
39 21 2 43
34 39 47 5
47 33 9 17
18 32 1 19
6 17 4 42
12 23 7 44
1 20 35 12
33 20 23 44
30 5 14 46
24 28 15 22
24 34 21 24
20 25 4 28
33 24 33 14
31 30 11 5
48 44 7 31
49 49 22 40
30 22 20 42
43 22 28 38
42 27 28 42
31 14 12 25
26 44 30 37
28 21 13 26
40 37 6 29
37 44 9 33
28 43 33 27
5 2 23 38
31 14 29 40
10 23 5 22
10 0 35 25
40 43 9 29
18 36 39 8
22 18 31 42
13 21 23 36
32 13 39 10
25 39 23 43
7 20 45 11
5 5 6 27
29 30 44 8
47 25 41 18
43 26 27 16
8 13 25 44
32 14 39 4
33 21 34 7
46 45 40 34
0 8 30 24
4 18 47 26
14 5 40 13
49 36 41 13
2 19 47 18
2 12 25 38
22 40 23 44
4 3 8 14
46 20 13 41
38 27 15 18
34 21 25 40
49 35 0 41
33 19 46 12
42 38 37 22
42 22 16 2
26 14 20 44
0 6 23 18
8 15 37 15
46 29 34 13
16 2 25 44
5 12 48 5
11 21 23 44
7 9 28 41
40 20 22 18
2 26 3 39
27 29 35 14
7 5 12 7
26 41 12 35
36 6 22 5
26 19 39 13
34 11 5 29
28 46 32 42
20 36 2 28
34 23 25 44
2 7 14 26
8 7 39 7
36 31 26 38
26 26 27 42
36 45 43 10
40 13 7 35
34 49 24 22
32 22 24 46
1 4 28 45
30 26 6 27
29 29 3 41
33 8 38 9
12 6 40 15
38 30 24 44
2 17 29 9
26 29 21 29
32 40 1 36
4 18 23 1
18 22 42 14
33 21 3 41
40 38 1 45
10 21 29 41
7 29 2 44
31 10 19 20
39 26 7 33
23 21 2 35
34 23 0 32
1 17 27 39
31 18 1 26
32 30 27 43
25 15 26 22
8 23 26 15
21 26 17 4
34 26 25 40
31 34 11 10
49 32 28 41
39 42 11 39
41 28 45 17
24 11 40 12
33 18 20 44
43 27 43 4
6 12 5 33
27 37 5 45
33 14 29 39
29 27 41 17
24 27 46 13
29 37 9 43
34 25 23 43
39 29 36 18
42 25 17 12
25 46 38 14
41 16 32 14
2 23 21 20
22 39 35 12
34 29 49 15
23 43 26 40
34 10 28 38
45 35 38 13
34 20 25 43
34 12 27 41
16 31 27 18
46 32 23 39
31 28 34 15
31 13 26 40
34 19 0 39
48 33 26 46
31 23 25 42
26 40 4 29
25 27 23 45
29 21 23 19
2 2 17 8
35 20 14 17
19 30 43 4
33 17 6 19
8 6 45 17
40 25 22 6
35 29 28 45
34 15 0 32
48 44 27 41
39 15 18 39
32 39 27 45
37 25 18 42
1 18 23 11
32 18 26 45
2 1 42 16
36 29 20 46
36 39 24 10
33 17 23 29
35 25 24 37
7 7 14 13
45 15 18 20
45 12 19 16
34 15 38 19
34 15 3 36
35 18 30 42
29 16 33 14
42 35 23 41
3 6 20 19
46 33 32 6
32 19 30 24
8 39 27 43
43 32 35 13
27 17 35 8
33 18 12 32
33 18 15 34
31 23 43 18
28 27 35 32
31 29 41 19
35 42 7 32
19 14 21 21
1 18 18 24
11 7 39 12
35 0 21 28
9 9 42 19
4 16 18 19
49 31 25 40
41 25 41 13
47 38 13 32
28 24 25 44
2 10 25 41
6 8 18 41
43 31 0 31
27 36 26 41
11 23 21 39
14 25 25 44
43 41 43 6
40 22 31 43
33 25 6 21
0 29 39 10
49 4 32 16
37 20 9 29
34 33 1 41
27 30 10 35
41 11 16 29
32 12 25 41
41 43 25 38
39 21 48 2
35 1 25 29
46 23 27 42
32 7 23 30
34 20 23 39
48 30 1 13
27 32 9 29
45 28 27 41
38 25 18 20
34 34 24 41
8 21 36 10
45 42 23 37
2 26 28 42
7 23 26 40
29 25 24 39
45 36 23 36
3 4 27 20
1 11 36 13
29 25 43 11
33 15 23 39
18 34 37 15
6 3 41 12
15 16 28 42
10 4 15 18
44 28 21 43
37 23 7 31
39 16 24 42
46 27 23 39
47 42 1 32
33 18 24 41
22 38 19 27
39 27 4 35
25 22 42 18
4 15 0 29
0 20 43 10
33 27 25 42
0 1 25 25
36 11 1 39
47 37 47 18
6 7 24 39
20 23 9 37
39 47 6 27
35 12 14 18
13 18 39 6
49 25 35 9
24 26 5 39
35 9 1 28
35 19 16 22
0 17 34 9
6 19 40 15
36 19 23 18
36 32 42 6
36 14 27 43
35 15 34 19
34 18 23 31
4 12 29 30
32 25 38 15
46 12 13 39
47 27 27 40
33 11 41 17
15 5 41 10
3 18 21 42
32 8 26 42
31 32 24 18
30 20 45 6
43 17 24 40
36 22 20 4
42 40 0 32
49 37 18 14
12 23 24 42
12 20 29 12
32 16 23 43
35 23 6 35
49 32 17 13
5 5 23 38
31 38 16 43
42 21 25 43
25 31 25 22
21 22 15 23
44 41 19 39
36 13 7 21
34 20 4 8
0 22 3 31
33 42 44 15
13 37 13 7
29 10 45 10
13 32 21 28
24 27 26 40
40 28 33 18
34 32 17 29
6 4 41 7
40 37 20 29
29 22 33 11
44 22 18 43
16 34 28 48
49 35 10 17
30 25 27 36
35 18 34 13
36 29 5 28
5 2 11 29
31 34 45 12
45 44 31 40
35 20 46 20
39 29 38 11
19 14 25 36
43 37 23 44
25 25 42 9
2 22 9 26
36 18 33 22
33 20 40 0
37 24 42 19
32 19 29 26
24 35 36 13
32 14 12 30
33 26 24 22
32 23 21 39
0 15 40 3
33 21 1 32
21 39 28 49
35 23 25 42
37 26 14 7
10 29 25 41
27 18 10 35
43 35 32 20
32 19 23 31
38 23 24 7
5 28 23 42
29 19 11 12
36 20 41 13
39 24 34 13
1 6 8 31
31 15 14 13
39 21 35 8
34 31 27 41
29 30 37 14
43 39 45 23
31 10 24 39
44 37 8 35
49 40 8 36
26 14 0 33
19 40 47 12
3 23 28 41
49 16 16 15
2 13 2 30
8 27 41 31
41 26 27 26
44 13 25 38
24 22 26 39
35 16 39 18
30 22 11 33
38 27 43 7
35 23 47 9
11 30 10 35
19 28 23 37
6 2 12 41
38 34 41 11
21 25 14 34
35 19 8 38
2 16 47 10
36 27 34 17
17 34 38 10
46 45 37 14
38 32 17 11
38 29 5 33
0 19 26 19
6 14 23 31
41 21 15 33
11 18 28 38
34 17 38 37
34 37 10 28
34 41 4 21
38 27 40 10
22 35 7 31
39 49 30 46
20 6 26 29
31 24 4 38
25 33 9 5
32 8 38 21
35 42 29 44
44 34 43 14
47 29 45 5
37 11 30 20
40 37 18 21
35 31 25 38
43 26 26 43
43 29 47 16
3 8 33 8
26 20 5 43
43 47 29 46
33 27 39 14
23 34 38 34
37 43 26 42
7 20 20 16
40 36 41 30
46 27 22 44
13 46 18 25
30 26 43 7
43 1 32 11
38 29 26 38
33 13 38 12
31 23 3 41
24 28 1 40
29 12 24 43
0 15 5 42
32 14 24 37
32 13 32 25
10 13 35 23
16 26 6 28
13 23 18 32
32 12 16 36
49 26 28 22
44 30 6 32
37 29 23 45
29 9 4 25
34 20 22 17
48 32 27 44
43 29 40 14
29 40 27 36
44 24 38 32
23 24 35 10
34 17 25 45
1 12 0 23
36 10 26 42
23 44 22 10
31 25 43 3
30 27 23 19
34 6 1 38
11 25 22 42
25 32 45 16
7 9 40 11
32 19 20 14
37 39 26 45
33 20 26 43
21 33 7 33
16 25 6 31
48 24 35 18
30 37 25 40
24 26 19 9
46 36 10 18
44 21 21 47
40 25 47 15
34 37 33 15
37 20 33 18
43 36 8 32
41 41 16 32
19 16 22 8
26 33 43 9
15 39 1 41
33 18 3 37
16 36 17 15
31 19 12 31
30 26 24 42
26 26 43 10
35 27 41 19
38 27 23 40
38 9 31 42
34 20 45 12
35 20 9 38
20 3 8 35
28 7 45 13
21 25 26 40
40 26 36 9
45 31 9 32
1 6 24 39
38 42 42 14
48 24 43 12
34 20 35 35
36 28 25 1
0 11 29 45
37 29 24 11
6 17 35 14
24 33 26 44
16 37 24 48
6 13 39 8
10 30 43 14
4 13 4 29
20 26 29 3
6 3 29 12
11 24 46 8
36 42 3 29
35 27 22 40
29 9 25 44
31 20 12 33
45 34 30 20
37 21 25 24
7 18 44 8
19 31 22 45
44 30 3 22
33 16 9 19
40 19 3 31
29 11 27 24
47 21 25 41
34 12 23 42
32 17 23 19
20 19 12 32
34 11 10 22
46 27 24 22
45 41 4 37
34 9 23 43
6 8 44 12
9 20 2 48
35 18 26 47
18 31 3 22
7 13 24 38
48 39 5 22
16 42 18 49
5 26 11 18
34 30 27 44
9 19 26 41
49 46 45 3
34 18 26 41
37 24 25 24
22 28 25 45
31 13 3 29
34 19 17 36
33 29 9 41
40 22 6 33
14 2 36 16
9 15 3 35
15 38 49 40
35 28 25 19
46 46 20 40
41 27 27 39
27 22 2 18
9 37 27 44
43 25 37 18
13 25 33 20
39 19 19 42
1 19 46 14
40 26 34 10
7 23 1 36
7 1 13 31
36 15 11 18
12 17 25 42
4 18 37 2
32 24 18 9
34 40 28 46
29 42 36 7
6 14 3 27
37 30 25 33
17 28 26 42
10 9 20 39
26 34 41 14
45 28 27 44
26 44 38 17
24 23 1 24
40 25 35 1
27 19 20 22
31 21 36 22
21 29 23 42
44 34 38 9
41 30 15 24
31 17 29 20
32 14 37 4
22 39 35 13
25 25 26 43
39 22 36 9
8 4 22 22
0 3 11 39
42 39 23 44
31 21 24 43
7 15 37 7
34 12 32 23
37 22 22 45
27 36 42 6
34 38 26 39
31 19 2 44
38 25 28 45
41 41 7 31
28 37 4 43
3 0 4 15
48 28 21 28
35 18 18 26
46 40 14 17
32 19 21 43
14 33 22 19
18 29 34 23
31 41 23 39
35 10 7 30
3 5 7 25
41 32 29 40
30 19 8 33
23 34 28 43
27 19 13 6
34 22 23 19
38 28 6 33
46 38 7 27
29 14 4 33
7 19 33 17
31 14 4 43
38 23 18 28
31 23 7 33
36 19 23 17
37 6 49 11
3 5 25 17
49 32 19 49
11 1 40 12
31 23 29 40
14 38 25 41
33 10 24 36
37 39 45 14
25 49 38 21
30 21 21 41
38 24 42 15
3 19 3 39
8 15 2 30
2 18 8 39
49 21 31 22
3 16 42 17
33 18 11 27
30 38 24 41
41 43 36 14
41 38 25 20
17 34 25 46
37 11 45 23
33 44 5 28
10 29 4 37
15 11 26 41
48 42 13 29
34 21 22 38
31 19 38 9
5 13 42 10
42 11 21 20
47 26 25 37
15 12 27 35
23 42 5 28
27 21 13 24
31 19 11 25
43 13 24 42
48 38 2 33
37 25 24 37
34 7 24 41
39 34 10 44
14 4 8 26
8 6 35 8
34 37 23 35
31 38 1 32
1 24 16 30
14 25 23 43
34 17 19 19
32 20 25 39
22 32 21 22
35 16 45 13
39 47 2 20
45 21 42 4
42 26 41 8
33 20 48 20
32 22 14 25
32 15 35 6
28 30 19 13
21 39 30 15
1 7 25 40
38 37 3 35
23 32 46 8
33 13 21 12
17 47 47 4
40 39 11 18
31 13 24 39
14 4 2 31
33 19 15 15
46 43 10 32
25 18 22 35
4 23 8 19
36 45 7 37
33 26 23 33
16 32 43 17
45 41 34 29
12 24 16 18
26 31 36 11
5 26 17 36
42 38 1 34
45 29 27 41
39 18 2 23
38 23 40 12
0 17 13 26
4 16 24 44
38 23 12 28
22 38 5 31
25 25 25 32
5 4 46 3
15 35 41 11
7 42 36 8
44 33 38 10
2 22 13 32
40 19 9 29
4 10 19 28
20 30 31 44
46 32 26 42
27 36 26 44
34 21 27 41
33 44 38 36
40 36 30 45
4 18 37 14
28 25 34 9
6 5 36 17
11 12 11 34
4 7 2 25
30 14 11 28
0 12 19 10
28 31 25 45
4 20 28 25
45 37 47 9
36 46 31 8
34 37 4 35
44 39 22 26
44 13 5 22
39 46 17 42
34 18 15 36
39 31 40 8
31 43 21 39
10 25 44 4
35 25 13 10
41 22 32 40
14 41 31 42
38 30 23 40
20 37 29 46
36 25 7 33
18 40 7 28
33 12 27 39
37 36 3 18
34 25 27 8
42 37 22 23
28 24 26 45
33 12 42 14
4 0 29 16
36 13 26 37
42 29 30 11
29 25 15 30
44 41 40 7
44 27 22 36
31 25 5 30
38 19 25 29
6 12 31 41
37 26 6 34
29 11 35 30
26 29 23 42
31 19 25 39
39 19 25 6
33 8 42 31
49 17 37 3
31 13 27 15
45 49 25 43
35 19 13 28
29 21 30 8
37 11 16 39
5 19 35 20
35 9 26 41
41 28 43 12
2 17 23 42
4 19 6 29
38 21 2 28
11 30 19 33
46 42 42 0
35 19 41 41
40 22 33 26
30 8 8 48
42 41 26 43
33 41 3 26
20 25 3 34
43 31 28 42
22 37 47 9
18 8 26 37
24 20 32 7
16 34 28 36
31 23 16 26
36 18 45 10
33 33 36 6
38 7 8 39
33 20 21 31
31 13 25 40
33 14 41 8
38 16 40 8
30 15 45 11
36 44 28 19
3 22 31 7
38 30 6 27
34 39 31 37
35 19 13 22
47 36 23 29
0 10 22 44
34 38 15 21
28 15 13 15
31 20 24 29
27 37 22 4
29 35 44 9
10 17 48 11
41 38 6 32
6 22 20 40
22 34 23 40
36 23 38 8
26 47 39 22
48 42 30 12
35 24 19 17
46 18 40 13
26 24 40 10
32 13 46 13
30 31 44 36
46 46 40 9
13 4 0 36
29 11 30 33
39 28 19 15
39 34 16 23
28 28 25 40
32 23 44 11
36 9 36 23
36 19 17 44
1 20 38 9
11 9 28 15
43 35 32 18
36 19 24 39
34 9 46 10
29 20 8 36
3 13 23 38
46 19 45 4
38 29 31 27
36 22 28 23
42 10 30 11
49 33 40 8
6 0 25 39
8 14 20 31
21 18 21 36
7 24 44 14
32 22 27 42
28 11 43 46
28 12 5 40
8 21 39 10
11 17 10 33
3 17 34 20
20 8 42 10
41 24 36 10
44 22 39 8
13 7 8 13
38 18 23 27
36 38 16 46
48 34 26 42
42 18 20 18
0 22 17 14
36 18 27 39
48 34 24 45
39 39 24 39
41 34 47 8
6 14 25 36
12 36 27 45
4 23 43 6
6 17 12 27
39 38 40 18
29 10 42 22
30 20 26 35
46 19 5 31
34 21 25 38
2 10 28 43
32 14 36 18
37 26 28 32
12 19 4 24
28 26 40 9
41 41 4 29
3 14 20 41
22 32 37 9
29 25 39 11
42 27 40 11
35 10 23 25
32 9 25 42
30 14 11 9
49 25 23 39
31 10 10 47
28 22 29 41
29 30 23 40
45 25 0 26
37 25 30 14
36 20 22 42
32 16 41 10
2 10 11 27
4 1 42 7
3 19 24 25
29 43 22 10
43 35 25 16
32 28 4 36
36 20 40 7
19 34 25 27
28 32 8 40
34 17 1 47
24 25 2 28
29 32 18 40
28 10 31 28
39 20 27 39
36 21 11 41
34 44 13 27
21 33 27 9
19 33 14 5
24 9 23 23
27 32 24 42
38 17 23 41
2 4 4 42
28 29 6 30
33 12 45 18
33 25 21 41
29 11 42 13
24 30 36 1
5 0 37 6
45 37 26 45
33 26 39 10
