50 152 16293 800
47 29 32 5
0 26 39 17
7 10 29 21
10 2 30 13
29 15 30 37
13 30 34 0
25 47 31 15
37 7 41 10
43 19 44 7
44 32 44 22
8 20 41 21
6 24 42 11
7 22 35 40
43 44 43 34
22 31 41 7
14 3 49 30
7 18 31 29
19 9 33 37
40 24 41 17
37 13 26 34
49 28 40 24
46 23 35 22
10 14 34 32
48 37 19 4
11 14 45 11
14 12 33 40
43 23 37 48
36 2 20 45
10 3 39 13
47 24 44 12
45 26 44 11
47 31 26 12
26 9 35 36
49 20 41 17
17 17 41 29
7 25 39 2
20 31 35 24
49 19 38 19
7 0 44 4
47 24 40 15
47 30 41 16
12 7 35 30
8 23 45 39
11 18 49 33
13 22 28 19
42 25 12 37
16 32 37 27
40 22 38 18
43 35 37 5
45 22 38 28
19 8 24 39
5 21 32 14
11 4 27 15
49 28 43 0
3 8 22 3
47 30 37 40
4 17 44 37
42 18 48 13
4 8 38 16
45 28 24 33
9 38 40 5
15 5 36 12
21 18 47 27
44 23 29 6
46 27 28 32
40 13 31 37
34 17 19 32
6 29 38 9
15 3 39 16
49 36 33 44
32 22 45 37
11 14 41 12
48 20 31 34
13 22 41 12
42 23 25 29
6 39 44 4
4 26 48 19
19 12 30 12
45 43 49 45
4 23 26 20
24 40 42 21
15 1 8 18
13 33 40 7
6 13 31 31
40 28 29 37
30 44 30 15
5 5 30 35
48 23 21 16
22 14 39 36
48 18 41 16
17 18 48 17
10 16 38 0
20 16 29 6
12 24 36 25
9 8 41 14
7 37 38 30
0 29 36 31
45 24 41 22
49 21 24 12
25 7 38 8
15 15 39 6
46 21 42 7
7 21 39 30
45 30 41 19
47 44 32 14
7 8 34 31
38 45 42 11
43 36 35 22
20 2 43 9
8 13 35 21
24 19 41 19
42 17 39 14
47 18 20 0
40 25 38 12
42 32 30 29
45 20 39 2
20 15 40 14
44 25 48 12
7 17 36 4
47 26 42 21
42 18 38 21
2 33 45 24
0 27 36 40
46 24 29 21
9 14 36 20
29 11 41 11
43 15 37 20
27 8 36 17
10 8 38 21
23 14 49 7
12 10 39 38
42 31 40 4
37 25 43 32
8 15 25 32
34 23 46 26
12 21 41 12
48 31 42 21
10 15 10 2
10 10 45 8
45 19 44 34
12 9 44 18
47 23 0 49
14 12 34 23
49 23 37 36
30 21 42 10
47 15 44 10
27 10 36 18
44 37 43 47
43 36 42 7
46 34 41 21
35 13 33 25
6 6 37 14
