50 1112 18971 800
29 12 23 28
15 13 47 27
30 14 42 29
41 46 38 32
7 40 31 31
28 21 17 33
9 45 39 38
23 1 41 35
12 22 31 31
46 20 20 5
30 12 35 40
9 14 33 8
32 19 37 17
18 45 37 23
12 11 21 25
32 16 43 29
15 31 43 16
24 13 48 43
18 32 36 14
12 26 39 39
39 13 23 39
23 14 44 29
19 13 28 22
14 21 24 42
24 15 27 25
18 29 31 40
12 28 38 21
16 44 40 31
16 18 41 31
16 49 38 44
7 13 36 12
23 7 48 35
19 11 30 20
18 15 37 22
14 31 44 27
20 10 38 34
21 12 42 36
26 2 32 24
43 26 28 34
17 7 30 20
31 20 44 38
12 15 36 21
42 2 43 16
5 3 37 19
19 13 30 10
14 19 38 7
9 3 21 45
17 8 30 26
1 28 32 14
10 14 38 49
23 12 40 48
11 7 41 20
13 9 31 35
9 7 33 47
24 22 46 26
32 16 20 26
25 13 25 6
13 21 35 38
16 16 25 15
15 37 24 18
19 25 36 24
14 31 35 33
20 21 46 36
22 7 37 25
27 19 37 11
28 10 30 35
27 11 35 32
24 18 42 9
6 16 22 34
11 6 40 49
10 36 30 19
18 18 39 20
4 30 37 37
21 19 37 30
34 4 42 33
1 25 36 11
41 10 21 31
34 23 19 26
9 20 35 35
4 25 36 19
22 34 27 27
13 31 30 11
11 49 41 24
46 1 40 20
43 10 37 37
22 34 23 13
18 10 26 7
23 11 17 33
4 21 33 15
30 17 39 29
22 27 26 9
4 14 35 42
38 17 27 42
18 7 38 39
27 23 37 37
12 26 33 35
11 16 39 39
18 10 45 32
18 35 40 33
14 10 30 24
8 37 33 7
18 6 44 35
6 46 39 22
19 18 42 9
2 32 39 8
39 8 22 27
29 23 47 32
8 10 31 20
21 15 29 32
26 8 32 48
41 14 37 12
21 9 36 13
21 6 41 10
17 31 30 37
11 10 40 34
49 34 31 11
18 12 19 28
17 12 45 49
13 20 31 25
25 29 30 38
8 45 36 48
20 5 23 30
10 44 47 23
16 7 27 31
14 6 37 29
20 32 47 34
22 13 38 35
12 5 26 43
15 49 45 36
16 9 33 49
15 1 18 26
15 17 39 11
27 8 47 33
36 23 43 35
20 11 46 15
23 15 23 25
37 34 31 22
27 1 42 26
18 17 48 24
31 46 40 30
17 31 40 47
18 15 44 31
12 14 36 36
17 34 32 27
21 14 41 44
29 6 36 11
7 28 48 40
5 31 36 15
28 9 34 24
33 34 47 41
13 15 36 40
30 16 27 28
7 15 21 28
15 12 19 19
11 23 26 37
28 18 26 33
21 18 15 33
22 13 27 29
36 10 29 16
47 7 39 14
1 40 36 11
27 4 36 47
45 6 37 12
13 5 34 38
33 23 39 30
23 31 24 22
29 6 33 44
26 19 35 33
15 30 28 34
48 18 30 35
25 18 42 27
23 8 38 33
9 15 37 36
15 29 35 20
30 21 35 35
21 0 46 23
19 29 48 24
23 19 32 20
10 24 27 29
7 8 40 38
13 30 34 11
13 25 28 26
3 38 35 35
16 38 22 48
24 21 37 49
13 13 39 14
3 27 32 13
1 45 35 12
9 27 38 16
19 11 38 41
9 32 34 34
28 4 34 30
21 35 39 29
15 15 41 34
17 6 48 31
22 6 19 27
33 38 29 25
25 47 31 13
44 6 21 33
11 19 38 29
4 2 37 9
24 9 27 29
17 17 45 26
16 47 31 17
32 9 26 26
21 34 35 16
33 25 42 48
6 24 34 45
20 28 24 24
20 14 44 10
18 32 33 40
26 17 32 31
11 11 28 16
25 16 38 10
4 22 37 29
39 26 21 19
18 16 38 40
35 24 47 33
23 7 33 16
37 14 37 35
16 13 45 25
31 20 31 38
6 32 28 26
18 3 40 35
27 9 39 39
11 6 39 36
27 14 41 47
16 24 42 21
9 15 39 40
16 43 32 19
30 19 40 12
39 18 27 14
19 19 34 36
36 9 25 44
6 8 43 21
23 17 41 22
23 9 39 38
38 18 14 35
11 33 41 17
17 41 36 37
10 27 36 11
13 47 38 33
30 8 33 15
20 11 33 34
4 24 35 33
28 5 39 36
27 25 41 38
7 18 40 45
2 18 42 16
31 2 37 11
17 17 40 33
29 10 38 10
1 30 27 24
39 14 36 43
9 22 37 4
23 33 38 10
7 30 39 17
41 41 31 13
36 13 23 42
17 17 27 14
19 13 37 33
28 34 22 37
23 22 36 12
18 17 31 10
28 23 29 39
8 21 20 17
21 16 10 19
24 16 32 38
13 29 23 31
4 23 32 41
36 34 34 42
8 38 18 33
42 27 37 24
10 17 32 9
34 17 49 43
18 34 29 21
27 5 42 39
16 37 36 27
34 19 37 44
30 4 38 30
39 6 27 48
35 21 27 26
17 2 31 11
13 5 35 23
20 16 28 47
40 11 35 33
9 28 42 15
18 46 48 17
21 29 46 29
27 19 45 28
3 15 22 31
31 0 40 45
7 46 23 12
4 38 34 12
29 16 48 37
9 45 37 41
7 26 43 19
26 18 31 12
39 26 45 34
16 1 25 27
20 8 35 45
13 25 24 17
21 18 28 28
33 12 39 37
20 9 28 22
26 9 39 39
6 0 36 11
21 9 36 26
28 21 39 40
23 17 31 42
20 21 42 34
21 4 34 4
25 24 34 9
23 23 36 17
18 14 37 10
10 32 43 35
24 11 27 27
16 11 31 40
33 16 44 26
2 23 31 17
28 17 42 35
25 17 37 49
18 12 47 19
16 15 28 6
26 5 15 16
29 12 20 36
14 21 31 35
8 20 42 20
23 35 28 40
5 33 19 30
14 20 38 45
8 28 10 48
29 10 26 14
19 9 43 25
14 26 24 32
12 9 21 16
14 23 29 26
17 17 47 40
26 4 32 25
12 12 17 9
24 49 35 45
9 6 47 24
20 9 32 20
25 13 37 35
7 6 26 31
10 19 21 21
8 16 39 35
12 7 24 29
29 29 30 37
8 4 41 9
44 23 41 49
22 23 29 46
31 3 38 36
5 25 14 27
37 28 29 17
2 10 37 24
21 19 17 43
46 3 28 35
15 48 29 7
16 22 44 42
19 15 31 42
19 15 22 37
13 4 15 18
16 28 43 15
9 16 44 23
9 18 38 10
22 10 21 39
21 6 37 44
21 20 42 32
17 14 38 49
12 47 39 8
17 18 38 38
12 10 26 13
43 9 38 18
3 25 40 9
1 38 23 23
25 15 43 11
12 11 27 26
18 18 48 41
17 38 31 24
10 48 27 22
26 25 35 32
25 20 38 38
31 19 28 26
13 16 37 13
8 48 26 24
11 9 35 47
10 14 46 36
13 25 37 35
29 32 24 23
12 30 36 17
9 42 38 17
19 36 33 33
8 10 32 17
14 16 28 18
25 18 23 2
2 48 34 27
7 16 33 39
0 22 32 27
15 12 41 37
1 41 34 16
13 24 36 12
34 11 43 18
15 29 29 49
10 42 37 36
17 28 42 41
18 17 28 33
22 13 37 26
24 17 33 33
14 18 12 23
33 15 38 14
22 27 25 29
13 10 33 48
21 9 33 48
48 32 37 36
30 8 30 29
41 8 35 35
4 44 37 11
18 47 36 49
4 24 21 31
16 16 24 41
9 11 38 35
27 14 42 46
36 19 40 11
10 10 35 33
16 27 26 25
17 11 32 23
35 14 39 10
23 46 36 13
25 6 25 25
16 11 12 20
27 16 46 25
17 15 32 8
26 17 38 32
20 7 34 29
11 29 36 12
13 12 41 26
32 8 44 17
9 49 42 32
13 10 48 9
3 7 45 46
20 5 24 27
23 8 36 8
15 25 27 38
23 21 34 16
28 2 41 16
18 12 27 15
7 47 39 34
28 2 39 35
19 13 33 37
26 16 38 38
21 21 39 7
7 28 37 33
14 46 36 8
20 18 17 25
28 47 34 20
8 7 26 19
27 22 25 38
30 20 31 11
23 23 38 15
2 24 21 30
33 18 41 26
24 8 38 40
36 26 25 19
21 18 22 11
7 7 47 23
24 8 37 33
20 15 35 35
25 21 33 36
14 27 34 35
24 7 37 28
24 32 30 18
13 15 28 29
21 10 34 14
38 30 33 13
33 30 38 22
24 16 39 12
30 7 39 35
28 30 20 27
25 6 40 35
12 26 21 34
19 20 32 11
4 30 25 36
15 17 24 19
23 19 29 24
12 28 28 31
23 6 49 24
16 9 27 47
0 12 39 9
37 23 36 14
15 15 46 27
21 21 41 19
5 20 32 30
4 26 27 21
24 20 37 36
9 42 36 24
48 32 35 12
13 20 37 36
9 11 31 31
14 24 44 25
12 4 36 9
4 9 39 18
9 13 35 33
23 15 22 45
25 10 35 9
21 33 22 15
16 11 46 27
13 43 43 39
25 18 45 10
24 28 39 42
5 24 43 49
13 6 49 30
12 41 39 45
12 33 24 21
10 16 36 46
9 45 36 39
30 40 42 36
27 10 35 23
9 35 49 48
29 16 36 10
6 19 43 33
29 15 35 15
19 11 27 35
29 25 25 35
13 16 38 14
19 6 45 44
14 4 30 39
17 9 41 46
23 16 19 31
23 19 49 14
5 30 38 19
9 0 39 48
32 26 34 45
14 20 35 27
11 8 35 12
15 40 32 47
18 17 28 25
23 13 33 28
17 15 22 23
28 9 47 35
30 10 46 41
3 12 30 12
9 11 38 40
18 38 38 35
30 13 35 12
21 15 42 44
19 18 35 44
42 19 39 42
49 15 39 38
26 14 39 38
23 28 48 33
22 25 38 46
11 14 43 38
23 20 41 31
3 13 42 12
21 5 35 49
4 6 35 39
26 6 32 26
24 11 37 18
13 9 39 36
7 19 33 17
13 21 36 17
34 12 22 36
23 34 24 17
10 44 32 44
21 7 38 44
20 9 43 14
23 13 15 27
29 19 12 28
11 30 48 41
24 18 42 20
13 33 30 14
16 9 37 43
17 3 36 17
17 9 36 40
14 7 41 47
10 43 34 14
14 19 22 11
17 28 28 9
35 23 41 30
15 3 37 24
47 35 34 28
8 32 32 38
15 16 35 38
4 23 32 37
7 17 24 24
1 12 37 44
19 18 42 39
23 14 40 37
41 32 20 18
20 17 36 8
28 8 38 26
37 24 26 25
28 2 17 18
13 22 38 36
16 22 38 33
47 4 17 8
18 29 41 47
20 19 15 14
27 15 34 34
14 43 49 13
22 8 20 34
25 16 28 29
28 16 33 40
8 47 35 36
4 37 37 10
15 13 35 11
6 32 21 26
30 13 33 31
47 22 39 35
25 23 36 14
28 7 43 24
16 11 27 42
30 18 32 29
18 22 37 15
6 20 46 29
23 15 26 21
14 39 46 33
28 8 39 33
10 9 35 43
21 21 36 10
44 37 40 18
26 6 39 31
10 9 34 38
31 21 40 44
29 14 23 38
17 13 44 29
3 45 40 8
26 19 45 40
44 21 25 11
25 22 40 36
25 18 25 41
4 13 34 46
12 28 23 46
9 23 38 49
24 14 29 32
28 15 29 26
13 18 37 25
16 19 47 36
19 30 46 35
16 8 42 45
12 26 36 13
27 21 20 34
26 0 13 22
11 12 30 19
5 6 37 12
20 32 24 49
12 25 33 14
11 20 39 10
7 18 35 30
8 16 30 49
22 6 30 32
28 31 19 21
14 15 40 23
7 46 39 32
22 26 38 41
10 17 32 9
43 40 35 38
7 17 38 40
2 32 44 40
2 21 18 20
15 25 20 14
13 8 30 45
47 23 36 21
11 34 36 14
13 2 33 41
7 28 28 29
29 22 41 23
15 16 30 19
21 14 42 36
21 11 44 30
20 19 22 39
11 31 36 44
8 24 18 24
18 29 21 31
24 18 40 36
8 22 40 26
8 17 34 7
35 16 33 32
25 14 37 11
5 23 25 38
20 21 36 11
23 16 47 36
26 12 20 21
33 10 27 14
18 8 33 16
18 14 34 18
46 6 40 7
21 2 49 32
38 26 21 33
21 23 32 18
12 2 49 41
9 43 39 39
15 40 35 34
6 5 33 34
2 4 43 20
12 14 27 16
23 17 28 18
20 23 30 42
35 14 41 14
10 15 33 39
10 18 37 39
30 17 41 30
36 30 31 19
29 2 33 15
15 18 22 43
21 17 28 23
19 39 26 45
6 13 35 26
17 5 39 25
19 35 40 35
23 20 26 29
22 13 24 29
5 18 20 32
3 25 35 16
20 30 32 16
16 24 27 41
7 18 46 28
26 17 21 18
17 15 23 23
14 4 44 14
28 14 45 27
7 29 38 40
24 30 33 47
6 42 41 30
7 45 32 6
11 9 31 47
18 45 24 25
19 46 28 26
11 16 31 20
5 4 30 27
6 16 23 29
17 1 38 35
18 18 32 6
13 31 36 9
14 7 23 18
34 17 44 27
5 12 28 30
35 15 27 38
18 45 28 40
23 11 40 13
28 21 18 33
21 35 43 33
17 20 14 6
13 14 49 28
23 14 40 22
15 41 40 25
0 21 20 24
40 24 24 47
23 24 30 31
17 16 45 23
25 21 30 47
18 10 39 48
25 7 41 24
41 15 24 34
7 48 28 33
2 11 38 37
18 11 25 28
17 10 24 27
19 15 34 48
6 47 43 23
10 13 34 42
15 10 19 32
6 47 43 26
28 13 41 24
21 8 40 12
12 12 42 20
13 24 20 2
7 20 42 49
44 21 23 10
14 31 37 44
30 39 38 12
24 13 33 28
16 11 41 18
11 26 17 22
10 19 46 43
12 46 26 24
13 6 39 46
10 6 23 29
17 24 43 23
0 42 38 39
24 11 41 32
10 21 24 19
19 37 41 30
23 6 33 12
26 15 40 30
35 24 35 11
26 13 32 32
27 5 33 16
18 8 38 34
1 28 39 34
30 10 24 49
20 18 28 32
13 35 22 17
28 12 41 15
22 15 34 41
26 4 28 41
20 1 9 10
6 2 26 23
12 41 35 31
14 13 37 36
20 10 29 24
34 12 27 43
24 9 24 31
19 7 42 22
8 25 39 41
27 39 40 12
30 4 37 11
15 21 23 44
8 22 33 34
15 19 38 30
48 23 43 21
18 36 32 13
21 26 36 35
13 39 42 27
18 23 36 31
9 9 23 11
30 13 23 27
10 29 40 33
28 16 46 17
39 13 27 20
6 21 39 47
18 15 33 38
11 28 44 35
22 27 41 35
6 25 42 37
31 14 37 16
28 10 33 27
24 14 38 37
19 40 38 34
18 29 21 39
19 34 25 19
12 44 20 15
21 29 31 18
2 12 31 47
36 17 44 33
18 20 48 47
25 15 33 31
26 10 35 12
7 5 20 31
17 6 25 31
24 9 41 36
21 47 27 43
17 49 36 24
24 25 49 34
23 16 40 32
15 16 18 13
14 22 44 7
0 18 26 26
21 14 35 32
29 26 34 35
9 8 34 15
0 19 21 21
21 11 37 36
14 7 37 9
33 11 47 27
11 18 20 21
18 29 37 48
17 29 38 38
20 9 38 12
33 26 44 25
14 28 36 7
12 17 33 46
20 37 28 44
22 23 29 25
25 23 45 36
12 26 30 12
15 7 39 10
14 17 43 26
25 13 29 42
21 17 24 40
40 27 23 27
26 18 32 41
9 20 33 10
16 3 32 46
45 25 31 4
31 19 48 44
18 43 41 46
29 15 15 26
23 28 42 29
17 19 24 39
12 13 41 23
7 11 32 25
26 14 30 42
35 21 32 34
18 11 24 31
33 43 15 21
35 17 41 31
7 49 41 46
6 17 43 19
35 15 47 9
43 10 36 2
22 9 27 41
29 24 24 23
22 9 33 25
13 41 39 39
20 11 39 33
23 19 37 14
32 30 43 10
13 24 37 11
22 3 34 10
12 19 22 24
42 21 49 22
20 15 38 11
18 27 35 16
15 1 27 34
36 16 41 39
19 10 35 43
17 16 44 15
18 30 48 24
24 23 14 6
17 4 23 24
35 24 23 33
17 42 32 10
29 10 35 35
43 15 36 32
32 29 42 26
23 15 38 11
21 12 26 38
27 23 20 28
15 32 39 43
6 47 18 16
7 32 25 31
19 11 31 32
34 17 41 23
11 10 40 17
8 11 44 20
13 28 46 26
19 29 21 43
19 17 41 35
12 7 38 14
38 15 45 8
21 28 31 9
9 31 22 46
18 28 32 33
29 13 34 15
15 39 30 46
21 12 43 12
13 46 40 36
30 5 15 24
31 34 47 40
0 35 34 38
20 14 30 33
9 12 22 33
16 8 30 42
25 27 30 14
8 28 23 30
33 14 36 26
15 49 18 20
31 20 44 49
31 8 31 29
17 34 39 15
20 19 21 44
24 30 24 49
13 17 24 29
16 13 39 18
18 20 33 34
9 40 23 28
30 12 36 35
13 13 20 24
19 15 29 12
21 34 34 33
24 13 28 1
15 27 36 33
24 19 37 11
42 35 13 28
13 16 35 14
23 16 37 23
10 45 35 41
26 31 48 46
3 31 42 22
7 34 37 34
17 33 41 23
29 48 34 34
13 6 33 30
29 13 40 37
33 19 30 35
26 21 41 41
4 16 39 22
11 41 37 13
6 20 36 39
3 29 40 39
12 17 23 33
13 10 48 19
22 4 44 24
10 16 40 15
24 13 24 27
20 17 31 45
11 10 30 22
11 32 27 39
41 23 34 39
6 20 42 24
0 21 35 8
46 3 25 37
23 28 28 11
3 28 32 47
31 15 47 38
22 8 29 46
26 15 37 35
28 14 44 47
14 27 32 26
17 27 38 12
27 15 30 49
9 10 40 45
7 20 33 25
36 21 32 49
16 15 36 35
24 41 43 31
15 26 48 39
32 18 49 29
8 17 27 32
8 44 40 36
14 25 34 10
15 8 37 8
8 16 36 41
26 14 36 49
28 16 26 31
5 4 32 37
24 6 22 36
5 20 25 43
26 35 47 34
4 19 33 22
17 11 40 44
24 9 32 29
1 15 41 38
13 4 36 34
18 25 40 39
36 19 36 35
28 20 38 9
39 21 40 38
16 30 45 21
35 8 30 39
1 24 35 38
17 21 42 24
13 3 24 27
12 42 20 14
37 45 44 39
8 17 35 26
7 3 33 5
35 35 31 29
17 15 27 12
22 12 43 27
10 15 36 13
12 36 33 23
24 15 20 12
24 23 35 39
31 29 34 36
11 45 19 34
22 20 40 38
12 12 32 39
12 32 27 8
31 26 40 28
5 25 34 15
19 2 28 30
30 20 34 11
7 24 22 16
18 21 26 19
29 19 28 34
10 45 39 12
25 32 32 9
24 25 37 12
22 0 38 40
10 9 48 49
14 15 37 21
22 11 33 13
9 21 34 9
15 36 41 43
5 11 42 39
26 11 37 9
22 17 42 42
22 11 25 31
17 20 40 22
20 9 39 11
16 16 36 31
14 2 31 27
26 26 29 20
12 44 32 6
11 25 40 5
25 15 31 30
23 16 36 27
9 24 47 21
8 6 43 10
30 6 43 48
21 15 35 7
16 26 34 19
38 14 47 39
4 12 38 7
16 8 32 40
30 17 23 38
3 35 34 28
23 11 34 47
10 19 37 49
0 35 45 20
14 15 21 30
8 28 17 17
20 12 38 37
19 15 13 14
41 17 30 33
31 17 40 35
1 27 24 29
18 19 34 43
17 38 33 35
32 12 45 30
13 13 48 25
32 11 39 13
18 9 33 32
23 14 19 49
17 48 32 17
14 37 44 25
29 11 36 37
11 8 39 39
39 40 47 49
