50 374 17006 800
45 17 10 8
21 24 7 47
36 7 32 36
47 22 3 13
47 21 38 9
46 42 25 39
26 17 14 37
24 35 40 12
36 48 2 18
47 27 48 3
45 20 18 40
29 41 0 34
40 40 43 4
6 36 38 44
29 33 39 46
32 15 32 47
47 17 48 24
6 43 33 40
9 41 39 9
47 23 7 2
37 4 36 39
22 34 37 36
45 18 27 37
17 25 3 12
5 39 42 0
44 18 31 32
46 18 28 40
46 23 35 45
6 20 15 18
40 8 11 43
23 38 39 43
17 24 29 35
36 29 5 31
42 16 24 44
28 47 35 42
0 40 34 6
14 27 21 23
5 38 10 25
3 43 4 20
44 21 37 43
8 40 4 3
32 15 6 47
35 20 13 45
42 18 7 11
26 3 34 39
36 10 28 37
35 30 19 33
47 22 35 41
36 12 35 45
16 48 46 16
1 47 40 17
40 35 8 17
5 4 10 6
40 23 6 13
17 43 33 47
43 34 43 14
19 35 22 42
10 48 37 7
10 38 48 5
37 21 2 9
32 21 36 5
5 29 41 5
46 20 45 11
8 33 37 39
43 4 5 2
29 25 34 47
38 23 32 44
9 49 43 21
19 30 31 40
47 38 16 9
37 15 34 41
40 15 27 48
6 33 30 2
47 19 8 40
27 17 12 42
41 24 5 22
37 16 11 34
10 30 16 17
3 45 22 8
11 47 34 37
32 16 13 12
14 45 20 46
0 39 8 40
38 7 43 6
42 30 12 33
4 44 44 8
29 45 19 9
26 15 35 43
6 48 23 46
46 22 3 44
41 30 36 4
31 40 48 4
28 17 33 36
38 14 44 3
43 19 7 23
36 27 25 35
33 16 43 0
13 23 33 14
41 26 9 34
33 13 28 47
37 24 9 39
45 21 32 36
7 45 30 45
32 21 44 2
34 33 15 11
47 17 8 4
4 36 37 15
47 22 37 41
13 23 9 35
39 30 31 42
46 21 12 5
46 17 33 41
48 20 26 47
18 49 41 12
15 46 33 38
16 29 19 43
42 21 37 43
49 24 26 25
44 22 30 37
14 25 8 19
39 47 3 4
40 33 0 7
34 22 43 4
11 44 4 16
34 40 39 42
19 26 44 42
45 17 28 49
37 46 31 40
26 16 42 15
47 21 14 27
49 18 2 16
49 24 30 38
32 11 37 39
33 6 48 32
47 20 35 4
6 49 40 44
45 19 16 40
13 48 28 18
44 28 31 5
49 30 35 40
15 48 35 7
31 14 30 46
45 30 31 37
44 24 36 30
13 46 35 36
11 41 37 1
43 21 19 45
31 46 36 44
44 14 29 43
30 6 43 42
2 43 46 6
6 45 19 13
18 31 34 12
35 44 35 3
10 41 34 48
10 40 26 42
7 46 36 1
7 37 3 47
6 47 30 36
18 43 19 12
42 18 30 36
46 19 49 27
12 32 8 36
39 20 29 27
44 19 34 45
48 14 7 25
5 38 39 7
42 22 49 3
47 1 33 38
39 21 7 17
41 0 49 15
31 14 35 44
11 25 30 47
49 19 37 12
14 46 23 40
47 22 37 39
48 22 39 34
20 27 2 47
13 19 39 21
15 40 42 26
46 20 4 40
45 21 44 0
31 14 29 42
46 6 37 5
30 17 0 2
43 2 37 9
44 21 41 23
34 11 39 44
47 23 44 17
19 30 33 43
14 46 34 40
40 13 45 39
10 30 38 43
47 21 45 25
16 36 27 45
39 15 29 40
18 21 6 6
31 16 29 34
33 36 34 44
23 40 38 30
43 19 27 46
45 17 39 46
7 36 30 45
14 49 43 9
18 27 8 11
22 34 36 37
4 45 34 42
2 44 0 32
4 38 28 41
26 47 14 14
49 23 39 20
13 42 34 39
23 45 39 19
9 45 29 13
0 43 48 28
26 24 28 45
32 40 15 22
48 11 30 45
26 15 23 32
3 22 29 49
31 10 38 6
32 16 32 46
15 45 32 45
11 34 6 44
16 47 15 31
47 18 41 27
11 32 36 40
43 36 38 47
12 44 39 7
44 19 5 24
45 24 48 5
1 39 43 45
44 23 39 41
17 31 2 19
44 23 35 0
28 48 24 32
42 17 12 38
28 45 39 49
35 17 10 16
37 24 35 37
45 8 3 21
6 35 31 48
16 23 20 36
37 23 0 37
39 17 34 44
43 11 33 45
16 39 35 39
49 18 36 48
48 13 2 25
41 25 33 43
2 37 24 25
47 20 29 36
43 21 12 14
29 41 26 30
19 40 36 40
5 47 42 47
30 18 2 14
46 19 34 47
36 3 44 47
29 14 2 20
44 7 37 46
6 41 8 10
37 25 35 15
20 23 33 4
0 47 33 0
45 21 0 12
44 4 46 49
7 47 25 23
27 40 43 10
45 24 38 40
39 27 26 47
37 0 27 48
47 22 33 40
25 16 39 46
13 47 34 36
8 48 35 43
4 43 47 43
43 28 4 12
45 1 29 42
49 2 34 40
5 41 35 39
48 19 10 44
35 37 4 38
13 43 27 49
11 44 36 12
43 19 39 13
48 21 44 3
46 19 6 13
14 28 36 7
10 45 4 7
39 5 41 45
40 28 31 39
1 45 33 47
44 20 30 32
15 22 36 39
18 49 35 40
44 20 28 41
44 1 37 13
33 17 17 37
36 10 37 45
17 36 36 42
32 19 43 6
41 7 36 40
16 29 27 9
37 24 33 39
5 27 34 42
47 6 45 9
49 18 2 15
43 5 28 43
44 19 43 7
20 45 32 41
16 45 45 46
8 23 42 24
38 1 23 32
43 0 44 18
11 49 1 2
37 17 6 18
46 9 40 5
14 42 37 40
34 16 15 35
28 18 28 47
40 47 38 30
45 16 31 42
48 19 36 42
39 17 30 24
0 44 29 33
48 18 32 35
17 43 22 44
30 8 49 6
15 45 37 44
13 45 21 11
36 43 48 13
49 18 43 8
35 29 32 39
4 45 47 6
12 27 42 6
29 12 12 41
27 8 37 36
46 22 39 41
1 44 39 42
20 1 33 42
39 20 26 47
16 22 44 2
25 19 45 9
9 38 19 16
26 49 44 6
23 46 15 44
14 36 44 42
34 13 35 3
48 20 24 43
47 21 35 39
35 25 30 40
33 12 41 12
38 30 45 9
47 15 35 42
38 2 43 39
48 18 41 31
31 16 14 41
26 14 17 34
10 47 33 38
48 49 47 13
41 23 32 41
46 22 33 33
40 21 47 9
20 38 43 1
1 38 11 37
45 19 47 36
30 7 2 22
32 21 6 1
45 18 35 36
41 10 48 12
32 21 43 49
8 44 41 7
41 39 29 40
