50 227 13809 800
45 25 10 49
23 7 31 12
3 7 7 48
33 24 32 35
5 39 28 24
44 21 3 25
9 28 27 22
24 21 31 35
8 35 21 24
20 9 40 21
29 1 30 36
34 21 14 48
5 17 4 38
45 19 44 5
11 15 33 17
29 22 43 36
15 38 14 47
13 9 3 31
45 33 28 21
47 9 45 32
32 24 1 25
47 26 44 37
16 44 15 19
9 39 3 39
48 32 2 46
18 37 10 21
41 33 39 26
8 10 38 39
4 9 41 1
7 9 0 40
18 18 13 28
37 28 2 43
9 24 39 38
17 40 4 43
26 4 10 22
1 25 41 14
47 30 29 23
48 21 29 21
37 42 42 8
9 16 8 20
34 27 44 30
24 35 5 43
10 30 34 30
11 23 47 5
17 47 8 49
33 27 38 22
22 11 38 36
19 18 8 15
44 19 47 2
2 13 16 37
8 7 31 19
14 3 39 32
42 28 20 24
43 33 48 4
21 31 13 14
6 45 38 4
16 40 13 9
36 36 42 8
34 23 47 0
33 29 11 14
16 19 1 30
36 8 34 13
9 6 7 15
6 8 7 45
5 31 36 4
16 47 15 33
5 25 40 20
44 27 16 24
27 27 35 30
24 43 10 23
5 13 44 13
18 45 47 2
20 16 13 29
20 36 7 48
35 29 42 40
38 6 3 48
34 28 31 16
28 0 9 31
27 18 49 0
34 2 4 33
21 5 30 32
21 0 35 7
25 33 6 46
36 23 44 2
11 8 0 43
16 6 40 5
22 37 25 15
42 33 22 32
41 29 47 9
5 8 22 18
45 27 36 27
29 45 38 16
8 7 33 4
16 11 25 45
42 17 10 47
21 15 40 5
20 39 15 46
20 26 31 26
14 43 10 31
30 22 43 6
4 16 44 3
4 14 0 27
1 11 38 40
42 38 44 12
11 44 48 10
2 47 16 31
2 11 11 28
48 39 16 9
3 22 8 42
44 25 24 41
16 25 6 19
20 16 27 24
10 43 40 48
7 7 33 1
16 10 4 31
2 44 5 32
9 35 35 16
10 4 46 25
47 24 16 40
19 5 29 38
36 22 46 8
14 13 6 33
7 49 6 40
17 41 20 21
40 25 43 0
46 5 21 48
15 20 36 40
42 4 48 0
30 31 41 3
45 34 43 5
35 18 41 3
3 39 43 10
48 26 7 46
14 42 43 3
17 26 18 40
43 20 1 43
15 6 48 2
8 10 47 4
11 39 40 22
40 44 43 29
43 21 43 38
40 23 36 42
34 29 7 40
42 19 41 29
13 13 3 46
8 17 9 21
13 43 45 6
26 5 48 7
12 5 40 24
14 40 18 12
19 34 29 3
41 25 40 30
40 32 18 30
39 32 1 47
44 27 19 17
3 16 25 35
28 23 40 40
5 6 39 45
40 13 45 1
30 4 46 7
36 33 1 44
7 47 7 42
11 39 34 0
19 1 45 40
11 11 34 22
5 35 35 49
19 39 14 16
7 43 7 30
19 44 11 18
17 2 48 3
8 49 48 2
30 13 1 23
33 24 21 32
11 43 2 30
7 3 29 21
31 27 44 1
32 29 41 48
46 17 43 7
37 41 7 47
9 49 37 31
11 30 6 47
6 27 9 40
49 12 10 22
49 23 13 21
40 28 5 18
5 32 1 39
15 49 38 28
20 32 11 41
12 28 49 2
22 20 37 40
18 13 14 38
37 21 17 39
46 31 25 8
24 10 7 27
8 48 11 38
47 10 42 35
39 38 43 2
22 30 31 32
8 14 48 49
23 34 41 7
19 41 37 44
47 35 17 37
21 18 46 2
2 12 3 45
20 3 46 36
34 18 11 40
9 41 33 25
5 8 31 32
6 44 20 26
44 40 14 45
10 19 4 49
13 46 12 30
18 39 9 45
18 24 46 3
15 44 31 16
34 8 42 2
14 43 41 26
9 48 9 37
33 32 48 35
7 11 12 20
45 32 38 23
33 40 17 41
32 25 17 43
4 12 1 35
12 32 23 27
10 9 46 27
48 26 47 9
