50 1376 18772 800
46 3 30 12
27 42 18 49
28 4 17 7
23 36 38 28
35 13 21 2
17 1 20 19
20 32 43 10
45 12 32 11
20 44 15 23
7 22 28 7
29 43 14 19
28 36 8 5
45 19 19 40
23 49 16 42
16 16 13 43
44 3 23 10
20 49 29 8
26 38 30 7
39 9 12 38
18 12 28 8
49 7 37 20
7 36 0 4
18 42 31 15
49 3 31 9
13 25 5 18
19 44 27 9
19 41 47 41
34 47 10 47
0 25 24 1
33 49 21 27
41 16 12 44
37 19 11 30
17 44 4 40
25 42 23 14
19 48 19 31
43 1 41 11
31 47 11 28
19 47 24 40
42 3 13 9
9 15 14 2
41 27 2 14
15 38 40 23
21 43 4 26
23 38 10 16
47 1 25 8
30 40 19 23
49 7 18 20
32 15 15 20
47 3 22 7
19 40 19 9
27 40 11 35
12 2 34 11
47 9 18 7
13 14 16 19
25 39 20 47
11 15 4 38
23 39 25 32
29 14 11 11
48 12 24 7
33 1 15 8
0 9 14 47
43 6 7 49
27 36 40 2
42 6 28 18
45 3 4 37
18 41 41 7
41 1 13 35
40 9 27 4
25 39 26 5
41 1 34 29
13 45 12 31
1 7 11 40
36 34 18 11
48 10 24 6
48 8 15 29
42 2 40 30
15 13 30 9
45 6 47 17
15 39 28 19
41 2 14 20
6 1 0 13
26 38 5 22
23 39 19 19
34 1 35 22
43 9 7 5
22 11 30 8
4 18 26 5
43 2 2 27
42 8 12 9
13 46 31 41
22 31 20 17
28 45 14 23
22 42 32 11
34 10 18 8
21 42 4 41
37 11 29 10
16 22 16 2
20 40 8 6
20 37 11 16
2 6 13 39
18 24 35 22
1 0 15 7
2 0 38 6
9 5 23 16
12 15 11 7
28 10 20 1
15 40 31 5
29 43 16 21
40 0 3 23
32 45 16 28
15 42 21 10
21 34 5 22
2 11 24 25
27 3 21 20
4 17 11 31
8 9 44 24
31 6 10 23
44 49 2 33
28 46 12 44
39 1 24 31
25 38 13 43
23 41 14 25
44 17 18 47
35 4 15 28
16 46 21 13
11 6 10 44
33 49 24 6
16 49 6 43
42 4 22 32
15 15 29 25
19 42 17 14
36 2 12 18
1 23 13 10
37 13 8 28
18 41 40 22
15 15 20 34
19 40 12 40
2 14 35 18
46 6 13 16
18 14 17 37
30 43 9 41
3 11 10 15
30 5 10 49
19 34 14 14
37 7 5 3
40 3 31 6
43 0 14 17
47 49 10 20
25 5 44 14
33 5 20 20
29 43 13 2
35 0 10 11
35 14 29 12
18 42 8 0
25 47 20 27
45 11 12 18
14 15 14 43
30 45 23 9
36 25 20 14
28 38 16 27
16 0 29 15
26 48 9 25
17 43 17 23
22 43 29 33
43 5 26 33
17 15 26 10
22 31 0 18
20 39 15 48
45 0 11 48
32 40 28 6
17 21 22 11
26 38 30 29
38 9 7 13
49 1 4 6
44 9 14 8
17 7 19 2
16 24 31 23
41 3 11 15
27 39 11 35
21 35 15 0
25 43 42 36
0 7 39 33
23 47 35 21
42 3 30 6
25 45 6 20
9 19 22 18
21 40 2 19
23 47 26 8
49 2 16 5
11 6 2 45
48 4 23 12
19 46 35 27
29 44 29 7
21 39 29 10
48 5 21 8
20 38 2 3
7 3 3 40
23 46 13 6
20 39 27 9
44 1 37 47
49 3 23 18
26 39 15 13
42 0 25 7
26 39 25 6
16 12 12 11
7 4 44 22
9 9 35 12
8 20 16 41
15 40 12 35
16 43 10 41
4 14 13 40
1 7 8 18
47 6 31 27
44 1 10 16
16 37 48 11
22 49 17 15
19 37 5 11
22 44 2 7
9 46 18 3
45 0 24 9
20 9 4 30
42 4 43 17
49 18 13 16
49 0 5 32
48 2 14 41
19 47 7 14
42 6 5 5
17 43 29 11
19 40 22 12
15 44 15 12
13 14 15 5
46 5 6 18
35 5 38 7
29 49 18 39
16 46 9 47
18 45 12 3
24 40 30 19
26 38 29 10
25 45 26 8
22 3 5 14
5 4 32 12
14 16 11 20
14 41 12 18
18 40 27 8
5 11 29 5
8 7 9 0
17 43 18 13
3 0 1 23
9 6 16 29
15 35 33 6
19 30 28 7
42 3 24 3
45 2 31 9
37 43 26 27
0 8 35 13
19 19 13 1
25 45 33 3
39 24 30 7
29 44 28 35
22 48 11 21
6 12 27 22
48 3 2 46
11 47 6 10
37 4 17 6
41 0 32 7
16 44 7 42
38 32 41 26
35 0 7 24
32 37 14 48
32 44 12 47
42 7 29 8
31 45 5 44
19 40 6 27
9 17 4 14
47 3 14 12
13 17 26 9
45 7 5 11
12 13 17 11
45 0 27 9
33 26 34 13
24 36 28 12
49 3 28 23
24 42 32 13
21 5 19 22
49 8 14 5
21 38 26 11
43 6 16 33
43 3 12 15
30 40 21 10
2 6 14 32
47 2 24 37
0 11 44 21
32 7 0 44
19 45 18 19
8 2 37 5
39 7 5 44
20 44 7 18
47 0 23 13
23 41 5 10
44 6 27 10
4 24 27 8
46 7 18 9
23 38 15 41
35 12 26 2
47 6 9 18
22 39 17 9
5 2 43 4
40 7 15 33
9 49 1 11
5 24 2 36
33 37 27 10
46 0 19 11
1 38 18 17
47 3 12 37
4 14 19 10
44 0 26 9
38 14 42 19
45 2 36 36
37 42 10 15
14 9 28 6
20 40 27 7
11 18 0 0
31 43 16 23
43 6 36 37
9 2 9 36
40 42 4 42
23 44 4 27
25 43 10 32
7 6 37 21
25 45 17 9
14 48 7 14
2 11 1 40
42 3 12 43
19 44 2 37
18 17 25 13
38 7 40 14
34 7 9 7
14 8 1 1
18 15 5 26
23 15 16 36
47 2 17 48
32 44 25 6
23 47 27 9
18 49 16 5
22 35 30 8
6 26 11 33
3 31 5 25
37 11 14 44
21 4 28 6
49 5 34 4
24 36 31 9
4 6 22 13
7 2 0 24
38 17 2 38
8 11 26 6
45 4 18 42
37 1 21 11
19 43 26 21
44 6 26 6
41 6 18 28
17 34 17 6
20 47 8 35
20 38 14 23
47 1 30 21
41 2 29 7
29 30 7 7
33 2 25 9
9 2 11 46
23 37 26 25
44 12 12 11
28 42 16 13
24 45 26 5
16 47 19 17
48 6 4 36
16 34 24 19
28 38 46 20
22 30 36 6
16 14 43 23
41 9 6 18
12 17 8 39
44 4 19 11
49 10 47 6
3 43 21 28
26 5 30 6
23 34 1 17
23 43 15 34
20 39 8 39
20 4 13 18
31 14 28 9
45 10 35 27
47 7 34 28
5 0 28 24
7 8 37 41
44 13 28 13
21 43 25 10
22 47 27 18
44 16 21 32
28 5 26 22
37 38 36 23
44 10 11 46
17 39 40 13
41 10 10 15
24 29 31 26
7 17 14 9
14 47 20 22
16 17 24 6
46 0 7 25
27 6 11 25
28 45 11 45
24 48 39 22
42 44 9 47
28 45 8 11
23 44 32 7
27 37 6 37
21 40 18 13
31 44 18 18
45 1 22 22
16 46 23 21
43 30 28 7
22 40 16 1
21 41 8 9
47 2 28 10
46 3 25 16
36 49 35 19
37 12 37 41
20 42 25 5
48 13 8 19
31 28 25 14
22 40 26 5
18 19 14 29
28 43 6 19
30 11 13 14
11 7 26 8
37 13 33 35
32 46 20 6
44 4 43 16
13 6 28 8
22 49 19 18
18 13 30 5
19 47 29 16
18 41 17 2
43 3 6 39
47 0 15 18
38 11 15 37
38 5 14 20
40 0 33 28
37 23 8 1
9 20 10 49
7 1 16 7
32 1 9 34
20 36 19 12
42 19 19 7
21 40 44 43
32 48 28 11
44 4 3 21
10 22 13 18
17 41 33 21
44 7 19 7
9 2 49 14
8 19 19 12
20 42 28 6
6 43 15 7
17 42 34 44
37 1 8 35
30 31 12 22
20 42 25 9
9 7 27 28
44 1 19 9
26 34 5 10
49 1 40 3
28 45 12 21
18 16 38 5
18 47 26 35
34 31 46 24
37 0 37 19
42 2 6 25
29 11 25 7
31 41 20 5
20 36 37 12
46 6 16 35
2 12 25 37
12 11 20 23
21 41 13 16
46 10 13 16
33 21 40 23
29 42 11 15
19 49 10 9
44 6 12 46
23 44 6 24
40 8 15 36
21 36 2 9
18 37 17 16
49 11 26 6
11 0 21 13
45 5 28 8
26 42 19 34
34 2 26 13
34 46 30 11
19 40 19 34
45 7 15 14
37 10 3 24
23 40 4 37
36 36 6 31
3 1 44 34
19 14 11 25
43 3 13 41
28 37 34 43
44 2 22 23
22 45 33 13
27 46 18 26
25 38 29 7
47 48 32 11
3 18 26 19
15 26 28 7
27 46 7 5
23 41 26 9
9 8 38 15
18 30 15 16
16 46 3 15
26 39 29 46
7 8 19 18
17 45 13 14
16 39 9 4
20 45 4 20
35 39 12 24
19 47 16 2
37 0 15 36
49 2 26 7
20 31 28 14
26 41 23 4
28 37 13 18
42 2 31 26
11 5 7 2
19 39 17 42
24 44 4 5
13 0 32 22
21 38 17 12
19 36 32 15
24 38 41 9
26 41 14 45
17 43 10 18
20 41 28 7
29 1 24 10
17 43 29 15
37 7 19 29
23 44 11 38
9 0 15 46
13 39 27 9
19 39 30 8
45 0 9 30
47 3 22 39
20 43 10 38
27 47 34 17
40 10 4 47
30 36 12 32
22 39 16 18
47 1 40 17
41 8 26 16
44 4 39 3
39 2 17 34
28 46 33 22
21 37 1 34
9 8 5 2
6 7 1 16
6 9 11 23
38 6 27 9
28 24 18 8
23 46 27 20
25 37 8 39
47 0 4 15
21 32 17 30
43 5 29 12
43 6 26 9
20 45 7 27
3 15 8 35
30 38 8 9
46 8 8 11
24 45 16 41
41 15 38 11
15 13 28 24
0 12 7 25
5 4 22 32
36 20 5 27
20 44 10 15
17 17 25 7
28 37 31 10
14 49 0 19
21 10 28 26
22 44 28 7
19 38 22 18
48 7 8 30
25 41 16 32
15 6 17 34
18 7 36 16
19 46 5 37
46 6 1 24
26 35 16 6
45 2 12 25
25 37 34 13
46 0 3 28
47 0 23 13
41 1 7 44
5 12 21 10
48 3 26 26
45 0 9 13
18 38 21 10
48 11 10 7
10 31 39 14
32 3 28 8
17 40 24 43
20 42 32 21
45 3 15 36
39 1 18 3
1 19 27 7
45 2 0 12
31 45 22 8
16 43 19 23
44 13 18 41
21 5 26 19
19 45 6 8
43 10 18 9
41 6 26 27
31 47 32 41
16 36 37 3
27 42 8 47
41 6 33 18
5 10 9 48
27 11 10 40
8 13 29 7
28 42 22 1
24 2 6 24
44 12 12 33
46 7 2 12
21 43 9 14
41 6 14 6
9 11 14 46
26 47 44 1
27 39 47 26
31 40 23 20
6 11 25 6
24 39 15 34
45 5 33 21
26 0 5 21
30 44 15 6
43 7 24 6
36 20 48 19
21 49 15 15
40 5 32 17
19 46 42 18
35 0 29 9
37 0 5 1
15 37 29 4
24 43 17 19
49 2 26 9
22 33 31 19
31 33 14 33
24 48 19 18
46 39 3 41
41 2 24 3
0 3 33 4
29 45 20 0
1 9 27 12
45 1 20 14
20 34 36 15
46 5 27 8
24 38 28 12
48 5 3 17
17 43 12 5
46 9 25 7
25 43 22 6
47 4 34 43
22 40 29 3
47 6 28 7
47 18 44 11
23 1 0 33
21 42 3 31
45 4 39 4
10 30 4 9
13 4 25 9
45 4 11 39
41 2 31 19
15 5 29 17
35 1 24 13
21 43 23 16
12 41 19 10
44 13 17 32
29 43 16 23
17 15 39 15
46 3 4 15
8 19 12 17
47 3 8 41
37 14 26 10
20 8 25 6
30 41 26 6
4 13 25 7
29 49 4 30
20 36 0 29
46 5 20 11
39 12 45 14
4 1 29 23
1 8 34 9
13 0 11 18
27 45 12 41
26 49 9 14
21 41 11 10
15 25 17 28
35 40 31 12
19 36 24 24
46 37 3 3
19 45 9 10
21 35 22 11
1 11 17 1
21 2 17 41
47 11 15 4
20 13 31 9
47 3 39 34
15 13 23 9
15 14 23 11
32 0 17 29
26 47 25 31
32 46 8 7
47 5 30 24
48 2 4 17
7 5 24 30
23 46 21 26
18 16 7 16
3 2 9 28
15 11 1 36
0 1 29 43
32 46 17 17
44 11 9 0
13 18 22 5
21 48 5 16
45 5 6 21
17 44 27 6
46 3 10 6
37 9 5 18
4 0 34 20
11 17 18 11
18 44 32 11
23 33 39 31
29 41 21 9
47 6 14 23
16 48 9 11
11 6 9 38
39 8 12 41
24 44 16 8
23 42 8 23
21 35 23 22
48 15 8 7
44 0 30 17
14 39 13 14
21 46 6 37
43 47 26 9
47 0 19 6
39 46 17 9
17 40 11 4
13 16 13 27
0 6 27 5
46 3 17 48
33 45 28 12
21 38 22 2
38 11 46 25
17 40 4 26
39 1 30 16
49 7 15 3
10 14 27 11
23 38 18 10
28 44 42 2
6 13 13 44
24 46 25 14
3 18 36 18
0 16 36 16
12 2 21 33
41 7 31 12
17 38 16 6
18 40 28 6
43 29 21 30
30 49 33 22
13 4 36 9
12 20 16 32
26 14 38 25
6 0 3 32
28 45 28 7
24 45 27 9
29 44 37 36
44 6 7 46
31 17 12 35
48 3 32 34
17 15 27 10
45 8 20 11
41 22 29 22
3 14 40 16
32 44 36 24
49 11 29 25
16 39 27 20
20 37 26 23
7 6 18 47
22 38 36 17
25 28 28 11
29 39 15 21
48 3 18 21
12 17 37 47
15 41 7 14
19 48 35 3
26 48 9 15
20 41 26 38
45 3 34 21
25 41 4 24
22 43 22 21
32 44 24 15
15 16 39 26
21 45 22 8
17 44 11 42
15 21 0 34
17 34 40 37
48 0 9 13
18 39 8 33
17 48 27 11
32 41 34 12
1 4 8 40
21 38 15 44
46 3 3 17
27 46 32 9
24 38 19 12
45 5 1 4
41 8 7 34
25 44 20 24
30 12 37 4
27 39 16 35
48 9 27 25
39 12 17 26
10 31 29 6
15 17 20 5
30 33 10 21
31 49 26 5
41 46 21 21
40 4 3 20
40 4 19 20
27 46 8 45
23 36 30 13
44 1 27 13
10 0 19 21
49 2 7 20
40 48 43 21
42 2 47 29
8 4 31 12
15 37 10 28
3 2 8 48
41 7 13 28
49 2 26 18
32 33 4 37
17 41 7 39
25 41 36 48
31 3 27 1
41 8 28 6
43 5 11 39
38 3 26 5
19 39 8 31
47 49 28 19
42 34 29 7
44 8 43 17
35 41 6 12
17 37 10 47
23 48 26 5
18 35 3 16
37 47 28 6
44 8 30 28
24 45 16 11
46 1 0 31
46 2 8 47
36 4 9 41
13 44 33 9
23 45 39 22
43 2 18 18
18 4 19 38
19 27 27 7
40 10 37 13
30 6 27 11
31 45 25 8
5 0 5 22
36 16 22 41
46 9 22 15
25 46 40 8
34 18 9 44
42 5 25 8
37 1 9 8
39 19 6 33
25 37 26 9
48 5 32 22
19 39 20 17
23 17 7 18
30 37 37 3
21 31 24 8
16 2 21 19
3 17 29 5
4 2 12 22
49 39 18 24
20 38 40 35
46 1 24 5
39 1 26 6
21 38 23 1
21 46 16 39
41 6 26 9
28 25 17 21
2 8 11 30
29 40 17 44
41 9 3 27
15 9 38 8
35 35 22 44
49 8 5 36
24 45 2 12
10 48 36 12
25 15 4 12
15 14 1 32
46 1 17 14
18 48 1 21
17 1 17 11
48 0 5 2
19 37 16 11
22 46 3 42
23 38 20 31
33 6 16 27
17 18 20 14
36 14 19 45
34 1 9 30
49 4 25 9
15 16 29 13
0 6 11 15
42 3 6 8
9 0 31 0
7 2 9 40
30 5 9 0
10 9 30 2
43 5 4 14
49 11 3 5
33 36 19 16
41 13 1 20
48 16 3 22
42 12 8 6
17 3 18 40
27 44 3 24
23 48 28 7
46 4 28 7
17 14 10 40
23 49 38 24
48 3 0 13
24 48 19 31
23 42 0 9
17 16 13 10
27 42 32 18
25 49 15 47
36 3 16 43
48 5 27 8
19 42 25 6
41 1 10 25
24 16 35 30
41 2 19 1
48 1 39 31
22 39 8 35
40 21 5 16
33 7 19 24
30 3 6 37
21 0 27 8
13 14 15 6
40 23 28 5
8 5 26 44
34 0 9 31
49 4 46 41
46 2 14 9
21 39 19 44
13 15 11 6
20 43 31 23
20 48 13 21
48 11 3 34
14 9 9 45
20 42 9 42
22 37 13 48
21 45 28 8
11 7 19 20
27 43 26 7
26 43 34 16
21 37 40 9
31 44 9 46
43 3 12 30
9 16 34 8
46 3 26 8
32 42 0 41
19 43 31 10
35 7 10 29
40 6 18 29
42 7 16 28
45 3 7 21
49 8 13 45
22 38 6 10
44 3 11 35
22 40 7 40
12 38 35 36
24 43 12 0
28 25 25 8
17 18 24 16
20 35 27 9
34 2 17 33
3 24 14 49
27 44 18 22
45 5 29 27
23 46 34 8
23 41 6 48
34 32 13 24
19 38 31 32
16 13 27 10
27 41 12 8
42 10 9 42
12 6 7 13
47 1 2 45
22 40 46 19
47 0 11 24
19 35 28 5
17 17 18 3
20 45 7 30
25 48 21 18
40 8 42 31
19 42 7 24
18 47 25 15
24 43 14 10
23 42 33 27
48 1 11 3
48 5 21 14
20 3 26 5
42 15 27 21
47 2 16 11
45 10 14 22
35 2 30 8
41 3 18 9
18 42 18 21
1 10 8 21
5 6 28 3
44 2 25 5
39 1 10 28
21 47 11 46
14 49 3 9
11 22 26 12
28 43 35 32
46 10 18 31
20 39 20 4
2 9 28 6
28 41 5 31
14 38 11 45
7 15 13 44
24 49 14 37
17 44 33 10
22 16 35 9
12 2 35 18
22 39 6 39
27 27 11 14
15 20 25 15
18 41 2 43
21 46 1 29
14 5 26 7
40 11 29 8
15 48 21 22
12 7 9 42
20 37 2 41
41 23 40 2
49 7 27 8
22 42 21 15
16 47 0 16
20 37 17 33
46 15 11 38
30 43 24 5
25 44 9 27
16 36 32 16
14 16 28 11
29 36 8 14
48 1 16 23
38 4 4 14
14 16 8 45
43 0 3 43
47 2 29 31
37 12 30 14
22 33 40 31
20 42 12 24
45 11 2 30
45 5 31 16
27 37 10 0
15 15 7 18
48 6 37 24
26 42 25 8
24 44 30 40
3 32 34 10
21 42 11 43
13 8 29 15
41 47 23 41
20 19 31 29
13 43 7 9
21 48 9 48
10 21 26 5
3 19 20 19
34 7 23 8
27 42 35 26
39 35 23 35
47 6 24 28
11 18 19 15
4 9 8 32
0 3 17 10
11 12 3 44
7 12 19 42
17 46 7 37
49 17 2 9
12 6 21 32
48 2 31 9
4 10 27 12
45 0 17 7
11 14 23 34
28 47 29 9
24 43 19 39
23 49 38 6
1 3 41 16
34 6 35 28
25 38 21 12
14 42 25 14
45 8 17 43
20 43 19 7
15 14 11 46
49 2 37 7
44 6 32 4
10 27 27 10
26 24 6 43
45 7 8 45
0 26 13 12
49 12 32 0
34 41 33 20
17 38 10 11
9 19 24 8
45 5 36 6
48 9 5 32
20 42 4 22
38 3 1 14
19 44 25 12
17 15 5 37
49 1 18 35
25 38 10 37
46 2 26 16
18 36 17 13
25 49 39 25
48 4 5 48
48 0 29 15
13 25 19 48
25 2 12 42
27 2 3 9
4 1 39 22
31 45 19 35
24 41 14 34
20 37 16 35
44 10 34 22
16 48 16 4
21 38 17 36
26 37 25 10
3 8 17 9
20 16 4 46
47 8 12 17
22 34 32 0
23 37 27 0
19 39 19 21
20 38 26 4
37 23 18 17
16 6 10 10
35 1 7 25
46 3 4 25
19 40 18 21
42 15 4 15
49 2 13 42
40 13 5 36
20 39 0 18
41 8 27 10
47 6 14 49
25 40 28 19
22 11 12 47
24 44 29 8
27 42 17 32
24 2 33 38
23 39 27 11
14 16 27 1
47 4 12 10
48 1 10 9
21 45 15 27
44 6 16 8
30 19 10 43
7 2 26 18
31 38 12 19
26 44 30 18
23 35 29 6
43 7 22 35
26 42 27 14
17 36 18 23
19 40 34 25
45 5 24 5
1 7 22 19
16 4 20 21
37 7 13 43
14 18 29 4
22 45 24 16
17 44 21 35
44 46 41 11
18 37 30 11
41 8 29 14
14 44 34 33
3 9 16 4
48 5 30 47
5 15 24 10
31 23 35 41
19 44 48 12
2 0 14 23
20 39 18 13
22 8 36 1
24 11 30 6
29 4 15 25
31 14 21 18
39 5 20 48
25 41 29 8
42 9 10 18
38 1 29 6
47 5 36 26
43 1 0 26
24 32 14 32
13 45 12 10
20 12 7 22
17 46 16 1
2 9 10 42
18 38 25 12
20 16 27 13
23 41 19 27
33 7 28 5
19 40 11 0
22 44 28 6
25 41 11 3
39 30 31 22
21 45 31 35
17 29 24 27
20 40 16 9
26 41 14 1
14 44 27 5
27 46 0 13
12 41 28 5
35 8 12 32
45 13 25 15
6 6 32 9
25 45 37 36
45 2 27 7
47 0 31 23
39 5 16 8
47 3 24 6
21 45 7 5
46 2 21 11
27 40 16 24
20 33 32 9
19 43 29 15
22 37 17 48
29 41 6 32
26 41 4 48
26 34 25 1
31 45 12 49
27 46 12 38
4 6 17 34
21 36 5 16
27 37 27 43
8 1 10 10
5 6 42 11
4 11 14 29
24 43 46 8
30 48 19 45
48 2 0 9
5 1 32 0
33 7 41 4
25 48 7 9
9 48 11 36
32 45 19 14
25 13 14 37
39 10 42 21
25 48 9 14
4 12 8 38
41 1 25 13
22 45 2 29
26 46 20 9
35 25 33 9
23 42 16 29
44 6 5 31
44 0 17 29
9 32 18 4
41 0 21 12
28 43 13 19
20 49 22 17
22 40 15 30
40 44 32 6
19 41 7 47
15 24 11 26
5 0 16 38
38 6 14 15
31 0 17 48
41 3 9 16
21 40 12 25
3 3 9 36
5 12 6 5
9 14 14 8
32 10 7 46
12 45 27 27
29 40 16 8
19 39 17 45
4 8 0 26
45 1 25 31
32 4 18 3
46 0 11 35
14 23 23 10
27 36 1 8
16 17 24 28
17 13 21 9
22 49 28 10
21 40 26 5
40 6 10 44
20 46 3 34
19 36 33 27
41 1 30 9
46 2 10 24
38 3 10 35
9 39 14 30
35 6 1 35
15 18 31 33
21 43 15 44
25 33 26 11
20 31 2 11
7 11 3 23
30 14 12 11
1 11 32 17
44 4 25 12
40 9 41 13
19 36 28 21
42 4 12 8
46 0 39 32
22 41 35 27
39 18 5 47
46 5 12 42
12 3 10 33
12 4 21 12
43 6 13 17
30 10 26 22
40 14 8 16
47 3 13 39
41 3 15 22
33 0 37 15
27 47 31 41
47 13 26 7
48 0 2 5
39 3 17 10
30 47 22 30
24 43 22 8
49 1 24 9
24 43 9 10
12 48 30 16
25 39 36 24
1 6 13 11
4 8 11 17
39 4 20 25
26 4 7 29
24 7 18 3
22 48 5 25
24 49 27 8
7 15 21 40
43 0 25 7
28 48 13 8
39 3 36 16
47 0 16 20
15 19 31 15
23 49 4 36
19 11 43 28
47 3 27 34
41 37 9 35
