50 355 16448 800
31 46 45 12
44 31 2 41
29 22 48 48
31 29 40 38
34 12 9 42
14 39 47 44
22 47 37 31
48 29 16 9
26 12 42 46
22 42 1 44
48 24 35 32
35 28 12 21
13 18 40 41
2 48 43 47
45 37 3 36
13 15 0 46
38 21 13 12
15 20 7 36
34 18 10 26
35 19 44 44
21 20 6 44
18 32 45 31
32 15 9 41
8 43 34 29
4 39 44 33
23 13 9 28
1 12 42 46
47 27 31 26
10 24 28 27
3 38 39 39
39 25 0 40
5 21 7 0
43 16 39 29
25 38 37 20
14 21 30 37
26 10 6 48
35 10 29 35
46 44 38 7
30 20 17 37
9 23 47 19
9 23 2 46
31 27 1 41
6 6 5 38
31 18 40 39
2 10 5 47
24 15 10 48
45 34 1 43
0 10 15 28
45 29 3 40
6 17 7 41
40 47 1 40
46 31 14 38
3 5 3 32
44 33 44 47
35 20 8 45
27 45 23 41
33 25 48 49
3 18 32 40
36 21 7 45
22 12 43 43
14 23 29 28
28 41 7 48
0 22 38 1
28 26 45 33
29 16 42 34
42 35 39 40
16 15 33 34
25 23 40 39
35 13 4 40
40 35 46 44
44 27 0 39
6 40 41 29
29 21 32 43
9 21 43 48
17 19 40 47
49 20 49 40
14 38 2 43
9 17 1 37
47 43 36 32
5 25 41 45
48 33 45 48
32 13 35 46
16 16 38 28
42 33 39 40
15 13 33 39
13 15 36 45
41 29 5 43
22 20 9 26
49 30 36 44
43 30 30 33
38 18 0 39
39 23 7 22
47 39 42 39
49 36 39 43
6 16 35 45
46 38 34 40
39 21 36 36
45 27 1 38
22 30 36 17
12 26 40 19
2 9 34 13
5 1 28 49
49 28 6 29
45 25 25 35
20 16 14 46
49 30 33 30
34 12 0 47
36 49 46 23
30 18 32 13
14 23 36 39
6 4 22 0
2 36 40 32
5 39 31 22
46 4 30 36
26 17 0 35
47 30 41 33
37 20 44 44
33 16 29 38
9 24 38 33
47 35 45 27
2 21 34 43
2 32 3 49
5 37 9 42
25 10 33 39
39 13 0 44
33 41 13 7
10 25 42 17
7 36 22 47
29 9 31 48
34 11 8 35
12 6 6 44
36 12 39 47
42 31 3 39
10 23 1 47
18 21 3 43
30 26 32 39
31 48 39 42
9 20 44 44
12 21 39 40
35 30 9 35
47 12 0 24
10 25 0 38
28 22 47 41
13 18 2 37
30 6 47 39
36 11 5 17
32 32 4 39
42 30 43 48
0 17 7 45
41 25 3 24
26 17 11 45
47 37 33 49
7 29 31 47
9 6 4 41
3 23 0 41
12 20 9 39
14 19 30 35
15 24 0 40
26 16 45 20
45 25 33 38
25 14 42 45
10 16 49 20
43 33 28 32
39 17 48 45
38 24 44 27
18 26 5 41
40 10 8 43
40 22 47 40
9 11 47 25
27 24 38 33
44 44 45 49
49 30 0 29
39 12 30 19
3 37 0 8
2 38 28 34
31 18 4 49
2 14 28 47
42 34 43 45
21 20 44 34
9 5 3 42
49 22 39 34
34 27 35 35
28 10 5 35
14 49 9 48
46 28 3 43
43 26 1 42
45 32 48 4
7 41 30 43
44 10 37 43
19 20 41 43
27 12 27 34
15 14 3 14
13 17 10 47
33 45 6 23
6 47 8 34
22 8 45 48
12 29 44 45
33 12 3 46
30 18 48 48
2 40 25 47
25 15 39 44
26 24 33 35
29 28 4 44
13 15 44 41
7 37 48 37
49 38 35 11
49 40 37 30
16 25 25 38
27 48 1 44
7 20 41 37
38 7 40 34
2 29 0 46
3 24 36 36
34 25 40 19
16 46 42 36
37 9 2 49
38 47 33 44
29 11 40 47
33 4 34 44
7 37 29 23
12 22 1 41
16 38 18 43
31 6 3 42
11 18 6 46
13 18 2 46
18 18 39 24
4 36 31 35
40 3 43 49
29 28 19 37
40 30 25 16
14 26 49 41
11 13 35 39
34 8 48 36
47 38 23 41
48 24 36 36
3 14 42 38
42 7 37 44
6 8 46 39
41 33 33 32
13 19 44 32
4 0 2 21
47 19 23 41
13 20 47 43
45 2 8 37
5 25 34 36
25 42 4 44
40 23 39 32
12 20 2 45
25 17 41 45
4 29 35 28
7 36 42 46
11 18 2 41
23 6 45 45
47 39 14 42
4 43 42 47
8 38 39 26
14 7 45 38
39 26 1 41
36 27 4 32
18 19 16 44
5 25 41 48
0 16 36 27
5 7 6 43
26 12 41 30
7 33 32 34
40 23 48 47
10 36 46 43
4 46 36 37
6 18 1 21
3 13 8 48
44 35 41 20
10 17 34 24
32 20 2 40
45 20 39 37
30 28 38 33
30 25 41 35
26 49 30 42
12 23 44 43
12 35 47 44
41 35 36 42
19 20 31 27
4 27 35 32
29 21 3 41
7 22 43 41
10 39 32 34
32 23 9 41
2 1 34 27
1 36 38 42
45 38 6 47
8 17 41 30
4 39 2 48
47 28 7 41
13 18 0 42
43 25 4 49
24 49 31 27
6 16 46 38
13 20 25 6
25 25 42 34
31 7 30 35
17 1 0 43
4 33 1 39
34 19 47 39
1 20 43 48
27 5 36 32
33 48 17 43
30 41 26 10
22 12 46 43
46 25 11 40
44 32 44 43
1 33 8 44
42 35 25 16
32 13 1 44
32 13 9 37
27 19 36 43
18 19 13 41
35 30 6 46
44 36 37 40
0 39 32 40
44 27 35 43
37 14 40 34
6 16 2 47
8 2 34 38
26 12 1 37
19 11 45 48
16 22 5 45
38 24 18 39
13 29 39 38
47 16 49 46
8 38 45 47
9 47 35 28
11 23 41 45
37 5 37 40
26 22 29 33
1 22 41 34
11 33 1 47
10 24 32 7
5 41 4 1
36 29 18 22
16 16 40 8
38 5 46 9
32 48 37 29
10 42 14 17
30 3 34 36
40 33 42 36
7 3 12 20
32 47 38 33
41 18 30 8
37 9 49 32
35 48 36 25
14 9 4 49
22 17 1 47
43 34 34 48
14 17 38 37
3 36 47 46
47 38 0 46
