50 658 11848 800
29 22 18 18
42 39 9 33
10 8 2 31
49 18 25 35
16 31 22 41
30 23 16 28
1 36 34 35
3 30 3 39
33 14 8 38
29 31 23 38
13 0 18 36
35 40 25 41
22 16 18 35
3 27 0 21
22 27 42 2
18 12 38 11
11 43 17 24
36 40 30 33
34 34 20 44
17 35 0 20
31 5 36 30
4 45 30 25
26 23 0 49
28 30 11 46
45 42 21 35
21 17 43 10
28 15 19 38
25 1 6 34
14 4 4 42
27 9 13 40
4 31 21 40
39 7 49 4
25 42 15 11
1 19 3 48
24 8 35 46
9 0 3 34
11 43 25 29
3 37 27 26
30 42 19 38
0 43 15 45
29 21 4 36
13 27 5 35
7 29 17 33
37 41 6 23
49 47 6 20
15 10 42 11
30 37 9 44
36 8 5 46
25 37 38 8
10 48 6 41
44 49 18 44
20 18 6 39
8 48 39 9
13 33 47 4
25 24 21 8
39 41 18 46
25 37 0 38
2 34 17 38
39 14 42 9
16 23 9 32
2 33 8 21
29 39 14 48
20 43 20 17
6 15 24 29
13 40 22 17
11 46 20 34
29 34 15 39
27 43 10 29
16 37 5 37
28 12 22 47
7 8 45 2
29 30 17 42
23 20 40 15
43 19 23 31
17 2 32 42
0 33 43 7
31 47 1 39
40 45 20 21
48 21 26 31
23 26 27 30
22 28 4 28
37 37 15 33
27 33 18 38
21 40 48 8
43 1 3 49
27 22 18 32
31 43 22 41
3 40 22 30
20 3 0 6
22 11 22 27
2 27 14 40
4 31 25 36
29 43 21 34
32 34 3 26
41 29 6 24
27 28 13 23
20 2 22 40
2 45 19 36
1 3 45 14
19 38 35 30
12 3 41 6
21 18 3 41
30 48 17 41
33 27 17 9
23 28 21 15
38 11 40 37
31 49 43 8
32 49 20 41
38 47 31 48
30 35 11 40
33 20 35 12
18 14 10 36
1 30 6 48
20 2 3 29
22 44 12 26
17 39 30 24
16 2 4 25
11 13 31 45
38 23 15 42
18 23 23 37
15 17 31 43
34 17 36 40
39 38 43 8
18 41 45 11
44 40 39 37
23 15 42 3
27 12 3 29
1 17 2 26
12 15 6 28
46 20 8 41
19 4 21 34
27 25 33 32
5 47 13 25
21 26 20 31
11 3 31 40
28 40 12 14
40 43 8 22
31 26 9 40
15 22 43 8
7 13 19 48
2 47 17 40
16 17 4 49
4 10 11 42
21 21 9 22
5 43 38 4
35 4 12 45
25 16 13 13
22 19 30 39
25 19 32 49
42 38 8 23
47 28 14 39
36 11 14 34
7 47 13 45
30 44 13 30
29 26 3 41
29 38 4 23
9 19 27 36
4 49 29 31
24 22 37 16
15 3 2 41
19 10 48 5
8 36 24 34
27 20 46 5
29 11 19 37
27 23 16 34
30 20 43 1
47 32 9 44
11 33 12 27
10 23 22 42
26 48 18 30
43 46 33 38
26 2 27 41
41 43 43 3
42 7 27 46
22 29 8 5
30 22 26 32
13 46 30 41
21 11 29 41
23 39 28 32
16 12 19 43
31 0 15 42
9 3 29 44
26 38 30 41
13 11 28 34
17 38 30 30
23 39 38 3
15 42 8 36
47 42 9 47
47 45 33 29
24 4 10 19
30 36 5 48
11 6 2 30
23 38 34 38
28 25 0 14
28 27 40 11
35 2 25 42
23 34 42 11
37 21 17 37
27 40 19 38
20 22 8 39
14 10 17 31
5 30 10 25
8 16 12 33
32 21 2 14
26 47 33 38
10 3 17 30
24 14 25 21
27 7 10 38
36 41 23 36
25 21 10 23
37 41 13 25
18 37 22 41
21 8 21 46
5 21 27 33
16 44 19 41
41 18 23 37
0 41 28 30
20 11 17 40
10 45 41 4
41 40 30 26
26 24 13 33
16 29 9 33
42 31 42 1
33 20 27 13
7 9 21 37
14 42 39 7
42 48 19 35
25 37 34 27
36 42 25 7
45 33 10 15
32 19 30 34
26 31 20 44
18 28 23 6
26 24 18 36
28 29 39 11
1 44 12 34
25 21 22 39
24 42 6 29
21 43 49 1
44 21 23 35
21 11 17 25
35 5 31 44
17 35 36 32
28 23 40 2
21 27 18 49
16 24 44 2
30 37 22 10
11 13 8 7
28 9 42 6
45 28 14 22
32 30 19 42
26 28 14 31
41 14 31 33
23 41 11 36
38 41 25 46
5 39 17 36
28 10 31 30
3 22 26 47
15 26 32 35
33 24 22 25
31 9 30 44
37 43 25 38
42 43 11 19
4 14 42 10
7 37 31 37
35 42 40 9
26 3 47 42
42 35 32 38
26 38 28 10
38 42 35 9
34 35 34 25
25 29 19 26
43 38 40 9
23 3 0 44
26 19 15 0
7 22 44 3
21 8 33 32
46 41 14 34
1 47 42 6
21 5 43 0
40 38 24 42
37 1 7 18
31 31 12 31
8 40 12 31
30 26 21 19
21 14 18 45
28 30 41 9
16 31 32 38
30 26 23 45
41 19 0 46
14 38 20 38
27 32 38 10
22 24 31 43
19 33 19 24
22 34 24 29
20 20 5 22
18 36 21 34
34 6 39 11
48 10 23 12
34 40 4 33
25 10 18 38
40 17 39 12
8 9 20 32
0 35 37 11
13 37 41 5
26 36 39 6
4 32 11 45
32 36 38 8
29 24 19 31
1 41 5 21
34 35 29 35
8 37 46 6
5 38 33 45
28 42 2 40
19 13 34 41
28 34 14 26
37 38 28 35
27 38 15 24
19 30 2 40
12 45 3 45
10 47 12 23
39 10 23 35
45 32 43 5
22 30 32 37
26 23 28 9
36 37 27 39
33 22 5 13
6 31 20 43
40 7 9 21
34 23 11 40
19 36 22 27
19 11 40 10
40 20 39 8
30 5 40 1
32 0 49 0
25 48 39 9
8 39 25 30
26 22 34 28
23 18 6 5
35 14 23 30
33 32 25 41
23 33 25 29
25 20 16 35
49 15 3 9
44 38 4 45
42 48 26 43
11 46 14 33
13 4 25 33
27 28 1 48
3 31 3 48
31 40 16 30
7 10 11 46
24 29 22 32
6 40 47 9
16 14 32 37
25 37 22 47
2 42 21 38
12 3 11 27
27 11 40 0
24 44 11 6
29 26 16 34
21 27 33 36
0 45 24 30
21 40 17 41
39 25 17 37
6 36 10 15
21 2 22 41
26 6 27 44
6 37 39 11
38 13 31 36
16 38 42 7
39 5 42 1
12 18 19 31
17 22 27 34
13 6 41 7
48 39 13 27
8 17 5 4
11 20 24 43
30 9 12 30
12 4 34 32
45 39 6 42
29 3 29 45
18 19 34 36
14 46 15 42
21 11 22 25
39 26 44 2
40 20 13 40
0 39 18 30
23 9 27 32
0 3 22 29
18 43 41 9
21 9 41 3
28 19 38 18
33 28 9 46
27 31 49 3
27 3 15 29
10 47 12 29
22 24 23 32
3 11 8 44
34 21 46 1
20 32 6 27
26 9 31 28
29 41 6 20
25 33 18 43
24 12 41 26
5 18 26 36
30 26 17 22
9 48 24 39
38 9 46 2
25 7 45 3
30 28 41 10
19 5 34 44
42 40 6 24
20 31 11 26
25 44 33 47
47 23 18 19
28 38 5 41
4 22 14 29
23 29 0 45
26 34 18 38
13 4 31 28
41 44 32 34
24 26 14 40
10 9 15 27
39 7 12 34
8 49 12 34
30 9 6 33
27 22 24 46
1 45 7 35
5 20 15 30
23 41 36 37
25 8 13 47
27 40 3 25
38 41 0 7
40 41 4 43
43 42 19 27
37 38 22 41
14 11 41 7
23 31 23 19
30 24 18 5
47 36 16 37
26 0 40 10
22 14 41 14
22 28 2 10
29 22 42 7
20 11 14 31
25 32 14 40
42 18 20 23
30 8 14 48
24 44 27 33
12 11 1 40
29 19 6 27
35 19 39 10
4 44 14 38
21 35 2 22
26 3 25 37
32 36 11 49
1 17 1 31
2 44 48 1
2 7 42 8
22 0 16 27
29 1 27 41
31 0 31 44
47 2 1 29
19 23 5 37
23 47 5 37
30 37 6 30
29 36 27 27
31 20 10 30
4 11 24 11
27 20 8 15
11 5 16 47
28 42 19 41
47 16 35 11
5 41 2 26
25 18 9 37
29 3 18 40
9 5 39 8
20 0 23 37
14 24 40 12
16 8 27 37
45 38 16 36
13 3 41 10
17 7 16 48
28 12 28 41
25 33 44 0
27 40 10 29
17 11 17 36
27 2 39 11
18 13 26 26
30 29 12 11
23 8 9 43
26 22 13 36
38 4 25 38
32 26 41 8
32 49 3 41
25 14 9 33
33 26 10 45
21 15 6 39
31 15 7 16
26 42 13 22
24 35 11 35
9 9 21 44
17 32 21 47
37 31 39 10
42 42 23 36
29 30 44 32
25 29 25 39
21 30 29 47
43 26 28 40
45 40 17 49
38 21 30 32
29 13 0 17
42 9 39 12
20 30 7 12
45 29 28 38
46 41 15 49
44 32 4 44
2 39 28 29
18 45 23 37
24 34 14 27
26 35 26 23
8 4 20 33
29 20 4 35
44 40 12 43
18 25 18 38
16 42 29 36
28 25 10 24
6 31 13 4
17 6 48 4
0 46 42 7
9 7 29 29
22 32 34 30
22 33 32 34
36 9 38 33
37 29 42 4
35 39 10 30
37 27 4 30
2 37 10 35
22 45 30 33
6 45 14 35
30 4 21 39
30 45 41 10
5 40 30 36
13 14 13 28
2 12 47 1
0 12 17 35
16 31 31 26
11 42 25 34
36 44 5 45
9 47 4 26
34 32 16 34
46 48 9 17
24 42 21 44
38 39 37 9
47 36 40 2
35 37 48 5
8 29 43 0
18 5 13 38
3 3 11 39
16 35 26 4
19 22 19 31
45 45 47 2
19 22 45 1
44 24 27 29
36 38 39 32
13 24 13 6
26 30 3 12
31 7 16 20
19 16 12 40
36 7 41 9
23 40 8 10
31 49 37 36
33 38 24 43
21 28 21 17
15 11 16 21
11 27 45 6
32 34 41 9
37 41 36 27
16 2 32 35
6 40 26 49
24 33 19 31
8 43 13 24
28 44 0 37
39 48 21 12
43 14 7 48
16 26 28 38
13 47 6 46
20 5 12 37
29 13 0 41
43 28 21 49
0 33 27 25
8 32 25 28
1 18 4 46
23 33 33 26
27 20 44 9
18 5 35 37
25 30 16 42
24 19 44 6
40 0 42 8
24 20 11 41
33 16 13 32
27 12 19 31
31 1 23 39
37 19 19 19
18 22 39 1
29 30 6 16
21 2 18 24
36 12 24 36
21 42 17 23
14 16 22 44
6 47 7 33
28 34 11 38
44 36 22 35
2 4 47 2
23 33 17 14
30 6 4 38
8 44 12 16
30 26 45 3
25 48 18 32
47 25 9 20
13 38 11 35
25 24 22 32
38 22 8 27
10 2 9 30
1 9 1 36
22 36 6 49
10 45 40 36
15 49 24 37
5 34 23 25
18 15 15 33
13 9 49 1
48 35 20 31
15 39 21 34
18 31 41 11
33 8 15 35
32 28 38 13
17 16 2 15
24 21 44 1
37 37 41 8
39 31 47 3
42 12 43 0
8 2 26 22
19 20 21 45
45 47 26 34
34 29 42 15
18 19 18 36
32 2 27 38
35 19 4 35
40 39 36 46
5 29 6 44
33 10 21 33
25 19 7 20
19 20 23 37
31 9 40 7
1 48 21 47
42 49 23 27
19 21 40 9
