50 77 19335 800
21 16 12 7
29 17 44 2
14 22 39 28
15 24 41 47
27 26 33 6
20 16 14 39
9 13 40 37
15 18 23 30
47 17 22 32
28 10 36 9
37 22 6 25
21 20 47 37
0 16 41 2
25 10 16 21
3 16 32 11
2 22 33 5
14 29 43 39
21 12 41 20
3 14 42 39
31 25 31 39
20 10 41 37
22 17 48 49
4 16 40 26
44 10 32 14
21 16 17 13
18 24 0 25
2 14 1 41
35 19 3 37
9 35 35 17
7 20 13 25
20 16 44 28
9 49 9 5
44 14 41 40
11 21 20 29
42 18 3 42
48 4 43 1
5 18 14 35
20 18 34 7
29 30 11 24
6 24 19 32
21 15 24 35
2 20 47 39
43 27 37 33
22 19 13 10
29 27 19 22
8 15 6 31
23 13 39 33
27 2 38 3
13 18 35 40
42 7 28 31
17 6 5 32
0 29 31 10
4 9 26 34
8 28 44 5
5 19 9 35
41 7 15 30
11 3 37 10
20 16 9 26
41 35 8 35
48 7 29 13
14 18 18 13
34 27 42 4
24 20 10 37
20 16 35 36
4 12 34 33
5 1 18 40
8 20 41 36
34 38 47 5
15 9 7 23
12 20 38 33
16 18 44 1
4 7 36 34
6 26 24 29
21 16 26 27
4 24 45 38
12 23 31 29
14 22 22 29
