50 523 14544 800
31 33 33 23
34 35 7 31
29 23 11 29
42 36 12 24
20 28 28 12
44 27 24 40
14 18 4 24
14 7 5 42
12 11 41 23
31 48 42 21
30 46 37 2
24 22 40 17
16 38 9 49
27 29 25 47
4 33 32 25
7 16 49 27
2 24 24 46
11 23 44 30
40 13 48 36
9 15 38 7
10 28 35 35
19 35 34 1
29 35 8 36
31 33 32 9
20 25 26 9
14 31 37 39
19 40 24 46
29 18 28 34
31 2 40 14
11 13 39 27
16 23 7 37
40 12 15 29
16 13 40 44
10 3 12 28
1 12 30 10
30 41 21 28
13 22 13 35
19 18 36 16
17 5 12 48
36 48 3 13
2 9 3 20
9 12 45 10
15 23 28 5
26 26 22 46
2 10 13 29
1 43 26 15
30 29 31 25
22 31 32 45
34 48 6 39
29 16 8 28
11 45 21 11
22 32 38 11
25 39 20 28
1 8 27 49
25 34 28 43
9 49 13 46
12 38 30 31
6 5 22 14
5 42 20 16
46 45 45 34
29 26 33 12
12 16 8 42
8 37 46 13
12 8 24 17
21 44 3 33
23 35 36 8
5 1 0 43
22 37 35 4
16 36 32 34
18 23 14 8
7 6 16 36
29 28 18 28
33 24 27 9
13 9 27 41
3 20 16 14
41 34 36 27
29 22 14 30
15 49 13 16
9 34 18 12
20 6 30 34
20 16 21 34
21 18 29 33
25 37 22 19
4 37 45 15
42 34 2 32
20 29 26 2
35 33 28 12
16 34 39 9
25 42 27 29
36 20 32 48
0 44 29 17
34 37 3 33
31 25 28 4
4 15 10 28
26 23 4 29
10 4 22 18
12 14 22 14
7 19 39 10
29 47 3 48
36 46 6 27
34 43 45 13
33 26 31 13
31 14 32 34
36 47 35 1
9 8 1 22
17 18 17 37
18 22 43 40
7 1 39 34
29 25 14 18
22 14 19 32
14 40 17 46
28 7 30 30
26 21 20 35
42 13 27 38
18 12 19 34
45 28 32 2
12 46 32 6
14 31 26 8
10 21 30 43
38 44 20 31
21 28 39 28
10 32 46 22
7 30 10 5
21 28 10 27
12 8 5 23
32 31 6 42
35 45 27 49
18 21 25 28
17 44 24 9
20 9 32 18
36 46 23 8
11 10 46 44
15 24 34 49
21 34 48 37
49 28 44 23
14 18 20 29
9 27 22 42
31 34 17 21
11 8 43 19
28 36 1 40
9 4 19 40
9 3 37 10
34 47 8 33
19 37 35 46
5 8 18 46
18 48 25 5
3 8 30 2
38 32 42 16
3 10 30 10
27 34 20 29
3 21 38 11
10 5 32 36
28 43 47 3
1 6 31 48
17 28 25 24
26 35 22 37
46 37 26 11
35 48 20 40
15 22 25 19
25 24 45 13
30 32 37 39
23 11 39 13
25 34 3 39
29 30 27 16
15 25 33 17
11 3 37 15
6 13 30 9
14 6 16 49
5 36 24 13
13 35 34 3
5 8 40 29
1 20 32 7
27 26 40 18
35 31 28 41
36 49 32 12
35 34 39 25
26 32 27 10
26 31 26 17
24 41 36 31
21 16 27 8
13 29 33 10
6 12 48 16
3 12 36 40
35 49 29 45
26 9 34 5
11 35 39 49
5 6 17 13
13 37 41 47
12 35 34 27
34 34 38 38
38 47 22 35
25 42 14 35
21 17 3 18
29 4 5 49
22 25 32 7
6 14 9 39
26 38 39 40
8 3 10 33
24 42 1 33
12 5 7 20
31 38 23 35
33 48 43 47
28 24 45 21
15 29 1 44
19 25 19 32
31 47 32 0
30 10 12 28
9 31 30 0
24 17 12 12
9 7 46 30
9 11 22 45
29 30 23 47
17 28 28 17
16 44 25 17
7 4 20 23
37 34 8 43
33 22 48 46
22 37 22 47
23 15 24 39
5 40 4 29
16 20 15 29
6 13 8 45
5 21 42 7
16 38 29 20
8 12 17 46
49 15 46 40
35 48 29 16
30 31 15 11
9 9 41 17
16 31 29 27
40 49 9 3
7 5 34 30
35 47 7 23
22 30 34 19
16 34 33 13
25 24 29 44
18 39 24 8
7 5 21 38
27 19 17 44
11 4 20 34
36 30 27 15
28 39 30 22
23 21 18 29
9 7 5 44
34 40 20 8
41 23 41 45
36 46 11 38
35 49 22 7
38 43 31 20
33 24 33 36
20 39 15 40
38 46 3 42
6 5 33 16
4 32 28 17
12 27 30 9
13 42 31 41
8 7 22 29
38 47 36 15
1 12 0 41
28 33 38 31
36 47 36 31
19 17 33 9
23 35 7 28
37 44 11 28
27 37 1 35
43 36 34 22
7 29 21 41
20 48 16 42
14 38 37 13
36 35 30 6
33 43 45 16
21 9 8 25
34 19 28 11
1 2 32 27
8 7 16 9
36 41 34 30
36 47 23 16
31 47 49 1
11 27 20 10
11 8 38 13
11 17 30 49
39 32 39 1
14 41 6 37
14 25 3 25
23 41 37 3
4 23 31 15
6 10 38 4
17 5 35 20
12 48 25 40
30 40 38 6
12 9 42 9
12 10 31 17
8 37 10 30
5 7 10 27
43 42 39 14
24 33 35 24
16 0 18 13
1 19 42 45
23 27 17 11
10 1 4 31
19 10 40 23
8 36 17 32
9 11 23 34
46 33 9 39
26 36 33 5
9 12 35 8
27 44 25 34
22 37 1 39
6 7 34 9
10 6 31 13
17 40 7 39
7 13 9 33
15 29 34 22
9 46 46 11
49 39 39 27
46 41 16 47
35 47 4 26
2 7 37 4
5 4 30 36
31 27 39 14
9 13 34 22
18 22 2 20
11 19 44 1
14 5 32 38
10 19 39 36
15 20 23 12
22 28 16 27
15 43 39 11
12 7 18 44
24 34 46 30
28 34 34 8
20 33 7 39
24 29 38 46
10 2 7 25
0 43 37 17
34 43 38 47
17 46 37 38
14 4 24 26
4 23 19 18
38 46 36 1
26 32 32 3
17 6 8 28
9 21 37 40
32 48 21 36
11 17 30 11
19 32 22 13
7 23 24 38
7 42 23 41
2 39 37 0
9 7 22 20
4 9 25 29
47 40 13 29
28 39 34 3
39 42 26 6
15 0 48 18
22 34 31 47
11 11 22 35
7 46 36 10
36 45 5 17
14 6 40 25
2 12 32 35
6 8 24 42
37 47 25 7
22 31 18 6
2 19 20 12
5 14 17 4
28 45 44 39
21 33 30 13
20 0 30 11
19 9 31 11
20 19 24 6
29 33 11 22
11 30 21 33
31 47 27 38
1 13 32 31
33 11 6 45
9 7 22 2
20 31 25 39
26 48 13 41
23 30 38 13
13 6 34 29
13 33 39 10
8 12 32 21
27 26 12 4
15 33 31 4
16 26 36 36
39 49 28 8
34 47 17 41
40 45 30 21
36 8 24 28
14 41 23 45
32 39 11 40
31 47 38 34
11 37 27 4
19 29 8 42
26 32 36 18
28 38 6 38
40 14 48 45
9 4 34 16
33 49 2 39
36 48 34 36
28 28 6 23
1 6 26 35
17 12 35 18
21 37 39 2
16 10 36 17
13 13 48 9
37 48 25 8
19 8 41 36
9 14 37 32
4 8 11 17
26 44 7 48
7 8 24 17
28 38 29 25
39 49 21 31
4 14 34 33
37 45 21 42
9 11 24 42
18 10 32 24
17 27 4 38
45 24 11 48
9 10 19 20
13 17 32 40
30 28 6 25
6 13 33 19
21 15 5 34
19 8 2 15
24 41 18 27
9 20 2 26
33 34 21 26
1 7 21 26
30 37 47 43
7 33 30 15
5 6 39 9
8 13 23 35
11 11 25 2
20 30 17 10
11 6 30 19
44 38 10 27
17 35 2 45
13 12 29 19
39 39 20 38
15 13 2 22
23 23 31 35
47 32 35 0
9 34 24 13
31 32 31 17
11 40 19 41
9 11 24 48
12 29 35 14
35 30 34 9
29 35 32 33
47 23 9 5
24 12 21 9
12 10 37 34
30 41 45 43
15 41 16 2
32 48 36 15
45 40 19 16
9 8 4 46
3 37 24 30
17 23 30 43
7 1 20 44
9 42 26 36
6 5 0 40
12 16 29 49
37 42 42 46
49 26 19 36
44 42 8 30
24 26 19 48
2 16 40 40
14 11 23 16
13 22 34 11
6 5 29 38
23 34 37 3
19 26 6 28
35 31 3 22
29 41 27 44
19 28 18 13
13 25 8 26
25 38 32 22
2 15 43 41
20 45 4 29
19 49 11 39
15 49 15 38
37 34 25 9
12 6 14 23
18 2 31 8
15 18 8 38
38 47 31 22
21 28 44 21
17 25 44 0
20 22 11 41
16 5 23 34
9 8 6 25
22 13 10 37
7 25 41 21
21 36 27 26
35 30 27 18
35 46 36 36
25 5 30 38
1 31 35 48
4 25 31 17
14 17 44 24
35 15 34 11
34 48 10 20
22 43 25 19
9 13 20 21
31 36 31 42
44 36 30 34
2 38 33 44
33 47 30 7
36 40 25 40
21 11 31 12
24 3 1 49
23 16 16 36
16 14 14 34
36 33 0 21
22 42 14 41
13 26 43 38
8 26 37 17
24 42 30 43
49 27 18 18
