50 202 17818 800
42 21 48 43
6 37 23 24
41 13 2 17
14 4 33 44
39 10 37 34
6 7 41 40
19 16 6 43
20 6 43 30
32 7 14 37
29 19 17 45
28 40 44 37
42 25 49 46
25 16 45 33
20 9 48 37
15 3 41 46
24 4 45 31
10 38 47 35
13 12 47 33
41 27 18 19
20 43 49 43
10 0 44 42
13 34 45 33
17 8 18 30
17 48 37 26
18 8 47 44
46 7 0 24
36 21 47 38
48 7 45 38
13 12 6 39
46 22 41 24
32 18 5 36
20 10 14 37
38 42 2 23
21 15 37 31
25 3 5 22
15 3 48 19
18 47 45 45
39 45 46 19
25 34 21 26
20 14 4 34
6 29 22 28
3 43 7 40
16 47 44 28
20 32 49 43
15 39 25 36
16 0 6 35
0 7 7 17
39 34 36 47
10 49 37 36
37 34 38 9
41 34 34 17
13 16 10 41
0 32 48 22
3 36 49 41
13 20 47 31
34 5 42 44
22 6 43 32
41 38 49 25
1 41 45 30
25 6 44 37
42 35 9 33
9 10 22 27
44 27 15 37
20 48 45 40
45 34 41 46
23 9 44 33
20 14 2 31
33 27 4 31
19 20 43 39
0 46 48 37
41 35 19 3
48 25 26 10
11 44 8 12
34 7 13 27
12 37 38 33
26 1 39 48
39 13 46 16
44 16 5 29
39 14 43 34
29 39 7 30
42 6 47 30
19 7 8 35
29 20 49 38
18 7 31 21
17 11 44 38
8 48 1 36
11 43 18 42
0 6 48 42
14 6 45 39
16 14 14 26
1 0 45 38
9 3 39 38
38 49 48 40
43 4 6 35
9 7 0 30
3 6 41 10
14 20 2 32
42 10 44 38
0 42 46 44
43 18 49 48
13 15 45 5
47 28 26 37
44 16 45 40
34 39 48 39
7 5 41 30
49 40 20 39
45 22 25 21
34 14 34 22
4 18 1 42
20 9 43 43
24 14 5 37
39 25 5 33
11 45 31 25
21 5 9 23
47 44 30 22
15 41 45 36
6 6 41 23
48 40 37 44
45 8 9 28
10 46 38 18
35 4 30 26
23 16 41 49
30 13 6 20
17 11 5 27
30 21 32 30
32 26 43 16
47 41 8 37
38 8 5 41
34 12 46 39
3 43 47 39
16 16 47 22
21 20 10 42
23 17 45 23
1 39 12 36
13 5 42 44
31 25 44 44
0 7 41 12
43 6 8 27
14 8 27 24
13 2 12 43
11 7 37 35
13 7 45 29
14 7 6 34
12 46 22 30
17 13 4 34
38 1 28 7
36 44 7 30
45 37 13 31
36 20 5 26
3 2 47 43
11 42 42 37
21 41 36 39
46 19 43 48
39 41 20 22
13 5 46 36
21 16 7 17
2 2 10 47
14 3 44 42
10 5 24 7
14 40 30 24
6 6 2 30
4 3 48 29
27 19 7 30
30 11 15 47
25 40 19 38
7 0 37 23
38 14 44 40
20 16 36 38
16 6 48 40
17 12 48 37
28 6 0 31
20 9 8 32
16 0 7 33
18 10 44 21
9 11 43 38
30 9 43 46
46 3 46 40
26 16 39 44
29 27 1 46
24 16 0 41
1 8 38 44
21 4 2 34
20 8 40 30
35 36 41 39
16 10 9 39
14 13 34 16
6 9 9 32
15 7 44 41
8 41 40 27
3 45 46 35
16 29 49 16
17 14 42 28
3 40 17 34
49 15 42 37
46 8 5 34
22 7 3 31
31 48 49 42
31 15 30 21
23 43 5 42
45 32 48 40
46 10 32 43
26 13 44 46
