50 513 14435 800
37 20 40 23
2 22 48 18
22 34 22 11
47 49 26 4
15 14 6 20
27 12 37 13
19 24 21 16
14 26 26 14
10 27 4 37
28 19 42 1
41 32 23 5
16 3 11 24
27 41 18 4
36 12 4 33
37 20 32 35
37 28 24 8
39 13 43 24
32 35 40 30
33 23 24 1
38 16 40 30
25 19 25 3
22 24 22 34
14 7 23 3
8 14 44 23
20 22 16 2
31 43 37 27
20 11 30 6
11 14 17 4
19 18 28 8
16 15 47 39
41 23 40 42
2 11 26 10
13 21 7 20
36 18 27 22
5 10 2 25
22 12 14 28
20 11 42 11
10 18 49 31
32 22 20 9
18 24 34 17
19 17 26 7
37 19 44 18
36 21 28 9
6 10 48 22
4 11 15 11
36 22 21 8
36 29 44 32
18 17 17 10
37 8 23 6
7 14 18 28
38 24 6 9
2 18 23 9
11 18 4 20
24 15 45 38
27 11 39 33
12 16 10 19
37 18 24 3
16 4 34 28
0 21 17 10
18 15 28 25
11 24 25 8
37 23 21 8
8 6 45 17
5 19 9 3
40 46 16 11
24 45 32 14
35 20 35 11
26 23 17 14
29 13 22 5
22 43 21 8
16 12 48 23
11 9 26 20
26 37 21 11
12 13 23 27
35 35 38 5
26 18 42 40
22 10 49 25
32 22 29 8
26 14 33 36
30 21 24 5
23 5 8 27
25 34 30 32
21 13 27 0
1 12 36 12
2 21 32 22
44 35 38 18
38 8 20 5
21 29 19 10
15 34 42 25
21 25 49 20
30 44 8 46
11 34 11 6
18 13 49 24
11 23 45 11
12 32 17 5
19 3 23 21
25 47 25 4
12 16 29 13
44 31 45 15
31 37 46 19
43 25 45 15
37 49 24 7
32 29 18 19
26 44 39 31
30 45 10 26
5 14 37 22
41 16 5 17
15 14 48 25
36 16 36 28
7 8 31 5
27 24 25 7
3 18 44 19
1 11 23 9
20 28 38 25
22 44 15 23
8 21 48 18
8 27 15 5
33 19 46 19
45 22 28 14
2 11 19 20
31 22 41 23
34 21 49 29
40 15 19 6
22 34 35 31
43 19 44 28
39 11 29 11
45 8 27 17
28 7 46 4
21 8 34 24
26 27 13 1
36 23 24 1
9 20 8 14
35 16 14 28
33 33 5 5
32 20 23 23
29 24 30 35
36 37 2 14
14 12 27 8
36 18 22 5
3 18 13 3
45 40 16 6
29 21 25 6
21 17 24 35
29 26 40 8
8 8 48 21
43 16 15 6
8 23 7 9
35 15 30 16
37 15 11 5
28 8 46 20
3 20 20 7
34 29 9 21
19 19 19 3
33 23 34 16
8 20 25 8
29 17 44 19
27 10 20 12
27 18 20 13
5 17 14 0
12 29 14 3
5 12 34 18
30 37 35 22
0 18 12 3
24 41 42 24
36 19 47 22
43 29 2 14
30 20 4 43
25 21 16 2
30 37 22 3
37 18 39 26
7 18 10 6
39 25 5 28
33 25 46 21
37 39 15 7
32 17 47 23
22 8 44 24
2 15 20 9
4 20 48 7
46 17 43 21
26 15 16 20
19 16 8 22
46 12 21 3
8 4 16 7
28 18 34 22
9 12 25 7
5 14 16 3
32 24 15 3
27 39 5 0
43 15 22 5
34 23 28 25
16 7 31 11
25 12 5 3
17 23 17 14
39 19 18 7
14 19 20 38
35 12 25 8
39 32 22 1
32 7 45 17
24 25 19 3
36 25 45 29
3 21 27 14
23 15 15 10
13 10 39 15
33 28 5 14
40 17 4 1
45 47 16 0
42 32 16 5
14 10 2 5
39 18 19 9
2 13 18 31
7 14 19 8
24 24 39 19
25 46 4 11
34 25 36 38
41 26 1 13
44 12 46 16
29 21 49 15
41 27 33 12
38 22 18 12
32 27 15 5
33 19 23 5
23 40 18 5
45 17 15 3
32 27 20 23
30 10 8 13
31 32 29 12
0 25 48 17
31 26 18 1
10 12 32 12
37 21 5 9
34 46 28 19
1 35 8 19
22 1 17 2
41 20 18 2
25 30 25 37
38 24 49 24
39 49 38 10
13 22 22 1
7 18 28 6
34 41 44 18
35 15 38 25
36 15 20 9
13 15 28 7
37 26 35 29
22 30 17 8
26 10 19 5
42 17 48 15
31 47 31 5
13 9 22 9
38 17 31 19
34 25 40 27
11 20 32 44
5 16 10 26
6 26 32 26
40 8 39 14
43 26 38 4
30 26 26 18
19 0 44 15
40 20 22 10
35 17 46 19
10 21 16 4
9 21 44 19
27 22 30 11
25 29 33 19
38 20 45 18
42 33 20 11
23 34 47 19
20 21 0 22
28 15 38 27
21 28 26 7
38 23 16 32
8 9 38 11
28 21 27 10
19 26 13 2
29 18 25 7
40 19 42 24
0 16 36 18
25 0 32 16
9 14 43 34
32 34 39 18
10 6 4 9
40 18 45 31
7 15 46 26
40 22 7 10
4 23 16 37
42 25 18 0
28 38 19 12
11 17 24 32
28 45 16 20
7 12 10 19
34 19 48 30
30 14 38 26
16 3 49 48
5 12 27 10
10 16 20 6
2 14 42 19
5 14 46 39
37 13 36 27
41 16 34 18
26 20 35 6
40 28 26 1
18 34 43 6
1 18 37 16
27 31 8 10
27 9 18 9
34 29 20 7
31 26 36 42
16 18 44 3
8 25 49 28
15 0 19 5
36 24 25 3
22 5 16 1
11 27 23 18
33 14 11 16
0 18 16 13
36 31 30 15
37 23 33 32
47 20 29 43
25 28 14 3
30 49 28 21
34 29 15 11
35 27 25 12
13 12 23 15
25 19 25 7
8 13 41 13
24 16 38 42
45 24 36 26
33 39 24 5
40 8 19 5
14 9 23 3
14 13 45 26
28 16 16 0
26 27 7 13
14 34 16 8
6 18 4 14
9 30 22 10
36 22 16 8
38 26 32 8
35 22 44 10
1 14 41 11
12 19 16 9
30 20 46 13
43 25 15 10
36 15 43 31
27 28 22 11
3 17 48 17
11 26 35 28
15 23 31 5
36 18 22 2
31 29 33 9
43 22 49 18
35 27 12 11
39 15 1 8
29 30 15 7
39 17 22 6
9 17 20 7
23 12 3 3
28 10 16 31
36 37 8 22
31 6 28 10
23 23 31 15
5 18 22 8
42 24 46 18
32 33 18 8
18 10 24 16
44 4 33 8
33 22 34 11
41 21 24 21
23 19 38 31
19 16 28 10
40 17 2 13
39 22 4 15
25 21 41 14
23 11 21 17
34 19 45 27
37 34 30 8
24 39 29 22
34 9 24 4
12 30 41 0
6 16 39 14
9 7 22 7
35 29 28 26
48 10 38 12
44 12 42 26
2 18 25 28
18 23 47 28
32 24 20 12
42 19 24 31
14 13 25 2
37 18 25 6
24 17 12 14
20 32 16 11
35 25 27 8
27 42 25 7
4 18 45 23
42 19 49 7
47 27 36 22
36 18 22 6
0 16 2 20
46 26 16 5
33 34 23 4
17 26 39 38
41 21 44 27
6 24 35 16
28 29 21 4
0 20 22 7
22 47 26 34
40 12 40 31
5 14 1 5
35 27 20 12
48 33 39 14
23 4 19 1
7 12 35 5
3 21 9 11
43 14 9 1
16 4 48 28
23 14 42 27
40 9 28 35
24 11 28 36
33 49 41 22
30 32 20 2
3 16 15 2
29 18 21 6
9 15 25 5
45 32 14 19
8 16 4 14
26 2 27 34
6 13 11 15
14 30 35 18
7 18 25 9
20 35 30 4
8 12 40 24
43 20 28 0
1 17 49 27
32 33 26 4
4 26 26 26
4 10 20 4
8 5 38 21
32 27 27 5
45 32 20 7
5 19 27 11
15 38 45 10
13 12 19 2
48 18 40 18
4 15 43 34
9 12 19 20
35 35 6 18
17 24 0 9
5 18 16 7
11 21 26 2
2 25 30 8
20 15 21 2
43 21 36 33
31 24 35 33
14 17 31 12
27 17 29 22
41 17 23 5
6 35 42 23
17 17 28 6
11 13 18 4
12 8 20 3
38 10 23 6
8 15 22 8
19 8 22 3
40 32 19 7
40 23 39 31
29 21 34 14
40 17 22 7
10 16 32 8
6 16 31 22
34 26 35 40
9 16 15 31
17 2 25 5
31 21 3 18
34 5 43 18
26 24 43 23
20 34 2 21
40 21 25 11
7 12 28 10
39 20 48 21
41 23 26 18
7 7 4 11
24 10 43 15
34 23 21 0
45 21 4 19
27 29 33 9
5 14 37 22
3 19 21 13
5 13 27 20
23 39 17 10
36 19 41 18
10 15 0 10
41 20 18 39
26 25 32 7
27 14 38 26
31 41 17 10
36 20 21 5
12 10 7 3
42 13 15 10
35 39 17 3
24 5 26 11
2 17 16 12
40 26 47 17
16 43 42 9
35 15 38 33
29 41 5 23
43 30 0 7
1 14 45 38
22 36 0 13
41 35 49 10
33 20 28 27
4 16 33 22
4 19 34 33
