50 90 16204 800
42 20 1 14
30 21 20 27
29 19 26 21
29 32 2 4
30 8 16 0
32 18 23 28
40 22 16 31
37 40 23 25
18 25 38 25
24 25 3 33
28 24 23 34
49 15 8 35
26 38 10 20
38 14 25 25
44 26 23 27
32 27 24 27
26 14 10 18
24 25 20 12
28 19 23 30
26 12 23 27
28 43 20 24
35 14 32 18
39 24 13 14
31 43 18 23
4 19 18 36
21 49 25 28
30 17 17 11
32 19 25 11
47 23 19 23
35 21 9 18
23 11 18 29
36 22 22 31
38 9 20 22
24 32 22 29
34 29 24 30
17 31 4 8
19 6 2 27
48 16 25 3
37 21 0 19
30 16 24 30
41 0 6 17
44 17 5 11
40 49 19 21
37 24 0 17
10 33 40 3
44 17 4 23
21 27 18 19
31 24 7 31
42 44 26 15
28 23 22 23
16 27 24 27
13 43 2 12
44 0 40 25
16 30 20 26
18 37 5 21
19 0 8 18
26 14 9 10
32 9 7 17
1 6 25 28
32 7 23 28
38 17 15 28
1 38 30 22
19 3 21 25
41 23 10 16
32 22 3 10
46 1 26 20
35 10 7 14
10 6 39 12
31 34 11 16
30 25 12 24
41 11 14 19
36 5 22 24
38 48 44 9
40 35 0 30
46 43 17 22
33 41 21 28
30 21 26 28
36 4 6 14
36 4 13 4
38 4 26 24
33 38 9 30
5 12 25 27
31 37 21 18
33 4 35 26
22 30 16 11
33 16 4 15
38 23 24 28
32 41 10 18
35 5 24 28
32 43 7 13
