50 1082 17363 800
2 7 32 17
12 32 46 25
7 22 16 44
4 20 24 39
6 17 18 24
1 9 33 7
3 7 27 25
17 3 21 38
45 32 19 11
9 20 26 39
2 10 45 7
17 23 27 18
25 17 28 26
42 26 26 46
26 22 22 43
13 49 38 22
18 38 35 30
11 34 19 15
4 9 27 22
10 37 27 31
5 34 14 17
40 26 14 20
6 25 36 42
10 8 15 30
3 6 20 18
8 31 12 30
13 22 25 43
2 11 21 34
45 2 26 19
17 42 15 13
45 10 6 28
18 40 11 17
4 16 42 14
2 36 30 15
14 4 48 8
1 8 10 22
11 22 28 41
6 16 21 16
38 28 19 33
26 33 19 35
42 11 28 26
41 11 21 40
2 49 6 14
2 6 16 20
15 4 7 17
38 38 25 42
49 9 44 23
32 8 29 43
4 22 2 12
26 20 26 44
3 11 30 44
38 8 5 24
2 9 17 8
7 21 6 2
0 7 38 36
1 9 26 43
6 20 26 40
35 37 2 30
22 12 44 13
6 12 21 21
11 10 21 41
27 20 47 25
0 7 36 44
4 32 7 6
1 29 32 38
1 3 22 42
20 11 24 37
5 39 21 13
5 10 34 9
37 2 24 37
34 13 22 13
1 11 24 36
25 10 35 16
22 49 15 3
1 11 46 24
14 13 14 45
32 24 41 7
47 30 25 16
6 8 16 39
9 22 38 23
42 19 22 24
0 47 23 24
5 7 35 37
38 11 19 37
4 4 45 21
49 6 18 30
14 42 33 18
46 16 31 30
2 8 28 24
8 5 3 2
46 5 31 42
0 10 25 13
29 17 31 49
42 14 11 37
44 23 32 13
1 19 18 43
16 26 35 25
27 0 19 44
12 16 40 39
36 41 16 46
9 21 25 40
0 4 41 49
41 2 28 4
19 5 22 14
4 32 45 48
18 26 44 28
43 8 26 38
17 30 7 39
2 35 17 27
2 15 11 34
1 4 30 45
0 10 16 39
10 4 40 42
20 21 17 17
12 12 25 33
7 39 7 8
46 13 45 33
8 30 44 18
5 11 2 14
2 7 22 31
0 20 39 12
7 3 23 41
9 35 48 47
40 7 34 37
44 0 25 8
26 1 38 44
18 17 29 8
7 27 37 38
1 3 31 17
4 24 15 37
38 9 22 37
0 7 17 18
17 3 25 24
10 45 28 39
46 1 4 34
17 47 36 46
9 25 27 36
45 35 49 37
1 10 7 22
1 20 29 18
25 26 46 16
4 7 8 26
14 28 33 25
1 7 35 20
0 4 40 42
2 7 9 33
47 4 27 21
11 28 34 41
48 6 18 18
4 6 21 49
48 37 11 30
48 2 28 47
43 13 22 38
8 40 26 35
7 14 29 7
49 6 25 31
23 16 44 21
25 19 35 21
1 10 16 42
4 24 47 47
11 32 22 43
1 11 49 25
16 44 35 23
0 5 11 14
46 18 28 38
6 8 34 3
28 34 38 23
1 8 25 1
25 9 36 18
1 9 33 20
14 27 10 42
15 20 28 23
34 2 22 38
1 17 0 11
38 3 4 5
19 33 44 48
37 38 20 30
28 16 40 6
49 27 39 35
11 14 46 47
38 2 47 43
7 26 26 14
9 16 29 42
39 35 48 42
5 42 13 15
1 11 39 47
6 7 20 42
4 11 18 38
35 22 32 10
39 13 23 38
22 44 27 18
16 21 14 49
0 10 22 8
17 24 19 31
28 49 30 39
17 6 1 10
34 24 23 40
43 0 28 45
20 37 19 30
17 39 31 36
3 9 27 34
16 31 15 23
29 2 2 32
40 0 25 35
1 4 45 43
43 29 12 45
45 31 36 40
30 13 25 44
43 1 12 13
22 3 39 21
5 12 30 39
34 17 27 45
43 6 36 13
1 4 25 43
11 36 30 27
2 9 40 11
44 7 27 12
9 37 40 16
43 24 23 31
23 11 33 3
1 11 32 39
43 17 18 25
5 29 22 45
7 2 28 18
2 6 39 18
3 6 33 34
37 4 24 35
3 31 16 11
43 1 24 36
2 8 19 48
3 11 26 7
15 21 20 38
44 7 47 17
48 4 23 22
15 5 18 37
14 23 10 6
0 10 16 25
36 10 17 22
2 38 19 15
36 16 27 41
37 8 36 4
19 1 17 32
2 11 28 10
3 8 36 30
4 13 26 40
13 36 26 34
16 39 3 23
42 9 24 38
10 25 38 5
2 11 6 18
34 14 13 0
49 17 46 48
34 6 24 12
6 30 29 7
4 4 27 37
25 30 16 17
39 5 43 38
37 14 20 36
32 11 20 40
0 37 22 42
2 15 38 25
6 9 23 41
0 7 22 8
31 20 33 9
13 6 26 15
4 8 30 23
43 14 29 34
1 8 21 25
0 13 31 16
4 13 30 4
39 10 29 37
1 9 35 37
21 31 12 39
0 1 24 22
41 5 24 49
15 37 23 43
5 9 16 13
12 23 6 47
0 6 28 24
6 8 10 42
44 19 38 13
12 17 30 27
11 7 24 44
19 20 7 47
16 26 26 36
0 5 33 5
5 13 21 42
40 31 28 15
48 10 11 22
4 10 45 6
2 7 39 30
38 47 38 9
38 9 38 47
15 37 13 31
45 15 19 23
22 22 46 17
43 39 31 30
29 1 37 44
49 20 26 11
6 22 16 36
1 6 25 43
15 24 22 2
46 3 19 36
40 33 20 38
33 19 12 43
1 43 18 38
36 9 23 40
2 23 34 14
1 9 34 42
7 42 31 10
19 16 33 32
7 19 40 3
5 29 20 49
4 31 28 38
20 18 29 2
8 11 20 41
8 46 12 22
9 35 26 21
47 18 20 37
27 7 26 32
38 12 15 34
8 39 12 27
10 29 20 12
5 49 16 39
2 29 2 17
12 27 23 27
17 28 36 48
38 2 37 21
2 8 41 34
13 25 46 20
5 5 46 31
24 42 22 36
0 16 19 23
10 9 41 38
11 30 34 20
1 7 38 6
20 35 14 30
48 13 47 29
1 9 17 49
18 47 28 40
0 6 24 42
2 12 38 35
1 12 17 6
6 48 24 32
6 42 25 36
40 15 25 30
11 15 30 41
9 24 6 11
4 8 32 22
13 24 15 41
17 19 25 40
17 10 34 35
3 25 14 39
11 27 16 38
14 15 34 34
10 5 18 40
39 39 37 15
24 29 17 38
12 23 47 39
2 36 7 35
15 31 39 19
11 4 36 8
30 9 22 34
47 33 17 41
17 21 23 13
12 15 20 11
1 42 23 44
5 6 29 23
40 19 46 8
16 21 45 23
9 31 23 1
9 46 29 38
42 29 27 6
7 24 28 43
25 4 16 21
49 3 41 39
7 35 21 23
44 15 25 40
48 27 35 19
10 12 29 14
28 3 31 43
49 12 5 0
47 19 26 38
2 11 41 32
22 35 27 41
8 39 36 13
19 10 26 21
25 19 37 30
16 10 30 41
21 18 21 41
2 16 31 49
2 5 13 28
14 15 41 15
1 9 41 0
5 2 32 28
9 14 19 26
3 6 15 3
38 33 27 26
2 20 23 34
49 10 29 49
10 8 27 5
46 18 38 35
2 6 5 13
1 19 28 41
1 3 28 41
16 20 23 12
30 29 27 14
5 43 17 17
9 25 27 41
9 24 48 12
11 18 49 41
44 37 25 36
10 31 30 37
5 9 22 37
15 37 21 45
8 21 19 28
9 11 39 31
11 27 30 39
9 25 40 43
1 31 36 32
6 40 21 30
48 14 26 32
30 10 23 1
34 5 32 41
3 14 17 42
1 28 35 23
0 13 45 31
12 40 23 18
23 9 19 38
2 12 9 16
13 12 3 22
17 21 13 35
3 7 18 35
8 10 13 45
22 4 9 18
9 27 48 17
2 5 23 44
47 4 4 8
46 2 19 28
43 7 23 46
48 25 41 35
2 10 18 5
8 41 13 33
37 1 29 38
3 11 9 29
49 9 38 45
14 4 22 41
0 5 22 42
6 7 17 49
0 6 16 40
5 35 21 24
4 7 1 9
35 4 25 13
15 4 21 7
4 6 20 27
2 11 39 20
47 2 39 46
31 19 22 35
20 15 31 37
5 17 14 32
3 16 36 30
17 5 9 35
6 15 34 27
3 6 22 6
29 0 27 35
29 7 28 37
46 6 16 23
14 48 15 39
5 0 37 49
1 10 28 39
20 40 47 1
27 2 19 36
4 42 28 49
23 11 36 37
4 12 13 46
0 7 45 43
2 10 23 23
2 5 41 45
7 32 25 7
12 8 27 5
1 8 25 42
4 20 26 42
1 7 30 43
13 16 32 44
1 27 20 1
20 31 20 25
19 22 33 12
22 21 42 48
28 30 10 4
6 13 20 37
9 38 23 41
8 30 31 40
39 36 37 19
4 37 21 44
35 16 14 3
8 25 31 40
36 4 17 14
18 9 9 10
40 15 24 22
11 29 19 33
8 10 44 40
37 34 37 22
8 12 45 2
5 12 21 41
32 18 20 46
24 19 17 15
13 34 8 3
38 21 35 36
0 43 27 18
6 8 15 46
39 22 37 26
36 44 5 29
1 9 25 33
6 36 25 28
7 15 29 5
6 42 18 26
3 11 22 41
12 25 25 35
24 29 23 16
7 43 19 4
9 39 42 26
7 35 27 38
3 12 46 40
24 43 28 28
1 43 26 23
12 31 19 18
8 25 15 22
49 3 22 44
16 36 11 49
7 11 30 30
24 32 20 40
1 2 25 35
36 12 20 39
3 8 20 15
15 45 29 13
40 14 14 43
4 15 41 45
11 16 30 28
0 30 47 0
14 3 38 1
1 10 10 0
3 8 36 5
25 5 41 44
27 9 21 33
6 27 28 43
3 15 15 13
2 6 32 15
45 10 31 31
5 13 21 45
27 15 18 44
45 5 28 13
41 12 12 35
33 4 42 43
20 29 36 0
2 9 24 37
37 2 28 11
2 8 40 23
13 49 43 13
16 40 35 31
21 32 45 25
2 45 29 11
11 19 24 29
4 10 10 24
3 11 30 42
9 9 31 35
3 4 25 35
15 19 13 45
48 22 16 0
45 8 16 40
4 11 3 32
45 31 46 36
3 6 48 39
46 31 20 30
8 39 21 49
17 3 11 47
47 8 32 9
3 27 38 10
46 2 33 31
28 34 19 44
1 37 26 38
18 35 41 12
5 15 9 49
9 11 9 17
0 4 23 40
13 30 17 40
4 15 25 44
12 45 22 24
45 17 25 40
16 21 23 15
4 18 39 32
11 33 19 33
3 8 20 43
25 22 23 31
1 9 48 26
42 40 30 47
3 21 35 48
3 19 43 24
8 24 21 34
1 46 24 20
11 33 23 41
9 17 18 14
28 40 48 41
5 19 20 31
7 8 22 22
15 25 36 20
8 18 37 33
10 16 23 12
3 15 37 42
3 6 31 21
5 34 40 35
21 27 35 48
49 23 15 35
7 41 26 9
4 10 29 34
4 37 19 43
36 26 21 38
25 38 38 27
33 34 22 42
20 27 39 33
8 39 20 39
35 0 20 32
9 3 33 9
18 9 49 25
3 5 29 9
0 11 19 30
3 46 14 17
2 14 45 37
0 4 9 14
2 10 24 46
1 12 36 42
3 6 4 39
6 46 35 16
2 7 30 5
38 5 37 30
31 4 3 3
37 9 36 21
46 34 23 36
16 20 24 45
36 16 31 45
4 12 22 35
17 40 24 47
35 17 7 2
3 32 31 33
27 20 14 42
10 26 26 15
3 22 30 28
12 17 49 11
6 18 21 34
6 2 37 4
4 9 35 25
3 6 23 33
2 46 28 44
1 6 39 46
7 11 28 32
0 11 4 5
40 21 48 20
7 39 46 40
9 10 34 29
2 10 28 20
3 10 39 12
23 31 44 35
3 7 9 20
6 11 7 30
39 20 18 26
16 18 26 16
40 11 33 11
2 11 26 49
11 13 18 23
12 5 38 30
19 42 15 23
9 37 34 34
42 12 3 44
41 15 32 21
10 42 41 19
1 26 46 45
22 15 31 13
4 8 45 49
24 13 30 24
15 10 41 0
6 26 43 0
10 34 22 33
2 9 11 41
13 35 23 14
12 23 24 5
24 26 20 43
14 8 17 38
2 4 19 21
14 39 10 12
4 9 28 7
12 11 41 18
8 3 20 7
8 16 26 11
38 10 47 14
11 21 31 34
34 9 16 24
7 16 24 42
0 1 24 37
48 0 49 31
7 47 15 45
2 34 11 12
5 41 32 7
39 15 27 43
10 48 24 37
43 28 24 42
2 9 15 26
6 10 36 40
11 42 5 33
44 23 20 35
3 7 22 43
49 4 36 37
0 40 31 28
2 13 6 3
38 12 29 43
0 6 25 39
31 12 21 40
41 20 22 14
41 18 26 42
3 11 20 32
27 4 13 10
14 16 21 15
13 13 12 17
19 24 23 28
27 40 31 22
6 35 34 21
7 42 15 49
33 6 41 2
46 12 23 33
31 11 25 39
11 23 47 38
1 9 14 41
2 8 31 38
1 8 40 14
2 5 23 42
7 13 19 47
8 19 21 37
1 4 23 25
34 16 6 43
44 3 25 7
37 0 2 26
10 22 38 37
1 41 37 45
2 9 15 24
0 13 16 30
5 14 35 47
38 13 8 29
20 45 24 35
4 33 30 32
0 39 10 32
25 31 14 48
2 7 8 34
49 12 28 11
0 23 23 26
49 0 13 37
9 24 17 33
2 9 12 14
26 18 26 24
2 7 37 38
35 3 19 37
24 4 6 10
6 10 44 19
1 6 30 49
6 13 36 3
42 29 30 2
43 20 38 39
27 19 25 31
0 12 4 19
8 42 19 42
17 29 24 45
13 12 33 28
16 49 23 22
40 21 27 41
1 8 31 23
1 10 31 19
2 9 23 37
4 23 43 12
34 12 22 45
35 0 27 15
46 36 30 13
47 9 27 41
12 47 17 26
22 36 29 13
4 26 24 31
4 36 26 41
2 15 22 43
39 12 34 45
0 21 17 37
3 33 41 9
5 13 9 24
2 12 26 28
29 30 48 39
11 45 20 39
10 22 20 23
5 10 30 41
49 19 21 42
1 5 22 25
2 4 25 24
43 22 26 5
32 24 19 42
40 34 19 47
26 2 0 9
47 17 22 34
46 16 26 23
27 5 23 46
4 14 37 35
29 15 34 49
13 25 14 31
21 23 19 11
18 4 36 15
5 29 34 25
14 14 35 33
1 8 41 8
0 7 37 37
24 10 25 49
23 19 30 27
0 23 43 33
49 28 21 19
3 7 21 39
31 9 15 38
19 29 7 0
36 0 11 33
45 13 25 43
29 15 44 6
2 4 22 42
1 2 21 15
9 9 40 42
21 16 19 36
8 35 18 31
21 0 6 48
18 43 6 35
10 20 14 48
14 37 13 28
6 24 7 16
32 3 30 27
1 8 25 42
17 12 44 40
42 16 39 24
4 8 19 4
5 15 35 42
42 33 16 46
1 6 16 45
31 23 12 6
30 9 30 24
9 16 16 27
13 23 33 38
34 30 34 24
2 18 39 20
6 8 38 12
49 6 43 35
27 21 26 34
36 14 37 23
13 28 30 20
4 4 28 22
2 5 25 37
34 31 21 19
39 2 23 34
13 19 39 35
28 27 31 24
17 22 37 44
35 31 7 20
23 11 37 38
14 14 25 30
0 6 23 40
2 7 31 44
0 22 36 13
5 20 42 5
7 28 44 38
20 35 35 20
43 5 27 37
31 28 24 42
11 42 19 40
12 30 23 40
21 9 17 30
10 48 39 22
1 14 21 34
3 4 28 4
6 3 40 39
1 9 44 18
17 13 34 44
48 10 15 7
22 34 19 16
20 5 28 46
4 10 26 40
16 27 18 15
17 3 34 18
22 38 38 11
16 31 16 20
1 27 18 38
0 13 25 36
17 23 33 16
48 27 37 44
8 9 24 42
12 23 24 32
2 7 38 23
24 0 30 45
3 20 2 16
29 11 20 11
3 4 6 16
17 41 37 37
37 31 32 43
10 20 20 40
7 40 6 26
1 2 37 18
0 16 2 7
19 5 16 18
39 11 26 40
0 8 8 38
0 6 44 41
4 27 27 30
0 44 20 12
0 28 26 35
33 5 19 39
0 28 7 7
13 0 9 26
33 10 13 26
20 1 40 44
36 8 42 36
3 48 16 27
11 26 21 22
8 28 40 20
14 28 20 21
28 10 25 37
2 14 33 37
0 8 42 33
9 25 26 16
4 9 29 43
11 11 43 35
36 3 32 49
10 37 29 33
13 48 15 44
33 5 21 22
32 40 25 5
6 35 22 21
0 5 21 38
48 22 33 33
6 13 16 9
4 9 48 25
3 10 29 12
36 5 27 32
49 28 25 37
7 38 35 13
35 15 37 49
25 26 26 39
5 31 35 39
31 11 48 10
3 14 49 2
7 16 27 3
10 38 22 22
3 8 37 27
15 25 25 41
2 6 44 2
9 16 21 31
47 14 21 47
6 38 3 30
36 14 31 7
11 38 29 4
7 32 18 40
13 28 20 39
47 12 16 40
46 8 27 11
45 12 42 35
11 7 48 27
8 19 20 43
14 23 27 24
6 9 19 18
28 17 39 44
2 10 34 26
1 35 15 47
3 12 13 30
2 38 7 15
38 4 28 23
35 32 43 43
48 5 27 17
4 7 24 36
28 14 29 21
4 6 42 2
27 10 38 39
22 39 5 21
26 3 31 8
12 10 26 40
33 1 36 20
4 5 18 37
5 11 42 47
10 35 21 38
2 41 30 26
8 22 36 13
1 5 15 3
7 7 11 6
36 4 22 11
31 26 18 39
3 14 22 37
0 7 13 28
17 1 45 19
13 48 27 27
9 16 40 29
36 34 42 46
2 8 41 45
10 29 42 24
0 9 33 46
10 37 21 40
0 10 37 23
1 7 43 2
1 45 24 47
4 30 21 36
5 27 18 36
9 14 32 42
23 37 24 43
9 16 32 18
23 13 20 41
15 3 37 12
4 44 19 33
9 42 22 44
2 8 24 33
22 38 39 27
8 11 38 37
2 10 38 28
5 9 16 37
11 11 34 31
6 24 28 26
8 8 20 42
6 17 25 12
38 20 26 37
3 5 15 39
4 10 20 16
1 16 38 38
8 10 38 37
16 15 24 38
2 11 27 34
2 6 26 13
47 4 39 28
15 39 27 17
8 41 33 18
8 20 9 10
0 5 27 48
3 6 43 41
0 5 40 46
15 30 32 44
5 13 16 41
41 10 20 29
43 8 37 10
13 23 32 3
2 18 15 10
5 20 7 46
3 7 46 21
1 7 31 33
5 10 48 46
3 10 3 20
1 10 17 6
8 16 23 23
38 8 40 21
22 17 27 42
24 17 41 22
9 23 17 39
19 11 31 15
23 4 8 36
2 39 34 1
13 21 6 45
47 14 16 33
6 49 28 13
21 22 36 3
8 42 36 9
7 20 42 49
1 10 28 46
11 5 10 30
14 49 47 21
49 26 20 38
2 9 30 33
9 37 42 36
34 41 2 12
2 24 24 27
9 12 18 45
46 19 10 38
46 8 24 43
39 6 22 43
4 6 29 23
7 31 24 25
35 38 34 4
35 24 38 14
17 10 39 10
10 24 19 27
24 14 16 28
6 20 16 41
18 13 12 39
