50 523 13429 800
21 19 34 3
26 37 39 23
35 10 37 22
25 26 32 36
16 2 31 21
8 15 33 7
30 6 5 14
38 6 42 36
3 26 2 11
40 21 41 7
27 29 33 23
27 10 36 6
40 20 9 14
25 36 15 27
30 25 32 31
29 0 24 37
38 27 37 32
38 1 18 14
16 24 41 10
42 6 42 36
36 8 46 33
13 11 47 21
16 1 10 37
7 6 26 42
36 35 25 14
11 5 11 25
40 3 15 27
39 5 20 31
41 6 44 1
10 1 26 5
35 13 13 26
21 39 2 16
25 21 30 16
2 17 45 15
29 24 20 13
42 24 25 0
41 9 11 4
15 34 6 14
12 0 34 12
6 10 48 15
20 35 36 30
13 16 11 24
7 10 25 6
35 28 9 12
25 14 46 6
13 34 16 43
23 33 28 5
34 32 32 29
40 20 33 48
9 10 16 11
33 25 22 5
13 26 44 0
4 9 37 9
47 0 38 29
41 23 25 4
39 21 5 12
30 5 32 28
49 43 39 3
14 26 17 18
0 0 23 9
5 33 45 2
34 7 24 37
42 10 33 30
29 1 22 14
8 13 41 4
13 33 27 13
36 14 8 26
34 27 1 12
31 0 34 28
30 0 10 16
7 15 20 2
34 1 3 9
48 17 15 8
11 17 35 24
37 27 9 9
26 9 22 2
37 3 49 40
39 17 1 13
29 6 6 12
44 3 38 14
23 22 48 37
26 43 32 34
30 26 4 24
8 35 19 4
45 31 44 22
17 17 30 5
34 11 34 16
42 7 24 2
9 3 29 23
6 13 37 34
20 7 5 11
1 29 38 30
23 9 41 3
6 9 34 16
44 7 40 3
39 6 35 48
18 1 38 8
39 18 17 12
13 7 6 13
36 14 5 4
29 21 15 12
15 5 8 11
46 11 35 31
0 15 20 41
10 9 30 13
25 7 25 1
17 20 21 13
13 6 27 39
25 3 48 0
17 30 36 33
6 1 31 19
21 16 24 7
28 5 23 5
25 22 7 16
25 6 40 28
10 8 48 7
27 20 26 43
40 11 19 12
38 30 7 24
15 10 13 24
30 9 35 33
23 36 19 11
21 3 47 26
26 20 18 13
24 27 23 21
20 7 14 39
29 31 7 9
37 8 39 24
13 8 47 4
41 37 22 6
22 19 39 5
44 25 2 7
24 8 37 32
26 4 9 34
49 21 27 14
43 5 26 18
44 5 42 37
23 23 17 18
4 11 38 7
8 10 20 12
6 11 1 12
8 9 25 3
19 36 5 15
33 24 27 25
22 34 20 10
31 9 48 44
38 23 41 1
45 8 20 25
9 8 41 33
24 6 6 33
24 35 32 2
41 24 17 8
14 25 17 0
33 25 15 11
41 39 41 11
20 23 29 20
38 8 22 9
41 28 39 0
30 13 21 42
31 23 20 34
45 4 31 11
23 0 27 1
11 24 20 4
6 9 41 34
40 18 6 1
28 9 10 2
22 1 14 14
26 36 37 12
42 21 13 44
41 20 37 43
11 5 36 31
34 13 9 7
40 2 13 8
24 5 18 34
39 12 33 19
28 41 10 11
28 41 4 3
8 8 29 32
39 28 25 9
24 26 6 7
19 4 28 22
26 22 7 14
19 1 5 22
46 9 4 15
20 36 49 32
39 14 11 5
25 15 43 1
48 3 44 5
36 0 24 14
5 11 14 34
45 12 21 13
7 11 5 29
20 34 4 14
19 23 20 19
19 37 36 0
36 22 25 7
31 27 41 4
39 16 16 41
41 8 25 40
26 4 44 5
25 18 20 29
42 11 27 28
47 8 22 6
18 12 38 29
11 4 19 11
31 43 32 4
21 19 47 35
25 30 2 9
34 22 45 28
22 35 2 30
34 5 23 45
27 30 48 42
19 34 2 11
7 14 47 2
25 22 36 23
31 10 40 26
32 1 23 36
34 16 27 11
38 28 20 8
12 10 4 12
10 7 23 35
35 29 41 29
36 16 19 44
27 26 46 15
45 5 33 25
30 20 32 34
18 7 10 11
14 35 27 23
34 18 22 34
27 11 24 33
22 20 19 27
34 26 6 39
37 14 43 9
14 12 42 0
38 21 23 1
23 33 30 31
28 24 45 30
27 11 5 12
17 8 20 11
23 14 31 28
43 24 33 10
23 28 18 29
13 4 23 8
36 18 42 6
30 6 20 16
31 34 24 6
10 12 25 2
8 7 27 21
26 18 33 11
35 16 37 29
20 28 3 14
22 12 6 14
23 21 49 16
34 12 34 39
29 3 44 33
10 9 46 34
17 2 30 12
31 12 24 21
34 13 23 21
31 11 22 12
12 8 41 32
12 29 34 25
32 27 47 38
7 10 30 24
24 17 25 25
18 8 40 0
42 9 27 19
9 6 2 13
39 1 23 5
26 1 37 21
30 13 1 17
9 9 30 12
29 27 23 48
30 39 4 11
33 19 31 26
3 13 34 3
24 24 43 8
18 3 44 4
32 22 30 36
38 7 14 48
17 20 9 11
7 3 35 37
34 1 43 9
10 6 34 15
22 11 36 34
15 18 28 0
7 11 27 6
35 22 38 36
14 6 28 7
31 1 26 3
37 18 8 32
23 35 32 14
12 0 29 24
25 4 40 15
28 23 37 7
37 2 15 8
33 20 13 41
23 30 27 7
6 6 40 26
37 35 34 8
32 20 30 0
28 31 41 28
24 32 9 31
25 6 34 47
23 35 34 15
34 20 38 27
47 6 25 34
37 35 33 37
44 1 46 29
36 17 7 30
14 8 11 4
20 0 14 35
47 26 4 13
8 9 37 27
11 13 46 10
42 35 23 0
3 5 34 2
41 37 40 5
44 16 22 5
27 16 41 29
40 17 29 27
27 6 26 39
16 14 31 24
22 8 27 22
31 23 24 14
19 35 27 26
36 6 11 16
45 1 37 8
32 31 2 21
32 22 19 15
21 24 2 11
32 4 41 9
8 13 21 9
7 14 28 10
37 1 26 32
7 1 11 14
15 5 20 31
13 1 42 6
9 1 5 35
10 11 37 19
40 30 25 22
30 11 6 17
16 4 24 15
43 20 19 4
13 4 7 10
32 20 31 6
21 3 43 33
33 10 10 43
32 13 24 6
34 1 33 31
27 6 44 7
12 3 36 35
35 22 38 40
19 25 33 30
14 10 41 8
9 2 36 16
28 8 43 9
16 8 35 19
36 4 4 13
7 36 14 28
38 39 30 31
44 16 21 30
22 9 19 25
34 2 1 10
24 1 47 13
25 29 3 11
10 3 27 9
18 7 12 24
24 36 37 1
25 4 8 3
45 12 4 10
41 22 40 48
28 20 29 3
27 22 10 12
24 33 35 31
24 16 25 5
40 11 21 15
32 26 35 32
39 23 22 9
14 9 38 10
30 2 47 4
8 12 41 32
26 16 32 25
33 28 47 15
38 2 21 25
49 7 10 14
32 12 44 14
30 22 32 26
35 30 45 36
30 26 23 39
21 27 20 7
46 22 24 9
20 34 4 9
8 9 23 6
8 14 38 6
18 25 40 28
34 37 23 0
33 28 13 30
34 16 37 4
24 1 48 9
10 12 36 4
32 2 42 26
37 2 27 3
13 21 41 29
29 18 34 35
28 25 15 11
43 15 42 34
32 3 31 15
9 4 32 30
29 3 37 4
6 25 17 7
32 15 39 8
4 5 17 17
44 12 24 9
37 29 49 32
25 3 29 46
18 30 31 0
13 6 20 12
18 16 25 20
27 22 2 12
2 35 2 1
33 28 16 20
26 12 33 26
19 30 38 2
39 12 22 18
36 12 9 12
40 26 28 34
36 6 22 31
31 23 37 14
16 14 31 7
13 8 26 11
16 36 12 45
8 16 38 4
25 29 11 14
39 23 27 20
6 5 29 5
32 25 31 17
47 7 34 7
27 11 33 0
41 11 32 17
11 20 30 3
35 3 1 14
9 14 10 28
5 7 21 26
9 10 35 22
49 42 19 13
12 15 32 1
37 13 31 27
27 31 44 31
39 15 45 18
33 5 43 27
24 2 36 34
44 3 32 13
25 15 46 30
30 5 6 12
8 27 24 5
15 12 5 12
43 3 1 15
32 24 29 1
31 22 5 12
19 3 22 44
2 35 24 38
14 5 23 13
34 7 33 27
8 9 0 4
36 30 22 10
18 29 10 11
42 36 22 17
29 11 20 3
33 32 4 13
38 13 33 11
35 22 44 7
17 4 48 32
11 32 7 14
11 3 12 35
45 10 33 29
19 26 1 10
5 9 33 11
22 23 2 22
1 7 34 25
25 23 24 10
15 2 33 19
23 39 6 10
35 15 31 6
7 12 40 3
30 6 48 28
43 17 7 25
10 14 27 43
17 11 43 34
19 38 36 25
33 16 28 19
41 14 28 36
30 6 4 19
44 10 24 10
38 18 20 7
31 29 38 4
37 6 22 26
12 28 20 16
35 7 48 31
43 5 38 26
28 18 36 31
42 15 37 21
30 8 0 9
24 26 20 30
25 3 46 37
27 32 18 9
5 7 44 27
32 20 42 2
8 10 8 31
36 25 4 14
23 30 2 11
25 4 37 30
46 27 16 38
36 18 24 28
12 2 48 31
14 48 17 15
25 39 32 7
33 10 7 30
17 6 25 8
14 9 24 8
25 18 32 30
10 12 35 1
31 1 39 25
