50 579 16104 800
28 35 10 32
34 30 23 18
28 4 45 9
26 15 43 10
40 42 6 2
0 24 38 10
7 46 15 29
42 39 35 28
42 38 18 36
21 8 42 13
20 7 27 1
11 32 39 17
38 37 1 42
7 36 24 16
10 37 11 22
26 35 29 6
11 42 41 12
29 4 37 21
17 19 2 12
30 23 41 14
3 46 41 11
27 15 13 7
11 41 46 23
4 39 19 43
41 41 8 40
19 8 27 7
18 6 25 40
15 23 44 11
25 31 19 17
10 48 2 46
5 31 14 20
42 33 23 32
34 35 9 48
37 34 16 18
9 40 42 17
37 37 34 27
12 13 35 19
0 29 39 34
3 30 49 15
23 10 39 3
1 41 28 35
23 37 39 17
0 43 25 6
13 39 27 4
11 26 25 47
47 46 39 47
40 13 13 42
4 42 31 7
0 43 26 16
12 46 9 11
23 10 9 30
34 47 10 36
11 43 26 13
23 0 3 38
20 3 8 4
8 43 48 21
47 41 13 17
11 46 15 32
2 42 15 3
20 49 18 42
6 45 48 13
35 16 3 3
34 36 21 5
3 48 0 10
36 27 8 43
45 38 40 8
39 31 17 15
23 6 4 35
3 20 17 12
16 13 23 2
25 8 46 17
34 30 13 30
13 43 45 31
7 45 36 36
11 23 24 4
7 47 43 29
15 42 41 19
39 31 26 32
1 35 8 31
4 43 3 15
25 0 29 8
1 44 38 9
22 25 36 16
17 16 36 5
47 38 35 10
17 20 40 26
3 43 36 23
38 32 45 9
7 45 47 24
18 19 13 16
12 40 22 2
21 7 21 46
24 17 43 3
0 30 23 19
7 42 23 3
36 26 45 27
27 5 5 42
5 46 38 3
15 48 26 28
47 33 14 14
5 46 41 12
47 40 36 28
26 26 31 4
13 45 8 13
45 29 37 15
38 38 30 5
43 23 13 31
7 12 21 31
43 32 27 0
38 33 6 4
25 8 14 14
7 45 14 33
36 32 42 16
25 7 13 33
33 32 1 25
40 44 37 0
5 43 33 24
25 3 1 47
19 41 16 24
14 22 48 14
16 23 21 13
9 30 21 23
19 8 9 3
34 49 27 15
31 36 25 15
28 3 16 14
7 47 46 3
33 41 39 34
10 42 14 11
16 29 34 14
29 23 44 15
19 15 11 47
25 45 10 29
3 48 7 36
1 45 41 16
3 22 40 21
37 19 9 29
19 32 36 24
17 48 2 13
16 4 26 35
39 40 32 6
40 26 16 17
18 5 13 8
17 28 47 25
7 47 38 21
10 38 18 38
1 41 44 18
10 44 4 5
7 44 10 28
4 47 12 16
14 44 44 12
31 8 37 18
35 39 42 28
5 27 14 12
47 33 48 11
6 40 45 22
32 38 15 0
45 15 0 48
27 4 25 22
38 23 18 12
35 38 44 23
10 48 38 29
22 2 39 14
26 1 29 14
5 43 27 32
16 47 18 19
22 25 31 39
25 12 12 18
10 9 10 30
32 37 44 33
39 42 33 30
28 41 25 10
39 4 42 11
16 17 27 1
36 38 25 9
4 38 30 18
23 44 18 16
25 48 13 22
18 24 41 43
22 8 41 25
20 39 15 22
32 28 46 36
13 44 27 1
1 43 4 29
3 41 32 6
1 26 46 34
23 9 6 8
43 25 10 7
22 2 28 11
21 38 0 47
28 11 21 10
29 0 33 16
40 30 21 1
21 7 17 48
21 10 42 13
46 32 12 46
0 27 1 33
41 33 15 29
30 29 30 10
25 24 40 14
19 4 25 19
26 24 30 5
45 25 42 21
40 37 11 6
4 43 7 33
2 37 37 15
24 6 16 8
16 47 22 19
25 3 10 32
11 6 18 12
46 26 11 18
23 4 42 19
17 49 11 44
10 44 23 6
24 21 15 15
22 8 8 24
2 48 46 16
22 4 18 46
7 46 1 48
21 25 6 9
45 32 19 13
39 33 37 5
28 34 43 14
28 33 36 13
40 12 25 47
2 41 1 48
48 42 9 46
7 47 42 30
41 15 49 34
15 43 8 16
46 40 3 46
13 39 17 2
40 40 39 21
31 43 11 9
21 31 37 5
4 44 11 26
39 29 17 11
8 43 32 20
8 31 23 6
38 21 16 15
43 28 13 0
25 29 42 30
36 10 13 13
47 32 44 1
17 25 9 32
8 45 43 17
22 22 4 49
36 34 5 3
39 31 21 15
9 47 23 5
28 27 3 44
43 40 13 26
10 44 12 12
23 3 23 19
5 47 36 6
23 0 31 20
8 47 12 28
21 38 14 17
1 47 39 26
20 23 20 18
18 17 15 10
14 43 15 24
23 6 17 47
14 33 15 44
6 41 12 33
25 37 25 24
7 39 40 16
39 24 25 18
13 33 37 18
11 35 48 41
0 48 15 16
5 43 12 48
10 46 11 3
23 49 16 15
6 45 34 20
30 23 6 40
39 34 10 18
9 42 18 12
26 11 12 13
20 17 44 33
7 33 27 8
13 44 48 10
43 48 2 40
10 44 41 21
34 33 14 14
1 44 42 22
40 38 46 13
45 42 7 41
9 46 30 26
45 43 10 32
8 48 39 12
14 37 27 0
47 32 3 33
39 38 39 17
9 43 35 15
33 43 8 33
4 42 30 27
23 3 11 27
24 10 39 14
22 3 12 31
21 4 37 17
41 31 44 16
18 40 11 33
4 41 13 31
25 2 14 46
47 35 15 31
28 7 39 9
14 3 20 18
37 35 9 2
9 49 20 8
41 37 10 30
12 43 42 14
15 18 41 24
38 46 16 18
9 45 37 26
9 40 14 5
9 46 7 34
18 36 13 9
23 4 30 13
6 31 17 7
4 42 42 26
48 22 5 31
4 41 9 40
37 39 42 18
31 34 26 11
22 7 13 13
4 49 40 7
1 31 10 36
25 0 33 4
40 38 11 30
8 30 43 17
26 22 16 15
19 12 8 20
18 39 7 13
20 24 3 40
26 35 42 31
33 37 12 28
28 2 43 12
23 2 12 3
21 4 45 12
9 39 15 42
34 33 7 10
2 39 39 2
19 37 42 31
32 27 39 20
0 42 8 30
20 5 10 10
10 43 7 11
41 27 9 16
41 27 45 12
24 43 16 5
2 49 13 2
7 45 13 4
20 31 15 11
11 19 15 20
9 48 21 46
14 47 42 16
20 7 13 4
21 6 47 21
7 43 43 12
9 24 7 45
18 4 36 22
35 11 41 29
13 22 46 19
10 43 18 12
20 19 13 31
18 12 44 23
3 43 17 18
41 26 22 33
38 16 9 43
25 12 43 40
39 26 39 17
4 46 6 7
20 5 14 22
3 27 29 21
28 39 3 12
33 44 44 13
12 17 41 8
23 5 8 12
28 11 35 18
21 6 13 32
5 37 12 18
34 42 23 23
36 34 29 47
16 31 21 41
39 31 11 16
20 28 49 27
41 33 7 35
0 42 23 12
4 29 3 44
6 20 42 21
31 34 42 36
41 32 8 15
35 35 27 3
29 31 16 24
12 22 15 16
7 49 10 6
7 19 36 14
2 48 13 9
15 31 23 6
47 12 47 6
33 41 17 15
24 11 25 6
20 6 10 19
20 28 27 4
44 38 17 17
24 7 2 44
37 23 11 33
4 43 18 6
39 15 13 12
5 48 34 24
37 41 44 39
8 48 28 5
27 12 16 21
1 47 1 8
4 38 41 17
27 5 36 16
32 42 23 13
19 2 45 23
29 38 21 16
16 8 1 28
20 19 18 16
40 33 13 21
3 14 48 18
31 43 9 4
7 13 22 47
30 4 48 5
6 4 13 29
1 45 8 36
39 38 17 47
26 38 7 2
38 32 44 13
34 28 38 0
38 37 8 31
11 46 39 30
43 33 38 15
31 41 5 48
23 8 48 20
36 34 11 21
8 42 22 28
22 1 42 8
8 44 8 15
22 5 7 28
4 45 29 9
39 35 21 45
38 16 16 3
24 6 11 14
6 31 28 10
20 25 16 14
16 7 10 32
23 31 19 11
37 29 45 9
4 46 20 2
15 42 11 23
32 26 16 14
7 45 19 0
4 18 15 29
4 44 10 12
16 20 6 29
20 36 10 29
41 28 14 5
21 7 47 5
6 31 11 24
15 35 14 11
25 6 16 40
4 44 9 28
11 43 18 14
35 31 18 20
27 10 11 31
9 45 38 16
38 28 48 3
40 28 22 31
4 47 46 9
2 48 20 25
42 39 23 9
22 41 6 38
46 44 43 10
26 10 24 0
44 26 44 12
4 29 22 4
42 31 18 13
7 46 12 20
36 38 42 26
16 9 11 49
24 7 36 13
28 26 14 15
3 38 38 28
4 33 27 42
21 4 11 11
36 33 2 25
13 29 9 22
5 25 9 16
19 42 6 3
6 40 26 12
30 45 48 15
4 44 10 47
19 14 42 14
16 12 2 6
26 4 43 29
38 29 16 13
22 4 12 16
30 33 12 11
23 10 9 16
25 8 42 24
11 30 37 22
9 45 38 27
30 47 14 19
6 47 39 6
47 40 13 10
6 48 20 17
22 3 24 0
10 47 38 6
24 41 27 25
20 41 27 14
7 48 11 17
9 45 8 39
23 1 9 21
8 47 2 44
6 45 15 4
9 42 46 21
48 2 36 16
22 4 43 12
26 6 26 21
42 38 16 0
10 45 9 49
9 44 22 14
21 5 36 19
22 12 43 30
39 27 26 6
41 33 24 19
29 30 6 21
25 25 31 6
2 38 12 33
6 44 11 32
7 33 12 6
40 27 43 15
37 36 35 1
9 42 10 3
21 26 0 43
23 8 10 2
11 42 19 26
12 10 39 11
19 31 33 11
17 38 26 3
26 45 36 5
9 41 45 20
14 49 18 12
6 12 26 13
6 23 37 7
7 38 21 1
6 48 39 8
9 35 31 38
26 4 25 0
7 49 26 19
21 6 45 5
48 29 12 17
41 45 33 20
8 42 16 11
44 29 10 26
7 42 13 29
3 40 22 6
5 45 12 17
21 20 13 32
38 34 26 27
13 39 28 19
11 48 16 17
3 37 28 23
28 6 40 36
33 46 11 30
39 23 24 22
23 7 10 33
12 24 11 47
22 6 14 16
21 19 3 4
34 35 30 4
1 24 9 32
24 6 10 3
10 47 4 44
19 33 17 46
