50 71 18792 800
5 20 29 38
44 11 12 5
13 42 8 5
29 36 9 28
4 37 39 26
15 38 23 30
10 28 30 40
22 13 11 20
20 30 0 31
7 32 7 18
41 14 24 48
4 24 2 41
31 1 21 11
37 13 0 20
25 12 41 8
12 43 6 38
8 41 21 44
45 6 21 40
25 29 13 47
5 31 4 26
38 7 23 22
22 11 1 28
33 5 2 23
33 36 41 29
8 43 1 37
34 37 2 33
31 1 18 32
15 37 1 31
18 38 19 19
15 30 9 47
30 21 16 41
32 40 1 32
14 6 13 39
36 16 26 39
30 37 8 19
36 36 1 33
28 11 4 29
31 37 2 23
2 35 20 33
6 36 3 32
9 25 9 1
2 44 4 29
9 38 18 30
9 38 7 31
27 28 13 23
11 40 7 5
25 40 11 20
15 41 7 48
30 11 2 28
32 37 22 31
27 46 9 48
1 28 6 7
30 43 5 49
27 29 38 40
45 7 3 30
23 35 0 26
11 27 0 33
16 24 12 8
20 34 0 26
39 7 0 29
9 37 37 30
15 36 19 43
33 9 4 35
41 10 18 30
34 13 1 33
38 1 4 37
8 35 3 22
9 48 3 23
48 17 2 35
30 35 13 34
32 34 4 46
