50 85 15141 800
39 9 18 45
49 42 16 4
18 12 20 21
27 21 16 13
43 40 11 4
19 28 24 11
26 27 47 18
24 27 4 33
20 28 39 10
19 29 37 16
20 30 19 0
48 38 17 48
37 7 20 47
21 27 18 46
40 40 8 13
40 39 32 28
46 36 18 16
42 41 48 13
37 32 12 9
12 24 23 45
38 37 27 9
23 36 16 48
18 33 18 22
21 29 2 25
39 20 45 11
23 27 8 13
14 1 22 48
44 32 32 21
1 24 20 25
36 22 1 30
23 27 46 21
20 22 46 16
34 36 15 47
11 23 42 2
41 45 8 2
11 11 48 13
40 40 13 26
32 16 2 43
39 38 46 16
16 29 12 11
16 26 18 48
23 29 28 8
21 29 20 48
11 28 18 46
18 26 40 13
23 26 17 48
43 44 19 44
30 29 2 45
13 28 18 47
40 41 18 44
14 28 42 22
23 27 40 15
21 27 15 46
24 22 44 16
43 25 3 36
45 44 38 23
15 25 14 6
30 26 38 11
25 22 33 22
15 23 9 24
17 5 13 13
20 40 41 12
15 25 18 47
20 33 14 44
40 45 33 5
18 25 8 3
28 17 6 28
17 28 42 10
45 43 37 12
21 29 16 48
22 42 14 28
18 29 21 49
21 26 3 25
19 26 6 13
19 11 36 23
18 30 1 29
19 22 6 17
22 32 18 44
18 30 18 49
18 15 40 17
23 26 17 49
30 26 9 23
20 24 17 48
19 21 24 0
43 34 17 44
