50 239 15927 800
39 11 4 48
21 47 4 44
34 11 10 48
40 8 2 46
30 9 39 29
8 17 38 25
4 27 2 7
37 45 1 0
27 25 18 14
43 43 7 21
29 13 40 34
22 0 4 46
10 13 7 9
28 11 4 12
41 42 5 8
42 10 2 12
36 40 5 49
27 33 12 5
34 18 19 15
36 15 23 5
23 31 20 0
17 34 22 8
26 44 21 2
27 17 36 34
46 3 26 9
37 39 37 10
34 21 20 47
37 11 41 37
26 45 32 14
44 12 41 31
31 20 27 13
21 17 19 49
33 41 2 9
32 48 24 9
25 32 19 7
35 43 26 12
27 21 37 44
41 20 0 24
31 36 26 10
2 20 23 44
36 45 10 5
35 46 23 12
22 36 40 48
17 15 2 49
35 45 2 43
35 45 2 48
32 12 22 27
37 15 4 10
8 24 38 33
35 19 3 44
22 8 6 46
33 47 9 3
43 2 43 32
24 6 40 27
10 16 6 45
34 6 1 48
12 21 8 7
27 22 23 5
21 27 40 22
29 28 21 11
20 29 17 4
37 29 41 26
36 32 39 29
39 17 13 3
34 19 1 48
14 27 33 43
32 5 31 15
16 11 24 7
29 28 14 3
17 33 3 48
39 15 7 48
37 37 11 8
11 22 39 31
16 45 38 32
27 38 7 1
46 34 21 2
22 26 23 3
37 43 36 27
32 45 4 49
27 0 16 2
40 12 29 14
32 10 13 4
36 44 21 4
25 2 47 10
34 12 1 4
33 11 37 31
29 24 15 30
42 6 24 11
35 44 19 4
35 45 44 28
32 7 36 27
7 15 36 43
25 19 10 1
24 47 37 29
35 15 28 11
43 16 37 30
35 43 1 45
42 23 0 45
30 28 40 32
27 13 23 12
33 33 30 13
18 19 6 1
36 15 16 7
30 18 37 33
45 24 18 10
8 16 25 8
49 39 16 35
20 20 5 15
29 47 2 0
30 38 0 14
43 5 42 42
32 36 35 34
45 41 37 30
31 17 21 6
13 16 29 22
39 7 32 46
30 10 40 14
8 25 12 34
20 15 21 11
42 10 23 29
21 44 16 8
34 17 39 33
19 22 39 25
47 10 2 8
44 34 35 30
30 42 38 31
29 35 39 35
35 3 9 3
14 28 10 21
35 43 20 1
18 37 21 11
27 5 13 8
13 44 43 30
46 12 22 9
32 7 39 32
35 49 42 39
46 6 40 28
32 18 6 11
37 12 2 49
20 24 12 6
29 35 36 31
41 49 29 13
31 8 24 5
33 43 19 42
39 12 9 9
32 15 20 0
5 20 2 48
36 36 12 34
29 43 5 47
32 46 37 35
37 45 44 34
34 16 39 32
27 15 11 10
16 26 18 4
36 45 17 7
30 42 15 40
18 45 10 9
30 28 16 6
30 34 9 10
8 44 1 48
34 46 17 2
37 7 42 30
21 16 38 32
36 4 36 32
37 43 4 21
47 8 30 2
29 14 12 11
24 2 17 42
37 5 39 35
25 32 10 17
30 29 38 28
34 48 6 8
39 4 0 8
44 5 29 3
33 23 21 14
46 15 20 2
27 22 39 31
40 0 18 2
15 10 5 5
26 38 4 18
33 11 40 30
36 34 37 29
26 45 5 40
27 47 1 6
38 7 10 12
31 6 20 48
27 16 33 32
31 41 37 26
15 25 24 2
10 28 30 5
34 12 36 35
31 8 4 45
29 18 1 44
25 0 35 30
34 43 41 31
28 49 23 4
12 26 6 3
18 11 41 31
32 15 3 49
34 36 19 0
34 46 40 27
36 41 2 46
36 17 28 34
27 21 38 37
30 3 36 34
33 14 19 12
7 35 8 48
29 37 19 4
41 13 39 34
20 10 9 2
29 34 39 33
33 23 26 0
25 16 26 2
13 13 16 2
19 49 8 46
36 42 48 47
8 19 7 28
37 41 42 34
18 29 18 42
31 45 5 4
37 15 14 8
42 31 19 3
34 16 36 33
47 11 36 30
24 24 17 8
15 16 42 45
40 29 4 49
37 35 2 18
49 12 40 30
35 44 0 16
34 43 42 32
22 10 6 49
33 34 19 13
37 14 16 3
31 12 35 16
34 40 41 32
32 10 31 42
29 20 38 27
49 40 7 3
