50 71 17341 800
38 11 36 41
25 4 21 49
23 24 41 10
3 13 43 46
26 13 10 14
13 12 41 10
37 27 5 14
21 33 0 10
21 6 45 5
7 3 3 16
34 12 20 6
20 22 26 43
30 34 43 47
31 45 45 4
36 19 0 14
23 10 43 39
30 28 1 14
17 24 45 48
22 1 47 42
43 25 40 3
24 33 40 9
27 7 49 47
28 16 6 19
5 15 47 45
34 41 36 37
35 24 1 16
27 15 2 21
37 30 43 8
49 9 47 45
15 35 49 1
34 48 39 5
7 7 15 15
37 7 1 16
48 28 36 11
33 41 34 48
30 18 39 47
38 28 31 31
27 14 37 42
36 25 5 13
17 24 40 4
31 15 30 44
29 41 46 39
47 9 28 42
36 31 4 15
15 9 0 14
26 28 7 17
21 5 34 41
48 2 2 11
16 2 38 49
21 23 4 15
30 26 2 12
14 1 35 46
34 12 43 42
20 4 48 41
42 4 31 34
29 29 1 2
26 4 26 19
18 4 3 18
22 37 41 28
20 26 1 3
26 35 1 17
22 9 45 4
31 23 38 6
16 10 46 45
12 7 40 8
23 8 40 3
22 13 36 40
20 10 6 2
36 26 1 5
25 11 14 31
24 18 36 26
