50 877 17385 800
35 18 15 21
0 22 11 40
47 49 22 35
34 24 8 11
24 11 20 39
43 24 18 20
6 34 20 17
22 35 13 19
45 32 12 24
7 28 26 42
17 11 19 26
47 47 37 38
39 39 6 27
47 20 14 32
6 16 34 34
22 42 5 39
21 34 24 40
19 31 14 39
42 33 27 36
36 44 32 34
35 18 10 17
37 12 18 37
34 19 13 36
37 44 38 49
40 22 26 46
2 12 32 36
46 45 17 45
44 35 23 31
3 25 15 23
10 14 20 33
46 32 28 38
14 40 21 37
19 16 18 34
40 21 21 38
7 38 22 24
31 39 23 41
41 32 40 42
27 49 2 39
36 23 34 30
12 14 21 40
40 23 17 7
48 46 18 37
34 27 19 21
28 18 22 39
16 15 0 47
16 47 33 40
20 36 24 38
18 45 4 48
41 18 20 18
12 33 19 32
49 30 22 39
36 46 1 38
49 47 34 32
46 21 22 36
37 43 7 43
18 29 20 38
24 11 20 38
20 0 9 15
43 28 4 25
6 23 31 44
45 25 11 16
33 18 39 27
21 10 20 38
16 44 23 41
20 11 23 26
9 24 19 22
22 16 11 17
4 34 14 24
9 45 3 18
5 31 16 38
31 21 15 43
49 19 26 39
24 13 14 25
14 18 25 38
20 14 19 38
24 12 34 30
15 19 22 37
12 47 17 35
21 45 24 37
36 30 25 34
46 27 7 38
20 41 16 20
31 6 22 25
35 28 22 36
44 34 21 38
43 10 9 36
40 27 22 40
11 30 9 47
47 43 14 19
16 23 30 22
35 44 22 37
29 19 2 45
44 33 20 42
20 37 19 18
25 44 22 37
38 14 23 38
13 43 25 36
19 48 13 32
35 44 14 21
47 31 13 34
19 15 0 28
33 13 10 26
19 16 21 36
46 31 0 17
35 33 10 38
20 25 10 24
48 38 15 34
23 10 21 37
24 24 42 34
42 5 14 11
49 36 20 23
47 39 13 45
17 41 10 9
17 41 29 33
7 38 21 21
19 47 16 40
36 25 12 27
4 17 17 36
44 22 22 18
44 30 7 46
23 39 32 36
6 20 28 33
24 32 19 25
10 26 23 18
43 28 21 38
7 20 18 28
36 13 25 38
33 29 23 37
18 11 19 35
28 17 10 25
24 28 36 39
43 34 7 19
44 15 12 38
46 34 2 48
12 41 16 10
38 16 23 40
13 43 21 34
14 30 5 22
5 18 14 31
16 11 5 27
19 43 29 42
43 33 9 26
39 17 26 35
18 10 1 45
27 21 39 30
17 23 7 24
37 21 18 40
6 27 15 19
26 5 13 18
5 25 22 35
19 46 15 19
36 45 18 38
26 12 20 39
18 28 15 21
24 29 19 38
26 20 18 37
23 23 15 31
28 16 20 33
42 25 22 36
37 25 21 18
21 40 26 46
25 13 23 36
30 45 14 25
47 37 3 28
43 23 14 18
27 23 11 44
24 7 5 13
25 9 16 24
15 23 13 18
18 36 15 20
33 21 15 31
40 33 7 20
45 17 12 46
35 16 19 23
2 22 20 33
45 44 9 47
2 20 15 34
21 21 23 25
12 23 2 38
23 16 22 29
5 22 12 26
39 37 20 38
20 42 24 23
3 25 23 40
38 16 13 48
44 16 14 20
42 5 7 8
27 25 6 28
43 44 20 36
38 35 15 36
31 21 28 19
10 43 26 34
18 45 20 37
12 39 11 48
27 36 33 45
13 14 31 19
14 39 49 11
5 18 16 15
14 12 46 36
29 34 19 28
44 25 20 18
49 23 19 22
10 5 9 36
24 13 18 36
12 40 22 37
38 49 23 18
35 23 8 45
43 43 18 15
35 26 25 47
19 46 19 34
13 41 6 41
7 17 11 37
24 22 22 15
17 38 22 21
9 22 19 13
11 38 13 6
29 14 1 37
40 25 16 39
49 14 7 18
36 21 16 26
43 38 24 35
24 49 21 39
43 26 25 36
43 28 22 39
7 21 20 35
19 15 20 38
45 24 16 45
47 15 9 40
40 37 4 38
29 29 22 38
10 25 9 40
31 30 36 44
17 13 23 28
49 36 8 23
6 16 22 39
40 7 19 36
40 27 21 44
3 19 21 37
13 42 6 17
1 11 10 31
39 40 16 23
28 22 15 14
21 29 24 24
20 18 21 35
1 23 21 38
17 41 10 25
20 20 17 45
4 18 21 47
23 21 11 41
34 7 8 40
38 7 18 35
5 30 26 45
45 29 21 28
11 30 17 39
31 20 9 27
11 48 17 35
8 23 18 41
42 22 13 23
43 24 7 44
2 25 13 47
24 14 7 46
28 37 19 13
45 35 5 43
20 29 14 16
26 26 7 16
24 16 24 44
35 11 12 21
25 12 14 12
41 27 5 30
21 18 15 25
49 16 3 46
25 18 18 35
18 44 2 24
2 22 25 23
34 36 20 38
40 33 24 48
10 38 17 16
19 18 37 49
19 36 29 40
5 26 18 20
46 25 21 16
15 37 29 38
0 9 23 16
28 16 37 40
16 47 13 21
34 14 39 47
9 23 18 40
35 20 16 36
33 11 28 33
40 30 9 41
19 37 16 27
48 40 3 45
27 11 13 46
39 25 8 33
8 25 13 18
23 46 19 13
23 14 29 31
37 21 8 42
40 35 22 34
27 48 17 44
39 4 20 44
20 45 23 29
43 38 21 41
48 37 32 30
21 17 18 36
2 23 22 39
48 38 22 39
31 4 23 19
5 24 21 40
36 20 14 34
16 15 10 39
19 47 11 25
2 16 11 31
42 44 20 38
26 14 9 13
16 24 19 21
29 16 26 30
13 8 8 42
33 35 19 39
19 38 14 17
7 24 6 29
10 22 22 37
4 27 1 49
22 42 17 37
40 6 19 34
16 19 5 45
44 42 23 39
42 7 10 18
32 20 4 36
22 25 14 20
20 25 5 21
23 40 18 38
23 24 16 46
13 3 3 46
39 30 21 39
18 45 22 38
41 19 7 39
17 42 20 38
20 47 13 24
42 36 10 32
14 28 14 23
39 34 6 37
33 23 17 22
41 17 21 27
28 3 22 36
9 30 18 25
14 39 16 22
13 27 24 38
45 29 17 23
10 43 17 26
40 31 10 39
38 39 1 21
31 15 28 25
44 36 18 44
34 40 28 22
10 19 11 23
44 26 21 26
39 22 18 27
23 6 4 43
6 20 32 33
41 8 14 14
40 28 11 21
3 31 3 41
19 36 15 26
15 35 14 15
46 44 20 39
17 19 8 43
29 39 16 14
29 23 11 21
27 20 13 22
14 40 19 38
33 13 10 37
45 23 47 30
12 32 36 20
13 39 15 12
6 17 24 28
23 19 9 44
15 39 21 40
40 39 11 16
40 31 18 33
48 37 2 40
23 21 8 28
19 15 21 47
17 37 8 19
31 16 3 24
16 40 16 16
19 42 11 41
3 14 22 35
47 46 18 39
10 35 25 43
14 18 4 39
25 8 18 37
14 26 7 17
26 17 18 40
40 33 11 38
29 10 8 11
21 41 10 25
48 23 16 34
45 29 19 38
48 19 7 26
27 39 11 26
18 17 23 41
27 44 17 33
15 24 15 35
8 21 45 41
36 37 39 42
49 31 14 37
20 35 20 41
34 34 20 41
13 41 19 39
4 32 18 17
31 45 2 35
12 39 9 23
44 17 17 36
16 12 8 15
4 31 37 31
6 22 16 20
14 43 21 37
43 20 20 35
39 39 19 41
34 23 21 32
35 38 11 13
46 26 3 38
33 13 17 43
36 16 20 36
34 17 22 38
26 39 19 40
4 26 12 22
40 31 8 47
36 11 22 37
38 11 19 36
48 49 11 21
26 10 30 41
43 25 8 45
5 25 17 24
9 20 11 37
44 19 18 36
20 31 17 13
28 45 19 38
47 37 13 21
11 33 10 21
3 18 22 32
13 32 10 10
19 21 12 25
12 39 21 26
35 25 22 27
24 15 23 39
34 38 30 20
40 28 23 46
32 23 21 17
21 7 19 41
12 27 10 17
11 18 20 39
9 31 21 36
14 47 17 19
26 4 22 38
8 38 17 37
19 29 15 46
18 46 14 20
41 22 19 36
42 22 18 22
49 8 17 33
38 21 19 9
12 15 38 28
45 13 17 2
40 34 16 42
13 20 21 41
21 38 22 33
22 48 17 16
30 10 20 38
11 28 14 40
25 45 10 28
37 41 23 39
48 21 17 40
17 43 12 31
45 8 8 36
17 16 8 48
47 48 16 23
45 48 20 31
44 26 23 36
28 41 19 39
21 35 41 39
46 43 0 42
47 41 21 38
42 21 18 37
27 6 18 24
16 44 23 35
44 27 32 25
48 32 12 12
20 17 11 13
31 27 6 18
45 46 8 17
24 14 18 31
14 39 19 12
35 22 5 41
20 21 17 35
18 17 35 44
48 37 24 32
8 14 8 32
39 27 22 37
28 15 16 45
40 19 13 27
39 33 24 36
6 30 18 39
37 10 20 36
15 13 23 41
14 12 0 40
31 29 35 11
35 32 25 34
24 49 11 28
14 28 8 17
7 29 24 12
49 7 22 38
4 30 22 36
8 14 16 5
46 33 12 27
15 19 47 27
29 14 24 36
20 19 13 34
44 38 17 35
40 49 3 44
26 45 30 35
36 33 22 38
49 40 19 24
20 25 6 33
17 17 0 35
15 41 13 14
45 46 6 21
27 20 34 43
47 48 7 35
39 16 25 37
3 20 22 41
33 20 27 10
18 37 14 23
42 25 21 33
13 25 21 34
39 29 28 34
0 29 31 28
6 14 21 25
35 32 17 36
41 27 6 29
48 26 25 30
31 20 22 40
2 26 13 15
45 47 21 39
21 40 6 19
19 44 9 23
42 41 14 17
4 21 25 37
30 25 18 20
10 36 26 44
22 40 16 19
48 27 24 35
38 11 32 23
33 29 21 43
47 47 16 16
21 9 31 9
3 29 16 21
13 30 11 45
34 12 14 20
41 26 22 43
17 37 18 42
28 23 21 40
42 33 12 27
37 39 24 40
39 31 18 36
25 21 19 35
24 35 16 15
42 41 10 25
12 39 29 18
40 26 9 19
15 37 17 42
19 15 21 36
47 44 23 36
29 19 20 24
8 41 14 16
47 33 17 41
41 20 22 27
6 27 38 23
41 27 7 42
31 24 40 24
13 17 5 45
4 19 17 25
44 47 17 21
18 31 16 47
35 15 1 24
39 31 1 26
44 49 11 16
36 22 10 18
46 45 24 38
48 44 7 21
27 42 12 35
40 22 22 34
39 24 23 41
3 26 4 38
28 19 24 39
34 47 19 17
27 23 24 32
46 48 22 35
44 39 1 35
16 17 16 33
48 34 10 40
17 19 18 47
13 45 20 35
38 36 18 39
47 26 18 13
36 34 9 30
33 40 20 32
31 6 25 39
41 30 11 49
31 16 32 39
10 47 8 36
36 42 15 30
40 29 16 28
8 7 3 47
37 28 33 25
10 28 21 39
45 26 22 19
18 14 18 41
15 23 17 40
18 45 8 34
11 47 20 39
18 10 3 34
28 26 24 47
13 28 14 14
45 44 5 40
16 34 38 16
34 28 23 39
5 26 22 42
36 14 24 24
19 48 39 40
45 21 18 39
12 48 12 42
25 24 11 21
42 22 36 26
8 19 20 41
38 28 21 35
48 45 19 38
17 15 23 4
35 46 7 15
18 19 24 34
38 33 38 49
8 22 30 16
16 32 20 36
42 16 14 21
31 49 19 29
23 22 34 19
30 40 6 33
12 23 15 49
36 18 14 27
20 37 5 26
12 31 5 21
46 37 29 35
32 19 24 37
4 27 11 24
12 19 20 35
29 15 14 16
41 33 17 36
29 5 28 26
25 20 17 39
18 38 22 36
49 21 22 15
13 37 5 36
44 35 15 48
18 13 24 39
38 28 23 37
22 15 27 4
23 41 7 8
16 35 32 36
40 44 21 39
35 43 9 14
40 43 11 30
23 23 5 38
23 21 17 16
47 41 15 38
35 28 18 35
44 44 19 39
9 29 19 26
43 20 20 33
13 26 20 37
22 33 23 38
21 43 8 35
31 17 2 21
27 23 1 23
13 24 18 19
22 28 24 38
34 10 11 25
30 32 41 39
11 19 16 22
0 38 9 22
43 45 18 45
40 19 20 40
37 16 16 23
37 10 13 25
0 21 17 43
40 28 21 37
48 39 20 38
41 28 18 14
35 19 17 20
16 43 10 16
10 40 20 22
27 21 6 24
37 26 17 34
21 34 13 18
6 20 22 36
24 33 20 36
28 35 16 38
30 26 28 44
29 10 21 36
49 39 25 34
43 26 17 39
46 49 7 27
7 26 16 29
11 22 16 38
15 44 20 38
19 43 14 24
34 8 22 40
39 44 21 38
35 23 24 38
45 48 22 40
14 19 21 37
21 40 18 15
6 43 22 39
6 43 21 37
27 15 10 29
39 26 19 20
35 13 7 32
45 18 16 20
47 43 18 38
7 25 6 42
40 13 7 31
10 31 11 39
35 18 11 39
36 31 7 19
31 16 15 40
12 25 36 21
15 42 10 31
44 25 7 2
41 30 11 18
46 29 18 26
29 9 18 26
18 42 28 22
22 33 28 35
23 22 8 46
5 39 29 38
42 39 16 18
14 33 30 21
49 30 21 37
8 39 11 15
27 12 12 22
5 21 9 23
42 26 26 15
46 28 18 30
12 35 22 44
22 42 19 33
2 29 33 31
13 45 25 40
41 20 10 27
47 31 24 40
42 31 19 39
49 37 31 25
46 21 12 32
11 21 22 38
33 18 17 37
8 15 28 23
33 21 32 48
32 8 15 27
14 16 20 40
37 42 17 37
21 37 14 34
29 24 34 43
44 41 9 15
26 36 27 48
49 26 19 39
19 43 33 27
49 40 25 19
15 46 15 41
0 32 19 42
48 43 20 27
42 27 26 13
25 17 19 37
10 35 14 19
12 36 18 40
26 27 32 33
17 27 6 18
18 33 21 39
19 25 20 39
22 16 21 24
2 25 21 39
16 12 17 18
16 46 13 32
4 39 15 21
44 24 32 30
20 14 10 35
48 15 37 43
3 23 19 39
10 21 21 36
17 38 10 37
32 19 16 25
33 16 35 33
42 11 7 35
18 13 13 41
24 39 19 35
1 28 22 34
41 26 9 22
36 42 11 33
21 37 26 47
31 7 16 42
13 41 9 42
9 24 21 37
3 21 16 12
6 30 19 40
37 19 36 11
33 16 8 34
9 32 23 43
33 19 22 37
38 17 11 16
18 40 18 30
43 32 8 41
42 31 10 10
8 30 20 36
0 21 23 37
21 24 21 40
8 14 31 29
46 35 27 34
23 13 14 21
7 31 20 28
43 32 17 27
42 6 29 15
30 32 20 37
16 35 14 17
18 42 20 38
30 16 14 28
14 26 18 36
8 25 23 30
0 21 14 22
14 9 16 48
24 12 16 24
40 35 14 18
41 0 27 30
14 36 25 33
16 20 10 22
43 21 25 27
22 12 4 14
19 27 11 20
22 30 19 34
42 49 8 42
11 44 21 36
41 29 11 24
28 26 12 29
20 39 3 43
46 40 25 19
49 17 23 39
19 45 20 33
38 21 23 41
46 32 22 38
46 24 15 37
24 5 39 44
36 22 12 21
34 20 4 37
8 22 8 15
26 11 16 15
40 27 17 38
16 25 26 30
37 21 15 45
34 13 18 19
8 47 5 12
13 38 29 47
27 43 21 25
17 12 4 22
27 23 24 43
12 40 37 34
4 21 16 12
35 31 25 37
31 17 23 33
37 20 20 21
37 24 23 30
