50 98 14475 800
13 17 25 8
21 22 12 17
8 15 31 15
23 11 45 47
24 37 43 24
14 14 25 45
18 9 10 41
38 46 15 22
15 29 21 29
6 41 29 10
1 21 42 16
41 36 20 24
18 28 36 35
45 41 16 46
46 38 22 34
2 8 8 22
37 29 24 40
43 30 17 33
10 15 37 33
15 1 32 47
18 16 29 26
5 0 30 18
39 36 12 32
15 12 40 35
45 39 13 20
45 27 41 32
2 10 32 49
2 2 38 36
2 17 32 12
20 5 43 29
46 44 13 13
42 41 41 4
29 18 9 16
4 17 26 27
10 1 9 20
10 22 23 17
6 2 39 0
39 37 48 10
3 6 14 12
9 12 43 2
4 10 30 15
0 5 49 14
30 21 42 7
21 1 3 42
47 27 10 3
14 11 7 26
5 6 31 49
12 39 25 15
30 3 14 34
19 7 22 40
14 21 26 41
40 35 40 5
6 0 21 32
10 29 47 34
21 25 11 24
4 18 15 12
22 9 33 11
24 3 46 32
14 9 40 29
18 9 26 44
42 45 2 20
45 48 30 43
11 23 33 45
4 12 24 27
7 15 34 14
26 9 37 46
36 36 19 26
25 10 36 1
33 12 34 49
10 14 8 1
21 6 28 47
7 14 16 14
8 16 29 45
31 5 33 37
25 28 48 36
19 8 26 19
25 11 41 4
35 35 31 38
30 7 40 37
38 38 43 29
1 5 42 34
26 16 25 28
14 21 0 24
12 8 48 34
42 34 12 12
2 19 27 26
35 24 17 29
11 4 32 48
16 13 13 45
41 22 47 41
40 19 39 42
27 24 48 15
27 21 30 16
2 32 44 31
21 23 47 31
12 40 37 48
12 22 32 41
25 21 15 24
