50 1409 14407 800
16 20 8 31
21 31 35 23
4 21 26 28
18 29 27 21
39 15 25 24
11 26 9 22
33 39 19 16
12 8 18 43
45 14 21 9
26 20 15 42
32 44 17 5
0 12 13 21
15 36 3 19
2 34 7 28
39 11 22 34
34 11 24 26
13 19 24 26
22 1 27 34
7 17 2 40
42 11 12 43
37 48 7 44
0 11 13 17
36 7 38 3
19 41 17 18
18 13 34 49
25 1 8 40
46 17 28 27
9 40 16 26
19 13 23 49
15 19 18 33
11 5 16 44
20 29 23 24
49 6 0 20
39 18 25 43
41 20 41 3
12 27 23 26
15 19 2 30
36 2 10 28
6 33 8 16
43 20 17 30
6 40 29 33
5 38 35 0
11 21 24 48
0 24 6 16
7 32 12 36
21 47 41 35
37 32 24 31
4 19 11 30
13 19 18 22
6 13 30 18
32 20 22 23
18 28 15 22
41 13 28 24
29 25 24 27
17 27 30 25
5 32 31 16
14 48 14 20
2 36 20 32
23 41 24 34
4 32 9 35
44 39 23 36
37 12 14 25
10 38 16 45
43 5 38 5
12 17 37 10
15 21 22 10
6 21 2 11
25 40 15 45
37 3 38 24
16 13 34 44
3 22 16 35
5 21 38 23
35 15 42 10
6 7 39 8
33 49 20 24
8 13 22 11
20 36 25 25
46 10 34 14
26 9 13 30
29 0 24 23
30 43 11 38
15 36 3 34
13 37 21 38
29 15 34 20
10 19 17 21
12 8 18 46
24 2 27 16
45 24 40 14
3 7 45 22
45 43 33 28
17 47 21 19
27 3 17 23
43 15 0 19
28 13 27 25
33 13 29 28
1 40 14 48
6 34 17 18
24 20 6 10
21 47 23 28
17 38 32 21
4 21 17 34
14 7 23 32
12 7 1 2
27 12 26 21
20 21 40 7
40 12 39 21
48 13 13 22
2 25 5 3
31 11 1 12
9 38 41 19
7 17 9 48
34 7 23 19
8 38 16 38
20 23 11 1
34 15 13 14
4 11 16 41
3 14 37 29
8 20 26 31
0 39 10 16
37 16 42 44
21 26 21 9
3 29 24 26
11 21 28 33
21 6 49 7
14 13 13 29
25 9 28 24
12 37 32 23
42 5 34 23
21 16 43 18
27 19 3 17
3 6 10 20
22 2 22 18
11 16 15 44
34 45 24 40
40 5 19 36
41 11 30 26
26 8 29 13
13 35 17 31
26 9 20 8
31 15 13 40
27 23 31 18
8 10 25 29
10 20 24 30
19 13 21 49
4 40 4 34
2 27 36 38
42 18 19 29
6 12 21 27
38 39 29 27
12 26 19 40
15 7 27 23
9 31 3 22
14 13 10 37
13 21 26 27
6 7 10 46
9 19 28 23
38 14 29 28
11 5 28 38
48 10 28 18
31 7 26 33
32 16 23 47
34 13 22 20
40 13 24 23
40 6 25 27
16 19 10 48
43 13 21 6
6 17 27 19
14 29 28 31
39 8 22 29
0 35 42 48
6 30 22 27
42 48 24 31
10 40 30 44
19 32 22 15
49 10 12 46
21 4 18 22
27 43 14 45
13 2 25 26
20 32 8 22
33 13 33 41
12 45 22 16
23 30 13 18
39 1 26 31
7 26 20 28
13 2 34 4
22 33 12 6
15 23 9 49
43 16 17 49
6 37 34 0
7 23 11 30
14 40 28 33
22 27 37 5
8 19 26 12
9 15 28 23
39 42 29 10
4 9 35 36
17 45 29 18
35 17 12 38
30 11 21 29
29 46 21 34
9 29 24 26
33 6 25 24
28 12 20 45
17 5 4 13
12 30 46 4
17 34 12 48
4 8 28 20
37 7 13 36
3 32 28 23
4 30 29 8
25 21 29 24
16 36 26 32
31 5 25 26
15 35 13 45
24 31 29 20
44 48 7 43
20 21 30 24
11 27 10 40
23 13 2 5
30 2 5 11
41 15 8 23
44 10 28 37
19 20 28 5
38 11 20 49
18 41 29 26
2 12 42 15
25 43 12 45
3 10 27 30
8 11 16 35
11 40 39 29
38 16 26 14
3 45 21 27
13 49 0 16
0 27 7 22
34 10 24 27
2 27 26 20
11 22 22 27
8 32 1 28
32 47 24 30
12 29 27 34
16 6 21 24
24 41 19 15
17 26 14 20
5 32 0 25
0 33 21 17
11 27 29 46
20 45 20 35
35 6 33 48
43 18 15 11
13 27 33 34
36 27 41 46
25 48 32 29
24 7 43 39
31 12 27 13
46 9 20 3
7 23 13 20
2 13 27 28
17 38 19 25
22 40 25 27
3 31 28 26
6 24 3 32
6 23 27 33
36 35 22 24
14 37 4 40
13 26 23 24
0 26 29 28
13 27 28 37
36 10 39 22
3 18 34 16
47 10 13 22
23 16 24 7
23 31 34 16
13 34 24 28
12 37 28 19
15 4 0 0
13 17 48 40
4 27 19 44
45 16 9 48
2 29 20 40
17 23 24 24
17 19 23 26
48 45 38 6
21 23 25 21
11 17 28 30
38 4 8 36
34 19 25 32
0 29 37 19
24 17 14 21
20 39 8 7
23 25 29 3
16 40 26 24
30 47 22 25
4 34 17 31
20 12 14 35
41 47 20 23
1 41 4 12
6 27 14 39
4 20 17 18
47 13 21 29
36 19 11 44
46 15 10 21
12 33 23 14
11 36 29 47
1 1 25 22
38 19 29 44
30 16 14 49
30 32 8 31
44 7 27 30
13 40 28 29
39 24 18 25
6 33 26 34
44 18 9 37
28 39 9 44
32 15 16 47
16 16 30 30
4 25 13 47
43 13 3 25
47 15 25 36
15 5 30 26
32 43 6 40
9 31 20 34
17 23 11 39
11 37 31 1
25 16 29 43
36 14 12 21
3 17 1 27
34 22 5 48
12 25 19 15
41 12 26 24
17 23 41 40
49 3 31 26
16 3 19 18
33 19 5 43
24 34 38 5
3 24 23 9
40 12 21 44
11 1 38 24
11 29 18 33
41 39 48 24
49 0 26 30
43 14 1 35
37 10 29 3
6 25 8 35
20 36 29 8
16 26 12 27
42 18 25 45
13 32 28 24
35 49 30 22
23 15 28 20
37 17 5 23
6 34 35 17
26 17 8 26
42 46 25 25
4 30 3 19
13 15 1 7
24 46 8 28
48 12 18 32
6 11 19 23
12 23 10 42
10 29 20 49
39 8 23 11
21 18 14 20
14 20 29 24
4 44 21 8
33 25 31 40
34 13 41 46
4 28 15 28
18 17 19 10
12 14 23 2
12 33 18 40
10 38 34 32
15 24 26 17
44 43 6 23
16 23 29 24
2 36 31 23
34 7 14 30
40 13 14 39
24 12 24 25
1 31 39 24
4 12 19 46
15 4 30 15
28 44 20 27
43 9 36 23
1 36 11 19
36 10 18 4
13 34 29 0
12 21 31 30
9 23 23 19
5 24 37 42
35 20 0 1
42 15 23 29
32 18 24 19
43 26 44 13
33 6 22 28
14 18 14 10
10 30 35 40
5 18 16 30
7 28 11 25
44 14 21 26
3 41 28 27
22 10 3 24
13 47 24 46
40 42 41 33
46 11 23 39
21 30 17 26
49 3 15 42
28 45 47 26
0 20 46 28
19 9 34 43
16 16 16 37
32 22 23 3
34 30 31 33
33 47 48 6
38 10 4 33
20 48 39 14
32 1 34 4
19 29 16 3
12 17 5 23
12 4 19 49
2 26 31 15
47 20 29 43
7 15 31 30
25 26 42 21
18 26 18 45
0 25 28 31
13 23 37 21
22 22 28 27
27 18 5 46
24 48 23 31
15 43 24 36
28 11 49 21
5 16 19 48
17 46 13 49
4 28 8 23
37 46 17 49
1 24 3 13
35 10 14 20
31 17 8 27
4 10 25 15
4 20 35 17
46 4 25 48
0 41 34 21
35 42 16 11
40 15 27 25
36 45 37 5
18 19 15 43
5 20 6 49
6 24 22 8
20 15 3 40
46 14 20 17
35 11 30 28
29 30 19 38
31 33 16 38
36 10 9 27
49 20 34 47
11 23 21 24
14 23 33 25
8 26 23 14
22 2 28 25
39 6 24 30
43 39 21 36
37 49 33 36
25 40 25 46
6 18 15 12
1 20 23 35
25 44 13 3
17 24 26 27
23 34 12 43
42 17 16 49
37 47 11 27
44 10 15 48
14 39 22 12
27 21 6 46
20 39 24 47
3 10 10 43
8 19 18 24
44 8 6 40
5 27 1 15
21 20 11 46
10 43 22 18
19 3 24 39
42 12 12 43
44 19 29 22
20 15 0 30
39 14 25 16
19 23 2 17
18 23 27 24
11 45 23 22
10 24 10 46
4 30 32 22
14 23 31 10
1 15 22 37
30 13 20 27
24 29 3 25
22 26 19 21
36 33 4 43
19 21 34 19
44 17 31 33
25 23 38 30
6 42 31 39
5 45 14 48
1 25 28 24
42 14 12 40
33 12 44 12
30 29 19 30
18 29 6 42
47 21 26 20
7 18 15 47
33 12 8 42
8 22 10 49
27 27 32 47
6 5 40 49
44 9 28 11
39 13 27 23
32 12 26 29
8 9 25 15
7 28 22 17
6 19 11 32
25 2 25 22
40 9 9 17
36 19 15 35
7 21 19 25
47 13 32 11
41 37 30 31
31 8 18 28
25 49 12 19
12 21 28 23
38 15 21 42
29 10 26 25
36 46 30 30
19 48 34 41
3 12 4 26
45 20 27 26
7 43 29 27
14 21 26 22
13 18 28 26
11 8 5 4
13 17 24 31
19 8 6 2
26 6 12 16
16 16 27 26
36 4 29 21
26 33 9 30
3 31 25 29
9 26 5 12
20 30 18 27
5 37 28 39
28 19 11 27
30 43 32 4
49 42 8 15
6 31 17 13
47 8 25 23
2 20 27 45
39 40 24 24
45 21 29 29
11 27 28 22
6 24 23 44
10 35 29 21
18 4 27 23
34 38 15 10
15 22 22 37
20 37 8 17
30 1 13 45
46 20 7 24
9 37 13 39
47 11 9 42
42 15 12 22
21 13 3 48
12 22 25 25
16 40 25 26
42 23 4 4
19 33 9 26
27 44 21 0
17 5 14 15
28 40 42 35
15 28 7 46
34 19 23 12
46 18 31 36
35 10 10 49
31 19 26 9
22 5 9 41
2 18 11 32
46 13 27 6
13 9 23 23
8 39 5 45
23 20 31 5
10 37 18 27
25 4 21 46
34 48 13 47
27 42 33 36
37 22 31 18
12 29 17 15
43 1 27 27
37 21 27 32
26 6 16 47
16 12 36 9
4 17 10 21
2 13 14 29
41 19 2 4
33 35 23 19
37 8 14 43
29 18 18 40
10 33 22 12
13 15 34 21
0 23 9 37
30 40 31 21
8 38 25 32
12 23 28 25
16 27 19 37
14 32 15 40
20 11 14 41
4 35 40 18
14 26 43 32
5 30 25 32
14 12 26 29
34 10 19 45
28 32 20 43
26 3 6 4
25 37 2 40
19 39 21 43
8 12 12 41
22 22 26 32
40 9 23 18
9 35 23 28
28 9 24 37
18 30 32 28
41 8 33 30
31 25 22 26
39 13 0 21
31 8 39 48
16 6 13 14
21 49 25 38
37 15 8 28
36 8 4 2
39 10 20 19
6 14 13 41
30 47 13 34
24 29 46 42
41 15 7 22
44 13 31 35
24 13 24 22
16 34 26 25
17 47 32 31
7 13 36 15
27 48 39 41
5 13 16 22
43 20 24 32
34 42 16 45
8 36 24 16
48 11 19 25
38 13 7 48
4 30 2 34
21 45 15 39
3 18 31 2
27 40 24 23
23 11 25 26
5 18 15 35
38 12 27 21
26 18 28 22
40 17 28 26
16 14 40 32
22 13 26 23
2 31 29 19
14 22 26 28
0 27 22 24
41 19 2 17
1 32 23 9
21 19 22 42
26 16 25 29
7 11 23 29
18 25 9 29
9 26 27 27
12 32 5 16
3 37 5 15
17 37 29 16
12 26 4 30
18 27 20 41
49 14 2 17
2 33 7 13
6 49 4 15
44 9 33 47
22 7 25 20
0 34 6 43
22 36 19 18
11 25 25 23
34 49 8 41
37 49 26 27
7 20 0 8
18 14 23 23
9 26 21 24
30 17 4 17
27 6 30 31
39 49 45 48
12 40 20 22
27 19 12 31
9 19 12 17
48 43 36 28
2 28 9 42
13 36 31 49
36 16 24 22
7 22 23 31
7 25 37 2
42 12 33 17
25 25 32 3
5 22 7 27
16 35 26 30
13 19 18 43
0 13 7 37
9 16 11 47
8 4 33 49
17 20 29 37
9 12 49 47
47 48 29 22
37 37 43 49
3 14 24 26
6 5 37 24
36 4 4 25
10 14 40 8
36 16 31 28
6 9 23 40
9 11 37 47
16 27 27 21
22 1 49 35
5 40 22 40
18 31 29 23
37 49 10 43
42 21 18 44
38 12 16 28
22 38 32 22
10 27 16 32
45 21 24 22
2 39 16 47
19 2 10 35
18 14 28 8
13 11 32 3
3 4 35 41
46 7 18 40
25 4 23 22
22 25 18 14
3 16 37 31
27 28 13 4
14 9 20 36
44 40 25 24
39 13 26 20
6 21 19 21
9 20 16 35
17 19 29 29
26 20 30 28
12 22 31 21
10 6 10 24
32 21 33 14
11 29 23 11
14 44 22 33
9 23 24 9
9 48 6 28
29 23 48 41
7 11 14 21
14 19 22 28
4 20 19 24
0 43 26 27
14 13 30 29
22 41 25 27
25 4 28 26
10 20 21 41
15 41 29 28
38 28 26 23
48 16 29 29
19 23 22 9
19 3 19 20
15 5 17 49
32 37 37 20
3 38 25 25
15 19 20 23
38 18 14 24
33 47 22 19
42 12 31 20
0 37 11 5
44 11 10 44
13 12 14 44
39 43 36 15
15 15 9 45
39 20 14 44
46 16 19 46
11 42 31 37
46 8 37 18
37 1 32 35
20 18 19 41
38 11 21 12
32 19 2 7
14 25 0 3
14 19 26 28
18 27 22 11
2 41 14 21
21 18 23 26
36 13 27 18
8 20 32 7
43 10 25 49
32 42 11 47
49 18 8 43
43 7 28 15
13 38 10 20
33 13 8 25
1 33 15 19
43 5 25 29
13 21 3 12
23 12 6 47
26 38 25 27
7 38 20 26
15 19 20 7
21 23 17 32
19 24 7 16
25 28 31 41
11 17 20 29
10 35 24 22
45 43 25 26
39 43 14 48
35 3 23 8
22 2 17 39
10 29 31 42
11 19 19 18
5 8 12 45
47 46 30 15
27 7 15 41
11 21 29 35
0 11 23 22
23 31 20 27
14 9 11 48
1 26 10 6
32 8 8 30
31 11 32 26
22 11 24 30
24 19 11 27
15 32 28 27
43 45 25 27
41 13 28 28
16 10 24 12
4 32 19 43
18 30 20 17
41 19 0 32
7 10 0 14
3 38 13 48
16 34 2 10
20 19 25 32
40 11 4 31
42 9 8 0
4 13 9 35
6 16 13 10
31 46 24 28
42 40 27 5
48 20 16 3
38 17 23 28
37 16 12 28
14 28 22 33
16 13 23 27
24 13 12 17
9 27 18 47
12 22 20 29
0 49 38 28
40 45 23 9
31 39 17 15
2 37 35 43
33 16 40 15
4 28 32 9
9 15 30 27
1 23 36 7
19 17 1 44
3 26 26 8
29 47 26 27
1 31 12 36
39 12 2 0
25 26 21 16
28 16 13 9
5 47 21 12
5 29 43 21
21 20 34 23
7 44 14 15
4 10 11 22
37 12 7 38
12 27 22 33
35 11 25 25
46 13 16 18
8 11 34 11
4 28 11 31
38 14 28 27
1 21 34 14
30 47 21 15
36 24 28 31
27 11 24 32
12 18 27 25
9 12 1 22
4 20 24 26
1 17 8 11
0 37 28 22
1 16 20 25
42 26 34 8
21 9 6 18
2 37 28 21
21 32 18 45
42 11 38 22
35 13 18 8
43 40 10 19
22 47 25 23
5 22 24 27
43 4 17 33
10 11 35 34
9 9 1 21
18 21 34 19
27 42 11 31
19 25 29 6
10 35 3 40
6 19 10 25
9 7 14 26
18 3 16 43
15 21 36 20
7 15 32 19
2 24 3 35
3 42 1 38
21 23 27 25
4 31 33 25
41 41 6 28
17 28 2 37
19 43 35 27
1 48 40 48
38 21 30 32
37 21 19 36
46 14 12 41
14 31 22 35
28 46 22 40
11 9 12 30
20 21 42 13
19 26 3 12
31 48 19 46
41 14 25 23
17 41 17 23
9 18 18 46
5 27 23 25
24 40 30 20
15 37 38 10
2 12 11 41
5 33 23 27
33 39 12 48
22 20 30 26
36 22 21 31
0 28 18 10
45 10 32 31
42 20 16 46
11 12 38 14
11 24 29 46
8 19 6 43
15 41 21 12
15 18 16 31
1 37 49 33
28 9 12 0
19 49 22 31
40 7 6 47
0 35 21 22
32 24 25 48
7 30 13 9
4 8 6 16
20 9 28 49
19 16 0 33
25 20 30 48
39 49 29 20
15 15 30 43
30 17 3 9
40 18 1 19
39 15 18 37
40 7 11 37
27 15 38 32
20 30 7 3
38 18 10 9
47 15 23 33
7 44 0 12
16 27 0 12
47 19 22 17
37 44 18 40
11 35 2 11
8 15 23 33
8 20 26 18
49 16 26 42
6 41 27 46
14 28 18 15
8 29 27 38
22 7 29 25
17 2 25 28
13 30 0 35
17 42 7 36
27 24 12 44
7 16 19 41
7 20 16 28
23 43 18 48
2 34 17 42
23 17 14 23
10 16 28 28
8 12 5 34
2 10 17 46
19 14 4 34
22 27 11 44
17 24 32 28
32 19 10 38
17 25 23 18
5 7 27 1
26 26 15 39
49 15 2 26
22 11 9 9
10 26 37 16
2 24 29 33
43 19 22 15
38 18 4 23
32 15 16 44
41 13 39 39
12 14 6 22
19 17 30 37
42 13 37 37
7 13 49 22
17 35 20 31
28 15 27 30
3 34 9 46
8 18 27 25
38 7 19 17
3 31 11 23
33 12 23 26
37 24 39 6
18 47 21 7
6 16 21 27
37 6 1 19
11 33 23 36
43 5 10 12
47 36 29 25
37 17 24 8
3 13 15 12
44 18 10 37
32 3 22 22
9 27 29 38
6 16 10 9
21 6 33 46
16 45 30 23
32 15 29 19
3 27 36 10
11 18 7 11
25 10 23 22
16 30 29 9
5 21 23 30
30 39 16 30
25 31 27 28
1 37 26 43
35 16 37 24
39 18 25 16
1 19 22 12
40 18 18 33
0 28 1 14
5 37 24 33
39 9 36 36
25 40 33 44
40 49 6 19
15 17 5 15
19 21 30 23
45 19 26 36
29 18 24 23
20 29 23 15
33 12 0 23
10 33 22 33
6 23 21 45
35 44 47 8
8 23 32 16
42 14 20 7
45 22 26 23
34 6 26 28
20 37 32 27
40 5 17 3
13 18 24 21
13 25 11 12
5 20 36 33
34 18 4 3
30 49 21 49
20 33 33 40
14 23 28 26
32 29 14 12
15 17 9 40
9 29 33 18
29 0 20 21
21 49 21 26
19 46 33 20
19 29 23 27
21 11 27 25
16 35 24 14
34 39 5 4
26 0 2 24
24 36 0 12
35 43 0 21
10 22 25 28
22 15 0 35
32 47 17 48
34 42 31 16
13 24 11 48
2 21 2 38
15 15 12 25
2 18 26 27
8 14 25 28
3 35 44 5
34 15 35 6
41 21 45 29
25 27 6 48
12 18 18 33
20 9 38 21
37 21 13 46
9 22 18 35
30 47 4 12
1 19 41 9
45 46 14 39
13 24 15 44
6 14 15 11
5 16 19 26
9 23 30 11
18 14 30 25
4 24 3 35
13 6 0 40
18 27 13 7
42 26 4 39
21 33 29 30
39 11 15 48
34 46 22 26
17 21 5 21
11 13 14 41
3 39 25 46
1 40 16 46
16 28 26 23
4 17 21 22
18 21 24 6
17 16 29 35
46 13 22 20
6 29 13 9
17 19 42 35
0 36 27 33
40 6 23 15
11 11 24 27
23 44 17 21
11 34 31 24
2 10 37 26
11 17 33 28
2 31 9 37
26 17 40 27
30 9 24 28
28 40 2 40
31 17 26 25
2 8 30 28
17 19 30 28
43 44 43 33
10 25 33 11
27 4 25 26
10 24 4 13
44 13 0 49
26 14 1 31
39 46 31 38
17 24 6 22
13 20 27 29
32 47 5 21
14 29 2 32
13 16 24 27
34 49 11 44
26 9 28 44
5 9 36 22
4 6 28 24
42 14 28 24
17 29 11 40
10 21 12 47
17 13 20 21
10 13 26 27
5 29 30 37
9 15 0 31
28 40 8 26
19 7 4 48
13 23 26 25
18 1 22 43
43 6 19 20
31 20 16 20
34 14 17 28
40 8 33 23
35 21 20 12
0 19 17 25
4 23 25 22
2 28 26 37
38 13 20 38
42 8 15 41
18 32 22 25
25 24 19 5
47 15 28 23
21 34 0 48
4 30 17 37
22 3 12 26
17 18 4 36
38 17 29 29
41 28 20 31
17 29 11 44
16 24 17 34
44 8 24 40
40 10 23 28
9 19 25 28
15 26 39 41
17 11 24 48
10 28 21 41
30 15 24 0
21 32 27 20
24 43 18 43
17 14 23 34
12 33 27 7
21 12 19 25
1 43 4 17
8 39 15 42
5 18 22 22
29 15 2 34
11 13 11 6
38 1 24 24
14 37 10 14
2 39 17 13
18 29 21 20
16 29 26 26
36 5 33 49
14 43 24 25
37 9 25 49
12 22 23 21
24 48 21 32
4 24 17 31
15 23 30 34
33 8 20 27
35 43 10 33
45 18 25 25
8 38 11 44
19 9 3 27
18 17 15 37
12 47 23 26
30 46 21 17
15 17 13 11
31 1 23 27
11 41 26 24
46 37 25 29
15 21 14 6
7 14 7 40
17 33 41 24
25 44 28 22
15 7 25 12
39 8 13 34
31 9 22 26
12 13 11 29
5 14 22 30
11 9 23 26
40 10 17 20
31 11 30 21
35 48 12 15
34 48 18 47
12 38 7 7
18 22 22 34
9 18 30 26
41 14 21 19
15 24 8 4
35 13 32 45
22 17 14 48
18 20 23 28
26 35 34 40
12 26 47 17
13 13 37 46
45 8 11 16
43 7 17 19
4 27 39 20
3 34 19 25
13 21 20 43
5 17 20 24
30 46 20 27
29 16 21 42
43 23 32 24
22 13 8 20
16 26 44 11
42 12 24 7
11 20 23 27
13 15 23 27
18 33 13 14
27 8 14 46
31 8 28 48
39 19 34 30
11 24 49 20
11 17 5 32
11 7 19 36
18 19 33 23
25 26 35 39
33 12 36 4
14 22 10 19
39 5 33 17
19 17 37 14
28 10 21 44
28 45 0 36
30 17 41 36
28 40 21 40
6 16 46 14
30 15 37 12
14 21 24 20
38 9 26 24
8 31 17 8
23 14 5 28
18 28 16 11
14 33 34 24
41 12 29 26
2 21 31 17
10 32 15 44
9 24 34 11
19 10 23 3
33 35 34 22
2 13 21 43
33 6 19 32
43 8 11 25
5 23 21 21
38 26 42 10
15 20 15 49
30 37 24 24
25 14 30 37
5 20 24 28
43 12 27 49
8 24 26 33
17 27 26 28
38 48 5 18
8 24 16 4
16 23 8 42
45 19 29 33
26 48 16 39
13 45 23 31
42 48 26 25
25 23 28 25
40 8 32 17
38 17 12 42
33 11 28 21
20 15 28 40
45 7 27 26
25 33 31 25
6 39 19 30
16 26 28 31
24 8 28 4
49 19 27 27
40 18 19 29
42 16 14 47
5 0 0 11
13 14 20 40
35 10 16 33
0 19 17 29
16 23 31 2
13 23 22 35
6 20 28 6
44 9 20 37
7 36 26 23
15 12 16 47
8 34 25 24
8 32 13 16
18 16 28 24
48 31 30 19
36 10 24 20
38 7 18 24
19 38 12 29
32 10 26 42
18 32 12 44
16 25 18 33
13 23 47 34
22 46 23 24
15 21 32 40
29 3 20 13
25 17 3 19
13 30 18 42
41 18 32 13
24 22 33 0
22 44 4 12
0 7 15 49
35 38 22 47
3 19 24 28
24 32 17 27
9 35 22 18
1 27 22 22
21 34 28 29
8 25 30 40
3 26 29 21
45 14 28 23
41 21 28 31
13 26 10 24
3 28 0 22
12 23 7 31
47 13 33 21
39 40 28 9
34 8 26 34
42 19 14 42
4 15 16 33
41 18 27 44
14 0 21 12
34 11 22 18
28 12 22 22
19 11 11 47
28 40 24 23
19 20 12 41
24 21 32 22
46 10 4 39
41 27 30 23
46 12 18 6
19 35 31 39
3 31 13 29
12 2 24 22
32 35 33 2
9 9 17 7
5 30 21 26
36 41 10 46
10 23 29 26
3 30 9 7
37 17 22 32
16 36 36 14
7 37 40 10
