50 1002 16434 800
42 10 43 14
4 11 34 23
24 4 46 7
30 9 14 41
33 11 45 30
26 3 47 2
19 30 36 17
29 14 26 32
29 5 25 21
3 24 46 17
25 17 34 0
39 11 39 33
14 6 34 21
27 13 38 7
13 24 43 8
13 16 29 26
9 12 41 18
37 9 30 20
31 42 36 3
4 1 45 9
24 15 26 30
35 12 11 45
24 28 43 9
21 21 16 28
28 1 33 21
15 36 49 41
40 20 23 36
2 25 43 10
27 18 36 24
10 43 28 16
20 31 45 18
15 18 37 6
34 1 47 16
26 30 38 16
22 22 33 20
1 20 44 26
13 12 45 25
25 25 39 17
0 0 30 20
31 9 22 29
20 0 37 7
11 30 40 6
11 16 48 11
39 31 37 28
9 27 19 36
18 21 43 10
17 2 33 16
28 22 43 28
25 33 23 19
23 2 26 19
4 6 43 17
3 11 11 23
3 35 32 40
23 3 41 28
8 13 40 12
38 32 4 39
35 20 33 38
17 7 19 19
11 8 42 12
29 3 37 1
7 29 33 48
36 22 19 30
35 10 30 31
25 30 42 9
26 11 41 3
35 6 24 22
28 15 45 25
15 14 19 26
2 4 10 40
26 39 36 20
26 8 30 49
22 35 29 15
32 17 22 10
24 40 16 33
26 3 11 43
22 31 44 10
24 14 40 34
41 1 45 30
18 10 24 39
24 3 47 11
25 2 30 23
8 26 31 20
30 21 29 26
22 12 4 33
30 2 37 39
7 47 6 28
27 9 35 29
1 23 49 23
28 31 18 21
7 46 43 28
16 11 28 18
23 31 6 38
30 33 28 20
0 6 35 19
22 32 17 31
15 11 33 21
21 24 46 37
22 12 8 24
11 9 35 10
25 11 32 21
12 4 24 17
18 3 36 26
35 12 42 33
9 13 11 34
21 35 48 2
20 18 32 19
21 11 18 23
23 29 33 18
36 13 44 34
24 13 29 38
17 10 18 15
20 32 30 22
23 30 20 11
26 32 35 44
18 22 47 5
31 5 20 22
27 21 18 16
10 43 37 17
25 31 21 43
13 15 38 8
19 30 17 21
13 23 29 21
21 28 45 11
29 2 19 32
28 24 8 43
1 12 47 5
30 31 13 47
18 46 39 21
29 18 34 19
24 38 30 22
4 15 29 1
1 1 18 34
24 32 14 26
23 10 41 10
27 3 17 40
30 28 16 10
12 20 17 33
25 25 42 13
1 17 17 7
12 21 43 2
34 46 31 4
4 23 46 11
34 11 48 11
25 6 40 13
11 33 43 42
5 8 33 19
24 32 38 5
15 46 41 22
26 18 48 24
20 4 20 17
0 28 42 40
6 33 19 32
8 17 32 30
26 10 38 17
20 18 39 22
17 22 10 41
20 31 36 19
0 34 24 19
19 21 45 23
24 36 35 9
10 9 41 9
24 30 7 21
23 15 44 16
16 32 30 14
20 20 2 36
35 0 45 29
20 34 26 23
15 31 47 19
24 16 28 21
27 35 37 7
20 28 28 33
16 13 41 29
0 5 33 15
21 31 49 23
22 30 21 5
33 0 11 28
27 17 6 48
5 33 49 35
26 11 19 43
5 24 35 24
22 31 31 28
12 41 35 12
16 6 22 38
15 22 31 20
11 19 32 22
19 12 47 6
29 7 13 33
39 3 18 18
43 3 39 48
22 2 19 32
10 17 22 23
21 11 34 19
19 22 47 33
7 31 47 13
12 17 22 24
22 26 48 23
1 21 36 35
10 3 42 15
10 9 31 18
22 3 34 24
20 33 31 37
10 30 22 31
20 16 32 16
17 6 19 24
32 13 21 34
19 30 41 3
25 16 30 17
6 7 19 29
26 12 23 39
20 33 17 19
41 18 2 49
1 16 22 25
12 9 23 36
12 12 42 16
27 7 12 33
24 2 37 22
34 20 27 46
27 30 17 25
31 2 39 6
8 26 35 19
18 8 16 39
23 9 41 5
1 21 9 43
22 31 18 29
27 11 38 1
4 26 36 19
23 29 33 22
31 3 35 18
40 27 48 42
25 21 42 25
3 14 41 10
12 2 9 34
4 8 5 46
25 31 40 25
40 7 23 24
24 14 36 15
18 11 48 48
10 7 46 10
18 42 20 30
24 21 45 22
15 34 25 31
33 25 29 22
17 20 43 13
12 5 32 32
20 23 34 21
49 19 25 31
21 15 41 18
22 33 43 14
24 43 33 3
42 31 49 2
23 29 39 16
1 17 32 19
28 8 33 20
18 32 42 16
27 11 37 29
29 4 28 19
21 27 49 7
15 25 39 43
24 17 17 18
28 8 42 32
28 2 49 6
37 8 7 33
24 27 27 14
46 20 35 44
25 25 10 43
22 2 20 40
31 9 30 18
8 18 24 15
19 11 22 35
14 25 16 20
24 10 19 15
20 36 40 5
17 22 38 7
18 17 40 8
35 10 48 21
25 2 9 41
11 21 22 23
38 20 20 11
21 1 36 30
35 12 32 1
19 20 40 43
30 21 31 15
32 20 40 31
19 38 40 48
23 11 44 1
10 14 36 13
29 9 39 12
31 19 28 33
18 34 32 18
27 37 31 47
34 9 12 20
1 8 48 7
24 1 39 36
14 20 47 20
9 12 19 33
35 10 46 31
2 11 33 21
12 10 30 12
29 33 44 25
38 18 33 19
26 23 11 27
25 12 33 47
34 29 16 25
26 45 46 23
24 29 17 30
26 29 17 40
24 16 27 5
9 11 38 21
32 40 15 36
19 39 24 21
2 9 45 32
17 25 32 8
43 18 43 24
6 22 41 12
40 16 22 26
26 31 17 26
19 33 29 30
24 13 16 28
8 7 43 19
27 8 2 39
14 16 28 28
5 33 32 18
16 8 29 31
27 23 40 26
36 23 44 43
25 36 11 25
34 11 24 24
24 32 34 19
9 38 47 34
24 0 15 22
18 35 48 9
20 33 31 0
24 7 40 21
29 49 45 7
21 11 48 3
23 8 22 25
28 11 43 10
17 15 7 41
6 23 45 19
25 22 42 21
20 10 34 18
3 19 39 47
12 14 38 11
1 27 42 10
26 35 36 7
26 11 18 26
29 24 45 11
22 3 5 35
33 16 23 28
30 1 49 31
1 29 17 16
31 8 41 36
30 5 42 5
2 9 31 23
9 18 24 24
14 3 42 7
25 33 33 21
27 22 23 27
1 8 9 40
14 14 15 29
33 3 17 28
2 9 48 16
8 19 16 32
30 0 45 11
21 22 33 17
20 33 40 32
2 34 39 31
46 11 35 15
26 13 19 34
27 15 18 31
44 2 23 19
16 35 49 16
18 19 27 28
0 28 38 37
32 13 6 36
20 8 30 22
31 5 20 40
26 8 34 21
20 27 32 18
13 7 47 36
25 8 18 31
19 1 6 37
44 11 38 2
31 0 44 10
37 26 45 23
24 12 23 23
18 11 39 9
2 31 17 29
22 26 18 24
22 30 48 13
23 32 30 34
8 46 33 18
40 30 35 19
5 21 11 27
41 31 44 22
39 14 14 20
26 21 31 29
23 32 47 7
20 38 17 46
24 13 35 45
15 37 35 22
3 38 36 37
8 24 40 28
28 13 46 17
19 40 21 25
16 18 29 28
29 1 8 29
31 7 33 21
23 34 40 3
29 28 25 5
26 36 16 19
17 21 39 32
24 23 32 20
8 13 44 8
33 15 7 38
6 27 18 17
27 33 23 28
18 12 18 21
26 25 33 13
33 1 45 1
27 5 47 33
36 18 22 27
21 39 18 19
44 9 45 37
36 13 9 49
16 22 35 24
21 31 39 11
27 10 17 29
17 15 49 33
34 12 17 31
28 39 48 20
14 16 16 28
24 13 27 29
10 26 19 10
21 32 35 19
4 22 8 43
13 20 21 45
1 1 48 9
24 10 22 22
45 5 37 10
22 31 18 22
27 10 14 27
30 17 30 28
11 15 5 43
32 2 48 9
25 8 42 26
31 18 34 20
25 3 37 14
19 8 16 33
26 27 33 40
24 8 35 14
30 0 42 35
8 44 38 7
11 4 16 23
21 8 9 41
12 15 48 11
37 5 45 18
31 4 44 10
18 16 35 16
23 17 21 34
32 22 40 29
15 2 36 2
19 15 17 42
26 12 5 39
16 5 27 23
21 38 46 20
28 24 36 10
12 38 36 23
5 11 33 22
3 28 29 22
0 26 15 25
5 8 33 16
24 37 15 32
25 21 43 18
38 8 18 21
13 18 37 13
25 35 8 27
13 38 40 15
14 16 44 4
5 1 41 33
13 9 34 17
29 18 19 20
20 28 32 30
32 14 42 13
21 20 42 12
12 2 41 0
7 13 23 26
2 19 35 29
17 18 26 29
17 26 31 49
13 5 13 44
4 8 39 12
16 13 48 41
26 32 24 29
20 3 14 42
13 5 20 32
4 24 47 19
33 16 43 13
14 15 31 9
37 47 4 32
34 22 18 17
9 32 32 16
22 27 34 1
1 4 48 23
4 18 9 26
18 18 36 24
12 12 47 32
44 2 24 22
12 18 42 13
29 12 30 37
1 30 16 29
16 23 21 23
31 12 15 21
2 39 10 17
26 7 30 21
24 28 33 18
4 33 44 13
35 6 40 44
27 15 31 10
20 13 38 11
40 6 33 18
22 16 49 0
15 22 36 7
23 30 49 47
30 30 21 28
35 2 42 11
32 23 46 26
17 29 26 36
18 17 38 6
37 8 34 21
18 13 37 16
6 9 25 28
15 4 35 35
21 30 3 33
1 4 17 32
5 36 35 18
12 26 44 3
23 18 21 26
0 14 48 24
4 9 42 39
28 2 33 16
30 15 9 42
49 26 39 39
23 31 21 26
16 25 33 12
28 9 12 46
21 33 20 25
18 2 29 39
37 7 22 27
8 10 19 37
17 30 30 20
14 16 39 35
6 26 18 46
1 8 46 2
10 0 36 12
39 7 18 24
25 31 41 41
23 6 38 8
7 16 29 23
14 43 49 46
1 3 47 34
6 25 29 14
30 7 11 29
39 27 22 15
12 0 38 26
16 29 48 41
18 2 42 22
13 20 20 45
18 18 33 17
28 11 35 2
26 18 32 36
2 23 5 38
22 7 8 34
18 9 15 32
49 17 41 8
10 8 45 35
20 6 42 21
24 22 12 30
2 9 42 10
16 25 43 29
36 8 33 19
34 10 34 17
8 12 35 35
26 7 40 12
4 14 32 15
8 5 34 16
26 11 37 39
18 28 47 12
40 31 22 32
33 0 34 45
15 13 39 15
18 14 31 19
3 26 15 23
23 7 19 20
30 16 40 13
21 8 29 49
0 27 44 11
39 0 45 19
19 31 19 14
33 2 12 31
16 7 21 28
21 38 23 32
19 33 41 10
13 4 8 37
12 10 35 11
2 24 48 42
19 34 29 17
13 2 35 12
5 8 30 21
18 45 46 2
21 7 19 30
29 15 32 18
34 6 31 10
7 16 37 40
29 43 33 44
8 21 37 26
28 31 20 22
30 7 31 18
1 10 34 14
20 18 11 23
19 7 29 21
10 19 32 1
6 17 46 10
39 5 41 17
5 21 39 34
25 16 37 22
27 16 22 35
6 0 44 13
22 24 42 13
14 13 6 32
0 30 40 38
19 4 16 30
17 22 38 20
24 17 24 2
1 4 15 40
38 1 28 20
3 28 17 27
14 19 35 24
43 17 22 22
18 26 20 36
30 14 41 3
38 1 32 10
18 20 17 26
17 39 31 20
5 12 47 15
16 18 30 23
30 31 39 30
20 14 45 43
13 9 39 8
21 23 32 18
48 4 17 29
28 4 40 23
45 24 32 35
22 14 39 15
14 27 15 22
8 15 28 18
42 7 19 26
0 4 41 42
24 2 40 15
21 3 20 21
24 17 41 30
25 30 38 10
21 21 16 19
21 27 43 34
27 8 30 44
26 33 7 37
22 1 16 28
2 27 39 43
31 6 32 16
4 15 33 19
23 12 46 32
2 11 49 17
29 2 16 23
21 7 32 4
25 5 43 35
29 17 19 21
31 36 11 33
12 26 47 41
27 26 31 31
13 19 41 37
26 8 15 6
36 24 16 26
7 13 33 18
29 20 20 38
10 38 23 29
9 17 45 26
4 18 32 17
12 24 44 8
29 0 36 1
23 12 21 5
33 4 34 25
24 21 31 17
21 34 39 19
22 4 31 27
39 5 19 40
16 11 21 11
26 12 13 47
36 11 48 13
45 44 40 17
28 18 31 25
13 4 21 33
28 21 32 4
21 33 30 26
24 18 33 31
45 12 44 7
19 16 21 13
21 28 39 8
29 13 34 16
8 22 45 6
5 28 28 34
22 36 0 45
30 11 30 45
1 34 24 11
44 0 26 14
23 12 16 26
25 29 17 26
26 5 22 10
21 9 34 32
11 25 12 30
23 31 35 18
19 12 25 21
11 33 28 26
25 5 16 11
14 34 41 2
23 6 32 30
27 35 19 35
14 48 15 27
30 27 10 41
23 2 40 7
2 26 39 17
32 34 15 44
25 7 29 35
6 23 31 5
24 32 18 38
25 3 38 18
0 26 49 33
1 18 36 4
19 28 44 15
22 33 32 18
20 32 49 3
25 31 32 6
22 38 39 35
22 29 35 18
25 30 31 5
32 12 31 18
23 17 35 33
38 22 47 12
28 23 40 5
1 30 28 21
27 5 29 25
38 8 48 13
19 22 34 18
23 10 30 13
9 15 33 7
19 8 43 26
20 28 41 16
17 33 35 22
17 9 31 19
1 16 43 2
6 3 25 27
23 32 38 13
32 26 41 16
12 2 49 36
16 27 14 31
25 20 38 20
8 14 45 45
25 31 39 39
34 8 24 18
39 8 32 22
39 13 31 28
24 8 29 23
33 0 26 20
25 11 29 33
6 1 29 32
0 6 5 38
9 34 38 27
26 11 32 15
19 30 37 18
20 15 23 17
16 5 32 32
13 6 47 4
24 28 42 41
20 15 35 40
47 19 17 30
21 14 11 26
21 23 41 23
20 30 14 18
26 13 32 16
23 9 34 18
47 9 42 13
4 22 42 6
15 9 45 39
23 27 39 33
1 34 34 16
28 4 43 44
0 21 44 10
22 45 41 49
30 5 45 18
7 19 37 5
25 4 38 10
14 7 22 24
27 0 45 26
25 6 43 27
25 11 12 41
41 12 29 1
34 21 40 16
9 3 31 18
2 3 33 44
19 29 30 23
22 31 36 26
21 12 3 33
17 20 49 23
24 15 8 31
20 17 22 41
8 38 43 30
22 32 27 28
22 28 31 18
19 16 30 19
4 21 45 26
40 28 48 12
13 12 22 13
1 11 29 26
2 18 36 7
9 20 29 10
22 7 40 24
4 10 39 16
27 27 13 49
31 30 25 21
30 9 2 38
31 14 49 26
30 33 33 20
26 29 37 31
34 10 38 13
17 11 25 18
28 33 14 28
18 19 43 1
25 22 45 14
35 29 43 6
14 13 24 16
26 14 29 37
28 8 9 22
37 0 28 23
0 20 22 19
39 20 33 17
20 6 40 42
36 18 44 2
11 21 22 25
8 11 41 5
25 2 27 22
11 30 39 8
35 19 41 8
31 6 37 11
47 2 47 42
24 33 17 44
48 22 6 46
23 18 35 6
3 14 8 37
16 1 5 47
5 25 38 22
20 16 40 31
27 32 36 29
2 5 34 21
3 10 42 18
27 10 42 12
39 9 44 8
24 14 42 36
25 1 14 23
17 46 42 9
3 13 6 35
6 11 35 21
15 17 46 1
25 30 29 19
10 31 43 17
10 20 42 16
22 34 35 7
31 12 35 11
21 30 36 7
25 36 44 28
26 28 32 19
22 21 44 8
27 7 29 45
3 25 45 38
7 4 43 35
34 15 49 12
25 31 32 36
1 29 16 9
26 30 39 28
33 8 29 48
47 30 15 28
1 26 30 46
20 32 29 26
25 12 36 17
23 33 16 23
31 3 13 32
28 33 20 49
37 15 19 14
41 12 38 43
20 18 42 35
8 5 49 27
36 16 34 9
34 25 11 48
24 30 44 22
23 33 34 24
12 24 37 33
0 5 16 24
11 19 8 45
21 30 10 29
26 15 13 41
1 7 32 21
1 21 48 31
1 29 14 12
23 27 14 30
25 17 20 32
10 22 40 9
1 35 31 20
43 4 37 42
15 3 30 25
22 30 34 15
1 11 16 45
20 32 19 25
4 9 30 25
14 26 19 17
33 7 15 32
17 18 7 26
14 11 7 34
4 27 49 34
37 48 18 44
22 24 32 19
18 0 44 6
7 29 16 36
28 31 33 16
20 23 12 27
10 16 39 39
25 14 45 34
0 8 2 42
1 5 23 33
25 38 33 18
33 29 47 2
24 7 37 18
10 21 21 44
28 8 34 3
35 26 38 9
29 6 48 20
9 12 31 18
12 11 17 42
26 0 37 13
26 32 16 21
11 11 34 18
11 14 43 34
33 0 15 35
25 17 36 2
28 4 46 20
46 9 29 25
1 5 21 27
36 4 14 29
41 2 25 18
24 31 15 24
11 20 10 28
29 17 43 10
1 27 15 15
3 13 18 33
28 15 33 19
20 25 20 40
23 0 35 45
46 35 38 9
25 9 29 21
20 12 16 25
12 10 34 20
33 13 36 18
22 28 44 10
36 11 44 9
0 42 31 29
25 2 11 24
27 33 47 29
14 11 18 40
34 12 32 16
30 31 7 27
30 31 42 15
15 19 36 35
23 17 39 45
2 11 17 27
36 29 30 18
12 7 35 17
3 11 21 47
1 16 10 28
7 4 15 29
5 14 27 15
36 10 47 16
31 28 40 27
27 8 31 15
20 12 35 12
13 1 30 16
3 30 40 14
12 18 9 27
15 17 47 26
22 30 31 19
24 8 36 12
35 8 33 15
29 30 29 40
19 13 39 7
3 4 18 31
43 1 23 36
