50 70 12514 800
35 35 49 30
9 24 25 28
16 16 5 22
4 10 37 26
31 39 38 32
25 20 35 38
42 42 21 14
46 35 5 0
47 46 4 8
18 44 17 13
16 41 33 43
19 46 41 27
20 28 22 14
47 41 13 14
17 25 6 16
41 35 39 30
29 35 32 2
38 33 15 3
25 37 46 29
34 32 47 33
17 47 20 23
19 47 30 35
48 15 48 41
18 47 36 36
32 37 25 11
46 39 30 18
16 44 32 32
30 38 29 7
43 42 28 16
47 35 48 29
5 42 10 7
38 13 30 15
30 34 27 3
45 36 45 21
29 34 29 2
32 35 35 41
35 11 42 33
20 37 9 18
11 13 23 22
31 34 8 14
20 47 16 15
20 39 42 39
17 17 0 16
16 26 38 22
14 20 33 20
47 34 42 37
31 40 34 16
6 42 22 10
15 43 33 9
2 46 48 31
33 11 39 31
28 43 40 38
40 15 24 28
20 3 23 14
6 37 1 15
30 32 43 32
24 17 13 13
47 31 44 0
7 23 43 5
18 42 25 14
43 34 49 37
28 37 45 35
21 25 0 8
30 37 36 39
15 22 11 2
18 35 49 36
30 39 44 32
20 38 23 12
20 41 48 21
7 48 24 14
