50 237 15406 800
22 4 6 49
18 5 29 33
32 41 21 44
9 47 27 1
20 11 37 31
22 19 40 8
11 40 40 36
25 23 32 7
21 15 1 35
11 39 29 3
28 21 29 27
11 11 36 41
25 14 29 44
10 37 36 30
5 38 21 39
17 22 34 6
47 37 21 5
13 38 3 44
13 5 26 24
44 44 16 46
19 15 35 33
22 15 7 48
46 44 24 2
28 16 20 40
13 41 29 5
30 15 33 48
22 15 12 42
13 37 22 5
11 38 21 46
19 15 20 37
21 13 18 46
21 15 36 11
8 30 19 44
14 36 21 47
21 20 31 4
28 42 26 5
18 36 34 3
9 39 26 41
9 31 0 44
6 8 25 44
20 17 28 6
9 36 44 32
17 19 39 31
45 43 29 8
16 11 18 31
22 21 10 36
14 10 44 8
17 13 47 30
8 14 31 36
11 32 24 8
12 40 16 35
18 27 30 1
8 40 25 3
8 42 37 24
17 34 30 1
25 11 19 47
9 41 31 33
27 39 27 11
18 18 36 26
11 39 17 44
20 3 21 45
8 38 28 1
7 39 30 4
11 19 31 9
24 15 34 1
9 36 37 48
25 38 30 23
44 40 14 45
26 26 20 44
19 1 1 42
19 14 26 47
23 36 28 2
14 38 35 29
19 21 4 30
16 5 26 34
47 48 18 48
13 33 47 34
10 38 17 37
19 21 32 3
16 13 33 30
13 7 39 36
13 35 32 29
19 22 27 46
24 16 32 4
8 26 42 34
8 41 8 28
23 4 23 34
37 39 47 37
16 6 24 9
6 39 33 32
30 36 31 16
12 12 44 31
26 13 30 5
8 33 42 31
9 37 36 38
12 33 24 46
10 40 18 41
19 10 28 4
11 34 29 38
25 18 33 1
4 40 25 5
30 2 37 21
24 15 33 6
6 37 31 1
10 36 4 30
20 19 17 38
27 7 8 42
5 16 45 19
5 25 32 22
14 12 23 41
8 41 35 33
7 39 28 3
14 23 17 43
15 30 33 44
41 37 46 32
22 19 35 37
47 38 42 38
8 44 21 45
45 36 14 46
16 5 23 30
12 37 21 28
2 13 17 38
15 32 28 6
13 32 27 14
3 22 33 31
6 3 2 45
1 9 18 43
11 43 15 40
44 48 40 36
2 36 20 42
20 4 21 49
8 21 26 5
2 10 29 7
13 39 31 10
21 10 18 49
34 6 30 49
22 19 26 8
14 14 34 30
35 40 5 42
41 36 23 49
5 39 32 3
7 29 35 28
6 39 31 1
7 30 33 32
5 27 40 35
7 38 5 44
25 21 48 17
7 33 29 4
19 10 33 5
48 42 20 38
15 35 40 47
42 49 21 12
35 47 33 10
44 46 30 33
22 17 20 44
16 14 25 48
22 16 26 10
21 8 13 42
9 33 4 41
18 14 25 40
5 43 22 47
23 14 27 10
27 12 32 44
24 5 19 2
16 49 49 10
1 16 20 41
1 46 26 46
26 12 32 34
40 48 29 9
43 44 4 42
9 35 37 34
37 1 41 32
25 29 33 49
7 42 26 0
9 37 27 30
14 20 33 31
15 24 27 1
25 13 25 4
10 40 13 45
16 36 31 40
8 37 32 5
4 38 30 1
19 12 43 32
16 17 30 0
25 32 17 48
17 7 31 20
21 10 39 32
29 2 33 14
6 35 34 29
10 26 20 46
8 39 30 7
11 36 31 26
16 22 33 7
9 40 27 34
25 17 26 7
10 35 31 32
23 11 35 25
7 45 25 4
10 36 23 48
3 9 25 29
13 33 31 0
29 10 27 45
23 14 40 31
11 16 21 26
37 33 43 29
29 21 23 43
11 36 26 43
3 45 22 44
7 14 21 45
11 42 26 5
25 5 35 7
13 8 24 40
18 15 20 24
20 12 44 10
13 43 33 28
7 36 30 11
7 40 27 32
7 9 30 8
12 39 28 31
13 37 28 2
11 30 7 49
8 47 25 42
19 15 14 36
25 16 38 17
20 9 42 34
11 43 16 42
6 37 31 6
16 14 36 9
15 49 26 6
10 37 29 41
7 43 28 46
24 11 26 49
6 32 24 49
26 18 29 0
15 1 27 9
24 15 25 35
7 27 31 31
