50 84 13545 800
48 40 10 47
40 44 19 30
18 15 8 20
47 41 36 47
23 9 46 16
32 22 37 43
45 32 47 41
23 14 44 11
33 40 34 15
44 39 7 23
39 33 12 33
40 33 23 45
43 40 26 43
20 15 26 37
15 10 25 37
38 25 14 44
7 3 39 41
31 47 22 15
44 42 6 17
39 44 34 11
44 32 7 11
48 39 40 36
38 40 25 34
1 12 28 17
34 41 7 26
17 12 25 14
26 11 40 23
48 36 7 6
38 29 41 40
29 44 10 18
3 43 7 31
49 48 12 43
35 37 42 29
10 6 41 23
40 31 39 41
15 18 34 46
11 14 42 5
4 23 29 42
19 8 24 22
22 17 9 38
18 18 16 32
42 29 17 21
46 34 49 15
42 43 32 41
14 16 31 13
30 47 48 26
17 26 43 22
30 49 5 15
40 40 16 10
17 11 46 33
19 10 14 37
4 9 21 36
10 15 47 12
23 34 46 21
17 17 43 45
14 17 48 30
41 37 7 9
36 40 34 17
28 46 37 47
45 12 24 41
6 38 37 12
49 33 12 46
42 47 35 11
34 16 49 22
19 48 3 22
36 40 26 23
17 15 33 5
41 41 38 39
47 39 9 10
7 9 29 42
13 14 43 44
28 33 25 45
17 13 41 24
17 10 26 5
46 43 9 14
22 16 37 33
44 43 33 14
40 43 4 20
28 43 23 9
39 31 9 30
38 46 26 26
36 33 12 28
12 0 37 3
47 46 2 9
