50 475 15936 800
6 16 26 26
3 14 41 46
5 18 12 43
5 10 33 35
9 21 42 11
19 40 31 29
20 35 43 7
39 47 30 18
10 13 42 28
18 43 26 27
0 41 21 23
2 18 43 38
47 15 38 38
6 34 25 13
45 10 46 1
11 45 31 8
17 48 41 33
12 34 49 38
2 42 29 3
6 43 36 8
39 9 48 33
0 14 40 6
3 21 35 16
38 13 26 28
2 15 32 45
46 9 22 13
22 34 22 8
17 38 43 7
14 44 27 29
18 41 46 32
47 7 14 43
30 20 34 15
43 18 46 5
40 23 21 16
28 43 16 48
3 41 47 10
1 13 37 7
11 31 46 4
6 48 26 13
18 49 25 12
28 40 35 19
19 38 45 47
11 46 48 27
18 27 41 34
1 18 41 41
4 15 44 20
16 44 25 21
23 47 29 39
19 42 47 11
10 32 22 32
10 49 48 11
14 48 47 34
18 49 14 5
7 39 34 49
49 22 37 32
44 8 46 36
4 44 28 27
3 25 48 41
4 19 47 10
1 19 23 48
34 6 25 28
25 48 29 14
6 30 10 36
6 33 48 42
19 37 48 0
15 47 46 21
49 16 37 44
46 10 43 45
32 1 41 30
16 44 32 12
10 16 46 40
33 6 46 14
40 3 49 2
45 2 45 7
17 21 28 1
28 37 37 44
7 18 42 35
1 20 26 31
48 0 46 36
1 16 37 46
27 5 42 35
24 24 29 41
33 16 2 32
13 46 38 28
5 20 42 12
17 45 45 41
26 44 38 1
20 48 44 7
42 21 16 3
26 25 37 40
29 31 48 9
13 36 44 21
3 14 38 39
23 39 46 43
44 14 42 35
0 12 39 48
3 15 33 42
3 17 42 35
34 17 24 29
49 11 33 40
0 13 25 9
2 11 43 33
6 48 20 3
13 47 37 38
1 16 38 41
8 47 35 4
30 3 27 24
6 15 28 38
6 17 44 35
46 3 49 10
42 16 25 28
4 32 30 19
6 11 20 5
40 28 33 2
47 23 46 3
23 43 23 11
30 40 27 29
6 12 39 39
42 20 36 43
40 3 30 1
29 15 16 5
17 40 37 41
0 13 27 8
32 4 25 29
42 19 24 34
13 29 21 15
5 11 26 31
35 25 16 8
17 38 40 46
0 16 23 31
9 22 43 38
5 19 45 40
19 35 41 25
34 14 24 26
5 16 26 5
8 17 42 48
34 14 28 34
47 12 14 5
20 2 41 34
13 43 43 21
19 42 29 41
38 15 25 29
47 4 11 2
1 17 27 29
2 14 25 15
44 8 44 33
11 35 44 36
2 9 33 44
3 11 45 2
7 15 21 49
16 44 32 2
22 45 19 4
11 46 46 3
7 13 49 41
23 38 27 32
39 17 36 48
39 2 46 38
7 17 5 47
20 31 37 39
40 14 26 32
30 48 44 43
2 46 35 8
10 48 35 9
17 37 15 6
24 41 39 27
4 16 13 48
4 11 23 10
10 14 32 43
11 10 4 43
36 28 45 4
26 42 40 28
22 38 42 14
4 13 19 27
5 19 38 17
46 3 44 7
12 40 29 30
22 43 27 4
41 15 29 47
12 20 48 6
45 15 25 33
45 14 47 37
9 15 48 45
4 24 49 40
42 4 39 21
5 45 49 7
3 15 49 12
46 18 49 31
4 15 28 3
22 41 25 30
14 44 48 6
26 42 43 46
20 45 49 6
16 41 36 34
27 42 37 35
47 11 35 39
15 43 23 30
8 12 25 8
18 37 44 44
17 40 19 49
1 14 17 6
24 23 44 29
38 49 17 14
24 36 42 48
8 12 44 34
14 44 28 28
5 19 32 9
13 36 25 28
19 46 44 30
4 18 37 1
20 38 47 6
24 44 9 31
4 15 45 21
7 8 48 43
6 13 49 16
21 11 43 45
31 35 40 8
3 13 45 47
0 10 27 6
29 35 49 9
36 7 28 26
7 18 33 42
34 13 46 46
33 30 24 33
7 40 26 29
4 19 38 30
13 31 31 6
0 14 43 29
14 48 13 13
2 12 22 10
47 17 13 13
49 0 24 24
11 39 47 14
6 32 22 31
19 47 27 23
35 1 23 26
17 42 29 49
47 27 40 6
8 16 44 44
0 15 38 15
1 13 36 17
35 17 4 47
10 39 34 35
11 14 38 13
11 45 26 25
6 19 42 38
35 11 28 31
5 18 25 16
5 18 40 34
3 7 43 38
7 10 43 48
5 26 26 29
46 12 11 49
27 41 41 36
8 43 37 37
4 18 42 9
36 46 37 28
5 16 26 12
9 45 9 28
29 0 32 29
26 37 47 37
27 39 20 41
42 25 12 18
7 17 44 12
14 47 39 2
8 34 15 13
41 20 19 37
5 20 28 10
8 46 18 31
32 40 28 46
9 33 47 34
0 49 48 41
13 27 34 2
29 14 38 34
43 3 34 42
4 18 12 31
25 38 41 34
7 12 22 5
22 46 48 38
4 17 19 20
7 38 0 27
6 13 41 44
16 45 38 3
11 44 47 10
44 3 35 15
3 15 47 35
39 4 13 14
10 45 30 29
20 47 45 14
0 18 36 4
32 11 45 38
48 11 38 32
0 18 28 45
3 7 46 29
3 18 49 7
24 29 39 17
30 19 34 18
14 36 25 30
25 45 27 41
9 48 44 28
2 11 44 31
47 4 26 26
3 17 29 29
40 22 45 9
4 18 43 34
32 42 28 19
2 23 39 34
32 40 15 1
6 13 19 49
7 42 47 34
36 5 30 33
25 31 38 9
26 34 39 21
38 10 48 10
15 44 22 11
8 37 33 46
1 36 39 11
47 23 44 32
37 15 4 38
8 7 42 20
20 41 45 8
40 2 29 4
6 9 27 18
21 27 39 19
22 44 22 28
3 20 21 42
16 40 49 11
3 20 27 29
6 13 31 19
6 15 48 14
21 44 46 15
17 36 41 37
5 16 23 31
17 46 45 0
5 11 42 3
15 36 26 6
19 45 46 43
18 37 40 8
48 10 44 47
15 43 45 37
7 19 15 20
29 42 43 20
41 12 25 30
2 15 47 37
5 21 17 33
2 15 41 31
19 46 37 12
0 20 46 32
19 37 27 32
1 17 49 47
3 21 31 7
18 38 26 31
7 33 12 43
1 35 33 6
42 3 4 2
5 17 15 10
2 10 26 7
3 20 36 3
31 47 20 16
48 5 47 38
21 41 39 20
3 17 27 17
7 13 43 46
30 43 48 41
46 12 36 4
16 47 29 2
16 35 40 9
40 10 35 9
26 40 43 35
19 38 21 29
6 14 26 25
5 13 26 26
0 16 45 46
34 39 45 38
19 49 44 34
5 13 33 11
5 14 28 26
36 15 28 47
40 6 39 12
6 18 30 41
3 20 36 2
43 6 25 27
7 29 44 14
32 39 20 20
10 9 30 11
3 42 40 7
4 14 16 4
39 21 17 47
6 46 33 40
2 14 38 41
14 49 46 11
44 45 47 38
42 7 47 46
30 45 34 3
9 49 48 35
41 16 46 36
5 18 41 5
2 19 48 34
14 42 45 45
2 12 48 35
35 11 25 11
4 14 39 5
49 0 45 10
8 14 44 42
6 15 20 7
10 47 41 2
44 12 43 44
15 43 45 2
11 36 43 16
13 40 34 6
39 17 46 17
38 12 35 2
18 25 42 34
48 8 36 40
14 28 49 3
18 39 17 18
39 15 47 0
41 8 14 33
7 49 36 10
5 20 11 41
3 8 28 31
24 11 49 16
36 40 41 17
40 19 39 36
12 46 27 8
9 32 0 20
45 12 41 32
15 49 41 20
19 47 36 34
44 4 39 2
20 22 26 28
7 44 44 43
2 13 39 37
1 15 27 42
6 37 43 34
0 13 21 1
4 17 41 31
40 8 26 46
49 0 27 31
34 19 27 31
12 46 45 15
5 16 33 0
5 15 35 10
44 18 48 7
13 37 47 8
4 20 16 34
5 17 42 38
49 16 45 40
12 46 39 32
12 44 48 13
19 37 19 5
3 43 26 26
4 47 19 49
27 44 22 31
2 15 43 33
2 15 39 35
2 9 26 9
0 16 25 34
29 23 32 4
35 37 34 10
2 13 35 45
5 19 43 39
23 47 47 34
19 35 18 4
12 38 3 16
1 13 33 6
16 47 39 45
2 13 36 23
2 21 35 48
32 34 19 44
1 16 42 9
1 10 25 25
7 11 27 11
2 16 22 3
4 20 27 20
3 45 19 22
