50 73 13518 800
15 19 17 46
8 43 13 11
22 5 25 20
1 33 17 19
17 17 27 49
22 30 30 22
21 38 31 44
5 40 23 27
7 3 16 17
24 6 12 3
6 44 30 39
14 18 8 15
21 38 23 41
15 30 27 31
16 47 33 49
25 25 33 48
12 17 18 9
10 19 33 17
5 43 11 1
5 40 33 6
19 21 10 13
5 36 15 14
9 43 11 11
14 38 21 22
15 10 26 49
21 25 35 3
18 46 18 11
19 8 29 14
9 3 23 20
9 25 24 14
14 21 6 23
5 36 14 18
16 18 41 13
36 20 7 17
10 38 36 16
9 39 10 11
12 15 32 36
21 18 6 12
7 7 27 42
28 20 38 7
19 30 24 20
14 1 19 7
9 11 15 21
20 34 20 27
16 14 25 21
22 40 17 28
17 23 13 8
22 15 31 48
5 25 30 35
17 27 6 20
5 9 31 21
1 32 22 46
4 17 31 18
22 14 16 2
23 29 24 47
14 17 30 49
12 39 13 11
16 44 20 45
15 18 8 15
1 5 19 44
34 40 30 10
15 18 35 49
16 40 17 9
27 31 24 24
9 19 24 11
20 10 32 38
4 30 20 30
10 32 29 17
13 19 33 3
10 22 27 16
7 25 31 43
15 12 37 12
15 16 28 45
