50 307 16332 800
30 30 21 15
17 35 24 8
27 43 22 11
11 33 29 2
11 6 44 16
9 0 25 22
30 33 11 14
17 19 29 18
9 8 21 15
21 39 18 9
18 22 30 10
27 41 28 2
33 39 26 16
8 30 19 18
37 7 19 14
34 45 42 15
3 8 34 14
46 44 36 9
12 25 37 10
30 40 37 10
4 10 30 14
4 4 40 0
1 46 13 19
20 38 44 1
8 22 13 16
5 7 35 12
10 30 33 16
47 37 38 16
37 13 24 20
18 37 26 19
7 8 37 14
1 15 27 16
6 27 30 34
4 9 41 4
28 28 29 6
17 29 10 5
3 6 34 25
14 43 28 28
6 4 18 24
25 24 26 19
32 40 38 10
44 22 49 19
43 41 29 24
38 44 31 11
2 19 23 21
32 39 13 14
7 3 36 4
12 21 27 5
33 34 25 18
1 38 49 3
8 11 18 16
16 38 30 4
8 8 37 12
9 4 42 11
11 4 31 1
0 15 32 28
28 27 19 24
10 8 23 20
26 36 22 4
16 40 47 16
30 36 19 7
6 9 16 15
41 33 27 18
10 1 26 16
14 21 23 18
30 25 34 15
33 45 26 20
16 24 34 9
8 5 35 20
39 41 31 19
38 33 17 20
12 33 48 32
31 39 36 8
19 36 6 6
36 34 34 13
43 43 41 30
3 21 25 18
4 29 49 31
19 39 27 22
15 27 10 13
13 24 27 24
26 30 23 21
44 41 21 10
5 21 29 0
12 27 29 6
14 44 26 22
5 11 47 8
3 6 33 5
43 38 15 28
27 34 22 24
48 48 18 2
5 24 14 9
26 28 36 4
1 22 15 31
2 23 44 39
40 25 12 12
11 32 34 4
3 5 10 10
38 47 25 18
18 38 26 11
10 11 9 5
13 8 22 17
10 24 27 24
7 11 32 0
4 28 15 5
25 20 28 25
31 38 36 32
5 8 23 19
27 49 27 33
33 27 24 23
28 44 41 28
11 6 29 21
27 21 31 5
3 2 39 16
8 30 14 16
18 33 23 21
15 43 25 12
44 48 31 5
36 40 45 19
4 8 9 26
7 5 26 0
20 37 33 8
14 4 24 13
7 8 24 11
19 23 17 17
27 31 24 11
0 12 22 8
9 29 22 18
7 2 38 48
23 37 22 9
6 35 31 5
26 23 32 29
39 46 25 25
29 47 19 20
1 8 38 9
5 8 21 27
36 40 7 14
5 37 43 4
23 40 32 11
30 40 33 16
9 5 43 13
5 7 19 13
38 29 15 19
12 15 26 9
30 39 37 10
38 47 24 24
13 2 19 0
5 8 25 18
39 49 37 37
21 30 18 13
24 47 37 6
17 47 32 13
0 9 28 22
35 44 34 16
11 4 34 7
4 8 15 5
18 16 22 13
2 0 38 12
15 27 34 7
45 36 35 14
3 11 41 30
32 33 13 14
30 49 35 12
32 22 28 32
28 41 23 3
8 29 47 20
8 11 26 36
13 13 17 29
6 7 27 0
15 29 21 25
3 11 18 23
7 40 27 21
28 44 15 2
41 45 35 10
22 47 28 26
0 9 41 26
29 35 5 25
10 5 11 20
40 39 7 3
7 26 27 12
17 31 24 16
45 47 23 24
8 16 36 7
29 36 43 4
1 33 45 33
21 5 21 22
28 49 12 34
38 36 35 2
21 23 17 10
14 26 36 22
12 8 34 21
28 48 44 27
5 5 32 19
22 22 8 17
21 29 34 32
19 12 32 14
28 28 38 3
2 6 32 44
45 44 23 20
40 44 22 14
7 8 10 13
9 6 38 1
24 25 33 20
16 20 49 27
14 26 36 5
12 5 24 28
47 34 21 1
17 36 36 12
32 34 37 19
47 49 13 17
19 31 21 13
33 46 31 26
3 5 27 31
13 9 19 10
8 10 7 28
32 45 4 23
34 39 16 19
17 29 28 13
2 10 25 20
17 31 34 10
20 11 22 17
21 40 43 25
10 4 3 8
1 1 11 20
13 39 37 29
22 36 16 12
17 8 24 19
14 4 14 19
15 29 23 37
13 8 25 17
8 15 9 10
6 7 45 22
5 35 18 25
5 4 21 25
21 13 48 26
31 42 42 6
34 23 20 2
4 8 40 2
12 25 22 13
39 47 38 5
8 21 40 27
0 32 19 6
49 42 30 4
22 34 15 29
14 41 10 9
43 42 32 8
8 30 24 18
35 48 22 9
26 25 37 23
11 35 30 4
3 4 13 9
4 26 25 10
44 43 49 3
35 34 43 18
9 29 37 18
26 44 15 14
5 8 22 21
3 7 40 22
12 42 25 14
7 4 38 21
26 30 34 6
3 6 23 16
10 7 30 3
6 9 11 39
48 46 38 24
23 38 33 12
1 15 32 10
8 7 13 23
15 7 14 12
6 28 23 34
46 22 29 20
33 42 12 21
0 10 37 10
6 10 13 10
4 5 40 12
5 31 25 17
18 29 31 22
8 8 20 28
0 20 23 6
28 43 26 18
28 31 29 15
7 9 30 20
37 29 31 16
40 32 33 23
13 33 38 11
3 7 7 15
6 5 30 17
20 38 33 15
42 41 20 14
9 10 25 19
15 46 49 8
24 37 41 2
13 4 25 11
13 1 16 26
27 27 25 18
23 0 32 17
21 32 20 13
30 44 35 10
34 34 42 1
16 16 33 31
7 5 25 7
2 9 12 11
23 24 28 27
21 31 18 8
19 37 32 9
44 33 19 35
2 15 28 6
