50 87 14517 800
23 10 40 14
27 11 35 8
8 23 5 12
41 39 21 44
28 37 6 0
22 32 18 47
11 6 30 47
9 21 5 3
12 30 40 14
0 14 19 47
1 18 31 46
21 17 31 44
26 40 18 40
40 26 10 10
41 2 42 18
29 38 23 44
34 21 37 5
20 29 20 44
9 28 28 26
24 12 10 2
0 15 23 46
48 11 20 43
26 15 23 45
40 28 24 45
36 6 38 1
33 19 28 12
48 28 44 10
46 33 34 36
30 35 20 40
16 30 42 9
5 21 20 38
43 33 23 44
5 19 20 42
22 18 30 14
3 21 9 10
43 7 8 10
3 27 19 40
17 38 30 44
23 12 11 3
22 36 17 46
27 17 28 46
3 15 33 46
27 1 10 2
22 13 45 45
8 18 12 6
30 32 35 46
8 19 34 30
9 26 30 27
10 21 7 8
27 16 21 42
38 25 30 43
26 44 20 44
23 10 8 8
19 31 18 22
23 16 36 41
0 21 18 45
7 32 46 20
49 17 17 43
39 26 14 2
46 27 6 8
7 22 36 47
0 35 33 5
27 42 42 4
7 20 6 9
47 36 30 14
41 15 32 41
46 42 32 39
6 21 32 43
35 28 10 1
21 14 4 9
21 23 18 46
8 5 33 45
5 29 20 47
33 25 16 40
48 17 36 4
36 8 6 2
26 9 16 45
22 17 2 5
12 16 25 41
6 17 22 46
5 20 14 39
13 29 16 24
22 34 22 44
47 39 35 45
7 32 23 41
32 33 34 29
44 33 13 44
