50 94 13623 800
30 35 10 21
31 15 12 21
24 41 10 23
33 5 6 20
11 46 29 44
40 40 16 28
30 16 41 26
24 15 10 22
46 17 31 44
5 28 31 41
40 2 32 44
27 15 5 0
20 2 42 47
42 15 45 40
30 1 11 18
31 8 17 7
26 16 11 24
46 21 15 15
15 23 30 47
13 0 8 16
28 0 33 40
8 45 36 42
24 30 8 20
17 16 36 46
25 18 33 44
13 45 16 17
32 1 33 25
47 23 10 21
43 43 13 21
0 24 32 43
43 29 34 47
41 20 11 19
34 8 11 22
28 16 15 23
31 1 11 6
22 16 31 41
20 3 13 23
35 24 35 47
28 19 11 13
23 33 14 21
45 7 11 7
49 40 19 14
27 15 15 26
32 43 10 23
43 18 30 39
21 44 35 25
33 10 14 19
11 20 12 11
3 21 8 18
25 11 16 30
13 32 10 20
44 16 31 42
35 12 10 19
9 42 14 22
21 9 15 24
14 30 36 22
19 9 10 22
30 15 7 2
25 17 35 43
32 15 7 9
18 49 30 37
41 13 10 19
44 39 27 42
38 2 34 43
28 14 13 18
42 27 8 1
41 40 28 45
43 17 40 45
9 18 35 32
23 17 34 44
4 23 11 21
21 20 31 46
0 10 18 7
15 47 14 19
49 13 7 8
39 15 12 22
29 10 12 24
2 8 14 22
6 29 3 0
29 20 13 23
1 4 18 44
46 20 34 44
49 35 33 42
23 19 11 17
30 3 8 3
38 22 11 20
34 16 36 44
24 15 30 41
49 11 5 30
14 32 5 1
22 13 0 0
22 46 12 17
12 48 30 43
43 16 45 45
