50 461 16891 800
16 27 31 49
13 7 16 20
25 33 37 18
28 38 9 28
23 27 23 12
28 36 16 40
30 45 17 13
30 39 16 17
28 38 20 8
48 15 38 18
39 30 19 35
42 14 49 1
5 5 48 10
47 11 20 9
37 0 29 7
49 28 29 24
43 35 31 20
34 27 14 33
31 9 49 0
37 22 4 39
37 29 25 33
18 38 13 29
10 3 39 20
33 33 5 18
19 2 20 24
19 35 22 18
32 30 12 36
38 39 19 13
33 3 13 3
25 37 18 19
26 36 14 18
45 36 1 36
30 22 10 18
19 41 31 43
37 32 14 13
40 36 17 25
35 27 17 16
11 35 20 21
21 35 11 30
31 37 9 30
37 23 18 9
16 35 29 21
26 49 2 19
41 15 20 7
40 4 12 13
13 0 11 26
16 34 45 7
40 20 48 10
37 40 19 0
38 39 33 29
35 39 46 21
26 34 14 22
41 29 18 11
44 37 21 13
30 37 3 39
49 34 19 40
43 14 14 16
48 22 23 22
22 3 2 29
38 38 14 25
41 30 11 25
38 32 29 30
20 34 19 46
7 34 23 22
26 34 36 1
26 42 16 9
24 39 5 32
4 0 14 33
39 28 23 46
25 35 16 4
33 31 24 20
39 32 12 31
26 33 44 7
40 37 11 28
44 22 4 29
46 35 16 14
18 42 10 24
45 9 26 14
23 37 9 20
26 38 17 7
26 11 30 20
33 48 15 1
38 22 27 27
32 48 19 18
39 26 32 20
47 16 38 9
40 34 39 7
41 26 16 20
41 26 4 29
31 43 28 21
33 22 25 27
29 3 48 10
31 40 12 16
3 11 1 24
15 1 1 33
12 13 48 13
45 38 17 9
33 38 24 34
29 35 23 15
18 37 12 29
24 21 33 23
33 34 1 48
43 22 40 17
21 36 45 10
10 4 12 27
4 4 18 33
30 33 37 19
37 28 6 34
28 1 21 12
25 40 29 22
7 4 36 26
27 24 41 15
31 34 15 6
49 13 13 24
36 27 4 24
28 32 30 16
35 19 22 5
49 48 30 15
3 10 21 8
27 37 17 32
26 23 19 12
13 35 9 46
30 22 32 40
23 37 49 8
46 16 49 24
38 22 20 28
17 41 33 8
38 32 3 27
39 28 21 32
32 41 7 9
27 33 16 37
29 27 3 23
18 43 17 2
19 36 41 18
4 8 41 2
8 3 18 5
33 42 22 44
40 16 4 15
3 9 6 37
7 5 22 20
34 39 25 17
36 32 11 31
2 9 15 28
14 0 44 14
44 31 19 17
43 46 35 16
24 23 16 28
24 40 46 1
16 35 10 40
40 33 26 30
26 31 24 28
22 39 26 31
21 41 13 24
38 28 41 42
39 10 19 33
23 26 9 18
10 15 26 32
33 31 31 16
27 26 12 4
17 27 41 26
24 27 26 9
22 42 15 16
44 13 8 24
2 15 48 23
35 37 9 16
38 24 13 22
27 35 12 23
34 28 48 22
35 37 23 18
45 29 44 8
21 7 34 48
35 38 11 24
36 37 42 7
39 33 23 33
18 21 7 43
10 3 5 27
36 45 5 18
39 40 22 3
43 43 11 34
18 31 24 4
38 10 6 15
35 39 14 37
23 34 39 5
34 27 21 1
36 34 9 21
32 35 12 21
39 15 33 3
34 29 10 37
22 34 23 11
45 35 10 11
37 16 20 40
31 15 10 40
28 35 47 30
34 44 12 33
27 29 12 39
40 12 5 35
39 7 9 10
45 5 24 20
32 33 14 25
37 40 19 8
36 25 13 24
27 39 10 32
10 11 19 23
37 14 34 5
7 5 16 20
43 27 7 9
12 32 17 11
38 39 6 4
27 26 31 46
41 11 18 27
47 34 5 22
28 38 24 37
38 35 47 2
27 39 20 22
14 26 29 25
14 41 34 8
28 36 48 18
16 36 10 42
25 47 20 12
37 12 30 9
18 32 23 29
24 29 28 17
15 38 21 1
25 30 15 34
25 29 5 34
44 37 18 6
35 36 15 1
16 32 32 31
45 21 12 31
20 35 26 9
27 38 10 36
31 23 18 26
27 40 26 10
36 28 41 11
18 36 10 46
27 46 21 5
32 6 23 5
6 11 3 29
29 35 22 7
30 8 38 19
31 36 12 33
28 41 11 19
34 9 9 40
7 0 33 25
42 33 13 22
34 7 5 28
7 0 5 33
30 19 44 9
3 29 10 31
31 36 10 14
22 21 18 7
34 13 7 26
38 33 22 17
40 33 29 16
25 27 24 0
34 20 19 4
9 4 32 33
31 38 12 19
44 7 32 0
29 34 48 8
46 36 21 33
40 48 29 24
32 14 7 33
24 40 17 38
33 20 15 10
37 9 23 42
45 18 21 4
25 36 36 7
12 6 22 7
31 4 20 11
31 31 11 39
29 38 21 43
33 29 0 38
27 22 6 9
36 40 13 8
35 23 47 11
35 33 8 15
39 44 13 34
37 38 9 24
36 29 18 6
23 48 9 31
23 35 4 10
29 32 7 30
39 19 12 22
23 28 44 33
44 15 5 24
28 28 20 3
47 1 37 0
49 7 20 5
27 16 12 14
41 29 2 32
34 33 44 23
5 25 22 38
24 27 13 36
34 44 31 13
30 36 27 27
35 32 9 24
13 42 24 10
25 29 22 24
45 9 22 41
30 32 10 19
28 42 7 45
49 14 23 7
15 41 33 1
25 39 11 32
26 29 14 23
23 35 40 7
35 12 14 7
19 37 0 35
42 7 26 10
29 42 23 27
13 41 20 5
23 38 19 17
46 24 41 47
32 6 28 12
42 10 25 13
12 35 40 38
36 41 31 17
32 35 45 26
44 32 19 16
23 38 8 23
29 34 44 1
32 33 26 29
43 16 10 35
22 38 14 23
30 42 22 6
3 1 48 38
17 41 27 3
29 34 31 41
32 33 21 19
6 2 41 17
41 35 17 38
24 34 32 31
21 37 39 0
7 32 22 13
44 27 7 38
42 36 20 14
49 12 41 18
23 31 1 17
31 25 13 10
43 25 18 29
18 38 23 7
33 15 16 6
35 36 2 33
42 10 42 15
41 31 18 22
24 15 19 24
17 41 7 36
33 45 49 24
48 49 0 25
36 42 32 6
28 31 36 15
25 33 11 27
34 21 6 10
41 43 15 23
39 13 15 25
11 3 18 25
25 37 31 27
10 2 16 16
29 33 49 1
47 32 27 18
44 29 20 34
43 5 12 27
37 26 11 19
6 7 43 7
26 33 21 0
32 34 3 22
43 4 22 25
19 36 26 36
13 2 43 6
43 6 9 10
44 41 49 7
43 38 48 0
31 15 14 38
34 12 8 32
16 3 24 25
21 32 18 27
40 38 16 4
23 33 3 7
18 15 7 33
20 36 2 5
25 36 12 31
24 43 47 15
34 33 1 32
34 34 49 23
32 3 10 28
22 36 8 35
19 36 15 1
39 5 46 20
25 31 9 38
35 34 43 38
17 35 24 10
25 34 33 1
42 29 19 4
19 29 4 21
32 37 47 7
31 36 19 20
32 41 23 32
36 36 10 22
18 40 16 36
19 41 37 3
35 17 10 30
38 31 32 37
31 26 44 18
34 21 4 26
41 31 38 4
23 31 28 21
22 34 6 37
38 29 17 31
40 34 47 0
36 29 3 42
11 6 5 29
33 37 4 18
38 22 22 27
24 39 28 31
39 30 41 4
14 12 29 15
36 24 26 21
28 37 6 24
42 15 47 11
35 35 17 13
31 32 26 22
36 23 6 19
32 44 23 42
21 30 9 15
46 8 29 14
24 39 29 27
40 46 9 23
32 30 24 18
26 37 9 28
45 11 16 1
39 10 7 29
12 1 8 17
33 25 16 18
28 32 47 7
37 21 49 15
30 28 7 34
37 23 7 27
27 40 46 14
28 38 14 35
23 32 17 3
35 31 36 12
46 13 19 28
32 11 3 19
47 21 15 34
6 0 9 25
41 5 41 21
20 31 44 12
32 3 19 3
19 32 7 28
5 7 43 18
18 38 5 49
27 34 9 26
48 27 15 12
33 32 19 3
48 44 43 13
10 0 33 37
36 36 15 32
24 36 36 13
42 25 4 29
26 26 11 27
