50 529 15045 800
47 7 19 26
26 6 35 17
6 19 45 13
9 5 12 20
17 17 29 17
40 4 13 47
10 36 23 41
14 18 31 17
21 8 45 17
46 4 42 13
25 22 27 25
44 35 37 26
48 10 31 21
49 35 7 46
33 22 39 49
31 21 41 48
43 42 30 3
28 25 42 34
32 0 16 45
28 18 39 46
49 27 18 28
49 36 43 30
43 35 32 30
26 21 14 32
6 34 35 27
31 20 41 48
35 21 17 39
20 10 46 2
42 35 13 30
36 6 3 38
6 34 8 40
2 33 34 30
33 20 21 26
25 16 43 21
19 13 40 47
8 37 23 29
2 38 47 20
8 38 38 24
49 1 2 37
26 16 15 34
0 36 29 31
4 38 47 21
2 32 27 21
33 5 45 21
47 39 26 34
21 20 40 43
32 19 28 16
27 20 45 46
43 15 16 24
27 22 44 16
26 22 12 21
5 28 19 21
32 5 12 14
13 6 47 5
48 0 43 46
44 5 45 42
29 26 38 11
36 29 30 35
43 37 12 1
46 31 25 40
38 14 33 27
23 3 13 2
42 0 26 34
27 0 19 24
7 40 13 30
46 37 12 20
8 36 37 21
25 17 31 2
27 19 12 28
24 4 27 36
46 33 32 23
21 25 34 19
40 39 23 31
30 19 45 28
4 29 18 33
3 29 35 16
25 28 40 17
17 4 26 24
4 38 31 48
27 21 24 18
49 1 31 21
31 19 24 19
39 33 42 42
34 14 36 45
10 33 31 17
33 17 14 22
34 18 29 20
27 17 41 27
46 17 33 18
3 36 39 47
32 22 15 23
33 25 29 16
23 20 34 32
6 37 42 46
48 28 23 13
32 28 32 20
48 6 35 16
48 10 40 44
2 30 38 46
31 26 7 22
25 22 28 45
3 37 35 28
48 36 12 33
7 13 38 18
30 15 0 6
16 8 11 7
12 3 35 18
47 41 44 24
9 35 18 18
42 40 25 22
32 7 10 39
44 11 14 23
29 19 0 8
29 22 29 34
40 39 27 0
2 29 15 22
46 6 27 28
43 7 28 23
32 6 43 19
42 31 29 22
3 37 38 46
23 3 33 33
33 17 36 45
4 33 13 23
46 20 42 49
24 7 20 24
28 18 15 32
32 20 37 22
44 5 14 36
20 16 48 26
42 36 13 36
46 32 16 16
15 25 6 16
22 5 30 20
29 18 15 37
23 8 18 32
39 6 28 38
44 41 24 22
9 36 40 47
31 21 43 9
41 28 43 15
44 12 22 30
7 38 38 29
6 36 6 30
7 39 23 4
16 28 16 47
4 33 21 28
26 24 42 11
29 22 41 49
46 36 16 28
25 18 12 20
46 3 25 26
5 37 31 7
44 22 19 16
32 21 39 31
49 36 19 22
7 36 40 18
29 17 44 8
23 4 3 21
47 4 40 8
20 1 2 24
45 15 17 34
40 12 13 25
33 29 43 24
28 13 17 32
49 21 31 19
39 23 22 16
14 15 31 37
28 28 38 15
17 15 14 1
42 39 38 25
40 4 42 49
28 23 36 20
39 38 44 40
44 39 38 41
48 18 39 47
3 36 32 18
45 0 38 30
34 22 38 17
28 21 32 18
6 33 40 19
10 17 12 26
8 38 37 14
44 9 41 44
25 18 22 0
37 7 45 45
0 33 41 45
7 24 49 26
49 32 49 14
37 15 45 23
19 15 38 17
34 7 39 3
7 35 28 40
47 3 24 35
0 38 17 30
4 33 34 13
47 6 39 47
30 22 4 9
44 24 37 45
27 19 42 24
27 19 36 16
22 26 32 26
27 26 16 25
44 26 23 3
25 20 41 27
47 32 40 17
45 32 19 20
14 10 32 34
42 44 31 37
23 23 12 26
5 40 27 38
4 33 26 33
29 23 12 28
46 34 42 45
2 33 40 17
28 25 14 31
42 38 46 6
40 12 35 3
2 38 47 45
40 31 34 13
25 19 38 12
38 24 11 28
44 7 44 38
41 3 10 35
24 5 23 33
0 36 14 38
3 32 39 1
30 18 7 45
47 36 42 18
4 42 12 34
2 34 2 20
27 24 13 30
20 13 14 30
3 37 20 21
8 35 12 15
43 0 24 26
28 9 13 24
48 2 9 27
45 5 39 10
5 36 19 18
28 17 21 18
48 31 17 31
5 35 45 29
41 38 41 48
24 25 18 21
29 23 37 46
12 7 36 13
8 32 41 38
28 18 43 32
43 7 33 21
43 40 31 39
42 7 25 37
20 18 36 21
28 18 41 48
31 14 36 27
41 12 12 41
39 42 6 36
5 34 39 21
44 35 47 9
7 37 30 27
36 11 33 27
46 2 27 39
5 38 32 19
5 8 28 38
43 5 47 35
42 16 35 20
19 24 44 13
49 26 25 28
47 5 18 25
33 2 39 47
21 11 22 24
44 40 32 13
26 5 40 17
46 32 44 4
47 2 0 22
46 32 31 25
49 38 24 5
28 24 16 28
5 31 19 23
39 2 46 22
29 22 25 35
21 1 25 25
4 36 41 44
44 42 37 24
43 43 12 17
46 4 49 10
8 34 22 46
33 19 21 20
45 31 49 10
16 20 32 25
32 14 20 26
11 43 32 8
38 2 20 32
42 2 21 25
2 35 19 33
8 36 16 23
4 40 45 14
6 33 15 41
2 39 37 21
32 16 25 45
31 23 27 33
10 35 36 16
6 31 8 28
18 24 33 21
24 10 34 22
26 23 39 31
31 20 28 16
0 11 40 45
31 22 17 22
28 15 10 29
46 9 11 25
28 28 45 11
34 17 20 19
3 38 11 36
27 1 48 37
30 23 16 32
42 28 38 48
49 39 28 19
44 40 19 20
10 37 41 45
2 35 30 14
48 49 43 23
26 21 41 10
40 9 14 29
39 38 43 48
27 23 30 8
25 16 16 34
0 38 3 19
47 4 19 23
13 32 40 25
44 39 41 7
16 20 27 20
0 7 35 30
17 6 45 37
31 23 12 28
13 13 4 1
9 40 8 20
0 34 14 17
0 30 18 25
48 34 12 44
47 33 32 41
39 10 26 32
39 1 26 38
46 8 43 42
5 34 3 20
49 4 44 24
49 7 18 9
36 14 21 24
33 21 39 43
39 21 10 24
23 5 37 29
18 2 13 40
32 0 30 34
44 33 12 35
5 35 26 41
35 18 37 9
6 32 35 21
2 18 35 24
43 4 35 33
31 22 30 33
46 17 33 31
28 1 4 18
9 40 19 30
41 41 38 32
43 40 37 19
30 28 16 35
2 40 31 37
17 18 37 17
7 32 20 29
14 36 38 46
37 32 30 43
18 3 31 22
44 34 27 33
46 1 39 4
38 35 12 36
4 34 36 9
42 4 31 44
45 1 21 15
45 35 35 7
47 43 43 40
47 35 36 27
3 39 34 24
7 33 11 42
17 7 31 17
26 22 37 43
29 19 41 36
23 10 39 44
30 25 24 23
31 25 40 20
28 18 38 47
47 1 27 11
18 32 41 47
40 0 5 42
25 25 2 19
29 15 9 23
8 24 41 13
32 20 42 48
49 7 43 35
46 5 30 10
3 38 15 27
44 37 40 19
43 38 40 46
28 23 18 6
10 11 16 25
31 20 19 29
48 36 36 23
4 6 35 44
41 14 15 24
20 21 44 14
46 40 29 29
15 0 38 47
38 1 40 22
45 37 22 26
1 30 25 33
38 11 43 46
48 1 26 24
2 34 48 20
25 15 14 29
42 38 13 38
4 38 35 35
27 24 42 19
7 37 40 40
13 1 13 9
33 14 41 46
30 15 39 19
39 35 21 38
41 30 40 20
31 18 17 20
37 3 40 31
3 34 10 35
39 0 20 37
36 1 48 37
7 41 3 12
22 19 11 11
46 40 16 16
44 44 45 11
10 7 24 9
29 21 10 27
31 19 41 48
47 13 32 35
39 25 35 40
44 7 36 12
10 38 17 30
7 38 19 36
49 9 28 31
12 38 24 9
46 39 15 23
20 21 35 22
29 34 27 39
41 34 10 24
42 9 31 30
5 34 42 43
28 26 39 20
47 1 8 32
19 8 33 36
24 16 35 31
29 23 39 48
44 30 4 32
26 21 39 48
48 38 36 26
49 22 18 31
38 7 21 27
36 23 27 21
35 3 28 20
26 21 40 48
26 14 17 23
20 13 16 19
28 19 13 25
8 29 40 45
5 36 34 13
22 20 40 32
32 21 45 24
39 17 34 2
29 21 22 26
41 35 17 30
13 35 39 21
6 40 21 34
2 16 34 26
33 22 7 21
41 2 40 22
31 12 12 23
48 35 47 8
23 20 15 17
48 27 20 16
24 26 34 46
48 0 21 18
27 3 22 18
5 38 25 37
30 19 20 27
29 2 42 20
46 0 10 46
32 20 39 15
39 30 31 40
49 34 38 24
5 41 22 25
41 5 2 30
8 39 38 12
9 35 42 28
29 22 23 5
27 11 42 37
4 38 19 23
46 38 29 22
30 25 36 40
18 2 17 29
28 19 35 23
49 5 17 22
11 37 20 43
4 38 28 0
2 40 2 9
44 17 28 27
45 38 44 45
45 13 25 24
38 2 38 11
30 25 19 29
4 38 42 21
44 14 34 16
6 38 18 26
8 16 49 22
4 39 37 27
40 18 8 34
47 28 11 25
41 1 32 8
34 11 41 44
31 20 36 20
24 14 23 31
9 33 6 37
45 42 25 29
27 25 9 46
26 15 8 33
