50 58 17970 800
36 48 15 13
37 39 16 32
16 27 33 2
17 35 27 22
23 21 15 33
8 18 20 2
10 32 13 41
14 7 13 37
31 17 11 31
13 32 44 22
32 21 6 20
1 14 5 34
45 49 20 29
12 28 24 1
12 37 13 4
33 19 45 25
44 40 41 18
1 15 13 14
11 30 18 38
7 25 10 12
18 34 14 30
26 13 17 34
18 21 16 12
23 40 19 7
47 28 38 35
9 34 17 37
8 7 18 4
4 30 18 37
47 48 16 35
45 34 9 7
32 41 19 39
46 41 19 0
25 25 13 7
32 39 22 5
9 6 2 5
38 40 14 4
17 45 13 9
19 31 16 38
24 41 45 20
35 31 17 7
31 24 8 39
8 6 15 10
14 18 33 12
34 9 12 39
37 44 30 14
15 31 11 6
17 4 41 0
38 46 16 38
47 47 8 10
7 4 25 29
33 34 17 37
27 45 16 2
13 28 13 13
19 32 2 17
17 9 19 45
25 35 19 40
32 3 21 7
6 5 41 17
