50 156 17581 800
31 0 13 42
40 36 13 43
15 0 44 32
34 36 20 43
18 42 4 43
45 40 16 32
44 38 19 43
36 30 25 34
5 5 35 48
19 44 23 42
26 1 12 46
2 7 38 17
25 33 16 34
22 34 10 38
31 35 10 25
46 42 8 37
34 30 46 24
30 49 16 42
49 40 7 46
44 30 41 28
48 22 41 39
24 46 41 11
35 31 10 30
49 40 13 37
17 34 23 36
11 11 15 44
34 31 23 7
42 22 11 36
48 44 36 40
45 36 28 13
23 39 35 35
19 38 30 24
45 39 12 30
47 45 36 22
48 27 22 12
34 44 32 32
38 32 36 10
45 46 18 40
9 9 24 44
20 2 10 37
4 6 45 15
14 3 11 44
19 35 19 48
37 34 37 26
27 4 44 19
48 38 30 34
18 9 13 43
47 36 13 39
39 26 19 36
27 40 20 23
12 4 17 25
36 2 35 25
30 1 43 46
18 0 44 20
20 46 46 42
34 3 13 41
41 29 12 23
9 7 38 34
48 35 43 26
44 23 7 35
27 38 36 38
40 35 42 47
13 11 19 40
41 23 26 35
43 29 42 34
38 36 15 42
37 19 17 23
49 37 37 32
31 36 10 5
36 2 11 19
21 44 10 38
22 44 13 32
26 6 13 25
23 47 21 36
17 43 23 37
47 38 7 22
48 42 44 43
19 49 43 24
42 26 47 27
48 38 22 31
47 36 37 26
49 37 48 20
45 41 13 37
15 35 25 30
16 33 12 43
8 1 35 22
21 7 40 37
20 32 28 38
18 42 18 34
39 32 49 48
16 13 49 26
16 6 39 9
26 34 16 42
44 35 45 19
49 33 10 41
13 12 43 46
31 3 10 37
47 38 29 33
22 48 10 44
30 2 13 42
48 34 37 5
17 46 16 38
3 3 21 33
29 22 46 15
26 5 18 37
31 29 37 36
11 3 16 43
28 38 42 42
28 43 29 37
49 43 12 40
12 2 17 45
27 40 46 24
29 40 36 30
18 11 13 38
26 45 1 7
39 29 14 42
46 48 9 47
32 42 49 28
29 34 18 46
18 46 33 31
33 34 40 37
9 5 29 41
20 34 26 34
16 2 34 22
16 5 42 13
19 40 19 45
5 12 13 48
39 34 5 43
32 4 43 14
9 9 11 30
30 42 7 35
44 39 49 26
13 6 39 34
47 38 25 48
46 40 5 45
22 41 33 30
47 38 42 20
29 1 15 27
16 2 22 48
18 6 11 41
44 39 21 45
38 30 7 39
30 38 38 39
22 47 8 25
37 26 23 43
12 1 7 21
39 24 16 43
5 7 48 31
45 35 6 38
34 45 37 29
21 40 11 44
15 31 49 30
13 34 31 38
48 36 13 49
32 4 36 0
41 33 25 30
