50 130 18757 800
7 23 28 22
32 13 10 6
29 39 21 2
3 42 22 30
31 7 36 32
37 8 45 37
41 37 29 18
45 44 32 31
13 33 29 34
7 21 24 34
4 29 21 26
5 28 29 30
15 31 27 18
9 40 22 3
7 36 21 25
27 34 26 4
38 5 15 35
0 32 48 28
6 14 31 45
40 35 5 14
5 27 28 28
9 26 35 48
24 4 11 15
10 43 31 25
11 44 23 23
46 36 31 27
34 10 36 14
14 46 14 16
5 22 12 41
6 25 33 2
35 7 31 30
48 29 17 24
36 6 11 11
18 30 18 46
26 0 22 20
44 5 25 28
44 37 13 0
36 5 15 0
35 2 16 17
29 19 3 14
33 13 9 33
41 3 42 26
10 31 26 1
22 33 39 11
24 36 17 31
18 8 8 11
47 37 14 6
47 38 13 5
11 35 18 19
8 48 13 12
20 45 34 12
35 14 31 37
4 39 37 29
27 12 10 11
46 39 28 37
34 4 26 13
6 44 28 28
44 42 19 3
3 20 26 36
29 9 43 30
29 10 38 29
15 2 31 39
25 4 8 24
21 30 42 18
33 4 9 35
45 38 36 19
47 36 44 29
34 14 33 20
16 31 34 20
47 35 28 48
8 15 18 9
25 42 7 22
44 6 23 21
18 19 16 12
44 46 12 18
7 28 32 26
48 41 21 26
45 0 40 39
8 45 48 23
24 38 7 25
13 44 10 3
36 12 36 28
9 19 20 33
3 14 3 37
41 15 24 20
15 0 1 3
36 30 22 24
42 37 32 21
7 30 42 43
10 38 27 13
9 49 14 26
27 47 31 32
10 49 18 23
42 3 34 12
11 11 24 3
7 48 8 1
22 13 28 45
18 21 34 31
14 26 24 0
10 19 24 12
33 11 21 7
7 43 25 33
30 15 16 43
32 19 24 38
49 38 33 40
16 8 23 11
1 29 10 33
9 46 21 10
45 34 10 20
21 17 29 14
36 9 43 24
36 2 37 10
20 47 22 9
37 14 22 20
33 12 12 44
11 33 20 32
40 6 13 9
9 30 31 38
36 22 2 20
27 42 10 12
39 40 6 40
42 36 18 14
33 5 36 43
35 8 23 24
21 23 40 27
33 9 24 15
42 36 35 1
13 42 28 25
43 9 45 37
13 26 7 6
