50 91 14168 800
4 38 1 12
1 33 39 31
16 39 26 48
10 37 6 9
32 18 46 23
12 27 17 16
8 31 14 18
46 22 15 47
29 34 10 42
9 19 0 17
3 1 39 5
34 47 6 19
26 31 19 36
4 20 14 15
25 18 15 28
28 34 27 24
15 13 15 21
33 47 18 46
35 32 12 29
0 17 14 25
13 26 15 20
11 27 15 12
2 6 16 37
16 1 6 20
31 48 21 40
6 20 2 18
2 18 33 48
49 44 42 17
7 7 7 40
37 44 25 39
20 32 9 28
13 32 38 29
17 29 7 22
5 18 22 44
13 31 41 28
22 20 24 38
5 12 15 14
25 15 11 36
32 46 20 18
37 43 4 11
29 33 23 33
18 46 8 17
30 30 37 20
4 13 6 16
30 33 10 45
5 17 7 36
15 39 4 20
13 25 42 34
19 45 44 37
6 40 28 43
15 7 17 44
27 45 33 40
25 39 16 45
26 24 0 15
28 15 40 31
15 40 8 28
27 24 1 23
11 45 16 21
16 45 29 41
13 31 24 43
0 12 48 2
1 7 20 34
8 26 13 26
31 44 10 19
19 36 9 34
27 15 5 14
36 47 15 45
11 12 34 24
25 30 6 18
4 3 45 7
31 38 38 36
4 13 26 27
6 3 5 25
2 15 29 30
31 46 7 40
8 17 5 14
24 30 14 29
5 8 26 41
42 38 36 34
25 48 30 44
6 31 14 36
28 18 22 48
4 19 2 14
16 17 36 20
12 24 28 26
36 47 22 40
0 15 23 33
28 43 3 2
9 0 10 33
23 13 8 22
35 46 30 31
