50 1436 17628 800
30 35 12 41
48 44 39 42
46 42 39 20
1 26 42 19
40 38 35 39
4 3 17 27
46 42 11 23
47 3 32 43
39 38 21 36
9 3 45 14
6 29 46 29
1 29 9 31
15 2 29 40
1 19 29 44
6 33 41 13
27 10 37 38
5 6 22 47
17 23 36 35
21 0 39 21
8 28 20 19
13 32 11 38
7 40 18 47
11 2 38 43
47 38 38 43
28 19 23 11
6 27 38 22
13 32 46 18
14 1 25 44
5 32 18 1
14 3 24 39
3 32 39 41
39 15 38 9
9 28 41 49
8 20 31 43
42 3 40 47
1 26 30 44
6 25 29 45
22 32 24 39
8 33 42 48
18 19 43 21
44 19 27 49
31 13 18 41
6 3 41 20
12 24 40 40
4 25 38 43
49 37 46 18
49 35 40 10
27 3 27 42
11 27 29 45
17 14 44 47
37 28 33 26
2 26 45 15
47 46 40 20
34 39 44 44
10 6 43 25
5 1 29 12
18 23 33 48
23 37 15 37
48 37 26 34
13 5 40 45
3 32 17 45
24 34 40 19
47 45 39 39
13 5 36 6
48 45 8 40
14 33 49 45
5 19 45 18
1 33 25 6
39 4 19 0
9 5 22 39
6 34 25 47
13 6 28 47
42 36 22 28
16 19 21 20
19 4 45 3
7 1 31 46
14 6 41 39
19 34 38 46
5 35 38 37
30 12 46 46
38 37 20 30
4 29 20 40
10 0 41 45
3 25 33 45
25 5 25 39
40 6 34 17
44 33 25 14
8 31 44 14
29 21 22 45
13 6 28 15
12 0 26 5
45 38 41 20
35 23 37 47
48 46 39 15
12 46 43 42
3 38 21 5
12 32 20 8
12 25 39 16
42 11 36 48
49 37 20 45
18 40 28 38
34 0 36 47
24 28 28 38
27 24 26 36
11 13 8 37
27 5 40 48
20 15 37 2
32 35 34 28
2 24 43 17
4 24 37 9
10 13 23 11
22 0 31 49
22 17 38 9
27 4 43 21
17 27 15 45
15 34 43 10
39 41 41 21
4 30 18 45
14 25 48 16
7 31 24 34
0 30 19 21
9 7 26 49
18 31 38 13
19 44 39 43
6 25 37 19
48 42 30 41
39 29 41 23
4 32 27 36
12 6 18 34
1 23 34 45
31 40 40 13
9 23 5 45
10 3 30 31
6 32 43 19
18 6 43 15
0 35 18 38
44 48 13 45
48 0 32 36
18 27 43 18
12 11 30 23
1 29 36 10
10 5 26 45
47 48 35 27
2 28 43 10
39 7 27 10
23 11 33 40
20 0 28 45
43 40 21 48
15 30 40 44
20 30 39 33
15 8 43 12
23 31 38 42
33 29 40 44
48 46 38 9
8 26 49 30
3 27 45 45
32 0 44 18
36 26 6 25
49 33 39 20
14 29 16 34
11 4 31 47
28 8 22 40
4 26 48 46
8 27 29 40
13 28 38 15
10 9 47 42
8 38 23 20
47 40 41 17
48 38 35 47
48 37 27 43
9 32 43 40
36 37 37 46
3 32 43 41
48 41 36 47
47 40 30 18
37 8 28 31
7 11 31 18
18 48 41 18
6 33 9 46
34 42 28 22
29 22 33 42
23 3 20 46
15 10 31 5
5 28 39 13
6 32 32 40
3 20 32 37
43 4 32 46
14 17 25 15
21 11 19 46
13 31 45 14
1 26 22 48
0 29 25 22
18 38 39 11
0 27 9 21
2 26 39 21
47 39 31 48
38 33 39 15
34 34 46 23
33 40 40 13
40 46 37 49
4 20 44 18
6 33 20 39
1 29 32 42
40 9 38 34
49 45 25 45
11 18 43 17
6 25 18 0
16 7 28 24
39 24 44 20
3 31 43 14
3 28 12 32
10 4 27 20
24 6 41 15
41 39 40 14
18 10 10 3
8 44 25 49
21 4 23 37
13 24 40 13
11 11 42 45
47 42 6 35
9 31 46 46
6 28 40 9
10 10 35 12
23 33 45 20
42 33 34 48
1 26 24 22
15 34 40 17
8 0 29 44
5 29 34 2
16 7 31 43
28 6 38 42
1 2 32 41
11 25 41 39
1 30 48 22
2 25 40 5
12 33 36 12
35 4 41 49
17 33 26 43
49 33 40 26
17 5 19 45
2 29 41 22
6 38 40 6
5 9 40 8
18 6 38 7
43 38 41 19
3 39 40 20
11 23 41 21
2 28 32 5
8 27 23 42
48 40 35 49
40 43 41 49
14 24 35 17
6 22 22 40
0 30 27 29
37 12 17 18
49 40 20 38
47 38 42 19
12 23 40 12
48 40 40 19
20 13 32 33
28 46 41 23
1 28 42 17
16 9 35 6
44 43 36 36
5 32 36 19
35 8 44 16
11 38 33 27
46 35 37 47
13 21 27 31
33 25 12 24
40 35 30 15
43 43 39 4
4 27 39 28
17 4 7 6
10 30 43 19
46 39 41 5
5 19 32 41
8 27 42 30
44 39 40 18
42 1 47 6
6 26 44 2
13 0 41 43
45 7 45 21
6 26 37 11
27 3 38 36
8 29 43 19
2 27 38 1
26 29 39 46
42 7 36 42
40 41 20 20
25 15 30 36
18 12 28 35
49 37 20 41
2 30 39 12
0 27 42 43
37 34 43 8
13 28 27 41
41 41 43 21
49 38 11 40
8 27 9 7
44 37 39 18
8 12 36 28
15 17 47 49
45 38 25 1
16 30 24 43
7 33 15 19
10 7 29 38
46 37 25 33
12 8 46 22
9 8 46 37
1 29 37 18
1 30 23 10
9 38 45 15
15 0 37 42
3 25 27 20
47 42 42 5
14 1 29 45
7 17 38 8
39 0 23 39
20 11 38 16
10 27 42 17
48 43 33 40
9 32 41 21
3 26 33 45
44 42 44 21
7 37 38 48
4 22 28 14
16 5 41 17
7 7 25 15
16 33 48 4
7 10 32 48
49 43 47 26
5 30 39 5
21 20 26 34
47 3 37 15
17 4 41 39
48 47 31 10
44 1 42 18
17 32 44 21
49 2 42 23
45 44 43 4
7 10 33 48
29 13 18 39
15 23 48 24
47 37 35 7
2 26 49 20
49 34 20 17
17 5 14 29
17 3 37 21
13 9 26 38
12 1 26 6
2 29 39 22
12 5 34 22
47 38 36 33
26 32 21 38
21 9 35 7
2 32 29 26
3 24 43 15
45 44 23 7
41 29 20 37
47 6 33 5
49 43 30 42
1 2 31 5
8 31 30 4
46 39 33 40
17 31 29 40
3 28 34 45
6 0 41 44
24 40 19 18
6 29 30 38
11 29 38 12
18 32 22 48
21 24 32 24
30 32 35 39
4 29 34 48
11 28 24 18
9 28 24 17
14 23 26 9
49 45 44 21
8 37 45 20
12 20 39 7
3 25 27 39
8 8 45 18
18 3 34 11
8 19 43 21
46 34 36 31
15 26 46 21
33 13 18 7
20 32 47 21
44 3 30 24
42 13 37 7
4 28 44 10
10 1 45 6
3 23 25 5
19 34 41 18
16 26 19 47
18 1 38 13
40 36 46 4
3 25 33 26
44 34 34 38
49 43 38 18
13 33 35 41
48 43 33 36
5 28 32 44
48 22 21 31
2 28 48 0
46 41 32 28
8 32 44 32
47 37 4 4
20 30 37 48
46 42 36 16
13 28 35 10
15 30 34 40
39 44 41 21
24 33 22 13
46 14 18 49
15 19 20 45
19 25 1 21
7 28 34 42
18 37 13 47
1 24 28 17
5 29 33 2
13 12 39 13
13 32 33 47
40 32 42 28
1 27 38 24
5 37 39 25
30 1 41 7
10 3 45 21
3 24 24 42
2 26 43 15
46 41 16 23
5 28 42 20
2 29 35 13
48 35 16 42
16 8 37 16
0 44 16 36
39 27 23 43
22 25 35 48
6 29 31 1
18 17 39 18
46 46 18 0
6 32 39 45
41 41 37 31
44 8 37 26
2 25 28 32
49 45 31 47
1 29 35 48
33 12 32 48
47 36 15 40
13 31 36 0
40 9 44 49
47 37 24 27
12 28 43 29
11 2 25 45
8 24 14 43
4 27 16 18
5 23 44 39
4 28 45 16
27 30 33 17
43 11 42 33
31 13 37 29
11 7 25 45
2 27 48 19
35 6 23 22
17 28 47 41
9 0 45 43
36 18 20 46
3 25 34 13
14 20 39 35
10 32 28 19
17 4 10 9
4 27 37 44
5 30 36 47
10 8 21 37
8 6 41 15
2 28 44 21
41 40 34 47
49 14 39 13
49 23 36 15
19 35 35 36
41 46 32 39
31 27 38 21
16 22 28 36
8 11 13 7
18 1 34 47
12 7 48 11
16 29 22 3
17 0 34 45
1 25 34 19
45 41 42 18
24 35 24 5
36 1 35 33
29 15 37 49
46 42 21 27
46 47 36 21
33 0 28 41
41 35 38 19
27 18 42 42
12 29 45 7
40 8 36 3
9 4 37 14
3 30 36 43
29 45 27 25
34 22 33 15
14 20 40 3
32 25 11 41
49 6 44 42
36 13 37 43
44 41 35 21
5 25 42 11
0 29 45 17
17 24 31 44
10 1 44 47
7 11 40 45
48 43 42 19
11 35 25 9
10 47 46 21
12 35 23 8
46 42 49 21
15 26 32 43
7 28 42 38
20 15 46 40
17 29 41 18
38 3 27 44
1 27 37 23
46 35 31 37
8 4 25 4
9 29 28 28
13 17 32 41
6 1 25 49
3 29 17 2
48 45 43 17
42 9 26 46
20 3 40 41
12 22 40 46
2 31 37 4
35 30 29 40
42 31 45 21
17 37 5 24
48 40 15 31
10 9 33 48
8 6 39 25
1 24 48 4
6 2 36 49
16 44 42 43
49 1 37 17
9 29 26 47
48 45 39 13
8 18 46 18
48 45 39 37
7 8 41 12
6 7 30 12
20 15 30 46
49 6 45 15
37 1 28 41
36 1 44 18
15 6 28 49
17 30 34 39
0 26 29 40
15 33 40 44
5 28 25 24
11 6 36 45
43 41 20 41
18 4 45 20
47 30 30 35
38 9 20 41
17 5 16 36
38 12 41 20
3 24 29 2
26 8 17 19
9 25 39 9
17 24 12 46
47 39 29 47
16 26 36 40
8 24 11 38
15 29 47 8
11 29 35 38
16 10 16 23
38 7 18 43
46 13 28 46
39 2 44 10
4 26 37 22
20 27 33 11
16 20 23 24
1 32 25 43
20 15 36 7
40 36 34 12
15 27 25 42
6 26 38 3
26 41 45 16
3 35 40 10
46 36 19 46
10 8 42 40
47 43 45 25
17 34 37 45
47 43 39 16
7 3 16 42
48 43 33 6
44 39 43 19
19 44 42 21
38 41 34 37
25 35 27 40
47 1 33 45
18 19 43 10
39 9 39 28
25 27 31 47
17 31 43 10
11 37 35 35
7 30 39 15
5 28 34 33
3 27 34 10
33 5 27 33
37 4 30 32
23 7 41 15
42 10 23 24
33 37 22 31
33 7 24 15
6 10 35 39
13 32 32 35
43 22 27 36
6 38 46 17
22 24 34 46
49 9 40 21
35 14 47 11
15 19 41 36
3 21 40 18
32 34 46 0
2 34 11 32
22 44 16 39
21 33 37 30
12 37 42 15
17 38 31 22
10 31 24 34
1 8 40 21
12 36 41 16
40 34 40 14
24 2 49 31
49 42 43 18
33 23 35 41
16 29 44 23
48 36 46 17
4 29 41 14
16 6 30 12
1 43 28 19
42 46 49 24
8 27 27 42
5 31 30 8
3 6 13 44
28 11 36 5
16 47 10 17
11 24 43 20
3 28 40 7
7 30 39 15
8 33 27 49
29 20 48 25
16 15 40 37
16 7 35 43
9 33 41 20
0 28 39 44
5 25 15 34
45 35 42 20
6 22 48 18
41 38 47 15
17 4 44 24
7 31 27 20
14 2 35 18
15 35 43 40
13 7 13 31
13 6 44 21
48 43 35 42
14 13 37 40
0 35 27 49
8 7 43 28
47 41 43 21
1 26 25 8
37 8 37 16
42 34 35 40
14 40 31 17
24 10 35 38
46 46 43 22
18 0 42 23
42 44 33 16
1 22 40 48
22 46 32 40
39 27 38 14
17 41 35 48
6 27 7 17
47 36 32 38
9 11 6 0
47 16 45 48
34 0 42 19
14 23 31 6
11 31 41 25
7 26 25 4
3 26 28 45
2 33 41 31
35 19 17 13
18 39 26 36
16 32 20 40
10 0 17 40
15 21 33 19
2 26 47 6
17 3 25 20
13 3 20 48
17 27 36 39
9 28 45 19
16 24 38 44
10 16 39 13
46 41 42 19
13 38 8 45
3 21 22 28
11 32 14 3
23 43 28 21
8 9 48 13
15 7 22 26
40 3 27 40
38 20 14 45
13 27 46 2
46 34 41 45
35 17 13 37
7 35 34 3
6 29 14 44
3 24 22 41
48 39 37 31
29 46 41 6
7 4 38 48
12 30 21 33
4 33 31 27
40 47 28 34
47 33 41 21
40 41 17 13
21 32 8 11
16 11 30 46
44 40 11 40
4 33 49 41
21 26 32 44
16 5 32 48
3 30 32 14
11 29 24 47
21 34 32 43
11 31 42 49
34 3 40 47
16 1 41 24
46 38 36 19
6 28 37 30
20 9 5 21
3 30 41 24
15 17 46 40
42 9 39 7
48 33 40 8
41 43 34 44
3 29 37 47
30 9 10 7
2 28 36 44
2 27 46 15
19 25 30 11
5 29 32 46
32 11 44 9
49 17 41 15
5 27 28 15
43 47 47 44
5 24 18 34
48 41 49 5
6 28 48 40
5 12 35 17
18 47 22 16
19 34 36 45
2 28 36 49
45 42 32 46
48 36 49 19
47 38 34 36
18 8 30 12
3 27 32 19
9 3 42 16
15 32 17 24
45 43 16 10
16 1 17 34
45 7 30 5
39 3 28 24
10 1 44 22
2 46 42 8
1 25 43 16
1 29 43 17
3 6 38 22
15 28 44 2
19 37 9 41
41 24 41 19
1 30 26 35
11 32 35 34
10 31 22 9
1 29 34 39
44 40 8 40
18 13 26 46
7 0 8 42
13 30 28 45
4 22 29 47
44 26 29 40
36 9 26 36
46 37 31 41
11 30 28 32
12 29 1 6
12 5 42 44
15 40 43 21
40 42 32 40
5 25 37 1
16 3 21 47
3 27 37 2
8 10 36 12
7 25 40 17
6 25 34 33
9 28 18 22
46 48 37 26
43 35 39 36
17 31 43 32
19 30 47 8
19 29 25 6
16 5 40 36
12 3 39 43
11 5 43 21
14 11 32 18
42 36 44 9
4 25 13 47
48 44 44 21
20 31 38 39
0 27 31 47
13 8 35 48
44 46 19 25
11 27 38 45
38 37 35 2
5 23 16 39
3 29 27 45
16 26 47 0
17 4 35 8
42 39 25 25
44 5 15 14
7 31 14 36
21 28 27 41
11 7 40 43
2 34 42 0
48 36 46 14
37 17 23 37
10 1 35 19
47 10 39 14
17 32 22 17
26 46 34 5
19 7 32 9
3 30 40 8
26 3 39 7
36 31 41 29
22 30 28 38
48 10 40 46
9 32 40 21
15 6 33 47
14 8 27 41
6 32 32 28
42 20 35 42
33 29 29 46
5 37 24 37
14 9 40 44
46 36 35 46
41 36 30 39
30 15 24 3
12 1 47 19
4 8 34 47
6 18 38 44
14 7 29 47
34 6 42 45
4 29 30 35
10 1 44 19
12 35 26 39
47 33 49 48
7 7 43 19
48 43 18 44
8 8 37 49
14 10 28 14
16 43 37 43
13 33 36 9
13 19 43 14
4 21 15 46
17 41 22 47
24 35 43 38
2 34 32 48
4 29 42 46
5 7 37 46
13 43 45 18
41 31 11 32
24 13 38 42
2 40 7 22
33 25 37 29
48 33 38 49
3 27 40 19
49 37 32 48
34 2 43 17
13 1 44 18
11 0 26 6
47 41 23 38
9 32 11 42
43 39 2 30
15 27 35 29
18 40 11 38
45 2 39 19
1 27 42 18
8 8 31 46
16 6 16 25
44 0 15 47
10 2 43 7
49 41 33 3
9 27 15 34
17 30 44 20
30 9 37 41
31 37 34 7
39 46 44 0
34 8 31 45
40 25 32 38
10 5 42 17
48 38 26 31
8 27 16 46
18 4 24 8
9 4 36 44
13 37 13 8
7 6 28 26
2 5 28 45
13 27 17 5
11 7 19 35
32 24 20 46
17 47 26 45
0 30 29 27
27 5 32 23
20 9 34 45
31 6 30 40
5 40 22 1
1 28 34 36
3 25 44 23
12 6 39 21
9 19 30 32
17 6 34 49
5 28 15 22
40 7 40 33
4 3 46 35
17 12 21 44
27 35 31 14
39 12 25 3
4 28 36 48
10 21 45 36
12 6 6 34
12 32 23 46
48 42 37 24
8 8 41 14
26 24 41 40
16 28 34 16
16 1 41 49
3 29 22 2
32 10 36 43
12 23 27 47
1 4 47 7
10 9 3 10
5 31 29 43
8 8 42 43
32 10 43 43
0 27 36 10
17 25 30 46
38 0 31 49
10 9 35 7
13 2 19 40
5 26 40 7
7 30 38 8
49 2 41 17
16 25 20 44
15 31 14 47
8 28 11 11
12 10 31 0
48 43 30 44
45 39 24 20
24 3 33 34
45 44 36 47
12 32 31 42
46 35 22 1
21 40 48 9
15 41 15 47
29 5 41 21
43 36 38 21
3 25 36 42
6 27 48 22
1 29 26 47
12 41 19 23
37 32 41 19
29 37 40 24
1 24 44 14
49 32 26 29
15 8 21 37
22 25 21 18
49 46 26 8
3 27 36 45
25 17 27 6
19 2 45 42
31 11 12 34
12 32 27 4
28 4 43 16
17 2 30 4
5 27 35 49
8 36 30 42
46 47 24 30
45 43 48 9
23 24 42 23
12 26 40 1
16 1 35 48
45 42 34 49
24 19 46 23
47 9 44 17
47 3 38 27
10 2 44 16
44 37 39 25
18 28 38 42
15 33 38 43
13 23 31 20
6 33 28 23
39 24 48 43
21 2 27 37
26 14 35 30
5 26 41 19
40 0 33 37
36 31 43 16
41 23 13 40
1 27 36 34
7 30 30 44
3 26 46 4
5 29 39 23
35 18 42 21
41 45 15 2
21 33 42 24
2 30 39 12
16 41 24 16
46 33 46 18
29 20 32 36
2 25 29 44
13 7 44 25
30 15 8 41
48 49 44 47
49 38 45 44
8 6 7 37
27 2 27 28
13 4 20 49
7 40 38 44
40 33 46 20
10 8 22 25
0 26 32 36
35 39 39 35
48 43 38 10
11 8 41 24
4 31 15 16
2 1 40 47
20 39 41 28
17 34 27 20
18 16 44 25
14 45 44 17
2 29 31 44
10 2 40 5
43 8 40 12
40 33 24 10
15 31 30 38
2 20 32 42
45 37 43 19
5 26 45 46
22 3 8 39
27 14 19 43
44 41 6 26
39 42 42 15
4 25 41 22
28 0 43 23
4 27 21 13
3 28 31 20
47 41 38 9
7 27 33 32
40 17 29 2
36 16 23 45
8 27 11 7
12 27 43 22
43 5 31 26
16 2 28 18
17 0 46 18
12 7 37 23
15 7 11 45
11 22 30 4
39 35 30 34
2 0 45 23
4 29 49 6
1 29 48 10
15 0 30 36
11 27 28 8
7 23 1 7
48 46 31 6
5 24 40 10
42 40 42 15
5 30 28 42
12 29 24 46
33 15 26 10
20 2 40 22
13 27 31 13
30 14 41 48
32 5 40 16
17 35 40 17
12 33 38 14
6 29 39 18
15 6 32 24
47 42 34 45
2 27 3 23
1 32 22 24
45 35 42 17
6 31 31 11
5 27 19 35
10 7 46 40
17 14 48 6
41 5 48 11
16 35 31 7
42 8 37 21
0 30 49 39
16 25 43 47
43 38 44 18
20 32 40 17
6 6 40 41
11 2 40 16
3 11 38 20
0 29 33 48
48 21 41 34
22 9 45 17
35 29 35 47
12 20 36 9
2 28 30 32
16 19 17 13
13 27 36 41
38 31 20 37
14 4 19 26
3 25 25 9
20 29 37 45
6 11 31 40
7 24 37 47
2 31 20 8
1 5 18 24
44 48 17 40
25 48 44 16
4 29 30 46
12 6 24 39
2 9 26 22
17 33 39 38
1 31 37 20
47 44 39 41
0 28 30 0
35 45 34 15
41 42 42 25
4 28 31 16
25 34 33 38
3 24 30 46
17 26 43 14
49 37 16 47
46 13 30 15
45 44 25 16
6 28 41 23
14 24 23 5
15 6 33 44
12 19 24 45
7 29 26 38
34 46 40 22
10 29 17 12
45 40 39 16
20 27 40 41
47 3 41 22
1 29 20 42
9 16 36 42
9 4 25 37
2 29 23 47
29 5 19 45
8 25 31 37
44 41 37 17
49 32 24 19
9 6 37 2
18 12 37 29
16 25 23 37
4 26 29 35
6 7 32 46
7 36 26 36
20 4 33 15
46 35 20 15
48 39 32 49
35 13 16 39
8 25 44 19
24 19 16 32
47 46 24 22
20 44 18 36
44 49 28 13
2 30 23 24
9 20 38 14
14 31 30 12
17 23 48 1
36 21 17 32
9 39 39 21
7 26 41 12
45 42 23 45
32 2 11 14
11 24 30 38
6 28 20 36
21 43 20 12
14 29 42 42
43 10 22 34
12 9 22 48
14 1 19 0
15 30 43 19
7 34 20 38
47 46 25 25
5 28 41 39
4 23 45 47
43 35 35 2
43 12 44 18
12 9 9 44
45 28 36 4
8 32 33 18
7 3 37 9
16 28 33 46
49 42 49 49
48 45 36 8
11 9 15 40
8 2 20 41
27 10 18 38
47 45 22 38
49 45 31 27
22 31 43 20
0 24 25 36
22 29 37 14
27 2 38 37
11 11 44 38
15 5 41 4
18 27 17 47
47 32 40 8
6 31 24 15
44 34 40 23
4 41 23 5
0 36 33 15
10 29 46 14
30 6 30 29
8 38 37 48
3 0 23 19
28 9 18 27
41 17 42 45
8 30 42 17
7 25 19 41
40 15 37 47
14 28 35 14
8 28 45 10
23 42 38 13
16 22 44 18
4 31 22 16
42 23 23 26
1 28 18 13
31 4 28 33
8 30 32 45
38 23 41 44
9 35 28 35
43 35 43 0
11 25 27 42
46 22 29 44
2 25 16 17
14 32 30 33
13 28 41 20
1 28 36 41
13 11 33 49
7 28 30 43
19 7 26 5
11 37 41 46
16 45 24 47
22 17 42 15
18 32 30 32
7 29 42 36
27 3 29 45
6 40 27 47
24 41 45 20
40 48 42 15
48 35 25 35
5 28 41 16
13 16 44 17
1 26 20 30
4 31 39 17
38 6 24 42
47 36 33 10
13 7 29 4
47 45 10 12
49 40 34 7
14 32 21 34
0 27 24 43
49 40 37 35
12 4 8 26
11 29 36 3
45 15 48 25
8 7 34 15
48 45 24 36
12 35 9 45
45 47 37 18
42 7 30 46
14 11 27 19
18 9 41 20
49 40 37 22
11 7 34 40
26 11 37 43
47 7 26 35
1 27 13 40
11 29 20 15
11 5 45 47
4 30 39 20
48 33 43 20
13 33 36 17
14 9 40 44
8 23 41 21
48 41 8 40
49 39 26 21
49 35 41 16
11 32 26 43
43 40 41 8
20 49 43 24
34 18 16 25
15 24 33 48
37 0 38 17
49 37 35 12
12 3 41 19
46 37 41 12
21 32 37 27
35 11 40 21
17 22 33 40
8 25 41 11
14 4 24 11
5 5 21 47
12 8 37 2
48 42 29 6
9 17 43 19
10 8 40 25
10 41 39 10
26 6 34 35
16 3 44 19
14 0 23 28
16 2 22 49
16 32 23 48
7 8 26 12
12 35 28 32
41 14 29 48
34 15 24 23
49 43 45 45
37 4 26 39
2 24 37 4
22 30 49 23
25 1 42 20
44 40 39 16
13 2 24 32
39 2 38 8
6 29 38 17
39 34 28 32
7 3 14 25
12 12 42 19
28 1 40 15
31 28 39 14
34 24 28 49
43 41 47 48
9 28 41 22
35 36 6 37
10 31 49 22
15 2 37 49
49 45 42 22
10 10 43 21
13 1 43 38
11 14 45 12
14 26 22 45
5 6 16 40
14 32 24 5
6 27 43 22
14 4 20 29
10 12 24 37
14 25 40 40
26 3 15 30
46 0 17 42
18 27 23 3
41 34 35 45
23 18 37 10
4 29 23 1
0 29 12 1
15 9 36 43
2 27 37 10
14 0 23 48
42 44 29 3
8 25 41 8
28 2 47 8
26 36 41 39
47 45 45 33
44 35 42 18
13 31 42 10
9 25 35 43
21 24 49 5
6 27 38 12
18 26 28 23
8 7 20 25
34 4 31 13
9 28 44 44
4 26 13 35
14 2 44 40
27 33 35 7
15 4 35 13
23 30 17 39
41 32 28 10
16 34 47 7
16 34 38 45
4 22 15 46
7 19 24 34
43 0 35 14
45 43 47 36
17 16 45 12
13 6 37 20
45 34 36 31
10 25 17 31
4 26 44 6
20 0 37 12
7 30 29 46
25 33 39 49
40 33 43 24
32 2 15 49
3 29 20 34
18 48 33 35
10 2 35 16
33 4 33 9
37 1 18 39
12 23 18 44
9 7 40 38
34 0 43 47
47 46 41 6
39 19 22 38
48 38 26 14
36 13 23 3
31 34 37 5
46 2 40 22
23 31 38 41
6 0 44 18
