50 111 12965 800
45 18 22 14
46 17 20 44
44 11 21 18
47 24 24 26
11 22 4 29
23 14 20 41
13 18 31 15
39 39 0 37
17 7 34 31
44 11 25 44
9 37 27 14
44 37 21 22
42 31 19 43
44 17 2 14
39 27 25 14
9 11 19 28
14 31 27 12
26 1 30 4
41 14 10 30
48 0 29 8
48 11 25 14
46 8 25 13
42 12 23 17
13 29 5 29
36 13 4 23
39 9 33 13
38 11 22 11
42 2 19 39
39 13 34 7
49 10 27 19
41 18 22 14
25 37 18 12
10 37 3 8
45 22 33 22
37 9 27 14
40 9 21 30
42 15 22 44
49 3 36 40
31 30 10 27
25 46 2 29
40 18 3 33
22 4 4 7
19 26 9 46
20 33 15 44
12 48 22 8
49 30 23 6
25 13 7 2
12 4 20 29
28 49 46 28
36 35 18 26
17 23 15 44
41 39 19 3
18 34 4 36
48 3 19 11
37 13 25 8
43 9 13 22
23 33 26 38
16 7 21 8
20 28 16 30
42 31 19 39
35 30 19 39
7 1 30 4
12 32 46 6
8 31 23 8
20 20 3 26
48 11 28 35
23 37 12 21
23 25 21 39
47 25 15 44
36 45 14 46
29 26 29 17
34 14 4 33
27 0 24 6
20 47 28 7
27 4 45 18
29 35 21 29
41 41 17 45
49 12 16 10
15 34 31 9
22 43 33 18
39 11 24 13
44 22 14 31
43 6 38 8
15 41 18 16
14 35 4 42
17 48 0 23
19 45 2 25
43 11 44 28
46 0 27 11
37 13 15 44
49 19 14 26
12 2 15 14
29 6 27 11
19 30 12 43
17 12 5 5
22 43 28 14
1 29 1 40
21 22 17 14
47 8 10 31
34 7 16 36
44 7 39 2
19 6 14 42
42 16 26 15
8 36 22 42
7 32 23 1
29 13 9 4
34 7 27 33
36 20 38 11
39 2 7 26
41 14 26 8
38 13 4 33
