50 984 12612 800
25 6 15 39
9 27 33 17
24 6 6 39
36 42 7 38
18 18 35 12
35 20 38 17
18 49 3 37
13 26 7 32
42 29 9 38
22 3 39 19
31 13 35 17
28 29 13 40
46 14 1 39
28 2 4 31
47 23 20 8
24 42 40 15
16 38 33 16
1 3 33 14
16 19 11 31
18 9 7 40
26 37 1 40
10 21 9 29
22 46 35 10
18 28 11 36
31 33 9 31
11 22 34 24
11 49 9 27
2 33 29 8
21 6 3 28
15 20 8 39
39 28 40 14
35 8 37 18
19 1 3 35
33 22 2 17
13 29 43 15
25 4 9 34
4 13 4 37
36 45 29 15
39 24 8 32
30 23 40 24
15 32 2 35
4 43 21 7
29 35 31 19
6 23 3 39
22 1 39 45
12 17 7 42
33 32 34 15
25 4 0 32
18 1 5 40
33 1 33 12
34 37 6 40
17 15 14 41
36 16 9 49
5 27 39 42
5 19 7 33
24 35 34 30
45 46 0 36
30 42 26 16
13 22 33 13
33 13 35 25
28 47 7 38
24 33 33 20
26 33 10 37
2 28 10 41
23 11 42 16
18 30 38 18
31 21 14 35
24 5 11 31
18 9 11 43
41 34 32 38
1 27 21 43
37 33 3 39
24 45 6 39
24 5 45 12
18 4 6 32
33 1 5 37
12 15 0 30
23 3 22 44
35 5 34 12
13 19 24 14
30 49 4 31
17 14 5 34
13 19 12 34
38 23 32 23
45 44 1 39
16 26 6 35
17 15 8 37
14 31 14 37
10 12 1 41
9 6 30 14
18 22 38 18
43 1 10 33
37 16 10 35
47 13 9 37
39 2 40 24
16 11 45 48
47 22 37 21
39 33 8 38
22 18 8 38
45 43 31 18
48 22 35 13
20 5 14 35
34 35 43 49
41 22 36 18
24 3 35 10
38 18 4 38
47 40 41 13
24 4 42 27
12 40 36 24
19 11 9 31
37 33 13 31
11 33 34 14
27 18 39 14
42 36 5 40
36 33 31 15
23 5 4 43
21 25 36 18
7 17 8 48
19 33 29 17
36 29 9 37
15 14 27 44
8 9 17 40
10 19 32 44
19 0 13 39
15 14 36 19
23 25 12 26
28 49 7 27
14 16 40 24
32 4 47 47
28 39 4 37
10 17 36 13
16 27 13 34
16 11 42 34
31 16 34 12
3 26 6 37
20 17 19 22
29 45 9 37
24 4 43 9
25 16 33 19
13 9 16 35
20 20 6 39
44 28 7 37
33 24 25 24
48 23 12 42
34 12 9 29
7 32 1 43
16 22 2 40
25 0 3 35
25 49 34 19
18 4 7 32
48 24 6 38
48 8 33 29
34 15 11 34
11 29 38 23
17 47 13 43
30 45 46 26
29 36 34 16
3 46 16 32
13 21 42 29
18 2 14 28
24 36 41 17
18 25 7 37
0 32 12 32
18 24 14 42
27 48 3 44
17 11 18 42
20 3 8 40
36 47 8 33
26 1 5 35
6 30 11 38
17 20 38 20
15 20 30 15
35 47 1 37
18 13 40 13
15 49 9 33
19 34 33 14
25 4 36 26
30 8 31 13
15 15 29 13
1 35 35 22
49 13 26 14
19 0 4 34
43 33 35 24
28 42 44 41
11 11 38 15
10 18 10 41
19 3 40 14
5 6 9 29
11 10 7 36
19 6 7 38
48 6 8 31
32 41 6 34
42 37 29 40
9 41 6 28
20 27 4 31
45 9 5 45
11 22 46 47
22 43 32 6
3 39 12 29
13 15 37 44
46 19 31 20
24 2 4 28
44 0 36 17
16 37 16 30
40 39 36 20
27 40 9 40
29 44 35 25
44 13 34 38
16 49 37 11
25 8 47 8
41 42 38 19
1 33 9 34
15 16 28 30
2 10 12 33
18 23 12 36
25 3 5 40
26 13 32 19
18 4 36 29
17 16 3 23
24 6 28 22
17 41 32 16
37 25 7 29
25 8 39 45
10 8 44 25
13 42 5 29
35 46 0 38
11 19 2 39
38 33 1 33
43 46 10 41
10 22 8 39
29 3 9 30
47 14 39 19
22 3 3 37
1 26 4 32
24 11 38 11
16 36 42 38
20 5 10 25
11 22 36 23
49 23 2 44
23 14 41 44
12 22 36 16
17 4 29 7
29 39 6 36
11 43 41 33
22 33 8 33
31 35 8 35
17 5 6 38
8 13 2 30
39 44 26 19
33 45 9 41
23 40 11 12
33 45 7 30
19 12 37 20
17 26 24 25
5 30 9 34
18 9 33 18
46 36 28 39
19 21 11 36
18 32 7 41
6 41 7 36
6 35 9 41
42 24 11 36
28 18 1 44
40 0 11 27
21 7 5 31
12 22 6 31
18 19 9 41
17 4 44 49
18 17 10 29
19 5 7 37
41 14 36 9
3 42 33 27
10 18 13 10
30 35 1 38
49 25 28 25
19 16 13 38
24 16 9 38
40 36 7 35
15 17 37 20
28 4 11 36
11 19 11 35
13 37 21 38
38 44 34 21
31 39 14 38
17 9 32 19
19 17 12 33
19 16 49 31
32 38 11 39
17 17 22 26
8 17 3 33
38 45 32 43
41 2 13 35
33 12 32 22
32 42 3 31
49 22 25 26
13 24 11 30
29 39 43 18
33 24 33 32
34 38 10 34
5 26 9 38
45 8 8 25
45 39 36 15
15 17 29 14
31 22 5 38
22 2 42 5
2 19 48 19
7 9 33 15
1 47 40 13
3 17 0 26
43 23 32 13
16 15 5 31
17 3 33 32
20 24 32 18
40 4 45 22
36 44 2 34
19 13 33 25
17 28 40 19
26 7 34 20
4 33 37 46
10 40 30 19
38 21 10 33
17 6 12 34
24 5 34 20
36 24 43 16
37 49 28 23
49 29 34 20
16 16 34 16
19 0 32 23
48 2 20 1
22 7 9 42
26 28 30 42
12 41 4 28
7 6 46 28
34 38 36 12
39 9 9 28
22 7 26 15
21 16 13 26
31 24 10 27
5 14 2 38
29 15 11 31
13 36 6 28
27 20 4 26
44 0 3 32
33 45 13 35
5 41 35 16
48 20 9 41
32 21 6 29
24 7 5 32
20 6 6 39
40 38 9 27
16 45 12 31
19 39 42 23
14 20 29 20
26 29 32 14
18 18 10 43
11 17 44 48
16 43 35 42
49 29 12 10
42 4 15 30
44 48 45 21
9 31 10 27
19 3 26 16
9 13 31 48
21 0 10 37
24 6 3 25
20 2 17 34
49 20 14 39
25 1 15 41
31 35 35 17
27 48 5 34
15 16 32 26
13 25 39 20
12 17 40 20
44 23 32 18
44 6 4 38
17 4 32 20
47 17 8 43
14 45 12 35
33 8 10 43
14 16 48 41
21 38 10 41
22 45 4 25
13 21 34 22
3 34 31 19
27 23 9 25
22 3 28 18
14 20 38 17
13 7 5 29
26 38 10 36
22 45 36 20
14 15 11 40
16 44 14 40
0 44 32 34
43 8 29 9
11 16 49 31
10 13 32 15
6 16 40 39
11 8 6 43
41 48 42 14
7 18 10 34
47 41 2 36
22 3 43 48
37 45 1 42
47 34 44 38
26 41 6 35
11 17 2 33
32 42 20 35
46 40 12 36
48 33 13 39
34 30 10 44
22 49 37 17
0 35 39 31
5 17 11 42
23 45 30 18
15 44 39 18
40 21 38 13
4 18 7 26
12 19 35 17
36 27 9 30
20 4 6 46
19 3 14 31
45 44 7 41
20 45 28 42
12 25 35 14
15 18 12 30
29 33 9 30
37 30 33 23
31 30 12 38
25 3 45 29
30 8 17 41
33 47 37 20
15 20 16 34
13 22 9 38
48 9 39 27
17 37 11 33
16 3 4 39
16 29 12 35
47 5 4 36
35 39 42 23
21 19 22 37
25 6 31 26
18 32 7 36
12 14 29 32
13 18 1 27
17 48 33 8
44 19 6 31
20 49 10 38
40 45 3 35
19 43 39 16
19 36 33 25
4 34 28 31
47 40 39 23
31 25 8 39
18 24 9 42
17 19 32 16
16 16 8 34
42 43 9 36
37 40 42 39
46 19 5 38
23 4 9 35
23 34 14 36
14 35 10 31
5 35 43 16
26 4 8 38
47 8 6 27
6 20 34 12
26 7 4 38
17 4 10 28
28 35 26 2
23 3 6 35
19 34 48 16
41 46 3 32
38 25 16 33
26 5 34 11
26 2 6 35
20 11 31 23
16 21 8 30
20 25 16 38
28 37 34 9
29 46 34 17
21 35 41 20
17 19 28 30
42 43 37 11
20 32 29 17
19 17 37 16
11 37 9 45
10 22 8 39
43 46 5 34
30 13 33 20
23 25 13 32
13 17 37 20
31 21 6 43
17 4 16 37
34 23 38 33
46 23 10 41
6 11 6 34
46 28 12 34
44 49 36 19
18 25 40 20
37 30 11 37
24 4 4 32
13 17 11 34
17 10 14 36
33 21 49 45
18 8 34 30
28 38 35 17
10 41 25 22
30 14 8 40
29 11 43 16
39 32 4 35
34 10 2 40
38 43 29 22
12 4 7 39
12 19 3 5
15 7 42 21
11 20 13 27
2 20 10 12
12 39 8 30
42 36 7 33
12 32 9 28
13 17 10 39
24 9 4 30
13 40 38 10
35 31 33 25
45 25 47 15
47 26 4 36
21 8 5 42
11 4 14 43
28 31 29 14
42 21 9 43
48 38 2 34
23 2 41 21
11 21 27 10
21 4 37 18
17 3 10 35
1 24 32 14
22 43 41 30
4 4 10 32
23 6 32 17
13 9 42 20
44 28 8 38
13 10 29 24
25 21 28 18
39 17 36 20
45 21 4 27
27 11 3 37
21 45 46 40
18 42 28 24
13 36 33 5
37 35 34 27
12 15 32 20
43 24 6 36
21 1 10 36
18 33 12 25
27 45 9 26
2 48 34 45
33 25 6 39
0 25 11 47
20 0 44 29
32 7 8 41
47 31 5 31
19 11 8 36
35 26 4 37
25 41 30 23
45 10 15 36
42 43 42 13
24 46 31 21
33 15 40 38
12 15 7 37
14 11 10 31
22 5 41 12
9 11 13 31
32 25 11 33
48 14 16 37
17 13 9 40
34 49 47 4
45 10 39 14
18 3 4 37
27 1 34 19
28 11 34 21
17 12 5 29
41 32 9 39
19 47 19 21
21 47 13 31
1 43 11 28
46 10 27 26
5 12 35 10
23 41 22 27
38 26 37 17
20 6 37 20
12 23 3 32
8 0 12 30
39 16 2 31
39 39 28 24
47 23 32 23
19 26 12 36
33 25 37 16
13 41 32 20
28 41 6 40
16 21 35 47
43 17 5 44
28 39 33 13
13 27 30 20
19 0 36 14
34 14 7 37
35 47 10 34
14 15 44 41
34 34 33 19
9 46 11 33
20 1 38 14
25 4 30 45
18 16 6 44
13 29 33 16
19 21 42 14
11 21 12 35
20 18 31 15
44 12 8 39
10 20 7 36
19 14 8 34
17 25 6 41
22 40 11 37
49 23 14 34
12 19 6 36
30 27 31 47
41 30 10 31
16 43 15 34
31 11 8 36
24 36 4 38
42 35 4 40
45 29 9 36
43 2 6 34
43 28 35 21
40 20 16 29
21 10 6 26
15 12 6 32
31 26 34 10
17 4 12 31
13 18 7 27
46 22 8 31
19 11 4 45
31 38 6 36
3 25 34 16
16 27 5 31
19 38 12 39
34 28 2 33
13 36 38 25
16 11 34 23
19 14 44 31
8 45 8 38
26 36 40 9
24 39 34 40
11 15 13 34
19 4 42 38
43 3 6 38
41 7 45 34
13 28 7 31
39 35 41 43
34 15 38 38
22 0 45 3
4 47 37 38
4 41 29 12
28 11 5 32
18 40 6 27
22 41 42 11
24 5 30 12
41 27 36 18
15 33 0 37
42 21 35 19
15 12 14 34
30 34 3 31
33 47 31 12
4 24 28 29
18 2 11 34
29 41 10 39
25 39 36 31
23 2 37 17
37 40 34 19
22 5 39 24
17 34 27 14
24 44 11 33
40 25 30 19
20 31 9 29
20 3 35 4
22 0 28 15
14 13 7 39
17 21 37 27
19 0 28 20
10 31 34 14
16 2 8 32
35 32 37 16
49 39 12 14
10 21 7 34
9 25 2 28
20 8 13 34
30 11 48 49
33 11 40 24
49 34 8 38
31 48 5 41
34 33 33 20
7 38 9 35
42 11 7 41
21 4 12 37
25 3 3 39
2 35 33 16
12 18 8 36
23 4 14 33
20 6 33 14
22 0 6 38
14 11 9 32
4 19 6 35
36 15 7 34
47 25 31 21
33 13 6 38
10 19 10 40
15 42 46 31
35 9 13 42
28 22 15 35
24 3 45 28
26 5 30 11
18 41 34 23
44 33 10 30
16 13 48 43
14 9 41 25
39 26 46 46
43 19 5 33
23 10 15 38
41 22 9 28
18 11 9 32
26 2 35 13
29 41 12 34
21 29 7 40
23 0 7 44
42 20 19 29
49 36 8 42
18 6 10 39
47 4 12 37
16 47 33 17
5 15 16 34
29 29 36 13
10 18 12 37
31 15 5 47
44 9 7 38
20 4 34 17
26 27 10 30
12 29 47 7
13 12 9 27
12 12 26 43
41 42 28 15
14 18 36 18
36 41 38 15
3 5 22 19
20 7 19 41
27 41 36 17
19 22 40 19
20 1 36 14
12 17 5 37
46 17 33 24
26 20 10 36
7 24 19 16
14 4 7 32
49 29 27 27
23 6 6 38
27 0 13 35
13 17 0 47
22 1 26 14
42 33 22 27
17 13 39 18
23 35 35 10
19 4 28 17
19 33 7 41
44 15 31 15
20 7 0 36
21 6 35 24
4 32 6 39
35 43 9 29
16 17 28 17
25 11 39 17
11 15 34 20
3 30 0 38
5 4 47 17
21 5 12 38
5 43 11 27
34 8 42 46
38 34 34 6
31 42 33 22
8 36 38 13
30 21 11 37
17 6 43 21
25 48 4 34
42 44 44 11
17 11 8 40
43 12 13 38
2 33 40 21
28 35 11 37
24 1 6 40
21 40 10 37
28 34 12 38
21 4 37 33
20 17 12 39
43 4 47 47
22 6 38 15
23 26 11 35
13 36 41 47
40 28 16 42
48 35 46 42
18 27 6 37
18 21 34 20
31 35 35 7
18 17 44 39
4 38 11 33
38 23 10 37
19 21 8 44
29 41 13 37
32 41 4 45
22 0 10 26
13 17 5 38
9 8 35 20
7 16 30 20
19 16 6 38
39 23 7 33
30 24 14 42
22 7 32 24
5 10 3 36
18 22 8 37
27 10 35 20
49 10 10 35
15 12 41 24
49 23 39 15
44 40 42 25
11 40 13 32
6 44 36 21
11 20 34 21
27 42 11 29
14 27 8 33
17 19 25 26
26 37 11 31
24 2 10 40
19 4 10 36
20 25 14 35
44 25 38 12
11 32 30 23
38 27 2 37
33 24 33 15
39 48 47 3
19 6 40 11
44 0 7 47
37 43 32 21
45 8 35 30
19 47 47 47
19 46 30 9
23 4 16 32
26 1 34 36
11 4 33 23
10 18 12 31
17 18 15 27
23 6 5 37
23 4 42 23
9 14 1 36
18 2 22 4
15 7 10 40
10 39 41 20
14 10 8 37
28 11 16 36
43 29 2 38
43 9 7 36
32 33 41 22
19 37 12 39
20 47 9 31
3 2 6 38
15 16 41 16
21 3 9 42
24 36 30 9
22 1 39 12
28 35 38 18
39 43 12 37
47 48 8 41
2 24 30 25
38 27 10 30
41 39 7 30
12 19 4 30
30 45 3 33
3 37 10 45
1 35 34 16
40 7 26 13
43 4 14 35
38 29 28 21
37 29 34 19
13 37 7 36
25 46 48 33
40 38 21 36
33 29 12 39
25 33 14 29
4 35 30 24
15 23 7 36
28 21 6 35
42 28 36 16
9 46 4 49
38 10 32 31
8 48 34 15
40 28 11 31
44 18 30 15
49 45 17 37
42 27 5 37
7 16 10 35
33 13 35 36
26 31 7 1
15 31 37 21
8 9 34 17
23 4 38 10
31 20 32 11
23 9 10 28
7 13 38 23
8 40 26 21
25 3 19 38
16 3 6 32
0 28 32 15
46 30 15 38
26 41 33 28
41 38 32 46
40 14 0 28
15 7 32 21
6 9 2 38
15 13 46 28
26 37 4 34
44 25 8 33
36 12 11 33
4 26 8 34
16 45 38 36
31 38 21 2
7 26 33 13
4 5 7 38
22 0 0 30
22 46 36 13
13 39 0 40
26 40 9 41
17 18 42 48
16 14 28 22
20 37 36 10
3 4 9 29
18 9 23 21
34 12 41 17
2 31 9 37
30 13 36 16
23 5 40 19
39 15 32 24
7 31 8 25
29 41 37 17
33 16 41 8
17 13 34 21
31 22 14 29
17 5 39 21
20 19 41 21
10 19 8 39
18 23 35 15
49 3 10 29
19 27 28 19
15 45 8 36
22 13 33 14
37 49 9 27
18 6 30 19
28 46 9 32
37 26 11 31
26 45 9 36
19 21 7 34
28 39 36 16
44 36 41 22
11 37 4 40
22 32 0 33
19 30 36 20
23 7 27 18
43 13 32 18
22 6 36 13
20 6 28 15
39 43 12 35
2 43 8 35
12 15 8 28
42 16 7 28
9 21 27 6
46 16 26 17
41 37 2 35
11 18 11 38
42 36 31 22
22 1 6 35
15 36 29 45
