50 251 12258 800
13 28 27 14
29 36 24 41
33 24 19 49
14 10 18 44
31 2 38 7
38 20 16 39
31 14 41 12
29 24 25 48
16 17 31 22
15 16 28 15
17 8 13 47
47 10 14 39
17 32 11 46
9 19 15 43
24 1 42 24
13 10 45 44
30 9 35 18
9 6 45 28
37 10 8 46
16 9 12 32
14 19 26 47
12 27 13 46
12 30 32 48
15 1 19 36
0 32 40 40
21 15 49 34
13 11 30 4
34 1 14 16
5 30 13 25
15 6 30 17
10 31 48 33
18 29 27 36
23 21 15 43
27 5 5 27
36 6 31 7
29 10 15 47
9 26 23 44
15 26 31 2
30 7 42 15
24 11 43 30
33 15 39 3
24 7 22 48
21 0 43 20
14 24 19 45
27 1 46 48
18 13 11 40
34 6 13 30
16 20 19 35
7 33 45 14
17 30 40 44
5 19 42 38
29 9 43 17
3 19 30 30
26 14 16 47
39 40 37 20
31 7 26 38
15 24 7 21
9 20 30 45
16 9 35 48
26 1 9 1
22 14 47 19
15 10 13 47
13 8 24 42
8 24 33 45
34 2 6 29
5 13 15 20
29 25 23 2
17 12 9 44
15 18 14 43
38 11 41 14
27 26 14 40
32 8 10 38
10 14 11 41
36 19 35 3
11 28 30 14
41 0 34 19
26 13 32 33
6 9 12 43
19 23 15 22
5 6 31 21
24 21 45 19
32 29 39 14
26 18 40 15
31 17 23 42
38 5 6 9
16 2 43 0
16 9 38 33
34 18 9 48
12 23 15 12
28 12 25 15
17 12 44 28
25 10 35 33
10 22 12 45
21 22 4 36
1 18 7 36
11 16 47 18
7 29 43 14
31 1 14 47
31 14 4 23
29 32 18 46
13 20 20 30
38 6 10 5
42 6 20 48
20 27 20 38
36 20 25 18
15 21 11 49
39 19 42 12
38 13 38 45
19 24 27 45
23 16 16 29
6 24 12 2
25 23 21 39
15 26 33 15
19 21 17 47
17 19 28 46
24 17 40 17
23 14 47 25
47 14 1 46
21 19 43 16
13 8 43 46
29 14 32 36
11 22 43 44
7 20 41 2
31 13 22 47
23 13 26 37
46 8 42 15
11 18 40 32
23 17 44 4
20 19 20 14
17 23 40 10
29 3 21 30
13 26 8 46
45 32 22 39
36 16 24 29
20 29 28 33
11 26 20 15
12 18 11 45
7 8 39 0
0 8 36 39
28 4 30 16
21 2 45 20
21 25 42 1
21 19 33 36
7 28 20 40
48 6 18 28
29 16 11 47
26 2 27 18
24 12 45 2
25 12 6 37
3 15 35 34
23 23 45 18
25 7 12 43
38 40 33 25
23 12 44 15
15 21 23 6
27 1 21 43
23 14 42 8
21 37 1 44
34 16 28 46
25 11 35 19
43 2 25 35
33 21 14 43
22 25 33 49
31 6 38 11
23 9 18 24
23 23 36 32
0 22 8 21
36 9 15 35
7 17 31 14
11 20 41 20
11 22 34 7
23 23 40 30
18 15 10 44
28 11 39 8
13 10 13 28
12 22 12 49
14 7 47 10
17 12 37 11
8 42 37 5
6 15 31 13
35 15 5 24
7 2 22 28
1 30 38 2
42 15 12 48
36 2 34 40
13 47 15 43
21 26 35 1
18 33 44 12
8 25 36 41
29 10 22 34
11 4 39 2
15 9 36 16
22 21 27 15
17 16 8 48
38 7 47 19
22 10 13 36
11 6 13 18
16 11 15 49
36 23 22 37
10 18 35 22
11 22 17 26
34 15 37 4
36 18 40 16
33 14 39 14
7 20 43 14
31 12 40 42
30 14 21 32
7 10 37 13
23 13 22 26
40 11 46 25
10 9 31 22
24 25 34 41
39 22 41 3
18 27 13 37
13 20 21 9
10 7 43 41
41 13 19 38
7 31 35 6
26 20 30 39
21 7 38 17
20 25 16 33
12 22 27 29
11 26 29 19
40 17 7 43
44 15 43 4
13 22 15 45
15 23 40 15
35 17 26 42
4 21 2 37
13 7 27 2
15 26 24 11
20 32 22 7
11 7 2 48
35 1 14 49
17 10 24 48
33 3 46 18
4 33 4 20
36 16 16 13
21 21 45 12
8 21 16 40
14 4 30 15
24 8 44 13
30 1 30 6
27 18 10 28
48 10 18 45
33 13 22 28
31 12 23 39
5 8 28 1
26 4 40 2
13 13 34 19
25 26 49 21
