50 740 12938 800
39 16 33 21
25 16 29 32
24 9 44 37
40 27 13 16
32 18 8 40
38 7 35 20
4 10 38 22
21 12 40 47
15 49 17 18
29 44 19 34
44 25 26 38
43 36 32 48
8 11 34 44
37 21 29 18
39 33 42 48
8 37 43 34
31 5 29 46
49 1 36 21
35 9 12 23
20 48 3 46
33 38 39 49
31 19 37 17
40 26 26 37
17 22 2 16
17 48 27 25
33 42 34 49
42 25 4 42
41 20 25 17
34 23 27 46
29 15 28 31
35 26 27 20
1 5 40 18
13 19 31 32
21 47 8 41
35 23 31 15
36 12 5 48
32 23 34 8
32 18 18 36
31 23 29 16
42 18 36 25
37 22 33 18
28 2 20 41
35 19 3 20
43 20 5 19
18 4 34 22
30 32 14 46
23 12 4 19
47 9 35 18
47 16 2 39
44 22 45 15
35 28 3 30
43 17 37 26
42 32 32 49
40 42 0 20
9 2 46 13
19 19 42 16
23 30 34 44
30 22 40 36
36 32 27 29
15 5 17 49
40 8 10 44
37 23 30 23
7 14 24 46
40 31 20 0
37 11 37 43
42 26 39 1
16 13 19 0
36 33 21 29
44 24 47 9
18 37 45 20
31 15 39 45
37 11 35 48
35 44 30 23
15 3 7 39
33 30 22 39
32 22 37 10
29 44 34 15
34 24 34 48
31 28 42 47
28 26 45 19
44 22 49 5
37 16 13 35
43 33 30 8
39 29 35 24
40 20 49 4
37 29 30 25
34 22 1 24
13 6 33 8
39 10 41 49
36 29 31 45
40 14 36 49
35 18 20 11
40 24 19 11
11 17 37 31
32 10 34 25
20 1 4 40
43 19 22 25
41 27 47 43
40 15 34 13
20 46 17 41
37 23 40 47
34 7 33 46
8 9 34 47
49 22 32 25
6 0 32 40
25 11 35 45
32 17 45 35
47 4 23 19
43 17 35 43
38 27 31 39
41 31 33 20
26 18 34 46
34 10 5 19
24 13 48 12
39 24 12 40
27 9 29 40
31 3 42 42
44 17 45 27
15 3 20 33
41 19 18 46
29 13 34 41
31 17 33 23
46 17 42 20
47 21 32 15
32 28 5 11
40 32 25 16
30 25 45 18
36 16 26 25
38 16 19 27
26 5 24 22
5 6 33 17
33 13 10 42
28 37 12 43
28 49 37 36
39 12 40 21
28 21 19 41
34 23 33 15
18 14 34 11
11 12 3 20
39 18 31 23
15 19 34 35
41 27 37 30
36 0 38 19
34 1 20 31
47 4 37 44
20 4 9 39
33 25 11 25
29 6 18 37
43 31 23 41
18 9 33 26
36 15 43 43
40 31 35 49
42 12 35 20
22 9 47 16
39 31 47 32
35 22 25 21
42 27 32 14
39 20 27 6
40 34 36 48
41 10 36 30
35 28 14 24
17 46 14 23
49 30 12 43
7 2 48 23
37 26 37 4
43 30 10 34
27 15 31 49
41 23 43 6
44 18 29 33
18 19 30 23
32 21 43 42
41 26 31 23
37 8 29 23
40 16 43 24
12 11 33 32
31 33 31 12
32 23 24 6
30 18 33 24
40 24 23 10
35 26 40 46
24 10 37 41
41 23 25 34
7 8 32 20
47 13 37 18
27 12 34 47
44 29 19 44
39 44 10 41
19 13 21 28
10 14 36 36
35 30 36 21
31 19 45 49
42 11 13 46
9 14 45 20
10 28 31 2
33 12 37 43
41 29 33 42
40 15 27 4
20 45 5 24
15 46 25 32
23 28 31 45
42 18 32 19
32 1 21 30
44 28 11 44
32 21 24 18
34 18 28 30
22 47 36 19
39 28 37 23
28 14 28 40
44 3 14 22
37 19 13 28
38 42 30 22
28 14 21 31
16 41 25 42
45 16 22 31
44 20 0 20
37 47 33 20
26 41 42 35
31 16 27 24
39 27 25 18
23 10 26 33
8 0 36 45
45 30 6 26
37 25 31 35
30 20 42 12
37 30 36 25
39 25 35 44
26 39 30 14
22 19 34 14
40 28 17 20
42 2 26 46
12 20 32 24
29 24 35 22
37 28 33 27
37 12 31 30
12 46 4 23
39 27 32 26
49 14 33 36
13 14 34 16
36 14 14 41
30 22 40 24
38 5 27 40
34 23 31 48
24 48 15 41
0 29 35 18
39 19 33 24
39 9 27 42
45 33 33 45
28 10 3 44
44 10 4 29
41 30 10 46
32 6 23 15
43 30 27 22
40 33 39 48
45 19 32 22
46 11 18 44
37 25 22 47
14 4 42 6
10 16 41 2
31 29 42 46
23 12 37 36
7 16 17 41
11 7 37 20
7 9 16 29
40 44 30 21
30 34 35 22
14 4 23 27
41 12 28 21
9 7 34 16
30 10 22 21
38 14 36 49
19 42 26 49
38 32 35 19
39 31 30 19
41 16 33 47
25 19 30 28
18 28 17 43
36 17 38 21
41 39 2 16
25 19 26 8
43 28 33 44
20 42 33 49
41 31 14 28
44 18 36 23
44 19 27 19
36 33 34 16
49 7 34 16
11 13 18 46
35 14 12 37
39 16 24 15
32 9 1 21
39 4 23 42
20 34 36 18
26 18 30 21
30 5 4 22
23 46 34 25
39 24 39 44
41 29 18 0
34 38 33 31
25 4 37 12
39 24 32 21
34 20 47 34
42 24 28 31
42 20 5 22
46 15 43 18
40 20 29 44
41 16 42 30
44 30 20 33
38 23 22 17
39 21 37 17
35 46 36 17
32 26 32 18
26 44 8 2
41 31 20 37
28 49 38 49
34 22 38 17
40 25 32 47
47 20 35 25
15 1 11 45
38 26 32 26
38 45 11 34
47 25 33 48
8 2 35 24
12 0 32 2
44 16 26 49
47 12 27 2
21 49 5 36
11 11 24 41
45 6 30 48
38 25 27 16
29 22 48 7
36 23 30 39
39 24 40 15
42 5 39 28
41 24 23 32
43 35 37 43
48 7 33 48
19 13 27 31
22 12 37 49
23 21 11 36
36 0 14 40
13 14 8 46
4 15 25 40
31 15 5 40
30 17 12 15
46 41 49 25
17 13 24 26
29 16 32 49
13 4 30 49
47 7 32 21
29 12 40 10
37 14 46 23
34 21 34 49
36 7 8 40
28 15 33 20
45 14 2 19
34 2 33 23
33 13 36 20
36 14 28 19
40 25 15 34
25 46 35 48
40 31 32 20
31 41 21 33
33 11 47 11
42 30 26 21
31 15 25 40
43 23 4 45
39 13 39 21
16 16 35 29
37 28 8 18
32 15 10 47
28 29 41 36
40 17 6 42
6 9 24 17
19 3 36 44
15 8 37 44
39 16 46 26
14 46 33 23
34 14 30 20
40 27 30 19
39 17 42 42
28 0 22 43
42 25 25 46
21 47 32 18
35 23 24 32
43 40 26 14
28 2 35 42
19 46 34 14
42 20 43 26
27 6 48 49
42 19 23 39
27 15 27 29
34 16 5 11
35 14 13 10
37 32 17 34
36 32 37 49
44 16 33 41
16 44 3 33
20 44 38 12
15 7 23 31
30 1 42 38
40 9 15 44
4 5 29 11
34 21 45 23
45 24 24 40
17 7 3 34
4 22 26 30
36 27 18 27
46 1 34 24
3 23 29 20
26 16 37 6
14 2 24 19
27 42 42 22
30 42 26 11
36 22 16 31
30 17 36 30
39 20 20 37
40 30 38 47
36 15 28 23
27 19 49 26
37 9 38 25
17 47 34 15
35 17 29 20
24 31 14 35
34 10 29 24
24 44 32 49
45 15 33 23
35 25 20 34
30 19 31 14
20 48 4 40
4 4 29 49
33 23 5 44
18 9 18 34
39 22 34 31
37 47 3 19
37 29 34 23
40 35 11 31
32 6 40 14
26 25 39 17
13 6 41 47
31 25 36 45
20 29 37 19
44 23 27 44
25 15 26 46
28 49 5 38
35 38 30 19
33 3 42 47
15 19 23 30
17 10 39 13
46 3 36 35
40 26 40 19
39 17 13 30
41 41 30 43
32 44 32 27
42 5 48 26
21 44 38 30
34 12 33 21
18 47 15 27
33 5 31 22
39 15 10 11
40 25 16 35
28 41 33 37
29 19 13 38
42 7 26 21
38 27 38 17
37 29 11 39
19 3 32 43
31 48 3 20
41 16 25 34
36 38 22 39
2 4 21 28
13 4 31 45
37 18 42 13
27 44 23 11
32 4 5 36
18 5 33 8
24 45 25 35
32 18 25 12
32 26 29 8
47 38 37 18
19 45 36 18
48 13 36 20
36 17 19 39
22 26 48 30
39 24 33 26
22 18 36 23
48 13 28 36
40 2 32 46
2 3 17 32
14 31 33 20
24 3 47 29
38 2 41 24
29 41 1 20
9 8 36 27
37 29 21 48
12 18 35 46
49 13 21 36
40 25 33 46
35 14 40 28
34 42 22 8
15 17 25 49
40 28 27 20
34 19 25 41
46 15 41 20
25 18 23 32
19 14 25 23
32 26 23 16
17 12 49 22
41 25 33 24
41 25 42 29
31 11 34 9
39 25 33 47
38 47 27 46
21 48 37 29
1 2 35 17
37 11 32 19
42 18 22 35
35 26 26 40
35 1 34 21
10 11 39 44
16 12 11 29
15 0 25 30
35 49 26 36
32 41 37 19
27 14 39 22
32 13 32 23
48 33 31 19
43 17 26 33
13 7 34 22
45 8 22 38
29 9 26 36
35 17 17 26
38 22 24 10
37 33 28 27
37 21 39 41
37 16 48 19
22 11 36 40
37 20 34 46
15 21 31 18
42 19 38 29
28 30 41 45
33 48 38 16
49 12 31 11
36 49 34 24
29 2 38 34
41 18 21 37
36 2 31 15
34 10 41 28
30 44 42 14
11 10 33 45
41 19 26 18
38 24 44 19
34 24 39 47
26 3 19 7
13 1 21 5
40 22 30 48
39 24 31 23
40 20 34 29
48 16 27 24
33 24 14 15
42 13 39 46
8 17 28 20
35 24 36 30
35 15 31 20
31 8 40 38
32 38 38 44
19 45 40 42
37 22 29 39
47 17 34 46
33 15 32 43
43 16 41 49
28 19 33 37
27 23 39 23
28 9 26 44
39 26 44 26
35 9 21 28
43 23 12 13
33 16 24 28
23 5 34 19
42 10 12 46
32 48 38 22
40 17 13 47
29 7 20 42
43 21 34 24
16 7 18 48
42 17 31 34
37 24 23 45
43 32 26 30
29 43 25 31
4 3 35 43
18 15 32 25
44 7 40 41
27 41 17 44
23 18 33 21
21 40 34 18
42 17 8 41
17 6 39 24
44 27 33 15
43 29 32 15
44 21 33 45
33 5 29 9
28 9 26 24
44 16 30 20
45 46 28 17
20 21 24 35
36 27 30 27
40 17 29 43
40 27 26 9
36 17 32 20
25 10 24 21
7 19 32 49
41 19 13 40
48 45 26 31
38 19 36 49
1 1 19 19
47 19 31 20
32 49 17 4
33 6 29 19
45 6 39 29
36 32 36 45
39 16 4 21
40 42 36 41
31 48 30 24
33 2 29 49
29 10 33 46
26 1 14 42
41 3 27 24
27 23 29 37
26 29 43 10
42 31 35 21
41 18 6 46
37 21 3 19
30 26 34 44
27 25 35 49
33 20 16 45
48 19 35 19
23 46 33 23
20 35 25 33
30 47 36 32
21 49 6 16
39 13 34 16
25 41 31 18
29 18 1 37
25 38 30 23
8 2 20 39
17 12 43 31
41 21 23 43
12 43 35 20
38 30 23 49
45 2 31 46
32 45 21 14
18 47 40 30
43 15 40 46
43 29 26 31
16 18 32 41
17 1 28 23
41 26 12 10
25 43 2 20
36 16 30 17
48 19 33 12
25 7 10 36
34 21 30 48
46 13 31 46
40 28 37 43
43 27 35 44
44 1 28 27
38 21 22 32
45 18 38 36
25 18 31 22
36 28 34 35
41 17 11 48
49 25 1 22
40 8 29 27
48 34 36 25
30 25 8 1
11 5 35 24
31 19 42 42
32 17 32 22
21 47 14 30
37 27 37 43
37 43 49 30
35 16 28 18
38 13 13 31
27 12 33 26
37 21 26 30
39 21 30 48
38 34 30 23
22 45 5 9
22 47 4 22
37 28 34 14
40 31 41 25
33 20 34 14
20 45 35 29
42 43 17 9
35 16 12 46
29 20 8 35
17 19 17 24
22 46 35 23
3 2 34 48
31 2 25 43
36 19 25 15
44 23 26 9
39 30 27 34
35 31 34 46
32 23 2 32
35 6 37 21
16 40 17 34
40 26 23 14
39 38 45 27
14 6 19 36
40 21 32 24
20 13 36 22
40 9 8 31
16 43 31 2
25 21 23 26
29 25 33 21
34 46 40 45
43 21 36 21
36 30 47 9
43 15 0 38
30 22 2 22
30 3 32 25
24 44 6 20
27 46 31 22
32 17 43 32
38 31 4 44
31 7 34 48
28 12 29 48
23 48 14 41
19 10 40 41
41 18 35 17
19 3 40 46
37 19 46 31
12 8 33 12
25 49 30 23
42 22 21 9
33 47 24 30
28 21 15 5
43 12 38 20
41 3 19 2
30 22 4 42
