50 312 18210 800
9 4 47 26
22 38 32 25
7 36 24 3
26 2 38 40
28 30 25 5
11 10 29 21
36 37 34 14
9 32 19 37
24 45 19 25
44 37 20 31
20 23 21 30
33 38 24 27
23 34 28 44
40 5 6 24
29 47 32 11
16 36 26 25
12 20 26 32
19 23 27 25
41 46 26 7
38 38 11 7
30 15 15 6
34 18 45 22
31 27 25 32
4 19 23 8
18 20 11 11
37 17 42 43
37 33 24 20
46 41 14 16
32 43 41 44
21 31 32 21
22 29 24 6
13 15 25 11
42 43 28 1
40 30 24 24
42 3 25 8
13 29 16 44
30 48 2 17
21 32 2 7
14 37 5 34
28 42 22 23
33 48 14 18
26 27 19 41
44 4 29 43
25 19 33 47
36 39 35 47
37 3 23 23
43 33 25 24
4 15 23 9
29 35 19 27
45 12 22 18
0 23 26 25
22 41 6 1
1 29 27 9
2 17 22 29
1 5 19 30
42 12 25 44
34 36 20 11
47 32 33 25
8 19 24 30
49 35 32 40
26 29 30 48
21 38 18 35
26 2 33 10
14 35 26 3
35 35 32 26
18 0 2 23
7 7 21 39
25 43 26 7
4 16 25 23
47 35 11 19
31 36 24 33
23 33 28 25
37 48 30 28
35 38 34 7
22 26 17 8
37 43 29 25
37 37 21 36
39 22 26 7
37 8 27 13
31 38 16 35
39 43 12 31
15 35 29 31
32 34 16 1
17 22 43 33
27 48 23 4
30 40 28 5
39 13 30 18
5 17 33 7
12 47 36 27
2 11 34 4
41 15 36 40
6 5 29 17
40 19 19 23
30 31 18 12
16 6 7 16
30 33 47 46
5 43 33 46
20 15 33 5
1 22 21 26
29 20 44 13
42 41 32 49
34 40 12 22
35 38 30 49
49 18 34 45
23 30 26 27
34 29 10 34
30 30 7 13
17 36 9 36
7 38 21 44
33 24 19 45
5 9 21 23
13 32 24 29
27 17 31 25
44 14 41 35
31 45 21 1
25 9 32 46
2 27 39 21
36 32 22 34
35 41 26 32
33 27 26 33
25 46 17 31
39 3 17 2
4 23 43 21
32 38 26 21
16 8 31 5
14 27 29 30
49 40 9 1
23 36 25 13
29 1 30 13
40 21 20 42
34 41 22 27
38 0 7 3
48 36 30 44
30 43 23 8
26 37 5 11
41 40 31 47
16 24 24 10
14 18 30 30
28 12 16 14
46 49 14 34
42 35 36 6
26 47 29 30
44 29 23 21
32 22 8 5
47 49 37 47
18 18 21 40
20 15 30 20
34 36 22 29
42 6 33 12
39 34 22 18
20 8 24 33
27 15 21 18
43 33 20 33
16 29 24 28
23 37 29 10
30 43 25 32
37 32 12 19
37 30 32 25
36 28 4 49
45 45 26 6
45 39 23 26
24 2 6 46
49 0 36 28
46 45 37 32
39 26 4 33
9 32 33 45
25 8 46 48
34 46 27 45
8 20 27 35
39 36 25 9
25 25 26 11
1 10 34 12
16 22 27 43
36 24 23 12
36 43 28 44
18 46 34 42
19 19 8 22
9 20 39 3
23 32 9 10
33 17 26 46
42 40 16 2
31 26 27 39
22 9 29 49
0 40 13 15
38 43 32 13
33 37 23 35
41 45 39 48
32 32 33 46
41 40 33 10
5 17 22 28
42 24 28 49
48 39 31 43
41 47 27 3
21 47 21 27
7 41 30 26
45 35 20 8
12 18 31 48
47 40 24 25
30 19 13 9
35 37 30 28
20 27 16 15
32 44 37 10
13 5 27 24
35 36 26 27
39 30 15 8
45 17 7 12
29 48 21 15
39 2 30 27
35 36 36 3
19 27 18 12
46 2 21 43
24 38 22 20
15 4 31 41
49 37 24 27
16 7 23 23
12 21 24 24
24 47 27 17
40 22 27 26
49 30 24 28
19 41 20 30
25 36 32 8
15 29 31 27
48 31 21 28
35 33 18 28
18 44 33 45
30 25 24 21
13 11 34 46
36 22 28 9
31 39 24 18
18 23 29 49
29 32 38 48
30 34 25 32
26 0 19 14
1 28 29 26
37 45 31 24
17 27 33 47
42 29 7 11
19 36 24 22
46 13 11 40
11 43 27 39
26 36 29 13
33 23 11 23
40 49 35 13
14 10 29 30
31 30 20 22
21 31 7 36
34 28 6 14
16 28 25 37
3 27 38 11
36 38 31 15
27 41 22 27
25 23 35 40
35 30 20 26
39 31 33 6
31 29 25 12
29 13 22 24
30 29 16 42
13 30 12 5
31 38 28 13
18 34 7 12
17 31 22 24
30 39 44 44
8 8 32 35
42 11 27 14
45 33 17 28
12 21 24 27
37 32 33 5
37 34 16 31
39 27 22 37
20 24 33 44
40 11 24 30
2 16 27 35
28 43 17 6
31 35 20 14
35 9 22 14
43 49 25 30
5 12 25 29
43 33 22 27
10 27 25 26
41 16 9 11
4 14 23 40
44 37 28 36
25 46 21 17
15 37 30 25
39 37 30 11
20 12 29 29
36 18 32 24
17 49 27 31
43 14 22 8
49 37 32 6
47 45 16 17
31 42 27 43
21 49 33 17
30 21 17 34
26 24 40 38
36 40 12 10
32 34 34 49
37 22 24 29
37 16 4 16
40 45 19 6
49 13 15 14
22 35 20 25
32 19 30 11
17 26 24 29
11 34 20 26
25 41 28 6
17 35 20 3
37 44 14 19
32 30 30 46
39 17 14 13
37 47 33 32
48 21 6 37
