50 677 13871 800
10 16 37 19
17 13 28 15
29 26 1 15
9 14 0 43
14 3 13 43
42 30 45 38
28 21 35 16
34 21 19 17
17 22 27 16
17 28 15 9
34 18 44 6
21 9 11 5
40 20 19 34
18 39 35 3
17 8 0 13
28 23 11 43
27 27 23 10
45 17 34 14
44 28 3 31
44 28 19 15
31 9 21 21
47 29 38 17
33 47 8 40
32 34 30 23
37 8 39 14
30 26 25 19
44 29 20 35
7 39 37 20
26 23 35 16
13 20 23 18
45 31 11 28
47 27 14 19
33 23 1 6
44 27 3 10
35 23 31 3
46 28 45 11
13 13 10 17
35 10 6 30
11 17 45 10
27 20 26 16
32 23 34 15
29 21 32 16
35 22 5 12
27 28 27 14
43 32 10 6
24 0 36 7
35 21 37 12
31 28 21 17
33 25 36 23
33 23 9 16
29 26 15 24
35 22 17 7
30 21 35 16
24 23 31 22
29 17 31 5
18 6 0 12
0 28 34 24
17 44 49 11
20 40 0 28
40 16 33 19
31 26 28 0
35 20 8 2
19 12 3 6
21 37 28 46
10 31 24 9
29 24 15 19
27 22 38 15
10 29 28 20
24 30 26 13
10 13 35 31
33 20 13 37
27 19 43 9
29 22 37 24
21 21 16 16
29 25 44 23
45 27 15 17
29 17 19 18
43 29 8 33
26 19 22 31
15 8 12 34
23 14 33 15
40 28 8 29
27 26 12 28
25 6 9 37
42 33 2 24
19 11 38 8
8 34 36 15
43 29 33 15
25 23 41 15
40 27 39 45
38 49 29 17
29 21 35 16
29 38 16 3
48 28 23 12
12 29 35 20
32 9 24 0
8 32 21 18
30 24 11 7
30 24 37 24
31 27 11 33
30 10 24 14
30 26 27 18
5 29 4 23
26 21 2 7
29 27 35 17
15 6 32 8
40 26 24 29
29 25 8 17
16 8 48 9
7 25 32 15
2 9 36 15
2 10 19 25
19 7 42 36
21 2 18 15
17 9 5 47
42 27 31 14
29 31 6 11
4 8 34 12
23 22 34 18
35 25 19 33
33 25 9 7
31 44 37 22
11 2 45 7
30 20 27 12
31 4 19 1
34 24 31 26
20 9 4 1
35 27 49 34
43 26 46 15
25 14 28 18
7 22 6 7
34 11 26 24
26 11 46 9
34 20 27 24
46 26 7 3
41 33 4 12
27 20 36 15
47 31 32 13
23 18 23 12
29 29 18 7
30 21 6 1
9 4 36 17
27 23 33 17
33 28 27 19
31 0 37 32
12 25 34 27
31 23 7 10
3 29 32 14
8 5 35 18
18 14 23 18
30 13 46 8
45 34 22 18
25 25 7 8
28 21 11 36
35 30 31 16
16 26 37 32
44 30 8 27
43 30 40 19
26 21 36 14
18 24 7 16
21 43 24 17
21 40 26 4
19 3 5 28
29 17 39 17
25 34 38 4
31 12 21 17
36 37 19 7
11 8 35 25
27 22 39 20
42 29 7 47
31 12 6 14
42 28 19 14
16 4 22 24
25 16 7 7
13 6 46 22
45 28 12 16
5 22 7 42
10 5 32 18
23 11 17 18
8 20 13 1
18 18 12 24
26 2 26 11
27 25 22 45
33 22 12 29
27 18 4 20
44 42 21 47
47 48 16 22
29 3 36 12
21 20 11 3
15 7 45 16
15 30 20 37
47 29 35 12
25 26 33 21
32 24 22 15
11 9 39 6
43 28 43 20
43 33 1 15
35 26 17 25
44 27 26 16
38 46 12 5
46 9 23 13
29 25 6 27
40 29 43 34
45 31 20 16
3 11 47 38
28 26 41 18
14 7 14 15
22 6 10 17
28 17 46 11
14 19 42 15
19 10 12 17
26 23 10 1
18 7 27 18
27 23 6 14
13 22 5 11
2 10 26 30
23 22 27 28
30 26 11 45
32 23 48 39
33 23 9 31
22 12 36 10
46 28 28 15
21 23 32 34
31 22 24 18
41 27 47 4
31 25 45 2
33 45 33 13
27 22 12 23
29 23 20 23
32 22 42 24
49 35 35 28
3 4 32 15
24 20 29 22
30 23 22 12
8 26 23 20
47 27 49 15
28 31 49 7
32 23 22 29
31 24 22 11
31 23 36 16
32 26 5 28
22 11 35 16
31 4 41 16
46 23 2 23
23 8 26 25
26 25 12 42
32 23 39 19
21 22 40 10
40 30 37 0
9 18 31 19
7 8 4 20
11 37 11 2
28 27 48 10
11 47 9 26
31 26 32 16
13 8 39 31
15 32 30 14
47 28 45 7
26 20 34 34
22 10 36 10
20 36 27 24
29 25 38 8
3 27 38 38
31 22 30 13
32 33 46 16
29 26 1 21
29 24 25 9
47 27 34 18
42 14 31 29
42 27 3 6
45 17 38 14
27 12 17 19
33 22 6 6
29 21 13 35
32 11 11 12
45 28 29 14
30 23 5 10
39 20 14 26
28 21 39 18
42 28 15 5
30 25 38 41
35 22 31 33
12 1 20 22
29 23 16 42
28 7 36 19
19 10 27 11
31 7 16 35
42 24 22 17
42 28 48 8
27 25 34 20
25 17 13 24
27 23 18 20
15 18 12 39
24 18 34 6
44 30 0 14
13 33 5 4
30 21 13 34
32 27 26 18
28 26 34 14
29 25 10 14
33 25 42 12
30 24 44 22
38 10 34 17
47 24 7 21
12 23 4 22
43 27 32 16
27 10 33 19
45 29 46 38
43 27 47 43
39 16 43 23
41 43 10 16
21 22 19 37
21 11 28 6
30 27 2 37
45 28 49 15
46 29 11 6
28 28 34 16
44 26 19 2
38 9 6 43
37 3 45 34
23 1 25 22
43 32 30 17
26 29 39 33
30 17 37 14
44 17 23 15
29 22 13 27
16 22 30 9
30 6 5 15
11 4 33 17
46 29 15 19
25 24 28 29
25 26 11 43
33 24 47 8
20 23 29 16
18 25 13 37
29 3 49 15
28 20 34 34
20 12 14 13
34 23 46 20
47 31 33 17
21 10 35 20
28 21 35 14
43 30 39 29
40 27 27 17
29 39 48 39
44 29 24 18
15 16 29 20
24 19 40 19
43 27 7 29
27 21 27 15
39 15 23 11
45 28 31 12
40 43 36 14
33 20 29 8
24 23 45 12
26 14 32 17
44 25 3 28
32 22 49 10
26 14 11 29
4 27 25 15
32 23 12 11
12 12 49 5
5 28 3 4
34 9 18 14
31 20 5 37
44 29 25 19
35 27 26 15
31 21 13 31
27 24 22 3
21 16 32 15
11 24 14 36
18 14 29 15
24 10 10 25
5 4 0 34
44 28 35 16
11 2 21 19
31 27 15 15
33 18 0 41
44 31 34 13
17 13 11 6
40 29 14 29
5 7 23 20
17 26 10 34
27 31 5 38
19 31 23 22
27 17 13 22
9 26 22 21
9 18 23 19
22 36 41 24
41 6 11 19
30 24 49 37
29 20 19 34
34 31 4 0
33 26 33 45
14 11 42 29
40 10 9 41
13 39 40 33
47 31 32 16
28 23 1 27
28 34 38 10
17 32 34 18
28 35 15 13
44 28 28 8
32 21 30 24
12 34 19 8
25 19 39 16
45 26 24 19
31 25 2 26
33 19 48 10
46 29 26 14
43 27 25 15
32 26 28 20
35 29 8 39
23 29 38 25
13 9 22 19
34 36 40 18
29 22 39 38
21 3 41 36
28 22 23 14
33 0 8 8
44 26 39 31
5 27 49 34
42 27 3 13
36 13 5 15
33 27 38 10
44 30 25 15
19 21 11 33
27 25 8 0
4 13 26 22
46 28 3 6
47 25 11 19
30 24 24 14
28 26 15 20
32 24 44 9
16 11 36 17
26 27 18 35
36 44 45 17
26 27 34 21
12 16 33 12
43 30 21 12
16 10 19 17
32 27 11 7
42 30 36 14
39 5 1 15
44 29 18 37
14 2 34 13
22 15 17 38
31 4 45 6
36 29 45 44
27 11 48 8
26 8 46 22
39 0 11 21
30 19 4 38
12 6 24 34
39 19 3 10
7 4 10 7
24 25 16 36
17 18 13 34
27 8 49 8
30 22 36 29
25 34 21 13
30 10 12 11
9 4 38 16
29 8 41 1
7 13 12 31
14 0 48 9
1 27 41 43
30 26 44 12
44 29 28 15
15 8 36 18
25 7 5 38
30 41 40 11
23 0 35 10
21 37 21 25
46 33 36 21
31 26 38 20
10 47 49 21
30 21 2 16
29 25 14 33
44 30 38 18
45 31 18 20
31 26 44 17
43 9 29 16
25 48 32 19
13 11 41 8
3 40 7 23
4 0 19 14
25 28 41 40
15 19 26 12
26 23 10 10
30 21 30 13
21 1 25 35
8 27 45 11
29 21 14 19
15 15 48 8
12 26 20 16
31 21 33 12
48 29 41 31
27 24 13 20
22 33 22 45
43 30 36 16
31 19 20 3
40 11 25 19
18 22 10 37
35 25 11 8
28 25 36 17
26 21 38 20
43 26 2 23
46 28 9 25
32 21 47 11
0 6 20 12
25 25 16 1
29 21 42 43
32 22 36 4
28 19 18 16
22 24 34 16
19 3 27 13
46 33 23 17
24 32 4 28
48 30 16 7
24 4 47 4
31 26 14 13
21 29 20 8
39 9 39 28
28 34 31 11
22 24 39 46
31 24 17 22
44 38 10 19
13 0 49 12
26 25 48 9
27 25 27 9
38 20 6 7
45 9 37 32
27 21 22 17
22 13 44 12
32 23 11 17
27 23 8 8
4 18 35 14
25 15 23 22
25 22 35 30
34 10 12 20
29 28 31 16
32 6 35 2
27 21 7 14
41 26 5 33
20 1 9 30
23 31 28 11
30 5 12 13
19 8 31 16
43 29 10 23
15 14 11 23
34 28 29 14
31 20 31 4
27 27 23 20
44 25 25 7
32 4 49 10
25 9 29 6
32 25 18 33
28 23 44 6
16 5 25 37
0 23 34 4
29 22 33 16
33 24 28 12
24 17 35 20
15 0 9 19
20 23 41 9
20 33 31 18
29 19 45 9
27 39 32 17
21 32 26 17
32 17 14 38
40 17 36 28
31 22 14 18
5 48 16 9
23 23 17 6
33 14 21 9
22 13 11 10
22 12 37 20
27 22 9 24
34 31 27 21
16 26 10 7
30 11 8 30
25 25 47 17
29 27 36 14
40 5 22 30
11 2 35 11
24 42 10 48
10 28 30 21
21 6 3 7
43 29 32 19
20 24 34 21
3 8 19 23
34 25 32 15
30 31 28 19
12 9 17 22
38 4 17 25
20 32 23 19
28 23 32 16
29 24 13 37
25 6 15 28
4 6 42 18
44 28 44 21
31 26 17 34
25 32 8 19
19 8 19 13
15 29 2 28
32 3 12 33
22 2 38 18
10 30 2 35
14 12 40 20
27 22 31 16
34 21 16 6
35 18 32 14
25 42 30 20
42 6 23 16
20 22 38 19
32 25 0 16
29 34 15 26
30 20 33 22
28 22 11 27
23 26 22 8
43 27 32 16
6 37 25 25
8 18 5 29
26 7 10 10
28 22 7 3
23 11 37 8
40 27 45 11
34 38 41 21
27 22 38 27
27 22 16 39
29 25 9 16
29 17 36 16
27 28 29 17
6 5 27 11
28 24 2 5
47 30 41 18
24 9 17 17
29 6 40 18
28 22 8 39
6 10 29 17
43 27 39 10
25 31 11 44
25 6 5 28
29 25 6 28
21 6 47 36
20 29 12 16
9 8 43 12
44 27 22 40
11 5 33 17
31 24 2 29
5 9 19 31
24 20 31 17
29 21 13 28
8 22 10 48
30 20 46 23
22 21 32 21
30 17 12 33
31 19 45 8
28 21 47 9
17 18 21 10
30 23 32 10
43 4 29 13
45 28 49 21
12 26 12 10
21 28 26 17
30 25 25 15
32 21 1 32
25 17 29 20
43 25 36 17
39 23 18 14
30 27 48 14
33 26 46 29
30 22 11 8
46 29 34 19
17 6 31 16
29 23 26 15
