38 5
37 27
37 22
37 18
37 15
37 9
36 28
36 21
36 19
36 17
36 14
36 12
36 10
36 2
35 38
35 27
35 25
35 23
35 20
37 6
35 16
35 13
35 11
35 7
35 3
35 1
34 37
34 35
34 26
34 24
34 22
34 19
34 17
34 14
34 12
34 4
33 36
33 34
33 32
33 28
33 25
33 23
33 20
33 18
33 13
33 11
33 8
33 1
32 38
32 35
32 33
32 24
32 19
32 14
32 12
32 10
32 7
32 4
31 37
31 34
31 32
31 23
31 20
31 15
31 13
31 1
30 33
30 31
30 29
30 22
30 16
30 14
30 9
29 34
29 28
29 26
29 24
29 15
29 10
29 8
29 2
28 27
28 25
28 21
28 9
28 3
27 26
27 22
27 20
27 13
27 10
27 2
26 32
26 25
26 23
26 21
26 19
26 15
26 12
26 6
26 3
25 33
25 31
25 26
25 24
25 20
25 18
25 14
25 2
24 32
24 25
24 19
24 9
24 7
24 3
24 1
23 34
23 30
23 26
35 18
23 14
23 11
23 8
23 6
22 38
22 29
22 27
22 25
22 22
22 20
22 13
22 7
21 34
21 30
21 26
21 21
21 14
21 11
21 3
20 38
20 32
20 25
20 22
20 20
20 17
20 15
20 10
20 7
20 2
19 31
19 28
19 26
19 23
19 21
19 19
19 16
19 13
19 11
19 3
19 1
18 38
18 32
18 10
18 5
18 2
17 37
17 34
17 25
17 23
17 16
17 11
17 9
16 38
16 33
16 30
16 26
16 24
16 22
16 19
16 10
16 8
16 5
15 37
15 35
15 29
15 27
15 25
15 23
15 9
14 38
14 34
14 31
14 24
14 22
14 19
14 14
14 11
14 8
14 5
14 1
13 33
13 30
13 23
13 20
13 17
13 15
13 9
12 37
12 29
12 24
12 13
12 8
12 5
11 36
11 33
11 30
11 22
11 20
11 17
37 11
11 7
11 1
10 37
10 34
10 32
10 28
10 21
10 19
10 13
10 10
10 8
10 6
10 2
9 38
9 31
9 27
9 25
9 22
9 18
9 14
9 9
8 37
8 26
8 24
8 15
8 8
7 38
7 36
7 30
7 25
7 23
7 16
7 7
6 24
6 17
6 15
6 9
6 3
6 1
5 36
5 32
5 30
5 23
5 16
5 11
5 5
4 29
4 24
4 22
4 17
4 15
4 10
4 7
4 4
3 36
3 28
3 14
3 11
2 37
2 29
2 26
2 21
2 13
2 10
2 8
2 4
1 25
1 22
1 20
1 18
1 14
1 9
1 7
1 5
1 3
11 9
37 20
38 2
38 8
38 10
37 36
36 35
36 33
30 5
29 36
27 39
27 38
27 29
25 39
25 35
25 28
23 16
22 17
20 36
19 34
16 14
14 3
11 39
7 34
38 14
7 20
7 11
4 2
3 39
3 32
3 0
2 1
1 39
1 33
1 16
1 1
0 38
0 35
0 33
0 31
0 27
0 16
38 19
38 23
38 27
28 38
26 38
1 34
1 32
35 39
33 0
38 1
38 3
31 0
30 30
31 29
29 30
25 12
25 13
25 11
23 32
21 7
14 17
15 1
21 8
21 6
22 19
11 0
22 11
21 32
22 12
22 10
18 16
19 0
17 2
18 17
18 15
0 18
0 20
16 39
14 39
14 0
15 5
4 32
15 6
15 4
9 39
2 35
3 34
9 1
8 2
10 5
9 30
3 35
9 2
38 4
7 39
32 26
33 27
7 22
38 29
28 19
33 26
28 20
2 17
38 37
2 18
0 22
0 25
27 5
28 6
27 6
21 1
1 2
1 0
0 5
21 2
0 3
22 4
30 4
4 3
21 4
2 20
29 37
39 5
7 35
8 3
20 34
17 14
7 3
3 37
8 11
38 21
37 16
37 21
29 22
37 17
28 22
12 26
4 19
35 36
3 19
39 10
38 24
38 26
39 1
34 10
38 12
39 14
37 24
31 28
11 26
31 18
18 7
23 33
35 5
34 21
32 31
30 21
34 36
32 32
34 11
21 33
32 22
35 15
34 5
34 20
37 12
19 7
17 3
7 27
8 28
32 6
10 30
32 9
27 18
32 18
30 20
31 11
8 27
31 3
32 23
9 5
32 8
30 35
1 28
0 29
29 32
29 13
30 27
32 5
35 14
26 18
1 29
32 11
29 27
30 32
38 28
25 22
29 14
26 1
28 1
32 3
24 17
27 8
18 29
30 34
26 22
27 9
28 2
26 2
24 18
18 28
23 2
19 9
21 39
26 27
26 26
19 10
22 24
21 38
11 2
24 2
25 6
39 17
22 15
20 24
23 28
18 20
20 23
22 14
22 23
22 28
39 19
24 6
19 20
14 36
15 36
12 19
16 21
16 20
12 20
12 32
9 36
17 18
12 17
3 22
12 33
9 37
14 21
12 11
16 28
14 26
16 18
2 22
14 13
7 18
12 12
15 26
10 17
39 23
8 19
9 12
13 25
14 20
9 19
14 12
8 32
9 13
10 24
7 17
9 17
13 4
6 29
6 13
14 10
13 24
10 25
5 28
15 28
6 30
9 32
5 25
37 7
14 9
13 5
6 14
37 8
4 28
5 24
8 6
4 6
5 38
8 7
5 37
4 5
3 7
37 14
2 7
4 13
4 14
37 10
6 32
9 28
37 19
39 25
39 27
39 29
39 36
14 2
15 2
23 22
25 9
11 8
21 15
23 15
37 28
27 32
12 36
7 31
8 31
8 30
7 33
8 33
2 25
5 17
19 38
20 28
5 15
9 8
18 23
2 30
4 36
15 8
19 12
16 16
7 15
33 2
3 29
23 7
6 16
9 26
26 20
30 6
31 6
31 7
32 20
11 13
20 16
9 15
21 22
36 1
37 1
37 2
11 21
9 21
33 6
33 7
34 7
34 8
35 8
24 8
17 10
3 15
15 19
35 29
35 30
0 23
0 24
1 23
1 24
3 10
16 23
36 11
10 7
33 30
35 28
34 28
34 31
34 27
19 22
7 37
11 5
11 6
12 6
12 7
1 8
7 24
16 29
17 29
17 30
16 27
8 25
34 18
36 18
2 5
29 9
13 16
14 15
14 16
26 30
36 29
36 30
33 31
23 17
25 17
0 19
1 19
5 34
19 2
33 19
9 34
18 31
19 29
19 30
20 30
20 31
21 31
3 23
3 24
4 23
35 33
35 32
34 32
31 30
31 31
34 23
2 9
34 3
34 30
1 36
8 16
21 17
15 13
15 14
13 13
13 14
12 14
12 15
11 15
11 16
10 16
33 29
10 18
11 18
11 19
36 25
37 25
37 26
13 18
13 19
14 18
23 31
24 31
24 30
25 30
25 29
26 29
5 21
5 20
26 33
19 27
0 4
1 4
14 23
28 31
29 31
28 33
28 34
29 33
0 26
1 26
4 30
4 31
5 31
13 27
12 28
33 12
0 21
1 21
32 13
17 21
17 22
18 21
38 35
21 24
21 25
13 8
35 17
35 19
27 0
27 1
0 17
1 17
11 37
23 0
21 27
31 33
36 3
25 32
33 14
28 28
28 29
29 29
15 21
15 22
0 6
0 7
1 6
5 22
6 22
6 23
27 21
3 21
4 21
4 20
22 33
22 34
29 25
26 31
35 26
27 25
4 33
4 34
5 33
22 5
22 6
23 5
4 18
10 20
13 38
23 24
23 25
24 23
24 24
25 23
25 27
27 27
20 33
13 28
13 29
14 29
14 30
15 30
14 6
14 7
16 6
16 7
15 31
16 31
16 32
17 32
17 33
18 33
18 34
36 27
6 18
8 18
8 20
10 29
11 28
11 29
15 24
32 34
23 12
23 13
24 13
24 14
17 1
18 0
18 1
29 16
27 23
2 2
2 3
3 3
3 4
25 25
3 17
8 14
29 11
12 30
12 27
19 18
19 17
20 18
20 19
21 19
21 20
24 4
10 27
18 11
17 26
18 25
18 26
19 24
19 25
0 2
4 11
5 35
6 35
6 36
13 21
13 22
12 22
12 23
11 23
11 24
6 20
17 24
0 36
0 37
1 37
26 13
26 14
27 14
27 15
28 15
34 13
39 28
8 22
8 23
9 23
9 24
25 15
2 34
23 20
23 19
24 20
24 21
25 21
30 1
17 19
18 19
17 17
16 25
35 12
13 31
13 32
14 32
14 33
15 33
15 34
16 34
16 35
17 35
17 36
18 36
18 37
24 36
25 36
25 37
26 37
37 32
38 31
31 14
22 3
23 3
35 22
35 21
36 22
36 23
37 23
26 39
39 26
10 31
11 31
11 32
14 27
12 25
14 25
10 35
10 36
11 34
11 35
8 35
8 36
10 14
10 11
10 12
11 10
11 11
0 12
27 35
27 36
38 39
12 0
12 1
13 0
13 1
2 36
30 38
30 37
31 38
31 39
32 39
28 37
15 0
16 0
33 24
16 37
15 38
15 39
20 13
19 14
19 15
20 14
21 12
21 13
38 18
39 18
20 35
21 35
24 33
24 34
25 34
33 33
23 9
23 10
24 10
24 11
26 10
26 11
27 11
27 12
5 0
20 0
20 1
36 15
36 16
38 34
39 34
39 35
33 16
33 17
34 15
34 16
30 17
31 16
31 17
33 35
36 13
22 26
8 12
6 11
5 10
6 10
4 9
5 9
3 8
4 8
9 10
8 10
8 9
7 9
7 8
6 8
6 7
5 7
5 6
3 6
33 21
33 22
5 3
5 4
6 4
6 5
7 5
7 6
9 6
22 21
20 21
20 6
9 4
36 9
29 35
22 0
22 1
23 1
38 16
38 15
39 15
39 16
31 35
31 36
32 36
32 37
33 37
33 38
34 38
34 39
31 21
31 22
28 39
29 39
7 28
7 29
5 29
5 27
28 24
20 26
29 21
10 33
28 26
17 12
16 12
16 11
17 13
18 13
15 10
15 11
24 26
13 10
13 11
23 27
23 29
0 34
26 24
38 20
39 20
20 37
0 30
0 28
38 9
39 8
39 9
2 27
2 28
3 26
3 27
4 25
4 26
6 25
6 26
7 26
32 27
32 28
30 26
30 28
17 15
2 32
0 32
37 35
27 17
27 19
28 17
29 18
29 19
22 30
12 4
12 3
14 4
29 23
30 23
30 24
31 24
31 25
32 25
10 9
12 9
12 38
12 39
13 39
37 31
25 19
23 35
26 4
25 5
26 5
25 1
25 7
26 7
26 8
17 5
0 15
0 14
1 15
28 7
28 8
29 7
5 12
5 13
10 22
24 0
34 34
21 10
29 3
28 4
28 5
29 4
17 8
18 8
18 9
20 8
20 9
34 25
20 3
20 39
22 39
32 0
32 1
30 10
31 9
31 10
20 11
38 32
36 38
36 39
37 37
37 38
17 38
17 39
18 39
4 16
39 37
35 4
19 4
18 4
18 3
19 5
16 3
16 4
35 6
36 6
36 7
38 7
38 6
39 6
8 1
7 1
35 2
3 13
3 12
2 12
2 11
1 11
1 10
0 10
0 9
39 4
13 34
13 35
14 35
14 37
13 37
39 30
38 30
37 33
39 24
29 1
29 0
30 0
37 4
37 5
6 2
7 13
31 19
34 1
34 0
35 0
21 29
1 13
35 35
35 37
18 6
22 8
39 22
38 22
24 39
24 38
23 38
23 37
22 37
22 36
35 24
19 32
39 11
38 11
38 13
39 13
30 2
31 2
5 1
4 1
4 0
10 1
10 0
31 4
25 3
16 9
32 15
30 15
30 8
27 3
28 13
30 13
30 12
31 12
33 9
33 10
35 10
6 0
2 38
2 39
8 38
8 39
28 10
26 16
33 4
36 20
2 0
0 0
6 39
6 38
4 38
4 39
39 0
39 2
10 38
10 39
2 14
0 39
10 3
